Open,High,Low,Close,Volume,Dividends,Stock Splits,Ticker,Date,Sector
0.25999999046325684,0.30000001192092896,0.23499999940395355,0.24500000476837158,3144950,0.0,0.0,BVR,2022-05-25 00:00:00+10:00,Materials
0.2549999952316284,0.2549999952316284,0.23999999463558197,0.24500000476837158,1371184,0.0,0.0,BVR,2022-05-26 00:00:00+10:00,Materials
0.25,0.25,0.24500000476837158,0.25,500434,0.0,0.0,BVR,2022-05-27 00:00:00+10:00,Materials
0.2549999952316284,0.26499998569488525,0.25,0.2549999952316284,417171,0.0,0.0,BVR,2022-05-30 00:00:00+10:00,Materials
0.25999999046325684,0.3499999940395355,0.2549999952316284,0.3050000071525574,1677643,0.0,0.0,BVR,2022-05-31 00:00:00+10:00,Materials
0.3149999976158142,0.3499999940395355,0.3100000023841858,0.3499999940395355,795191,0.0,0.0,BVR,2022-06-01 00:00:00+10:00,Materials
0.3499999940395355,0.36000001430511475,0.3149999976158142,0.3149999976158142,269102,0.0,0.0,BVR,2022-06-02 00:00:00+10:00,Materials
0.3149999976158142,0.3449999988079071,0.3100000023841858,0.3400000035762787,270742,0.0,0.0,BVR,2022-06-03 00:00:00+10:00,Materials
0.3400000035762787,0.3499999940395355,0.3400000035762787,0.3400000035762787,77854,0.0,0.0,BVR,2022-06-06 00:00:00+10:00,Materials
0.3400000035762787,0.3400000035762787,0.2849999964237213,0.2849999964237213,492695,0.0,0.0,BVR,2022-06-07 00:00:00+10:00,Materials
0.29499998688697815,0.30000001192092896,0.29499998688697815,0.30000001192092896,136049,0.0,0.0,BVR,2022-06-08 00:00:00+10:00,Materials
0.3100000023841858,0.3199999928474426,0.28999999165534973,0.28999999165534973,159141,0.0,0.0,BVR,2022-06-09 00:00:00+10:00,Materials
0.28999999165534973,0.29499998688697815,0.28999999165534973,0.29499998688697815,94387,0.0,0.0,BVR,2022-06-10 00:00:00+10:00,Materials
0.2549999952316284,0.25999999046325684,0.25,0.25999999046325684,227944,0.0,0.0,BVR,2022-06-14 00:00:00+10:00,Materials
0.2549999952316284,0.2549999952316284,0.23000000417232513,0.23000000417232513,273386,0.0,0.0,BVR,2022-06-15 00:00:00+10:00,Materials
0.23999999463558197,0.25,0.23999999463558197,0.25,130476,0.0,0.0,BVR,2022-06-16 00:00:00+10:00,Materials
0.25,0.25,0.25,0.25,24000,0.0,0.0,BVR,2022-06-17 00:00:00+10:00,Materials
0.23999999463558197,0.24500000476837158,0.23499999940395355,0.23499999940395355,72054,0.0,0.0,BVR,2022-06-20 00:00:00+10:00,Materials
0.24500000476837158,0.25,0.24500000476837158,0.25,15000,0.0,0.0,BVR,2022-06-21 00:00:00+10:00,Materials
0.25,0.25,0.23499999940395355,0.23499999940395355,73465,0.0,0.0,BVR,2022-06-22 00:00:00+10:00,Materials
0.23999999463558197,0.23999999463558197,0.23000000417232513,0.23000000417232513,28359,0.0,0.0,BVR,2022-06-23 00:00:00+10:00,Materials
0.23000000417232513,0.23000000417232513,0.23000000417232513,0.23000000417232513,0,0.0,0.0,BVR,2022-06-24 00:00:00+10:00,Materials
0.2199999988079071,0.2199999988079071,0.20499999821186066,0.20499999821186066,270622,0.0,0.0,BVR,2022-06-27 00:00:00+10:00,Materials
0.2199999988079071,0.2199999988079071,0.20499999821186066,0.20999999344348907,15931,0.0,0.0,BVR,2022-06-28 00:00:00+10:00,Materials
0.20999999344348907,0.20999999344348907,0.20000000298023224,0.20499999821186066,440965,0.0,0.0,BVR,2022-06-29 00:00:00+10:00,Materials
0.20499999821186066,0.22750000655651093,0.20000000298023224,0.2199999988079071,156000,0.0,0.0,BVR,2022-06-30 00:00:00+10:00,Materials
0.2199999988079071,0.2199999988079071,0.20000000298023224,0.20000000298023224,30615,0.0,0.0,BVR,2022-07-01 00:00:00+10:00,Materials
0.2150000035762787,0.2150000035762787,0.2150000035762787,0.2150000035762787,10000,0.0,0.0,BVR,2022-07-04 00:00:00+10:00,Materials
0.20999999344348907,0.2199999988079071,0.20999999344348907,0.2199999988079071,40935,0.0,0.0,BVR,2022-07-05 00:00:00+10:00,Materials
0.20999999344348907,0.20999999344348907,0.20999999344348907,0.20999999344348907,35578,0.0,0.0,BVR,2022-07-06 00:00:00+10:00,Materials
0.20999999344348907,0.20999999344348907,0.20999999344348907,0.20999999344348907,14285,0.0,0.0,BVR,2022-07-07 00:00:00+10:00,Materials
0.20999999344348907,0.2150000035762787,0.20499999821186066,0.2150000035762787,220302,0.0,0.0,BVR,2022-07-08 00:00:00+10:00,Materials
0.20999999344348907,0.20999999344348907,0.20499999821186066,0.20499999821186066,29698,0.0,0.0,BVR,2022-07-11 00:00:00+10:00,Materials
0.20999999344348907,0.20999999344348907,0.20000000298023224,0.20000000298023224,23551,0.0,0.0,BVR,2022-07-12 00:00:00+10:00,Materials
0.1899999976158142,0.19499999284744263,0.17000000178813934,0.19499999284744263,110644,0.0,0.0,BVR,2022-07-13 00:00:00+10:00,Materials
0.19499999284744263,0.19499999284744263,0.19499999284744263,0.19499999284744263,0,0.0,0.0,BVR,2022-07-14 00:00:00+10:00,Materials
0.19499999284744263,0.19499999284744263,0.19499999284744263,0.19499999284744263,0,0.0,0.0,BVR,2022-07-15 00:00:00+10:00,Materials
0.20000000298023224,0.20000000298023224,0.19499999284744263,0.19499999284744263,47622,0.0,0.0,BVR,2022-07-18 00:00:00+10:00,Materials
0.19499999284744263,0.19499999284744263,0.1899999976158142,0.1899999976158142,71115,0.0,0.0,BVR,2022-07-19 00:00:00+10:00,Materials
0.1899999976158142,0.1899999976158142,0.1850000023841858,0.1850000023841858,40096,0.0,0.0,BVR,2022-07-20 00:00:00+10:00,Materials
0.1850000023841858,0.1850000023841858,0.1850000023841858,0.1850000023841858,0,0.0,0.0,BVR,2022-07-21 00:00:00+10:00,Materials
0.18000000715255737,0.18000000715255737,0.18000000715255737,0.18000000715255737,4000,0.0,0.0,BVR,2022-07-22 00:00:00+10:00,Materials
0.18000000715255737,0.1899999976158142,0.18000000715255737,0.18000000715255737,123291,0.0,0.0,BVR,2022-07-25 00:00:00+10:00,Materials
0.18000000715255737,0.18000000715255737,0.18000000715255737,0.18000000715255737,24000,0.0,0.0,BVR,2022-07-26 00:00:00+10:00,Materials
0.18000000715255737,0.18000000715255737,0.18000000715255737,0.18000000715255737,0,0.0,0.0,BVR,2022-07-27 00:00:00+10:00,Materials
0.1899999976158142,0.1899999976158142,0.1899999976158142,0.1899999976158142,29176,0.0,0.0,BVR,2022-07-28 00:00:00+10:00,Materials
0.20000000298023224,0.2199999988079071,0.20000000298023224,0.2199999988079071,60000,0.0,0.0,BVR,2022-07-29 00:00:00+10:00,Materials
0.2150000035762787,0.23000000417232513,0.2150000035762787,0.23000000417232513,20000,0.0,0.0,BVR,2022-08-01 00:00:00+10:00,Materials
0.22499999403953552,0.25,0.22499999403953552,0.25,91000,0.0,0.0,BVR,2022-08-02 00:00:00+10:00,Materials
0.2199999988079071,0.2199999988079071,0.2199999988079071,0.2199999988079071,20000,0.0,0.0,BVR,2022-08-03 00:00:00+10:00,Materials
0.24500000476837158,0.24500000476837158,0.22499999403953552,0.23000000417232513,39936,0.0,0.0,BVR,2022-08-04 00:00:00+10:00,Materials
0.23999999463558197,0.2549999952316284,0.23499999940395355,0.25,348537,0.0,0.0,BVR,2022-08-05 00:00:00+10:00,Materials
0.2549999952316284,0.25999999046325684,0.25,0.25,432385,0.0,0.0,BVR,2022-08-08 00:00:00+10:00,Materials
0.2549999952316284,0.2549999952316284,0.23999999463558197,0.25,346662,0.0,0.0,BVR,2022-08-09 00:00:00+10:00,Materials
0.25,0.25,0.25,0.25,140246,0.0,0.0,BVR,2022-08-10 00:00:00+10:00,Materials
0.25,0.26499998569488525,0.24500000476837158,0.25,365262,0.0,0.0,BVR,2022-08-11 00:00:00+10:00,Materials
0.25999999046325684,0.2849999964237213,0.25999999046325684,0.2849999964237213,200700,0.0,0.0,BVR,2022-08-12 00:00:00+10:00,Materials
0.28999999165534973,0.3050000071525574,0.28999999165534973,0.28999999165534973,293641,0.0,0.0,BVR,2022-08-15 00:00:00+10:00,Materials
0.28999999165534973,0.30000001192092896,0.2849999964237213,0.2849999964237213,222075,0.0,0.0,BVR,2022-08-16 00:00:00+10:00,Materials
0.2849999964237213,0.2849999964237213,0.25999999046325684,0.26499998569488525,135562,0.0,0.0,BVR,2022-08-17 00:00:00+10:00,Materials
0.26499998569488525,0.26499998569488525,0.2549999952316284,0.2549999952316284,35389,0.0,0.0,BVR,2022-08-18 00:00:00+10:00,Materials
0.25999999046325684,0.26499998569488525,0.25999999046325684,0.26499998569488525,61926,0.0,0.0,BVR,2022-08-19 00:00:00+10:00,Materials
0.26499998569488525,0.26499998569488525,0.25,0.25,82209,0.0,0.0,BVR,2022-08-22 00:00:00+10:00,Materials
0.25,0.25,0.25,0.25,20840,0.0,0.0,BVR,2022-08-23 00:00:00+10:00,Materials
0.25,0.25,0.25,0.25,66666,0.0,0.0,BVR,2022-08-24 00:00:00+10:00,Materials
0.23999999463558197,0.25,0.23999999463558197,0.25,7406,0.0,0.0,BVR,2022-08-25 00:00:00+10:00,Materials
0.25,0.25,0.25,0.25,115000,0.0,0.0,BVR,2022-08-26 00:00:00+10:00,Materials
0.25,0.25,0.2150000035762787,0.23999999463558197,89620,0.0,0.0,BVR,2022-08-29 00:00:00+10:00,Materials
0.24500000476837158,0.24500000476837158,0.22499999403953552,0.23749999701976776,13175,0.0,0.0,BVR,2022-08-30 00:00:00+10:00,Materials
0.23499999940395355,0.23499999940395355,0.23499999940395355,0.23499999940395355,42500,0.0,0.0,BVR,2022-08-31 00:00:00+10:00,Materials
0.25,0.25,0.23499999940395355,0.23499999940395355,28118,0.0,0.0,BVR,2022-09-01 00:00:00+10:00,Materials
0.25999999046325684,0.26499998569488525,0.23499999940395355,0.25,39536,0.0,0.0,BVR,2022-09-02 00:00:00+10:00,Materials
0.26249998807907104,0.26249998807907104,0.23999999463558197,0.23999999463558197,63158,0.0,0.0,BVR,2022-09-05 00:00:00+10:00,Materials
0.23999999463558197,0.25,0.23999999463558197,0.2475000023841858,96315,0.0,0.0,BVR,2022-09-06 00:00:00+10:00,Materials
0.2475000023841858,0.25,0.24500000476837158,0.2475000023841858,101681,0.0,0.0,BVR,2022-09-07 00:00:00+10:00,Materials
0.25,0.25,0.23000000417232513,0.23000000417232513,144853,0.0,0.0,BVR,2022-09-08 00:00:00+10:00,Materials
0.22499999403953552,0.22499999403953552,0.20999999344348907,0.2150000035762787,1481,0.0,0.0,BVR,2022-09-09 00:00:00+10:00,Materials
0.2199999988079071,0.23000000417232513,0.2150000035762787,0.2199999988079071,55581,0.0,0.0,BVR,2022-09-12 00:00:00+10:00,Materials
0.2175000011920929,0.2199999988079071,0.20000000298023224,0.20000000298023224,148597,0.0,0.0,BVR,2022-09-13 00:00:00+10:00,Materials
0.20000000298023224,0.20000000298023224,0.18000000715255737,0.18000000715255737,48825,0.0,0.0,BVR,2022-09-14 00:00:00+10:00,Materials
0.1899999976158142,0.1899999976158142,0.1850000023841858,0.1899999976158142,85681,0.0,0.0,BVR,2022-09-15 00:00:00+10:00,Materials
0.1899999976158142,0.1899999976158142,0.1899999976158142,0.1899999976158142,0,0.0,0.0,BVR,2022-09-16 00:00:00+10:00,Materials
0.20000000298023224,0.20000000298023224,0.18000000715255737,0.18000000715255737,128306,0.0,0.0,BVR,2022-09-19 00:00:00+10:00,Materials
0.1899999976158142,0.1899999976158142,0.18000000715255737,0.18000000715255737,38500,0.0,0.0,BVR,2022-09-20 00:00:00+10:00,Materials
0.18000000715255737,0.18000000715255737,0.18000000715255737,0.18000000715255737,0,0.0,0.0,BVR,2022-09-21 00:00:00+10:00,Materials
0.1899999976158142,0.1899999976158142,0.18000000715255737,0.18000000715255737,34318,0.0,0.0,BVR,2022-09-23 00:00:00+10:00,Materials
0.17000000178813934,0.17000000178813934,0.16500000655651093,0.16500000655651093,53115,0.0,0.0,BVR,2022-09-26 00:00:00+10:00,Materials
0.18000000715255737,0.18000000715255737,0.18000000715255737,0.18000000715255737,2512,0.0,0.0,BVR,2022-09-27 00:00:00+10:00,Materials
0.18000000715255737,0.18000000715255737,0.18000000715255737,0.18000000715255737,25946,0.0,0.0,BVR,2022-09-28 00:00:00+10:00,Materials
0.19499999284744263,0.19499999284744263,0.19499999284744263,0.19499999284744263,15232,0.0,0.0,BVR,2022-09-29 00:00:00+10:00,Materials
0.19499999284744263,0.19499999284744263,0.19499999284744263,0.19499999284744263,0,0.0,0.0,BVR,2022-09-30 00:00:00+10:00,Materials
0.1899999976158142,0.1899999976158142,0.1899999976158142,0.1899999976158142,4097,0.0,0.0,BVR,2022-10-03 00:00:00+11:00,Materials
0.1899999976158142,0.1899999976158142,0.1899999976158142,0.1899999976158142,20903,0.0,0.0,BVR,2022-10-04 00:00:00+11:00,Materials
0.1850000023841858,0.1850000023841858,0.17000000178813934,0.17000000178813934,84840,0.0,0.0,BVR,2022-10-05 00:00:00+11:00,Materials
0.18000000715255737,0.1850000023841858,0.18000000715255737,0.1850000023841858,5555,0.0,0.0,BVR,2022-10-06 00:00:00+11:00,Materials
0.1850000023841858,0.1850000023841858,0.1850000023841858,0.1850000023841858,27794,0.0,0.0,BVR,2022-10-07 00:00:00+11:00,Materials
0.1899999976158142,0.1899999976158142,0.1850000023841858,0.1850000023841858,19282,0.0,0.0,BVR,2022-10-10 00:00:00+11:00,Materials
0.1850000023841858,0.1850000023841858,0.1850000023841858,0.1850000023841858,0,0.0,0.0,BVR,2022-10-11 00:00:00+11:00,Materials
0.1850000023841858,0.1850000023841858,0.1850000023841858,0.1850000023841858,0,0.0,0.0,BVR,2022-10-12 00:00:00+11:00,Materials
0.17499999701976776,0.17499999701976776,0.17499999701976776,0.17499999701976776,8000,0.0,0.0,BVR,2022-10-13 00:00:00+11:00,Materials
0.17000000178813934,0.17499999701976776,0.16500000655651093,0.16500000655651093,52025,0.0,0.0,BVR,2022-10-14 00:00:00+11:00,Materials
0.17499999701976776,0.1899999976158142,0.17499999701976776,0.18000000715255737,25644,0.0,0.0,BVR,2022-10-17 00:00:00+11:00,Materials
0.1850000023841858,0.1850000023841858,0.18000000715255737,0.1850000023841858,137000,0.0,0.0,BVR,2022-10-18 00:00:00+11:00,Materials
0.18000000715255737,0.1899999976158142,0.16500000655651093,0.1899999976158142,123063,0.0,0.0,BVR,2022-10-19 00:00:00+11:00,Materials
0.18000000715255737,0.1899999976158142,0.18000000715255737,0.1899999976158142,299226,0.0,0.0,BVR,2022-10-20 00:00:00+11:00,Materials
0.1899999976158142,0.2199999988079071,0.1899999976158142,0.2199999988079071,30046,0.0,0.0,BVR,2022-10-21 00:00:00+11:00,Materials
0.2199999988079071,0.23000000417232513,0.2199999988079071,0.23000000417232513,53366,0.0,0.0,BVR,2022-10-24 00:00:00+11:00,Materials
0.23000000417232513,0.23000000417232513,0.22499999403953552,0.23000000417232513,148197,0.0,0.0,BVR,2022-10-25 00:00:00+11:00,Materials
0.23499999940395355,0.23999999463558197,0.2199999988079071,0.23999999463558197,181829,0.0,0.0,BVR,2022-10-26 00:00:00+11:00,Materials
0.2199999988079071,0.22499999403953552,0.2199999988079071,0.2199999988079071,28115,0.0,0.0,BVR,2022-10-27 00:00:00+11:00,Materials
0.22499999403953552,0.23999999463558197,0.20000000298023224,0.2199999988079071,235710,0.0,0.0,BVR,2022-10-28 00:00:00+11:00,Materials
0.2199999988079071,0.23000000417232513,0.20000000298023224,0.23000000417232513,97783,0.0,0.0,BVR,2022-10-31 00:00:00+11:00,Materials
0.20499999821186066,0.23499999940395355,0.20000000298023224,0.23499999940395355,39425,0.0,0.0,BVR,2022-11-01 00:00:00+11:00,Materials
0.20999999344348907,0.2199999988079071,0.20499999821186066,0.20999999344348907,323665,0.0,0.0,BVR,2022-11-02 00:00:00+11:00,Materials
0.20000000298023224,0.20999999344348907,0.20000000298023224,0.20999999344348907,56948,0.0,0.0,BVR,2022-11-03 00:00:00+11:00,Materials
0.20999999344348907,0.20999999344348907,0.20999999344348907,0.20999999344348907,0,0.0,0.0,BVR,2022-11-04 00:00:00+11:00,Materials
0.20999999344348907,0.20999999344348907,0.20999999344348907,0.20999999344348907,86377,0.0,0.0,BVR,2022-11-07 00:00:00+11:00,Materials
0.20999999344348907,0.2150000035762787,0.20999999344348907,0.2150000035762787,123245,0.0,0.0,BVR,2022-11-08 00:00:00+11:00,Materials
0.2150000035762787,0.2199999988079071,0.2150000035762787,0.2199999988079071,135750,0.0,0.0,BVR,2022-11-09 00:00:00+11:00,Materials
0.2199999988079071,0.2800000011920929,0.2199999988079071,0.27000001072883606,197624,0.0,0.0,BVR,2022-11-10 00:00:00+11:00,Materials
0.27000001072883606,0.27000001072883606,0.23999999463558197,0.25,169811,0.0,0.0,BVR,2022-11-11 00:00:00+11:00,Materials
0.24500000476837158,0.27000001072883606,0.24500000476837158,0.24500000476837158,11030,0.0,0.0,BVR,2022-11-14 00:00:00+11:00,Materials
0.23499999940395355,0.23999999463558197,0.23499999940395355,0.23999999463558197,40065,0.0,0.0,BVR,2022-11-15 00:00:00+11:00,Materials
0.25,0.25,0.25,0.25,33150,0.0,0.0,BVR,2022-11-16 00:00:00+11:00,Materials
0.23999999463558197,0.25,0.23999999463558197,0.25,33300,0.0,0.0,BVR,2022-11-17 00:00:00+11:00,Materials
0.26499998569488525,0.2750000059604645,0.25999999046325684,0.27000001072883606,121357,0.0,0.0,BVR,2022-11-18 00:00:00+11:00,Materials
0.2750000059604645,0.2800000011920929,0.26499998569488525,0.26499998569488525,49810,0.0,0.0,BVR,2022-11-21 00:00:00+11:00,Materials
0.2800000011920929,0.2800000011920929,0.26499998569488525,0.26499998569488525,17000,0.0,0.0,BVR,2022-11-22 00:00:00+11:00,Materials
0.25999999046325684,0.25999999046325684,0.25999999046325684,0.25999999046325684,26885,0.0,0.0,BVR,2022-11-23 00:00:00+11:00,Materials
0.2549999952316284,0.30000001192092896,0.2549999952316284,0.30000001192092896,346240,0.0,0.0,BVR,2022-11-24 00:00:00+11:00,Materials
0.30000001192092896,0.30000001192092896,0.2800000011920929,0.29499998688697815,147084,0.0,0.0,BVR,2022-11-25 00:00:00+11:00,Materials
0.29499998688697815,0.29499998688697815,0.2800000011920929,0.2800000011920929,38000,0.0,0.0,BVR,2022-11-28 00:00:00+11:00,Materials
0.2800000011920929,0.2800000011920929,0.2549999952316284,0.25999999046325684,81230,0.0,0.0,BVR,2022-11-29 00:00:00+11:00,Materials
0.25999999046325684,0.28999999165534973,0.25999999046325684,0.28999999165534973,171629,0.0,0.0,BVR,2022-11-30 00:00:00+11:00,Materials
0.2849999964237213,0.2849999964237213,0.2800000011920929,0.2800000011920929,25273,0.0,0.0,BVR,2022-12-01 00:00:00+11:00,Materials
0.2800000011920929,0.2800000011920929,0.2800000011920929,0.2800000011920929,22107,0.0,0.0,BVR,2022-12-02 00:00:00+11:00,Materials
0.2800000011920929,0.35499998927116394,0.2800000011920929,0.3499999940395355,607135,0.0,0.0,BVR,2022-12-05 00:00:00+11:00,Materials
0.3400000035762787,0.4000000059604645,0.3100000023841858,0.3199999928474426,668898,0.0,0.0,BVR,2022-12-06 00:00:00+11:00,Materials
0.3199999928474426,0.3199999928474426,0.3199999928474426,0.3199999928474426,0,0.0,0.0,BVR,2022-12-07 00:00:00+11:00,Materials
0.3199999928474426,0.3199999928474426,0.3199999928474426,0.3199999928474426,0,0.0,0.0,BVR,2022-12-08 00:00:00+11:00,Materials
0.3199999928474426,0.3199999928474426,0.3199999928474426,0.3199999928474426,0,0.0,0.0,BVR,2022-12-09 00:00:00+11:00,Materials
0.3199999928474426,0.32499998807907104,0.27000001072883606,0.27000001072883606,149907,0.0,0.0,BVR,2022-12-12 00:00:00+11:00,Materials
0.2800000011920929,0.28999999165534973,0.25999999046325684,0.25999999046325684,358923,0.0,0.0,BVR,2022-12-13 00:00:00+11:00,Materials
0.23499999940395355,0.23499999940395355,0.21250000596046448,0.22499999403953552,474022,0.0,0.0,BVR,2022-12-14 00:00:00+11:00,Materials
0.22499999403953552,0.22499999403953552,0.20499999821186066,0.22499999403953552,59367,0.0,0.0,BVR,2022-12-15 00:00:00+11:00,Materials
0.22499999403953552,0.25,0.22499999403953552,0.23000000417232513,242341,0.0,0.0,BVR,2022-12-16 00:00:00+11:00,Materials
0.23499999940395355,0.23499999940395355,0.23000000417232513,0.23250000178813934,63142,0.0,0.0,BVR,2022-12-19 00:00:00+11:00,Materials
0.23499999940395355,0.23499999940395355,0.2199999988079071,0.2199999988079071,51214,0.0,0.0,BVR,2022-12-20 00:00:00+11:00,Materials
0.2199999988079071,0.2199999988079071,0.2199999988079071,0.2199999988079071,8500,0.0,0.0,BVR,2022-12-21 00:00:00+11:00,Materials
0.2199999988079071,0.23000000417232513,0.20000000298023224,0.20999999344348907,80810,0.0,0.0,BVR,2022-12-22 00:00:00+11:00,Materials
0.23000000417232513,0.23000000417232513,0.23000000417232513,0.23000000417232513,10500,0.0,0.0,BVR,2022-12-23 00:00:00+11:00,Materials
0.23000000417232513,0.23000000417232513,0.20999999344348907,0.23000000417232513,94895,0.0,0.0,BVR,2022-12-28 00:00:00+11:00,Materials
0.23000000417232513,0.25,0.23000000417232513,0.23999999463558197,215154,0.0,0.0,BVR,2022-12-29 00:00:00+11:00,Materials
0.23000000417232513,0.25,0.23000000417232513,0.25,223076,0.0,0.0,BVR,2022-12-30 00:00:00+11:00,Materials
0.25999999046325684,0.25999999046325684,0.23499999940395355,0.23499999940395355,71760,0.0,0.0,BVR,2023-01-03 00:00:00+11:00,Materials
0.23999999463558197,0.23999999463558197,0.23000000417232513,0.23000000417232513,10419,0.0,0.0,BVR,2023-01-04 00:00:00+11:00,Materials
0.23000000417232513,0.25,0.23000000417232513,0.25,9509,0.0,0.0,BVR,2023-01-05 00:00:00+11:00,Materials
0.23999999463558197,0.25,0.23999999463558197,0.25,418743,0.0,0.0,BVR,2023-01-06 00:00:00+11:00,Materials
0.23000000417232513,0.25,0.23000000417232513,0.25,8869,0.0,0.0,BVR,2023-01-09 00:00:00+11:00,Materials
0.25,0.25999999046325684,0.25,0.25999999046325684,101770,0.0,0.0,BVR,2023-01-10 00:00:00+11:00,Materials
0.25999999046325684,0.25999999046325684,0.25999999046325684,0.25999999046325684,8230,0.0,0.0,BVR,2023-01-11 00:00:00+11:00,Materials
0.25999999046325684,0.25999999046325684,0.25999999046325684,0.25999999046325684,2000,0.0,0.0,BVR,2023-01-12 00:00:00+11:00,Materials
0.25999999046325684,0.25999999046325684,0.25999999046325684,0.25999999046325684,50121,0.0,0.0,BVR,2023-01-13 00:00:00+11:00,Materials
0.25999999046325684,0.25999999046325684,0.25999999046325684,0.25999999046325684,5384,0.0,0.0,BVR,2023-01-16 00:00:00+11:00,Materials
0.25999999046325684,0.25999999046325684,0.25999999046325684,0.25999999046325684,0,0.0,0.0,BVR,2023-01-17 00:00:00+11:00,Materials
0.26499998569488525,0.26499998569488525,0.25999999046325684,0.25999999046325684,23319,0.0,0.0,BVR,2023-01-18 00:00:00+11:00,Materials
0.25999999046325684,0.25999999046325684,0.2199999988079071,0.2199999988079071,153594,0.0,0.0,BVR,2023-01-19 00:00:00+11:00,Materials
0.2199999988079071,0.22499999403953552,0.2199999988079071,0.2199999988079071,10067,0.0,0.0,BVR,2023-01-20 00:00:00+11:00,Materials
0.2199999988079071,0.2199999988079071,0.2199999988079071,0.2199999988079071,50000,0.0,0.0,BVR,2023-01-23 00:00:00+11:00,Materials
0.23999999463558197,0.23999999463558197,0.2199999988079071,0.2199999988079071,66080,0.0,0.0,BVR,2023-01-24 00:00:00+11:00,Materials
0.20999999344348907,0.20999999344348907,0.20999999344348907,0.20999999344348907,666,0.0,0.0,BVR,2023-01-25 00:00:00+11:00,Materials
0.20999999344348907,0.20999999344348907,0.20999999344348907,0.20999999344348907,6475,0.0,0.0,BVR,2023-01-27 00:00:00+11:00,Materials
0.20999999344348907,0.20999999344348907,0.20000000298023224,0.20000000298023224,35210,0.0,0.0,BVR,2023-01-30 00:00:00+11:00,Materials
0.20000000298023224,0.2199999988079071,0.20000000298023224,0.2199999988079071,75411,0.0,0.0,BVR,2023-01-31 00:00:00+11:00,Materials
0.23000000417232513,0.23000000417232513,0.2199999988079071,0.2199999988079071,95343,0.0,0.0,BVR,2023-02-01 00:00:00+11:00,Materials
0.23000000417232513,0.23000000417232513,0.23000000417232513,0.23000000417232513,15261,0.0,0.0,BVR,2023-02-02 00:00:00+11:00,Materials
0.23000000417232513,0.23000000417232513,0.23000000417232513,0.23000000417232513,0,0.0,0.0,BVR,2023-02-03 00:00:00+11:00,Materials
0.23000000417232513,0.23000000417232513,0.20000000298023224,0.20000000298023224,25427,0.0,0.0,BVR,2023-02-06 00:00:00+11:00,Materials
0.20000000298023224,0.20000000298023224,0.20000000298023224,0.20000000298023224,0,0.0,0.0,BVR,2023-02-07 00:00:00+11:00,Materials
0.20499999821186066,0.20499999821186066,0.19499999284744263,0.19499999284744263,5955,0.0,0.0,BVR,2023-02-08 00:00:00+11:00,Materials
0.20000000298023224,0.2150000035762787,0.20000000298023224,0.2150000035762787,135098,0.0,0.0,BVR,2023-02-09 00:00:00+11:00,Materials
0.2150000035762787,0.2150000035762787,0.2150000035762787,0.2150000035762787,0,0.0,0.0,BVR,2023-02-10 00:00:00+11:00,Materials
0.2150000035762787,0.2150000035762787,0.2150000035762787,0.2150000035762787,0,0.0,0.0,BVR,2023-02-13 00:00:00+11:00,Materials
0.2150000035762787,0.2150000035762787,0.17499999701976776,0.17499999701976776,43115,0.0,0.0,BVR,2023-02-14 00:00:00+11:00,Materials
0.18000000715255737,0.2150000035762787,0.18000000715255737,0.2150000035762787,125978,0.0,0.0,BVR,2023-02-15 00:00:00+11:00,Materials
0.2150000035762787,0.2150000035762787,0.2150000035762787,0.2150000035762787,4590,0.0,0.0,BVR,2023-02-16 00:00:00+11:00,Materials
0.2150000035762787,0.2150000035762787,0.2150000035762787,0.2150000035762787,457,0.0,0.0,BVR,2023-02-17 00:00:00+11:00,Materials
0.2150000035762787,0.2150000035762787,0.2150000035762787,0.2150000035762787,0,0.0,0.0,BVR,2023-02-20 00:00:00+11:00,Materials
0.2150000035762787,0.2150000035762787,0.2150000035762787,0.2150000035762787,0,0.0,0.0,BVR,2023-02-21 00:00:00+11:00,Materials
0.20000000298023224,0.20000000298023224,0.18000000715255737,0.18000000715255737,277018,0.0,0.0,BVR,2023-02-22 00:00:00+11:00,Materials
0.18000000715255737,0.18000000715255737,0.18000000715255737,0.18000000715255737,0,0.0,0.0,BVR,2023-02-23 00:00:00+11:00,Materials
0.18000000715255737,0.18000000715255737,0.18000000715255737,0.18000000715255737,0,0.0,0.0,BVR,2023-02-24 00:00:00+11:00,Materials
0.17499999701976776,0.17499999701976776,0.16500000655651093,0.16500000655651093,62806,0.0,0.0,BVR,2023-02-27 00:00:00+11:00,Materials
0.17000000178813934,0.17249999940395355,0.17000000178813934,0.17000000178813934,84776,0.0,0.0,BVR,2023-02-28 00:00:00+11:00,Materials
0.17000000178813934,0.17000000178813934,0.17000000178813934,0.17000000178813934,1640,0.0,0.0,BVR,2023-03-01 00:00:00+11:00,Materials
0.17000000178813934,0.17000000178813934,0.17000000178813934,0.17000000178813934,3529,0.0,0.0,BVR,2023-03-02 00:00:00+11:00,Materials
0.17000000178813934,0.17000000178813934,0.17000000178813934,0.17000000178813934,0,0.0,0.0,BVR,2023-03-03 00:00:00+11:00,Materials
0.16500000655651093,0.16500000655651093,0.16500000655651093,0.16500000655651093,40500,0.0,0.0,BVR,2023-03-06 00:00:00+11:00,Materials
0.16500000655651093,0.16500000655651093,0.16500000655651093,0.16500000655651093,9500,0.0,0.0,BVR,2023-03-07 00:00:00+11:00,Materials
0.16500000655651093,0.16500000655651093,0.1550000011920929,0.1550000011920929,41000,0.0,0.0,BVR,2023-03-08 00:00:00+11:00,Materials
0.1550000011920929,0.1550000011920929,0.1550000011920929,0.1550000011920929,1422,0.0,0.0,BVR,2023-03-09 00:00:00+11:00,Materials
0.1550000011920929,0.1550000011920929,0.1550000011920929,0.1550000011920929,38115,0.0,0.0,BVR,2023-03-10 00:00:00+11:00,Materials
0.1550000011920929,0.1550000011920929,0.1550000011920929,0.1550000011920929,0,0.0,0.0,BVR,2023-03-13 00:00:00+11:00,Materials
0.1599999964237213,0.1599999964237213,0.14000000059604645,0.14000000059604645,80113,0.0,0.0,BVR,2023-03-14 00:00:00+11:00,Materials
0.14000000059604645,0.14499999582767487,0.14000000059604645,0.14499999582767487,28837,0.0,0.0,BVR,2023-03-15 00:00:00+11:00,Materials
0.14000000059604645,0.14000000059604645,0.14000000059604645,0.14000000059604645,34278,0.0,0.0,BVR,2023-03-16 00:00:00+11:00,Materials
0.14000000059604645,0.14000000059604645,0.13500000536441803,0.13500000536441803,92523,0.0,0.0,BVR,2023-03-17 00:00:00+11:00,Materials
0.12999999523162842,0.13500000536441803,0.10999999940395355,0.13500000536441803,143341,0.0,0.0,BVR,2023-03-20 00:00:00+11:00,Materials
0.13500000536441803,0.13500000536441803,0.13500000536441803,0.13500000536441803,176,0.0,0.0,BVR,2023-03-21 00:00:00+11:00,Materials
0.13500000536441803,0.13500000536441803,0.13500000536441803,0.13500000536441803,0,0.0,0.0,BVR,2023-03-22 00:00:00+11:00,Materials
0.13500000536441803,0.13500000536441803,0.13500000536441803,0.13500000536441803,0,0.0,0.0,BVR,2023-03-23 00:00:00+11:00,Materials
0.13500000536441803,0.13500000536441803,0.13500000536441803,0.13500000536441803,0,0.0,0.0,BVR,2023-03-24 00:00:00+11:00,Materials
0.13500000536441803,0.13500000536441803,0.13500000536441803,0.13500000536441803,0,0.0,0.0,BVR,2023-03-27 00:00:00+11:00,Materials
0.14249999821186066,0.14249999821186066,0.14249999821186066,0.14249999821186066,15000,0.0,0.0,BVR,2023-03-28 00:00:00+11:00,Materials
0.14499999582767487,0.16500000655651093,0.14000000059604645,0.1599999964237213,516786,0.0,0.0,BVR,2023-03-29 00:00:00+11:00,Materials
0.17000000178813934,0.1899999976158142,0.17000000178813934,0.18000000715255737,309978,0.0,0.0,BVR,2023-03-30 00:00:00+11:00,Materials
0.18000000715255737,0.1899999976158142,0.18000000715255737,0.18000000715255737,46301,0.0,0.0,BVR,2023-03-31 00:00:00+11:00,Materials
0.1899999976158142,0.1899999976158142,0.18000000715255737,0.18000000715255737,103176,0.0,0.0,BVR,2023-04-03 00:00:00+10:00,Materials
0.18000000715255737,0.18000000715255737,0.18000000715255737,0.18000000715255737,27590,0.0,0.0,BVR,2023-04-04 00:00:00+10:00,Materials
0.1850000023841858,0.1850000023841858,0.17499999701976776,0.18000000715255737,237996,0.0,0.0,BVR,2023-04-05 00:00:00+10:00,Materials
0.18000000715255737,0.18000000715255737,0.18000000715255737,0.18000000715255737,0,0.0,0.0,BVR,2023-04-06 00:00:00+10:00,Materials
0.18000000715255737,0.18000000715255737,0.18000000715255737,0.18000000715255737,0,0.0,0.0,BVR,2023-04-11 00:00:00+10:00,Materials
0.17499999701976776,0.17499999701976776,0.17499999701976776,0.17499999701976776,45000,0.0,0.0,BVR,2023-04-12 00:00:00+10:00,Materials
0.17499999701976776,0.17499999701976776,0.17000000178813934,0.17000000178813934,30944,0.0,0.0,BVR,2023-04-13 00:00:00+10:00,Materials
0.17000000178813934,0.17000000178813934,0.1525000035762787,0.1599999964237213,228264,0.0,0.0,BVR,2023-04-14 00:00:00+10:00,Materials
0.1550000011920929,0.1550000011920929,0.15000000596046448,0.15000000596046448,80000,0.0,0.0,BVR,2023-04-17 00:00:00+10:00,Materials
0.15000000596046448,0.1599999964237213,0.15000000596046448,0.1599999964237213,60370,0.0,0.0,BVR,2023-04-18 00:00:00+10:00,Materials
0.16500000655651093,0.16500000655651093,0.16500000655651093,0.16500000655651093,45146,0.0,0.0,BVR,2023-04-19 00:00:00+10:00,Materials
0.18000000715255737,0.18000000715255737,0.18000000715255737,0.18000000715255737,16300,0.0,0.0,BVR,2023-04-20 00:00:00+10:00,Materials
0.18000000715255737,0.18000000715255737,0.18000000715255737,0.18000000715255737,0,0.0,0.0,BVR,2023-04-21 00:00:00+10:00,Materials
0.18000000715255737,0.18000000715255737,0.1599999964237213,0.1599999964237213,4028,0.0,0.0,BVR,2023-04-24 00:00:00+10:00,Materials
0.1599999964237213,0.1599999964237213,0.1599999964237213,0.1599999964237213,0,0.0,0.0,BVR,2023-04-26 00:00:00+10:00,Materials
0.1599999964237213,0.1599999964237213,0.1550000011920929,0.1550000011920929,54305,0.0,0.0,BVR,2023-04-27 00:00:00+10:00,Materials
0.14499999582767487,0.1550000011920929,0.14499999582767487,0.14499999582767487,45500,0.0,0.0,BVR,2023-04-28 00:00:00+10:00,Materials
0.15000000596046448,0.1599999964237213,0.15000000596046448,0.1599999964237213,107082,0.0,0.0,BVR,2023-05-01 00:00:00+10:00,Materials
0.1550000011920929,0.1550000011920929,0.14499999582767487,0.14499999582767487,50000,0.0,0.0,BVR,2023-05-02 00:00:00+10:00,Materials
0.14499999582767487,0.14499999582767487,0.14499999582767487,0.14499999582767487,0,0.0,0.0,BVR,2023-05-03 00:00:00+10:00,Materials
0.14499999582767487,0.14499999582767487,0.14499999582767487,0.14499999582767487,0,0.0,0.0,BVR,2023-05-04 00:00:00+10:00,Materials
0.15000000596046448,0.15000000596046448,0.15000000596046448,0.15000000596046448,10000,0.0,0.0,BVR,2023-05-05 00:00:00+10:00,Materials
0.15000000596046448,0.15000000596046448,0.15000000596046448,0.15000000596046448,0,0.0,0.0,BVR,2023-05-08 00:00:00+10:00,Materials
0.14499999582767487,0.15000000596046448,0.14499999582767487,0.14499999582767487,50264,0.0,0.0,BVR,2023-05-09 00:00:00+10:00,Materials
0.14499999582767487,0.14499999582767487,0.14499999582767487,0.14499999582767487,0,0.0,0.0,BVR,2023-05-10 00:00:00+10:00,Materials
0.14499999582767487,0.16500000655651093,0.14499999582767487,0.15000000596046448,120525,0.0,0.0,BVR,2023-05-11 00:00:00+10:00,Materials
0.1599999964237213,0.17000000178813934,0.1599999964237213,0.17000000178813934,139120,0.0,0.0,BVR,2023-05-12 00:00:00+10:00,Materials
0.16500000655651093,0.16500000655651093,0.14499999582767487,0.15000000596046448,53896,0.0,0.0,BVR,2023-05-15 00:00:00+10:00,Materials
0.1550000011920929,0.17000000178813934,0.1550000011920929,0.17000000178813934,50000,0.0,0.0,BVR,2023-05-16 00:00:00+10:00,Materials
0.16500000655651093,0.17000000178813934,0.16500000655651093,0.17000000178813934,3300,0.0,0.0,BVR,2023-05-17 00:00:00+10:00,Materials
0.17000000178813934,0.18000000715255737,0.17000000178813934,0.17499999701976776,111586,0.0,0.0,BVR,2023-05-18 00:00:00+10:00,Materials
0.18000000715255737,0.18000000715255737,0.18000000715255737,0.18000000715255737,2846,0.0,0.0,BVR,2023-05-19 00:00:00+10:00,Materials
0.18000000715255737,0.20999999344348907,0.18000000715255737,0.20999999344348907,162259,0.0,0.0,BVR,2023-05-22 00:00:00+10:00,Materials
0.20499999821186066,0.20999999344348907,0.20499999821186066,0.20999999344348907,101000,0.0,0.0,BVR,2023-05-23 00:00:00+10:00,Materials
0.1850000023841858,0.20000000298023224,0.1850000023841858,0.20000000298023224,111425,0.0,0.0,BVR,2023-05-24 00:00:00+10:00,Materials
0.20999999344348907,0.20999999344348907,0.1899999976158142,0.1899999976158142,41895,0.0,0.0,BVR,2023-05-25 00:00:00+10:00,Materials
0.20000000298023224,0.20000000298023224,0.1850000023841858,0.1850000023841858,63307,0.0,0.0,BVR,2023-05-26 00:00:00+10:00,Materials
0.1850000023841858,0.1850000023841858,0.1850000023841858,0.1850000023841858,17757,0.0,0.0,BVR,2023-05-29 00:00:00+10:00,Materials
0.19499999284744263,0.19499999284744263,0.1850000023841858,0.1850000023841858,38032,0.0,0.0,BVR,2023-05-30 00:00:00+10:00,Materials
0.1850000023841858,0.1850000023841858,0.1850000023841858,0.1850000023841858,0,0.0,0.0,BVR,2023-05-31 00:00:00+10:00,Materials
0.17499999701976776,0.1850000023841858,0.17000000178813934,0.1850000023841858,129438,0.0,0.0,BVR,2023-06-01 00:00:00+10:00,Materials
0.1850000023841858,0.1850000023841858,0.1850000023841858,0.1850000023841858,0,0.0,0.0,BVR,2023-06-02 00:00:00+10:00,Materials
0.18000000715255737,0.1850000023841858,0.1550000011920929,0.1850000023841858,15573,0.0,0.0,BVR,2023-06-05 00:00:00+10:00,Materials
0.1850000023841858,0.1850000023841858,0.1850000023841858,0.1850000023841858,10982,0.0,0.0,BVR,2023-06-06 00:00:00+10:00,Materials
0.1850000023841858,0.1850000023841858,0.15000000596046448,0.15000000596046448,152737,0.0,0.0,BVR,2023-06-07 00:00:00+10:00,Materials
0.1599999964237213,0.1599999964237213,0.1599999964237213,0.1599999964237213,46389,0.0,0.0,BVR,2023-06-08 00:00:00+10:00,Materials
0.16500000655651093,0.16500000655651093,0.16500000655651093,0.16500000655651093,25000,0.0,0.0,BVR,2023-06-09 00:00:00+10:00,Materials
0.1599999964237213,0.1599999964237213,0.1599999964237213,0.1599999964237213,20414,0.0,0.0,BVR,2023-06-13 00:00:00+10:00,Materials
0.1550000011920929,0.1599999964237213,0.1550000011920929,0.1599999964237213,63851,0.0,0.0,BVR,2023-06-14 00:00:00+10:00,Materials
0.1599999964237213,0.1599999964237213,0.1599999964237213,0.1599999964237213,0,0.0,0.0,BVR,2023-06-15 00:00:00+10:00,Materials
0.1599999964237213,0.1599999964237213,0.1550000011920929,0.1550000011920929,4724,0.0,0.0,BVR,2023-06-16 00:00:00+10:00,Materials
0.1550000011920929,0.1550000011920929,0.1550000011920929,0.1550000011920929,6451,0.0,0.0,BVR,2023-06-19 00:00:00+10:00,Materials
0.1550000011920929,0.1550000011920929,0.1550000011920929,0.1550000011920929,0,0.0,0.0,BVR,2023-06-20 00:00:00+10:00,Materials
0.15000000596046448,0.15000000596046448,0.15000000596046448,0.15000000596046448,61323,0.0,0.0,BVR,2023-06-21 00:00:00+10:00,Materials
0.15000000596046448,0.15000000596046448,0.14000000059604645,0.14499999582767487,114727,0.0,0.0,BVR,2023-06-22 00:00:00+10:00,Materials
0.14499999582767487,0.15000000596046448,0.14499999582767487,0.15000000596046448,53670,0.0,0.0,BVR,2023-06-23 00:00:00+10:00,Materials
0.15000000596046448,0.15000000596046448,0.15000000596046448,0.15000000596046448,0,0.0,0.0,BVR,2023-06-26 00:00:00+10:00,Materials
0.15000000596046448,0.15000000596046448,0.15000000596046448,0.15000000596046448,0,0.0,0.0,BVR,2023-06-27 00:00:00+10:00,Materials
0.15000000596046448,0.15000000596046448,0.15000000596046448,0.15000000596046448,4999,0.0,0.0,BVR,2023-06-28 00:00:00+10:00,Materials
0.14000000059604645,0.14000000059604645,0.14000000059604645,0.14000000059604645,2662,0.0,0.0,BVR,2023-06-29 00:00:00+10:00,Materials
0.14000000059604645,0.16500000655651093,0.14000000059604645,0.1550000011920929,84819,0.0,0.0,BVR,2023-06-30 00:00:00+10:00,Materials
0.1550000011920929,0.1550000011920929,0.1550000011920929,0.1550000011920929,0,0.0,0.0,BVR,2023-07-03 00:00:00+10:00,Materials
0.1550000011920929,0.1550000011920929,0.1550000011920929,0.1550000011920929,0,0.0,0.0,BVR,2023-07-04 00:00:00+10:00,Materials
0.1550000011920929,0.1550000011920929,0.1550000011920929,0.1550000011920929,0,0.0,0.0,BVR,2023-07-05 00:00:00+10:00,Materials
0.1550000011920929,0.1550000011920929,0.1550000011920929,0.1550000011920929,0,0.0,0.0,BVR,2023-07-06 00:00:00+10:00,Materials
0.1550000011920929,0.1550000011920929,0.1550000011920929,0.1550000011920929,0,0.0,0.0,BVR,2023-07-07 00:00:00+10:00,Materials
0.15000000596046448,0.15000000596046448,0.15000000596046448,0.15000000596046448,61698,0.0,0.0,BVR,2023-07-10 00:00:00+10:00,Materials
0.14000000059604645,0.14000000059604645,0.14000000059604645,0.14000000059604645,50544,0.0,0.0,BVR,2023-07-11 00:00:00+10:00,Materials
0.14000000059604645,0.14000000059604645,0.14000000059604645,0.14000000059604645,0,0.0,0.0,BVR,2023-07-12 00:00:00+10:00,Materials
0.14000000059604645,0.14000000059604645,0.14000000059604645,0.14000000059604645,0,0.0,0.0,BVR,2023-07-13 00:00:00+10:00,Materials
0.14000000059604645,0.14000000059604645,0.14000000059604645,0.14000000059604645,0,0.0,0.0,BVR,2023-07-14 00:00:00+10:00,Materials
0.14000000059604645,0.14000000059604645,0.14000000059604645,0.14000000059604645,0,0.0,0.0,BVR,2023-07-17 00:00:00+10:00,Materials
0.14000000059604645,0.14000000059604645,0.14000000059604645,0.14000000059604645,0,0.0,0.0,BVR,2023-07-18 00:00:00+10:00,Materials
0.14000000059604645,0.14000000059604645,0.14000000059604645,0.14000000059604645,0,0.0,0.0,BVR,2023-07-19 00:00:00+10:00,Materials
0.1550000011920929,0.20499999821186066,0.1550000011920929,0.20000000298023224,395173,0.0,0.0,BVR,2023-07-20 00:00:00+10:00,Materials
0.20000000298023224,0.20000000298023224,0.1599999964237213,0.1599999964237213,91461,0.0,0.0,BVR,2023-07-21 00:00:00+10:00,Materials
0.17000000178813934,0.17000000178813934,0.17000000178813934,0.17000000178813934,1452,0.0,0.0,BVR,2023-07-24 00:00:00+10:00,Materials
0.16500000655651093,0.16500000655651093,0.16500000655651093,0.16500000655651093,32716,0.0,0.0,BVR,2023-07-25 00:00:00+10:00,Materials
0.16500000655651093,0.16500000655651093,0.16500000655651093,0.16500000655651093,0,0.0,0.0,BVR,2023-07-26 00:00:00+10:00,Materials
0.16500000655651093,0.16500000655651093,0.16500000655651093,0.16500000655651093,0,0.0,0.0,BVR,2023-07-27 00:00:00+10:00,Materials
0.1599999964237213,0.1599999964237213,0.1550000011920929,0.1599999964237213,22531,0.0,0.0,BVR,2023-07-28 00:00:00+10:00,Materials
0.1550000011920929,0.1550000011920929,0.1550000011920929,0.1550000011920929,125000,0.0,0.0,BVR,2023-07-31 00:00:00+10:00,Materials
0.1599999964237213,0.1599999964237213,0.1599999964237213,0.1599999964237213,47006,0.0,0.0,BVR,2023-08-01 00:00:00+10:00,Materials
0.1599999964237213,0.1599999964237213,0.1599999964237213,0.1599999964237213,80000,0.0,0.0,BVR,2023-08-02 00:00:00+10:00,Materials
0.1599999964237213,0.1599999964237213,0.1599999964237213,0.1599999964237213,11068,0.0,0.0,BVR,2023-08-03 00:00:00+10:00,Materials
0.16500000655651093,0.17000000178813934,0.16500000655651093,0.17000000178813934,35060,0.0,0.0,BVR,2023-08-04 00:00:00+10:00,Materials
0.1599999964237213,0.1599999964237213,0.1550000011920929,0.1599999964237213,189005,0.0,0.0,BVR,2023-08-07 00:00:00+10:00,Materials
0.1599999964237213,0.1599999964237213,0.1599999964237213,0.1599999964237213,0,0.0,0.0,BVR,2023-08-08 00:00:00+10:00,Materials
0.1599999964237213,0.1599999964237213,0.1599999964237213,0.1599999964237213,26000,0.0,0.0,BVR,2023-08-09 00:00:00+10:00,Materials
0.1599999964237213,0.1599999964237213,0.15000000596046448,0.15000000596046448,20000,0.0,0.0,BVR,2023-08-10 00:00:00+10:00,Materials
0.15000000596046448,0.16500000655651093,0.13500000536441803,0.1599999964237213,178426,0.0,0.0,BVR,2023-08-11 00:00:00+10:00,Materials
0.1599999964237213,0.1599999964237213,0.1599999964237213,0.1599999964237213,0,0.0,0.0,BVR,2023-08-14 00:00:00+10:00,Materials
0.1599999964237213,0.1599999964237213,0.1599999964237213,0.1599999964237213,0,0.0,0.0,BVR,2023-08-15 00:00:00+10:00,Materials
0.1599999964237213,0.1599999964237213,0.1599999964237213,0.1599999964237213,0,0.0,0.0,BVR,2023-08-16 00:00:00+10:00,Materials
0.14000000059604645,0.14000000059604645,0.13500000536441803,0.13500000536441803,154741,0.0,0.0,BVR,2023-08-17 00:00:00+10:00,Materials
0.13500000536441803,0.13500000536441803,0.13500000536441803,0.13500000536441803,0,0.0,0.0,BVR,2023-08-18 00:00:00+10:00,Materials
0.14000000059604645,0.14000000059604645,0.13500000536441803,0.13500000536441803,186094,0.0,0.0,BVR,2023-08-21 00:00:00+10:00,Materials
0.13500000536441803,0.1599999964237213,0.13500000536441803,0.1599999964237213,83243,0.0,0.0,BVR,2023-08-22 00:00:00+10:00,Materials
0.1599999964237213,0.1599999964237213,0.1599999964237213,0.1599999964237213,0,0.0,0.0,BVR,2023-08-23 00:00:00+10:00,Materials
0.1550000011920929,0.1599999964237213,0.14000000059604645,0.1550000011920929,79904,0.0,0.0,BVR,2023-08-24 00:00:00+10:00,Materials
0.1550000011920929,0.1550000011920929,0.1550000011920929,0.1550000011920929,0,0.0,0.0,BVR,2023-08-25 00:00:00+10:00,Materials
0.15000000596046448,0.15000000596046448,0.14000000059604645,0.14000000059604645,51533,0.0,0.0,BVR,2023-08-28 00:00:00+10:00,Materials
0.15000000596046448,0.15000000596046448,0.14249999821186066,0.14499999582767487,164371,0.0,0.0,BVR,2023-08-29 00:00:00+10:00,Materials
0.14499999582767487,0.14499999582767487,0.14000000059604645,0.14000000059604645,53800,0.0,0.0,BVR,2023-08-30 00:00:00+10:00,Materials
0.14499999582767487,0.14499999582767487,0.14499999582767487,0.14499999582767487,50000,0.0,0.0,BVR,2023-08-31 00:00:00+10:00,Materials
0.15000000596046448,0.15000000596046448,0.15000000596046448,0.15000000596046448,9226,0.0,0.0,BVR,2023-09-01 00:00:00+10:00,Materials
0.15000000596046448,0.15000000596046448,0.15000000596046448,0.15000000596046448,200000,0.0,0.0,BVR,2023-09-04 00:00:00+10:00,Materials
0.15000000596046448,0.15000000596046448,0.15000000596046448,0.15000000596046448,165385,0.0,0.0,BVR,2023-09-05 00:00:00+10:00,Materials
0.15000000596046448,0.15000000596046448,0.15000000596046448,0.15000000596046448,0,0.0,0.0,BVR,2023-09-06 00:00:00+10:00,Materials
0.15000000596046448,0.15000000596046448,0.15000000596046448,0.15000000596046448,3532,0.0,0.0,BVR,2023-09-07 00:00:00+10:00,Materials
0.15000000596046448,0.15000000596046448,0.15000000596046448,0.15000000596046448,0,0.0,0.0,BVR,2023-09-08 00:00:00+10:00,Materials
0.15000000596046448,0.15000000596046448,0.15000000596046448,0.15000000596046448,0,0.0,0.0,BVR,2023-09-11 00:00:00+10:00,Materials
0.15000000596046448,0.15000000596046448,0.15000000596046448,0.15000000596046448,10502,0.0,0.0,BVR,2023-09-12 00:00:00+10:00,Materials
0.15000000596046448,0.15000000596046448,0.15000000596046448,0.15000000596046448,0,0.0,0.0,BVR,2023-09-13 00:00:00+10:00,Materials
0.15000000596046448,0.15000000596046448,0.15000000596046448,0.15000000596046448,0,0.0,0.0,BVR,2023-09-14 00:00:00+10:00,Materials
0.15000000596046448,0.15000000596046448,0.15000000596046448,0.15000000596046448,0,0.0,0.0,BVR,2023-09-15 00:00:00+10:00,Materials
0.15000000596046448,0.15000000596046448,0.14000000059604645,0.14000000059604645,11613,0.0,0.0,BVR,2023-09-18 00:00:00+10:00,Materials
0.14000000059604645,0.14000000059604645,0.14000000059604645,0.14000000059604645,0,0.0,0.0,BVR,2023-09-19 00:00:00+10:00,Materials
0.14000000059604645,0.14499999582767487,0.14000000059604645,0.14499999582767487,65500,0.0,0.0,BVR,2023-09-20 00:00:00+10:00,Materials
0.14499999582767487,0.14499999582767487,0.14499999582767487,0.14499999582767487,0,0.0,0.0,BVR,2023-09-21 00:00:00+10:00,Materials
0.14499999582767487,0.14499999582767487,0.14499999582767487,0.14499999582767487,10000,0.0,0.0,BVR,2023-09-22 00:00:00+10:00,Materials
0.14000000059604645,0.14499999582767487,0.13500000536441803,0.13500000536441803,98989,0.0,0.0,BVR,2023-09-25 00:00:00+10:00,Materials
0.13500000536441803,0.13500000536441803,0.13500000536441803,0.13500000536441803,0,0.0,0.0,BVR,2023-09-26 00:00:00+10:00,Materials
0.14000000059604645,0.14000000059604645,0.14000000059604645,0.14000000059604645,22518,0.0,0.0,BVR,2023-09-27 00:00:00+10:00,Materials
0.14000000059604645,0.14000000059604645,0.14000000059604645,0.14000000059604645,0,0.0,0.0,BVR,2023-09-28 00:00:00+10:00,Materials
0.14000000059604645,0.14000000059604645,0.14000000059604645,0.14000000059604645,0,0.0,0.0,BVR,2023-09-29 00:00:00+10:00,Materials
0.14000000059604645,0.14000000059604645,0.14000000059604645,0.14000000059604645,0,0.0,0.0,BVR,2023-10-02 00:00:00+11:00,Materials
0.14000000059604645,0.14000000059604645,0.13500000536441803,0.13500000536441803,58741,0.0,0.0,BVR,2023-10-03 00:00:00+11:00,Materials
0.13500000536441803,0.13500000536441803,0.13500000536441803,0.13500000536441803,0,0.0,0.0,BVR,2023-10-04 00:00:00+11:00,Materials
0.13500000536441803,0.13500000536441803,0.13500000536441803,0.13500000536441803,0,0.0,0.0,BVR,2023-10-05 00:00:00+11:00,Materials
0.13500000536441803,0.13500000536441803,0.13500000536441803,0.13500000536441803,0,0.0,0.0,BVR,2023-10-06 00:00:00+11:00,Materials
0.12999999523162842,0.12999999523162842,0.12999999523162842,0.12999999523162842,64287,0.0,0.0,BVR,2023-10-09 00:00:00+11:00,Materials
0.12999999523162842,0.12999999523162842,0.12999999523162842,0.12999999523162842,0,0.0,0.0,BVR,2023-10-10 00:00:00+11:00,Materials
0.12999999523162842,0.12999999523162842,0.12999999523162842,0.12999999523162842,48116,0.0,0.0,BVR,2023-10-11 00:00:00+11:00,Materials
0.12999999523162842,0.12999999523162842,0.12999999523162842,0.12999999523162842,0,0.0,0.0,BVR,2023-10-12 00:00:00+11:00,Materials
0.12999999523162842,0.12999999523162842,0.12999999523162842,0.12999999523162842,14329,0.0,0.0,BVR,2023-10-13 00:00:00+11:00,Materials
0.12999999523162842,0.12999999523162842,0.12999999523162842,0.12999999523162842,55000,0.0,0.0,BVR,2023-10-16 00:00:00+11:00,Materials
0.12999999523162842,0.12999999523162842,0.12999999523162842,0.12999999523162842,0,0.0,0.0,BVR,2023-10-17 00:00:00+11:00,Materials
0.11999999731779099,0.12999999523162842,0.11999999731779099,0.12999999523162842,227550,0.0,0.0,BVR,2023-10-18 00:00:00+11:00,Materials
0.11999999731779099,0.11999999731779099,0.10999999940395355,0.10999999940395355,75000,0.0,0.0,BVR,2023-10-19 00:00:00+11:00,Materials
0.12999999523162842,0.12999999523162842,0.12999999523162842,0.12999999523162842,10400,0.0,0.0,BVR,2023-10-20 00:00:00+11:00,Materials
0.12999999523162842,0.12999999523162842,0.11999999731779099,0.11999999731779099,16691,0.0,0.0,BVR,2023-10-23 00:00:00+11:00,Materials
0.11999999731779099,0.11999999731779099,0.11999999731779099,0.11999999731779099,0,0.0,0.0,BVR,2023-10-24 00:00:00+11:00,Materials
0.10999999940395355,0.10999999940395355,0.10999999940395355,0.10999999940395355,6451,0.0,0.0,BVR,2023-10-25 00:00:00+11:00,Materials
0.10999999940395355,0.10999999940395355,0.10999999940395355,0.10999999940395355,0,0.0,0.0,BVR,2023-10-26 00:00:00+11:00,Materials
0.10999999940395355,0.11500000208616257,0.10999999940395355,0.11500000208616257,10555,0.0,0.0,BVR,2023-10-27 00:00:00+11:00,Materials
0.11500000208616257,0.125,0.10999999940395355,0.125,302267,0.0,0.0,BVR,2023-10-30 00:00:00+11:00,Materials
0.12999999523162842,0.12999999523162842,0.125,0.125,9160,0.0,0.0,BVR,2023-10-31 00:00:00+11:00,Materials
0.125,0.125,0.125,0.125,9600,0.0,0.0,BVR,2023-11-01 00:00:00+11:00,Materials
0.125,0.125,0.125,0.125,0,0.0,0.0,BVR,2023-11-02 00:00:00+11:00,Materials
0.125,0.125,0.125,0.125,0,0.0,0.0,BVR,2023-11-03 00:00:00+11:00,Materials
0.125,0.125,0.0949999988079071,0.0949999988079071,12590,0.0,0.0,BVR,2023-11-06 00:00:00+11:00,Materials
0.0949999988079071,0.0949999988079071,0.0949999988079071,0.0949999988079071,0,0.0,0.0,BVR,2023-11-07 00:00:00+11:00,Materials
0.0949999988079071,0.0949999988079071,0.0949999988079071,0.0949999988079071,0,0.0,0.0,BVR,2023-11-08 00:00:00+11:00,Materials
0.0949999988079071,0.0949999988079071,0.0949999988079071,0.0949999988079071,0,0.0,0.0,BVR,2023-11-09 00:00:00+11:00,Materials
0.0949999988079071,0.0949999988079071,0.0949999988079071,0.0949999988079071,0,0.0,0.0,BVR,2023-11-10 00:00:00+11:00,Materials
0.10000000149011612,0.10000000149011612,0.09600000083446503,0.09600000083446503,38422,0.0,0.0,BVR,2023-11-13 00:00:00+11:00,Materials
0.09600000083446503,0.09600000083446503,0.09600000083446503,0.09600000083446503,0,0.0,0.0,BVR,2023-11-14 00:00:00+11:00,Materials
0.09799999743700027,0.09799999743700027,0.09799999743700027,0.09799999743700027,10000,0.0,0.0,BVR,2023-11-15 00:00:00+11:00,Materials
0.09799999743700027,0.09799999743700027,0.09799999743700027,0.09799999743700027,0,0.0,0.0,BVR,2023-11-16 00:00:00+11:00,Materials
0.10000000149011612,0.10000000149011612,0.10000000149011612,0.10000000149011612,100000,0.0,0.0,BVR,2023-11-17 00:00:00+11:00,Materials
0.09799999743700027,0.09799999743700027,0.09799999743700027,0.09799999743700027,10000,0.0,0.0,BVR,2023-11-20 00:00:00+11:00,Materials
0.11999999731779099,0.11999999731779099,0.10000000149011612,0.10000000149011612,24083,0.0,0.0,BVR,2023-11-21 00:00:00+11:00,Materials
0.10000000149011612,0.10000000149011612,0.10000000149011612,0.10000000149011612,10000,0.0,0.0,BVR,2023-11-22 00:00:00+11:00,Materials
0.10000000149011612,0.10000000149011612,0.10000000149011612,0.10000000149011612,0,0.0,0.0,BVR,2023-11-23 00:00:00+11:00,Materials
0.10000000149011612,0.10000000149011612,0.10000000149011612,0.10000000149011612,0,0.0,0.0,BVR,2023-11-24 00:00:00+11:00,Materials
0.0989999994635582,0.0989999994635582,0.09700000286102295,0.0989999994635582,95205,0.0,0.0,BVR,2023-11-27 00:00:00+11:00,Materials
0.0989999994635582,0.0989999994635582,0.0989999994635582,0.0989999994635582,10500,0.0,0.0,BVR,2023-11-28 00:00:00+11:00,Materials
0.09700000286102295,0.09700000286102295,0.08799999952316284,0.08799999952316284,111413,0.0,0.0,BVR,2023-11-29 00:00:00+11:00,Materials
0.08399999886751175,0.08399999886751175,0.08399999886751175,0.08399999886751175,3114,0.0,0.0,BVR,2023-11-30 00:00:00+11:00,Materials
0.08399999886751175,0.08399999886751175,0.08399999886751175,0.08399999886751175,0,0.0,0.0,BVR,2023-12-01 00:00:00+11:00,Materials
0.08399999886751175,0.08399999886751175,0.08399999886751175,0.08399999886751175,0,0.0,0.0,BVR,2023-12-04 00:00:00+11:00,Materials
0.08900000154972076,0.08900000154972076,0.08900000154972076,0.08900000154972076,38799,0.0,0.0,BVR,2023-12-05 00:00:00+11:00,Materials
0.09099999815225601,0.09099999815225601,0.09099999815225601,0.09099999815225601,457,0.0,0.0,BVR,2023-12-06 00:00:00+11:00,Materials
0.09099999815225601,0.09099999815225601,0.09099999815225601,0.09099999815225601,0,0.0,0.0,BVR,2023-12-07 00:00:00+11:00,Materials
0.09099999815225601,0.09099999815225601,0.09099999815225601,0.09099999815225601,3550,0.0,0.0,BVR,2023-12-08 00:00:00+11:00,Materials
0.09099999815225601,0.09099999815225601,0.09099999815225601,0.09099999815225601,0,0.0,0.0,BVR,2023-12-11 00:00:00+11:00,Materials
0.09799999743700027,0.09799999743700027,0.09099999815225601,0.09099999815225601,25000,0.0,0.0,BVR,2023-12-12 00:00:00+11:00,Materials
0.09099999815225601,0.09099999815225601,0.09000000357627869,0.09000000357627869,12576,0.0,0.0,BVR,2023-12-13 00:00:00+11:00,Materials
0.09000000357627869,0.09000000357627869,0.09000000357627869,0.09000000357627869,0,0.0,0.0,BVR,2023-12-14 00:00:00+11:00,Materials
0.08799999952316284,0.08799999952316284,0.08799999952316284,0.08799999952316284,29500,0.0,0.0,BVR,2023-12-15 00:00:00+11:00,Materials
0.08799999952316284,0.08799999952316284,0.08799999952316284,0.08799999952316284,20500,0.0,0.0,BVR,2023-12-18 00:00:00+11:00,Materials
0.08399999886751175,0.08500000089406967,0.0820000022649765,0.08500000089406967,115965,0.0,0.0,BVR,2023-12-19 00:00:00+11:00,Materials
0.08500000089406967,0.08699999749660492,0.08500000089406967,0.08699999749660492,36270,0.0,0.0,BVR,2023-12-20 00:00:00+11:00,Materials
0.08799999952316284,0.08799999952316284,0.08799999952316284,0.08799999952316284,3333,0.0,0.0,BVR,2023-12-21 00:00:00+11:00,Materials
0.0925000011920929,0.10000000149011612,0.0925000011920929,0.10000000149011612,80235,0.0,0.0,BVR,2023-12-22 00:00:00+11:00,Materials
0.10000000149011612,0.10000000149011612,0.10000000149011612,0.10000000149011612,45615,0.0,0.0,BVR,2023-12-27 00:00:00+11:00,Materials
0.11500000208616257,0.11500000208616257,0.11500000208616257,0.11500000208616257,5800,0.0,0.0,BVR,2023-12-28 00:00:00+11:00,Materials
0.11999999731779099,0.11999999731779099,0.11999999731779099,0.11999999731779099,1657,0.0,0.0,BVR,2023-12-29 00:00:00+11:00,Materials
0.10999999940395355,0.10999999940395355,0.10999999940395355,0.10999999940395355,27272,0.0,0.0,BVR,2024-01-02 00:00:00+11:00,Materials
0.10999999940395355,0.11500000208616257,0.10999999940395355,0.11500000208616257,24904,0.0,0.0,BVR,2024-01-03 00:00:00+11:00,Materials
0.125,0.125,0.125,0.125,39445,0.0,0.0,BVR,2024-01-04 00:00:00+11:00,Materials
0.125,0.125,0.125,0.125,0,0.0,0.0,BVR,2024-01-05 00:00:00+11:00,Materials
0.125,0.125,0.125,0.125,0,0.0,0.0,BVR,2024-01-08 00:00:00+11:00,Materials
0.125,0.125,0.11500000208616257,0.11500000208616257,22979,0.0,0.0,BVR,2024-01-09 00:00:00+11:00,Materials
0.11500000208616257,0.11500000208616257,0.0989999994635582,0.0989999994635582,63829,0.0,0.0,BVR,2024-01-10 00:00:00+11:00,Materials
0.0989999994635582,0.0989999994635582,0.0989999994635582,0.0989999994635582,0,0.0,0.0,BVR,2024-01-11 00:00:00+11:00,Materials
0.0989999994635582,0.0989999994635582,0.0989999994635582,0.0989999994635582,0,0.0,0.0,BVR,2024-01-12 00:00:00+11:00,Materials
0.0989999994635582,0.0989999994635582,0.0989999994635582,0.0989999994635582,0,0.0,0.0,BVR,2024-01-15 00:00:00+11:00,Materials
0.10000000149011612,0.10000000149011612,0.10000000149011612,0.10000000149011612,50000,0.0,0.0,BVR,2024-01-16 00:00:00+11:00,Materials
0.10000000149011612,0.10000000149011612,0.10000000149011612,0.10000000149011612,78046,0.0,0.0,BVR,2024-01-17 00:00:00+11:00,Materials
0.10000000149011612,0.10000000149011612,0.10000000149011612,0.10000000149011612,0,0.0,0.0,BVR,2024-01-18 00:00:00+11:00,Materials
0.10999999940395355,0.10999999940395355,0.10999999940395355,0.10999999940395355,4457,0.0,0.0,BVR,2024-01-19 00:00:00+11:00,Materials
0.10999999940395355,0.10999999940395355,0.10999999940395355,0.10999999940395355,0,0.0,0.0,BVR,2024-01-22 00:00:00+11:00,Materials
0.10999999940395355,0.10999999940395355,0.10999999940395355,0.10999999940395355,0,0.0,0.0,BVR,2024-01-23 00:00:00+11:00,Materials
0.10999999940395355,0.10999999940395355,0.10000000149011612,0.10000000149011612,130000,0.0,0.0,BVR,2024-01-24 00:00:00+11:00,Materials
0.10000000149011612,0.10000000149011612,0.10000000149011612,0.10000000149011612,0,0.0,0.0,BVR,2024-01-25 00:00:00+11:00,Materials
0.10000000149011612,0.10000000149011612,0.10000000149011612,0.10000000149011612,0,0.0,0.0,BVR,2024-01-29 00:00:00+11:00,Materials
0.10000000149011612,0.10000000149011612,0.10000000149011612,0.10000000149011612,185000,0.0,0.0,BVR,2024-01-30 00:00:00+11:00,Materials
0.09000000357627869,0.10000000149011612,0.09000000357627869,0.10000000149011612,48000,0.0,0.0,BVR,2024-01-31 00:00:00+11:00,Materials
0.10000000149011612,0.10000000149011612,0.10000000149011612,0.10000000149011612,0,0.0,0.0,BVR,2024-02-01 00:00:00+11:00,Materials
0.11500000208616257,0.11999999731779099,0.11500000208616257,0.11999999731779099,68424,0.0,0.0,BVR,2024-02-02 00:00:00+11:00,Materials
0.11999999731779099,0.11999999731779099,0.11999999731779099,0.11999999731779099,11256,0.0,0.0,BVR,2024-02-05 00:00:00+11:00,Materials
0.10000000149011612,0.10000000149011612,0.10000000149011612,0.10000000149011612,150000,0.0,0.0,BVR,2024-02-06 00:00:00+11:00,Materials
0.10000000149011612,0.10000000149011612,0.10000000149011612,0.10000000149011612,50000,0.0,0.0,BVR,2024-02-07 00:00:00+11:00,Materials
0.10000000149011612,0.10000000149011612,0.10000000149011612,0.10000000149011612,0,0.0,0.0,BVR,2024-02-08 00:00:00+11:00,Materials
0.10000000149011612,0.10000000149011612,0.10000000149011612,0.10000000149011612,38115,0.0,0.0,BVR,2024-02-09 00:00:00+11:00,Materials
0.10000000149011612,0.10000000149011612,0.10000000149011612,0.10000000149011612,8168,0.0,0.0,BVR,2024-02-12 00:00:00+11:00,Materials
0.10000000149011612,0.10000000149011612,0.09749999642372131,0.10000000149011612,285161,0.0,0.0,BVR,2024-02-13 00:00:00+11:00,Materials
0.10000000149011612,0.10000000149011612,0.10000000149011612,0.10000000149011612,72285,0.0,0.0,BVR,2024-02-14 00:00:00+11:00,Materials
0.10999999940395355,0.12999999523162842,0.10999999940395355,0.12999999523162842,87323,0.0,0.0,BVR,2024-02-15 00:00:00+11:00,Materials
0.12999999523162842,0.12999999523162842,0.12999999523162842,0.12999999523162842,57500,0.0,0.0,BVR,2024-02-16 00:00:00+11:00,Materials
0.13500000536441803,0.13500000536441803,0.13500000536441803,0.13500000536441803,3973,0.0,0.0,BVR,2024-02-19 00:00:00+11:00,Materials
0.13500000536441803,0.13500000536441803,0.13500000536441803,0.13500000536441803,0,0.0,0.0,BVR,2024-02-20 00:00:00+11:00,Materials
0.125,0.125,0.125,0.125,20000,0.0,0.0,BVR,2024-02-21 00:00:00+11:00,Materials
0.125,0.125,0.125,0.125,88861,0.0,0.0,BVR,2024-02-22 00:00:00+11:00,Materials
0.11999999731779099,0.11999999731779099,0.10000000149011612,0.10000000149011612,43829,0.0,0.0,BVR,2024-02-23 00:00:00+11:00,Materials
0.10000000149011612,0.10000000149011612,0.10000000149011612,0.10000000149011612,0,0.0,0.0,BVR,2024-02-26 00:00:00+11:00,Materials
0.11500000208616257,0.11500000208616257,0.10499999672174454,0.11500000208616257,92648,0.0,0.0,BVR,2024-02-27 00:00:00+11:00,Materials
0.11500000208616257,0.11500000208616257,0.11500000208616257,0.11500000208616257,0,0.0,0.0,BVR,2024-02-28 00:00:00+11:00,Materials
0.11500000208616257,0.11500000208616257,0.11500000208616257,0.11500000208616257,0,0.0,0.0,BVR,2024-02-29 00:00:00+11:00,Materials
0.11500000208616257,0.11500000208616257,0.11500000208616257,0.11500000208616257,0,0.0,0.0,BVR,2024-03-01 00:00:00+11:00,Materials
0.11500000208616257,0.11500000208616257,0.11500000208616257,0.11500000208616257,57274,0.0,0.0,BVR,2024-03-04 00:00:00+11:00,Materials
0.10999999940395355,0.10999999940395355,0.10999999940395355,0.10999999940395355,20000,0.0,0.0,BVR,2024-03-05 00:00:00+11:00,Materials
0.10000000149011612,0.10000000149011612,0.10000000149011612,0.10000000149011612,1450,0.0,0.0,BVR,2024-03-06 00:00:00+11:00,Materials
0.10499999672174454,0.10499999672174454,0.10499999672174454,0.10499999672174454,5000,0.0,0.0,BVR,2024-03-07 00:00:00+11:00,Materials
0.10000000149011612,0.10000000149011612,0.10000000149011612,0.10000000149011612,5000,0.0,0.0,BVR,2024-03-08 00:00:00+11:00,Materials
0.10000000149011612,0.10000000149011612,0.09300000220537186,0.09399999678134918,112470,0.0,0.0,BVR,2024-03-11 00:00:00+11:00,Materials
0.09399999678134918,0.09399999678134918,0.09399999678134918,0.09399999678134918,0,0.0,0.0,BVR,2024-03-12 00:00:00+11:00,Materials
0.09399999678134918,0.09399999678134918,0.09399999678134918,0.09399999678134918,0,0.0,0.0,BVR,2024-03-13 00:00:00+11:00,Materials
0.09399999678134918,0.09399999678134918,0.09399999678134918,0.09399999678134918,0,0.0,0.0,BVR,2024-03-14 00:00:00+11:00,Materials
0.09399999678134918,0.09399999678134918,0.09399999678134918,0.09399999678134918,0,0.0,0.0,BVR,2024-03-15 00:00:00+11:00,Materials
0.09399999678134918,0.09399999678134918,0.09399999678134918,0.09399999678134918,10425,0.0,0.0,BVR,2024-03-18 00:00:00+11:00,Materials
0.09399999678134918,0.09399999678134918,0.09399999678134918,0.09399999678134918,0,0.0,0.0,BVR,2024-03-19 00:00:00+11:00,Materials
0.10000000149011612,0.10000000149011612,0.10000000149011612,0.10000000149011612,12991,0.0,0.0,BVR,2024-03-20 00:00:00+11:00,Materials
0.09399999678134918,0.09399999678134918,0.09300000220537186,0.09300000220537186,1625,0.0,0.0,BVR,2024-03-21 00:00:00+11:00,Materials
0.09300000220537186,0.09300000220537186,0.09300000220537186,0.09300000220537186,38115,0.0,0.0,BVR,2024-03-22 00:00:00+11:00,Materials
0.09300000220537186,0.09300000220537186,0.09300000220537186,0.09300000220537186,0,0.0,0.0,BVR,2024-03-25 00:00:00+11:00,Materials
0.09300000220537186,0.09300000220537186,0.09300000220537186,0.09300000220537186,50003,0.0,0.0,BVR,2024-03-26 00:00:00+11:00,Materials
0.10000000149011612,0.10000000149011612,0.10000000149011612,0.10000000149011612,20000,0.0,0.0,BVR,2024-03-27 00:00:00+11:00,Materials
0.10000000149011612,0.10499999672174454,0.10000000149011612,0.10499999672174454,30739,0.0,0.0,BVR,2024-03-28 00:00:00+11:00,Materials
0.11999999731779099,0.11999999731779099,0.11999999731779099,0.11999999731779099,16666,0.0,0.0,BVR,2024-04-02 00:00:00+11:00,Materials
0.11500000208616257,0.11999999731779099,0.11500000208616257,0.11500000208616257,110000,0.0,0.0,BVR,2024-04-03 00:00:00+11:00,Materials
0.11999999731779099,0.15000000596046448,0.11500000208616257,0.14499999582767487,668048,0.0,0.0,BVR,2024-04-04 00:00:00+11:00,Materials
0.12999999523162842,0.12999999523162842,0.125,0.125,166000,0.0,0.0,BVR,2024-04-05 00:00:00+11:00,Materials
0.125,0.12999999523162842,0.125,0.125,405960,0.0,0.0,BVR,2024-04-08 00:00:00+10:00,Materials
0.11500000208616257,0.11500000208616257,0.10999999940395355,0.10999999940395355,155941,0.0,0.0,BVR,2024-04-09 00:00:00+10:00,Materials
0.10999999940395355,0.10999999940395355,0.10999999940395355,0.10999999940395355,0,0.0,0.0,BVR,2024-04-10 00:00:00+10:00,Materials
0.10999999940395355,0.10999999940395355,0.10999999940395355,0.10999999940395355,0,0.0,0.0,BVR,2024-04-11 00:00:00+10:00,Materials
0.125,0.15000000596046448,0.125,0.13500000536441803,723381,0.0,0.0,BVR,2024-04-12 00:00:00+10:00,Materials
0.12999999523162842,0.14000000059604645,0.12999999523162842,0.14000000059604645,90000,0.0,0.0,BVR,2024-04-15 00:00:00+10:00,Materials
0.14000000059604645,0.1599999964237213,0.14000000059604645,0.1599999964237213,427361,0.0,0.0,BVR,2024-04-16 00:00:00+10:00,Materials
0.1550000011920929,0.20499999821186066,0.1550000011920929,0.19499999284744263,703728,0.0,0.0,BVR,2024-04-17 00:00:00+10:00,Materials
0.19499999284744263,0.19499999284744263,0.17000000178813934,0.1899999976158142,345569,0.0,0.0,BVR,2024-04-18 00:00:00+10:00,Materials
0.19499999284744263,0.19499999284744263,0.18000000715255737,0.1850000023841858,264110,0.0,0.0,BVR,2024-04-19 00:00:00+10:00,Materials
0.1850000023841858,0.2199999988079071,0.1850000023841858,0.20499999821186066,108288,0.0,0.0,BVR,2024-04-22 00:00:00+10:00,Materials
0.20999999344348907,0.20999999344348907,0.20000000298023224,0.20000000298023224,183382,0.0,0.0,BVR,2024-04-23 00:00:00+10:00,Materials
0.20000000298023224,0.20000000298023224,0.20000000298023224,0.20000000298023224,24903,0.0,0.0,BVR,2024-04-24 00:00:00+10:00,Materials
0.20000000298023224,0.20000000298023224,0.20000000298023224,0.20000000298023224,9700,0.0,0.0,BVR,2024-04-26 00:00:00+10:00,Materials
0.20000000298023224,0.20000000298023224,0.18000000715255737,0.1850000023841858,75935,0.0,0.0,BVR,2024-04-29 00:00:00+10:00,Materials
0.18000000715255737,0.18000000715255737,0.17499999701976776,0.18000000715255737,177505,0.0,0.0,BVR,2024-04-30 00:00:00+10:00,Materials
0.18000000715255737,0.18000000715255737,0.18000000715255737,0.18000000715255737,72506,0.0,0.0,BVR,2024-05-01 00:00:00+10:00,Materials
0.18000000715255737,0.18000000715255737,0.18000000715255737,0.18000000715255737,0,0.0,0.0,BVR,2024-05-02 00:00:00+10:00,Materials
0.18000000715255737,0.18000000715255737,0.18000000715255737,0.18000000715255737,0,0.0,0.0,BVR,2024-05-03 00:00:00+10:00,Materials
0.1899999976158142,0.1899999976158142,0.1899999976158142,0.1899999976158142,20000,0.0,0.0,BVR,2024-05-06 00:00:00+10:00,Materials
0.1899999976158142,0.19499999284744263,0.1899999976158142,0.19499999284744263,83654,0.0,0.0,BVR,2024-05-07 00:00:00+10:00,Materials
0.19499999284744263,0.20999999344348907,0.19499999284744263,0.20000000298023224,138914,0.0,0.0,BVR,2024-05-08 00:00:00+10:00,Materials
0.1899999976158142,0.20000000298023224,0.1899999976158142,0.19499999284744263,153539,0.0,0.0,BVR,2024-05-09 00:00:00+10:00,Materials
0.19499999284744263,0.20000000298023224,0.1850000023841858,0.19499999284744263,207437,0.0,0.0,BVR,2024-05-10 00:00:00+10:00,Materials
0.20000000298023224,0.20000000298023224,0.19499999284744263,0.20000000298023224,96100,0.0,0.0,BVR,2024-05-13 00:00:00+10:00,Materials
0.20000000298023224,0.20499999821186066,0.20000000298023224,0.20499999821186066,31275,0.0,0.0,BVR,2024-05-14 00:00:00+10:00,Materials
0.20499999821186066,0.20499999821186066,0.20499999821186066,0.20499999821186066,0,0.0,0.0,BVR,2024-05-15 00:00:00+10:00,Materials
0.20499999821186066,0.2549999952316284,0.20499999821186066,0.2199999988079071,548018,0.0,0.0,BVR,2024-05-16 00:00:00+10:00,Materials
0.2199999988079071,0.2199999988079071,0.20999999344348907,0.20999999344348907,138580,0.0,0.0,BVR,2024-05-17 00:00:00+10:00,Materials
0.2199999988079071,0.2199999988079071,0.2199999988079071,0.2199999988079071,2568,0.0,0.0,BVR,2024-05-20 00:00:00+10:00,Materials
0.2199999988079071,0.2199999988079071,0.20999999344348907,0.20999999344348907,16842,0.0,0.0,BVR,2024-05-21 00:00:00+10:00,Materials
0.20999999344348907,0.20999999344348907,0.20999999344348907,0.20999999344348907,14000,0.0,0.0,BVR,2024-05-22 00:00:00+10:00,Materials
0.20999999344348907,0.20999999344348907,0.20000000298023224,0.20000000298023224,204000,0.0,0.0,BVR,2024-05-23 00:00:00+10:00,Materials
0.20000000298023224,0.20000000298023224,0.20000000298023224,0.20000000298023224,5000,0.0,0.0,BVR,2024-05-24 00:00:00+10:00,Materials
0.20000000298023224,0.2199999988079071,0.20000000298023224,0.20999999344348907,313447,0.0,0.0,BVR,2024-05-27 00:00:00+10:00,Materials
0.20000000298023224,0.20000000298023224,0.18000000715255737,0.1899999976158142,210695,0.0,0.0,BVR,2024-05-28 00:00:00+10:00,Materials
0.18000000715255737,0.1899999976158142,0.1550000011920929,0.1899999976158142,215189,0.0,0.0,BVR,2024-05-29 00:00:00+10:00,Materials
0.18000000715255737,0.1850000023841858,0.18000000715255737,0.1850000023841858,30000,0.0,0.0,BVR,2024-05-30 00:00:00+10:00,Materials
0.1899999976158142,0.1899999976158142,0.1899999976158142,0.1899999976158142,13743,0.0,0.0,BVR,2024-05-31 00:00:00+10:00,Materials
0.18000000715255737,0.18000000715255737,0.18000000715255737,0.18000000715255737,41476,0.0,0.0,BVR,2024-06-03 00:00:00+10:00,Materials
0.16500000655651093,0.17499999701976776,0.16500000655651093,0.17499999701976776,20114,0.0,0.0,BVR,2024-06-04 00:00:00+10:00,Materials
0.18000000715255737,0.18000000715255737,0.1599999964237213,0.1599999964237213,102832,0.0,0.0,BVR,2024-06-05 00:00:00+10:00,Materials
0.1599999964237213,0.1899999976158142,0.1599999964237213,0.1899999976158142,49157,0.0,0.0,BVR,2024-06-06 00:00:00+10:00,Materials
0.1850000023841858,0.1899999976158142,0.1850000023841858,0.1899999976158142,18071,0.0,0.0,BVR,2024-06-07 00:00:00+10:00,Materials
0.1850000023841858,0.1850000023841858,0.1850000023841858,0.1850000023841858,4000,0.0,0.0,BVR,2024-06-11 00:00:00+10:00,Materials
0.1850000023841858,0.1850000023841858,0.1850000023841858,0.1850000023841858,0,0.0,0.0,BVR,2024-06-12 00:00:00+10:00,Materials
0.1850000023841858,0.1850000023841858,0.1850000023841858,0.1850000023841858,12364,0.0,0.0,BVR,2024-06-13 00:00:00+10:00,Materials
0.1850000023841858,0.1850000023841858,0.1850000023841858,0.1850000023841858,0,0.0,0.0,BVR,2024-06-14 00:00:00+10:00,Materials
0.1850000023841858,0.1850000023841858,0.1850000023841858,0.1850000023841858,0,0.0,0.0,BVR,2024-06-17 00:00:00+10:00,Materials
0.1850000023841858,0.1850000023841858,0.1850000023841858,0.1850000023841858,0,0.0,0.0,BVR,2024-06-18 00:00:00+10:00,Materials
0.18000000715255737,0.1850000023841858,0.18000000715255737,0.1850000023841858,60744,0.0,0.0,BVR,2024-06-19 00:00:00+10:00,Materials
0.1850000023841858,0.1850000023841858,0.1850000023841858,0.1850000023841858,0,0.0,0.0,BVR,2024-06-20 00:00:00+10:00,Materials
0.1899999976158142,0.1899999976158142,0.1899999976158142,0.1899999976158142,30080,0.0,0.0,BVR,2024-06-21 00:00:00+10:00,Materials
0.1850000023841858,0.1850000023841858,0.18000000715255737,0.18000000715255737,12479,0.0,0.0,BVR,2024-06-24 00:00:00+10:00,Materials
0.18000000715255737,0.1899999976158142,0.18000000715255737,0.1899999976158142,87007,0.0,0.0,BVR,2024-06-25 00:00:00+10:00,Materials
0.20000000298023224,0.20000000298023224,0.17000000178813934,0.17000000178813934,50176,0.0,0.0,BVR,2024-06-26 00:00:00+10:00,Materials
0.19499999284744263,0.2199999988079071,0.19499999284744263,0.2199999988079071,840825,0.0,0.0,BVR,2024-06-27 00:00:00+10:00,Materials
0.2199999988079071,0.2549999952316284,0.2199999988079071,0.2549999952316284,238822,0.0,0.0,BVR,2024-06-28 00:00:00+10:00,Materials
0.25999999046325684,0.2750000059604645,0.25999999046325684,0.25999999046325684,211283,0.0,0.0,BVR,2024-07-01 00:00:00+10:00,Materials
0.25999999046325684,0.26499998569488525,0.25999999046325684,0.26499998569488525,38606,0.0,0.0,BVR,2024-07-02 00:00:00+10:00,Materials
0.25999999046325684,0.25999999046325684,0.24250000715255737,0.24250000715255737,60581,0.0,0.0,BVR,2024-07-03 00:00:00+10:00,Materials
0.23499999940395355,0.23499999940395355,0.23499999940395355,0.23499999940395355,13601,0.0,0.0,BVR,2024-07-04 00:00:00+10:00,Materials
0.23499999940395355,0.23499999940395355,0.23499999940395355,0.23499999940395355,8849,0.0,0.0,BVR,2024-07-05 00:00:00+10:00,Materials
0.23000000417232513,0.23999999463558197,0.2199999988079071,0.23499999940395355,1209219,0.0,0.0,BVR,2024-07-08 00:00:00+10:00,Materials
0.23999999463558197,0.25,0.23999999463558197,0.25,37203,0.0,0.0,BVR,2024-07-09 00:00:00+10:00,Materials
0.23499999940395355,0.23499999940395355,0.23499999940395355,0.23499999940395355,13565,0.0,0.0,BVR,2024-07-10 00:00:00+10:00,Materials
0.25,0.25999999046325684,0.25,0.25999999046325684,208189,0.0,0.0,BVR,2024-07-11 00:00:00+10:00,Materials
0.25999999046325684,0.2800000011920929,0.25999999046325684,0.25999999046325684,269229,0.0,0.0,BVR,2024-07-12 00:00:00+10:00,Materials
0.26499998569488525,0.2750000059604645,0.26499998569488525,0.2750000059604645,37472,0.0,0.0,BVR,2024-07-15 00:00:00+10:00,Materials
0.2750000059604645,0.2750000059604645,0.26499998569488525,0.26499998569488525,49780,0.0,0.0,BVR,2024-07-16 00:00:00+10:00,Materials
0.26499998569488525,0.26499998569488525,0.26499998569488525,0.26499998569488525,0,0.0,0.0,BVR,2024-07-17 00:00:00+10:00,Materials
0.2800000011920929,0.2849999964237213,0.2800000011920929,0.2849999964237213,30285,0.0,0.0,BVR,2024-07-18 00:00:00+10:00,Materials
0.2800000011920929,0.2800000011920929,0.2750000059604645,0.2750000059604645,20460,0.0,0.0,BVR,2024-07-19 00:00:00+10:00,Materials
0.2750000059604645,0.2750000059604645,0.27000001072883606,0.27000001072883606,42001,0.0,0.0,BVR,2024-07-22 00:00:00+10:00,Materials
0.27000001072883606,0.27000001072883606,0.25999999046325684,0.25999999046325684,182343,0.0,0.0,BVR,2024-07-23 00:00:00+10:00,Materials
0.25999999046325684,0.26499998569488525,0.25,0.25,71794,0.0,0.0,BVR,2024-07-24 00:00:00+10:00,Materials
0.25,0.25,0.25,0.25,66610,0.0,0.0,BVR,2024-07-25 00:00:00+10:00,Materials
0.25999999046325684,0.25999999046325684,0.25999999046325684,0.25999999046325684,30000,0.0,0.0,BVR,2024-07-26 00:00:00+10:00,Materials
0.26499998569488525,0.26499998569488525,0.26499998569488525,0.26499998569488525,3884,0.0,0.0,BVR,2024-07-29 00:00:00+10:00,Materials
0.26499998569488525,0.26499998569488525,0.26499998569488525,0.26499998569488525,61114,0.0,0.0,BVR,2024-07-30 00:00:00+10:00,Materials
0.25999999046325684,0.25999999046325684,0.25,0.25,153072,0.0,0.0,BVR,2024-07-31 00:00:00+10:00,Materials
0.25,0.2549999952316284,0.23999999463558197,0.23999999463558197,84030,0.0,0.0,BVR,2024-08-01 00:00:00+10:00,Materials
0.23499999940395355,0.23999999463558197,0.23499999940395355,0.23999999463558197,61075,0.0,0.0,BVR,2024-08-02 00:00:00+10:00,Materials
0.23749999701976776,0.23749999701976776,0.2150000035762787,0.2150000035762787,183499,0.0,0.0,BVR,2024-08-05 00:00:00+10:00,Materials
0.2150000035762787,0.2150000035762787,0.20999999344348907,0.20999999344348907,82033,0.0,0.0,BVR,2024-08-06 00:00:00+10:00,Materials
0.22499999403953552,0.23499999940395355,0.22499999403953552,0.23499999940395355,16673,0.0,0.0,BVR,2024-08-07 00:00:00+10:00,Materials
0.22499999403953552,0.22499999403953552,0.20999999344348907,0.20999999344348907,63719,0.0,0.0,BVR,2024-08-08 00:00:00+10:00,Materials
0.20000000298023224,0.20000000298023224,0.20000000298023224,0.20000000298023224,14112,0.0,0.0,BVR,2024-08-09 00:00:00+10:00,Materials
0.2150000035762787,0.22499999403953552,0.2150000035762787,0.22499999403953552,7634,0.0,0.0,BVR,2024-08-12 00:00:00+10:00,Materials
0.2199999988079071,0.2199999988079071,0.2199999988079071,0.2199999988079071,20356,0.0,0.0,BVR,2024-08-13 00:00:00+10:00,Materials
0.23000000417232513,0.2549999952316284,0.23000000417232513,0.25,216523,0.0,0.0,BVR,2024-08-14 00:00:00+10:00,Materials
0.2549999952316284,0.2549999952316284,0.25,0.2549999952316284,7122,0.0,0.0,BVR,2024-08-15 00:00:00+10:00,Materials
0.25999999046325684,0.25999999046325684,0.25999999046325684,0.25999999046325684,31926,0.0,0.0,BVR,2024-08-16 00:00:00+10:00,Materials
0.24500000476837158,0.24500000476837158,0.24500000476837158,0.24500000476837158,24416,0.0,0.0,BVR,2024-08-19 00:00:00+10:00,Materials
0.2549999952316284,0.2549999952316284,0.2549999952316284,0.2549999952316284,53365,0.0,0.0,BVR,2024-08-20 00:00:00+10:00,Materials
0.25999999046325684,0.25999999046325684,0.25,0.25,55360,0.0,0.0,BVR,2024-08-21 00:00:00+10:00,Materials
0.24500000476837158,0.24500000476837158,0.23999999463558197,0.23999999463558197,21333,0.0,0.0,BVR,2024-08-22 00:00:00+10:00,Materials
0.2549999952316284,0.2549999952316284,0.2549999952316284,0.2549999952316284,13377,0.0,0.0,BVR,2024-08-23 00:00:00+10:00,Materials
0.2549999952316284,0.25999999046325684,0.25,0.25999999046325684,151216,0.0,0.0,BVR,2024-08-26 00:00:00+10:00,Materials
0.25,0.25,0.25,0.25,44526,0.0,0.0,BVR,2024-08-27 00:00:00+10:00,Materials
0.25,0.25,0.23499999940395355,0.23499999940395355,99673,0.0,0.0,BVR,2024-08-28 00:00:00+10:00,Materials
0.24500000476837158,0.24500000476837158,0.24500000476837158,0.24500000476837158,10979,0.0,0.0,BVR,2024-08-29 00:00:00+10:00,Materials
0.24500000476837158,0.26499998569488525,0.24500000476837158,0.26499998569488525,250759,0.0,0.0,BVR,2024-08-30 00:00:00+10:00,Materials
0.2800000011920929,0.3400000035762787,0.2800000011920929,0.30000001192092896,357664,0.0,0.0,BVR,2024-09-02 00:00:00+10:00,Materials
0.30000001192092896,0.3100000023841858,0.28999999165534973,0.28999999165534973,123347,0.0,0.0,BVR,2024-09-03 00:00:00+10:00,Materials
0.30000001192092896,0.30000001192092896,0.2800000011920929,0.2849999964237213,56651,0.0,0.0,BVR,2024-09-04 00:00:00+10:00,Materials
0.28999999165534973,0.30000001192092896,0.2849999964237213,0.2849999964237213,121648,0.0,0.0,BVR,2024-09-05 00:00:00+10:00,Materials
0.2849999964237213,0.2849999964237213,0.2750000059604645,0.2800000011920929,67831,0.0,0.0,BVR,2024-09-06 00:00:00+10:00,Materials
0.2849999964237213,0.2849999964237213,0.2800000011920929,0.2800000011920929,68190,0.0,0.0,BVR,2024-09-09 00:00:00+10:00,Materials
0.2800000011920929,0.2800000011920929,0.2800000011920929,0.2800000011920929,12477,0.0,0.0,BVR,2024-09-10 00:00:00+10:00,Materials
0.2800000011920929,0.2800000011920929,0.27000001072883606,0.27000001072883606,40000,0.0,0.0,BVR,2024-09-11 00:00:00+10:00,Materials
0.25999999046325684,0.26499998569488525,0.25999999046325684,0.25999999046325684,33630,0.0,0.0,BVR,2024-09-12 00:00:00+10:00,Materials
0.27000001072883606,0.2800000011920929,0.27000001072883606,0.27000001072883606,78098,0.0,0.0,BVR,2024-09-13 00:00:00+10:00,Materials
0.27000001072883606,0.2800000011920929,0.27000001072883606,0.2800000011920929,59192,0.0,0.0,BVR,2024-09-16 00:00:00+10:00,Materials
0.27000001072883606,0.27000001072883606,0.27000001072883606,0.27000001072883606,4074,0.0,0.0,BVR,2024-09-17 00:00:00+10:00,Materials
0.2750000059604645,0.30000001192092896,0.2750000059604645,0.2800000011920929,189405,0.0,0.0,BVR,2024-09-18 00:00:00+10:00,Materials
0.30000001192092896,0.3149999976158142,0.2800000011920929,0.29499998688697815,185829,0.0,0.0,BVR,2024-09-19 00:00:00+10:00,Materials
0.29499998688697815,0.30000001192092896,0.29499998688697815,0.30000001192092896,85704,0.0,0.0,BVR,2024-09-20 00:00:00+10:00,Materials
0.29499998688697815,0.29499998688697815,0.2849999964237213,0.2849999964237213,51793,0.0,0.0,BVR,2024-09-23 00:00:00+10:00,Materials
0.2849999964237213,0.2849999964237213,0.2750000059604645,0.2750000059604645,51875,0.0,0.0,BVR,2024-09-24 00:00:00+10:00,Materials
0.28999999165534973,0.28999999165534973,0.2849999964237213,0.2849999964237213,24363,0.0,0.0,BVR,2024-09-25 00:00:00+10:00,Materials
0.2849999964237213,0.30000001192092896,0.2849999964237213,0.30000001192092896,222767,0.0,0.0,BVR,2024-09-26 00:00:00+10:00,Materials
0.30000001192092896,0.32499998807907104,0.30000001192092896,0.32499998807907104,52925,0.0,0.0,BVR,2024-09-27 00:00:00+10:00,Materials
0.32499998807907104,0.32499998807907104,0.3050000071525574,0.3199999928474426,70868,0.0,0.0,BVR,2024-09-30 00:00:00+10:00,Materials
0.3199999928474426,0.32499998807907104,0.28999999165534973,0.32499998807907104,211598,0.0,0.0,BVR,2024-10-01 00:00:00+10:00,Materials
0.32499998807907104,0.32499998807907104,0.28999999165534973,0.28999999165534973,80940,0.0,0.0,BVR,2024-10-02 00:00:00+10:00,Materials
0.3050000071525574,0.3050000071525574,0.3050000071525574,0.3050000071525574,50143,0.0,0.0,BVR,2024-10-03 00:00:00+10:00,Materials
0.3050000071525574,0.3050000071525574,0.3050000071525574,0.3050000071525574,12920,0.0,0.0,BVR,2024-10-04 00:00:00+10:00,Materials
0.3050000071525574,0.3050000071525574,0.30000001192092896,0.30000001192092896,34909,0.0,0.0,BVR,2024-10-07 00:00:00+11:00,Materials
0.3100000023841858,0.3100000023841858,0.30000001192092896,0.30000001192092896,60387,0.0,0.0,BVR,2024-10-08 00:00:00+11:00,Materials
0.2849999964237213,0.2849999964237213,0.2849999964237213,0.2849999964237213,30000,0.0,0.0,BVR,2024-10-09 00:00:00+11:00,Materials
0.2849999964237213,0.2849999964237213,0.2849999964237213,0.2849999964237213,0,0.0,0.0,BVR,2024-10-10 00:00:00+11:00,Materials
0.30000001192092896,0.30000001192092896,0.28999999165534973,0.28999999165534973,22315,0.0,0.0,BVR,2024-10-11 00:00:00+11:00,Materials
0.2849999964237213,0.2849999964237213,0.2800000011920929,0.2800000011920929,79894,0.0,0.0,BVR,2024-10-14 00:00:00+11:00,Materials
0.2800000011920929,0.28999999165534973,0.2800000011920929,0.28999999165534973,56614,0.0,0.0,BVR,2024-10-15 00:00:00+11:00,Materials
0.28999999165534973,0.28999999165534973,0.25999999046325684,0.2849999964237213,319669,0.0,0.0,BVR,2024-10-16 00:00:00+11:00,Materials
0.2849999964237213,0.2849999964237213,0.2849999964237213,0.2849999964237213,0,0.0,0.0,BVR,2024-10-17 00:00:00+11:00,Materials
0.28999999165534973,0.30000001192092896,0.2800000011920929,0.30000001192092896,212338,0.0,0.0,BVR,2024-10-18 00:00:00+11:00,Materials
0.3100000023841858,0.3400000035762787,0.29499998688697815,0.3400000035762787,201183,0.0,0.0,BVR,2024-10-21 00:00:00+11:00,Materials
0.3400000035762787,0.3499999940395355,0.3400000035762787,0.3400000035762787,301521,0.0,0.0,BVR,2024-10-22 00:00:00+11:00,Materials
0.38999998569488525,0.38999998569488525,0.3499999940395355,0.3499999940395355,186750,0.0,0.0,BVR,2024-10-23 00:00:00+11:00,Materials
0.3499999940395355,0.36000001430511475,0.3499999940395355,0.36000001430511475,86526,0.0,0.0,BVR,2024-10-24 00:00:00+11:00,Materials
0.36000001430511475,0.36000001430511475,0.36000001430511475,0.36000001430511475,0,0.0,0.0,BVR,2024-10-25 00:00:00+11:00,Materials
0.3700000047683716,0.4000000059604645,0.3700000047683716,0.4000000059604645,153474,0.0,0.0,BVR,2024-10-28 00:00:00+11:00,Materials
0.4000000059604645,0.4300000071525574,0.4000000059604645,0.4300000071525574,226189,0.0,0.0,BVR,2024-10-29 00:00:00+11:00,Materials
0.41999998688697815,0.45500001311302185,0.41999998688697815,0.4350000023841858,188079,0.0,0.0,BVR,2024-10-30 00:00:00+11:00,Materials
0.41999998688697815,0.42500001192092896,0.41999998688697815,0.42500001192092896,12238,0.0,0.0,BVR,2024-10-31 00:00:00+11:00,Materials
0.42500001192092896,0.42500001192092896,0.42500001192092896,0.42500001192092896,0,0.0,0.0,BVR,2024-11-01 00:00:00+11:00,Materials
0.4449999928474426,0.4749999940395355,0.42500001192092896,0.45500001311302185,215799,0.0,0.0,BVR,2024-11-04 00:00:00+11:00,Materials
0.46000000834465027,0.5099999904632568,0.4399999976158142,0.47999998927116394,148933,0.0,0.0,BVR,2024-11-05 00:00:00+11:00,Materials
0.49000000953674316,0.49000000953674316,0.44999998807907104,0.45500001311302185,34392,0.0,0.0,BVR,2024-11-06 00:00:00+11:00,Materials
0.4699999988079071,0.4699999988079071,0.45500001311302185,0.45500001311302185,78546,0.0,0.0,BVR,2024-11-07 00:00:00+11:00,Materials
0.46000000834465027,0.46000000834465027,0.4449999928474426,0.4449999928474426,82428,0.0,0.0,BVR,2024-11-08 00:00:00+11:00,Materials
0.4449999928474426,0.4449999928474426,0.4449999928474426,0.4449999928474426,535,0.0,0.0,BVR,2024-11-11 00:00:00+11:00,Materials
0.44999998807907104,0.44999998807907104,0.41999998688697815,0.41999998688697815,117350,0.0,0.0,BVR,2024-11-12 00:00:00+11:00,Materials
0.4050000011920929,0.4074999988079071,0.38999998569488525,0.38999998569488525,193461,0.0,0.0,BVR,2024-11-13 00:00:00+11:00,Materials
0.38499999046325684,0.39500001072883606,0.3700000047683716,0.3799999952316284,313246,0.0,0.0,BVR,2024-11-14 00:00:00+11:00,Materials
0.3799999952316284,0.4000000059604645,0.3799999952316284,0.38999998569488525,39280,0.0,0.0,BVR,2024-11-15 00:00:00+11:00,Materials
0.4000000059604645,0.4099999964237213,0.3824999928474426,0.38999998569488525,111155,0.0,0.0,BVR,2024-11-18 00:00:00+11:00,Materials
0.38999998569488525,0.41999998688697815,0.38999998569488525,0.4124999940395355,41617,0.0,0.0,BVR,2024-11-19 00:00:00+11:00,Materials
0.41999998688697815,0.41999998688697815,0.41999998688697815,0.41999998688697815,5993,0.0,0.0,BVR,2024-11-20 00:00:00+11:00,Materials
0.41999998688697815,0.41999998688697815,0.41999998688697815,0.41999998688697815,0,0.0,0.0,BVR,2024-11-21 00:00:00+11:00,Materials
0.41999998688697815,0.42500001192092896,0.41999998688697815,0.41999998688697815,13511,0.0,0.0,BVR,2024-11-22 00:00:00+11:00,Materials
0.41999998688697815,0.4399999976158142,0.41999998688697815,0.4399999976158142,57602,0.0,0.0,BVR,2024-11-25 00:00:00+11:00,Materials
0.4449999928474426,0.4449999928474426,0.4399999976158142,0.4399999976158142,37015,0.0,0.0,BVR,2024-11-26 00:00:00+11:00,Materials
0.4399999976158142,0.4399999976158142,0.4300000071525574,0.4300000071525574,29004,0.0,0.0,BVR,2024-11-27 00:00:00+11:00,Materials
0.41999998688697815,0.41999998688697815,0.41999998688697815,0.41999998688697815,4761,0.0,0.0,BVR,2024-11-28 00:00:00+11:00,Materials
0.41999998688697815,0.41999998688697815,0.41999998688697815,0.41999998688697815,0,0.0,0.0,BVR,2024-11-29 00:00:00+11:00,Materials
0.4300000071525574,0.4300000071525574,0.42500001192092896,0.42500001192092896,20320,0.0,0.0,BVR,2024-12-02 00:00:00+11:00,Materials
0.4300000071525574,0.4350000023841858,0.4300000071525574,0.4350000023841858,2713,0.0,0.0,BVR,2024-12-03 00:00:00+11:00,Materials
0.4399999976158142,0.4749999940395355,0.4399999976158142,0.4749999940395355,77712,0.0,0.0,BVR,2024-12-04 00:00:00+11:00,Materials
0.4749999940395355,0.4749999940395355,0.45500001311302185,0.4699999988079071,15979,0.0,0.0,BVR,2024-12-05 00:00:00+11:00,Materials
0.44999998807907104,0.44999998807907104,0.4300000071525574,0.4300000071525574,33771,0.0,0.0,BVR,2024-12-06 00:00:00+11:00,Materials
0.4449999928474426,0.44999998807907104,0.4399999976158142,0.4399999976158142,29616,0.0,0.0,BVR,2024-12-09 00:00:00+11:00,Materials
0.44999998807907104,0.44999998807907104,0.4300000071525574,0.44999998807907104,22535,0.0,0.0,BVR,2024-12-10 00:00:00+11:00,Materials
0.41999998688697815,0.4399999976158142,0.4050000011920929,0.4399999976158142,251013,0.0,0.0,BVR,2024-12-11 00:00:00+11:00,Materials
0.4399999976158142,0.4399999976158142,0.4399999976158142,0.4399999976158142,0,0.0,0.0,BVR,2024-12-12 00:00:00+11:00,Materials
0.4300000071525574,0.4399999976158142,0.4300000071525574,0.4399999976158142,7797,0.0,0.0,BVR,2024-12-13 00:00:00+11:00,Materials
0.4399999976158142,0.4399999976158142,0.4350000023841858,0.4399999976158142,16167,0.0,0.0,BVR,2024-12-16 00:00:00+11:00,Materials
0.4449999928474426,0.4449999928474426,0.4300000071525574,0.4300000071525574,41624,0.0,0.0,BVR,2024-12-17 00:00:00+11:00,Materials
0.4300000071525574,0.4300000071525574,0.42500001192092896,0.42500001192092896,58416,0.0,0.0,BVR,2024-12-18 00:00:00+11:00,Materials
0.42500001192092896,0.42500001192092896,0.4000000059604645,0.4000000059604645,123529,0.0,0.0,BVR,2024-12-19 00:00:00+11:00,Materials
0.4000000059604645,0.4000000059604645,0.4000000059604645,0.4000000059604645,2780,0.0,0.0,BVR,2024-12-20 00:00:00+11:00,Materials
0.38499999046325684,0.38499999046325684,0.3799999952316284,0.3799999952316284,48140,0.0,0.0,BVR,2024-12-23 00:00:00+11:00,Materials
0.375,0.375,0.375,0.375,7207,0.0,0.0,BVR,2024-12-24 00:00:00+11:00,Materials
0.375,0.375,0.375,0.375,0,0.0,0.0,BVR,2024-12-27 00:00:00+11:00,Materials
0.3799999952316284,0.3799999952316284,0.375,0.375,5206,0.0,0.0,BVR,2024-12-30 00:00:00+11:00,Materials
0.3799999952316284,0.3799999952316284,0.3700000047683716,0.3700000047683716,24897,0.0,0.0,BVR,2024-12-31 00:00:00+11:00,Materials
0.3700000047683716,0.3700000047683716,0.3700000047683716,0.3700000047683716,0,0.0,0.0,BVR,2025-01-02 00:00:00+11:00,Materials
0.3799999952316284,0.3799999952316284,0.3799999952316284,0.3799999952316284,7000,0.0,0.0,BVR,2025-01-03 00:00:00+11:00,Materials
0.4000000059604645,0.4000000059604645,0.4000000059604645,0.4000000059604645,1500,0.0,0.0,BVR,2025-01-06 00:00:00+11:00,Materials
0.39250001311302185,0.4300000071525574,0.39250001311302185,0.4300000071525574,17130,0.0,0.0,BVR,2025-01-07 00:00:00+11:00,Materials
0.39500001072883606,0.39500001072883606,0.38999998569488525,0.38999998569488525,41311,0.0,0.0,BVR,2025-01-08 00:00:00+11:00,Materials
0.39500001072883606,0.39500001072883606,0.39500001072883606,0.39500001072883606,2479,0.0,0.0,BVR,2025-01-09 00:00:00+11:00,Materials
0.4000000059604645,0.4000000059604645,0.4000000059604645,0.4000000059604645,75697,0.0,0.0,BVR,2025-01-10 00:00:00+11:00,Materials
0.4000000059604645,0.4000000059604645,0.3799999952316284,0.3799999952316284,40047,0.0,0.0,BVR,2025-01-13 00:00:00+11:00,Materials
0.3799999952316284,0.3799999952316284,0.3799999952316284,0.3799999952316284,0,0.0,0.0,BVR,2025-01-14 00:00:00+11:00,Materials
0.38999998569488525,0.38999998569488525,0.38999998569488525,0.38999998569488525,7783,0.0,0.0,BVR,2025-01-15 00:00:00+11:00,Materials
0.39500001072883606,0.39500001072883606,0.39500001072883606,0.39500001072883606,28295,0.0,0.0,BVR,2025-01-16 00:00:00+11:00,Materials
0.4099999964237213,0.41999998688697815,0.4099999964237213,0.41999998688697815,11138,0.0,0.0,BVR,2025-01-17 00:00:00+11:00,Materials
0.41999998688697815,0.41999998688697815,0.38749998807907104,0.4099999964237213,31082,0.0,0.0,BVR,2025-01-20 00:00:00+11:00,Materials
0.38499999046325684,0.38499999046325684,0.38499999046325684,0.38499999046325684,2516,0.0,0.0,BVR,2025-01-21 00:00:00+11:00,Materials
0.4099999964237213,0.41999998688697815,0.4099999964237213,0.41499999165534973,21322,0.0,0.0,BVR,2025-01-22 00:00:00+11:00,Materials
0.41499999165534973,0.41499999165534973,0.41499999165534973,0.41499999165534973,0,0.0,0.0,BVR,2025-01-23 00:00:00+11:00,Materials
0.42500001192092896,0.46000000834465027,0.42500001192092896,0.46000000834465027,26152,0.0,0.0,BVR,2025-01-24 00:00:00+11:00,Materials
0.46000000834465027,0.46000000834465027,0.4350000023841858,0.4449999928474426,54190,0.0,0.0,BVR,2025-01-28 00:00:00+11:00,Materials
0.4300000071525574,0.4300000071525574,0.4300000071525574,0.4300000071525574,2167,0.0,0.0,BVR,2025-01-29 00:00:00+11:00,Materials
0.42500001192092896,0.4375,0.38999998569488525,0.38999998569488525,113484,0.0,0.0,BVR,2025-01-30 00:00:00+11:00,Materials
0.4099999964237213,0.4099999964237213,0.4050000011920929,0.4050000011920929,4395,0.0,0.0,BVR,2025-01-31 00:00:00+11:00,Materials
0.4050000011920929,0.4050000011920929,0.4000000059604645,0.4000000059604645,7935,0.0,0.0,BVR,2025-02-03 00:00:00+11:00,Materials
0.4050000011920929,0.4050000011920929,0.4050000011920929,0.4050000011920929,22,0.0,0.0,BVR,2025-02-04 00:00:00+11:00,Materials
0.4050000011920929,0.4050000011920929,0.4050000011920929,0.4050000011920929,70779,0.0,0.0,BVR,2025-02-05 00:00:00+11:00,Materials
0.38999998569488525,0.4000000059604645,0.3799999952316284,0.39500001072883606,51602,0.0,0.0,BVR,2025-02-06 00:00:00+11:00,Materials
0.39500001072883606,0.39500001072883606,0.39500001072883606,0.39500001072883606,0,0.0,0.0,BVR,2025-02-07 00:00:00+11:00,Materials
0.4300000071525574,0.4449999928474426,0.41499999165534973,0.41499999165534973,23077,0.0,0.0,BVR,2025-02-10 00:00:00+11:00,Materials
0.4099999964237213,0.41999998688697815,0.39500001072883606,0.4099999964237213,108146,0.0,0.0,BVR,2025-02-11 00:00:00+11:00,Materials
0.38499999046325684,0.38999998569488525,0.3799999952316284,0.38999998569488525,36698,0.0,0.0,BVR,2025-02-12 00:00:00+11:00,Materials
0.38999998569488525,0.39500001072883606,0.3799999952316284,0.3799999952316284,93077,0.0,0.0,BVR,2025-02-13 00:00:00+11:00,Materials
0.3799999952316284,0.4099999964237213,0.3799999952316284,0.38999998569488525,98221,0.0,0.0,BVR,2025-02-14 00:00:00+11:00,Materials
0.39500001072883606,0.39500001072883606,0.39500001072883606,0.39500001072883606,35300,0.0,0.0,BVR,2025-02-17 00:00:00+11:00,Materials
0.39500001072883606,0.41499999165534973,0.39500001072883606,0.41499999165534973,37178,0.0,0.0,BVR,2025-02-18 00:00:00+11:00,Materials
0.41999998688697815,0.41999998688697815,0.4099999964237213,0.41999998688697815,74652,0.0,0.0,BVR,2025-02-19 00:00:00+11:00,Materials
0.41499999165534973,0.41499999165534973,0.4000000059604645,0.4000000059604645,102578,0.0,0.0,BVR,2025-02-20 00:00:00+11:00,Materials
0.4099999964237213,0.4099999964237213,0.4000000059604645,0.4000000059604645,14643,0.0,0.0,BVR,2025-02-21 00:00:00+11:00,Materials
0.39500001072883606,0.39500001072883606,0.3799999952316284,0.3799999952316284,3104,0.0,0.0,BVR,2025-02-24 00:00:00+11:00,Materials
0.39500001072883606,0.39500001072883606,0.39500001072883606,0.39500001072883606,21162,0.0,0.0,BVR,2025-02-25 00:00:00+11:00,Materials
0.3799999952316284,0.3799999952316284,0.3700000047683716,0.3700000047683716,29299,0.0,0.0,BVR,2025-02-26 00:00:00+11:00,Materials
0.3700000047683716,0.4050000011920929,0.3499999940395355,0.36000001430511475,142173,0.0,0.0,BVR,2025-02-27 00:00:00+11:00,Materials
0.36500000953674316,0.3700000047683716,0.36000001430511475,0.36000001430511475,58671,0.0,0.0,BVR,2025-02-28 00:00:00+11:00,Materials
0.33000001311302185,0.3375000059604645,0.33000001311302185,0.33500000834465027,82941,0.0,0.0,BVR,2025-03-03 00:00:00+11:00,Materials
0.3149999976158142,0.3449999988079071,0.30000001192092896,0.33500000834465027,296243,0.0,0.0,BVR,2025-03-04 00:00:00+11:00,Materials
0.33500000834465027,0.33500000834465027,0.3199999928474426,0.3199999928474426,29925,0.0,0.0,BVR,2025-03-05 00:00:00+11:00,Materials
0.3199999928474426,0.3199999928474426,0.3199999928474426,0.3199999928474426,38750,0.0,0.0,BVR,2025-03-06 00:00:00+11:00,Materials
0.3050000071525574,0.3100000023841858,0.3050000071525574,0.3050000071525574,82738,0.0,0.0,BVR,2025-03-07 00:00:00+11:00,Materials
0.3100000023841858,0.3100000023841858,0.3100000023841858,0.3100000023841858,5790,0.0,0.0,BVR,2025-03-10 00:00:00+11:00,Materials
0.33500000834465027,0.33500000834465027,0.33500000834465027,0.33500000834465027,2985,0.0,0.0,BVR,2025-03-11 00:00:00+11:00,Materials
0.33500000834465027,0.33500000834465027,0.33500000834465027,0.33500000834465027,0,0.0,0.0,BVR,2025-03-12 00:00:00+11:00,Materials
0.3100000023841858,0.3100000023841858,0.3100000023841858,0.3100000023841858,7211,0.0,0.0,BVR,2025-03-13 00:00:00+11:00,Materials
0.3100000023841858,0.3100000023841858,0.3100000023841858,0.3100000023841858,5147,0.0,0.0,BVR,2025-03-14 00:00:00+11:00,Materials
0.3199999928474426,0.33000001311302185,0.3199999928474426,0.33000001311302185,43191,0.0,0.0,BVR,2025-03-17 00:00:00+11:00,Materials
0.33500000834465027,0.33500000834465027,0.32499998807907104,0.33000001311302185,23241,0.0,0.0,BVR,2025-03-18 00:00:00+11:00,Materials
0.33500000834465027,0.39500001072883606,0.33500000834465027,0.36000001430511475,344307,0.0,0.0,BVR,2025-03-19 00:00:00+11:00,Materials
0.38999998569488525,0.38999998569488525,0.38999998569488525,0.38999998569488525,31339,0.0,0.0,BVR,2025-03-20 00:00:00+11:00,Materials
0.39500001072883606,0.39500001072883606,0.3799999952316284,0.38499999046325684,37335,0.0,0.0,BVR,2025-03-21 00:00:00+11:00,Materials
0.4000000059604645,0.4449999928474426,0.4000000059604645,0.4449999928474426,102780,0.0,0.0,BVR,2025-03-24 00:00:00+11:00,Materials
0.44999998807907104,0.44999998807907104,0.41999998688697815,0.41999998688697815,28058,0.0,0.0,BVR,2025-03-25 00:00:00+11:00,Materials
0.4099999964237213,0.42500001192092896,0.4099999964237213,0.4099999964237213,6332,0.0,0.0,BVR,2025-03-26 00:00:00+11:00,Materials
0.4099999964237213,0.4099999964237213,0.4099999964237213,0.4099999964237213,7629,0.0,0.0,BVR,2025-03-27 00:00:00+11:00,Materials
0.4099999964237213,0.4099999964237213,0.4000000059604645,0.4000000059604645,48048,0.0,0.0,BVR,2025-03-28 00:00:00+11:00,Materials
0.4000000059604645,0.4000000059604645,0.39500001072883606,0.39500001072883606,62739,0.0,0.0,BVR,2025-03-31 00:00:00+11:00,Materials
0.38999998569488525,0.38999998569488525,0.38999998569488525,0.38999998569488525,54155,0.0,0.0,BVR,2025-04-01 00:00:00+11:00,Materials
0.3799999952316284,0.3799999952316284,0.375,0.375,4789,0.0,0.0,BVR,2025-04-02 00:00:00+11:00,Materials
0.3499999940395355,0.36500000953674316,0.3499999940395355,0.3499999940395355,79004,0.0,0.0,BVR,2025-04-03 00:00:00+11:00,Materials
0.36500000953674316,0.3700000047683716,0.32499998807907104,0.3400000035762787,144987,0.0,0.0,BVR,2025-04-04 00:00:00+11:00,Materials
0.33000001311302185,0.33000001311302185,0.3100000023841858,0.3100000023841858,263122,0.0,0.0,BVR,2025-04-07 00:00:00+10:00,Materials
0.3050000071525574,0.3199999928474426,0.3050000071525574,0.3199999928474426,46510,0.0,0.0,BVR,2025-04-08 00:00:00+10:00,Materials
0.3199999928474426,0.3199999928474426,0.29499998688697815,0.30000001192092896,109452,0.0,0.0,BVR,2025-04-09 00:00:00+10:00,Materials
0.3100000023841858,0.33000001311302185,0.3100000023841858,0.3199999928474426,38943,0.0,0.0,BVR,2025-04-10 00:00:00+10:00,Materials
0.33500000834465027,0.33500000834465027,0.3199999928474426,0.3199999928474426,62628,0.0,0.0,BVR,2025-04-11 00:00:00+10:00,Materials
0.3400000035762787,0.36000001430511475,0.3400000035762787,0.3449999988079071,189993,0.0,0.0,BVR,2025-04-14 00:00:00+10:00,Materials
0.36000001430511475,0.36000001430511475,0.36000001430511475,0.36000001430511475,3000,0.0,0.0,BVR,2025-04-15 00:00:00+10:00,Materials
0.3449999988079071,0.3449999988079071,0.3400000035762787,0.3400000035762787,29000,0.0,0.0,BVR,2025-04-16 00:00:00+10:00,Materials
0.3449999988079071,0.3449999988079071,0.3449999988079071,0.3449999988079071,918,0.0,0.0,BVR,2025-04-17 00:00:00+10:00,Materials
0.35499998927116394,0.375,0.3499999940395355,0.3499999940395355,70626,0.0,0.0,BVR,2025-04-22 00:00:00+10:00,Materials
0.3499999940395355,0.3499999940395355,0.3449999988079071,0.3449999988079071,33488,0.0,0.0,BVR,2025-04-23 00:00:00+10:00,Materials
0.3449999988079071,0.3449999988079071,0.3449999988079071,0.3449999988079071,0,0.0,0.0,BVR,2025-04-24 00:00:00+10:00,Materials
0.3449999988079071,0.3449999988079071,0.33500000834465027,0.33500000834465027,6868,0.0,0.0,BVR,2025-04-28 00:00:00+10:00,Materials
0.33500000834465027,0.33500000834465027,0.32499998807907104,0.32499998807907104,97922,0.0,0.0,BVR,2025-04-29 00:00:00+10:00,Materials
0.3100000023841858,0.3100000023841858,0.30000001192092896,0.30000001192092896,26316,0.0,0.0,BVR,2025-04-30 00:00:00+10:00,Materials
0.3050000071525574,0.32499998807907104,0.3050000071525574,0.32499998807907104,16060,0.0,0.0,BVR,2025-05-01 00:00:00+10:00,Materials
0.32499998807907104,0.32499998807907104,0.32499998807907104,0.32499998807907104,0,0.0,0.0,BVR,2025-05-02 00:00:00+10:00,Materials
0.3050000071525574,0.3050000071525574,0.3050000071525574,0.3050000071525574,10000,0.0,0.0,BVR,2025-05-05 00:00:00+10:00,Materials
0.3149999976158142,0.3199999928474426,0.3149999976158142,0.3199999928474426,39408,0.0,0.0,BVR,2025-05-06 00:00:00+10:00,Materials
0.36000001430511475,0.36000001430511475,0.36000001430511475,0.36000001430511475,166250,0.0,0.0,BVR,2025-05-07 00:00:00+10:00,Materials
0.36000001430511475,0.36000001430511475,0.36000001430511475,0.36000001430511475,0,0.0,0.0,BVR,2025-05-08 00:00:00+10:00,Materials
0.32499998807907104,0.33500000834465027,0.32499998807907104,0.33000001311302185,11834,0.0,0.0,BVR,2025-05-09 00:00:00+10:00,Materials
0.3149999976158142,0.3149999976158142,0.3050000071525574,0.3050000071525574,57804,0.0,0.0,BVR,2025-05-12 00:00:00+10:00,Materials
0.3199999928474426,0.3199999928474426,0.3199999928474426,0.3199999928474426,5605,0.0,0.0,BVR,2025-05-13 00:00:00+10:00,Materials
0.3199999928474426,0.3199999928474426,0.3199999928474426,0.3199999928474426,0,0.0,0.0,BVR,2025-05-14 00:00:00+10:00,Materials
0.3449999988079071,0.3449999988079071,0.33000001311302185,0.33000001311302185,34865,0.0,0.0,BVR,2025-05-15 00:00:00+10:00,Materials
0.33000001311302185,0.33000001311302185,0.3100000023841858,0.3100000023841858,44269,0.0,0.0,BVR,2025-05-16 00:00:00+10:00,Materials
0.3199999928474426,0.3199999928474426,0.3149999976158142,0.3199999928474426,38198,0.0,0.0,BVR,2025-05-19 00:00:00+10:00,Materials
0.3199999928474426,0.3199999928474426,0.3050000071525574,0.3100000023841858,39115,0.0,0.0,BVR,2025-05-20 00:00:00+10:00,Materials
0.3100000023841858,0.3100000023841858,0.3100000023841858,0.3100000023841858,0,0.0,0.0,BVR,2025-05-21 00:00:00+10:00,Materials
0.3100000023841858,0.3100000023841858,0.3100000023841858,0.3100000023841858,38332,0.0,0.0,BVR,2025-05-22 00:00:00+10:00,Materials
0.3100000023841858,0.3100000023841858,0.3100000023841858,0.3100000023841858,0,0.0,0.0,BVR,2025-05-23 00:00:00+10:00,Materials
0.3100000023841858,0.3100000023841858,0.3100000023841858,0.3100000023841858,0,0.0,0.0,BVR,2025-05-26 00:00:00+10:00,Materials
0.3499999940395355,0.3499999940395355,0.3449999988079071,0.3499999940395355,17467,0.0,0.0,BVR,2025-05-27 00:00:00+10:00,Materials
0.3449999988079071,0.36000001430511475,0.33500000834465027,0.36000001430511475,89797,0.0,0.0,BVR,2025-05-28 00:00:00+10:00,Materials
0.36000001430511475,0.36000001430511475,0.36000001430511475,0.36000001430511475,0,0.0,0.0,BVR,2025-05-29 00:00:00+10:00,Materials
0.36000001430511475,0.36000001430511475,0.36000001430511475,0.36000001430511475,0,0.0,0.0,BVR,2025-05-30 00:00:00+10:00,Materials
0.36000001430511475,0.36000001430511475,0.36000001430511475,0.36000001430511475,0,0.0,0.0,BVR,2025-06-02 00:00:00+10:00,Materials
0.36000001430511475,0.36000001430511475,0.3199999928474426,0.3199999928474426,2263,0.0,0.0,BVR,2025-06-03 00:00:00+10:00,Materials
0.3199999928474426,0.3199999928474426,0.3199999928474426,0.3199999928474426,0,0.0,0.0,BVR,2025-06-04 00:00:00+10:00,Materials
0.32499998807907104,0.32499998807907104,0.32499998807907104,0.32499998807907104,194,0.0,0.0,BVR,2025-06-05 00:00:00+10:00,Materials
0.3449999988079071,0.3499999940395355,0.3449999988079071,0.3499999940395355,11628,0.0,0.0,BVR,2025-06-06 00:00:00+10:00,Materials
0.33500000834465027,0.3499999940395355,0.33500000834465027,0.3499999940395355,29496,0.0,0.0,BVR,2025-06-10 00:00:00+10:00,Materials
0.3499999940395355,0.3499999940395355,0.3499999940395355,0.3499999940395355,0,0.0,0.0,BVR,2025-06-11 00:00:00+10:00,Materials
0.3499999940395355,0.3499999940395355,0.3499999940395355,0.3499999940395355,0,0.0,0.0,BVR,2025-06-12 00:00:00+10:00,Materials
0.33500000834465027,0.3400000035762787,0.3199999928474426,0.3199999928474426,160000,0.0,0.0,BVR,2025-06-13 00:00:00+10:00,Materials
0.33000001311302185,0.33000001311302185,0.33000001311302185,0.33000001311302185,35000,0.0,0.0,BVR,2025-06-16 00:00:00+10:00,Materials
0.33500000834465027,0.33500000834465027,0.33500000834465027,0.33500000834465027,4543,0.0,0.0,BVR,2025-06-17 00:00:00+10:00,Materials
0.33500000834465027,0.33500000834465027,0.33500000834465027,0.33500000834465027,0,0.0,0.0,BVR,2025-06-18 00:00:00+10:00,Materials
0.33500000834465027,0.33500000834465027,0.33500000834465027,0.33500000834465027,0,0.0,0.0,BVR,2025-06-19 00:00:00+10:00,Materials
0.33500000834465027,0.33500000834465027,0.33500000834465027,0.33500000834465027,0,0.0,0.0,BVR,2025-06-20 00:00:00+10:00,Materials
0.33500000834465027,0.33500000834465027,0.33500000834465027,0.33500000834465027,0,0.0,0.0,BVR,2025-06-23 00:00:00+10:00,Materials
0.3199999928474426,0.33500000834465027,0.3199999928474426,0.33500000834465027,6824,0.0,0.0,BVR,2025-06-24 00:00:00+10:00,Materials
0.30000001192092896,0.30000001192092896,0.2549999952316284,0.2549999952316284,17071,0.0,0.0,BVR,2025-06-25 00:00:00+10:00,Materials
0.2800000011920929,0.3149999976158142,0.2800000011920929,0.3100000023841858,257027,0.0,0.0,BVR,2025-06-26 00:00:00+10:00,Materials
0.30000001192092896,0.30000001192092896,0.30000001192092896,0.30000001192092896,40836,0.0,0.0,BVR,2025-06-27 00:00:00+10:00,Materials
0.28999999165534973,0.30000001192092896,0.28999999165534973,0.30000001192092896,3717,0.0,0.0,BVR,2025-06-30 00:00:00+10:00,Materials
0.3100000023841858,0.3100000023841858,0.3100000023841858,0.3100000023841858,161,0.0,0.0,BVR,2025-07-01 00:00:00+10:00,Materials
0.3100000023841858,0.3100000023841858,0.3100000023841858,0.3100000023841858,0,0.0,0.0,BVR,2025-07-02 00:00:00+10:00,Materials
0.2849999964237213,0.30000001192092896,0.2849999964237213,0.30000001192092896,38447,0.0,0.0,BVR,2025-07-03 00:00:00+10:00,Materials
0.30000001192092896,0.30000001192092896,0.30000001192092896,0.30000001192092896,83975,0.0,0.0,BVR,2025-07-04 00:00:00+10:00,Materials
0.30000001192092896,0.30000001192092896,0.30000001192092896,0.30000001192092896,0,0.0,0.0,BVR,2025-07-07 00:00:00+10:00,Materials
0.3050000071525574,0.3050000071525574,0.3050000071525574,0.3050000071525574,23207,0.0,0.0,BVR,2025-07-08 00:00:00+10:00,Materials
0.30000001192092896,0.30000001192092896,0.30000001192092896,0.30000001192092896,4790,0.0,0.0,BVR,2025-07-09 00:00:00+10:00,Materials
0.30000001192092896,0.3050000071525574,0.30000001192092896,0.3050000071525574,34496,0.0,0.0,BVR,2025-07-10 00:00:00+10:00,Materials
0.3050000071525574,0.3050000071525574,0.3050000071525574,0.3050000071525574,0,0.0,0.0,BVR,2025-07-11 00:00:00+10:00,Materials
0.30000001192092896,0.30000001192092896,0.28999999165534973,0.29499998688697815,86218,0.0,0.0,BVR,2025-07-14 00:00:00+10:00,Materials
0.29499998688697815,0.29499998688697815,0.29499998688697815,0.29499998688697815,0,0.0,0.0,BVR,2025-07-15 00:00:00+10:00,Materials
0.29499998688697815,0.29499998688697815,0.29499998688697815,0.29499998688697815,1289,0.0,0.0,BVR,2025-07-16 00:00:00+10:00,Materials
0.2800000011920929,0.29499998688697815,0.2800000011920929,0.28999999165534973,110973,0.0,0.0,BVR,2025-07-17 00:00:00+10:00,Materials
0.28999999165534973,0.28999999165534973,0.28999999165534973,0.28999999165534973,14967,0.0,0.0,BVR,2025-07-18 00:00:00+10:00,Materials
0.28999999165534973,0.28999999165534973,0.28999999165534973,0.28999999165534973,0,0.0,0.0,BVR,2025-07-21 00:00:00+10:00,Materials
0.28999999165534973,0.28999999165534973,0.28999999165534973,0.28999999165534973,24706,0.0,0.0,BVR,2025-07-22 00:00:00+10:00,Materials
0.28999999165534973,0.28999999165534973,0.28999999165534973,0.28999999165534973,0,0.0,0.0,BVR,2025-07-23 00:00:00+10:00,Materials
0.28999999165534973,0.30000001192092896,0.28999999165534973,0.28999999165534973,44007,0.0,0.0,BVR,2025-07-24 00:00:00+10:00,Materials
0.28999999165534973,0.28999999165534973,0.28999999165534973,0.28999999165534973,138989,0.0,0.0,BVR,2025-07-25 00:00:00+10:00,Materials
