Open,High,Low,Close,Volume,Dividends,Stock Splits,Ticker,Date,Sector,Returns,Log_Returns,Price_Change,Price_Change_Pct,MA_5,MA_Ratio_5,MA_10,MA_Ratio_10,MA_20,MA_Ratio_20,MA_50,MA_Ratio_50,MA_100,MA_Ratio_100,MA_200,MA_Ratio_200,Volatility_5,Volatility_Annualized_5,Volatility_10,Volatility_Annualized_10,Volatility_20,Volatility_Annualized_20,Volatility_50,Volatility_Annualized_50,RSI_7,RSI_14,RSI_21,MACD,MACD_Signal,MACD_Histogram,BB_Upper_10,BB_Lower_10,BB_Position_10,BB_Upper_20,BB_Lower_20,BB_Position_20,BB_Upper_50,BB_Lower_50,BB_Position_50,Volume_MA_5,Volume_MA_20,Volume_Ratio_5,Volume_Ratio_20,Momentum_5,Momentum_10,Momentum_20,Momentum_50,ROC_5,ROC_10,ROC_20,ROC_50,Stoch_K_14,Stoch_D_14,Stoch_K_21,Stoch_D_21,Williams_R_14,Williams_R_21,ATR_14,ATR_21,CCI_14,CCI_21,MFI_14,MFI_21,PSAR,Future_Return,Target,Sector_Encoded,Target_Encoded
0.03200000151991844,0.032999999821186066,0.03200000151991844,0.032999999821186066,853792,0.0,0.0,EMP,2020-10-13 00:00:00+11:00,Energy,0.031249945430320558,0.030771605750699496,0.000999998301267624,0.031249945430320485,0.033400000631809236,0.9880239280521983,0.03350000083446503,0.9850745969903214,0.03575000036507845,0.9230769086486875,0.030740000233054163,1.0735198298958295,0.02876000018790364,1.1474269682051585,0.026880000000819564,1.2276785647388357,0.05646535034766218,0.896359648272292,0.05286566393868492,0.8392163980564541,0.09578390315923048,1.520522324174507,0.08096291486645774,1.2852464289332484,54.54544838794781,33.33333333333333,51.16278868291499,0.00029164196448341895,0.0009499314441727433,-0.0006582894796893243,0.035660247513202965,0.03133975415572709,-0.23145551764999014,0.041867274524017346,0.029632726206139555,-0.4495467217002093,0.04249123126636556,0.018988769199742767,0.19232024131986236,1145985.8,1578741.55,0.7450284287990304,0.5408054282222444,-0.0294118227121295,0.0,0.031249945430320558,0.3199999731779102,-0.029411822712129523,0.0,0.031249945430320485,0.31999997317791024,22.222226821346247,22.558932301970128,6.451614066167646,9.44220790227053,-77.77777317865376,-93.54838593383235,0.002571428194642067,0.004285714101223718,-76.28206675243389,-75.51241376644732,38.9499939682019,65.99891297421803,0.05301332839539151,-0.21212119159619658,SELL,0,2
0.032999999821186066,0.032999999821186066,0.03200000151991844,0.03200000151991844,564113,0.0,0.0,EMP,2020-10-14 00:00:00+11:00,Energy,-0.030302978990491503,-0.03077160575069945,-0.000999998301267624,-0.03030297899049148,0.03300000056624412,0.969696999116158,0.033300000801682474,0.9609609834694554,0.035250000469386575,0.9078014494697484,0.030940000265836716,1.0342598980276079,0.028790000211447477,1.11149709221588,0.02685000001452863,1.1918063874340084,0.05745846069586281,0.9121247863069937,0.05263835304735248,0.8356079495238817,0.06303069192786465,1.0005812148327373,0.07902664955506891,1.2545091700161932,33.33333333333333,36.8421062950944,50.0,0.00011490957569088023,0.0007829270704763708,-0.0006680174947854906,0.035619003906800055,0.030980997696564896,-0.5605853993447407,0.04082720897620671,0.02967279196256644,-0.5827286079575194,0.04242137835175063,0.0194586221799228,0.09232352128375622,1258781.8,981889.85,0.4481420052307715,0.5745175999120472,-0.05882353585690325,-0.05882353585690325,-0.23809519163470083,0.4545455315142628,-0.05882353585690328,-0.05882353585690328,-0.23809519163470086,0.4545455315142628,14.285744696250442,15.199633027006596,3.225813041616661,5.309144673314704,-85.71425530374955,-96.77418695838334,0.002428571028368814,0.004285714101223718,-89.74355097027954,-83.4412042156018,41.42284072984829,64.96883474361752,0.05213279523931027,-0.15625001818989315,SELL,0,2
0.032999999821186066,0.035999998450279236,0.032999999821186066,0.035999998450279236,144624,0.0,0.0,EMP,2020-10-15 00:00:00+11:00,Energy,0.12499989813659829,0.1177829451111334,0.00299999862909317,0.09090904985905984,0.03360000029206276,1.0714285159927044,0.03360000066459179,1.0714285041135907,0.03520000036805868,1.0227272180072615,0.03120000023394823,1.1538460955236853,0.028790000211447477,1.2504341155219902,0.026840000012889505,1.3412816107671677,0.08140353759692621,1.2922410979341794,0.06565779458641706,1.0422851766517351,0.06473957807976165,1.027708941493787,0.08053386897503816,1.278435536554867,58.3333229853,47.82608202702488,42.10526160999013,0.0002942225400647605,0.0006851861643940488,-0.0003909636243292883,0.036459680692547465,0.030740320636636113,0.8392539592631113,0.040728871133189425,0.029671129602927938,0.14469466120748348,0.04253533420057195,0.019864666267324513,0.42345450345480257,1086181.2,845358.25,0.1331490546881128,0.17108013082027648,0.0909090498590599,0.0909090498590599,-0.02702708145055155,0.5652173208829812,0.09090904985905984,0.09090904985905984,-0.027027081450551504,0.5652173208829813,71.42856382593739,35.978845114511365,45.45453621828847,18.377321108690925,-28.57143617406261,-54.54546378171153,0.0025714279285499026,0.003047618837583633,85.2872449027433,-10.239399904370426,46.1025627655491,37.318477501440896,0.05128748340947228,-0.24999994825985472,SELL,0,2
0.035999998450279236,0.035999998450279236,0.03099999949336052,0.03099999949336052,767583,0.0,0.0,EMP,2020-10-16 00:00:00+11:00,Energy,-0.13888886589326876,-0.149531707266373,-0.004999998956918716,-0.13888886589326876,0.03280000016093254,0.9451219311359648,0.033500000461936,0.9253731064446976,0.03495000042021275,0.8869813768423358,0.03138000022619963,0.9878903527692827,0.02873000020161271,1.0790114610448345,0.026805000016465783,1.1565006332519243,0.1027256567180599,1.6307192456506685,0.08048454672035514,1.2776525700349135,0.07170712681877592,1.1383153487607076,0.08296761874981885,1.317070116499442,41.17646027600906,39.285710009232076,42.10526160999013,3.24966866407303e-05,0.0005546482688433851,-0.0005221515822026548,0.036662277462403005,0.030337723461468992,-0.7905698862579964,0.04077101439664525,0.029128986443780244,-0.6785760939321855,0.04240050059111346,0.020359499861285796,-0.034481259494253326,580873.8,811567.4,1.3214281656359779,0.9458031458631778,-0.114285732532034,-0.031250061845636834,-0.13888886589326876,0.40909089369714735,-0.11428573253203404,-0.031250061845636785,-0.13888886589326876,0.40909089369714746,0.0,28.571436174062622,0.0,16.22678308663504,-100.0,-100.0,0.002714285094823156,0.0029999996934618267,-65.25432730793992,-73.32878171755976,45.682085279937716,42.390703713232845,0.050475984052827806,-0.16129029156886276,SELL,0,2
0.029999999329447746,0.032999999821186066,0.029999999329447746,0.032999999821186066,1651593,0.0,0.0,EMP,2020-10-19 00:00:00+11:00,Energy,0.06451614066167655,0.06252036790593916,0.0030000004917383194,0.10000001862645191,0.032999999821186066,1.0,0.033300000429153445,0.9909909728498161,0.034550000354647635,0.9551374669305014,0.031600000225007537,1.0443037843737293,0.028710000198334456,1.1494252731875803,0.02678000002168119,1.2322628750735303,0.10054883796496557,1.5961633192309725,0.07715376198165678,1.224778001499203,0.06551253639870014,1.0399792744081657,0.08330922569387088,1.3224929586200085,50.0,50.0,46.153847623388785,-1.3385350477027047e-05,0.00044104154497930266,-0.0004544268954563297,0.03628886807505988,0.030311132783247013,-0.10037266400145281,0.03967886521950369,0.02942113548979158,-0.3022112249598277,0.04229044985883498,0.02090955059118009,0.13095797128574976,796341.0,824365.1,2.073977102773812,2.0034727331372957,0.031249945430320558,-0.057142866266017056,-0.19512197781289853,0.5,0.031249945430320485,-0.05714286626601702,-0.19512197781289847,0.5,37.50000873114974,36.30952418569572,25.000003880510693,23.484846699599718,-62.49999126885026,-74.99999611948931,0.0026428565116865294,0.002952380638037409,-106.56171430825601,-86.41978554526347,39.75637575063563,42.39569092352202,0.04969694467044911,-0.24242422703048083,SELL,0,2
0.03200000151991844,0.03200000151991844,0.03099999949336052,0.03099999949336052,256571,0.0,0.0,EMP,2020-10-20 00:00:00+11:00,Energy,-0.060606070868568396,-0.06252036790593911,-0.0010000020265579224,-0.031250061845636785,0.03259999975562096,0.9509202369860581,0.033000000193715094,0.9393939185268405,0.03410000037401915,0.9090908842622616,0.03180000022053719,0.9748427446028756,0.028720000199973582,1.0793871614732453,0.026760000018402934,1.1584454212272692,0.10409642699054483,1.6524795491242406,0.07897014050691334,1.2536121166867253,0.06646169402352993,1.055046684589968,0.08354721719023134,1.326270956501116,38.8888819902,44.444438312277384,36.111106799431894,-0.00020872444064316126,0.00031108834785480984,-0.000519812788497971,0.03626598603886834,0.02973401434856185,-0.6123727398643186,0.03877467976936707,0.029425320978671225,-0.6631472703226751,0.04204595503812333,0.02155404540295105,-0.0780796657236423,676896.8,798944.05,0.37904005455484496,0.32113763160261344,-0.060606070868568396,-0.08823535856903275,-0.224999995343387,0.4761904719667911,-0.06060607086856837,-0.0882353585690328,-0.22499999534338702,0.476190471966791,12.500002910383246,16.666670547177677,8.333334626836898,11.11111283578253,-87.49999708961676,-91.6666653731631,0.0026428565116865294,0.002761904416339738,-131.62391888789878,-104.83873259706967,35.098707262172184,36.197213500191836,0.04851512794998903,-0.16129029156886276,SELL,0,2
0.03099999949336052,0.03099999949336052,0.029999999329447746,0.03099999949336052,841184,0.0,0.0,EMP,2020-10-21 00:00:00+11:00,Energy,0.0,0.0,0.0,0.0,0.03239999935030937,0.9567901270054969,0.03269999995827675,0.9480122181319471,0.03365000039339065,0.9212481168187258,0.03198000021278858,0.9693558251123412,0.02873000020161271,1.0790114610448345,0.02673000001348555,1.1597455846509805,0.10335691093774041,1.640740095726677,0.07897014050691334,1.2536121166867253,0.06646169402352993,1.055046684589968,0.08339288358334193,1.3238209864445023,46.666658388239995,46.15384394953146,37.142855014119384,-0.00035938926096196894,0.00017699282609145406,-0.000536382087053423,0.036105876647334174,0.029294123269219322,-0.4991374086965856,0.03761165876906451,0.029688342017716793,-0.6689120183361041,0.04183188275810885,0.022128117667468312,-0.09947344732541188,732311.0,772611.85,1.1486704419297267,1.0887536866021406,-0.031250061845636834,-0.08823535856903275,-0.224999995343387,0.40909089369714735,-0.031250061845636785,-0.0882353585690328,-0.22499999534338702,0.40909089369714746,12.500002910383246,20.833338183972092,8.333334626836898,13.888891044728163,-87.49999708961676,-91.6666653731631,0.0026428563786404474,0.0026666662167935144,-144.16138201507033,-127.2727507738692,33.88807806007782,36.484257852666225,0.047404220232756554,-0.16129029156886276,SELL,0,2
0.029999999329447746,0.029999999329447746,0.02800000086426735,0.028999999165534973,1087791,0.0,0.0,EMP,2020-10-22 00:00:00+11:00,Energy,-0.06451614066167644,-0.06669138693011951,-0.0010000001639127731,-0.03333333954215063,0.03099999949336052,0.9354838593383236,0.03229999989271164,0.8978327944848912,0.033250000327825546,0.8721804174319384,0.0320600001886487,0.9045539299716797,0.028720000199973582,1.0097492675352295,0.02669500001706183,1.0863457256789633,0.07636791169770989,1.212303014984885,0.0808664222129176,1.2837146555455767,0.06596606670523311,1.0471788448268684,0.08201210094087565,1.3019017415248997,37.499994179232154,44.444438312277384,35.13513241395836,-0.000632880062574219,1.5018248358319417e-05,-0.0006478983109325383,0.036415012865361314,0.02818498692006196,-0.8019417554962837,0.03739855774272162,0.029101442912929473,-1.0244527765314873,0.04174407077116575,0.022375929606131648,-0.31598293269754135,920944.4,772855.4,1.1811690260562961,1.407496149991318,-0.19444443294663438,-0.12121214173713679,-0.21621624887033086,0.15999994933605266,-0.19444443294663438,-0.12121214173713674,-0.2162162488703309,0.1599999493360527,9.999985098835698,11.66666363986741,8.33332039829568,8.333329883989824,-90.0000149011643,-91.66667960170432,0.002714284828730992,0.0026190470726717087,-200.36230500205005,-187.46439250195476,35.15367617767032,28.0792849445925,0.04635996697855803,-0.10344823156610694,SELL,0,2
0.028999999165534973,0.028999999165534973,0.028999999165534973,0.028999999165534973,388590,0.0,0.0,EMP,2020-10-23 00:00:00+11:00,Energy,0.0,0.0,0.0,0.0,0.03059999942779541,0.9477124087522995,0.03169999979436398,0.9148264780333203,0.03285000026226044,0.8828005763778175,0.03214000016450882,0.9023023963005063,0.02873000018298626,1.0093978065029252,0.02666000002063811,1.087771910843414,0.05306397429672779,0.8423644773951917,0.07718532190588143,1.2252789997645694,0.06596606670523311,1.0471788448268684,0.08201210094087565,1.3019017415248997,39.999990065890465,37.499994179232154,38.23529025056306,-0.0008399411738236398,-0.0001559736360780725,-0.0006839675377455673,0.03581501288771934,0.027584986701008608,-0.6561341525714155,0.03701880720203075,0.02868119332249013,-0.9235258797898641,0.04165055280571367,0.022629447523303967,-0.33015967814211594,845145.8,750779.7,0.4597904882210856,0.5175819218340614,-0.06451614066167644,-0.17142859879805106,-0.21621624887033086,0.15999994933605266,-0.06451614066167646,-0.17142859879805106,-0.2162162488703309,0.1599999493360527,12.499982537696457,11.666656848971817,9.999985098835698,8.888880041322759,-87.50001746230355,-90.0000149011643,0.0022857135960033964,0.0024761899950958436,-161.76226616031158,-175.0000178960003,31.436945187947146,29.69126585572475,0.04489116968941478,-0.13793099683119092,SELL,0,2
0.028999999165534973,0.03200000151991844,0.028999999165534973,0.03200000151991844,401211,0.0,0.0,EMP,2020-10-26 00:00:00+11:00,Energy,0.10344836002439672,0.09844014908535914,0.0030000023543834686,0.1034483600243968,0.030399999767541885,1.0526316369937898,0.03169999979436398,1.0094637768927621,0.0326000003144145,0.9815951291806964,0.0322400001809001,0.992555872840105,0.028720000199973582,1.114206173297585,0.026640000035986305,1.2012012566325694,0.06790257774179267,1.0779200045100796,0.08125395192898945,1.2898664990718183,0.07068037912668229,1.122016234445772,0.08250907490641747,1.3097909586502832,35.71429901889175,46.153845051689125,43.24324405959619,-0.0007532801564882272,-0.0002754349401601035,-0.00047784521632812367,0.03581501288771934,0.027584986701008608,0.07290419708235835,0.03629352281746745,0.028906477811361547,-0.16244622687424162,0.041634397105615034,0.022845603256185166,-0.025547000292298075,595069.4,740855.5,0.6742255609177685,0.5415509502190373,-0.030302978990491503,0.0,-0.13513510520219663,0.18518521073587246,-0.03030297899049148,0.0,-0.13513510520219668,0.18518521073587244,50.00002328307139,24.166663639867863,40.000014901164306,19.444440132765227,-49.99997671692861,-59.999985098835694,0.002428571028368814,0.0025238091392176492,-53.39962773667882,-81.9619890606392,33.68654825816577,33.248138645778866,0.043539876183402985,-0.21875002546585043,SELL,0,2
0.028999999165534973,0.028999999165534973,0.02800000086426735,0.02800000086426735,232258,0.0,0.0,EMP,2020-10-27 00:00:00+11:00,Energy,-0.12500001455191456,-0.13353140925528226,-0.000999998301267624,-0.034482701035939034,0.02980000004172325,0.939597343122963,0.031199999898672105,0.8974359280513667,0.032350000366568564,0.865533247202166,0.03228000018745661,0.8674101828273103,0.028670000210404396,0.9766306473240309,0.026625000042840838,1.0516432232568667,0.08515774504096411,1.3518372935366096,0.08979066125748167,1.4253825584600321,0.07206655868744398,1.144021152787309,0.08437365117457606,1.3393901892866462,38.461547278790896,39.999997516472924,39.024390022290866,-0.0009958873017700473,-0.00041952541248209234,-0.000576361889287955,0.03579951638353362,0.02660048341381059,-0.6957250930477105,0.03656900526645795,0.02813099546667918,-1.0310486964391217,0.0415825343822717,0.02297746599264152,-0.4600896092996662,590206.8,748793.4,0.3935196951305881,0.31017634503722924,-0.09677415090718633,-0.15151512072762818,-0.15151512072762818,0.07692308794464564,-0.09677415090718632,-0.1515151207276282,-0.1515151207276282,0.07692308794464563,0.0,20.8333352735893,0.0,16.666666666666668,-100.0,-100.0,0.00271428536091532,0.002571428283339455,-144.93390381913832,-180.69103609755243,33.11483581247262,34.30044035605988,0.04229668615787213,0.035714223942892476,HOLD,0,1
0.028999999165534973,0.028999999165534973,0.028999999165534973,0.028999999165534973,118277,0.0,0.0,EMP,2020-10-28 00:00:00+11:00,Energy,0.035714223942892476,0.03509126016992313,0.0,0.0,0.029399999976158143,0.9863945302398792,0.030899999663233757,0.9385113100839451,0.03210000023245811,0.9034267587391307,0.03238000016659498,0.8956145465203856,0.0286900001950562,1.0108051226340595,0.026615000041201712,1.0896110885080268,0.08839868296528094,1.403285588110651,0.09076889101119635,1.4409114743805103,0.07221880511190154,1.14643798984999,0.08364854335618258,1.3278794595195798,33.33333333333333,43.333330849805954,44.7368405573584,-0.001094843043904635,-0.0005545889387666009,-0.0005402541051380341,0.0356562816370182,0.02614371768944931,-0.3994717950220694,0.03649617112512012,0.027703829339796104,-0.7051593631397706,0.0414231168508537,0.023336883482336254,-0.37376505457941783,445625.4,720410.8,0.26541799457571313,0.16417993733575342,-0.06451614066167644,-0.093750069121594,-0.14705889442593612,0.2083332880607085,-0.06451614066167646,-0.09375006912159405,-0.1470588944259361,0.20833328806070858,12.499982537696457,20.8333352735893,9.999985098835698,16.666666666666668,-87.50001746230355,-90.0000149011643,0.0025714279285499026,0.002428571028368814,-97.1428824849673,-128.91346291413802,36.79769095937326,34.9329227362105,0.04115295133438375,-0.03448270103593898,HOLD,0,1
0.02800000086426735,0.02800000086426735,0.02800000086426735,0.02800000086426735,593669,0.0,0.0,EMP,2020-10-29 00:00:00+11:00,Energy,-0.03448270103593898,-0.035091260169922964,0.0,0.0,0.02920000031590462,0.9589041288131885,0.03009999990463257,0.9302325898000412,0.03185000028461218,0.8791208984005914,0.032460000179708,0.8626001450785953,0.0286900001950562,0.9759498317846735,0.026590000046417116,1.0530274845952934,0.08471798472354852,1.344856314918471,0.07834903429206737,1.2437523611932908,0.07231629597506294,1.1479856093241465,0.08384952973385691,1.3310700193530078,36.363642521141024,37.93103226795996,42.105260062084916,-0.0012396675656473517,-0.0006916046641427511,-0.0005480629015046007,0.03355768058202649,0.026642319227238653,-0.6073432558694248,0.03658619927223186,0.027113801296992493,-0.8128880206276463,0.041268252324936104,0.0236517480344799,-0.5063432837645172,346801.0,731399.65,1.711843391455042,0.811688930942201,-0.03448270103593898,-0.2222221647331719,-0.15151512072762818,0.16666669253673794,-0.034482701035939034,-0.22222216473317194,-0.1515151207276282,0.16666669253673796,0.0,4.166660845898833,0.0,3.333328366278566,-100.0,-100.0,0.0023571420460939407,0.0023809518842470077,-115.98169848247423,-145.36166256234827,7.928384409981916,30.539098611638778,0.04010071529677444,0.0,HOLD,0,1
0.027000000700354576,0.02800000086426735,0.027000000700354576,0.02800000086426735,227143,0.0,0.0,EMP,2020-10-30 00:00:00+11:00,Energy,0.0,0.0,0.0010000001639127731,0.03703704214717449,0.029000000655651094,0.9655172493525831,0.02980000004172325,0.939597343122963,0.031650000251829624,0.8846761656075729,0.03254000019282102,0.8604794314182184,0.028710000198334456,0.975269964153177,0.026565000051632523,1.0540184758082332,0.08471798472354852,1.344856314918471,0.06677822741087122,1.0600714963372915,0.07209025029438984,1.1443972453881386,0.08384952973385691,1.3310700193530078,36.363642521141024,42.30768900122075,43.24324269900784,-0.0013390068053138401,-0.0008210850923769691,-0.0005179217129368711,0.033427058708204685,0.026172941375241815,-0.4962696617207072,0.036687752548092166,0.02661224795556708,-0.7245293481916868,0.04110390160675767,0.023976098778884375,-0.5301321336050656,314511.6,671721.2,0.7222086562149059,0.33815070895484617,-0.03448270103593898,-0.09677415090718633,-0.12500001455191456,0.16666669253673794,-0.034482701035939034,-0.09677415090718632,-0.12500001455191453,0.16666669253673796,11.111115710236087,7.870366082644196,9.09091216966194,6.363632422832546,-88.88888428976391,-90.90908783033805,0.0021428565627762248,0.0023809517955496197,-108.36451589746744,-134.887305380097,8.334320918252871,30.936576296340178,0.03913265814217387,0.0,HOLD,0,1
0.027000000700354576,0.027000000700354576,0.026000000536441803,0.026000000536441803,902567,0.0,0.0,EMP,2020-11-02 00:00:00+11:00,Energy,-0.07142858093186266,-0.07410798238803556,-0.0010000001639127731,-0.03703704214717449,0.027800000458955764,0.9352518024173596,0.029100000113248824,0.8934708053353019,0.031200000271201133,0.8333333432833607,0.03258000019937754,0.7980356162471278,0.028710000198334456,0.9056078145882469,0.0265300000552088,0.9800226340872947,0.06239236500963702,0.9904480891480059,0.0641398644690637,1.0181887830631826,0.06970517848862928,1.1065354042456934,0.0845650473725158,1.3424285097364375,36.363642521141024,37.037036015009335,42.105260062084916,-0.001561121532171833,-0.000969092380335942,-0.0005920291518358911,0.032683914573764246,0.0255160856527334,-0.8649758834816587,0.03657440357740652,0.025825596964995753,-0.967549221465259,0.04099854138250624,0.02416145901624884,-0.7816080624660338,414782.8,695575.7,2.1759991012163473,1.2975827073890018,-0.18750002182787184,-0.21212119159619658,-0.2571428449786439,0.08333334626836897,-0.18750002182787182,-0.21212119159619658,-0.257142844978644,0.08333334626836898,0.0,3.7037052367453764,0.0,3.0303040565539803,-100.0,-100.0,0.0022142852789589335,0.0023809517955496197,-129.31725620623484,-152.17389473392356,8.473437819415352,32.41808695472611,0.03791939239799194,0.03846154397232282,HOLD,0,1
0.02800000086426735,0.028999999165534973,0.02800000086426735,0.02800000086426735,516156,0.0,0.0,EMP,2020-11-03 00:00:00+11:00,Energy,0.07692308794464564,0.07410798238803563,0.0,0.0,0.027800000458955764,1.0071942590650984,0.02880000025033951,0.972222243780615,0.030900000222027303,0.9061488887727364,0.03262000020593405,0.8583691197884709,0.028740000203251837,0.9742519368910526,0.026505000060424208,1.0564044821895848,0.05804032692826615,0.9213616263904658,0.06939672883696585,1.1016389178239776,0.07235954362915885,1.148672144549295,0.08444849673350842,1.3405783257006822,46.153852766787374,42.85714095648435,40.540539724187504,-0.0015578083066902608,-0.0010868355656068057,-0.0004709727410834551,0.03217309628689011,0.025426904213788914,-0.23717065194807116,0.03628614206060306,0.025513858383451545,-0.53841867605306,0.040929227852728324,0.024310772559139777,-0.5560082763467327,471562.4,721162.95,1.0945656396693204,0.7157272846587586,0.0,-0.09677415090718633,-0.17647060757070987,0.07692308794464564,0.0,-0.09677415090718632,-0.17647060757070984,0.07692308794464563,20.000007450582153,10.370374386939426,20.000007450582153,9.696973206748032,-79.99999254941785,-79.99999254941785,0.002357142445232187,0.0022380947179737546,-53.973896101292546,-82.35293306633821,14.608061046696776,32.35700374902723,0.036489065374605924,-0.03571429046593133,HOLD,0,1
0.02800000086426735,0.02800000086426735,0.027000000700354576,0.027000000700354576,200000,0.0,0.0,EMP,2020-11-04 00:00:00+11:00,Energy,-0.03571429046593133,-0.03636764909850735,-0.0010000001639127731,-0.03571429046593136,0.027400000765919686,0.9854014578692044,0.028400000371038913,0.9507042375917715,0.03055000016465783,0.8837970721712101,0.03266000021249056,0.8266993424583211,0.028760000206530092,0.9388039119076258,0.02647500006482005,1.0198300522851422,0.05622830369859566,0.8925966493769847,0.06986048499879051,1.109000818662949,0.07261418154017767,1.1527143960708435,0.08442067997657238,1.3401367483738837,27.272719575845144,32.00000476837151,40.540537683305075,-0.0016172317617636663,-0.0011929148048381779,-0.0004243169569254884,0.03155524296694413,0.025244757775133693,-0.44370587304482206,0.035997355369108135,0.025102644960207525,-0.6516923040750169,0.04083771997856258,0.024482280446418543,-0.6921244153680064,487907.0,731156.3,0.40991418446548217,0.27353932394482544,-0.06896546630102296,-0.1290322212380245,-0.20588237549916144,0.08000001192092876,-0.06896546630102299,-0.12903222123802455,-0.20588237549916147,0.08000001192092877,10.000003725291077,10.00000372529109,10.000003725291077,10.000003725291077,-89.99999627470892,-89.99999627470892,0.002142856961914471,0.0022380948066711426,-84.84846449450897,-101.23370159686607,12.5074908198456,31.98133962317371,0.03523037759402623,0.0,HOLD,0,1
0.02800000086426735,0.02800000086426735,0.02800000086426735,0.02800000086426735,82299,0.0,0.0,EMP,2020-11-05 00:00:00+11:00,Energy,0.037037042147174404,0.0363676490985073,0.0,0.0,0.027400000765919686,1.0218978131961933,0.02830000054091215,0.9893993049148142,0.030300000216811895,0.9240924311522482,0.032720000222325324,0.8557457418708252,0.02874000022187829,0.9742519362596379,0.026450000070035458,1.058601164088005,0.05843192976480306,0.9275781286995707,0.06866937955963093,1.0900926059993132,0.07314596518556978,1.1611561997328368,0.08453983155347206,1.34202822101867,50.0,42.85714665845921,42.1052608360376,-0.0015655865192992155,-0.0012674491477303856,-0.0002981373715688299,0.031434043157764144,0.025165957924060157,-0.09572290913712521,0.035732843275429214,0.024867157158194573,-0.4233509651813694,0.04071019818840588,0.02472980225624477,-0.5907237064832432,385633.0,684889.9,0.21341275253933142,0.1201638394725926,0.0,-0.03448270103593898,-0.15151512072762818,0.12000001788139314,0.0,-0.034482701035939034,-0.1515151207276282,0.12000001788139317,28.57143617406261,19.52381578331196,20.000007450582153,16.66667287548513,-71.42856382593739,-79.99999254941785,0.0018571427624140466,0.0022857138620955603,-51.851820935516876,-73.04766660964992,14.838651700577685,32.32189726886068,0.0341227323471161,-0.03571429046593133,HOLD,0,1
0.02800000086426735,0.02800000086426735,0.027000000700354576,0.027000000700354576,253406,0.0,0.0,EMP,2020-11-06 00:00:00+11:00,Energy,-0.03571429046593133,-0.03636764909850735,-0.0010000001639127731,-0.03571429046593136,0.02720000073313713,0.9926470578164766,0.02810000069439411,0.9608540937061619,0.029900000244379044,0.9030100494875533,0.032760000228881835,0.8241758397959614,0.028710000235587358,0.9404388881504376,0.0264200000744313,1.0219530894886177,0.06077614565315775,0.9647914022597678,0.06951487737321156,1.1035144676920123,0.07171380460663067,1.1384213553565379,0.08473851099956248,1.345182159448522,37.50000873114974,35.000003259628784,42.1052628999106,-0.001587054369583795,-0.0013313701921010676,-0.00025568417748272746,0.03129026394751314,0.024909737441275084,-0.3447991299664995,0.03504628087288729,0.0247537196158708,-0.5635136816985226,0.04061127063254158,0.02490872982522209,-0.7336391733294939,390885.6,532854.2,0.6482868644943687,0.4755634843452487,-0.03571429046593133,-0.06896546630102296,-0.22857141184563545,0.08000001192092876,-0.03571429046593136,-0.06896546630102299,-0.22857141184563545,0.08000001192092877,16.666666666666668,18.412702188673464,10.000003725291077,13.333338300388101,-83.33333333333333,-89.99999627470892,0.0017142855961407935,0.002190475662549337,-77.77777950244976,-84.63113550681088,18.73057959497781,34.25629770896306,0.033148004529835184,0.0,HOLD,0,1
0.027000000700354576,0.02800000086426735,0.027000000700354576,0.02800000086426735,474331,0.0,0.0,EMP,2020-11-09 00:00:00+11:00,Energy,0.037037042147174404,0.0363676490985073,0.0010000001639127731,0.03703704214717449,0.02760000079870224,1.0144927555793375,0.027700000628829,1.0108303331634627,0.029700000211596488,0.9427609651441899,0.032740000262856485,0.8552229883771058,0.028690000250935554,0.9759498298838215,0.026395000079646708,1.0608070005598622,0.04986340186803426,0.7915569651989531,0.060613787608609575,0.9622140482044166,0.07016711431814456,1.1138684082050998,0.08188020811230946,1.2998080077803058,50.0,42.105267285639954,40.540539724187504,-0.001506015731281559,-0.001366299299937166,-0.00013971643134439295,0.029346545449809216,0.026053455807848788,0.1821998597400785,0.034813449196687385,0.02458655122650559,-0.3324564989864506,0.04063533580742966,0.02484466471828331,-0.600354395557913,305238.4,527857.9,1.553968963275918,0.8985960047202097,0.07692308794464564,-0.12500001455191456,-0.12500001455191456,-0.03448270103593898,0.07692308794464563,-0.12500001455191453,-0.12500001455191453,-0.034482701035939034,33.333333333333336,26.19047872468755,20.000007450582153,16.66667287548513,-66.66666666666667,-79.99999254941785,0.0016428570130041667,0.0020476184962760833,-51.8518421590698,-68.80340513531154,25.485468581548503,15.151481389792693,0.03229024405062798,-0.14285716186372543,SELL,0,2
0.027000000700354576,0.027000000700354576,0.027000000700354576,0.027000000700354576,263193,0.0,0.0,EMP,2020-11-10 00:00:00+11:00,Energy,-0.03571429046593133,-0.03636764909850735,0.0,0.0,0.027400000765919686,0.9854014578692044,0.027600000612437725,0.9782608732329968,0.029400000255554913,0.9183673627775947,0.03268000029027462,0.8261934045450307,0.028640000242739917,0.9427374466310952,0.02636500008404255,1.0240849844220694,0.03984754596075909,0.6325601818103094,0.04712205030241541,0.748039358206003,0.06997959229428734,1.1108915883622574,0.08192064729027973,1.300449959829105,44.444444444444436,40.00000372529003,42.85714057635253,-0.0015051334376919787,-0.0013940661274881288,-0.00011106731020384987,0.029286548287118668,0.025913452937756782,-0.35575627128160203,0.034401051996513124,0.024398948514596706,-0.4798989651605752,0.040704859377112254,0.02465514120343698,-0.7078005393560578,254645.8,498327.95,1.0335650538905414,0.5281521937511231,-0.03571429046593133,-0.03571429046593133,-0.18181815616191244,-0.09999995653827887,-0.03571429046593136,-0.03571429046593136,-0.1818181561619124,-0.09999995653827888,16.666666666666668,22.22222222222224,10.000003725291077,13.333338300388101,-83.33333333333333,-89.99999627470892,0.0016428570130041667,0.0019047615073976062,-91.80330117276344,-84.29318615048824,28.435053180205884,15.713549441448748,0.031535414828925634,-0.11111112644152343,SELL,0,2
0.027000000700354576,0.027000000700354576,0.026000000536441803,0.026000000536441803,174353,0.0,0.0,EMP,2020-11-11 00:00:00+11:00,Energy,-0.037037042147174515,-0.03774033328952827,-0.0010000001639127731,-0.03703704214717449,0.02720000073313713,0.955882346898859,0.02730000074952841,0.9523809458829754,0.029100000206381083,0.8934708024758189,0.03262000031769276,0.7970570289154677,0.028580000232905148,0.9097270932316893,0.026330000087618828,0.9874667850330847,0.04009268316042452,0.6364516142147424,0.046149583918004486,0.7326019329368744,0.07011047821100447,1.1129693378767829,0.08195398794343649,1.3009792262899125,50.0,42.105267285639954,39.99999999999999,-0.0015670617539226307,-0.0014286652527750294,-0.00013839650114760133,0.028946546224116257,0.025653455274940562,-0.7895319219239995,0.03416380268600285,0.024036197726759315,-0.6121881101039371,0.04080051444654717,0.02443948618883834,-0.8092400644967783,249516.4,478839.95,0.6987636884789937,0.3641154001457063,-0.037037042147174515,-0.10344823156610694,-0.18750002182787184,-0.10344823156610694,-0.03703704214717449,-0.10344823156610695,-0.18750002182787182,-0.10344823156610695,0.0,16.666666666666682,0.0,10.000003725291077,-100.0,-100.0,0.0014999999797769956,0.0019047615960949944,-125.92595352067724,-101.09890039037161,34.13215460377265,16.92929753097117,0.030871165113827575,-0.03846154397232282,HOLD,0,1
0.02800000086426735,0.02800000086426735,0.02800000086426735,0.02800000086426735,3462,0.0,0.0,EMP,2020-11-12 00:00:00+11:00,Energy,0.07692308794464564,0.07410798238803563,0.0,0.0,0.02720000073313713,1.0294117687340942,0.02730000074952841,1.0256410291399363,0.028700000327080488,0.9756097750928372,0.03258000034838915,0.8594229762079101,0.028580000232905148,0.9797061104299774,0.026305000092834235,1.0644364480308384,0.05292832324585275,0.8402110837209922,0.05255998291669201,0.8343638622682223,0.0660160467587981,1.0479722535803484,0.08252647454556034,1.310067169358729,50.0,47.619051842732446,44.44444329466344,-0.0014381786562056784,-0.0014305679334611593,-7.610722744519089e-06,0.028946546224116257,0.025653455274940562,0.4251325733436907,0.032598717487027376,0.024801283167133602,-0.17954610044671074,0.04083204983875767,0.024327950858020628,-0.5550135744420099,233749.0,471781.85,0.014810758548699673,0.0073381373191868235,0.0,0.0,-0.2222221647331719,-0.06666661699612819,0.0,0.0,-0.22222216473317194,-0.06666661699612825,33.333333333333336,16.666666666666682,20.000007450582153,10.000003725291077,-66.66666666666667,-79.99999254941785,0.0016428571460502489,0.0019523807402168,10.101036099367384,-39.89635500676727,37.301873936264904,18.048862755883903,0.030286625364541284,-0.1071428713977941,SELL,0,2
0.02800000086426735,0.02800000086426735,0.02800000086426735,0.02800000086426735,103877,0.0,0.0,EMP,2020-11-13 00:00:00+11:00,Energy,0.0,0.0,0.0,0.0,0.027400000765919686,1.0218978131961933,0.02730000074952841,1.0256410291399363,0.02855000039562583,0.980735568345465,0.0325600003823638,0.8599508763959848,0.028590000234544277,0.9793634359763295,0.02627500008791685,1.0656517895557982,0.04898092482415823,0.7775480764240368,0.05255998291669201,0.8343638622682223,0.058683637582663394,0.9315738664342258,0.08237161585732898,1.3076088638942218,57.142857142857146,38.88888658932688,37.50000436557436,-0.0013208123698451868,-0.001408616820737965,8.780445089277811e-05,0.028946546224116257,0.025653455274940562,0.4251325733436907,0.03230429567850067,0.024795705112750987,-0.14649874075363611,0.040852214170963304,0.024267786593764294,-0.5499134048335481,203843.2,438596.55,0.5095926673050658,0.2368395282635032,0.037037042147174404,0.0,-0.09677415090718633,-0.03448270103593898,0.03703704214717449,0.0,-0.09677415090718632,-0.034482701035939034,66.66670805880001,33.33334713071113,20.000007450582153,13.333338300388101,-33.33329194119999,-79.99999254941785,0.0014285712635942868,0.0017619046959139052,38.88892553816144,-33.43947560391282,30.271790330356353,16.556360335275357,0.029772230385169345,-0.07142858093186266,SELL,0,2
0.02800000086426735,0.02800000086426735,0.02800000086426735,0.02800000086426735,0,0.0,0.0,EMP,2020-11-16 00:00:00+11:00,Energy,0.0,0.0,0.0,0.0,0.027400000765919686,1.0218978131961933,0.027500000782310963,1.0181818206448199,0.028300000447779895,0.9893993081708209,0.03242000039666891,0.86366442077972,0.028600000236183407,0.979021001155204,0.02624500008299947,1.0668699095339194,0.04626265714625263,0.7343969147881773,0.04603722823958454,0.7308183418359636,0.05648404254723358,0.8966563777414283,0.07690632539949657,1.2208500675292686,50.0,50.0,44.44444751052671,-0.0012138067338285305,-0.0013696548033560782,0.00015584806952754766,0.0289142145764928,0.026085786988129127,0.3535533905930057,0.031418704200298554,0.025181296695261236,-0.09619367766825145,0.040780158160599246,0.024059842632738575,-0.5286981008267002,108977.0,356016.9,0.0,0.0,0.0,0.07692308794464564,-0.15151512072762818,-0.19999997871262698,0.0,0.07692308794464563,-0.1515151207276282,-0.19999997871262695,66.66670805880001,55.55558315031114,28.57143617406261,22.857150358408973,-33.33329194119999,-71.42856382593739,0.0011428569310477801,0.0015238095074892044,42.94481642181523,-27.43361147031165,32.18093299012929,18.198114846794695,0.02931956280332204,-0.14285716186372543,SELL,0,2
0.027000000700354576,0.027000000700354576,0.026000000536441803,0.026000000536441803,206331,0.0,0.0,EMP,2020-11-17 00:00:00+11:00,Energy,-0.07142858093186266,-0.07410798238803556,-0.0010000001639127731,-0.03703704214717449,0.02720000073313713,0.955882346898859,0.02730000074952841,0.9523809458829754,0.028050000499933957,0.9269162236379646,0.032200000397861,0.8074534228319123,0.028600000236183407,0.9090909203401962,0.026215000078082085,0.9917986061033798,0.055208603992833394,0.8764094183765085,0.04539150733126272,0.720567840197318,0.057076819655283974,0.9060664226061886,0.07704794799455537,1.2230982565285877,42.857142857142854,40.000004967053535,37.037039592105586,-0.0012756820351352595,-0.0013508602497119145,7.517821457665502e-05,0.028946546224116257,0.025653455274940562,-0.7895319219239995,0.031057009591808824,0.02504299140805909,-0.6817405271674724,0.04064671168161195,0.023753289114110055,-0.7340134702302685,97604.6,353504.9,2.113947498376101,0.5836722489560965,-0.037037042147174515,-0.07142858093186266,-0.16129029156886276,-0.2972972918549448,-0.03703704214717449,-0.07142858093186272,-0.16129029156886276,-0.29729729185494486,0.0,44.444472039200015,0.0,16.190481208214923,-100.0,-100.0,0.0012142856472304889,0.0014761904520647867,-129.0196112117962,-121.42860959690915,28.349409070435357,22.398291802922444,0.028921215331296414,-0.07692308794464564,SELL,0,2
0.02800000086426735,0.03099999949336052,0.02800000086426735,0.029999999329447746,863049,0.0,0.0,EMP,2020-11-18 00:00:00+11:00,Energy,0.15384610424909462,0.1431008006565544,0.001999998465180397,0.07142851440882372,0.02800000049173832,1.07142852866376,0.027600000612437725,1.086956473324442,0.02800000049173832,1.07142852866376,0.03206000037491322,0.9357454453719405,0.028640000224113463,1.047486001909638,0.026215000078082085,1.144382957852067,0.08603769718274777,1.365806100733399,0.06649381668347168,1.0555566160079024,0.06751115240073463,1.0717063198543502,0.08022839825009459,1.2735863391287994,59.99999254941924,55.55555095643201,48.27586184748572,-0.0009905339336910672,-0.001278794986507745,0.00028826105281667784,0.029947575732461585,0.025252425492413865,1.0223309561168075,0.030828427386895573,0.02517157359658107,0.7071064276519802,0.0404135156541816,0.02370648509564483,-0.2466028943022283,235343.8,354598.15,3.6671839241144233,2.433879026159612,0.15384610424909462,0.11111105745466787,-0.03225807033083827,-0.18918921776153952,0.15384610424909467,0.11111105745466787,-0.03225807033083823,-0.18918921776153955,79.99999254941785,48.88890020273931,66.66663562258593,31.74602393221618,-20.000007450582153,-33.333364377414064,0.0014999999797769956,0.0016190475296406518,205.33325910071525,108.21257330865531,48.34247346073011,32.11513938765374,0.026000000536441803,-0.1666666356225801,SELL,0,2
0.027000000700354576,0.027000000700354576,0.026000000536441803,0.026000000536441803,220000,0.0,0.0,EMP,2020-11-19 00:00:00+11:00,Energy,-0.13333329608042954,-0.1431008006565545,-0.0010000001639127731,-0.03703704214717449,0.02760000042617321,0.942028990397619,0.027400000579655172,0.9489051089928485,0.02785000056028366,0.9335727114318229,0.03188000038266182,0.8155583508268118,0.028640000224113463,0.9078212406769148,0.026190000083297492,0.9927453399674916,0.10727295864641244,1.70290542588314,0.0799679048118196,1.2694511339937606,0.07256361441118771,1.1519116677839119,0.08205692940734668,1.3026133713685324,46.153845051689125,45.454544684857375,42.424243963618586,-0.0010749273806732774,-0.0012380214653408515,0.00016309408466757408,0.029929822271653937,0.024870178887656406,-0.5533987030158064,0.030771787926580467,0.024928213193986852,-0.6331740787101222,0.04036181725647927,0.023398183508844365,-0.6932476772012145,278651.4,311208.6,0.7895169376504119,0.7069213382920653,-0.07142858093186266,-0.07142858093186266,-0.10344823156610694,-0.2571428449786439,-0.07142858093186272,-0.07142858093186272,-0.10344823156610695,-0.257142844978644,0.0,26.6666641831393,0.0,22.22221187419531,-100.0,-100.0,0.0017142855961407935,0.0017619046072165172,-100.00000582076612,-123.38570670036772,48.549148344627746,35.27954039452102,0.03099999949336052,0.07692308794464564,BUY,0,0
0.027000000700354576,0.027000000700354576,0.027000000700354576,0.027000000700354576,28940,0.0,0.0,EMP,2020-11-20 00:00:00+11:00,Energy,0.03846154397232282,0.03774033328952825,0.0,0.0,0.027400000393390654,0.9854014712666732,0.027400000579655172,0.9854014645679388,0.02775000063702464,0.9729729758755609,0.03172000039368868,0.8511979938602637,0.028640000224113463,0.9427374472442187,0.02617000008933246,1.0317157282456582,0.10954074882436925,1.7389054789024319,0.08019503907999324,1.2730567787206093,0.07315306295471331,1.1612688733249397,0.08226356158567757,1.3058935555088949,53.846154948310875,52.3809528033209,46.87500236468625,-0.0010490256268508753,-0.0012002222976428565,0.00015119667079198113,0.029929822271653937,0.024870178887656406,-0.15811386255628293,0.030642822970156247,0.024857178303893036,-0.25926235706918027,0.040263191560955286,0.023176809226422068,-0.5524867231601774,263664.0,293226.1,0.10976090782207658,0.09869517072320644,-0.03571429046593133,0.0,-0.06896546630102296,-0.22857141184563545,-0.03571429046593136,0.0,-0.06896546630102299,-0.22857141184563545,20.000007450582153,33.33333333333335,16.666666666666668,27.777767429750867,-79.99999254941785,-83.33333333333333,0.0016428570130041667,0.0016666665850650695,-48.888885577519574,-64.86013801903636,61.5494907544539,42.03450470775967,0.030899999514222145,0.037037042147174404,HOLD,0,1
0.027000000700354576,0.027000000700354576,0.02500000037252903,0.02500000037252903,874050,0.0,0.0,EMP,2020-11-23 00:00:00+11:00,Energy,-0.07407408429434903,-0.07696105217402534,-0.0020000003278255463,-0.07407408429434897,0.02680000029504299,0.9328358245262074,0.02710000053048134,0.9225092207806311,0.027400000579655172,0.9124087534177583,0.03158000037074089,0.7916402811600888,0.028590000234544277,0.8744316253038159,0.026135000083595514,0.9565716584107109,0.11403646823049712,1.81027281198008,0.08259731524554557,1.311191730607905,0.07053273993462586,1.1196725349300851,0.08203801778634931,1.3023131586922434,38.46153515506737,42.857141590037294,44.11764883123674,-0.0011763217043580451,-0.0011954421789858944,1.912047462784925e-05,0.02999827552644932,0.024201725534513358,-0.7245689801256897,0.029775311889535434,0.02502468926977491,-1.01039396273793,0.040331349710469394,0.022828651031012392,-0.7518840515645557,438474.0,316868.05,1.9933907141586502,2.7584036951658586,-0.1071428713977941,-0.1071428713977941,-0.21875002546585043,-0.21875002546585043,-0.10714287139779408,-0.10714287139779408,-0.21875002546585043,-0.21875002546585043,0.0,6.666669150194065,0.0,5.555555555555556,-100.0,-100.0,0.0015714285629136221,0.0017619046959139052,-145.83334012422688,-148.41404657119,42.05223019489414,39.47568429771212,0.030801999534666537,0.04000000596046438,HOLD,0,1
0.026000000536441803,0.027000000700354576,0.026000000536441803,0.026000000536441803,455054,0.0,0.0,EMP,2020-11-24 00:00:00+11:00,Energy,0.04000000596046438,0.03922071888449703,0.0,0.0,0.02680000029504299,0.9701492630673904,0.027000000514090062,0.9629629644960042,0.027300000563263892,0.9523809523809524,0.031460000351071354,0.8264462888207306,0.028600000236183407,0.9090909203401962,0.026125000081956385,0.9952153284163656,0.11167883384372732,1.7728465263612367,0.0832660972773768,1.3218083162331085,0.06585589559246603,1.045429932630599,0.08225049066732215,1.3056860611126409,42.85714095648435,47.6190471966791,40.62499781721257,-0.0011828776314751419,-0.001192929269483744,1.0051638008602183e-05,0.02998142413978365,0.024018576888396474,-0.3354102278624099,0.029736563839831587,0.024863437286696197,-0.5335383814260536,0.04035127058909202,0.022568730113050692,-0.6140854645584402,488218.6,328007.85,0.9320701833154247,1.3873265533126724,0.0,-0.037037042147174515,-0.07142858093186266,-0.18750002182787184,0.0,-0.03703704214717449,-0.07142858093186272,-0.18750002182787182,16.66667184068173,12.222226430421308,16.66667184068173,11.1111128357828,-83.33332815931827,-83.33332815931827,0.0016428571460502489,0.0017142855517920993,-74.28571509666185,-91.69742219376656,50.75727898815295,39.32534343843981,0.030569919568181038,0.1153845602767718,BUY,0,0
0.026000000536441803,0.027000000700354576,0.02500000037252903,0.027000000700354576,449001,0.0,0.0,EMP,2020-11-25 00:00:00+11:00,Energy,0.03846154397232282,0.03774033328952825,0.0010000001639127731,0.03846154397232281,0.026200000569224356,1.0305343554866153,0.02710000053048134,0.9963099694402483,0.027200000640004874,0.9926470612152801,0.031160000376403332,0.8664955190694087,0.028620000239461662,0.9433962429925696,0.026120000081136824,1.0336906821012326,0.08091019372495621,1.2844095067577574,0.08302411101811763,1.317966903456941,0.0659407429064983,1.046776841984646,0.0689980494169563,1.0953100782348693,46.66666583882431,47.6190471966791,48.27586162600587,-0.0010947618631620658,-0.0011732957882194086,7.853392505734278e-05,0.02999827552644932,0.024201725534513358,-0.03450322356086982,0.029503316228702257,0.02489668505130749,-0.08683132291194443,0.03960052423063101,0.022719476522175656,-0.49286036600265065,405409.0,344544.05,1.1075259799363113,1.3031744417005606,-0.09999995653827887,0.03846154397232282,-0.06896546630102296,-0.3571428318007459,-0.09999995653827888,0.03846154397232281,-0.06896546630102299,-0.3571428318007459,33.33334368136346,16.666671840681744,33.33334368136346,16.66667184068173,-66.66665631863654,-66.66665631863654,0.0017142857291868754,0.0016190474409432639,-65.02732322197988,-83.1809915954484,49.664852655502536,40.79260862746436,0.030347122800354957,0.11111105745466787,BUY,0,0
0.027000000700354576,0.027000000700354576,0.027000000700354576,0.027000000700354576,0,0.0,0.0,EMP,2020-11-26 00:00:00+11:00,Energy,0.0,0.0,0.0,0.0,0.026400000602006913,1.0227272759343062,0.027000000514090062,1.0000000068986856,0.027150000631809234,0.9944751407748066,0.03096000038087368,0.8720930351484913,0.028640000242739917,0.9427374466310952,0.02611000008881092,1.0340865801806356,0.049189286550601334,0.7808557162895119,0.07929374202140355,1.258749131474075,0.06548250396040395,1.039502524230186,0.06706049908915113,1.0645524203146044,53.846154948310875,50.0,46.42857404197671,-0.001013249373859361,-0.0011412865053473992,0.00012803713148803824,0.029828427224392894,0.02417157380378723,6.585446020245773e-08,0.029423416676399246,0.02487658458721922,-0.06597997397423525,0.03930911702563024,0.022610883736117124,-0.47430163561148464,361409.0,314860.6,0.0,0.0,0.03846154397232282,-0.03571429046593133,-0.03571429046593133,-0.27027026074615346,0.03846154397232281,-0.03571429046593136,-0.03571429046593136,-0.2702702607461535,33.33334368136346,27.77778640113623,33.33334368136346,27.777786401136215,-66.66665631863654,-66.66665631863654,0.0016428571460502489,0.0015714284742162341,-9.681875184543419,-23.517781428071274,53.213202345852835,39.6183300496783,0.03013323790324192,0.2222221838961913,BUY,0,0
0.026000000536441803,0.026000000536441803,0.026000000536441803,0.026000000536441803,23077,0.0,0.0,EMP,2020-11-27 00:00:00+11:00,Energy,-0.037037042147174515,-0.03774033328952827,0.0,0.0,0.026200000569224356,0.9923664111283462,0.026800000481307505,0.9701492563246897,0.027050000615417957,0.9611829924182081,0.030760000422596932,0.8452535818998775,0.028630000241100788,0.9081383275406545,0.026095000095665455,0.9963594727390159,0.049307211256037355,0.7827277129535974,0.08011262360393294,1.271748473597578,0.06601040020683949,1.0478826173468634,0.06714528951850664,1.0658984266524028,30.000005587935576,44.999999068677404,46.42857095340686,-0.001017611402652583,-0.001116551484808436,9.894008215585292e-05,0.02959682358768368,0.02400317737493133,-0.2860388070457044,0.02934186251948074,0.024758138711355175,-0.458142821395486,0.03909541755972473,0.022424583285469132,-0.5710571898019395,360236.4,304657.3,0.06406071124406085,0.07574740536333777,-0.037037042147174515,-0.07142858093186266,-0.07142858093186266,-0.27777773178653753,-0.03703704214717449,-0.07142858093186272,-0.07142858093186272,-0.27777773178653753,16.66667184068173,27.77778640113623,16.66667184068173,27.777786401136215,-83.33332815931827,-83.33332815931827,0.0016428571460502489,0.0015714285629136221,-82.35294289517435,-99.61538886833242,45.56225705301847,43.66365630590376,0.029927908402013405,0.19230764822141744,BUY,0,0
0.02500000037252903,0.02500000037252903,0.02500000037252903,0.02500000037252903,1278,0.0,0.0,EMP,2020-11-30 00:00:00+11:00,Energy,-0.03846154397232282,-0.03922071888449705,0.0,0.0,0.026200000569224356,0.9541984667700771,0.026500000432133675,0.9433962250888963,0.027000000607222317,0.9259259188994869,0.030440000407397746,0.8212877804841734,0.028650000244379043,0.8726003545997832,0.026080000093206764,0.9585889679134223,0.03849859694328735,0.6111462800210985,0.08079239587186154,1.2825395238121626,0.06457190945657705,1.0250472846160967,0.06404045336439299,1.0166106807000812,42.857142857142854,44.999999068677404,44.827585542457165,-0.0010892043271399955,-0.001111082053274748,2.1877726134752378e-05,0.02936744164736102,0.02363255921690633,-0.5231144937301594,0.029427908435319818,0.024572092779124817,-0.8237545970847169,0.03839045887942183,0.02248954193537366,-0.6842372743673687,185682.0,259592.85,0.006882734998545901,0.0049230939912251045,0.0,-0.1071428713977941,-0.03846154397232282,-0.3902439101954287,0.0,-0.10714287139779408,-0.03846154397232281,-0.3902439101954287,0.0,16.666671840681744,0.0,16.66667184068173,-100.0,-100.0,0.0016428571460502489,0.0015714285629136221,-132.8467234331084,-160.96257911198953,49.72932918152286,45.47558772838957,0.02973079208083403,0.15999994933605266,BUY,0,0
0.026000000536441803,0.026000000536441803,0.026000000536441803,0.026000000536441803,80000,0.0,0.0,EMP,2020-12-01 00:00:00+11:00,Energy,0.04000000596046438,0.03922071888449703,0.0,0.0,0.026200000569224356,0.9923664111283462,0.026500000432133675,0.9811320797155317,0.02690000059083104,0.9665427496423177,0.030160000436007976,0.8620689708412751,0.028680000249296428,0.9065551014798067,0.026080000093206764,0.9969325323435946,0.03849859694328735,0.6111462800210985,0.07878616639583008,1.2506916182131227,0.06275953179417124,0.9962766811573704,0.06434727549894274,1.021481331088573,42.857142857142854,50.0,50.0,-0.0010531109729712516,-0.0010994878372140486,4.6376864242797e-05,0.02936744164736102,0.02363255921690633,-0.17437145460442505,0.029319221760205367,0.024480779421456714,-0.3720205766147461,0.03771237511865935,0.0226076257533566,-0.5508201161049575,110671.2,237785.05,0.7228619550524437,0.3364383084638837,0.0,0.0,-0.07142858093186266,-0.3499999720603222,0.0,0.0,-0.07142858093186272,-0.34999997206032213,16.66667184068173,11.111114560454501,16.66667184068173,11.111114560454487,-83.33332815931827,-83.33332815931827,0.0016428571460502489,0.0015238095074892044,-58.33333333333345,-79.8245639317527,54.17741567711255,54.734797602421615,0.02954156041250183,0.23076926383393692,BUY,0,0
0.026000000536441803,0.026000000536441803,0.026000000536441803,0.026000000536441803,0,0.0,0.0,EMP,2020-12-02 00:00:00+11:00,Energy,0.0,0.0,0.0,0.0,0.026000000536441803,1.0,0.02610000055283308,0.9961685818286152,0.026850000582635404,0.9683426432868192,0.029880000464618205,0.8701472601123007,0.02871000025421381,0.9056078128256284,0.026080000093206764,0.9969325323435946,0.03239985915834422,0.5143318190789838,0.05839252623239653,0.9269526170144198,0.062250924700635,0.988202793850129,0.06434727549894274,1.021481331088573,60.0,44.444443294663444,46.153845602767724,-0.0010128314393672948,-0.001082156557644698,6.932511827740313e-05,0.027575730369470315,0.024624270736195844,-0.06776309271784443,0.029301637957073016,0.02439836320819779,-0.34670708443926584,0.03696709697233679,0.02279290395689962,-0.547473838397809,20871.0,227785.05,0.0,0.0,-0.037037042147174515,-0.13333329608042954,-0.037037042147174515,-0.3499999720603222,-0.03703704214717449,-0.13333329608042951,-0.03703704214717449,-0.34999997206032213,16.66667184068173,11.111114560454501,16.66667184068173,11.111114560454487,-83.33332815931827,-83.33332815931827,0.0014999999797769956,0.0013809524299133393,-51.85185185185183,-72.62969606075814,54.11798557042326,48.94605321962088,0.029359898010902916,0.15384610424909462,BUY,0,0
0.026000000536441803,0.026000000536441803,0.026000000536441803,0.026000000536441803,67500,0.0,0.0,EMP,2020-12-03 00:00:00+11:00,Energy,0.0,0.0,0.0,0.0,0.02580000050365925,1.0077519391038068,0.02610000055283308,0.9961685818286152,0.026750000566244124,0.9719626163018199,0.0296600004658103,0.8766014877987796,0.028730000257492064,0.9049773861266032,0.026080000093206764,0.9969325323435946,0.03239985915834422,0.5143318190789838,0.04012644129862032,0.6369875080450863,0.06163740167184899,0.9784634177034556,0.06358851695343362,1.0094364125891997,50.0,44.444443294663444,47.99999970197678,-0.0009697311615772634,-0.001059671478431211,8.994031685394754e-05,0.027575730369470315,0.024624270736195844,-0.06776309271784443,0.029167045172673198,0.02433295595981505,-0.3102963130293098,0.036524401246406206,0.022795599685214392,-0.5331856408667862,34371.0,227045.1,1.9638648860958365,0.2972977615460541,-0.037037042147174515,0.0,-0.07142858093186266,-0.2972972918549448,-0.03703704214717449,0.0,-0.07142858093186272,-0.29729729185494486,16.66667184068173,16.66667184068173,16.66667184068173,16.66667184068173,-83.33332815931827,-83.33332815931827,0.0014999999797769956,0.0013333333744889213,-46.66666666666675,-65.96858655422369,54.11798557042326,51.40333613838458,0.02918550210536796,0.07692308794464564,BUY,0,0
0.026000000536441803,0.026000000536441803,0.02449999935925007,0.02500000037252903,831017,0.0,0.0,EMP,2020-12-04 00:00:00+11:00,Energy,-0.03846154397232282,-0.03922071888449705,-0.0010000001639127731,-0.03846154397232281,0.025600000470876693,0.976562496589395,0.025900000520050526,0.9652509602528865,0.026650000549852847,0.9380862985635875,0.029420000463724137,0.8497620658896617,0.028770000264048575,0.8689607279485988,0.026060000099241733,0.959324646098388,0.03273346303732944,0.5196276164801922,0.03945820436016919,0.6263795755090331,0.06171972295857745,0.9797702276171977,0.0637587150047261,1.012138222893286,25.000000000000014,42.10526160999014,43.99999910593035,-0.001004684162311125,-0.0010486740152071939,4.3989852896068795e-05,0.027375730336687765,0.024424270703413287,-0.6098678344606029,0.02918605623309322,0.024113944866612474,-0.650616699084295,0.03607278859856271,0.022767212328885567,-0.664383113006252,195959.0,255925.65,4.2407697528564645,3.2471032114209732,-0.03846154397232282,-0.07407408429434903,-0.07407408429434903,-0.32432432296373626,-0.03846154397232281,-0.07407408429434897,-0.07407408429434897,-0.3243243229637362,7.692323122503876,13.675222267955794,7.692323122503876,13.67522226795578,-92.30767687749612,-92.30767687749612,0.0016071429210049765,0.0013571429465498244,-118.76611026501465,-118.78790432099497,42.2856508086266,42.09320821492509,0.029018082036054403,0.19999995529651704,BUY,0,0
0.02500000037252903,0.02500000037252903,0.02500000037252903,0.02500000037252903,0,0.0,0.0,EMP,2020-12-07 00:00:00+11:00,Energy,0.0,0.0,0.0,0.0,0.025600000470876693,0.976562496589395,0.025900000520050526,0.9652509602528865,0.02650000052526593,0.9433962217734013,0.029180000461637975,0.8567511986641584,0.028810000270605086,0.8677542567757832,0.026040000105276705,0.9600614543570247,0.0277435464050392,0.44041514564828266,0.031636104998818075,0.5022075976655999,0.06103737081872038,0.9689382232053901,0.0637587150047261,1.012138222893286,25.000000000000014,47.058822884897836,45.83333268658155,-0.0010206195997616019,-0.0010430631321180755,2.2443532356473603e-05,0.027375730336687765,0.024424270703413287,-0.6098678344606029,0.02905466590139985,0.02394533514913201,-0.5871611079674599,0.03557757639066336,0.02278242453261259,-0.6533724859981036,195703.4,232209.1,0.0,0.0,0.0,0.0,-0.1071428713977941,-0.32432432296373626,0.0,0.0,-0.10714287139779408,-0.3243243229637362,7.692323122503876,10.683772695229841,7.692323122503876,10.683772695229827,-92.30767687749612,-92.30767687749612,0.0014642857547317231,0.0013095238911254065,-112.90322839076686,-119.41176745151085,44.83220950980287,44.51130462005254,0.028746997075446142,0.19999995529651704,BUY,0,0
0.02500000037252903,0.028999999165534973,0.02500000037252903,0.028999999165534973,504714,0.0,0.0,EMP,2020-12-08 00:00:00+11:00,Energy,0.15999994933605266,0.14841996144245564,0.003999998793005943,0.1599999493360527,0.026200000196695328,1.106870188848045,0.026200000382959842,1.1068701809789367,0.026600000448524952,1.0902255141557002,0.02910000044852495,0.9965635298471259,0.028890000265091656,1.0038075077685698,0.026040000105276705,1.1136712384136458,0.07766105419803838,1.2328310157787097,0.05912279007558736,0.9385451961376909,0.07060589581399607,1.12083384851262,0.06620674377997109,1.0509994749430556,71.42856382593739,47.058822884897836,51.851848785769164,-0.0007023854165097258,-0.0009749275889964056,0.00027254217248667975,0.02865854503174189,0.023741455734177793,1.1388846584349144,0.02938340958339252,0.023816591313657383,0.8622515055172476,0.03540192748071542,0.022798073416334483,-0.015868365736252964,280646.2,244285.15,1.798399550751088,2.066085474291008,0.1153845602767718,0.1153845602767718,0.07407401530749347,-0.12121214173713679,0.11538456027677187,0.11538456027677187,0.07407401530749338,-0.12121214173713674,100.0,38.46154874833593,69.23076482214175,28.205137022383166,-0.0,-30.76923517785825,0.0013928571715950966,0.0014523809687012718,180.8677448567688,78.23522369806034,36.66036453722017,44.895477325030335,0.02449999935925007,0.0,HOLD,0,1
0.02800000086426735,0.02800000086426735,0.02800000086426735,0.02800000086426735,250000,0.0,0.0,EMP,2020-12-09 00:00:00+11:00,Energy,-0.03448270103593898,-0.035091260169922964,0.0,0.0,0.026600000262260438,1.0526316010602903,0.02630000039935112,1.0646387999658804,0.02670000046491623,1.0486891526859454,0.02898000042885542,0.9661835904042195,0.028940000273287296,0.9675190255651932,0.02604500010609627,1.0750624208180932,0.08178109758955103,1.2982346770071354,0.060049563279322996,0.9532572646507496,0.07052641933517792,1.1195721985244285,0.0662266154256594,1.051314927538853,71.42858283252552,57.14285904351566,51.851852362865664,-0.0005248241918708978,-0.0008849069095713041,0.00036008271770040633,0.028974987021931704,0.023625013776770534,0.6355173706536987,0.02953586074138369,0.023864140188448766,0.4584148274648032,0.03512770594439091,0.022832294913319926,-0.1594089961062013,330646.2,248067.5,0.7560951857302458,1.0077902183881404,0.07692308794464564,0.037037042147174404,0.07692308794464564,-0.17647060757070987,0.07692308794464563,0.03703704214717449,0.07692308794464563,-0.17647060757070984,77.77781457076996,61.82337923109129,53.84617588929125,43.589754611312294,-22.222185429230038,-46.15382411070875,0.0011785714221852167,0.0014523808800038836,166.34771707062043,93.29655237963973,44.87917864710575,50.70527924807511,0.02458999935537577,0.10714280487475514,BUY,0,0
0.028999999165534973,0.028999999165534973,0.02800000086426735,0.02800000086426735,206276,0.0,0.0,EMP,2020-12-10 00:00:00+11:00,Energy,0.0,0.0,-0.000999998301267624,-0.034482701035939034,0.027000000327825548,1.0370370564555595,0.0264000004157424,1.0606060766412286,0.02670000046491623,1.0486891526859454,0.028880000449717044,0.9695291007013015,0.028990000281482936,0.9658503136390814,0.02605000010691583,1.0748560748310256,0.08178109758955103,1.2982346770071354,0.060049563279322996,0.9532572646507496,0.06852536163660153,1.0878063923472823,0.06610634684324612,1.049405722981254,66.66667701470001,53.846154948310875,53.846154948310875,-0.0003797283698169715,-0.0007838712016204375,0.00040414283180346597,0.02925968154375062,0.023540319287734177,0.5595030973398624,0.02953586074138369,0.023864140188448766,0.4584148274648032,0.03492257033337398,0.02283743056606011,-0.14563333190895983,358401.4,258208.2,0.5755446267788016,0.7988747065352688,0.07692308794464564,0.037037042147174404,0.0,-0.15151512072762818,0.07692308794464563,0.03703704214717449,0.0,-0.1515151207276282,77.77781457076996,85.18520971384665,53.84617588929125,58.97437220024142,-22.222185429230038,-46.15382411070875,0.0011785712891391345,0.0014523807913064957,163.62377845064862,101.604653966253,48.16826273485603,54.9554861848414,0.02467819935157895,0.10714280487475514,BUY,0,0
0.02800000086426735,0.02800000086426735,0.02800000086426735,0.02800000086426735,0,0.0,0.0,EMP,2020-12-11 00:00:00+11:00,Energy,0.0,0.0,0.0,0.0,0.02760000042617321,1.0144927692723806,0.026600000448524952,1.0526315936893162,0.02670000046491623,1.0486891526859454,0.028800000436604023,0.9722222374927503,0.029040000289678573,0.9641873479670432,0.026055000107735395,1.0746498080402813,0.07687347483707697,1.2203285810177233,0.05827399747367692,0.9250710313017321,0.06852536163660153,1.0878063923472823,0.06597243109872236,1.0472798764413784,66.66667701470001,63.63636825449291,50.0,-0.000261721918129839,-0.0006794413449223178,0.00041771942679247884,0.029611090893083652,0.023588910003966252,0.46494797865415116,0.02953586074138369,0.023864140188448766,0.4584148274648032,0.03477955720656604,0.022820443666642008,-0.13378910897801477,192198.0,253014.35,0.0,0.0,0.12000001788139314,0.07692308794464564,0.0,-0.12500001455191456,0.12000001788139317,0.07692308794464563,0.0,-0.12500001455191453,77.77781457076996,77.77781457076996,53.84617588929125,53.84617588929125,-22.222185429230038,-46.15382411070875,0.0010357141228658812,0.00135714268045766,107.56203732931108,80.16048936238776,65.48086649518055,54.91983105984234,0.024764635347858072,0.0,HOLD,0,1
0.027000000700354576,0.027000000700354576,0.027000000700354576,0.027000000700354576,20000,0.0,0.0,EMP,2020-12-14 00:00:00+11:00,Energy,-0.03571429046593133,-0.03636764909850735,0.0,0.0,0.02800000049173832,0.964285722363512,0.026800000481307505,1.0074626946065381,0.026650000456720592,1.013133217172074,0.028640000447630883,0.9427374398867383,0.029080000296235083,0.928473192066996,0.02607500011101365,1.0354746149723013,0.08131979579813982,1.2909117380905992,0.05803209489949375,0.921230946984962,0.06904835693612983,1.096108685343728,0.06472469595119869,1.0274726950268456,57.142860944175176,54.54545608483097,47.999999403953474,-0.00024605622731196236,-0.0005927643214002468,0.0003467080940882844,0.029596823883677507,0.024003177078937503,0.07150977744164778,0.029423938973395042,0.023876061940046142,0.12617447774350224,0.034365132778811626,0.022914868116450136,-0.2864562166265377,196198.0,254014.35,0.10193783830620087,0.07873570922272698,0.08000001192092876,0.08000001192092876,-0.03571429046593133,-0.22857141184563545,0.08000001192092877,0.08000001192092877,-0.03571429046593136,-0.22857141184563545,55.555587749423715,70.37040563032123,38.46155830036213,48.71797002631487,-44.444412250576285,-61.53844169963787,0.0009642855397292546,0.001404761735882078,31.92983961850115,19.938428379297186,56.67236701746211,54.678725566194174,0.02484934262421161,0.07407401530749347,BUY,0,0
0.02500000037252903,0.027000000700354576,0.02500000037252903,0.027000000700354576,207962,0.0,0.0,EMP,2020-12-15 00:00:00+11:00,Energy,0.0,0.0,0.0020000003278255463,0.08000001192092877,0.02760000079870224,0.9782608666309939,0.026900000497698785,1.0037174795838515,0.02670000046491623,1.0112359636784483,0.028500000424683095,0.9473684315095866,0.029120000302791594,0.9271978166073789,0.026095000114291906,1.034680995673459,0.01922916854050163,0.305253587260285,0.057038239890990654,0.905453987834431,0.06695369517922693,1.0628569608063518,0.06462160795141308,1.025836223763319,66.66667701470001,50.0,47.999999403953474,-0.00023097847835243726,-0.0005204071527906849,0.00028942867443824765,0.029640640951408774,0.024159360043988796,0.03648789556485644,0.029460625527838635,0.023939375401993822,0.10867112650233146,0.03402914363178858,0.022970857217577613,-0.2712897221401094,136847.6,254095.9,1.5196612874467654,0.8184390224320818,-0.06896546630102296,0.03846154397232282,0.03846154397232282,-0.20588237549916144,-0.06896546630102299,0.03846154397232281,0.03846154397232281,-0.20588237549916147,55.555587749423715,62.962996689872476,38.46155830036213,43.58976416333851,-44.444412250576285,-61.53844169963787,0.0009642855397292546,0.0014999998467309134,-13.918119890391607,-21.299334290914445,51.17450610480797,52.348087714564436,0.024932355755038077,0.07407401530749347,BUY,0,0
0.02500000037252903,0.027000000700354576,0.02500000037252903,0.027000000700354576,49251,0.0,0.0,EMP,2020-12-16 00:00:00+11:00,Energy,0.0,0.0,0.0020000003278255463,0.08000001192092877,0.027400000765919686,0.9854014578692044,0.027000000514090062,1.0000000068986856,0.02655000053346157,1.0169491584878072,0.028360000401735305,0.9520451452004383,0.029160000309348108,0.9259259401207524,0.02611500011757016,1.0338885919509908,0.01597191624999856,0.25354631015188517,0.057038239890990654,0.905453987834431,0.056911577949595414,0.9034432918493803,0.06462160795141308,1.025836223763319,66.66667701470001,50.0,52.17391374769204,-0.00021653319380025501,-0.0004596323609925989,0.00024309916719234388,0.029666666996976503,0.02433333403120362,6.984919764979035e-08,0.028841862523074004,0.024258138543849138,0.19634697417757832,0.033670905121966896,0.023049095681503713,-0.25607684058045455,96697.8,213406.0,0.5093290643634084,0.23078545120568306,-0.03571429046593133,0.03846154397232282,-0.09999995653827887,-0.20588237549916144,-0.03571429046593136,0.03846154397232281,-0.09999995653827888,-0.20588237549916147,55.555587749423715,55.555587749423715,38.46155830036213,38.46155830036213,-44.444412250576285,-61.53844169963787,0.001107142706002508,0.0014999998467309134,-11.010275112396034,-21.299334290914445,51.17450610480797,54.65963975098285,0.028999999165534973,0.9629628888659698,BUY,0,0
0.027000000700354576,0.027000000700354576,0.027000000700354576,0.027000000700354576,0,0.0,0.0,EMP,2020-12-17 00:00:00+11:00,Energy,0.0,0.0,0.0,0.0,0.02720000073313713,0.9926470578164766,0.02710000053048134,0.9963099694402483,0.02660000054165721,1.0150375996448173,0.028240000419318675,0.9560906621617531,0.02920000031590462,0.9246575482277735,0.02614000012166798,1.0328997924515586,0.01597191624999856,0.25354631015188517,0.057038239890990654,0.905453987834431,0.048050515768004114,0.76277829054316,0.06450601047454624,1.0240011707074617,0.0,55.55555785511804,42.105265737736005,-0.00020274804842272676,-0.0004082554984786245,0.00020550745005589772,0.02967336821648333,0.024526632844479347,-0.03885951885955443,0.02888496278662386,0.02431503829669056,0.17505766652315247,0.03339173830236782,0.023088262536269527,-0.24069542106249064,55442.6,202406.0,0.0,0.0,-0.03571429046593133,0.03846154397232282,0.03846154397232282,-0.18181815616191244,-0.03571429046593136,0.03846154397232281,0.03846154397232281,-0.1818181561619124,55.555587749423715,55.555587749423715,55.555587749423715,44.15956811671598,-44.444412250576285,-44.444412250576285,0.0010357141228658812,0.0012619046583062126,30.94386231555257,43.7500147136027,51.72427438476551,42.746065890963585,0.028919999189674854,0.555555494233906,BUY,0,0
0.027000000700354576,0.027000000700354576,0.027000000700354576,0.027000000700354576,0,0.0,0.0,EMP,2020-12-18 00:00:00+11:00,Energy,0.0,0.0,0.0,0.0,0.027000000700354576,1.0,0.027300000563263892,0.9890109942593551,0.02660000054165721,1.0150375996448173,0.028080000430345534,0.9615384717436178,0.02924000032246113,0.923392626627782,0.0261650001257658,1.0319128824985755,0.01597191624999856,0.25354631015188517,0.05503341800738644,0.8736284270724499,0.04731789038214859,0.7511482230922814,0.06387231465590666,1.0139415614495708,0.0,62.50000582076784,53.33333416117569,-0.00018963720177627222,-0.000364531839138154,0.0001748946373618818,0.02941870005724638,0.025181301069281403,-0.1415962309715808,0.02888496278662386,0.02431503829669056,0.17505766652315247,0.03285818164461309,0.023301819216077976,-0.22602736931912504,55442.6,200959.0,0.0,0.0,-0.03571429046593133,0.08000001192092876,0.0,-0.22857141184563545,-0.03571429046593136,0.08000001192092877,0.0,-0.22857141184563545,55.555587749423715,55.555587749423715,55.555587749423715,49.85757793306985,-44.444412250576285,-44.444412250576285,0.0009642855397292546,0.0010714285253059295,22.831065048379994,39.903394985013286,51.753880887043316,45.448141827069044,0.028841599213331938,0.7777777471169531,BUY,0,0
0.02500000037252903,0.02500000037252903,0.024000000208616257,0.024000000208616257,150483,0.0,0.0,EMP,2020-12-21 00:00:00+11:00,Energy,-0.11111112644152343,-0.11778305290309747,-0.0010000001639127731,-0.04000000596046439,0.026400000602006913,0.9090908962627747,0.027200000546872615,0.8823529311059413,0.02655000053346157,0.9039547919544676,0.02792000040411949,0.8595988488981234,0.029250000324100255,0.8205128185534305,0.026175000127404927,0.9169054476331608,0.04969040635596399,0.788810746581744,0.06697000125754703,1.063115811774914,0.05099314950356522,0.8094911529262222,0.06463836293163801,1.0261022008287006,0.0,39.99999627470893,41.176468654693515,-0.0004165203407001418,-0.0003749295394505516,-4.159080124959021e-05,0.029833122766981097,0.024566878326764133,-1.2152874309512762,0.029018752630909143,0.024081248436014,-1.0329106464281057,0.032698181557288236,0.023141819250950744,-0.8203958933000285,81539.2,164780.65,1.8455295121855502,0.9132322272062892,-0.11111112644152343,-0.04000000596046438,-0.04000000596046438,-0.2500000291038291,-0.11111112644152346,-0.04000000596046439,-0.04000000596046439,-0.25000002910382907,0.0,37.03705849961582,0.0,37.0370584996158,-100.0,-100.0,0.001107142706002508,0.0011666666361547652,-151.80723547687438,-165.48914171228708,46.70404507853006,43.23670343508842,0.02876476723651588,1.7916667119392913,BUY,0,0
0.024000000208616257,0.024000000208616257,0.024000000208616257,0.024000000208616257,241235,0.0,0.0,EMP,2020-12-22 00:00:00+11:00,Energy,0.0,0.0,0.0,0.0,0.02580000050365925,0.9302325480657376,0.026700000651180743,0.8988763903852158,0.026450000517070294,0.9073723909051398,0.027740000411868096,0.8651766349054651,0.02924000032246113,0.8207934317353721,0.026175000127404927,0.9169054476331608,0.04969040635596399,0.788810746581744,0.03578172449434917,0.5680172669584577,0.05008335007903579,0.7950485348046948,0.0644443401556138,1.023022184744446,0.0,39.99999627470893,46.6666658388243,-0.0005895311151640215,-0.00041784985459324565,-0.0001716812605707758,0.029688869377289595,0.02371113192507189,-0.9033519669094202,0.029162544553405362,0.023737456480735226,-0.903211256899721,0.03241402715083357,0.02306597367290262,-0.8001666255079302,88193.8,154089.7,2.7352829790756266,1.5655491574063678,-0.11111112644152343,-0.1724137620962749,-0.07692308794464564,-0.272727262464765,-0.11111112644152346,-0.17241376209627488,-0.07692308794464563,-0.272727262464765,0.0,18.518529249807916,0.0,18.518529249807905,-100.0,-100.0,0.001107142706002508,0.0010714285253059295,-143.85965407610132,-172.64310132920636,42.424886014857925,52.4765533058123,0.028574176555399896,1.2083332880607087,BUY,0,0
0.024000000208616257,0.02500000037252903,0.024000000208616257,0.02500000037252903,128400,0.0,0.0,EMP,2020-12-23 00:00:00+11:00,Energy,0.041666673134184595,0.04082200072907232,0.0010000001639127731,0.04166667313418449,0.02540000043809414,0.9842519661942524,0.026400000602006913,0.9469696894866185,0.026350000500679018,0.9487665995256737,0.02760000038892031,0.9057971021828312,0.02927000032737851,0.8541168463583714,0.02619000012986362,0.9545628197237894,0.05726536398675926,0.9090594710793558,0.03979317148772432,0.6316970138103882,0.05022738406332003,0.7973350034212422,0.06465561032723215,1.0263759947457345,25.000000000000014,45.454543915169026,46.6666658388243,-0.0006385904713737574,-0.000461997977949348,-0.0001765924934244094,0.02941109170639997,0.023388909497613856,-0.46494781490846976,0.029123939448514456,0.02357606155284358,-0.48667261736363016,0.03217142836589911,0.023028572411941506,-0.5687500775435128,104023.6,138059.65,1.2343352854544545,0.9300327793095231,-0.07407408429434903,-0.1071428713977941,-0.07407408429434903,-0.21875002546585043,-0.07407408429434897,-0.10714287139779408,-0.07407408429434897,-0.21875002546585043,20.000007450582153,6.6666691501940605,20.000007450582153,6.666669150194051,-79.99999254941785,-79.99999254941785,0.0011785712891391345,0.0010238094698815118,-91.2621357350532,-107.40169674290662,45.17292530968699,46.410718515351526,0.028391209501528552,0.9199999880790712,BUY,0,0
0.02500000037252903,0.02500000037252903,0.02500000037252903,0.02500000037252903,27292,0.0,0.0,EMP,2020-12-24 00:00:00+11:00,Energy,0.0,0.0,0.0,0.0,0.02500000037252903,1.0,0.02610000055283308,0.9578544001147675,0.026250000484287737,0.9523809490020044,0.027380000427365304,0.9130752367535556,0.029290000330656766,0.8535336323080355,0.026205000132322312,0.9540164184808766,0.05726536398675926,0.9090594710793558,0.03979317148772432,0.6316970138103882,0.05022738406332003,0.7973350034212422,0.0619708155503283,0.9837561989401382,25.000000000000014,50.0,42.85714095648435,-0.0006697499046219198,-0.0005035483632838623,-0.00016620154133805743,0.028998276377135864,0.023201724728530295,-0.379536057638223,0.029069108298766935,0.02343089266980854,-0.44340273377931533,0.031316018999183744,0.023443981855546865,-0.6046719575656664,109482.0,139424.25,0.24928298715770628,0.19574787025929852,-0.07407408429434903,-0.1071428713977941,-0.07407408429434903,-0.30555551531322034,-0.07407408429434897,-0.10714287139779408,-0.07407408429434897,-0.30555551531322034,20.000007450582153,13.333338300388112,20.000007450582153,13.333338300388101,-79.99999254941785,-79.99999254941785,0.0010714283479111536,0.0009285713590326763,-71.79487014163668,-76.35431832900058,66.46597420034988,46.934922979727894,0.02821556112981206,0.8399999761581425,BUY,0,0
0.026000000536441803,0.026000000536441803,0.026000000536441803,0.026000000536441803,20850,0.0,0.0,EMP,2020-12-29 00:00:00+11:00,Energy,0.04000000596046438,0.03922071888449703,0.0,0.0,0.024800000339746477,1.0483871040425798,0.025900000520050526,1.0038610044163458,0.026250000484287737,0.9904761926387173,0.02728000044822693,0.953079182890251,0.029330000337213277,0.8864643790492412,0.026225000135600567,0.9914204157103769,0.06226636220725389,0.988447856670388,0.042859899644930394,0.6803798140660282,0.05040753169946642,0.8001947584883592,0.059208150401196466,0.9399002492980502,40.0,54.54545608483097,46.6666658388243,-0.0006067579958594083,-0.0005241902897989715,-8.256770606043676e-05,0.028473368817274847,0.023326632222826205,0.038859582011303365,0.029069108298766935,0.02343089266980854,-0.0886805203270026,0.031092760695259708,0.023467240201194152,-0.3357147653806104,113652.0,139312.9,0.18345475662548832,0.1496630965258781,-0.037037042147174515,-0.07142858093186266,0.0,-0.16129029156886276,-0.03703704214717449,-0.07142858093186272,0.0,-0.16129029156886276,40.000014901164306,26.666676600776213,40.000014901164306,26.666676600776203,-59.999985098835694,-59.999985098835694,0.0011428569310477801,0.0009761904144570941,-23.12924673569545,-9.03568104278421,66.85551231115409,47.344158551735106,0.028046938692964228,0.6923076482214174,BUY,0,0
0.02500000037252903,0.02500000037252903,0.024000000208616257,0.024000000208616257,611963,0.0,0.0,EMP,2020-12-30 00:00:00+11:00,Energy,-0.07692308794464564,-0.08004271961356928,-0.0010000001639127731,-0.04000000596046439,0.024800000339746477,0.9677419306382801,0.025600000470876693,0.9374999909050532,0.0262000004760921,0.9160305256679908,0.027100000455975534,0.8856088488856195,0.029350000340491532,0.8177172037543603,0.026235000137239693,0.9148084651445864,0.04808527127522553,0.7633300171159467,0.04768828268447879,0.7570280186092715,0.052681520100045204,0.8362932052414211,0.05935342008396751,0.9422063340199467,28.57142857142857,22.222226821346254,43.74999854480838,-0.0007100349249678575,-0.0005613592168327487,-0.00014867570813510884,0.028299795144250257,0.02290020579750313,-0.5926377579896231,0.029145112504185885,0.023254888447998317,-0.7470005373275356,0.030651372510189057,0.02354862840176201,-0.872902134734457,205948.0,169847.15,2.9714442480626175,3.603021893508369,0.0,-0.11111112644152343,-0.04000000596046438,-0.272727262464765,0.0,-0.11111112644152346,-0.04000000596046439,-0.272727262464765,0.0,20.000007450582164,0.0,20.000007450582153,-100.0,-100.0,0.000999999897820609,0.0010238094698815118,-98.71794936087363,-107.9602015222498,36.214137223016024,39.34506125606698,0.02788506115359031,0.7499999611948931,BUY,0,0
0.024000000208616257,0.024000000208616257,0.024000000208616257,0.024000000208616257,0,0.0,0.0,EMP,2020-12-31 00:00:00+11:00,Energy,0.0,0.0,0.0,0.0,0.024800000339746477,0.9677419306382801,0.025300000421702863,0.9486165932245819,0.026100000459700824,0.9195402216821019,0.026960000470280646,0.8902077073430564,0.029380000345408917,0.8168822303082999,0.026265000142157078,0.913763566674978,0.04808527127522553,0.7633300171159467,0.04768828268447879,0.7570280186092715,0.05180500060676208,0.8223788896502562,0.0588033367207676,0.9334740313436608,28.57142857142857,25.000000000000014,46.6666658388243,-0.0007828583318129599,-0.000605659039828791,-0.0001771992919841689,0.027974987879866523,0.022625012963539203,-0.48598366662213716,0.029205174553000632,0.022994826366401017,-0.6762906645446531,0.030434925126266582,0.02348507581429471,-0.8518171053192375,157701.0,165847.15,0.0,0.0,0.0,-0.11111112644152343,-0.07692308794464564,-0.2258064322305392,0.0,-0.11111112644152346,-0.07692308794464563,-0.22580643223053923,0.0,13.333338300388112,0.0,13.333338300388101,-100.0,-100.0,0.0009285714477300644,0.0009761904144570941,-98.04964599261291,-121.2183470893936,25.215196084932856,39.35992862629836,0.027729658715791347,0.7083333656709225,BUY,0,0
0.02500000037252903,0.02500000037252903,0.02500000037252903,0.02500000037252903,118956,0.0,0.0,EMP,2021-01-04 00:00:00+11:00,Energy,0.041666673134184595,0.04082200072907232,0.0,0.0,0.024800000339746477,1.00806451734043,0.025100000388920306,0.9960159356636736,0.026050000451505184,0.9596928959394515,0.026840000487864016,0.9314456005257168,0.0294100003503263,0.8500510056012854,0.026300000147894024,0.9505703510245382,0.04808527127522553,0.7633300171159467,0.05046059793831755,0.801037158914441,0.0527506474285928,0.8373905675622323,0.05914706175740293,0.9389304971416027,60.0,33.33333333333333,46.6666658388243,-0.0007512201524277652,-0.0006347712623485859,-0.00011644889007917931,0.027494438780875687,0.022705561996964926,-0.041763453479215756,0.029193917030076073,0.022906083872934295,-0.3339783523942757,0.03015625606264174,0.023523744913086293,-0.5548426753744138,155812.2,171794.95,0.7634575469700061,0.692430132550462,0.0,-0.07407408429434903,-0.03846154397232282,-0.19354836189970104,0.0,-0.07407408429434897,-0.03846154397232281,-0.193548361899701,25.0,8.333333333333343,20.000007450582153,6.666669150194051,-75.0,-79.99999254941785,0.0009285715807761465,0.0009761904144570941,-36.73469387755093,-55.35947398945872,19.524537403550127,39.99431579721043,0.027580472375504345,0.800000044703483,BUY,0,0
0.026000000536441803,0.02800000086426735,0.026000000536441803,0.02800000086426735,328391,0.0,0.0,EMP,2021-01-05 00:00:00+11:00,Energy,0.12000001788139314,0.11332870127253264,0.0020000003278255463,0.07692308794464563,0.02540000043809414,1.102362219737359,0.025200000405311583,1.111111127536553,0.02615000046789646,1.070745711788498,0.026820000521838666,1.0439970290629879,0.029440000355243683,0.951086974402164,0.026350000156089664,1.062618622330306,0.07166080567253429,1.1375800233603146,0.0644888209814335,1.0237282959638243,0.05925427044746741,0.9406323823353764,0.06093364372315246,0.9672916066108397,75.0,50.0,55.55555670533656,-0.000478555213653753,-0.0006035280526096193,0.00012497283895586636,0.027996824458867677,0.02240317635175549,1.0011357187076655,0.029412224635046755,0.022887776300746166,0.5670978760441683,0.0300948896068576,0.023545111436819734,0.36031765100889246,216032.0,184839.5,1.5201035031847134,1.7766278311724497,0.12000001788139314,0.037037042147174404,0.07692308794464564,-0.03448270103593898,0.12000001788139317,0.03703704214717449,0.07692308794464563,-0.034482701035939034,100.0,41.66666666666668,80.00002980232861,33.33334575097026,-0.0,-19.999970197671395,0.0011428573301860265,0.0011190475807303475,103.54609929078019,71.8283685443044,34.99229055241791,45.698593789102105,0.024000000208616257,0.392857128602206,BUY,0,0
0.02800000086426735,0.02800000086426735,0.026000000536441803,0.02800000086426735,995915,0.0,0.0,EMP,2021-01-06 00:00:00+11:00,Energy,0.0,0.0,0.0,0.0,0.02580000050365925,1.0852713301418762,0.025300000421702863,1.106719383302791,0.026300000492483377,1.0646387961958341,0.026800000555813313,1.0447761299838383,0.029470000360161067,0.9501187825609622,0.0264000001642853,1.0606060867433849,0.07179307374018845,1.1396797138407626,0.0644888209814335,1.0237282959638243,0.05837577533819039,0.9266867048125753,0.06093364372315246,0.9672916066108397,71.42857142857143,54.54545454545455,55.55555670533656,-0.0002594752164571876,-0.000534717485379133,0.00027524226892194545,0.028434043408357812,0.022165957435047914,0.86150715036818,0.029615038225196094,0.02298496275977066,0.512814787900725,0.030032488870730983,0.023567512240895643,0.37123113575264394,411045.0,193084.4,2.4228855721393034,5.1579257568192975,0.07692308794464564,0.037037042147174404,0.12000001788139314,-0.03448270103593898,0.07692308794464563,0.03703704214717449,0.12000001788139317,-0.034482701035939034,100.0,75.00000000000001,80.00002980232861,60.00002235174646,-0.0,-19.999970197671395,0.001214285913322653,0.0012142856915791829,99.99999999999997,65.22256087821764,35.40164270697676,45.698593789102105,0.024080000221729278,0.3571427716132356,BUY,0,0
0.026000000536441803,0.026000000536441803,0.026000000536441803,0.026000000536441803,133125,0.0,0.0,EMP,2021-01-07 00:00:00+11:00,Energy,-0.07142858093186266,-0.07410798238803556,0.0,0.0,0.026200000569224356,0.9923664111283462,0.025500000454485416,1.019607846001761,0.026350000500679018,0.9867172691617901,0.02668000053614378,0.9745127441515313,0.029460000358521938,0.8825526211821904,0.026430000169202685,0.9837306231552001,0.07001709579318667,1.111486937950552,0.057338448748993,0.9102196557123484,0.06097034466886912,0.9678742160623227,0.05995007701783611,0.9516779692101784,55.55555555555556,46.15384615384615,52.63157946333662,-0.0002444185468585408,-0.00047665769767501456,0.00023223915081647375,0.028518462661962854,0.02248153824700798,0.16564728911224053,0.029612224691870324,0.02308777630948771,-0.10728875261923701,0.029549687334352818,0.023810313737934744,-0.23695965710486736,315277.4,199740.65,0.4222472019878367,0.6664892699608217,0.08333334626836897,0.08333334626836897,0.04000000596046438,-0.18750002182787184,0.08333334626836898,0.08333334626836898,0.04000000596046439,-0.18750002182787182,50.0,83.33333333333334,40.000014901164306,66.66669150194052,-50.0,-59.999985098835694,0.001214285913322653,0.0012380951749426977,24.113475177305023,-6.871161315830548,37.01760854189258,56.060611697167616,0.02415840023458004,0.3846152964428351,BUY,0,0
0.026000000536441803,0.03200000151991844,0.026000000536441803,0.028999999165534973,4839624,0.0,0.0,EMP,2021-01-08 00:00:00+11:00,Energy,0.1153845602767718,0.10919924255795858,0.00299999862909317,0.11538456027677187,0.0272000003606081,1.0661764257743793,0.02600000035017729,1.1153845682674088,0.026350000500679018,1.1005692073815205,0.02670000050216913,1.0861422704160244,0.02949000034481287,0.9833841582384353,0.026475000167265533,1.0953729549505886,0.08077069139324881,1.282194975895689,0.06614767322141774,1.0500617588966286,0.05552290153365452,0.8813987371606598,0.05955472411137536,0.9454019363865681,63.636357478858976,56.24999490682991,59.09090716668872,9.479515200375155e-06,-0.0003794302550999366,0.00038890977030031176,0.029527668639146878,0.0224723320612077,0.8504197587789544,0.029612224691870324,0.02308777630948771,0.8123288007033703,0.029620721635652582,0.02377927936868568,0.7874762972056515,1283202.2,416486.15,3.771520965285128,11.620131905946932,0.2083332880607085,0.2083332880607085,0.0,0.035714223942892476,0.20833328806070858,0.20833328806070858,0.0,0.035714223942892365,62.49997671693945,70.83332557231316,62.49997671693945,60.833340473477456,-37.50002328306055,-37.50002328306055,0.0015000002458691597,0.0015238095074892044,163.63633982734882,138.84975017033574,84.92976008018641,84.4375844593649,0.024235232247173787,0.24137929262644287,BUY,0,0
0.028999999165534973,0.03200000151991844,0.02800000086426735,0.029999999329447746,6708115,0.0,0.0,EMP,2021-01-11 00:00:00+11:00,Energy,0.03448276526508387,0.033901558098595734,0.0010000001639127731,0.03448276526508396,0.028200000151991846,1.0638297577217837,0.02650000024586916,1.1320754358907663,0.026450000423938035,1.1342154574143921,0.026720000505447386,1.122754444683924,0.029550000336021186,1.0152283921593739,0.026525000166147946,1.131008450199171,0.08082251515549763,1.2830176526171735,0.0659374038335582,1.046723835844992,0.05531481723543139,0.8780955013316449,0.059540923555471026,0.9451828593533043,79.99999627470962,58.823524900167705,52.63157946333662,0.0002880665623348905,-0.00024593089161297117,0.0005339974539478616,0.03074264045766616,0.022257360034072162,0.8249577878054704,0.030032119680723432,0.02286788116715264,0.9910331429600391,0.029717686615301026,0.023722314395593747,1.0941768763643187,2601034.0,739391.9,2.5790185749205894,9.072475638426658,0.19999995529651704,0.19999995529651704,0.0714285144088238,0.03448276526508387,0.1999999552965171,0.1999999552965171,0.07142851440882372,0.03448276526508396,74.99997671693946,62.49998447795965,74.99997671693946,59.16665611168107,-25.00002328306055,-25.00002328306055,0.0017857145784156664,0.0015238095961865924,174.99998690327772,169.90289856973453,92.79206190077238,91.64108011737834,0.024545823018083574,0.16666669771075315,BUY,0,0
0.03200000151991844,0.03799999877810478,0.03099999949336052,0.032999999821186066,27104156,0.0,0.0,EMP,2021-01-12 00:00:00+11:00,Energy,0.1000000186264518,0.09531019673746272,0.000999998301267624,0.031249945430320485,0.029199999943375587,1.1301369823691578,0.027300000190734863,1.208791193795877,0.026700000371783973,1.2359550322725765,0.02682000048458576,1.2304250270298143,0.029640000332146883,1.1133603053774261,0.026590000167489053,1.241068056160991,0.07621782157860253,1.2099204082084483,0.0699730317430367,1.1107874428398214,0.05922953493679712,0.9402397182766618,0.06086421979159085,0.9661895358631495,84.61538241107087,64.99999674037122,61.904758525814046,0.0007423662356765282,-4.8271466155071235e-05,0.0007906377018315994,0.03303875679886102,0.021561243582608705,0.99324645035127,0.031292900808835525,0.02210709993473242,1.3716821289177403,0.03028857644783922,0.0233514245213323,1.7817108237132502,7956187.0,2084285.9,3.4066765901806986,13.004049012661843,0.1785713858066178,0.3199999731779102,0.1785713858066178,0.1785713858066178,0.1785713858066178,0.31999997317791024,0.1785713858066178,0.1785713858066178,64.2857180870313,67.26189050697008,64.2857180870313,67.26189050697006,-35.714281912968694,-35.714281912968694,0.0023571431104625973,0.0018571429841575168,230.76919897912762,285.59994716909404,97.87315937857234,97.43620254183814,0.02484399015815697,0.030303091878076893,HOLD,0,1
0.03400000184774399,0.03500000014901161,0.03099999949336052,0.03099999949336052,5646929,0.0,0.0,EMP,2021-01-13 00:00:00+11:00,Energy,-0.060606070868568396,-0.06252036790593911,-0.0030000023543834686,-0.0882353585690328,0.02979999966919422,1.0402684509223938,0.027800000086426736,1.1151078919778916,0.02685000030323863,1.154562351704008,0.026880000457167624,1.1532737710610523,0.029710000324994327,1.043419695531977,0.026645000167191027,1.1634452729909142,0.08732252129006379,1.3862020511319115,0.07544487423066033,1.1976502494532364,0.06127771244562057,0.9727535282522377,0.0615668176047876,0.9773429303756479,71.4285676272549,68.42104953577004,56.52173560936674,0.0009302948286343538,0.00014744179280281385,0.0007828530358315399,0.033895535190010546,0.02170446498284292,0.5249743217871674,0.03180346756510998,0.02189653304136728,0.8377968341621937,0.03053088770006558,0.023229113214269667,1.1284925449854686,8886389.8,2366632.35,0.6354581699758433,2.3860609359117397,0.10714280487475514,0.19230764822141744,0.10714280487475514,0.10714280487475514,0.10714280487475508,0.1923076482214175,0.10714280487475508,0.10714280487475508,50.0,63.0952316013236,50.0,63.095231601323576,-50.0,-50.0,0.002428571693599224,0.0020000002391281583,139.74705066414583,190.4534325473256,86.0903086220351,85.53331896275505,0.025633350675353838,0.06451614066167655,BUY,0,0
0.03200000151991844,0.032999999821186066,0.028999999165534973,0.028999999165534973,3270652,0.0,0.0,EMP,2021-01-14 00:00:00+11:00,Energy,-0.06451614066167644,-0.06669138693011951,-0.0030000023543834686,-0.09375006912159405,0.030399999395012856,0.9539473599559494,0.028299999982118608,1.0247349534932388,0.02695000022649765,1.0760667503453947,0.026940000429749488,1.0764661730855303,0.029760000314563512,0.9744623272515014,0.02669000016525388,1.0865492313967215,0.0854778044063298,1.3569180784498183,0.07375218901332353,1.1707797046553055,0.06265416159293281,0.9946039810689283,0.061401836089565294,0.9747239300144429,53.84614723321263,61.904758525814046,51.999996423721626,0.0009073864942923948,0.00029943073310073013,0.0006079557611916647,0.03380151424677067,0.022798485717466545,0.12723754765373413,0.03199610295172302,0.02190389750127228,0.40625390537323364,0.030630252024146237,0.02324974883535274,0.5582271785786563,9513895.2,2529164.95,0.3437763325372767,1.2931746503920196,0.1153845602767718,0.2083332880607085,0.07407401530749347,0.1153845602767718,0.11538456027677187,0.20833328806070858,0.07407401530749338,0.11538456027677187,35.714281912968694,50.00000000000001,35.714281912968694,50.0,-64.2857180870313,-64.2857180870313,0.0027142860261457308,0.002190476460825829,72.64730237965729,109.4240596447495,80.99885590970592,80.21340261707071,0.026375349561518893,0.13793106106033592,BUY,0,0
0.029999999329447746,0.03200000151991844,0.029999999329447746,0.03200000151991844,1549464,0.0,0.0,EMP,2021-01-15 00:00:00+11:00,Energy,0.10344836002439672,0.09844014908535914,0.0020000021904706955,0.0666667411724743,0.030999999865889548,1.032258118011453,0.029100000113248824,1.0996564053396443,0.027200000267475842,1.1764706325456238,0.02702000044286251,1.1843079568998094,0.02982000032439828,1.0731053377533506,0.02676000017672777,1.1958146976302233,0.08243313230151782,1.3085854071714098,0.07755853886109906,1.2312036352560412,0.06634368596651545,1.0531733647605945,0.06215469113144888,0.9866751332990733,62.50000000000001,65.21739130434783,59.25925925925926,0.0011184142090859238,0.0004632274282977689,0.0006551867807881549,0.03412880577834356,0.024071194448154087,0.5766779628806724,0.03272887162837737,0.02167112890657431,0.8681701814201581,0.03096844349611252,0.023071557389612498,1.2612569080759146,8855863.2,2596240.05,0.174964762328307,0.5968107610080201,0.10344836002439672,0.3333333850734759,0.18518521073587246,0.14285716186372532,0.1034483600243968,0.33333338507347593,0.18518521073587244,0.14285716186372543,57.14287234812522,47.61905142036465,57.14287234812522,47.619051420364634,-42.85712765187478,-42.85712765187478,0.0028571433254650663,0.002285714660372053,81.87136381430525,120.46513454488017,81.52951467078331,80.8244138584591,0.027072828514514046,0.0,HOLD,0,1
0.029999999329447746,0.029999999329447746,0.028999999165534973,0.029999999329447746,634499,0.0,0.0,EMP,2021-01-18 00:00:00+11:00,Energy,-0.06250006548361542,-0.06453859098676339,0.0,0.0,0.030999999865889548,0.9677419180397436,0.029600000008940697,1.0135134905535887,0.027350000198930503,1.0968921064439652,0.027080000415444373,1.1078286140770526,0.029870000313967467,1.0043521598297236,0.026820000177249313,1.1185682002677966,0.08999049982620716,1.4285548973912725,0.08290356811149623,1.3160533441375424,0.068312191934605,1.0844224282360628,0.06262234094743664,0.9940988439816858,62.499992724044425,59.99999552965271,55.1724102494274,0.0011114595180996,0.0005928738462581352,0.0005185856718414648,0.033731182040339217,0.025468817977542177,0.09682442397040505,0.033017079337569796,0.02168292106029121,0.46761286823206905,0.031117376555829454,0.023042624275059292,0.7232417323704862,7641140.0,2625502.45,0.08303721695977302,0.24166764727262013,0.0,0.19999995529651704,0.11111105745466787,0.11111105745466787,0.0,0.1999999552965171,0.11111105745466787,0.11111105745466787,42.85714095648435,45.23809840585943,42.85714095648435,45.238098405859425,-57.14285904351565,-57.14285904351565,0.003071429207921028,0.0023333338044938586,33.93937378382672,63.99997804562016,80.58786287934234,80.17315546303037,0.02772845873032949,0.1000000186264518,BUY,0,0
0.028999999165534973,0.028999999165534973,0.02800000086426735,0.02800000086426735,2309247,0.0,0.0,EMP,2021-01-19 00:00:00+11:00,Energy,-0.06666661699612819,-0.06899281826851879,-0.000999998301267624,-0.034482701035939034,0.030000000074505807,0.9333333598242864,0.029600000008940697,0.9459459748584437,0.02740000020712614,1.0218978340367006,0.027080000415444373,1.0339734281650261,0.02990000031888485,0.9364548684162569,0.026870000185444953,1.0420543606633281,0.07472803037062678,1.186270705958162,0.07917366632560771,1.2568429888966022,0.07029406814290202,1.1158837376948803,0.06322022164132043,1.0035899057599054,46.666673289403064,53.846153846153854,51.61290322580645,0.0009338004438615953,0.0006610591657788273,0.00027274127808276803,0.033731182040339217,0.025468817977542177,-0.3872981467562452,0.03307172109192676,0.021728279322325517,0.10578811428276078,0.031117376555829454,0.023042624275059292,0.2278708787175889,2682158.2,2740964.8,0.8609659937284833,0.8424942195536405,-0.15151512072762818,0.0,0.037037042147174404,0.0,-0.1515151207276282,0.0,0.03703704214717449,0.0,28.57143617406261,42.85714982622407,28.57143617406261,42.85714982622407,-71.42856382593739,-71.42856382593739,0.0031428576580115725,0.0023333337157964706,-4.530741948787747,23.818528411695436,77.49466563452722,77.12669574825678,0.03799999877810478,0.14285716186372532,BUY,0,0
0.029999999329447746,0.029999999329447746,0.029999999329447746,0.029999999329447746,224517,0.0,0.0,EMP,2021-01-20 00:00:00+11:00,Energy,0.0714285144088238,0.06899281826851893,0.0,0.0,0.02980000004172325,1.0067113854847138,0.029799999855458736,1.0067113917771504,0.027550000138580798,1.0889291897837776,0.027140000388026237,1.105379473122016,0.029950000308454038,1.0016694163765867,0.02693000018596649,1.113999224741226,0.08403257037314088,1.3339756994211898,0.08206622952455596,1.3027610061523294,0.07186927886133036,1.1408894326357888,0.06373218952472014,1.0117171439522716,50.0,61.53845878306956,54.545451979827895,0.0009435112979266844,0.0007175495922083988,0.00022596170571828557,0.03377771550389683,0.025822284207020648,0.05027998270000609,0.03333473469135119,0.021765265585810406,0.4235283691096266,0.03126082820836765,0.023019172567684827,0.6940350497790414,1597675.8,2752190.65,0.140527258408746,0.08157756076963636,-0.03225807033083827,0.0714285144088238,0.11111105745466787,0.11111105745466787,-0.03225807033083823,0.07142851440882372,0.11111105745466787,0.11111105745466787,42.85714095648435,38.09523936234378,42.85714095648435,38.09523936234377,-57.14285904351565,-57.14285904351565,0.0031428575249654906,0.002428571737947918,33.1275525991183,63.06304632178014,78.2627013280405,77.21582130435311,0.03779999881982803,0.033333339542150675,HOLD,0,1
0.028999999165534973,0.03099999949336052,0.028999999165534973,0.029999999329447746,2390169,0.0,0.0,EMP,2021-01-21 00:00:00+11:00,Energy,0.0,0.0,0.0010000001639127731,0.03448276526508396,0.030000000074505807,0.9999999751647314,0.03019999973475933,0.9933774699646308,0.027850000094622372,1.0771992541300035,0.027180000357329846,1.1037527202002928,0.029960000310093163,1.0013350807390047,0.026990000186488033,1.1115227536925547,0.0770331219993527,1.2228629011511156,0.07716280041378422,1.2249214821611096,0.06627731716645854,1.0521197927220083,0.06355615080251373,1.0089226158718172,38.46153846153846,61.53845878306956,54.545451979827895,0.0009403672514183524,0.0007621131240503896,0.00017825412736796283,0.033151459255838324,0.027248540213680342,-0.06776322151234157,0.03347980756685772,0.022220192622387024,0.38189569455591066,0.03137309440591667,0.02298690630874302,0.6725341572217559,1421579.2,2864174.95,1.6813477574798505,0.8345052385853734,0.03448276526508387,0.15384610424909462,0.2499999611948931,0.0714285144088238,0.03448276526508396,0.15384610424909467,0.24999996119489307,0.07142851440882372,38.461535155067374,36.630037428538124,42.85714095648435,38.09523936234377,-61.538464844932626,-57.14285904351565,0.003285714691238744,0.0025238098487967535,23.931602664073516,57.217376701208146,78.2627013280405,77.21582130435311,0.03760399886071682,0.13333342025677553,BUY,0,0
0.028999999165534973,0.028999999165534973,0.028999999165534973,0.028999999165534973,309910,0.0,0.0,EMP,2021-01-22 00:00:00+11:00,Energy,-0.033333339542150675,-0.03390155809859586,0.0,0.0,0.02939999960362911,0.9863945427385392,0.03019999973475933,0.9602648814647772,0.02810000004246831,1.0320284384948921,0.027220000326633454,1.0653930498729596,0.029950000308454038,0.9682804296115181,0.027045000186190007,1.0722868909552918,0.05680016792022923,0.9016747124618124,0.07011311883000372,1.1130112564038588,0.06704331625879266,1.0642796513389121,0.06352718893361795,1.0084628604562058,41.66666666666667,57.69230466137652,58.064513609325246,0.000847415438424131,0.0007791735869251379,6.824185149899309e-05,0.033151459255838324,0.027248540213680342,-0.40657869798114793,0.033446912129014766,0.022753087955921854,0.1683212868472592,0.03144412885877603,0.02299587179449088,0.4213884178374333,1173668.4,2867608.7,0.2640524359350563,0.10807262511095045,-0.093750069121594,0.0,0.2083332880607085,0.07407401530749347,-0.09375006912159405,0.0,0.20833328806070858,0.07407401530749338,24.99999223897741,35.43955611684306,35.714281912968694,40.476187941979134,-75.00000776102259,-64.2857180870313,0.003285714691238744,0.002428571737947918,-26.96300346714749,27.16795931752934,77.81248353592666,76.9786594970738,0.03741191890078783,0.20689659159050366,BUY,0,0
0.029999999329447746,0.03200000151991844,0.029999999329447746,0.03099999949336052,1477049,0.0,0.0,EMP,2021-01-25 00:00:00+11:00,Energy,0.06896553053016796,0.06669138693011958,0.0010000001639127731,0.03333333954215063,0.029599999636411668,1.0472972930454594,0.030299999751150608,1.0231023019128351,0.028399999998509885,1.0915492779925018,0.02732000030577183,1.134699822342653,0.029970000311732293,1.0343676733705276,0.027120000179857016,1.143067820345566,0.0614155720138526,0.9749419810525939,0.07267966915505909,1.1537539797284297,0.0679591880902142,1.078818665931416,0.06391865697673685,1.0146772229861363,58.33333333333333,55.999996721744836,60.60605838251751,0.0009244769734848522,0.0008082342642370808,0.00011624270924777142,0.03328886831107478,0.027311131191226433,0.23420225017445062,0.03368752208217701,0.023112477914842756,0.4917236190619218,0.031661352978993154,0.022978647632550503,0.8476618843449305,1342178.4,2935041.15,1.100486343693208,0.5032464365959571,0.033333339542150675,0.033333339542150675,0.23999996125698142,0.19230764822141744,0.03333333954215063,0.03333333954215063,0.23999996125698148,0.1923076482214175,41.666664079659135,35.04273049123464,50.0,42.85714095648435,-58.333335920340865,-50.0,0.003285714824284826,0.0025714289929185596,52.47210240813232,74.54317374646502,78.28116823220974,77.82411993648314,0.03722368054005742,0.09677427107784298,BUY,0,0
0.029999999329447746,0.03200000151991844,0.029999999329447746,0.03099999949336052,2247708,0.0,0.0,EMP,2021-01-27 00:00:00+11:00,Energy,0.0,0.0,0.0010000001639127731,0.03333333954215063,0.0301999993622303,1.0264900711266485,0.030099999718368055,1.0299003250303438,0.02869999995455146,1.0801393568798354,0.027380000278353692,1.1322132643610219,0.02998000031337142,1.0340226540802993,0.027195000173524022,1.13991539972634,0.0465751802706589,0.7393580655849926,0.06469192692958975,1.0269525029355406,0.0679591880902142,1.078818665931416,0.06308461040636629,1.0014371441438552,44.444432946634386,55.999996721744836,59.37499763531403,0.0009743174699153277,0.0008414509053727304,0.00013286656454259728,0.03249443804117683,0.027705561395559276,0.3758709365863836,0.03385445590979467,0.023545543999308246,0.4462157711270103,0.03184098713342183,0.022919013423285554,0.8114794624185316,1329870.6,3046061.95,1.6901704571858343,0.7379062004960207,0.10714280487475514,-0.060606070868568396,0.23999996125698142,0.10714280487475514,0.10714280487475508,-0.06060607086856837,0.23999996125698148,0.10714280487475508,41.666664079659135,36.1111067994319,50.0,45.23809397098956,-58.333335920340865,-50.0,0.003285714957330908,0.0026190481370403653,43.75001089372516,68.76228961731147,78.28116823220974,77.78445609671215,0.037039206946541614,0.09677427107784298,BUY,0,0
0.03099999949336052,0.03099999949336052,0.02800000086426735,0.02800000086426735,1650572,0.0,0.0,EMP,2021-01-28 00:00:00+11:00,Energy,-0.09677415090718633,-0.10178264710004259,-0.00299999862909317,-0.09677415090718632,0.02979999966919422,0.9395973548688451,0.029799999855458736,0.939597348995904,0.028799999970942736,0.9722222532124121,0.027380000278353692,1.0226442870566301,0.029970000330358744,0.9342676194736027,0.027255000174045564,1.0273344591988385,0.06017666565537509,0.9552749523192251,0.06904913683279658,1.0961210658194993,0.07186552039069082,1.1408297687640558,0.06467297470702228,1.026651645729308,40.000003725291776,53.84615439723228,54.28571474187226,0.0007629468291235272,0.0008257500901228897,-6.280326099936248e-05,0.032433122201325895,0.02716687750959158,-0.6835986918787093,0.03380946425004519,0.02379053569184028,-0.15969753692279495,0.03184098713342183,0.022919013423285554,0.13898283183894006,1615081.6,3127548.05,1.0219743695922237,0.5277527230956532,-0.06666661699612819,-0.09677415090718633,0.07692308794464564,0.0,-0.06666661699612825,-0.09677415090718632,0.07692308794464563,0.0,16.66667184068173,33.33333333333334,28.57143617406261,42.85714539135421,-83.33332815931827,-71.42856382593739,0.003357143407421453,0.0027619052146162304,-80.36249899983659,6.021516548052845,76.33606898202402,75.72805738278004,0.036858422824896125,0.1785713858066178,BUY,0,0
0.029999999329447746,0.029999999329447746,0.028999999165534973,0.028999999165534973,487756,0.0,0.0,EMP,2021-01-29 00:00:00+11:00,Energy,0.035714223942892476,0.03509126016992313,-0.0010000001639127731,-0.03333333954215063,0.029599999636411668,0.9797297135727454,0.029799999855458736,0.9731543391340917,0.02904999991878867,0.9982788036697599,0.027400000244379042,1.0583941206892566,0.029910000320523978,0.9695753545557614,0.02732000016607344,1.061493374423467,0.06398981178792036,1.015806770596,0.0671823820072367,1.066487251656532,0.06938494465309854,1.1014518497044772,0.0648472076334653,1.0294175076907113,55.55554865686666,50.0,54.28571230902965,0.0006684204441758275,0.0007942841609334772,-0.0001258637167576497,0.032433122201325895,0.02716687750959158,-0.30382207312904075,0.033520958398581754,0.024579041438995582,-0.011183452827772842,0.031881253178860154,0.02291874730989793,0.3570427611538506,1234599.0,3121337.7,0.39507240812603933,0.15626505264073157,-0.033333339542150675,0.0,0.2083332880607085,0.035714223942892476,-0.03333333954215063,0.0,0.20833328806070858,0.035714223942892365,9.999985098835698,22.77777367305886,35.714281912968694,38.09523936234377,-90.0000149011643,-64.2857180870313,0.0030714289418288638,0.00280952418134326,-62.985710148471384,12.49997456577913,74.540451391013,75.91046172504086,0.03668125438568355,0.10344836002439672,BUY,0,0
0.028999999165534973,0.028999999165534973,0.028999999165534973,0.028999999165534973,451061,0.0,0.0,EMP,2021-02-01 00:00:00+11:00,Energy,0.0,0.0,0.0,0.0,0.029599999636411668,0.9797297135727454,0.029499999620020388,0.9830508318330253,0.029299999866634608,0.9897610681752507,0.027460000216960906,1.056081534464915,0.029830000307410957,0.9721756240924416,0.02738500015810132,1.0589738542307763,0.06201710804973349,0.9844910695861006,0.05702744945317249,0.9052826949444047,0.06938494465309854,1.1014518497044772,0.06396081001553894,1.0153463817321922,42.85713905582483,47.826086604414904,57.575756036381414,0.0005867439836704721,0.0007527761254808763,-0.00016603214181040412,0.031660245723933195,0.02733975351610758,-0.231455320567307,0.033089180717766724,0.025510819015502492,-0.07917296980163978,0.031945076958271736,0.022974923475650076,0.3433606685900273,1262829.2,3143890.75,0.3571829032778146,0.14347222466302303,0.0,-0.093750069121594,0.2083332880607085,0.1153845602767718,0.0,-0.09375006912159405,0.20833328806070858,0.11538456027677187,9.999985098835698,12.222214012784383,35.714281912968694,33.333333333333336,-90.0000149011643,-64.2857180870313,0.0027857146092823575,0.0027142860704944247,-75.0487507348143,-7.446840789676012,70.39991242133537,75.98556011472158,0.036507629315255224,0.10344836002439672,BUY,0,0
0.03099999949336052,0.057999998331069946,0.03099999949336052,0.05299999937415123,79810338,0.0,0.0,EMP,2021-02-02 00:00:00+11:00,Energy,0.8275862379037251,0.6029961005318368,0.02199999988079071,0.7096774271077843,0.03399999961256981,1.5588235287672507,0.03179999962449074,1.6666666666666665,0.030699999816715718,1.726384354741705,0.027920000217854977,1.898280765064517,0.029990000296384097,1.7672557135833524,0.027560000158846378,1.923076889284377,0.38014050237077085,6.034543395217315,0.2678808807774383,4.2524771491562685,0.1953755547113087,3.1014907801645,0.1314752889766137,2.0871055090948296,87.09677710090315,72.72727234242869,75.43859574594069,0.0024305958437725247,0.0010883400691392062,0.0013422557746333185,0.04684954713773873,0.01675045211124275,1.408680209886597,0.04167557047479395,0.01972442915863749,2.0317849752096753,0.0364037416925503,0.019436258743159657,2.956242741613831,16929487.0,7128459.85,4.714279765240376,11.196014241421308,0.7096774271077844,0.7666666852931185,1.1199999433755883,0.7666666852931185,0.7096774271077843,0.7666666852931185,1.1199999433755883,0.7666666852931185,83.33333540293923,34.44443520020355,84.84848707202832,52.0923502993219,-16.66666459706077,-15.151512927971677,0.004285714589059353,0.004095238411710376,435.68461678244756,472.68721682920784,89.92895538913021,92.16345266564882,0.02800000086426735,-0.37735848658744353,SELL,0,2
0.052000001072883606,0.05299999937415123,0.03700000047683716,0.041999999433755875,29927278,0.0,0.0,EMP,2021-02-03 00:00:00+11:00,Energy,-0.20754717113751886,-0.23262229694228923,-0.010000001639127731,-0.19230771986161407,0.03619999960064888,1.1602209916323598,0.03319999948143959,1.2650602436676517,0.031399999745190144,1.3375796106555524,0.02824000019580126,1.4872520942829335,0.030060000289231538,1.3972055565415822,0.02768000015988946,1.5173410112409336,0.4111338029594928,6.526546789218295,0.27992539334382,4.443677858638098,0.20287676352016049,3.2205687784080332,0.1336159234276185,2.1210870275263654,65.8536598662548,60.37735855687594,62.68656650028242,0.0029700171542439216,0.0014646754861601494,0.0015053416680837722,0.049249921465772464,0.01715007749710672,0.5482892665089839,0.04338946852354833,0.019410530966831954,0.8841092032116931,0.037590848155232164,0.018889152236370353,1.471524218728935,22465401.0,8608404.2,1.3321497354977105,3.476518679269266,0.3548387135538922,0.4999999334769609,0.4999999334769609,0.6153845602767718,0.3548387135538921,0.49999993347696103,0.49999993347696103,0.6153845602767719,46.66666583882431,46.666662113533086,50.0,56.85425632833233,-53.33333416117569,-50.0,0.0051428573206067085,0.004809524065681866,204.6783680041425,271.64179438969114,71.25901545192207,74.62599460016946,0.0286000008136034,-0.21428570795018653,SELL,0,2
0.04399999976158142,0.05400000140070915,0.04100000113248825,0.04800000041723251,13007192,0.0,0.0,EMP,2021-02-04 00:00:00+11:00,Energy,0.1428571681992541,0.1335314147988697,0.0040000006556510925,0.09090910630285255,0.04019999951124191,1.1940298756423948,0.034999999590218066,1.3714285994062623,0.0323999997228384,1.4814815070321699,0.028660000190138816,1.674808098352634,0.030190000291913748,1.5899304389900617,0.027830000165849925,1.7247574606964289,0.3943674532390504,6.260389238690528,0.2809715484256945,4.460285055714776,0.20410256544783872,3.2400277807515945,0.13478220740691443,2.139601211730141,68.8888907285385,66.66666775593283,64.28571390558263,0.003837426895607149,0.0019392257680495497,0.0018982011275575992,0.053330302529374846,0.016669696651061282,0.7092081822196259,0.046368385067156195,0.018431614378520603,1.116807727583206,0.03954425164923738,0.01777574873104025,1.7768792185453086,24736725.0,9208968.05,0.525825144597759,1.412448379598841,0.7142856762725491,0.6000000496705384,0.7142856762725491,0.7777777471169531,0.7142856762725491,0.6000000496705384,0.7142856762725491,0.777777747116953,66.66667080587845,65.555557349214,68.75000436557487,67.8661638125344,-33.33332919412154,-31.24999563442513,0.005785714435790267,0.005285714531228656,171.50998384687162,243.91290859022928,75.4182725553296,76.68433604837018,0.02918800076395273,-0.2708333365670923,SELL,0,2
0.05000000074505806,0.07800000160932541,0.04899999871850014,0.06700000166893005,61590724,0.0,0.0,EMP,2021-02-05 00:00:00+11:00,Energy,0.39583335596964564,0.33349162470013455,0.017000000923871994,0.34000001341104485,0.04780000001192093,1.4016736747326526,0.038699999824166297,1.731266200861628,0.034449999779462816,1.9448476661202114,0.029500000216066836,2.271186480617016,0.030540000293403865,2.193844172404967,0.028075000178068875,2.3864648706669613,0.3989160853604433,6.332596535082883,0.2968609502735072,4.712521490340071,0.2168043462053312,3.441662299303539,0.14426336858647676,2.290109979457591,78.12500200088837,73.97260319411498,71.91011243009639,0.005988959676529973,0.0027491725497456347,0.0032397871267843383,0.0655170766908076,0.011882922957524994,1.0552977860151163,0.054964180439860885,0.013935819119064743,1.5867073819966844,0.044813059876225275,0.014186940555908401,2.4488901816552597,36957318.6,12281848.0,1.666536597706523,5.0147766036511765,1.3103449516149004,1.2333334388832276,1.5769230879446456,1.6800000268220896,1.3103449516149006,1.2333334388832276,1.5769230879446456,1.6800000268220898,78.00000044703484,63.77777903057921,78.84615439723228,65.86538625426904,-21.99999955296517,-21.153845602767717,0.007714285781340939,0.006619047905717578,222.18742025505048,316.61992200206146,85.16908531873489,84.7486504397602,0.029764240715295074,-0.4925372984951607,SELL,0,2
0.07000000029802322,0.07199999690055847,0.052000001072883606,0.05299999937415123,20596119,0.0,0.0,EMP,2021-02-08 00:00:00+11:00,Energy,-0.20895525292607642,-0.23440074255671509,-0.017000000923871994,-0.24285715502135602,0.05260000005364418,1.00760454981177,0.04109999984502792,1.2895377025302572,0.035649999789893624,1.4866760080367836,0.030040000192821027,1.7643142155111302,0.03075000027194619,1.7235772001766172,0.028250000178813933,1.8761061606611436,0.43826791598183185,6.957287479838865,0.31134318734794475,4.94241987670112,0.22483365633500066,3.5691236461186415,0.14807391632097627,2.350600549444149,66.66666501098216,63.52941194516978,63.3663355928755,0.006489573955585547,0.0034972528309136176,0.002992321124671929,0.06835109645587846,0.013848903234177385,0.43667965730175795,0.05758075261046543,0.013719246969321822,0.7911264937509445,0.04669476593066124,0.013385234454980816,1.3785843369243123,40986330.2,13069672.75,0.5025119082264163,1.5758710561440799,0.8275862379037251,0.8275862379037251,0.8275862379037251,1.0384614723321262,0.8275862379037251,0.8275862379037251,0.8275862379037251,1.0384614723321262,49.99999627470976,64.88888917587435,51.92307361660631,66.50641079313782,-50.00000372529024,-48.07692638339369,0.008928571029433183,0.007476190548567544,134.32513463633632,193.22507707461676,76.00180832151179,76.67993811779297,0.031693671151056285,-0.37735848658744353,SELL,0,2
0.050999999046325684,0.0560000017285347,0.04600000008940697,0.04800000041723251,15996395,0.0,0.0,EMP,2021-02-09 00:00:00+11:00,Energy,-0.09433960407473663,-0.09909088214341948,-0.00299999862909317,-0.05882350363120852,0.051600000262260436,0.9302325614974674,0.04279999993741512,1.1214953384911486,0.036549999844282866,1.3132695108544754,0.030460000187158585,1.5758371675082423,0.030810000281780957,1.5579357344445275,0.0284000001847744,1.690140848765414,0.2610436722693323,4.143939828910208,0.31713419748359883,5.034349312653891,0.22710437127863511,3.6051701283536906,0.14897299596967772,2.364872996399969,62.02531669445859,61.363636171214345,59.22330123423203,0.006408977545826734,0.004079597773896241,0.002329379771930493,0.0693631330965126,0.016236866778317646,0.19576005769622354,0.05897625384266636,0.014123745845899371,0.5105623334942597,0.04784500422997735,0.013074996144339816,1.0089155105672343,28223541.6,13534086.75,0.566774901134307,1.1819338308881462,-0.09433960407473663,0.5483871355389216,0.6000000496705384,0.7777777471169531,-0.09433960407473664,0.5483871355389215,0.6000000496705384,0.777777747116953,39.9999985098839,55.999998410542844,39.9999985098839,56.92307550790749,-60.0000014901161,-60.0000014901161,0.009499999827572278,0.007666666770265216,64.90355144214847,100.86558582554726,71.29132874866878,71.85395202384687,0.03354592436938705,-0.2916666343290776,SELL,0,2
0.05000000074505806,0.05299999937415123,0.04600000008940697,0.04600000008940697,4936264,0.0,0.0,EMP,2021-02-10 00:00:00+11:00,Energy,-0.041666673134184484,-0.0425596211675102,-0.0040000006556510925,-0.08000001192092877,0.052400000393390656,0.877862590535573,0.044299999997019765,1.0383747199210287,0.03719999985769391,1.2365591469187327,0.03084000017493963,1.4915693848402194,0.030900000277906656,1.488673128663262,0.028540000189095735,1.611772942698934,0.23658212202672568,3.755624757159915,0.3185643462809655,5.057052220987793,0.22742659277178714,3.6102852359814515,0.1492035366509526,2.368532716258389,60.493827217273136,59.09090937954212,57.692307761192495,0.006113251243752851,0.004486328467867564,0.0016269227758852877,0.06956394079956629,0.019036059194473244,0.06728958501263776,0.05994434619519167,0.014455653520196156,0.3869093488611199,0.04873931034109219,0.01294069000878707,0.846960009840757,23225338.8,12425692.15,0.2125378683388679,0.39726269896361466,0.09523811213283606,0.48387099487724505,0.39393940420190177,0.7037036628226041,0.09523811213283605,0.48387099487724505,0.3939394042019017,0.7037036628226041,35.99999791383746,41.99999756614372,35.99999791383746,42.64102334677589,-64.00000208616254,-64.00000208616254,0.009857142743255411,0.007809523847841081,46.870450507942685,77.15565421507249,69.86739655154429,70.15491872104344,0.03532408745898459,-0.3043477943973416,SELL,0,2
0.04699999839067459,0.050999999046325684,0.04399999976158142,0.04399999976158142,8380620,0.0,0.0,EMP,2021-02-11 00:00:00+11:00,Energy,-0.04347826791170184,-0.044451769933067604,-0.00299999862909317,-0.06382976025140479,0.051600000262260436,0.8527131693400871,0.045899999886751176,0.9586056616588755,0.037849999871104954,1.162483485110166,0.031200000159442423,1.410256395407908,0.030980000291019678,1.4202711216350734,0.028670000191777945,1.5347052482476038,0.23068476478275032,3.66200711319953,0.3158000446747216,5.013170293394406,0.22707784479480178,3.6047490334774106,0.14925582876115848,2.3693628277732026,42.3728822120747,57.77777786976026,55.3398055969989,0.0056523459810539495,0.004719531970504841,0.0009328140105491082,0.0684575816908554,0.02334241808264695,-0.08422889216006571,0.06059133771466837,0.01510866202754154,0.2704326338574285,0.049423107205108875,0.012976893113775971,0.7024048956120742,22300024.4,12562376.7,0.3758121448512855,0.6671205775894302,-0.08333334626836897,0.5714285144088238,0.4193548542155685,0.6923076482214174,-0.08333334626836898,0.5714285144088237,0.4193548542155686,0.6923076482214175,31.999997317791024,35.99999791383747,31.999997317791024,35.99999791383747,-68.00000268220897,-68.00000268220897,0.010214285525892462,0.0077619047924166636,28.89908010743811,56.48971815917648,67.69167642519142,65.90804544469398,0.037031124024998224,-0.2727272342428686,SELL,0,2
0.0430000014603138,0.04600000008940697,0.04100000113248825,0.041999999433755875,5458182,0.0,0.0,EMP,2021-02-12 00:00:00+11:00,Energy,-0.045454553151426325,-0.0465200236982919,-0.0010000020265579224,-0.023255860292955087,0.0465999998152256,0.9012875450706168,0.047199999913573265,0.889830498107225,0.038499999884516,1.090909079473725,0.03154000014066696,1.3316423350170512,0.030990000274032356,1.3552758651941412,0.028790000192821026,1.4588398455179186,0.07176695767363726,1.1392651341368567,0.3181165508980982,5.0499436896599335,0.2266720611626083,3.598307418016104,0.14931407654687928,2.370287482705827,50.0,57.14285714285714,55.3398055969989,0.005067279484388988,0.004789081473281671,0.0002781980111073168,0.06672320657605918,0.027676793251087344,-0.2663497124070942,0.060917099121150904,0.0160829006478811,0.15613079606303548,0.049924598752568765,0.01315540152876516,0.5689544555145919,11073516.0,12671753.2,0.49290415076837385,0.4307361352334419,-0.37313435242446336,0.44827588421694653,0.44827588421694653,0.679999952316285,-0.37313435242446336,0.44827588421694653,0.44827588421694653,0.6799999523162849,27.999996721744587,31.99999731779103,27.999996721744587,31.999997317791024,-72.00000327825542,-72.00000327825542,0.010499999725392886,0.007809523759143693,1.1996593415637922,30.369693587177302,66.48813166420081,65.64264678708899,0.03866987912837131,-0.23809519163470083,SELL,0,2
0.04100000113248825,0.04699999839067459,0.04100000113248825,0.04100000113248825,3519913,0.0,0.0,EMP,2021-02-15 00:00:00+11:00,Energy,-0.02380948368451441,-0.024097510475393182,0.0,0.0,0.044200000166893,0.9276018320741628,0.04840000011026859,0.8471074594851014,0.03894999986514449,1.0526316116673022,0.031840000152587894,1.2876884716081212,0.031000000294297933,1.322580669137274,0.028910000193864107,1.4181944260654187,0.02638308567098143,0.4188185010235712,0.3188076836733685,5.060915082337679,0.22650224239988018,3.5956116287313162,0.14940273110360733,2.3716948301639977,42.2222233260119,55.55555647538032,55.88235380052831,0.0044713753335385645,0.00472554024533305,-0.0002541649117944857,0.06404040432932716,0.032759595891210025,-0.4731334864583036,0.0611782423755336,0.01672175735475538,0.09222507206251797,0.050344759568549086,0.013335240736626706,0.49500783955069655,7658274.8,12770275.65,0.4596221854039503,0.2756332828258096,-0.22641506383706733,0.41379318318100755,0.28124997453414946,0.5769230879446456,-0.22641506383706733,0.4137931831810075,0.28124997453414957,0.5769230879446456,26.00000014901161,28.666664729515748,26.00000014901161,28.66666472951574,-73.99999985098839,-73.99999985098839,0.01071428507566452,0.007904761692597753,-5.573858183569081,26.69767640623196,66.36682291343749,66.14970364050961,0.040243084027609476,-0.2195121796091426,SELL,0,2
0.041999999433755875,0.04800000041723251,0.041999999433755875,0.04500000178813934,3071201,0.0,0.0,EMP,2021-02-16 00:00:00+11:00,Energy,0.09756098890644926,0.09309043518077677,0.0030000023543834686,0.07142862844832167,0.04360000044107437,1.0321101223142666,0.04760000035166741,0.9453781818420305,0.03969999998807907,1.1335013048274996,0.03222000017762184,1.396648092491128,0.031050000321120024,1.44927540491942,0.029050000198185443,1.5490534072681414,0.061504648467589317,0.9763560259181472,0.1790170171666364,2.8418070472290036,0.2258555001262052,3.5853449134203372,0.14980438441640917,2.3780708788376312,13.333334989017843,57.44680969112865,56.310679734550995,0.004272631389126355,0.004634958474091711,-0.0003623270849653559,0.06301139654669309,0.03218860415664172,-0.16870623080647693,0.061667440699609694,0.017732559276548446,0.24126623896056873,0.05101335555865195,0.013426644796591732,0.6800276667687323,5073236.0,12892110.75,0.6053731779873832,0.238223287059491,-0.062499970896169765,-0.15094335246187918,0.5000000931322595,0.7307692638339369,-0.06249997089616979,-0.1509433524618792,0.5000000931322596,0.7307692638339369,34.000001341104486,29.333332737286906,34.000001341104486,29.333332737286895,-65.9999986588955,-65.9999986588955,0.01107142772525549,0.008095237736900648,2.84286691549695,36.367921064006374,66.73032442110025,66.3843576785153,0.04175336073087811,-0.31111114974374976,SELL,0,2
0.04699999839067459,0.050999999046325684,0.035999998450279236,0.039000000804662704,12766838,0.0,0.0,EMP,2021-02-17 00:00:00+11:00,Energy,-0.13333334989017842,-0.14310086274472553,-0.007999997586011887,-0.1702127204242456,0.04220000058412552,0.9241706223893615,0.047300000488758084,0.8245243213883674,0.04024999998509884,0.9689441197292198,0.03248000018298626,1.2007389342655166,0.03107000032439828,1.255230138315681,0.029160000197589398,1.3374485782029164,0.08277677098377516,1.314040502136099,0.1709468563857815,2.7136972164303104,0.22797745710848058,3.619029936227604,0.1513388521394749,2.4024297987781558,18.181821260570516,55.67010289481931,54.205608208743406,0.0035895968085911806,0.004425886140991605,-0.0008362893324004245,0.0633013897517847,0.03129861122573147,-0.5187049416561385,0.061523903759909626,0.018976096210288052,-0.05875739561801467,0.05128182389431085,0.013678176471661668,0.3467749044870238,6639350.8,13414990.3,1.9229045707300179,0.9516844749414392,-0.1521738971986708,-0.07142853975093244,0.392857128602206,0.5,-0.15217389719867078,-0.07142853975093241,0.39285712860220595,0.5,20.40816559264272,26.802722360919617,21.99999955296517,27.33333368102709,-79.59183440735728,-78.00000044703484,0.011928570722895009,0.008666666224598885,-38.38384265988318,12.110723260458284,64.27568824150691,63.830842856641944,0.07800000160932541,0.07692304018451468,BUY,0,0
0.03799999877810478,0.03999999910593033,0.035999998450279236,0.03799999877810478,3385983,0.0,0.0,EMP,2021-02-18 00:00:00+11:00,Energy,-0.025641077075012952,-0.025975539190775346,0.0,0.0,0.041000000387430194,0.926829229732272,0.04630000032484531,0.8207343091035224,0.04064999995753169,0.9348093190111821,0.03274000015109777,1.1606597007553967,0.031080000307410954,1.2226511712435142,0.02926500018686056,1.298479362223482,0.08241826407031484,1.3083493813182188,0.16395774687104986,2.6027485424596586,0.22820686830996592,3.6226717261502204,0.1512539601621986,2.40108218041709,22.222222222222214,54.63917474302507,54.71698003796211,0.0029337764279103173,0.004127464198375347,-0.00119368777046503,0.06332416693744591,0.029275833712244702,-0.48754231179793545,0.061406990694078956,0.01989300922098443,-0.1276678885230217,0.05147906777831507,0.014000932523880478,0.2806969232219003,5640423.4,13573063.6,0.6003065301799861,0.2494634299068635,-0.13636365945427886,-0.20833336567092242,0.26666665424903213,0.5199999284744274,-0.13636365945427883,-0.20833336567092245,0.2666666542490321,0.5199999284744273,18.367345232062007,24.25850405526975,19.99999552965171,25.333332141240458,-81.63265476793799,-80.00000447034829,0.012071428022214345,0.008761904424145109,-96.91877802967839,-21.53470398526028,63.61988249808167,63.532142190240954,0.07716000154614448,-0.026315745616387054,HOLD,0,1
0.03799999877810478,0.03799999877810478,0.035999998450279236,0.035999998450279236,3379321,0.0,0.0,EMP,2021-02-19 00:00:00+11:00,Energy,-0.052631589266732504,-0.05406723216293791,-0.0020000003278255463,-0.05263158926673246,0.03980000019073486,0.9045225697928455,0.04320000000298023,0.8333332974026785,0.040949999913573266,0.8791208431320825,0.03296000011265278,1.0922329589574078,0.031070000287145377,1.1586739014345473,0.029360000174492598,1.2261579780764218,0.08289993372104143,1.3159956499776782,0.07948133225732466,1.2617270341498625,0.22888209458121211,3.63339061090471,0.15155869889277393,2.405919757792801,22.222222222222214,53.53535292720497,52.830188148766084,0.0022269795060683925,0.0037473672599139564,-0.0015203877538455639,0.05338931952961934,0.03301068047634112,-0.7066224131922847,0.06122676991090885,0.020673229916237684,-0.24412179375435403,0.0515861174433733,0.014333882781932265,0.1632115960427519,5224651.2,13622521.2,0.6468031779805702,0.24806869083822752,-0.1428571681992541,-0.4626866036784961,0.19999997516473078,0.43999991655349846,-0.14285716819925406,-0.4626866036784961,0.19999997516473078,0.43999991655349857,10.638295174076863,16.47126866626054,15.999994933605269,19.333330005407383,-89.36170482592314,-84.00000506639473,0.012214285188487597,0.008761904512842497,-130.13999327472686,-35.75990626514725,63.09763395447477,62.93660122182441,0.07633680148422718,0.027777835266828088,HOLD,0,1
0.03500000014901161,0.03700000047683716,0.03500000014901161,0.035999998450279236,1041024,0.0,0.0,EMP,2021-02-22 00:00:00+11:00,Energy,0.0,0.0,0.000999998301267624,0.028571379914575902,0.03879999965429306,0.9278350198721197,0.041499999910593034,0.8674698440442671,0.04129999987781048,0.8716706672345824,0.03310000009834766,1.0876132430004537,0.031100000273436307,1.157556210088789,0.029455000162124635,1.2222033017188922,0.08384841101672123,1.3310522602690373,0.06029648757158352,0.9571770662706414,0.22853247384339573,3.6278405537519913,0.150141178462629,2.3834173185737004,25.000000000000014,38.66666706403093,52.830188148766084,0.0016478425501407698,0.003327462317959319,-0.001679619767818549,0.049945907650207136,0.03305409217097893,-0.6512031187029161,0.060939917094659304,0.021660082660961654,-0.26985864395520176,0.05170985047686981,0.014490149719825512,0.1558313631193133,4728873.4,13659076.9,0.22014207443151257,0.07621481360867073,-0.12195128156342983,-0.320754738200301,0.24137929262644287,0.24137929262644287,-0.12195128156342978,-0.320754738200301,0.24137929262644278,0.24137929262644278,2.3255773658299925,10.443739257322964,15.999994933605269,17.33332846562075,-97.67442263417001,-84.00000506639473,0.010285713842936925,0.008761904512842497,-115.97469063509214,-45.20417775224402,48.573054238538795,62.764038280402524,0.07553006542354822,0.027777835266828088,HOLD,0,1
0.035999998450279236,0.035999998450279236,0.03500000014901161,0.03500000014901161,757660,0.0,0.0,EMP,2021-02-23 00:00:00+11:00,Energy,-0.02777773178653753,-0.028170829661421756,-0.000999998301267624,-0.027777731786537547,0.03679999932646751,0.9510869779782497,0.040199999883770945,0.8706467723931857,0.041499999910593034,0.8433734993834958,0.03324000008404255,1.0529482569349926,0.031110000256448986,1.125040175522218,0.02954500015825033,1.184633608446199,0.05127381845390731,0.8139466343862785,0.056744295161920116,0.9007877599205175,0.22868241134465814,3.630220737795248,0.15010097115390164,2.3827790473350214,26.666669978035685,44.6153855852826,52.83018907710469,0.0010955519931291,0.002881080252993275,-0.001785528259864175,0.04818888227245574,0.03221111749508615,-0.6509045297906068,0.06077638384072148,0.02222361598046459,-0.33720016083629184,0.05179850111058615,0.014681499057498954,0.09483524894881296,4266165.2,13623107.45,0.17759743574862033,0.05561579858198946,-0.22222224981696403,-0.2708333365670923,0.12903228132335287,0.24999996673848046,-0.2222222498169641,-0.27083333656709224,0.12903228132335293,0.24999996673848052,0.0,4.321290846635628,13.999998360872294,15.333329409360942,-100.0,-86.0000016391277,0.009214285228933607,0.008761904424145109,-106.65942668728422,-55.72761575323223,55.97040490176491,62.68248551784143,0.07390886281256676,0.057142866266016945,BUY,0,0
0.03500000014901161,0.035999998450279236,0.032999999821186066,0.03400000184774399,2045814,0.0,0.0,EMP,2021-02-24 00:00:00+11:00,Energy,-0.028571379914575923,-0.028987486785316995,-0.000999998301267624,-0.028571379914575902,0.03579999953508377,0.9497207343375579,0.03900000005960465,0.8717949178405374,0.041650000028312206,0.8163265744209359,0.03336000010371208,1.0191847044976685,0.031120000276714563,1.092545036806583,0.029625000171363353,1.1476793806269638,0.01864718833398458,0.2960149378938483,0.05658636174702539,0.8982806446834057,0.22893529664662243,3.6342351675105737,0.15020600524188418,2.384446411790939,26.666669978035685,38.33333498901784,51.428572543624306,0.0005705888490222868,0.0024189819721990775,-0.0018483931231767906,0.04671722528278498,0.03128277483642432,-0.6479010353154003,0.06062671764270365,0.022673282413920765,-0.40312546858823795,0.05185769996058064,0.01486230024684352,0.034598990630408645,2121960.4,13613012.75,0.964115070196409,0.15028370556693998,-0.12820509881427833,-0.26086952648563966,0.09677427107784298,0.2142857427955882,-0.12820509881427833,-0.2608695264856397,0.09677427107784306,0.21428574279558815,2.222226637380919,1.51593466773698,12.000001788139317,13.999998360872292,-97.77777336261909,-87.99999821186069,0.00849999939756734,0.008761904246750333,-100.20303940763712,-67.48016639638533,52.02766846361177,62.23673743800504,0.07235250830602455,0.029411713144773755,HOLD,0,1
0.03400000184774399,0.03400000184774399,0.03200000151991844,0.032999999821186066,5525978,0.0,0.0,EMP,2021-02-25 00:00:00+11:00,Energy,-0.0294118227121295,-0.02985302291369515,-0.0010000020265579224,-0.029411822712129523,0.03479999974370003,0.9482758639146305,0.03790000006556511,0.8707123948310741,0.04189999997615814,0.7875894949871997,0.03346000008285046,0.986252233696193,0.03113000025972724,1.0600706567894904,0.029700000174343585,1.1111110985680461,0.018658560470444823,0.29619546496354404,0.056341814669775656,0.8943985801819028,0.22756442946554598,3.6124733256608033,0.15031341493477288,2.386151487805627,0.0,9.523810368546492,50.9433963590349,7.301825994913969e-05,0.00194978922974909,-0.0018767709697999502,0.045585485015182496,0.030214515115947728,-0.637565524687286,0.060240637232802374,0.023559362719513907,-0.48526122786425463,0.05189337716058401,0.015026623005116913,-0.024954747018116792,2549959.4,13806783.05,2.1670846994661956,0.4002364620337827,-0.13157892414985195,-0.25,0.1785713858066178,0.1785713858066178,-0.13157892414985195,-0.25,0.1785713858066178,0.1785713858066178,2.499996041878601,1.5740742264198495,9.999997764825855,11.999999304612487,-97.5000039581214,-90.00000223517415,0.006499999335833958,0.008761904158052943,-107.56300633065061,-81.48605480595118,3.354131602232826,61.41982998159678,0.06999135779693424,0.0909090498590599,BUY,0,0
0.03200000151991844,0.032999999821186066,0.03099999949336052,0.032999999821186066,1819350,0.0,0.0,EMP,2021-02-26 00:00:00+11:00,Energy,0.0,0.0,0.000999998301267624,0.031249945430320485,0.03420000001788139,0.9649122749687746,0.03700000010430813,0.891891884544716,0.042100000008940694,0.7838479765837986,0.03358000006526709,0.9827278069400323,0.031110000256448986,1.0607521552284556,0.029775000177323818,1.108312329963254,0.015668390746906263,0.2487279921653973,0.056512500082791815,0.8971081271135054,0.22763129914949282,3.61353484898464,0.15016737898125526,2.3838332389127364,0.0,14.28571618637254,52.42718386907406,-0.0003176483640812619,0.0014963017109830196,-0.0018139500750642816,0.0446594180056724,0.02934058220294386,-0.5222329339687286,0.05992842269051558,0.02427157732736581,-0.5104209357319756,0.05191960823754711,0.015240391892987065,-0.03162555266353416,2237965.2,13873362.75,0.8129482978555698,0.13113979882058516,-0.08333329883990315,-0.21428570795018653,0.13793106106033592,0.2222221838961913,-0.08333329883990316,-0.21428570795018648,0.13793106106033584,0.22222218389619133,8.000000596046394,4.240741091768648,8.163266237057087,10.05442193000742,-91.99999940395361,-91.83673376294291,0.005214285371559007,0.008714285191325914,-102.46913322610824,-91.12425781648194,4.662649505096354,61.371419161564674,0.06695204929477298,0.060606070868568285,BUY,0,0
0.032999999821186066,0.032999999821186066,0.03200000151991844,0.03200000151991844,339404,0.0,0.0,EMP,2021-03-01 00:00:00+11:00,Energy,-0.030302978990491503,-0.03077160575069945,-0.000999998301267624,-0.03030297899049148,0.033400000631809236,0.9580838597183297,0.03610000014305115,0.8864266313882021,0.04225000012665987,0.7573964834079692,0.03368000008165836,0.9501188076702285,0.031090000253170727,1.0292699021980518,0.029845000188797714,1.0722064438763048,0.01301043413435655,0.20653423901096007,0.056568264852373124,0.8979933653868912,0.227907571407891,3.617920535123847,0.15028038603871097,2.3856271703352743,0.0,16.666669253673803,51.456311768159054,-0.0006998782232941828,0.0010570657241275791,-0.0017569439474217619,0.0437854847048944,0.028414515581207896,-0.5334730152849828,0.05965991901404885,0.024840081239270898,-0.5887447651560345,0.05192746016888628,0.015432539994430443,-0.09206752905385525,2097641.2,13867779.9,0.16180269533226177,0.02447428517379339,-0.11111103062644068,-0.2195121796091426,0.10344836002439672,0.18518521073587246,-0.1111110306264407,-0.21951217960914254,0.1034483600243968,0.18518521073587244,4.5454637817115335,5.0151534732121865,6.122453479109257,8.095239160330733,-95.45453621828847,-93.87754652089075,0.0045714279902832845,0.008666666135901497,-91.69012432082297,-94.4312414591913,6.8580664544635965,61.362155838756244,0.06335684431463173,0.12499989813659829,BUY,0,0
0.032999999821186066,0.03400000184774399,0.032999999821186066,0.032999999821186066,477240,0.0,0.0,EMP,2021-03-02 00:00:00+11:00,Energy,0.031249945430320558,0.030771605750699496,0.0,0.0,0.03300000056624412,0.9999999774224835,0.03489999994635582,0.9455587355848076,0.04125000014901161,0.7999999927751946,0.03380000006407499,0.9763313538055516,0.03108000023290515,1.0617760480660539,0.029835000187158584,1.1060834460926112,0.027044325850794457,0.4293153634595846,0.04316204812536946,0.6851762724955752,0.1274788278519942,2.0236636555343455,0.15029445842722572,2.3858505625774504,19.999985098824595,21.73912761792772,51.92307719861614,-0.0009115982972485656,0.0006633329198523501,-0.0015749312171009157,0.03956190142443902,0.03023809846827262,-0.40755904733339915,0.058354939922657306,0.02414506037536591,-0.48231682993334285,0.05194679390999962,0.015653206218150358,-0.044084935866981735,2041557.2,9901125.0,0.2337627375809015,0.04820058326705299,-0.057142866266017056,-0.26666669978035684,-0.37735848658744353,0.2222221838961913,-0.05714286626601702,-0.2666666997803569,-0.3773584865874436,0.22222218389619133,10.00000186264519,7.515155413467714,4.255319654860588,6.1803464570089774,-89.99999813735481,-95.74468034513941,0.0042142852076462334,0.008761904246750333,-71.33757239743008,-89.64364568889694,8.454928158038129,61.46409538293101,0.060121159832504614,0.18181821260570508,BUY,0,0
0.032999999821186066,0.032999999821186066,0.03200000151991844,0.03200000151991844,777062,0.0,0.0,EMP,2021-03-03 00:00:00+11:00,Energy,-0.030302978990491503,-0.03077160575069945,-0.000999998301267624,-0.03030297899049148,0.032600000500679016,0.9815951235722197,0.03420000001788139,0.9356725585727285,0.04075000025331974,0.7852761060366258,0.03390000008046627,0.9439528449546335,0.03107000024989247,1.029932451321084,0.029850000198930502,1.0720268444442078,0.027328665279103152,0.43382911195099516,0.02346078614371499,0.3724284341900395,0.11938564618815574,1.8951883795476385,0.15040744787744054,2.3876442144937045,16.666656318626906,22.727271957584506,37.03703839974038,-0.0011468592077349751,0.000301294494334885,-0.0014481537020698601,0.03817771387648729,0.030222286159275493,-0.5530811355882702,0.05834036878979292,0.02315963171684656,-0.4974312343290819,0.05194868720012971,0.015851312960802836,-0.10527073509285038,1787806.8,8443614.2,0.43464539904423677,0.09202954819986921,-0.05882353585690325,-0.1794871574440421,-0.23809519163470083,0.18518521073587246,-0.05882353585690328,-0.1794871574440421,-0.23809519163470086,0.18518521073587244,5.00001024454855,6.5151586296351,2.127663790504901,4.168478974824915,-94.99998975545145,-97.8723362094951,0.0037857137088264737,0.0074285708722614105,-80.57552579043293,-89.28800956671212,10.386916084968675,46.97073543756354,0.0572090437985902,0.18749990541255546,BUY,0,0
0.032999999821186066,0.032999999821186066,0.03099999949336052,0.03099999949336052,508175,0.0,0.0,EMP,2021-03-04 00:00:00+11:00,Energy,-0.031250061845636834,-0.03174876215523972,-0.0020000003278255463,-0.06060607086856837,0.03220000043511391,0.9627328905112437,0.03350000008940697,0.9253731167350959,0.03990000020712614,0.7769423391587832,0.03398000005632639,0.9123013373152995,0.03103000024333596,0.9990331695217475,0.029860000200569628,1.038178140828316,0.027636241040544938,0.43871172579551293,0.02369408730731075,0.3761319753467777,0.11408182853547595,1.810992884498288,0.15052327824781156,2.389482964619326,16.666645970599987,23.809521275312463,42.25352142235986,-0.0013978830547248106,-3.854101547705421e-05,-0.0013593420392477564,0.0369318755564379,0.030068124622376045,-0.7284648350627118,0.05765743050251682,0.02214256991173546,-0.501198685041484,0.05193909205137419,0.016020908061278594,-0.16593269658552917,784246.2,7818663.35,0.6479789127444928,0.06499512477410861,-0.060606070868568396,-0.18421051341658445,-0.35416668283546127,0.14814809960184228,-0.06060607086856837,-0.18421051341658443,-0.3541666828354612,0.14814809960184236,0.0,5.000004035731256,0.0,2.127661148455163,-100.0,-100.0,0.0035714280924626757,0.006761904273714338,-85.43308626259719,-85.83145661747692,12.043432038314336,53.873982739431405,0.05458813936806724,0.16129029156886276,BUY,0,0
0.03200000151991844,0.03400000184774399,0.03200000151991844,0.03400000184774399,987031,0.0,0.0,EMP,2021-03-05 00:00:00+11:00,Energy,0.09677427107784298,0.09237339081963418,0.0020000003278255463,0.06250000727595727,0.03240000084042549,1.0493827458585179,0.033300000429153445,1.0210210633504289,0.03825000021606684,0.88888893217476,0.034180000089108944,0.9947338139000675,0.031050000246614216,1.0950081023413663,0.029885000213980675,1.137694549248765,0.05677433042000412,0.901264554861241,0.04131446283473426,0.6558467652655648,0.06721914438567718,1.0670708363222725,0.14994047319616235,2.38023122124235,50.0,34.782611512506605,39.70588396422582,-0.001339307441586099,-0.0002986943006988633,-0.0010406131408872356,0.03628886807505998,0.03031113278324691,0.2342028826700453,0.05076315096410958,0.025736849468024094,-0.3396425451829242,0.05190667794865262,0.01645332222956527,-0.010154087685868852,617782.4,4788478.7,1.5977000963446029,0.2061262170801762,0.030303091878076893,-0.05555546357307506,-0.4925372984951607,0.41666673134184484,0.030303091878076893,-0.055555463573075094,-0.4925372984951607,0.4166667313418449,15.00001210719374,6.666674117247439,6.38298344536549,2.836882411956797,-84.99998789280626,-93.61701655463452,0.003357142742191042,0.0062857138968649365,-46.8281132984456,-64.89491713515336,14.105090494207332,50.59664629786087,0.05222932538059657,0.14705878485858026,BUY,0,0
0.03400000184774399,0.035999998450279236,0.03400000184774399,0.03500000014901161,1498686,0.0,0.0,EMP,2021-03-08 00:00:00+11:00,Energy,0.029411713144773755,0.028987486785316968,0.000999998301267624,0.029411713144773758,0.03300000056624412,1.0606060469227174,0.03320000059902668,1.0542168529369755,0.037350000254809855,0.937081657569852,0.034400000087916854,1.0174418621965502,0.03107000024989247,1.1264885699230962,0.029915000218898057,1.1699816109946486,0.05306363804348313,0.8423591395404143,0.04272941871337838,0.6783084934916923,0.05381371175935149,0.8542661906433372,0.14993592468675387,2.3801590158939647,62.50000582076784,24.999995343387027,17.99999895691873,-0.001198380160068728,-0.00047863147257283626,-0.0007197486874958917,0.03583312313353132,0.030566878064522043,0.6835988551226146,0.04781849936276043,0.026881501146859277,-0.22448300196285764,0.05188235288052548,0.016917647295308227,0.03432032680111752,849638.8,3833607.05,1.7639095578026802,0.39093365085500875,0.09374995270627773,-0.02777773178653753,-0.33962263089984945,0.4583333268658154,0.09374995270627776,-0.027777731786537547,-0.3396226308998495,0.4583333268658155,20.00000372529038,11.666671944161381,9.756099777091334,5.379694407485609,-79.99999627470962,-90.24390022290866,0.0029999996934618267,0.004952380344981239,9.72222791032284,-44.33448725384406,8.516312491816436,5.780266566336479,0.05010639279187296,0.028571379914575923,HOLD,0,1
0.03500000014901161,0.03500000014901161,0.032999999821186066,0.03400000184774399,639935,0.0,0.0,EMP,2021-03-09 00:00:00+11:00,Energy,-0.028571379914575923,-0.028987486785316995,-0.000999998301267624,-0.028571379914575902,0.03320000097155571,1.0240964112282311,0.03310000076889992,1.027190364288139,0.03665000032633543,0.9276944487040769,0.03458000011742115,0.983227349111981,0.031090000253170727,1.093599278574354,0.029940000232309104,1.1356045953217335,0.05630582072936097,0.8938271940916476,0.04278328342427285,0.6791635692685072,0.050908194944498185,0.808142541110027,0.15002085475481883,2.3815072389275547,55.55556935293333,33.33333333333333,24.324325412794934,-0.001154082238062057,-0.0006137216256706804,-0.0005403606123913765,0.035494439333723815,0.03070556220407603,0.37587144312899146,0.045924186201718405,0.02737581445095246,-0.28573920279358367,0.051851375700905616,0.017308624533936678,-0.0335814751334443,882177.8,3065784.05,0.7254036544560518,0.20873453236212122,0.030303091878076893,-0.028571379914575923,-0.2916666343290776,0.3600000536441794,0.030303091878076893,-0.028571379914575902,-0.2916666343290776,0.3600000536441795,33.333360928077475,22.777792253520545,12.000008344649522,9.379697189035449,-66.66663907192253,-87.99999165535047,0.0020714282457317624,0.004095237702131271,-5.231670490074661,-51.46127861253835,13.96925724750254,7.977664966113679,0.04819575346202172,0.029411713144773755,HOLD,0,1
0.032999999821186066,0.03400000184774399,0.032999999821186066,0.03400000184774399,125619,0.0,0.0,EMP,2021-03-10 00:00:00+11:00,Energy,0.0,0.0,0.0010000020265579224,0.030303091878076893,0.03360000103712082,1.0119047856629901,0.03310000076889992,1.027190364288139,0.036050000414252284,0.9431345757849746,0.03476000014692545,0.9781358372851249,0.031070000287145377,1.0943032357103275,0.029930000249296426,1.135984014852898,0.052778660529347654,0.8378352617505271,0.041760671302014704,0.662930105089457,0.05064843650311925,0.8040190036889966,0.15002085475481883,2.3815072389275547,62.50000582076784,35.71429141626275,28.12500072759582,-0.0011062239545745131,-0.0007122220914514471,-0.000394001863123066,0.035494439333723815,0.03070556220407603,0.37587144312899146,0.044270001513241584,0.027829999315262983,-0.2493915197603022,0.05181003475227777,0.01770996554157313,-0.04457458983355288,751889.2,2825251.8,0.16707115888883628,0.04446293955108709,0.06250000727595717,0.0,-0.26086952648563966,0.3600000536441794,0.06250000727595727,0.0,-0.2608695264856397,0.3600000536441795,42.85718087031305,32.063515174560315,13.636374411996789,11.797494177912549,-57.14281912968695,-86.36362558800322,0.0018571426293679646,0.0036666662920088995,-7.8651239856959885,-52.1739000155247,16.529284156212455,10.685770418044697,0.0464761780651556,0.14705878485858026,BUY,0,0
0.032999999821186066,0.032999999821186066,0.032999999821186066,0.032999999821186066,962428,0.0,0.0,EMP,2021-03-11 00:00:00+11:00,Energy,-0.0294118227121295,-0.02985302291369515,0.0,0.0,0.03400000110268593,0.9705881985568269,0.03310000076889992,0.9969788234020884,0.035500000417232516,0.9295774488263698,0.03490000013262033,0.9455587305382738,0.031090000290423633,1.0614345292029719,0.02991000024601817,1.1033099147359338,0.05239600078905598,0.8317607266931171,0.041760671302014704,0.662930105089457,0.05031082704187047,0.7986596196406359,0.15010338956896188,2.3828174384839196,50.0,38.46154066585283,29.032257289221562,-0.0011358938490596202,-0.0007969564429730819,-0.0003389374060865383,0.035494439333723815,0.03070556220407603,-0.04176383941644777,0.04291264963299615,0.028087351201468883,-0.33726141940319865,0.051770455139505,0.01802954512573567,-0.1126229441149569,842739.8,2454342.2,1.1420227216039873,0.3921327677941568,0.06451614066167655,0.0,-0.25,0.2692307361660631,0.06451614066167646,0.0,-0.25,0.26923073616606313,33.333333333333336,36.507958377241295,10.00000186264519,11.878794873097169,-66.66666666666667,-89.99999813735481,0.00178571417927742,0.003380952136857169,-36.26130542936073,-59.718321015073975,19.124648978067043,11.720041436132405,0.044928560207976094,0.12121214173713679,BUY,0,0
0.03200000151991844,0.032999999821186066,0.03200000151991844,0.03200000151991844,673510,0.0,0.0,EMP,2021-03-12 00:00:00+11:00,Energy,-0.030302978990491503,-0.03077160575069945,0.0,0.0,0.03360000103712082,0.9523809682197713,0.03300000093877316,0.969696988169483,0.03500000052154064,0.9142857440880363,0.03506000015884638,0.9127210888458642,0.031080000307410954,1.0296010683207142,0.029895000252872707,1.0704131543482245,0.026322318779408493,0.41785385652528073,0.04290566792681609,0.6811063630168538,0.04991005375734747,0.7922975409828377,0.14967542227385058,2.3760236682911184,50.0,35.71429141626275,30.00000124176354,-0.0012259667778938277,-0.000882758509957231,-0.00034320826793659664,0.03549443960549409,0.030505562272052228,-0.4008915641807573,0.04189775007114964,0.02810225097193164,-0.4349243155388635,0.05165805778284524,0.018461942534847526,-0.18435883934416147,780035.6,2215108.6,0.8634349509176248,0.304052812579934,-0.05882353585690325,-0.030302978990491503,-0.23809519163470083,0.3333333850734759,-0.05882353585690328,-0.03030297899049148,-0.23809519163470086,0.33333338507347593,20.000044703492907,32.063519635713114,5.00001024454855,9.54546217306351,-79.9999552965071,-94.99998975545145,0.0017142854630947113,0.0030952378043106626,-74.07403344848275,-69.73683480108767,19.650336595824413,14.146523271154692,0.04353570413651454,0.18749990541255546,BUY,0,0
0.03099999949336052,0.03200000151991844,0.03099999949336052,0.03200000151991844,384958,0.0,0.0,EMP,2021-03-15 00:00:00+11:00,Energy,0.0,0.0,0.0010000020265579224,0.032258130416166604,0.033000001311302186,0.9696969772228083,0.03300000093877316,0.969696988169483,0.03455000054091215,0.926193951343817,0.035220000185072424,0.9085747118616218,0.031090000327676535,1.0292698997314522,0.02990500026382506,1.0700552161047001,0.016130403189798775,0.2560622123244634,0.041760671302014704,0.662930105089457,0.04990543639666543,0.7922242426543686,0.14967542227385058,2.3760236682911184,57.14287234812522,38.46154066585283,32.14285904351566,-0.001282565605009972,-0.0009627199289677793,-0.00031984567604219274,0.03549443960549409,0.030505562272052228,-0.4008915641807573,0.04095641170573139,0.028143589376092914,-0.398038614036672,0.05153471139856032,0.018905288971584527,-0.19736780032562917,557290.0,2058360.85,0.6907678228570403,0.1870216293707685,-0.08571424618059287,0.0,-0.2195121796091426,0.3333333850734759,-0.08571424618059292,0.0,-0.21951217960914254,0.33333338507347593,20.000044703492907,24.44447424677306,5.00001024454855,6.666674117247431,-79.9999552965071,-94.99998975545145,0.0017142857291868754,0.0029047617600077673,-114.65513488219969,-81.78438553597785,20.165091701449526,16.1801915845694,0.042282133672199136,0.12499989813659829,BUY,0,0
0.03200000151991844,0.03400000184774399,0.03200000151991844,0.032999999821186066,580574,0.0,0.0,EMP,2021-03-16 00:00:00+11:00,Energy,0.031249945430320558,0.030771605750699496,0.000999998301267624,0.031249945430320485,0.0328000009059906,1.006097527733877,0.03300000093877316,0.9999999661337254,0.033950000442564486,0.9720176551106207,0.035380000174045564,0.9327303464909126,0.03111000033095479,1.0607521526880443,0.02992000026628375,1.102941160678167,0.025484482199101335,0.40455361314044747,0.041760671302014704,0.662930105089457,0.044178794643194005,0.7013166230909031,0.14964376451388392,2.3755211169314956,39.99997019764919,46.15383733658866,35.71428191296869,-0.0012325213389213358,-0.0010166802109584905,-0.00021584112796284522,0.03549443960549409,0.030505562272052228,-4.480314979174287e-07,0.03807820810421647,0.0298217927809125,-0.2301242328973002,0.05144054907531334,0.019319451272777784,-0.14818922861793518,545417.8,1933829.5,1.0644573756118703,0.3002198487508852,-0.0294118227121295,0.0,-0.26666669978035684,0.3199999731779102,-0.029411822712129523,0.0,-0.2666666997803569,0.31999997317791024,40.000014901164306,26.66670143605005,10.00000186264519,6.666674117247431,-59.999985098835694,-89.99999813735481,0.0016428572790963309,0.0027142857157048724,6.796154358207098,-46.69602294490457,25.99274715470571,17.205025465915384,0.041153920254315274,0.12121214173713679,BUY,0,0
0.03400000184774399,0.03400000184774399,0.032999999821186066,0.032999999821186066,684908,0.0,0.0,EMP,2021-03-17 00:00:00+11:00,Energy,0.0,0.0,-0.0010000020265579224,-0.029411822712129523,0.032600000500679016,1.0122699176185201,0.03310000076889992,0.9969788234020884,0.03365000039339065,0.9806834899077072,0.035480000153183935,0.9301014565588913,0.0311500003375113,1.0593900309351512,0.02993500026874244,1.1023884925648069,0.025484482199101335,0.40455361314044747,0.04033119119291185,0.6402378118526592,0.03423437655858454,0.5434538799801236,0.14887041980350066,2.3632446502430873,24.999976716917757,50.0,24.9999922389774,-0.0011792670411148107,-0.0010491975769897546,-0.00013006946412505611,0.035494439333723815,0.03070556220407603,-0.04176383941644777,0.037038835460971795,0.03026116532580951,-0.19180649374846664,0.05141476536011068,0.019545234946257192,-0.15563457006067646,657275.6,1329733.0,1.0420408121037812,0.5150718226892166,-0.0294118227121295,0.031249945430320558,-0.15384617588929128,0.1785713858066178,-0.029411822712129523,0.031249945430320485,-0.15384617588929125,0.1785713858066178,40.000014901164306,33.333358168607184,10.00000186264519,8.33333798994631,-59.999985098835694,-89.99999813735481,0.0015714288290057863,0.002428571560553142,35.2201106233012,-30.12048265773612,44.576215213698845,10.624495009454407,0.0401385281782198,0.15151512072762818,BUY,0,0
0.03400000184774399,0.03500000014901161,0.03400000184774399,0.03500000014901161,1096186,0.0,0.0,EMP,2021-03-18 00:00:00+11:00,Energy,0.060606070868568285,0.05884050969901206,0.000999998301267624,0.029411713144773758,0.03300000056624412,1.0606060469227174,0.03350000083446503,1.0447760978263432,0.033500000461936,1.044776109444535,0.035620000138878824,0.982594048639812,0.031210000347346067,1.12143542965349,0.029970000265166163,1.1678344958071878,0.034677695175877044,0.5504913448576495,0.04189398747036081,0.665046433652584,0.037171449832003906,0.5900784727631759,0.14902014069732245,2.365621395749824,59.9999850988357,57.142860944175176,39.99999627470893,-0.0009645604620898557,-0.0010322701540097748,6.770969191991915e-05,0.03566024751320312,0.031339754155726936,0.6943648284754274,0.03629096251459076,0.03070903840928124,0.5374489723530333,0.05140886240493143,0.01983113787282622,-0.039268186612803936,684027.2,1215243.15,1.6025473840806332,0.9020301821902885,0.060606070868568285,0.12903228132335287,-0.07894733488311956,0.24999996673848046,0.06060607086856837,0.12903228132335293,-0.0789473348831195,0.24999996673848052,80.00002980232861,53.33335320155242,44.444453642692494,21.481485789327625,-19.999970197671395,-55.555546357307506,0.0015714288290057863,0.001809523928733099,131.31311991034602,45.16132462937577,59.11799931295743,20.16220667546628,0.03922467530973387,0.08571424618059287,BUY,0,0
0.03500000014901161,0.03500000014901161,0.03400000184774399,0.03400000184774399,471835,0.0,0.0,EMP,2021-03-19 00:00:00+11:00,Energy,-0.028571379914575923,-0.028987486785316995,-0.000999998301267624,-0.028571379914575902,0.033400000631809236,1.0179641079217026,0.03350000083446503,1.0149254030096786,0.033400000631809236,1.0179641079217026,0.03578000016510487,0.9502515844285306,0.031230000350624322,1.0886968128728916,0.029975000275298952,1.1342786166965229,0.034150364658696905,0.5421202324144873,0.031497322953136495,0.5000045009897143,0.035862685066740674,0.5693024762017539,0.14864810614360116,2.3597155303002073,50.0,57.142860944175176,40.000003725291776,-0.0008651228591099597,-0.0009988406950298119,0.0001337178359198522,0.03566024751320312,0.031339754155726936,0.23145551764997382,0.03594641155186853,0.030853589711749948,0.23562623424532828,0.05133131116564054,0.020228689164569193,-0.1144596952179508,643692.2,1069868.85,0.7330133874544387,0.4410213457471913,0.06250000727595717,0.0,-0.05555546357307506,0.30769235177858256,0.06250000727595727,0.0,-0.055555463573075094,0.3076923517785825,60.00005960465721,60.0000347693834,42.85718087031305,32.43387879188358,-39.99994039534279,-57.14281912968695,0.0015714288290057863,0.0016666666737624577,89.74362174695442,44.17015486004153,54.86134180652786,22.858718394271733,0.038402207728096535,0.029411713144773755,HOLD,0,1
0.032999999821186066,0.032999999821186066,0.03200000151991844,0.032999999821186066,499900,0.0,0.0,EMP,2021-03-22 00:00:00+11:00,Energy,-0.0294118227121295,-0.02985302291369515,0.0,0.0,0.03360000029206276,0.9821428432838903,0.033300000801682474,0.990990961763543,0.033250000700354575,0.9924811767247318,0.03586000017821789,0.9202453892131031,0.03128000034019351,1.0549871950858782,0.029975000275298952,1.1009174151160852,0.0390562430341888,0.6199986372777738,0.030974186602280535,0.49169996887285805,0.036364690653299836,0.5772715678345579,0.14803659555951604,2.3500081007227687,50.0,50.0,42.105264189831445,-0.0008571291966785327,-0.000970498395359556,0.00011336919868102334,0.03519736749063232,0.03140263411273263,-0.15811439203797353,0.03548606882516459,0.031013932575544557,-0.11180378468556265,0.05130977421457232,0.02041022614186345,-0.1851159991273681,666680.6,1042812.65,0.7498343284625352,0.47937661669140663,0.031249945430320558,-0.057142866266017056,-0.08333329883990315,0.13793106106033592,0.031249945430320485,-0.05714286626601702,-0.08333329883990316,0.13793106106033584,40.000014901164306,60.00003476938338,33.333333333333336,40.21165594877963,-59.999985098835694,-66.66666666666667,0.0015714288290057863,0.0016666666737624577,-43.809539217524204,-52.056978203335866,49.9824931951635,26.21192546522552,0.037661986904622934,0.060606070868568285,BUY,0,0
0.03400000184774399,0.03400000184774399,0.03400000184774399,0.03400000184774399,30000,0.0,0.0,EMP,2021-03-23 00:00:00+11:00,Energy,0.030303091878076893,0.029853022913695175,0.0,0.0,0.03380000069737434,1.0059171936758327,0.033300000801682474,1.0210210519282075,0.033200000785291194,1.0240964169737978,0.03594000022858381,0.9460211917501073,0.0313300003670156,1.0852218783737833,0.0300100002810359,1.132955732400625,0.03890992321698207,0.6176758821885172,0.031676572248205755,0.5028499953343356,0.0366610937227979,0.5819768206929262,0.14802415238184247,2.3498105714009068,66.66666666666666,57.142857142857146,45.000007450582146,-0.0007613262602171392,-0.0009286639683310727,0.00016733770811393352,0.03519736749063232,0.03140263411273263,0.36893292695517405,0.03531261986072278,0.031087381709859606,0.37867738285443747,0.051307126753961645,0.020572873703205978,-0.12624340520890742,556565.8,1006429.65,0.05390198247898092,0.029808342788788068,0.030303091878076893,0.0,-0.028571379914575923,0.13333342025677553,0.030303091878076893,0.0,-0.028571379914575902,0.13333342025677558,60.00005960465721,53.333378036826254,60.00005960465721,45.396857936101206,-39.99994039534279,-39.99994039534279,0.0015714290950979506,0.001619047707035428,54.90202910275995,54.03958626757063,54.24340487813005,27.729505926983364,0.03699578816349669,0.0,HOLD,0,1
0.03400000184774399,0.03400000184774399,0.03200000151991844,0.03200000151991844,74983,0.0,0.0,EMP,2021-03-24 00:00:00+11:00,Energy,-0.05882353585690325,-0.060624628664394574,-0.0020000003278255463,-0.05882353585690328,0.03360000103712082,0.9523809682197713,0.03310000076889992,0.96676739506257,0.03310000076889992,0.96676739506257,0.03592000026255846,0.8908686326841131,0.03137000037357211,1.0200829180377402,0.030030000284314157,1.0656011061256399,0.048986793510771266,0.7776412389358408,0.03681382315656917,0.5844013252907572,0.03844671496031686,0.6103226790743097,0.1477738874598658,2.3458377389283074,50.0,53.333339956071384,42.85714539135421,-0.0008371350824661894,-0.0009103581911580961,7.322310869190669e-05,0.035088858322564184,0.031111143215235653,-0.5530809619597155,0.035242306630463315,0.030957694907336526,-0.5134650792481752,0.05130533667832449,0.020534663846792433,-0.25478797711716106,434580.8,907888.1,0.17254098662435155,0.08259057476356392,-0.030302978990491503,-0.05882353585690325,-0.05882353585690325,-0.030302978990491503,-0.03030297899049148,-0.05882353585690328,-0.05882353585690328,-0.03030297899049148,20.000044703492907,40.00003973643815,20.000044703492907,37.777812547161155,-79.9999552965071,-79.9999552965071,0.0015714290950979506,0.001666666851157234,-65.75750736822887,-45.294034272753635,56.76859756084223,28.73223343376759,0.03639620929648307,0.031249945430320558,HOLD,0,1
0.03200000151991844,0.03200000151991844,0.03200000151991844,0.03200000151991844,218674,0.0,0.0,EMP,2021-03-25 00:00:00+11:00,Energy,0.0,0.0,0.0,0.0,0.033000001311302186,0.9696969772228083,0.03300000093877316,0.969696988169483,0.03305000085383654,0.9682299755887537,0.035940000303089616,0.8903728784100075,0.03141000038012862,1.0187838628669066,0.030060000289231538,1.0645376318037454,0.033776058970597996,0.5361783138243275,0.03584772885157588,0.5690650536464691,0.037915478281689126,0.6018895582405202,0.1474513797276932,2.340718087396963,42.85715806240284,41.666664079659135,44.9999990686774,-0.0008869894579322871,-0.0009056844445129344,1.8694986580647345e-05,0.03510818560575184,0.030891816271794482,-0.47434147231886226,0.035248086228808484,0.030851915478864594,-0.4776881489107302,0.05130181366906227,0.02057818693711696,-0.2564800580052944,259078.4,642522.9,0.8440456633976433,0.3403365078505373,-0.08571424618059287,-0.030302978990491503,-0.030302978990491503,0.03225813041616665,-0.08571424618059292,-0.03030297899049148,-0.03030297899049148,0.032258130416166604,20.000044703492907,33.33338300388102,20.000044703492907,33.33338300388101,-79.9999552965071,-79.9999552965071,0.0013571432126419885,0.0015238097735813686,-104.76185407768358,-95.00990302468536,49.957578631469936,31.71429513068007,0.03585658831617082,0.0,HOLD,0,1
0.03200000151991844,0.03200000151991844,0.03200000151991844,0.03200000151991844,508974,0.0,0.0,EMP,2021-03-26 00:00:00+11:00,Energy,0.0,0.0,0.0,0.0,0.03260000124573707,0.9815951011383139,0.03300000093877316,0.969696988169483,0.03300000093877316,0.969696988169483,0.03600000035017729,0.8888889224624925,0.031470000389963386,1.0168414719856211,0.030090000294148923,1.0634762780690608,0.033809434920369336,0.5367081406015207,0.0344909890695191,0.5475274773035678,0.037915478281689126,0.6018895582405202,0.1470785883089553,2.3348002070876857,42.85715806240284,36.363642521141024,47.3684251803776,-0.0009159410118394773,-0.0009077357579782431,-8.205253861234179e-06,0.03510818560575184,0.030891816271794482,-0.47434147231886226,0.0352478069061086,0.03075219497143772,-0.44487799809523604,0.051274362010252664,0.02072563869010191,-0.26187666098768453,266506.2,577004.1,1.9098017231869278,0.8820977181964565,-0.05882353585690325,0.0,-0.030302978990491503,0.10344836002439672,-0.05882353585690328,0.0,-0.03030297899049148,0.1034483600243968,25.0000465661211,21.66671199103565,20.000044703492907,20.000044703492907,-74.9999534338789,-79.9999552965071,0.0012142863124608994,0.0014285716627325331,-94.15199809151864,-86.17417445918993,37.731637715190686,45.25899293322531,0.03537092943388979,-0.031250061845636834,HOLD,0,1
0.03200000151991844,0.03200000151991844,0.03200000151991844,0.03200000151991844,39062,0.0,0.0,EMP,2021-03-29 00:00:00+11:00,Energy,0.0,0.0,0.0,0.0,0.03240000158548355,0.9876543195681718,0.03300000093877316,0.969696988169483,0.03300000093877316,0.969696988169483,0.03600000035017729,0.8888889224624925,0.0315100003965199,1.0155506543075976,0.03012500029988587,1.062240703779833,0.03246460612393731,0.5153596452936161,0.0344909890695191,0.5475274773035678,0.03727740235743146,0.5917604169615394,0.1464647331059747,2.325055557839147,20.0000298023064,40.0,47.3684251803776,-0.0009281857790107081,-0.0009118257621847362,-1.6360016825971917e-05,0.03510818560575184,0.030891816271794482,-0.47434147231886226,0.0352478069061086,0.03075219497143772,-0.44487799809523604,0.051274362010252664,0.02072563869010191,-0.26187666098768453,174338.6,561987.0,0.2240582406879486,0.06950694589020742,-0.030302978990491503,0.0,0.0,0.0,-0.03030297899049148,0.0,0.0,0.0,25.0000465661211,23.333379278578377,20.000044703492907,20.000044703492907,-74.9999534338789,-79.9999552965071,0.001071429146187646,0.0013333335518836975,-83.33330811000887,-83.42639135981275,41.98654616388804,52.4906888050123,0.03493383643983686,0.06250000727595717,BUY,0,0
0.03200000151991844,0.032999999821186066,0.03099999949336052,0.03099999949336052,1036255,0.0,0.0,EMP,2021-03-30 00:00:00+11:00,Energy,-0.031250061845636834,-0.03174876215523972,-0.0010000020265579224,-0.031250061845636785,0.03180000111460686,0.9748427171947842,0.0328000009059906,0.9451219096673462,0.03290000092238188,0.9422491983053779,0.036020000353455546,0.8606329591661585,0.03155000038444996,0.9825673253759921,0.030155000295490026,1.0280218600427893,0.026524159437428838,0.4210579776387815,0.03396557367706226,0.5391867665228905,0.03719657332429613,0.5904772958392,0.14622416995191834,2.321236736157717,20.00001490114211,36.36363020613379,47.36841589295007,-0.0010069738832811856,-0.0009308553864040261,-7.611849687715944e-05,0.03525854622821403,0.030341455583767163,-0.7321408299287369,0.03531922246456759,0.03048077938019617,-0.7853771950562046,0.05126488579038339,0.020775114916527705,-0.3292908222147099,375589.6,589937.75,2.7590087691458978,1.7565497376629993,-0.08823535856903275,-0.060606070868568396,-0.060606070868568396,0.033333339542150675,-0.0882353585690328,-0.06060607086856837,-0.06060607086856837,0.03333333954215063,0.0,16.66669771074741,0.0,13.333363135661939,-100.0,-100.0,0.0011428575962781906,0.0013809526960055034,-97.39142627069559,-104.30889614906539,36.56870591431538,46.73720238834735,0.03454045274518922,0.09677427107784298,BUY,0,0
0.03200000151991844,0.04500000178813934,0.03200000151991844,0.041999999433755875,8002542,0.0,0.0,EMP,2021-03-31 00:00:00+11:00,Energy,0.3548387135538922,0.3036824166594282,0.009999997913837433,0.31249991996447,0.03380000069737434,1.2426035079052091,0.03370000086724758,1.2462907523119655,0.03340000081807375,1.257484982186839,0.036300000324845316,1.1570247674353114,0.03169000037014484,1.3253391903814582,0.030215000296011568,1.3900380282074645,0.16274608743305,2.583514045179747,0.11914418994102217,1.8913553804531282,0.08759117509258436,1.3904667980333592,0.15375065004052865,2.4407159035305703,79.9999900658954,71.42856889436052,65.51723916451253,-0.00017973409643624177,-0.0007806311284104693,0.0006008970319742275,0.04002806799431071,0.02737193374018445,1.3116167069422888,0.03809714400812067,0.028702857628026827,1.8308998188314165,0.05145767505581723,0.021142325593873405,0.3760470659304796,1961101.4,951211.75,4.0806365239451665,8.412997421446907,0.31249991996447,0.272727262464765,0.31249991996447,0.4999999334769609,0.31249991996447,0.272727262464765,0.31249991996447,0.49999993347696103,78.57141526682254,34.523820610981225,78.57141526682254,32.85715332343848,-21.428584733177455,-21.428584733177455,0.002071429044008255,0.0019523813610985165,311.11110102049594,359.38694477597767,78.55718143102678,69.96150474968208,0.03099999949336052,-0.23809519163470083,SELL,0,2
0.041999999433755875,0.041999999433755875,0.03400000184774399,0.03700000047683716,2546313,0.0,0.0,EMP,2021-04-01 00:00:00+11:00,Energy,-0.11904759581735047,-0.12675167926965014,-0.004999998956918716,-0.11904759581735043,0.03480000048875809,1.0632183895741543,0.03390000090003013,1.0914454128172093,0.03370000086724758,1.097922834559829,0.0364400003477931,1.0153677311662808,0.03179000036790967,1.1638880166288614,0.030250000301748514,1.2231404994299613,0.18213456588662347,2.891296598908285,0.12724691259572685,2.019982114974394,0.0922036683303815,1.4636878582204293,0.15473288672223787,2.4563084274610176,57.89473271436005,59.999997019768024,57.5757551811727,7.157617985257408e-05,-0.0006101896667578606,0.0006817658466104347,0.04052989865958914,0.027270103140471125,0.4675787906891077,0.038516638104256186,0.028883363630238974,0.6851252123024856,0.051489090094925694,0.021390910600660507,0.03721156152655405,2426629.2,1053118.65,1.0493210087474427,2.417878555279598,0.15624995998223512,0.057142866266016945,0.19354842198502942,0.2333333767950545,0.156249959982235,0.05714286626601702,0.1935484219850294,0.23333337679505445,42.857142857142854,40.4761860413218,42.857142857142854,40.476186041321796,-57.142857142857146,-57.142857142857146,0.0025714289929185596,0.002285714660372053,155.55553485949906,196.75673819615864,68.53927927293948,63.465050019780215,0.031279999539256094,-0.08108104298461394,SELL,0,2
0.03700000047683716,0.03700000047683716,0.03700000047683716,0.03700000047683716,0,0.0,0.0,EMP,2021-04-06 00:00:00+10:00,Energy,0.0,0.0,0.0,0.0,0.03580000028014183,1.0335195583046115,0.034200000762939456,1.0818713348372757,0.03385000079870224,1.0930575953858082,0.03658000037074089,1.0114816867643395,0.03188000036403537,1.160602260173679,0.03028500030748546,1.2217269308626015,0.18213456588662347,2.891296598908285,0.12655852244365523,2.0090542600901897,0.09005650010200582,1.429602619288622,0.15473288672223787,2.4563084274610176,64.70587848585802,59.999997019768024,59.37500109139359,0.0002676560125021363,-0.00043462053090586125,0.0007022765434079976,0.04111536120792524,0.027284640317953673,0.4048957008347897,0.03888775238662568,0.028812249210778802,0.6252788814927148,0.05151436012039558,0.021645640621086204,0.028123074114776072,2324834.4,1003767.1,0.0,0.0,0.15624995998223512,0.08823524900167712,0.08823524900167712,0.2333333767950545,0.156249959982235,0.08823524900167704,0.08823524900167704,0.23333337679505445,42.857142857142854,54.761900327036095,42.857142857142854,54.76190032703608,-57.142857142857146,-57.142857142857146,0.002500000276735851,0.0021904765495232175,105.21211067211458,140.41706731419328,70.00729499727541,64.83367818823058,0.031554399584233755,-0.08108104298461394,SELL,0,2
0.03700000047683716,0.03700000047683716,0.03700000047683716,0.03700000047683716,0,0.0,0.0,EMP,2021-04-07 00:00:00+10:00,Energy,0.0,0.0,0.0,0.0,0.036800000071525577,1.005434793612034,0.03460000082850456,1.0693641500249735,0.033950000815093515,1.0898379849342352,0.03674000039696693,1.007076757677218,0.031980000361800195,1.1569731100138856,0.030310000302270056,1.2207192381342886,0.18213456588662347,2.891296598908285,0.1257597220620507,1.996373697148735,0.08992077282188399,1.4274480155126446,0.15459979533961038,2.4541956672605494,64.70587848585802,58.33333333333333,55.17241157830534,0.0004182296020423179,-0.0002640505043162254,0.0006822801063585432,0.04166792424827029,0.027532077408738836,0.33956220318133373,0.03916031385637479,0.028739687773812236,0.5853774307951393,0.05151344588034547,0.021966554913588402,0.017599149782814613,2317022.0,928832.8,0.0,0.0,0.15624995998223512,0.12121214173713679,0.057142866266016945,0.2758621221206716,0.156249959982235,0.12121214173713674,0.05714286626601702,0.2758621221206717,42.857142857142854,42.857142857142854,42.857142857142854,42.857142857142854,-57.142857142857146,-57.142857142857146,0.0023571431104625973,0.002047619294552576,86.82169750163524,120.45043942787255,68.96249340897285,63.21166297246048,0.03182331162831187,-0.05405406221758269,SELL,0,2
0.039000000804662704,0.04500000178813934,0.035999998450279236,0.03700000047683716,5116438,0.0,0.0,EMP,2021-04-08 00:00:00+10:00,Energy,0.0,0.0,-0.0020000003278255463,-0.05128205862976375,0.0380000002682209,0.9736842162019658,0.03490000069141388,1.0601719124303606,0.034100000746548176,1.0850439784985206,0.036860000416636465,1.003798156772063,0.03209000036120415,1.1530071692230035,0.03033500029705465,1.219713206346322,0.17955733935555426,2.850384396067364,0.12578476231600785,1.9967711988571542,0.08956754983877388,1.4218407744886743,0.15440625136214103,2.4511232518677204,64.70587848585802,58.33333333333333,53.57142904659314,0.0005314342137670014,-0.00010495356069957998,0.0006363877744665813,0.042108019949616375,0.02769198143321138,0.2913421441033953,0.03948614217741811,0.028713859315678245,0.5384187859732075,0.051540321715736644,0.022179679117536287,0.009536580116218173,3133058.6,1152657.95,1.6330489318010202,4.438817257105631,0.19354842198502942,0.08823524900167712,0.08823524900167712,0.19354842198502942,0.1935484219850294,0.08823524900167704,0.08823524900167704,0.1935484219850294,42.857142857142854,42.857142857142854,42.857142857142854,42.857142857142854,-57.142857142857146,-57.142857142857146,0.0029285717755556107,0.0023809529486156647,126.55366765516324,176.6304245164932,76.56485886270337,69.56101948566544,0.032086845431508415,-0.08108104298461394,SELL,0,2
0.03799999877810478,0.03799999877810478,0.03400000184774399,0.03500000014901161,1581416,0.0,0.0,EMP,2021-04-09 00:00:00+10:00,Energy,-0.05405406221758269,-0.055569859784826786,-0.00299999862909317,-0.0789473348831195,0.03660000041127205,0.9562841463311111,0.035200000554323194,0.9943181703931246,0.03415000066161156,1.0248901748442878,0.03694000042974949,0.9474823969093541,0.03216000035405159,1.088308450363628,0.03037000029347837,1.1524530724659716,0.05268143626844478,0.8362918744560207,0.12548422529791797,1.9920003215993458,0.09061546856630225,1.4384759685721582,0.154684871463983,2.4555462088661444,57.89473271436005,50.0,51.72413483031754,0.0004545268695817922,6.942525356694494e-06,0.00044758434422509776,0.04211536104719316,0.028284640061453224,-0.028921182853416053,0.039550779689295386,0.028749221633927728,0.15738460748774322,0.05153331718293075,0.022346683676568224,-0.13293758461831273,1848833.4,1225447.8,0.8553588441230021,1.29048010041717,-0.1666666518837685,0.09374995270627773,0.029411713144773755,0.12903228132335287,-0.16666665188376845,0.09374995270627776,0.029411713144773758,0.12903228132335293,28.571428571428573,38.0952380952381,28.571428571428573,38.095238095238095,-71.42857142857143,-71.42857142857143,0.0030714286757367,0.0024761908820697238,22.435883796704164,46.42323386124581,69.58968044801989,66.87353278129147,0.032345108558641034,-0.057142866266017056,SELL,0,2
0.035999998450279236,0.035999998450279236,0.035999998450279236,0.035999998450279236,130560,0.0,0.0,EMP,2021-04-12 00:00:00+10:00,Energy,0.028571379914575923,0.028170829661421794,0.0,0.0,0.03640000000596046,0.9890109462742932,0.03560000024735928,1.011235904498333,0.03430000059306622,1.0495626188868543,0.037100000381469725,0.9703503525638801,0.03224000032991171,1.1166252506790166,0.030415000282227992,1.1836264381465305,0.030034530015359058,0.4767833829920702,0.1254287687844645,1.991119976740286,0.09039035363598016,1.434902379839919,0.15390863527152218,2.4432238413227503,63.1578937049056,54.166658905646486,53.333327538437544,0.0004688639787151852,9.932681602839268e-05,0.0003695371626867925,0.042145566327567344,0.02905443416715121,0.06110979524436215,0.03973284335575061,0.028867157830381823,0.3129112936765797,0.05146691237277355,0.022733088390165898,-0.07656495229150921,1365682.8,1183854.4,0.09560053037206004,0.11028383220098689,-0.02702708145055155,0.12499989813659829,0.0909090498590599,0.28571419068137294,-0.027027081450551504,0.12499989813659824,0.09090904985905984,0.2857141906813729,35.71427240967969,35.714281279417044,35.71427240967969,35.71428127941704,-64.28572759032032,-64.28572759032032,0.0030714286757367,0.002476190704674948,27.672902440638453,51.83315042940699,71.31720646481448,67.36228360643449,0.032598206423230996,-0.08333329883990315,SELL,0,2
0.035999998450279236,0.035999998450279236,0.03400000184774399,0.03500000014901161,427052,0.0,0.0,EMP,2021-04-13 00:00:00+10:00,Energy,-0.02777773178653753,-0.028170829661421756,-0.000999998301267624,-0.027777731786537547,0.03599999994039536,0.972222227971127,0.035900000110268594,0.9749303632731869,0.03445000052452087,1.0159651557653608,0.03722000040113926,0.9403546419075349,0.03231000032275915,1.0832559516985714,0.03045500027947128,1.1492365729053684,0.0313944001131256,0.49837065155633037,0.126174743726088,2.0029619618192163,0.09033621456072333,1.4340429486638755,0.1539874976061349,2.4444757420739216,11.111097313733339,54.16666731341845,53.33333416117569,0.00039498163302204015,0.0001584577794271222,0.00023652385359491793,0.04196996220245552,0.02983003801808167,-0.1482711008056271,0.03978015232155675,0.02911984872748499,0.10318648425671408,0.05140990754462468,0.023030093257653834,-0.1564492445002958,1451093.2,1171531.5,0.29429674124308486,0.36452455610455203,-0.05405406221758269,0.09374995270627773,0.09374995270627773,0.20689659159050366,-0.05405406221758272,0.09374995270627776,0.09374995270627776,0.20689659159050375,28.571428571428573,30.95237651751229,28.571428571428573,30.952376517512278,-71.42857142857143,-71.42857142857143,0.0030714284096445355,0.0025238094940072016,-3.3670183680050725,17.2839358880611,71.45161989082726,68.64870744133319,0.032846242330529164,-0.057142866266017056,SELL,0,2
0.035999998450279236,0.039000000804662704,0.035999998450279236,0.035999998450279236,1724261,0.0,0.0,EMP,2021-04-14 00:00:00+10:00,Energy,0.028571379914575923,0.028170829661421794,0.0,0.0,0.03579999953508377,1.0055865619495181,0.03629999980330467,0.9917354998718726,0.034650000371038915,1.0389609831106574,0.037360000386834145,0.9635973789487919,0.03241000030189753,1.110768223231751,0.030505000269040464,1.1801343429855875,0.036070007777149526,0.5725936221990201,0.1261175931097513,2.0020547239106103,0.09043170933068302,1.4355588811407995,0.15399240892297889,2.4445537068117957,39.99997019764919,54.16666019914784,56.66666211353369,0.00041236733341359216,0.00020923969022441623,0.00020312764318917593,0.04172012701256631,0.030879872594043036,-0.055349504069352726,0.03989253814597037,0.029407462596107457,0.2575085077489921,0.051355684642101905,0.023364316131566386,-0.09717295072893817,1795945.4,1238496.65,0.9600854235323636,1.3922209640211785,-0.02702708145055155,0.12499989813659829,0.12499989813659829,0.24137929262644287,-0.027027081450551504,0.12499989813659824,0.12499989813659824,0.24137929262644278,35.71427240967969,33.33332446359599,35.71427240967969,33.333324463595986,-64.28572759032032,-64.28572759032032,0.0032857140260083334,0.0026666667489778427,46.66664083798241,73.1044069994062,73.70114377448887,72.43769995752618,0.03308931751968137,-0.11111103062644068,SELL,0,2
0.03799999877810478,0.03999999910593033,0.0364999994635582,0.039000000804662704,2702826,0.0,0.0,EMP,2021-04-15 00:00:00+10:00,Energy,0.0833334023201937,0.08004277135371321,0.0010000020265579224,0.02631584365034542,0.03619999960064888,1.0773481004116816,0.03709999993443489,1.0512129615521724,0.03495000042021275,1.1158798379329262,0.037080000415444375,1.051779945191657,0.03250000031664967,1.2000000130671722,0.03057000027038157,1.2757605645966816,0.05381151151264425,0.8542312628096751,0.12635231371929043,2.005780798073143,0.09183728202702547,1.4578716559656673,0.10027468650978985,1.591811299799204,62.50000582076784,63.99999940395352,60.60605957980983,0.0006606056929456885,0.0002995128907686707,0.0003610928021770178,0.04125799104629243,0.032942008822577355,0.4569516430204703,0.040474109539060436,0.02942589130136506,0.7331499608926575,0.050339359717752455,0.023820641113136296,0.14480340606533768,1313223.0,1344609.25,2.0581622466252876,2.0101200404504134,0.05405406221758269,0.25806456264670574,0.18181821260570508,-0.2641509195246614,0.05405406221758272,0.25806456264670585,0.1818182126057051,-0.2641509195246614,57.142857142857146,40.47618604132182,57.142857142857146,40.4761860413218,-42.857142857142854,-42.857142857142854,0.003428571192281587,0.002809523826553708,79.38143997316995,107.39190908810029,76.94851898581906,76.13595130526045,0.033327531205050526,-0.1794871574440421,SELL,0,2
0.04100000113248825,0.04100000113248825,0.03799999877810478,0.03799999877810478,2344925,0.0,0.0,EMP,2021-04-16 00:00:00+10:00,Energy,-0.025641077075012952,-0.025975539190775346,-0.0030000023543834686,-0.07317078711020517,0.03679999932646751,1.0326086813478337,0.03669999986886978,1.0354223137296985,0.03520000036805868,1.079545408544566,0.037000000402331354,1.027026982835125,0.0326200002990663,1.1649294429709884,0.030630000261589886,1.2406137268551347,0.04607161302576019,0.731364183394593,0.05411918958665722,0.8591155008159089,0.09218992530432563,1.4634696944451973,0.09585293334846547,1.521618144456536,55.55554635730751,61.538456027677185,57.5757551811727,0.0007677939247297677,0.0003931690975608902,0.0003746248271688775,0.0392033314263378,0.03419666831140176,0.519307522552019,0.040804508902104755,0.029595491834012614,0.4995974924539357,0.050186264028441355,0.023813736776221353,0.07583637064508102,1465924.8,1427610.1,1.5996216176982612,1.6425528230712292,0.08571424618059287,-0.09523811213283606,0.15151512072762818,-0.09523811213283606,0.08571424618059292,-0.09523811213283605,0.1515151207276282,-0.09523811213283605,49.99998669539397,47.61903874931028,49.99998669539397,47.61903874931027,-50.00001330460603,-50.00001330460603,0.003642857074737549,0.002857142970675514,84.6153667709394,108.5685773000487,79.64148801723454,77.7236709860468,0.0335609806167123,-0.13157892414985195,SELL,0,2
0.039000000804662704,0.03999999910593033,0.035999998450279236,0.035999998450279236,1000336,0.0,0.0,EMP,2021-04-19 00:00:00+10:00,Energy,-0.052631589266732504,-0.05406723216293791,-0.0030000023543834686,-0.07692313570477667,0.03679999932646751,0.9782608453578722,0.03659999966621399,0.9836065240052824,0.035250000283122064,1.02127654357825,0.03676000036299229,0.9793253018169669,0.03271000027656555,1.1005808054385968,0.030675000250339507,1.1735940719309625,0.05466506273512938,0.86778096840538,0.04171273384236042,0.6621691215090804,0.09243294944489201,1.4673275830763404,0.09395957992475491,1.491562090637991,45.45453621828847,57.142851440882374,54.28571185287191,0.000683479334596275,0.0004512311449679672,0.0002322481896283078,0.039129822339913585,0.03407017699251439,-0.23717125400624015,0.04086482928792782,0.02963517127831631,0.13357453388433468,0.04956025536920125,0.02395974535678333,-0.059373966561166454,1639880.0,1422817.6,0.6100056101665976,0.7030669286070118,0.0,-0.02702708145055155,0.028571379914575923,-0.2500000388051069,0.0,-0.027027081450551504,0.028571379914575902,-0.25000003880510696,35.71427240967969,47.61903874931028,35.71427240967969,47.61903874931027,-64.28572759032032,-64.28572759032032,0.003928571407284055,0.003000000048251379,25.564792346173302,54.29423645808386,76.72584576872335,74.62567525486864,0.033789761040140844,-0.13888886589326876,SELL,0,2
0.035999998450279236,0.03999999910593033,0.035999998450279236,0.039000000804662704,1104495,0.0,0.0,EMP,2021-04-20 00:00:00+10:00,Energy,0.0833334023201937,0.08004277135371321,0.0030000023543834686,0.08333340232019368,0.03759999945759773,1.037234078916511,0.03679999969899654,1.059782639229917,0.035500000230968,1.0985915648147384,0.03620000034570694,1.077348078238011,0.03285000028088689,1.1872146262158199,0.030720000257715582,1.2695312655431223,0.062041514663314166,0.984878512565379,0.04970660408119273,0.7890678774983052,0.0936774718414792,1.4870837636508594,0.07555543261805125,1.1994053094435686,66.66666666666666,61.29032025476177,55.55555555555556,0.0008489483838750658,0.000530774592749387,0.0003181737911256788,0.03975145966885297,0.03384853972914011,0.7453941873293239,0.041321918090454476,0.029678082371481524,0.6011765638348296,0.0455982194248135,0.026801781266600374,0.2979288347491838,1775368.6,1454450.6,0.6221215132451932,0.7593898342095633,0.11428573253203411,0.05405406221758269,0.14705878485858026,-0.41791045025080653,0.11428573253203404,0.05405406221758272,0.14705878485858032,-0.41791045025080653,57.142857142857146,47.61903874931028,57.142857142857146,47.61903874931027,-42.857142857142854,-42.857142857142854,0.004214285739830562,0.0030952381591002145,56.9105496038745,76.12132288089927,77.65332760634803,74.72524600494242,0.03401396585510082,-0.20512823451905504,SELL,0,2
0.035999998450279236,0.035999998450279236,0.03500000014901161,0.035999998450279236,965859,0.0,0.0,EMP,2021-04-21 00:00:00+10:00,Energy,-0.07692313570477671,-0.08004277135371322,0.0,0.0,0.03759999945759773,0.9574467811063974,0.03669999949634075,0.9809264017529126,0.03565000016242266,1.0098176237380636,0.035860000327229496,1.0039040190120532,0.032950000260025265,1.092564435999541,0.030775000248104332,1.1697806063379885,0.0761697330528685,1.2091570265284004,0.05631483878208341,0.8939703512405295,0.09533110776632618,1.5133344201479837,0.07053385798208604,1.1196902833832867,50.0,57.57575518117271,52.63157378768791,0.0007295983243142262,0.0005705393390623549,0.0001590589852518713,0.039688868637913,0.0337111303547685,-0.234202640833345,0.04135410676259402,0.029945893562251302,0.06135900192434372,0.043910960090248884,0.02780904056421011,0.017388997979196855,1623688.2,1477748.55,0.5948549727712501,0.6536017240551513,0.0,-0.02702708145055155,0.0909090498590599,-0.320754738200301,0.0,-0.027027081450551504,0.09090904985905984,-0.320754738200301,30.769206521779623,41.20877869143883,35.71427240967969,42.85713398740551,-69.23079347822038,-64.28572759032032,0.004357142906103816,0.003238095414070856,-95.88125067275553,-1.6279435325478806,77.53406711435873,73.51167713601704,0.034233686573761586,0.027777835266828088,HOLD,0,1
0.03500000014901161,0.03500000014901161,0.03500000014901161,0.03500000014901161,1007569,0.0,0.0,EMP,2021-04-22 00:00:00+10:00,Energy,-0.02777773178653753,-0.028170829661421756,0.0,0.0,0.03679999932646751,0.9510869779782497,0.0364999994635582,0.9589041277645992,0.03570000007748604,0.9803921589088209,0.03560000032186508,0.9831460627126748,0.03303000025451183,1.0596427453623978,0.030825000246986745,1.1354420070907538,0.06139044101659476,0.974543038838934,0.05692417799255385,0.9036433113304408,0.09550492099449596,1.5160936196058472,0.06944243535735659,1.1023644863414657,50.0,34.782611512506605,52.631578947368425,0.0005480039878135029,0.0005660322688125846,-1.8028280999081653e-05,0.039662277772958755,0.03333772115415764,-0.4743413348810923,0.04136057394188358,0.030039426213088496,-0.1236623609625718,0.04285061562877251,0.028349385014957658,-0.08275162140816797,1284636.8,1526627.0,0.7843220745349969,0.6599968427127255,-0.10256411725952752,-0.05405406221758269,0.029411713144773755,-0.2708333365670923,-0.1025641172595275,-0.05405406221758272,0.029411713144773758,-0.27083333656709224,9.090893697147443,32.33431912059475,28.571428571428573,40.4761860413218,-90.90910630285255,-71.42857142857143,0.003428571192281587,0.0031904762699490503,-119.46105755417503,-25.73530241576526,64.91673989632899,72.29349593516986,0.03444901287804914,0.057142866266016945,BUY,0,0
0.035999998450279236,0.039000000804662704,0.035999998450279236,0.039000000804662704,581391,0.0,0.0,EMP,2021-04-23 00:00:00+10:00,Energy,0.11428573253203411,0.10821360101513502,0.0030000023543834686,0.08333340232019368,0.0369999997317791,1.0540540834427579,0.036899999529123303,1.0569106043993843,0.03605000004172325,1.081830811637315,0.035460000336170194,1.0998308075277035,0.033150000255554916,1.1764706034392114,0.030895000249147417,1.2623402003610262,0.08535211874182194,1.354922880379896,0.06484944993158392,1.0294531030698342,0.09722260334722072,1.5433609816261313,0.0712034601974796,1.1303198890189023,58.82353198981901,54.54545454545455,56.09755898110597,0.0007185725344472579,0.0005965403219395193,0.00012203221250773862,0.04022666068316684,0.03357333837507977,0.6312639545469971,0.04161208927863435,0.030487910804812147,0.5303763814795851,0.042138750872168756,0.028781249800171632,0.5300393313707191,931930.0,1551947.4,0.6238569420450034,0.37462029963128907,0.02631584365034545,0.11428573253203411,0.2187499672581923,-0.1521738971986708,0.02631584365034542,0.11428573253203404,0.2187499672581923,-0.15217389719867078,45.45453621828847,28.43821214573852,57.142857142857146,40.4761860413218,-54.54546378171153,-42.857142857142854,0.0031428571258272442,0.0033333333475249155,53.89865670235011,61.286921835280474,74.80425816569203,72.79521711653668,0.03466003265625094,-0.10256411725952752,SELL,0,2
0.03799999877810478,0.03799999877810478,0.03700000047683716,0.03700000047683716,168137,0.0,0.0,EMP,2021-04-26 00:00:00+10:00,Energy,-0.05128205862976376,-0.05264374123030814,-0.000999998301267624,-0.026315745616387044,0.03720000013709068,0.9946236650667613,0.0369999997317791,1.0000000201367043,0.03629999998956919,1.019283759985375,0.03532000035047531,1.047565122018444,0.03326000025495887,1.1124473900543845,0.03094500024802983,1.1956697424551752,0.08511402727269583,1.351143295480334,0.06754315557643206,1.0722143545187086,0.09827876281343684,1.5601269933807387,0.07130685660451988,1.1319612560958194,43.75000145519095,50.0,56.09755898110597,0.000684475813671627,0.0006141274202859409,7.034839338568603e-05,0.040265987097775714,0.03373401236578249,2.281264357216739e-07,0.0415355060486282,0.03106449393051018,0.13370254553650185,0.04154621184503269,0.029093788855917936,0.26982702528341873,765490.2,1549420.55,0.21964618227640276,0.10851605137159179,0.027777835266828088,0.027777835266828088,0.15624995998223512,-0.15909089369714746,0.027777835266828067,0.027777835266828067,0.156249959982235,-0.15909089369714743,27.272714957717955,27.272714957717966,42.857142857142854,42.85714285714286,-72.72728504228205,-57.142857142857146,0.0032857142921004978,0.0033333333475249155,14.141427824757935,35.87728868898287,74.14696310961106,72.55656326824767,0.03486683203888871,-0.10810812443516549,SELL,0,2
0.03700000047683716,0.039000000804662704,0.03700000047683716,0.03799999877810478,626000,0.0,0.0,EMP,2021-04-27 00:00:00+10:00,Energy,0.02702698076703114,0.026668202039532737,0.000999998301267624,0.027026980767031222,0.0369999997317791,1.0270270014479699,0.03729999959468842,1.0187667343437732,0.036599999852478506,1.0382513369199227,0.03524000033736229,1.078320045809315,0.033390000239014624,1.1380652442674617,0.031020000241696835,1.2250160696976877,0.07593955498961526,1.205503063052617,0.06683034804926628,1.0608988858214952,0.09830062122514276,1.560473984909311,0.07112529689434985,1.1290790850485062,50.0,51.999996423721626,57.14285334154081,0.0007297335087352447,0.0006372486379758017,9.248487075944295e-05,0.040288869013235806,0.03431113017614103,0.23420199593616584,0.04147312698499054,0.03172687271996647,0.28728963713790806,0.041213547097754835,0.02926645357696975,0.462036801828119,669791.2,1555271.85,0.9346196247427557,0.4025019806022979,-0.025641077075012952,0.08571424618059287,0.18749990541255546,-0.09523811213283606,-0.02564107707501292,0.08571424618059292,0.1874999054125555,-0.09523811213283605,36.363608654865395,36.36361994362395,49.99998669539397,49.99999556513132,-63.636391345134605,-50.00001330460603,0.003428571458373751,0.003428571458373751,45.8910611400316,53.38005197636998,74.98010207714773,73.53648539953173,0.03506949543387373,-0.157894669766239,SELL,0,2
0.03799999877810478,0.03799999877810478,0.035999998450279236,0.035999998450279236,458546,0.0,0.0,EMP,2021-04-28 00:00:00+10:00,Energy,-0.052631589266732504,-0.05406723216293791,-0.0020000003278255463,-0.05263158926673246,0.0369999997317791,0.9729729381419165,0.03729999959468842,0.9651474220231814,0.03679999969899654,0.9782608354548676,0.03514000028371811,1.0244734820608297,0.033490000218153,1.074947692319384,0.031085000233724715,1.1581147878269,0.07061286789054133,1.1209445267965827,0.06924382323662322,1.099211616668524,0.09935672599834446,1.5772391284392309,0.07144038436704526,1.1340809436124097,50.0,48.148144571052185,54.54545069701446,0.0005973315797573667,0.0006292652263321148,-3.193364657474811e-05,0.040288869013235806,0.03431113017614103,-0.4349474541584329,0.04118178055509554,0.03241821884289754,-0.18257445431205982,0.04088292802630581,0.029397072541130408,0.14974908358739344,568328.6,1576246.05,0.8068325261125342,0.2909101659604476,0.0,0.0,0.12499989813659829,-0.12195128156342983,0.0,0.0,0.12499989813659824,-0.12195128156342978,28.571382955624337,30.73590218940257,35.71427240967969,42.8571339874055,-71.42861704437566,-64.28572759032032,0.0029285712433712824,0.0035238095692225863,-17.838996078002317,-3.7342939595289084,63.610224924496286,72.50713081122156,0.03526810556095904,-0.08333329883990315,SELL,0,2
0.03700000047683716,0.03700000047683716,0.03700000047683716,0.03700000047683716,178892,0.0,0.0,EMP,2021-04-29 00:00:00+10:00,Energy,0.027777835266828088,0.027399030123405072,0.0,0.0,0.03739999979734421,0.9893048309445324,0.037099999561905864,0.997304606839635,0.037099999748170374,0.9973046018325608,0.03498000025749207,1.0577472900078795,0.033600000217556956,1.1011904832519497,0.031155000235885383,1.1876103417331805,0.06912601270822527,1.0973414325087274,0.06403578247471085,1.016536532625079,0.09894126802977962,1.570643937649095,0.0701592216067088,1.1137431152953259,42.857142857142854,53.846153846153854,55.55555371590625,0.0005665629186619933,0.0006167247647980906,-5.016184613609723e-05,0.03984064110303814,0.03435935802077359,-0.03648747330429494,0.04052744359614474,0.03367255590019601,-0.029176049490151717,0.040002235747015044,0.02995776476796909,0.40221137052594785,402593.2,1533377.9,0.44434928359445713,0.11666530474972935,0.057142866266016945,-0.05128205862976376,0.19354842198502942,-0.17777779985357123,0.05714286626601702,-0.05128205862976375,0.1935484219850294,-0.17777779985357126,42.85712765187478,35.93070642078818,42.857142857142854,42.8571339874055,-57.14287234812522,-57.142857142857146,0.002714285893099649,0.0035714287133443924,-3.9215060666417183,0.418445102776446,71.20773676467473,72.65780326657573,0.03546274348550264,-0.05405406221758269,SELL,0,2
0.03799999877810478,0.03799999877810478,0.03799999877810478,0.03799999877810478,2632,0.0,0.0,EMP,2021-04-30 00:00:00+10:00,Energy,0.02702698076703114,0.026668202039532737,0.0,0.0,0.037199999392032626,1.021505360192116,0.037099999561905864,1.0242587392675615,0.03689999971538782,1.0298102729322853,0.034960000216960906,1.0869564800422689,0.033720000199973586,1.1269275964634944,0.031225000228732824,1.216973530816429,0.043402003431180204,0.6889854448852494,0.06417325130333017,1.0187187826263795,0.05802323937903469,0.9210903699557738,0.06764002862833247,1.0737521665431426,58.33333592034087,53.846153846153854,57.77777667398811,0.0006157718045864194,0.0006165341727557564,-7.623681693369943e-07,0.03984064110303814,0.03435935802077359,0.3283899782921236,0.03948741927509212,0.034312580155683524,0.4251336272817978,0.03992452654748264,0.029995473886439174,0.6123441308900052,286841.4,1133382.4,0.009175802377202174,0.0023222524013078024,-0.025641077075012952,0.0,-0.09523811213283606,-0.025641077075012952,-0.02564107707501292,0.0,-0.09523811213283605,-0.02564107707501292,57.14281912968695,42.857109912395366,46.15382411070875,41.57507979251043,-42.85718087031305,-53.84617588929125,0.002714285893099649,0.0035238095692225863,54.09452815763567,45.2103844630811,70.94249188966707,74.68920737550509,0.035653488651555376,-0.026315745616387054,HOLD,0,1
0.039000000804662704,0.03999999910593033,0.03799999877810478,0.03799999877810478,874863,0.0,0.0,EMP,2021-05-03 00:00:00+10:00,Energy,0.0,0.0,-0.0010000020265579224,-0.02564107707501292,0.03739999905228615,1.0160427738241333,0.03729999959468842,1.0187667343437732,0.0369499996304512,1.0284167566483073,0.034960000216960906,1.0869564800422689,0.03385000018402934,1.122599662378538,0.03131000022403896,1.2136697063620403,0.03475657231232788,0.5517434805807164,0.06130536793833788,0.9731925455889274,0.051244458469112734,0.8134805590766999,0.06752726093584552,1.071962034921684,63.636357478858976,55.99999582767586,44.117646414309675,0.000647308432537616,0.0006226890247121283,2.461940782548771e-05,0.03997498720759045,0.034625011981786386,0.2616831494995048,0.03958378869009323,0.03431621057080918,0.3986648603500125,0.03992452654748264,0.029995473886439174,0.6123441308900052,428186.6,1049809.9,2.04318164090142,0.8333537338521956,0.02702698076703114,0.05555556705336562,0.02702698076703114,0.0,0.027026980767031222,0.05555556705336561,0.027026980767031222,0.0,49.999968955919265,49.99997191249367,36.363608654865395,41.791525207572334,-50.000031044080735,-63.636391345134605,0.0027142861591918127,0.0029523809041295734,89.7777309770957,95.06823717451297,74.88541343064398,66.63668196259931,0.035840418914287055,-0.1052630804995065,SELL,0,2
0.03799999877810478,0.03799999877810478,0.03500000014901161,0.03500000014901161,1561623,0.0,0.0,EMP,2021-05-04 00:00:00+10:00,Energy,-0.07894733488311956,-0.0822380618243597,-0.00299999862909317,-0.0789473348831195,0.03679999932646751,0.9510869779782497,0.036899999529123303,0.9485095012369277,0.03684999961405992,0.9497964861757433,0.034940000250935556,1.0017172266069017,0.033950000181794164,1.0309278339203225,0.03138000022619963,1.1153600986844352,0.04828555415437576,0.7665094092565197,0.060349843403214795,0.9580240638395897,0.054395828979774644,0.8635070150381041,0.0680621910248017,1.0804537868267863,29.99999254941784,48.14815172524362,46.87499963620214,0.00042532375260080635,0.000583215970289864,-0.00015789221768905762,0.039640640164070776,0.03415935889417583,-0.6932683387539816,0.03962393888703344,0.03407606034108641,-0.6669214005774575,0.03989547460493583,0.02998452589693528,0.012107801148768235,615311.2,1127891.05,2.5379401512600457,1.3845512826792978,-0.07894733488311956,-0.10256411725952752,-0.05405406221758269,-0.02777773178653753,-0.0789473348831195,-0.1025641172595275,-0.05405406221758272,-0.027777731786537547,0.0,35.71426269520208,9.090893697147443,30.53610882090719,-100.0,-90.90910630285255,0.002642857443009104,0.0027142857157048724,-96.29628266926227,-75.38461838248246,63.50338522287496,69.74207223399861,0.04500000178813934,-0.028571379914575923,HOLD,0,1
0.03500000014901161,0.035999998450279236,0.03500000014901161,0.03500000014901161,662383,0.0,0.0,EMP,2021-05-05 00:00:00+10:00,Energy,0.0,0.0,0.0,0.0,0.03659999966621399,0.9562841657979751,0.03679999969899654,0.9510869683503282,0.03674999959766865,0.9523809668621587,0.0349200002849102,1.0022909468341552,0.034010000191628934,1.029109084145973,0.031450000228360295,1.1128775801231974,0.043641079453201066,0.6927806590774842,0.055454569477687427,0.8803139994006837,0.054395828979774644,0.8635070150381041,0.0680621910248017,1.0804537868267863,37.499994179232154,41.66666666666667,46.87499963620214,0.00024655713723607114,0.0005158842036791054,-0.0002693270664430342,0.039751458546909806,0.03384854085108328,-0.6098677443046722,0.03964282223579866,0.03385717695953864,-0.6049452965385665,0.03986607601874572,0.029973924551074678,0.016174411474159812,656078.6,1161010.2,1.009609214505701,0.5705229807627875,-0.02777773178653753,-0.02777773178653753,-0.05405406221758269,-0.02777773178653753,-0.027777731786537547,-0.027777731786537547,-0.05405406221758272,-0.027777731786537547,0.0,16.666656318639763,9.090893697147443,18.181798683053426,-100.0,-90.90910630285255,0.002428571560553142,0.002761904682431902,-116.66666948885623,-105.59727513589795,51.21468665197145,67.87694574238225,0.04480000175535679,-0.028571379914575923,HOLD,0,1
0.03500000014901161,0.03500000014901161,0.03400000184774399,0.03400000184774399,176445,0.0,0.0,EMP,2021-05-06 00:00:00+10:00,Energy,-0.028571379914575923,-0.028987486785316995,-0.000999998301267624,-0.028571379914575902,0.03599999994039536,0.9444444973343685,0.03669999986886978,0.926430571368584,0.03659999966621399,0.9289618075906679,0.03490000031888485,0.9742120784264331,0.034070000201463696,0.9979454548486706,0.0315050002373755,1.0791938292832826,0.040260648514707155,0.6391179815525827,0.055496983822535206,0.8809873062516175,0.05473162791487747,0.8688376578749185,0.06806924423706727,1.0805657531003794,25.000011641535693,41.66667313418449,45.45454750704701,2.3916110997800055e-05,0.0004174905851428443,-0.00039357447414504424,0.03997278230190077,0.03342721743583879,-0.8249854905953136,0.03973888971377591,0.03346110961865206,-0.8283175833092662,0.03985283826423748,0.02994716237353222,-0.1817136924468429,655589.2,914010.55,0.2691395770400123,0.19304481769931428,-0.08108104298461394,-0.028571379914575923,-0.08108104298461394,-0.028571379914575923,-0.08108104298461395,-0.028571379914575902,-0.08108104298461395,-0.028571379914575902,0.0,0.0,0.0,6.060595798098295,-100.0,-100.0,0.0022857141281877246,0.002809523649158932,-145.83324731533853,-141.7124543595528,37.36731036406545,67.41031712181496,0.04460400172322988,0.0,HOLD,0,1
0.03400000184774399,0.03400000184774399,0.032999999821186066,0.032999999821186066,845233,0.0,0.0,EMP,2021-05-07 00:00:00+10:00,Energy,-0.0294118227121295,-0.02985302291369515,-0.0010000020265579224,-0.029411822712129523,0.03500000014901161,0.9428571337339829,0.03609999977052212,0.9141274246802795,0.036499999649822715,0.9041095928160194,0.03488000027835369,0.946100904754455,0.03412000019103289,0.9671746669526347,0.03155500023625791,1.0457930462401896,0.03226478858629852,0.5121876402205269,0.03803218522155878,0.603742223475543,0.053786656722258484,0.8538367052441788,0.06807691425733164,1.0806875108974014,28.57143617406261,43.478264390633264,44.117646414309675,-0.00023056253117609976,0.00028787996187905546,-0.0005184424930551552,0.03968391326088679,0.032516086280157445,-0.8649762215718602,0.03996410115357239,0.03303589814607304,-1.0103629541016945,0.03985569549217602,0.02990430506453136,-0.3778367396670596,824109.4,877201.4,1.0256320338052205,0.9635563737130378,-0.13157892414985195,-0.15384617588929128,-0.057142866266017056,-0.0294118227121295,-0.13157892414985195,-0.15384617588929125,-0.05714286626601702,-0.029411822712129523,0.0,0.0,0.0,3.0302978990491476,-100.0,-100.0,0.0020714285118239267,0.00242857120576359,-155.94058630523048,-170.15008714168914,38.389031632075394,55.4664768399432,0.04417984172821045,-0.030302978990491503,HOLD,0,1
0.03200000151991844,0.03400000184774399,0.03200000151991844,0.03200000151991844,1234542,0.0,0.0,EMP,2021-05-10 00:00:00+10:00,Energy,-0.030302978990491503,-0.03077160575069945,0.0,0.0,0.03380000069737434,0.9467455875645668,0.03559999987483024,0.8988764503491739,0.03629999980330467,0.8815427463722805,0.03486000031232834,0.9179575798397669,0.0341600001975894,0.9367681889585181,0.031600000243633984,1.0126582681392555,0.02845576162267459,0.45172121172319657,0.03640759924875268,0.5779527206706097,0.05366037263810411,0.8518320075568706,0.06808527279975646,1.0808201986448758,14.285699080438107,33.33333333333333,45.45454750704701,-0.0005070848357587726,0.0001288870023514898,-0.0006359718381102624,0.03994101697101644,0.03125898277864405,-0.8292983591505747,0.040305258965214204,0.03229474064139514,-1.0735880275313279,0.039874427589475785,0.02984557303518089,-0.5703540273570108,896045.2,932400.5,1.3777675501191236,1.3240469090267541,-0.157894669766239,-0.13513510520219663,-0.11111103062644068,-0.030302978990491503,-0.157894669766239,-0.13513510520219668,-0.1111110306264407,-0.03030297899049148,0.0,0.0,0.0,0.0,-100.0,-100.0,0.0019285713455506734,0.0023333332723095303,-152.0832944069506,-175.08982983528722,25.92197288001114,56.75488316763103,0.043509051213788986,-0.031250061845636834,HOLD,0,1
0.03200000151991844,0.032999999821186066,0.03099999949336052,0.03099999949336052,947492,0.0,0.0,EMP,2021-05-11 00:00:00+10:00,Energy,-0.031250061845636834,-0.03174876215523972,-0.0010000020265579224,-0.031250061845636785,0.03300000056624412,0.9393939079222497,0.03489999994635582,0.888252135845561,0.03609999977052212,0.8587257531972046,0.03482000030577183,0.8902929127264224,0.034200000185519455,0.9064327288070062,0.03164000024087727,0.9797724164777375,0.01340180273588008,0.21274702295450243,0.0337099923336441,0.5351295384762971,0.05374510893311151,0.8531771545385342,0.068241857052832,1.083305896602076,0.0,36.8421062950944,42.4242448188273,-0.0007977268618577366,-5.6435770490355536e-05,-0.000741291091367381,0.039748824591624314,0.03005117530108733,-0.8043187242914515,0.04072942473091968,0.03147057481012456,-1.101648762165837,0.039926058298137855,0.029713942313405798,-0.7481311058594555,773219.0,958422.5,1.225386339445875,0.9885953220004747,-0.114285732532034,-0.18421051341658445,-0.114285732532034,-0.060606070868568396,-0.11428573253203404,-0.18421051341658443,-0.11428573253203404,-0.06060607086856837,0.0,0.0,0.0,0.0,-100.0,-100.0,0.00178571417927742,0.002380952416431336,-152.66423779526292,-181.89468792423642,26.27223109025563,54.09774006640776,0.04258832723827934,0.0,HOLD,0,1
0.03200000151991844,0.03400000184774399,0.03200000151991844,0.03400000184774399,192356,0.0,0.0,EMP,2021-05-12 00:00:00+10:00,Energy,0.09677427107784298,0.09237339081963418,0.0020000003278255463,0.06250000727595727,0.0328000009059906,1.0365853935551026,0.034700000286102296,0.9798271345075849,0.03599999994039536,0.9444444973343685,0.03486000031232834,0.9753299352587725,0.034270000196993354,0.9921214371842036,0.031695000249892476,1.0727244543201835,0.05665212712644549,0.8993246377163461,0.04767508070962201,0.7568184437555556,0.05796539885363836,0.9201721800803737,0.06941618692805239,1.101947805443996,30.000018626448437,47.619051842732446,48.57143130837595,-0.0007770305194283178,-0.00020055472027794805,-0.0005764757991503697,0.03951202121609847,0.029887979356106126,-0.14546870193244674,0.040723958475461966,0.03127604140532875,-0.423373337806651,0.039906881749939206,0.02981311887471747,-0.17040195519066206,679213.6,881827.25,0.28320398767044713,0.21813342692687257,-0.028571379914575923,-0.05555546357307506,-0.05555546357307506,0.06250000727595717,-0.028571379914575902,-0.055555463573075094,-0.055555463573075094,0.06250000727595727,33.333360928077475,11.111120309359166,30.00001862644844,10.000006208816147,-66.66663907192253,-69.99998137355156,0.0019285716116428375,0.002428571737947918,-81.54552603417554,-107.98650511924863,30.934473253186596,55.653707582694786,0.041429494463787464,-0.08823535856903275,SELL,0,2
0.03200000151991844,0.03400000184774399,0.03200000151991844,0.03400000184774399,130304,0.0,0.0,EMP,2021-05-13 00:00:00+10:00,Energy,0.0,0.0,0.0020000003278255463,0.06250000727595727,0.0328000009059906,1.0365853935551026,0.03440000042319298,0.9883721345776697,0.03574999999254942,0.9510490029323035,0.0348800003528595,0.9747706853149911,0.034340000208467246,0.9900990576977509,0.031750000258907674,1.0708661911964885,0.05504180664681799,0.8737615925950943,0.04636434201522489,0.73601111204057,0.054450838093039876,0.8643802576393561,0.06930035028295586,1.100108955710195,42.85715806240284,35.29412151414198,47.058829330035216,-0.000751960387673889,-0.0003108358537571363,-0.00044112453391675265,0.03894116889632068,0.029858831950065282,-0.08808274298035378,0.040332574834191254,0.03116742515090759,-0.38188097418578104,0.03990467331779607,0.029855327387922934,-0.17513547871799084,669985.4,753201.15,0.19448782018235022,0.17300026692736728,0.0,-0.08108104298461394,-0.12820509881427833,0.030303091878076893,0.0,-0.08108104298461395,-0.12820509881427833,0.030303091878076893,33.333360928077475,22.22224061871832,30.00001862644844,20.000012417632295,-66.66663907192253,-69.99998137355156,0.0017857144453695842,0.0023333336270990827,-69.87948980859694,-95.60566408272642,25.44627391384074,51.26755190783813,0.04038654496674477,0.029411713144773755,HOLD,0,1
0.03200000151991844,0.03400000184774399,0.03200000151991844,0.03200000151991844,305214,0.0,0.0,EMP,2021-05-14 00:00:00+10:00,Energy,-0.05882353585690325,-0.060624628664394574,0.0,0.0,0.03260000124573707,0.9815951011383139,0.03380000069737434,0.9467455875645668,0.0354500001296401,0.9026798703214368,0.0348800003528595,0.9174312269551066,0.034390000216662886,0.9305030915473381,0.03179500026628375,1.0064475940216324,0.060433622778093984,0.9593540201851505,0.04720791622981491,0.749402437545961,0.05559179207423485,0.8824923405890218,0.06969392448296782,1.106356752444292,33.33334713069969,35.29412151414198,39.39394281477455,-0.00088329338310357,-0.00042532735962642307,-0.0004579660234771469,0.03777771555495647,0.029822285839792212,-0.45252091763813296,0.0401950797641835,0.030704920495096696,-0.7270686427697086,0.03990467331779607,0.029855327387922934,-0.5731713990220688,561981.6,651215.6,0.5431031905670933,0.4686834897689798,-0.030302978990491503,-0.157894669766239,-0.157894669766239,0.0,-0.03030297899049148,-0.157894669766239,-0.157894669766239,0.0,11.111134106731228,25.925951987628736,10.000018626448439,23.333351959781776,-88.88886589326877,-89.99998137355156,0.0017857144453695842,0.0022380955162502473,-79.21567616852764,-106.24034909505407,25.112683353627517,41.135400214024486,0.03944789041940634,0.06250000727595717,BUY,0,0
0.032999999821186066,0.03400000184774399,0.032999999821186066,0.03400000184774399,174528,0.0,0.0,EMP,2021-05-17 00:00:00+10:00,Energy,0.06250000727595717,0.06062462866439451,0.0010000020265579224,0.030303091878076893,0.033000001311302186,1.0303030453547077,0.033400001004338264,1.0179640965677752,0.03535000029951334,0.9618105108817231,0.034940000399947164,0.9730967790084915,0.03446000022813678,0.9866512368732604,0.031850000275298954,1.0675039734336347,0.06471193542865061,1.027270128011277,0.05331205073700496,0.846302568797837,0.05658275134333065,0.8982233313015527,0.07003741652563834,1.111809519577707,50.0,38.8888992369158,44.117652537190715,-0.0008165793974390448,-0.0005035777671889474,-0.00031300163025009737,0.0360997955550597,0.03070020645361683,0.22223944531090045,0.04013044194505507,0.030569558653971603,-0.28240036211473574,0.0398458060890256,0.030034194710868732,-0.19160941378005478,349978.8,609925.2,0.4986816344304284,0.28614656354582496,0.06250000727595717,-0.1052630804995065,-0.05555546357307506,0.09677427107784298,0.06250000727595727,-0.10526308049950654,-0.055555463573075094,0.09677427107784306,33.333360928077475,25.925951987628736,33.333360928077475,24.444466060324785,-66.66663907192253,-66.66663907192253,0.0017857144453695842,0.002190476372128441,-39.03029337533096,-65.34809002346692,20.027885948519895,30.310686450808575,0.03860310132680176,0.05882342628954751,BUY,0,0
0.03400000184774399,0.03400000184774399,0.03400000184774399,0.03400000184774399,34703,0.0,0.0,EMP,2021-05-18 00:00:00+10:00,Energy,0.0,0.0,0.0,0.0,0.03360000178217888,1.0119047632246634,0.0333000011742115,1.021021040505986,0.0351000003516674,0.9686610115982189,0.034940000399947164,0.9730967790084915,0.03456000024452806,0.9837963428002945,0.03190500028431416,1.0656637374944586,0.060649914445972675,0.9627875439683248,0.047459350038470016,0.7533938255193323,0.052970811965392384,0.8408855712335569,0.06874711488957493,1.0913266161060053,55.55556475379979,43.75001164153027,46.87500582076514,-0.000755004857132778,-0.0005538631851777136,-0.00020114167195506446,0.03580333299623634,0.03079666935218667,0.27962760165222017,0.03959092567430758,0.030609075029027228,-0.24493805282799386,0.0398458060890256,0.030034194710868732,-0.19160941378005478,167421.0,556435.6,0.2072798513925971,0.062366606306282345,0.09677427107784298,-0.028571379914575923,-0.12820509881427833,0.0,0.09677427107784306,-0.028571379914575902,-0.12820509881427833,0.0,33.333360928077475,25.925951987628736,33.333360928077475,25.555580160867795,-66.66663907192253,-66.66663907192253,0.0016428572790963309,0.0020000001504307703,-21.960746977734388,-48.68101890464377,21.76496666086915,33.13970760753385,0.037842791143457635,0.029411713144773755,HOLD,0,1
0.03400000184774399,0.03500000014901161,0.03200000151991844,0.03500000014901161,379781,0.0,0.0,EMP,2021-05-19 00:00:00+10:00,Energy,0.029411713144773755,0.028987486785316968,0.000999998301267624,0.029411713144773758,0.033800001442432406,1.0355029187978888,0.0333000011742115,1.0510510184641266,0.03505000043660402,0.9985734582890278,0.034940000399947164,1.0017172223347925,0.034670000243932006,1.009518312741788,0.03195500028319657,1.095290246873077,0.044756403337308716,0.710485876849321,0.04849091620968534,0.7697694308189892,0.050715965375391685,0.8050909913030936,0.06874711488957493,1.0913266161060053,66.66665286930031,43.74999854480838,43.33333250549108,-0.0006183867077077104,-0.000566767889683713,-5.161881802399741e-05,0.03580333299623634,0.03079666935218667,0.6790945410605047,0.03952095823666551,0.030579042636542535,-0.011183350375555333,0.0398458060890256,0.030034194710868732,0.012230355800276002,204906.0,527131.7,1.8534401140034942,0.7204670104264267,0.029411713144773755,0.0,-0.02777773178653753,0.0,0.029411713144773758,0.0,-0.027777731786537547,0.0,44.444453642692494,37.037058499615824,44.444453642692494,37.03705849961582,-55.555546357307506,-55.555546357307506,0.00178571417927742,0.0019523810063089644,-15.765774654946236,-43.45638454923567,18.62552937890598,24.988233948485444,0.037158511978447925,0.028571379914575923,HOLD,0,1
0.032999999821186066,0.03400000184774399,0.032999999821186066,0.03400000184774399,540330,0.0,0.0,EMP,2021-05-20 00:00:00+10:00,Energy,-0.028571379914575923,-0.028987486785316995,0.0010000020265579224,0.030303091878076893,0.033800001442432406,1.0059171715022621,0.0333000011742115,1.021021040505986,0.03500000052154064,0.9714286097458426,0.034940000399947164,0.9730967790084915,0.03476000025868416,0.9781358341402688,0.03201500029303134,1.062002234469594,0.04754932069885055,0.7548220654752872,0.04849091620968534,0.7697694308189892,0.05073897633715241,0.8054562789965773,0.06874711488957493,1.0913266161060053,66.66668046403873,37.50000873114974,46.428577130546955,-0.0005840744983422463,-0.0005702292114154197,-1.3845286926826659e-05,0.03580333299623634,0.03079666935218667,0.27962760165222017,0.03949561123504173,0.030504389808039552,-0.22243889373995068,0.0398458060890256,0.030034194710868732,-0.19160941378005478,286911.2,503769.75,1.8832656236494079,1.0725733333531837,0.0,0.0,-0.028571379914575923,0.0,0.0,0.0,-0.028571379914575902,0.0,33.333360928077475,37.037058499615824,33.333360928077475,37.03705849961582,-66.66663907192253,-66.66663907192253,0.0018571428954601288,0.0018571428954601288,-21.832346813559944,-51.27571422927626,17.352555322948874,26.047536042201088,0.03654266072993918,0.05882342628954751,BUY,0,0
0.032999999821186066,0.032999999821186066,0.032999999821186066,0.032999999821186066,316856,0.0,0.0,EMP,2021-05-21 00:00:00+10:00,Energy,-0.0294118227121295,-0.02985302291369515,0.0,0.0,0.03400000110268593,0.9705881985568269,0.0333000011742115,0.99099095067727,0.03470000047236681,0.9510086274340391,0.03492000035941601,0.9450171672832693,0.03484000025317073,0.947187129201665,0.032065000291913746,1.0291595047796744,0.0394412537235377,0.6261104924944862,0.04849091620968534,0.7697694308189892,0.043294659141875996,0.687281407120278,0.06889099055238021,1.0936105714469897,42.857127651874784,35.29412151414198,46.42857095340686,-0.0006303078350223187,-0.0005822449361367996,-4.806289888551916e-05,0.03580333299623634,0.03079666935218667,-0.11984082588890632,0.03885995870751264,0.03054004223722098,-0.40865810546320236,0.03984954387232247,0.02999045684650955,-0.38948850602556334,289239.6,490543.0,1.0954793188761152,0.6459291030551858,0.031249945430320558,0.0,-0.15384617588929128,-0.0294118227121295,0.031249945430320485,0.0,-0.15384617588929125,-0.029411822712129523,28.57143617406261,35.44975024827753,22.222226821346247,33.333347130705405,-71.42856382593739,-77.77777317865376,0.0017857144453695842,0.001857143072854905,-54.545548960536756,-68.95197785425901,5.404635596460608,27.84903709612618,0.03598839460628132,0.12121214173713679,BUY,0,0
0.032999999821186066,0.032999999821186066,0.032999999821186066,0.032999999821186066,67864,0.0,0.0,EMP,2021-05-24 00:00:00+10:00,Energy,0.0,0.0,0.0,0.0,0.03380000069737434,0.9763313355123563,0.033400001004338264,0.9880239170322108,0.034500000439584254,0.9565217217598313,0.03492000035941601,0.9450171672832693,0.034910000246018175,0.9452878713442586,0.03212000029161573,1.0273972453792302,0.024408819785785837,0.38747800169869323,0.04724597573254632,0.7500066134214616,0.042062155763218506,0.6677160225404304,0.06874711488957493,1.0913266161060053,42.857127651874784,42.857142857142854,37.499998059744655,-0.0006593475394295195,-0.0005976654567953436,-6.168208263417595e-05,0.03574757753491103,0.0310524244737655,-0.17038898538255787,0.03857818247502576,0.03042181840414275,-0.3678110994954149,0.03984954387232247,0.02999045684650955,-0.38948850602556334,267906.8,485529.35,0.25331197267109307,0.13977321865300213,-0.0294118227121295,0.031249945430320558,-0.10810812443516549,0.0,-0.029411822712129523,0.031249945430320485,-0.10810812443516545,0.0,40.000014901164306,33.96827066776814,22.222226821346247,25.92593819025666,-59.999985098835694,-77.77777317865376,0.0015714288290057863,0.001666666851157234,-45.16139584877226,-64.22022957814009,6.979208810846913,23.11353265726632,0.03548955509498924,0.18181821260570508,BUY,0,0
0.032999999821186066,0.032999999821186066,0.032999999821186066,0.032999999821186066,468600,0.0,0.0,EMP,2021-05-25 00:00:00+10:00,Energy,0.0,0.0,0.0,0.0,0.03360000029206276,0.9821428432838903,0.03360000103712082,0.9821428215055149,0.03425000049173832,0.9635036305808586,0.03494000032544136,0.9444762310765437,0.03500000024214387,0.942857131225114,0.0321750002913177,1.0256410107971619,0.024408819785785837,0.38747800169869323,0.045657522268193806,0.7247906964062071,0.04141258358585484,0.6574043839010844,0.06858916328640872,1.088819212139035,59.9999850988357,42.857142857142854,40.90908936971474,-0.0006745855125185884,-0.0006130494679399926,-6.153604457859586e-05,0.03528654959533256,0.031913452478909074,-0.35575685800054085,0.038026659148597194,0.030473341834879444,-0.33098057942888187,0.039829137803491836,0.030050862847390884,-0.3967981086571657,354686.2,477659.35,1.321167837936745,0.9810338685927534,-0.0294118227121295,0.06451614066167655,-0.13157892414985195,0.031249945430320558,-0.029411822712129523,0.06451614066167646,-0.13157892414985195,0.031249945430320485,50.0,39.52381702507565,22.222226821346247,22.222226821346247,-50.0,-77.77777317865376,0.0015000003789152419,0.0015714287403083983,-34.222332556950455,-60.2484926914403,7.942528187829424,23.55274424800197,0.03504059953482637,0.15151512072762818,BUY,0,0
0.032999999821186066,0.032999999821186066,0.03200000151991844,0.03200000151991844,52929,0.0,0.0,EMP,2021-05-26 00:00:00+10:00,Energy,-0.030302978990491503,-0.03077160575069945,-0.000999998301267624,-0.03030297899049148,0.03300000056624412,0.969696999116158,0.033400001004338264,0.9580838490322806,0.03405000064522028,0.9397944468001177,0.03494000032544136,0.9158557876892126,0.03508000025525689,0.9122007208401631,0.032230000300332906,0.9928638294051741,0.01613040318979879,0.25606221232446363,0.03419953843680482,0.5429008419418814,0.04038377400938029,0.6410725381863243,0.06874711488957493,1.0913266161060053,24.999976716917757,42.857142857142854,36.363642521141024,-0.0007586084554954478,-0.0006421612654510837,-0.00011644719004436413,0.035332184715828344,0.031467817292848185,-0.7245685159720967,0.03785995904106101,0.030240042249379546,-0.5380633887078098,0.039829137803491836,0.030050862847390884,-0.601332815598229,289315.8,457378.5,0.18294541812095988,0.11572253614894447,-0.08571424618059287,-0.05882353585690325,-0.11111103062644068,0.0,-0.08571424618059292,-0.05882353585690328,-0.1111110306264407,0.0,25.0000465661211,38.33335382242847,11.111134106731228,18.51852924980791,-74.9999534338789,-88.88886589326877,0.0015000003789152419,0.0015238095961865924,-104.7618101514313,-84.13793937984458,8.151483822675118,17.522595098842856,0.034636539530679786,0.2187499672581923,BUY,0,0
0.032999999821186066,0.032999999821186066,0.03200000151991844,0.03200000151991844,238865,0.0,0.0,EMP,2021-05-27 00:00:00+10:00,Energy,0.0,0.0,-0.000999998301267624,-0.03030297899049148,0.032600000500679016,0.9815951235722197,0.03320000097155571,0.9638554392614213,0.03380000069737434,0.9467455875645668,0.03492000035941601,0.9163803319174306,0.035150000266730784,0.9103841046114075,0.03228000030852854,0.9913259359995693,0.016356606788016252,0.2596530831237719,0.03419953843680482,0.5429008419418814,0.03966459890052962,0.6296559872635642,0.06861847742719915,1.089284559697609,24.999976716917757,46.153852766787374,40.00000745058077,-0.0008157932859702427,-0.0006768876695549156,-0.00013890561641532713,0.03526559194717825,0.031134409995933175,-0.5809472764934056,0.037447637771727126,0.03015236362302156,-0.4934699205992919,0.03984954387232247,0.02999045684650955,-0.5923467014445596,229022.8,460377.15,1.042974760591522,0.5188463415267243,-0.05882353585690325,-0.05882353585690325,-0.13513510520219663,-0.030302978990491503,-0.05882353585690328,-0.05882353585690328,-0.13513510520219668,-0.03030297899049148,25.0000465661211,33.33336437741407,11.111134106731228,14.814831678269568,-74.9999534338789,-88.88886589326877,0.0015000001128230775,0.0014761904520647867,-89.74351173543543,-80.99788346102713,9.82735237717199,18.533472232385733,0.034272885526947856,0.2187499672581923,BUY,0,0
0.032999999821186066,0.032999999821186066,0.032999999821186066,0.032999999821186066,175000,0.0,0.0,EMP,2021-05-28 00:00:00+10:00,Energy,0.031249945430320558,0.030771605750699496,0.0,0.0,0.032600000500679016,1.0122699176185201,0.033300000801682474,0.990990961763543,0.03355000074952841,0.9836065300728771,0.03492000035941601,0.9450171672832693,0.03520000025629997,0.9374999880938877,0.032320000305771826,1.0210395887679742,0.021763790317913548,0.34548946060412766,0.030232209700030994,0.47992145070141984,0.039863177470620736,0.6328083243365716,0.06874711488957493,1.0913266161060053,24.999976716917757,53.84614723321263,39.99999627470893,-0.0007715274819851264,-0.0006958156320409578,-7.571184994416866e-05,0.03519736749063213,0.031402634112732815,-0.15811439203798922,0.03662622485743183,0.03047377664162498,-0.17879091673759445,0.03984954387232247,0.02999045684650955,-0.38948850602556334,200651.6,468995.55,0.8721585075822968,0.3731378687921453,0.0,0.031249945430320558,-0.13157892414985195,0.0,0.0,0.031249945430320485,-0.13157892414985195,0.0,50.0,33.33336437741408,22.222226821346247,14.814831678269568,-50.0,-77.77777317865376,0.0014285713966403688,0.0014761902746700105,-9.333446913178108,-46.218535220530555,18.77540077225926,18.296864511184367,0.03394559692358912,0.18181821260570508,BUY,0,0
0.032999999821186066,0.032999999821186066,0.03099999949336052,0.03099999949336052,821108,0.0,0.0,EMP,2021-05-31 00:00:00+10:00,Energy,-0.060606070868568396,-0.06252036790593911,-0.0020000003278255463,-0.06060607086856837,0.03220000043511391,0.9627328905112437,0.03300000056624412,0.9393939079222497,0.033200000785291194,0.9337349024128531,0.03484000034630299,0.8897818365449601,0.0352300002425909,0.8799318558017898,0.032350000301375983,0.9582689089508898,0.03484280306955137,0.5531123514145853,0.028549936012037036,0.453216183807943,0.041625059884918554,0.6607773405819922,0.06877847626753832,1.091824462547186,19.999970197671402,50.0,33.33333333333333,-0.0008875981462449847,-0.0007341721348817633,-0.00015342601136322147,0.035309402021544235,0.030690599110944006,-0.8660257264035088,0.0356793899109269,0.030720611659655485,-0.8873158590491925,0.039892539796533844,0.029787460896072135,-0.7600140267617341,351300.4,466307.8,2.337338642369892,1.760871252850585,-0.060606070868568396,-0.08823535856903275,-0.18421051341658445,-0.114285732532034,-0.06060607086856837,-0.0882353585690328,-0.18421051341658443,-0.11428573253203404,0.0,25.00001552204037,0.0,11.111120309359158,-100.0,-100.0,0.0014285713966403688,0.0015238094187918164,-183.55551769560748,-120.17173759252742,19.53837447688157,16.76789046576262,0.033651037180566265,0.25806456264670574,BUY,0,0
0.03099999949336052,0.03099999949336052,0.03099999949336052,0.03099999949336052,0,0.0,0.0,EMP,2021-06-01 00:00:00+10:00,Energy,0.0,0.0,0.0,0.0,0.031800000369548796,0.9748427400348604,0.03270000033080578,0.9480122073318838,0.03300000075250864,0.9393939026199543,0.03478000029921532,0.8913168265286047,0.03528000023216009,0.8786847871135198,0.03237000029534101,0.9576768369020474,0.03484280306955137,0.5531123514145853,0.028549936012037036,0.453216183807943,0.038283190598214535,0.6077268103017703,0.06865772246641735,1.089907555381395,24.999976716917757,36.3636209698695,33.33333333333333,-0.0009684216222748468,-0.00078102203236038,-0.00018739958991446676,0.03520333182213431,0.03019666883947725,-0.6790953748370981,0.03551312492626298,0.030486876578754298,-0.7958226975153119,0.039943292290296084,0.029616708308134548,-0.7320912341166234,257580.4,388226.65,0.0,0.0,-0.060606070868568396,-0.08823535856903275,-0.114285732532034,-0.08823535856903275,-0.06060607086856837,-0.0882353585690328,-0.11428573253203404,-0.0882353585690328,0.0,16.666666666666675,0.0,7.407408940448749,-100.0,-100.0,0.001214285514184407,0.0014285713079429808,-196.4913258289397,-172.82417703753242,13.935174663006194,6.807346893212767,0.03338593341184569,0.16129029156886276,BUY,0,0
0.03200000151991844,0.03700000047683716,0.03200000151991844,0.03700000047683716,1363633,0.0,0.0,EMP,2021-06-02 00:00:00+10:00,Energy,0.19354842198502942,0.1769307373897781,0.004999998956918716,0.156249959982235,0.03280000016093254,1.1280487894907745,0.03290000036358833,1.1246200628552714,0.03310000076889992,1.1178247618532262,0.03486000031232834,1.0613884149551198,0.03536000024527311,1.046380096724781,0.03242500029504299,1.1410948385555937,0.09581078295181288,1.520949027653303,0.07002707598669712,1.1116453686109418,0.05871943958446174,0.9321422055934061,0.07374513918757428,1.1706677921409923,70.00000745058216,58.82352683370871,54.16666731341845,-0.00054207615755094,-0.0007332328573984922,0.00019115669984755214,0.03635768142405623,0.029442319303120433,1.1857658475573818,0.036066480782171575,0.030133520755628262,1.3146893592706275,0.04003466311510699,0.029685337509549683,0.413553548524881,519721.2,423289.15,2.623777902460011,3.221516544896083,0.15624995998223512,0.057142866266016945,0.057142866266016945,0.12121214173713679,0.156249959982235,0.05714286626601702,0.05714286626601702,0.12121214173713674,100.0,33.33333333333334,100.0,33.333333333333336,-0.0,-0.0,0.0014999998467309134,0.0015714285629136221,196.49114660457545,175.9703579683497,43.50080693340282,24.550361133718113,0.03099999949336052,-0.02702708145055155,HOLD,0,1
0.03700000047683716,0.03700000047683716,0.03700000047683716,0.03700000047683716,15000,0.0,0.0,EMP,2021-06-03 00:00:00+10:00,Energy,0.0,0.0,0.0,0.0,0.033799999952316286,1.09467457186495,0.03320000022649765,1.1144578380847916,0.033250000700354575,1.1127819457893302,0.0349200002849102,1.059564724368739,0.03543000025674701,1.0443127352162853,0.032490000296384096,1.1388119464238662,0.09581078295181288,1.520949027653303,0.06896248394475557,1.094745493866647,0.058222785158906894,0.9242580610080594,0.07365481388951413,1.1692339224864026,70.00000745058216,66.66666666666666,54.16666731341845,-0.0002018673044760777,-0.0006269597468140094,0.00042509244233793165,0.037499871268329085,0.02890012918466621,0.8837474922785084,0.03667590860521189,0.029824092795497265,1.0946002871722766,0.04012345211222219,0.02971654845759821,0.3997346878488256,474948.2,415216.9,0.03158239151132692,0.03612569719585113,0.15624995998223512,0.08823524900167712,0.08823524900167712,0.08823524900167712,0.156249959982235,0.08823524900167704,0.08823524900167704,0.08823524900167704,100.0,66.66666666666667,100.0,66.66666666666667,-0.0,-0.0,0.00135714268045766,0.0015238095961865924,225.9492674003774,277.18106190562645,47.05532188629592,26.9986822169446,0.03111999951303005,-0.02702708145055155,HOLD,0,1
0.03500000014901161,0.03500000014901161,0.03500000014901161,0.03500000014901161,106060,0.0,0.0,EMP,2021-06-04 00:00:00+10:00,Energy,-0.05405406221758269,-0.055569859784826786,0.0,0.0,0.03420000001788139,1.0233918166874836,0.03340000025928021,1.047904187943437,0.033350000716745855,1.0494752442819963,0.03498000025749207,1.000571752183314,0.03545000026002526,0.987306061841667,0.03254500029608607,1.0754340092361525,0.10345440625725488,1.6422877859432454,0.07095647488021566,1.1263991186571136,0.05925737257909778,0.9406816271483452,0.07357472504002634,1.1679625514151988,63.636357478858976,53.333328366278565,51.999996423721626,-9.256561036093125e-05,-0.0005200809195233938,0.0004275153091624625,0.037842222132004694,0.028957778386555718,0.3601800935598243,0.03686088638053132,0.029839115052960392,0.4699667235778666,0.04011475511414776,0.02984524540083637,0.0038950041584987134,461160.2,378258.25,0.2299851548333963,0.28039044753154757,0.060606070868568285,0.060606070868568285,0.060606070868568285,0.09374995270627773,0.06060607086856837,0.06060607086856837,0.06060607086856837,0.09374995270627776,66.66666666666667,88.8888888888889,66.66666666666667,88.8888888888889,-33.333333333333336,-33.333333333333336,0.00135714268045766,0.0015714287403083983,87.16470855268942,122.33001421149474,43.280240676698,27.252588434213195,0.031237599532306193,0.08571424618059287,BUY,0,0
0.035999998450279236,0.035999998450279236,0.032999999821186066,0.032999999821186066,302091,0.0,0.0,EMP,2021-06-07 00:00:00+10:00,Energy,-0.057142866266017056,-0.05884050969901219,-0.00299999862909317,-0.08333329883990316,0.034600000083446505,0.9537572179652705,0.03340000025928021,0.988023939072186,0.033400000631809236,0.9880239280521983,0.035000000223517416,0.9428571317268879,0.03547000026330352,0.930363675675727,0.03259000029414892,1.0125805315537464,0.10282483499115122,1.6322936519270312,0.07391028454916965,1.1732893934827353,0.06038050308755061,0.9585107712397595,0.07408302540134266,1.1760315694994024,53.84614723321263,47.05881708427177,50.0,-0.00016541968687365516,-0.00044914867299344604,0.0002837289861197909,0.037842222132004694,0.028957778386555718,-0.09004512821616784,0.03685801996602687,0.029941981297591607,-0.11567338755602122,0.040095015197637,0.029904985249397834,-0.3925406328520065,357356.8,331635.7,0.8453484024929706,0.9109121846652818,0.06451614066167655,0.0,0.031249945430320558,0.031249945430320558,0.06451614066167646,0.0,0.031249945430320485,0.031249945430320485,33.333333333333336,66.66666666666667,33.333333333333336,66.66666666666667,-66.66666666666667,-66.66666666666667,0.001571428296821458,0.0016666666737624577,30.842859423603237,47.03115093150255,39.56777167931787,29.35985449847631,0.031352847551196814,0.0909090498590599,BUY,0,0
0.03400000184774399,0.03400000184774399,0.03200000151991844,0.03200000151991844,366265,0.0,0.0,EMP,2021-06-08 00:00:00+10:00,Energy,-0.030302978990491503,-0.03077160575069945,-0.0020000003278255463,-0.05882353585690328,0.03480000048875809,0.9195402606461409,0.033300000429153445,0.9609609942197814,0.03345000073313713,0.9566517434547542,0.035000000223517416,0.914285751873133,0.035500000286847355,0.901408486235262,0.03263000030070543,0.9806926517014659,0.10491020139070391,1.6653978172410306,0.07463134904258407,1.1847359374556155,0.06035245608430573,0.9580655388661201,0.07423217685186051,1.178399275373931,46.153852766787374,41.176473166291295,50.0,-0.0003003859111727486,-0.0004193961206293065,0.0001190102094565579,0.03782646584363584,0.028773535014671052,-0.2871995674761297,0.03678876842248294,0.03011123304379132,-0.43429173519490843,0.040095015197637,0.029904985249397834,-0.5888105763844931,430609.8,302574.35,0.8505728387974449,1.21049586655313,0.03225813041616665,-0.030302978990491503,0.03225813041616665,0.0,0.032258130416166604,-0.03030297899049148,0.032258130416166604,0.0,16.6666977107474,38.88889923691581,16.6666977107474,38.8888992369158,-83.3333022892526,-83.3333022892526,0.0014999998467309134,0.0016666666737624577,-39.22697359629975,-44.843663498896234,39.841899448601076,33.4585732109292,0.031465790609709623,0.09374995270627773,BUY,0,0
0.032999999821186066,0.03400000184774399,0.032999999821186066,0.032999999821186066,141111,0.0,0.0,EMP,2021-06-09 00:00:00+10:00,Energy,0.031249945430320558,0.030771605750699496,0.0,0.0,0.03400000035762787,0.9705882198257845,0.03340000025928021,0.988023939072186,0.033400000631809236,0.9880239280521983,0.03502000018954277,0.9423186648365612,0.03551000026986003,0.9293156736243569,0.032665000297129154,1.010255610623287,0.03758645901878661,0.5966665393633811,0.07446225550622589,1.182051660782542,0.05667251441762204,0.8996482759305026,0.07434276631673843,1.1801548287040753,58.33333592034087,47.05881708427177,53.846154948310875,-0.00032293353397069846,-0.00040010360329758486,7.71700693268864e-05,0.037842222132004694,0.028957778386555718,-0.09004512821616784,0.03673403581579543,0.03006596544782304,-0.11997498183115349,0.04007463988392531,0.029965360495160232,-0.3996329096615193,186105.4,300012.1,0.7582316257346644,0.47035102917515664,-0.10810812443516549,0.031249945430320558,-0.0294118227121295,0.031249945430320558,-0.10810812443516545,0.031249945430320485,-0.029411822712129523,0.031249945430320485,33.333333333333336,27.7777881258047,33.333333333333336,27.77778812580469,-66.66666666666667,-66.66666666666667,0.0014999998467309134,0.0016666666737624577,1.552204248759124e-05,-4.6822834356043925,48.01276319208741,40.86200407066785,0.031576474807052175,0.060606070868568285,BUY,0,0
0.03400000184774399,0.03500000014901161,0.03400000184774399,0.03500000014901161,142972,0.0,0.0,EMP,2021-06-10 00:00:00+10:00,Energy,0.060606070868568285,0.05884050969901206,0.000999998301267624,0.029411713144773758,0.03360000029206276,1.041666662047011,0.03370000012218952,1.0385756683118263,0.03345000054687262,1.0463378049864909,0.035100000202655794,0.9971509956391221,0.03556000027805567,0.9842519649981657,0.03271500029601157,1.0698456314328266,0.053061688326741754,0.8423281887466662,0.07641523052786621,1.2130541781264297,0.05827374376259681,0.9250670037631952,0.0746121823656342,1.1844316758916023,64.28571808703131,55.55555785511804,51.99999701976714,-0.0001773747104791626,-0.0003555578247339005,0.00017818311425473788,0.038127189254214586,0.02927281099016446,0.2936400474554493,0.03685123879056139,0.030048762303183846,0.4557162689250376,0.040019764003106424,0.030180236402205164,-0.020326189975832302,211699.8,300645.5,0.6753525511124716,0.4755501080175822,-0.05405406221758269,0.09374995270627773,0.029411713144773755,0.12903228132335287,-0.05405406221758272,0.09374995270627776,0.029411713144773758,0.12903228132335293,66.66666666666667,38.88889923691581,66.66666666666667,38.8888992369158,-33.333333333333336,-33.333333333333336,0.001571428296821458,0.0016190475296406518,64.8501582854181,82.86604387943524,54.46004576873131,40.374098730677716,0.031684945320447876,0.08571424618059287,BUY,0,0
0.03500000014901161,0.03799999877810478,0.03400000184774399,0.03700000047683716,2554158,0.0,0.0,EMP,2021-06-11 00:00:00+10:00,Energy,0.057142866266016945,0.05556985978482676,0.0020000003278255463,0.05714286626601702,0.03400000035762787,1.0882352966957027,0.03410000018775463,1.085043996279036,0.03370000049471855,1.0979228466965685,0.035000000223517416,1.0571428640156377,0.035650000274181366,1.0378681680862005,0.03277500029653311,1.1289092339306848,0.05324655975045712,0.845262931616706,0.077590157087647,1.2317055590420976,0.05756697617451615,0.913847416126501,0.05556341932438869,0.882041937148398,50.0,60.00000372529107,55.555554022514,9.823265271507314e-05,-0.00026479972924410577,0.0003630323819591789,0.03894882636959703,0.029251174005912227,0.5980829545802813,0.03737638331082558,0.030023617678611524,0.8976214249671156,0.039535573369137635,0.030464427077897198,0.4409586592713302,701319.4,413092.7,3.6419326201442592,6.18301412733752,0.057142866266016945,0.12121214173713679,0.15624995998223512,-0.11904759581735047,0.05714286626601702,0.12121214173713674,0.156249959982235,-0.11904759581735043,85.71430852218784,61.90476950739596,85.71430852218784,61.90476950739595,-14.285691477812168,-14.285691477812168,0.0018571423632758005,0.0017142854630947113,121.02804017332201,164.25644923388546,74.52404517125129,60.92737598864045,0.03179124642357566,0.02702698076703114,HOLD,0,1
0.03700000047683716,0.03799999877810478,0.03400000184774399,0.03400000184774399,614553,0.0,0.0,EMP,2021-06-15 00:00:00+10:00,Energy,-0.08108104298461394,-0.08455734657014378,-0.00299999862909317,-0.08108104298461395,0.034200000762939456,0.994152078633513,0.03440000042319298,0.9883721345776697,0.03370000049471855,1.0089021171697743,0.034940000250935556,0.9730967831585405,0.03569000029936433,0.95264784428566,0.032820000303909184,1.0359537334828803,0.061490634653483346,0.9761335635158839,0.08001132975093111,1.2701404835312837,0.059435725598550516,0.9435128935586418,0.05415980406778314,0.8597602357160316,38.46154066585283,52.17391797297512,53.571429996922646,7.37287571395337e-05,-0.00019709403196737786,0.00027082278910691153,0.03874101942640212,0.03005898141998385,-0.09214393559514263,0.03737638331082558,0.030023617678611524,0.08160231619815699,0.03944686519100971,0.0304331353108614,-0.20857035116213207,763811.8,435093.95,0.8045869414429051,1.412460458252752,0.030303091878076893,0.09677427107784298,0.0,-0.08108104298461394,0.030303091878076893,0.09677427107784306,0.0,-0.08108104298461395,42.85718087031305,65.07938535305586,42.85718087031305,65.07938535305586,-57.14281912968695,-57.14281912968695,0.002142856429730143,0.0018095233965487708,64.58335237208925,92.78216552897932,67.55936129952988,58.38069774668843,0.03203959651775683,0.11764696214645087,BUY,0,0
0.03400000184774399,0.03400000184774399,0.03400000184774399,0.03400000184774399,0,0.0,0.0,EMP,2021-06-16 00:00:00+10:00,Energy,0.0,0.0,0.0,0.0,0.03460000082850456,0.9826589894105934,0.034700000658631325,0.9798271239884482,0.03370000049471855,1.0089021171697743,0.03488000027835369,0.9747706873971609,0.03573000032454729,0.951581347296693,0.032845000317320225,1.0351652159922402,0.05823772622931305,0.9244952431477542,0.08001132975093111,1.2701404835312837,0.059435725598550516,0.9435128935586418,0.05415980406778314,0.8597602357160316,45.45455161205219,54.54545608483097,50.0,5.369033459870498e-05,-0.0001469371586541613,0.00020062749325286627,0.03835756478999711,0.031042436527265536,-0.1913838789276257,0.03737638331082558,0.030023617678611524,0.08160231619815699,0.039354690400431915,0.03040531015627546,-0.19666131209125906,690558.8,433358.8,0.0,0.0,0.06250000727595717,0.09677427107784298,0.0,-0.08108104298461394,0.06250000727595727,0.09677427107784306,0.0,-0.08108104298461395,42.85718087031305,57.142890087604655,42.85718087031305,57.142890087604655,-57.14281912968695,-57.14281912968695,0.0020714279796395984,0.0017142852856999351,1.1272793495741757,14.564443948751002,68.06066556193633,57.49172457174532,0.032278012608170745,0.0,HOLD,0,1
0.03400000184774399,0.03400000184774399,0.03400000184774399,0.03400000184774399,0,0.0,0.0,EMP,2021-06-17 00:00:00+10:00,Energy,0.0,0.0,0.0,0.0,0.034800001233816144,0.9770115127095232,0.03440000079572201,0.9883721238742598,0.03365000057965517,1.0104012262127695,0.03482000030577183,0.9764503604012916,0.035780000351369384,0.9502515794816846,0.03286500032991171,1.0345352656759073,0.05754048928888207,0.9134269498521467,0.048365604035600626,0.7677801617257273,0.05907379108278938,0.9377673612410744,0.05415980406778314,0.8597602357160316,55.55556935293333,54.54545608483097,50.0,3.737886013396863e-05,-0.0001100739548965353,0.00014745281503050393,0.03769309083990112,0.031106910751542895,-0.12146614353441741,0.03727883270382612,0.03002116845548422,0.09645011290479012,0.03925897361735367,0.030381026994189986,-0.18472705296253095,662336.6,414369.75,0.0,0.0,0.030303091878076893,-0.08108104298461394,-0.028571379914575923,-0.08108104298461394,0.030303091878076893,-0.08108104298461395,-0.028571379914575902,-0.08108104298461395,42.85718087031305,42.85718087031305,42.85718087031305,42.85718087031305,-57.14281912968695,-57.14281912968695,0.0019999995295490536,0.0017142852856999351,-4.886494404955496,14.564443948751002,68.06066556193633,57.3086134021226,0.03250689205496811,0.029411713144773755,HOLD,0,1
0.032999999821186066,0.03500000014901161,0.032999999821186066,0.03400000184774399,1129150,0.0,0.0,EMP,2021-06-18 00:00:00+10:00,Energy,0.0,0.0,0.0010000020265579224,0.030303091878076893,0.03460000157356262,0.9826589682505367,0.034100000932812694,0.9970674755914015,0.03365000057965517,1.0104012262127695,0.03476000033318996,0.9781358320436981,0.03581000037491321,0.9494555010271035,0.032890000343322755,1.0337489052245201,0.04930729011932827,0.7827289648695295,0.048365604035600626,0.7677801617257273,0.05868773879124282,0.9316389711020815,0.05415980406778314,0.8597602357160316,62.50000582076784,52.380957449375074,48.00000298023286,2.4173244982002295e-05,-8.322451492082778e-05,0.00010739775990283008,0.03684064126569837,0.031359360599927014,-0.036487489390267476,0.03727883270382612,0.03002116845548422,0.09645011290479012,0.039159628579417564,0.030360372086962358,-0.1727415233543021,859572.2,443810.75,1.3136185651420555,2.5442150736547053,-0.028571379914575923,-0.08108104298461394,0.0,-0.08108104298461394,-0.028571379914575902,-0.08108104298461395,0.0,-0.08108104298461395,42.85718087031305,42.85718087031305,42.85718087031305,42.85718087031305,-57.14281912968695,-57.14281912968695,0.0020714282457317624,0.0016666663189729054,-8.974358239587842,14.564372737101268,57.43447637826094,52.431505481083896,0.03272661632389358,0.029411713144773755,HOLD,0,1
0.032999999821186066,0.032999999821186066,0.03099999949336052,0.03200000151991844,1961228,0.0,0.0,EMP,2021-06-21 00:00:00+10:00,Energy,-0.05882353585690325,-0.060624628664394574,-0.000999998301267624,-0.03030297899049148,0.03360000178217888,0.9523809471013461,0.03380000106990337,0.9467455771299454,0.03360000066459179,0.952380978778984,0.0347000003606081,0.9221902359472384,0.0358200003951788,0.893355699801318,0.03290000035427511,0.9726444126241561,0.03911420990515025,0.6209188328268412,0.04889783825889079,0.7762291180901076,0.059861037481822,0.9502645103953029,0.05426051437126186,0.8613589622208307,44.444453642692494,52.380957449375074,46.153845051689125,-0.00014599269896618805,-9.577815172989985e-05,-5.02145472362882e-05,0.03675145991781651,0.030848542221990235,-0.6098677443046985,0.03729352282790523,0.029906478501278342,-0.4331906169578778,0.03916756985312721,0.030232430868088994,-0.6043551969836787,740986.2,526029.35,2.646780736267423,3.728362305259203,-0.13513510520219663,-0.08571424618059287,-0.030302978990491503,-0.08571424618059287,-0.13513510520219668,-0.08571424618059292,-0.03030297899049148,-0.08571424618059292,14.285744696250442,33.3333688122922,14.285744696250442,33.333368812292186,-85.71425530374955,-85.71425530374955,0.002142856961914471,0.0017142854630947113,-119.92553831072081,-89.74358313064994,50.39755026313999,45.63765349570511,0.03799999877810478,0.15624995998223512,BUY,0,0
0.03200000151991844,0.03200000151991844,0.03099999949336052,0.03099999949336052,1250726,0.0,0.0,EMP,2021-06-22 00:00:00+10:00,Energy,-0.031250061845636834,-0.03174876215523972,-0.0010000020265579224,-0.031250061845636785,0.033000001311302186,0.9393938867130686,0.03360000103712082,0.9226190040622959,0.03350000064820051,0.9253731012994987,0.03460000038146973,0.8959537327046616,0.035850000381469724,0.8647140631380275,0.03291000035591424,0.9419629036190371,0.026524159437428838,0.4210579776387815,0.04662968889012579,0.7402233630935057,0.06026952927497258,0.9567491165790266,0.054268252772420866,0.8614818055309027,25.000000000000014,50.0,46.153845051689125,-0.0003574221021955329,-0.0001481069418230265,-0.00020931516037250638,0.037025396566213835,0.030174605508027797,-0.7590368825082018,0.03736618354404215,0.02963381775235887,-0.6466329250819777,0.039171428345144435,0.03002857241779502,-0.7875002989690286,868220.8,585172.45,1.440562124289121,2.1373630969810695,-0.08823535856903275,-0.060606070868568396,-0.060606070868568396,-0.13888886589326876,-0.0882353585690328,-0.06060607086856837,-0.06060607086856837,-0.13888886589326876,0.0,19.047641855521178,0.0,19.047641855521167,-100.0,-100.0,0.00221428567809718,0.0017142854630947113,-160.41670988144904,-114.38434707175466,44.57487276715428,42.11912081525733,0.037859998792409894,0.2258064322305393,BUY,0,0
0.03099999949336052,0.03099999949336052,0.03099999949336052,0.03099999949336052,1163778,0.0,0.0,EMP,2021-06-23 00:00:00+10:00,Energy,0.0,0.0,0.0,0.0,0.03240000084042549,0.9567900830015353,0.03350000083446503,0.9253730961542995,0.033400000631809236,0.9281436798488254,0.0345200003683567,0.8980301032029291,0.03587000038474798,0.8642319253094237,0.03289000035263598,0.9425356996347984,0.026524159437428838,0.4210579776387815,0.0457976037538602,0.7270144210523535,0.06026952927497258,0.9567491165790266,0.05413675395385779,0.8593943265012024,0.0,31.24999563442512,46.153845051689125,-0.0005189987331906537,-0.00022228530009655196,-0.00029671343309410175,0.03718178855611086,0.029818213112819195,-0.6790183275387089,0.03742099849843228,0.029379002765186193,-0.5968670509303976,0.039201531065242,0.02983846967147141,-0.7518910166151643,1100976.4,619931.35,1.057041731321398,1.877269152463414,-0.08823535856903275,-0.031250061845636834,-0.060606070868568396,-0.114285732532034,-0.0882353585690328,-0.031250061845636785,-0.06060607086856837,-0.11428573253203404,0.0,4.761914898750161,0.0,4.761914898750152,-100.0,-100.0,0.00178571417927742,0.0017142854630947113,-147.4957237017179,-118.29927340530254,31.494244317295838,38.40173636442312,0.037722798806428905,0.19354842198502942,BUY,0,0
0.03099999949336052,0.03200000151991844,0.03099999949336052,0.03099999949336052,289459,0.0,0.0,EMP,2021-06-24 00:00:00+10:00,Energy,0.0,0.0,0.0,0.0,0.031800000369548796,0.9748427400348604,0.033300000801682474,0.930930893304791,0.03335000053048134,0.9295352024065799,0.03442000038921833,0.9006391383734822,0.035890000388026234,0.8637503248315055,0.0328600003477186,0.943396201014124,0.026524159437428838,0.4210579776387815,0.044302114749580485,0.703274269089819,0.05988670174014728,0.9506719178659726,0.05396836780388215,0.8567212792388235,0.0,31.24999563442512,46.153845051689125,-0.000639675595272976,-0.0003057633591318368,-0.0003339122361411392,0.03730555347113486,0.029294448132230092,-0.5742032368872578,0.03746799751431737,0.0292320035466453,-0.5706660413655095,0.03918535109865494,0.029654649679781726,-0.7176808391217336,1158868.2,631757.85,0.24977732584257642,0.4581802980366607,-0.08823535856903275,-0.060606070868568396,-0.031250061845636834,-0.13888886589326876,-0.0882353585690328,-0.06060607086856837,-0.031250061845636785,-0.13888886589326876,0.0,0.0,0.0,0.0,-100.0,-100.0,0.0018571428954601288,0.0017619046072165172,-108.33333966886049,-93.6670077786525,33.23229529553686,39.738817191669305,0.037588342820167535,0.29032257289221564,BUY,0,0
0.03099999949336052,0.035999998450279236,0.03099999949336052,0.03500000014901161,2942853,0.0,0.0,EMP,2021-06-25 00:00:00+10:00,Energy,0.12903228132335287,0.12136087760495119,0.0040000006556510925,0.12903228132335293,0.03200000002980232,1.0937500036379788,0.033300000801682474,1.051051030222295,0.033500000461936,1.044776109444535,0.03434000037610531,1.0192195621921294,0.03571000039577484,0.980117607423851,0.03285000034607947,1.0654490039659539,0.07208076815919755,1.1442467211584384,0.05859748334886298,0.9302062103720385,0.06647194213457792,1.0552093683094148,0.05579241031076351,0.8856770563629369,57.142841937597154,50.0,55.17241157830534,-0.0004078448725759465,-0.0003261796618206588,-8.16652107552877e-05,0.03730555347113486,0.029294448132230092,0.4244106837725225,0.03762948425352147,0.029370516670350524,0.3632414516633091,0.03892230837904491,0.029757692373165705,0.1440321716660917,1521608.8,766957.25,1.9340404708490118,3.8370495878355673,0.029411713144773755,0.0,0.09374995270627773,-0.10256411725952752,0.029411713144773758,0.0,0.09374995270627776,-0.1025641172595275,57.14287234812522,19.047624116041757,57.14287234812522,19.047624116041746,-42.85712765187478,-42.85712765187478,0.0020714285118239267,0.0019523808289141882,29.946461075816885,23.309002371028914,48.98380165949566,51.551668457200265,0.037456575953631395,0.08571424618059287,BUY,0,0
0.03500000014901161,0.035999998450279236,0.03400000184774399,0.03400000184774399,1564098,0.0,0.0,EMP,2021-06-28 00:00:00+10:00,Energy,-0.028571379914575923,-0.028987486785316995,-0.000999998301267624,-0.028571379914575902,0.032400000095367434,1.0493827699897236,0.03300000093877316,1.0303030569855496,0.03355000056326389,1.0134128547518666,0.03426000043749809,0.9924110161577951,0.03563000041991472,0.9542520754150854,0.032845000354573134,1.0351652148181523,0.06611390110347629,1.0495256431447024,0.0557542257132474,0.8850708946692926,0.06664430178579504,1.0579454929485088,0.055820680561628325,0.8861258326826751,50.0,52.94118291572823,53.33333416117569,-0.00030133525492210406,-0.00032121078044094787,1.987552551884381e-05,0.03612694635018166,0.02987305552736465,0.3198012044989261,0.03767820964025695,0.02942179148627083,0.10900641805862055,0.03871952322199654,0.029800477652999646,-0.05830188616994487,1442182.8,836412.15,1.0845351920713517,1.8700087032451644,0.06250000727595717,-0.08108104298461394,0.030303091878076893,-0.1052630804995065,0.06250000727595727,-0.08108104298461395,0.030303091878076893,-0.10526308049950654,42.85718087031305,33.333351072812775,42.85718087031305,33.33335107281277,-57.14281912968695,-57.14281912968695,0.001999999795641218,0.001999999795641218,60.44904616594546,49.31651608289628,55.8534835525592,56.15713431220838,0.037327444424425975,0.17647049800335401,BUY,0,0
0.032999999821186066,0.035999998450279236,0.032999999821186066,0.035999998450279236,673838,0.0,0.0,EMP,2021-06-29 00:00:00+10:00,Energy,0.05882342628954751,0.05715831644673874,0.00299999862909317,0.09090904985905984,0.03339999988675117,1.077844268633049,0.03320000059902668,1.0843372831545866,0.03380000051110983,1.0650886954408856,0.03426000043749809,1.0507880324156882,0.03551000040024519,1.0137988748102256,0.03285000034607947,1.0958903522378718,0.06295146829922273,0.9993235787166573,0.05258179984619058,0.8347101952871677,0.06594604403005265,1.04686099471221,0.05593203485549699,0.8878935272966493,59.9999850988357,61.111105362204896,54.83870812683004,-5.4909640262647275e-05,-0.0002679505524052878,0.0002130409121426405,0.03682705981328612,0.029572941384767244,0.7719746731028341,0.03788334300373597,0.029716658018483697,0.5387737969916189,0.03871952322199654,0.029800477652999646,0.39017583200370115,1326805.2,829048.65,0.5078650581110173,0.8127846297077982,0.16129029156886276,0.05882342628954751,0.16129029156886276,0.0,0.16129029156886276,0.058823426289547516,0.16129029156886276,0.0,71.42856382593739,57.14287234812523,71.42856382593739,57.14287234812522,-28.57143617406261,-28.57143617406261,0.0020714282457317624,0.0020952379064900534,68.73376286276617,59.729376564239104,59.359831785039745,57.48456803693502,0.03720089552580467,0.13888896937355932,BUY,0,0
0.035999998450279236,0.035999998450279236,0.03400000184774399,0.03500000014901161,974296,0.0,0.0,EMP,2021-06-30 00:00:00+10:00,Energy,-0.02777773178653753,-0.028170829661421756,-0.000999998301267624,-0.027777731786537547,0.03420000001788139,1.0233918166874836,0.033300000429153445,1.0510510419804635,0.034000000543892385,1.029411752621247,0.03418000042438507,1.023990629445444,0.03519000038504601,0.9946007321979133,0.03286500033922493,1.064962719846332,0.06752528097630775,1.0719306040384267,0.053709668733729496,0.852614558814658,0.06644635629600476,1.054803205713717,0.05480936247829988,0.8700716558134577,66.66666666666666,55.55555785511804,56.66666915019405,5.9012667876709446e-05,-0.0002025579083488883,0.00026157057622559776,0.03707712475830284,0.029522876100004047,0.4500777765610389,0.03789331468487322,0.03010668640291155,0.2568504797990174,0.03843109827480221,0.02992890257396793,0.19289128443516732,1288908.8,877763.45,0.7559076328751887,1.1099755862470693,0.12903228132335287,0.029411713144773755,0.12903228132335287,-0.10256411725952752,0.12903228132335293,0.029411713144773758,0.12903228132335293,-0.1025641172595275,57.14287234812522,57.14287234812523,57.14287234812522,57.14287234812522,-42.85712765187478,-42.85712765187478,0.0020714279796395984,0.0020952377290952774,61.590503055244994,55.813938914946235,61.67098338866204,62.422418522209405,0.03707687760515579,0.057142866266016945,BUY,0,0
0.03400000184774399,0.035999998450279236,0.03400000184774399,0.035999998450279236,149408,0.0,0.0,EMP,2021-07-01 00:00:00+10:00,Energy,0.028571379914575923,0.028170829661421794,0.001999996602535248,0.058823426289547516,0.03519999980926514,1.0227272342428686,0.03350000008940697,1.0746268165432868,0.033950000442564486,1.0603828565829585,0.03418000042438507,1.0532474547482955,0.035020000375807284,1.027983953853666,0.032885000323876735,1.0947239804081985,0.0659332680038468,1.0466581815837042,0.05422226728733839,0.8607518085862212,0.05054670934449005,0.8024041351091121,0.05383904074857247,0.8546682758819732,77.77779617428911,52.94117260350339,58.06451651667963,0.0002273674727265862,-0.00011657283213379341,0.0003439403048603796,0.03763655754873402,0.029363442630079926,0.6043668885186905,0.037704296033566835,0.030195704851562137,0.5460406507755629,0.03843109827480221,0.02992890257396793,0.428124237534447,1260898.6,817052.2,0.11849327138597822,0.1828622455211552,0.16129029156886276,0.05882342628954751,-0.02702708145055155,0.0,0.16129029156886276,0.058823426289547516,-0.027027081450551504,0.0,71.42856382593739,66.66666666666669,71.42856382593739,66.66666666666667,-28.57143617406261,-28.57143617406261,0.002071427713547434,0.002190475662549337,74.29514658549174,68.20946348051575,61.69489766445987,62.75217028304073,0.03695534004291988,0.11111113410673124,BUY,0,0
0.03400000184774399,0.035999998450279236,0.032999999821186066,0.035999998450279236,1195334,0.0,0.0,EMP,2021-07-02 00:00:00+10:00,Energy,0.0,0.0,0.001999996602535248,0.058823426289547516,0.03539999946951866,1.0169491240042872,0.033699999749660495,1.0682492201099174,0.033900000341236594,1.0619468462508588,0.03420000039041042,1.0526315216175708,0.03490000035613775,1.0315185697110754,0.032855000318959354,1.0957235763441775,0.0376552729861893,0.5977589272302325,0.05422226728733839,0.8607518085862212,0.05054670934449005,0.8024041351091121,0.05367527743650364,0.8520686138963108,77.77779617428911,46.666658388239995,47.99999523162671,0.00035667830304797477,-2.1922605097439753e-05,0.00037860090814541454,0.03812718764754861,0.029272811851772378,0.5195168476395363,0.037507010606258065,0.030292990076215127,0.5821990941936349,0.03847617975295635,0.02992382102786449,0.42093605231683784,911394.8,876068.9,1.3115435813327,1.3644292132730655,0.028571379914575923,0.05882342628954751,-0.02702708145055155,0.028571379914575923,0.028571379914575902,0.058823426289547516,-0.027027081450551504,0.028571379914575902,71.42856382593739,66.66666666666667,71.42856382593739,66.66666666666667,-28.57143617406261,-28.57143617406261,0.0019999992634568897,0.0020476184075786954,65.28490319917533,51.851785079376505,48.53572306079905,55.326637110707495,0.036836233231928694,0.027777835266828088,HOLD,0,1
0.03500000014901161,0.03799999877810478,0.03500000014901161,0.03700000047683716,1873584,0.0,0.0,EMP,2021-07-05 00:00:00+10:00,Energy,0.027777835266828088,0.027399030123405072,0.0020000003278255463,0.05714286626601702,0.03599999919533729,1.0277778139958789,0.034199999645352364,1.0818713701906515,0.03400000035762787,1.0882352966957027,0.03416000038385391,1.083138175089881,0.034810000360012056,1.0629129587525332,0.032855000318959354,1.1261604053458458,0.03275727284982384,0.5200055855359317,0.04922670166950982,0.7814496628889465,0.049251581389205615,0.7818446161949709,0.05132197785292027,0.8147111411447501,80.00002235175478,61.53845933414717,50.0,0.0005336977385744929,8.92014636369468e-05,0.0004444962749375461,0.03889515059067352,0.02950484870003121,0.5963601307163664,0.03783885944512583,0.030161141270129904,0.7814822192821328,0.03828775555036005,0.03003224521734777,0.6880253257334332,973292.0,964445.1,1.9249968149332368,1.9426549007299638,0.08823524900167712,0.15624995998223512,0.057142866266016945,-0.05128205862976376,0.08823524900167704,0.156249959982235,0.05714286626601702,-0.05128205862976375,85.71430852218784,76.19047872468754,85.71430852218784,76.19047872468754,-14.285691477812168,-14.285691477812168,0.001928570813366345,0.0021904754851545605,139.3034604479553,145.4317926536776,57.47733881590555,59.91547963901983,0.03099999949336052,0.0,HOLD,0,1
0.03700000047683716,0.039000000804662704,0.03700000047683716,0.039000000804662704,1406665,0.0,0.0,EMP,2021-07-06 00:00:00+10:00,Energy,0.05405406221758269,0.05264374123030809,0.0020000003278255463,0.05405406221758272,0.03659999966621399,1.0655738021949819,0.034999999776482583,1.1142857443921421,0.0343000004068017,1.1370262490413554,0.03420000039041042,1.1403508877034454,0.03476000037044287,1.1219792977282357,0.03287000033073127,1.1864922547080199,0.031288894795957915,0.49669580656900625,0.04755720074162363,0.7549471572762759,0.04826286629406337,0.7661492506395192,0.05132803328301261,0.8148072681173854,75.00002328308223,66.66666666666666,57.69231099877925,0.0008258503396987096,0.00023653123884929944,0.0005893191008494102,0.03998887644617209,0.030011123106793075,0.801783907083249,0.03870573801760186,0.02989426279600154,1.0667908107690054,0.03847617975295635,0.02992382102786449,1.1224974462704682,1119857.4,1019673.8,1.2561108226815307,1.3795245106817493,0.0833334023201937,0.25806456264670574,0.18181821260570508,0.05405406221758269,0.08333340232019368,0.25806456264670585,0.1818182126057051,0.05405406221758272,100.0,85.71429078270842,100.0,85.71429078270842,-0.0,-0.0,0.0020714279796395984,0.0021904754851545605,176.1194549903226,200.99014911380294,61.51994927187553,63.25609690371144,0.031139999479055405,-0.025641077075012952,HOLD,0,1
0.03799999877810478,0.03799999877810478,0.03799999877810478,0.03799999877810478,27315,0.0,0.0,EMP,2021-07-07 00:00:00+10:00,Energy,-0.025641077075012952,-0.025975539190775346,0.0,0.0,0.037199999392032626,1.021505360192116,0.035699999704957006,1.0644257448783232,0.034600000269711016,1.0982658520777568,0.03420000039041042,1.111111062699282,0.03472000036388636,1.0944699994194147,0.032855000318959354,1.15659712096172,0.030538141059053996,0.4847779604668051,0.049651530549280815,0.7881936122827398,0.04807153023599646,0.7631118848806124,0.0513505431408655,0.8151646010329423,74.99998835846431,62.49999126885026,60.0,0.0009655611864415742,0.0003823372283677545,0.0005832239580738196,0.04012718823861299,0.03127281117130102,0.5195168571798836,0.039160701582710095,0.030039298956711934,0.7454990526792366,0.03847617975295635,0.02992382102786449,0.8886433578950578,930461.2,1002726.3,0.02935640948811192,0.027240733588018984,0.08571424618059287,0.2258064322305393,0.18749990541255546,0.0,0.08571424618059292,0.22580643223053923,0.1874999054125555,0.0,87.49997671693946,91.07142841304244,87.49997671693946,91.07142841304244,-12.50002328306055,-12.50002328306055,0.002142856695822307,0.002095237551700501,131.4676345824251,156.9321219951728,61.4075713768628,64.08528615849002,0.031454399532079694,0.0,HOLD,0,1
0.03799999877810478,0.039000000804662704,0.03799999877810478,0.039000000804662704,48076,0.0,0.0,EMP,2021-07-08 00:00:00+10:00,Energy,0.02631584365034545,0.025975539190775342,0.0010000020265579224,0.02631584365034542,0.037799999862909314,1.0317460567752772,0.036499999836087225,1.0684931775288324,0.03490000031888485,1.1174785228743764,0.03426000043749809,1.1383537742742293,0.0347000003606081,1.1239193198665214,0.03285000032745302,1.1872146245328976,0.030339612357757378,0.4816264150363682,0.04907192280686271,0.7789926246163045,0.04796769361476315,0.7614635296200252,0.050871748767153474,0.8075639759810687,71.42857903120142,64.70587848585802,63.99999940395352,0.0011437899467040824,0.0005346277720350202,0.0006091621746690622,0.03993187650922575,0.0330681231629487,0.7284646875988039,0.039794680264285696,0.030005320373484,0.8376442446722807,0.03871952322199654,0.029800477652999646,1.0628940799767008,910194.8,998074.55,0.0528194623832173,0.048168746512973405,0.0833334023201937,0.25806456264670574,0.18181821260570508,0.0833334023201937,0.08333340232019368,0.25806456264670585,0.1818182126057051,0.08333340232019368,100.0,95.83332557231317,100.0,95.83332557231317,-0.0,-0.0,0.0020714282457317624,0.0020476185849734713,130.06759166556998,164.70590555544493,65.97646505718444,65.28587864621483,0.031756223582983016,-0.025641077075012952,HOLD,0,1
0.039000000804662704,0.039000000804662704,0.039000000804662704,0.039000000804662704,0,0.0,0.0,EMP,2021-07-09 00:00:00+10:00,Energy,0.0,0.0,0.0,0.0,0.03840000033378601,1.015625012126596,0.03689999990165234,1.0569105937291976,0.0351000003516674,1.1111111229037363,0.0343000004440546,1.1370262478064421,0.03464000035077333,1.1258660626368047,0.03284500033594668,1.187395354110555,0.030339612357757378,0.4816264150363682,0.03269126588335541,0.5189577574274922,0.046457043864804405,0.7374827082809488,0.05074515235206585,0.8055543201939037,83.33331263729237,73.33333002196431,62.500001940255345,0.0012703932210213903,0.0006817808618322943,0.000588612359189096,0.04048391487034253,0.03331608493296215,0.585951653807749,0.040327458013962404,0.0298725426893724,0.7460606483961636,0.03889369586358485,0.029706305024524357,1.0231414866179196,671128.0,990925.95,0.0,0.0,0.0833334023201937,0.11428573253203411,0.11428573253203411,0.05405406221758269,0.08333340232019368,0.11428573253203404,0.11428573253203404,0.05405406221758272,100.0,95.83332557231317,100.0,95.83332557231317,-0.0,-0.0,0.0018571423632758005,0.001952380474124636,120.47932739538335,154.88336928630832,74.8063772862484,65.04908125675387,0.032045974671850205,0.05128205862976376,BUY,0,0
0.039000000804662704,0.039000000804662704,0.039000000804662704,0.039000000804662704,0,0.0,0.0,EMP,2021-07-12 00:00:00+10:00,Energy,0.0,0.0,0.0,0.0,0.03880000039935112,1.005154649568378,0.03739999979734421,1.0427807758285634,0.03520000036805868,1.107954556729273,0.034320000484585764,1.136363643764483,0.03464000035077333,1.1258660626368047,0.03285500033758581,1.1870339492904243,0.030301737419698896,0.48102516903421993,0.02994744312016986,0.47540092138933,0.04490516981771024,0.7128474715127098,0.050619793149716576,0.8035643045500861,79.9999850988579,78.57143617406261,59.09091063028526,0.0013551064049335676,0.0008164459704525492,0.0005386604344810184,0.04055524381004979,0.03424475578463863,0.507092637170244,0.040652184723068495,0.02974781601304887,0.6969684422193725,0.038987560930528575,0.029652440038642952,1.0026651768687735,296411.2,863218.05,0.0,0.0,0.05405406221758269,0.14705878485858026,0.05405406221758269,0.02631584365034545,0.05405406221758272,0.14705878485858032,0.05405406221758272,0.02631584365034542,100.0,100.0,100.0,100.0,-0.0,-0.0,0.0017857136470930918,0.0018571423632758005,100.31848855546461,132.47665640688635,81.62816309994366,64.79604329782521,0.03232413571716271,-0.05128205862976376,SELL,0,2
0.039000000804662704,0.039000000804662704,0.039000000804662704,0.039000000804662704,0,0.0,0.0,EMP,2021-07-13 00:00:00+10:00,Energy,0.0,0.0,0.0,0.0,0.03880000039935112,1.005154649568378,0.03770000003278255,1.0344827790649793,0.03545000031590462,1.1001410566184222,0.03434000052511692,1.1357018115400836,0.034650000371038915,1.1255411367112018,0.03286500033922493,1.1866727644032775,0.01837047494357337,0.29162224900103073,0.025684993818915376,0.4077366364264876,0.04028255927896283,0.639465804152118,0.050619793149716576,0.8035643045500861,79.9999850988579,78.57143617406261,55.000000931322596,0.0014060343250364565,0.0009343636413693307,0.00047167068366712583,0.04083404383828819,0.034565956227276914,0.4147998089868481,0.041124504700212956,0.02977549593159628,0.6256053830136908,0.03907993070459102,0.029600070345642812,0.9831369035192858,15078.2,832490.4,0.0,0.0,0.0,0.0833334023201937,0.14705878485858026,0.02631584365034545,0.0,0.08333340232019368,0.14705878485858032,0.02631584365034542,100.0,100.0,100.0,100.0,-0.0,-0.0,0.0017857136470930918,0.0016666663189729054,87.0588385852541,119.20291594773613,89.10888512008431,59.275633214342534,0.03259117032066271,0.02564098155475092,HOLD,0,1
0.03700000047683716,0.03700000047683716,0.035999998450279236,0.035999998450279236,419808,0.0,0.0,EMP,2021-07-14 00:00:00+10:00,Energy,-0.07692313570477671,-0.08004277135371322,-0.0010000020265579224,-0.027027081450551504,0.03840000033378601,0.9374999514936163,0.037799999862909314,0.9523809148370843,0.03555000014603138,1.012658180095622,0.034360000491142274,1.0477298584311645,0.034650000371038915,1.0389609831106574,0.03286000032909214,1.0955568499616581,0.03904315827346804,0.6197909231407823,0.0359942511087508,0.5713910223705931,0.04450043180450404,0.7064224547382418,0.050554725666136786,0.8025313902701527,42.85713525451691,64.70587848585802,54.99999068677578,0.0011905955068182775,0.0009856100144591201,0.00020498549235915733,0.040596825455633284,0.035003174270185344,-0.6435872931486463,0.0411872821171763,0.029912718174886457,0.07982540283619381,0.03911969509185789,0.02960030589042666,0.3445594931427721,93576.8,853480.8,4.486240179189713,0.4918774974199771,-0.052631589266732504,0.028571379914575923,0.05882342628954751,0.028571379914575923,-0.05263158926673246,0.028571379914575902,0.058823426289547516,0.028571379914575902,62.49997671693945,87.49999223897983,62.49997671693945,87.49999223897981,-37.50002328306055,-37.50002328306055,0.001928570813366345,0.0016190475296406518,-15.176179110019453,31.6383874898349,85.46261690196394,59.92994199141391,0.03284752354002271,0.16666670116009685,BUY,0,0
0.03799999877810478,0.03799999877810478,0.035999998450279236,0.035999998450279236,259899,0.0,0.0,EMP,2021-07-15 00:00:00+10:00,Energy,0.0,0.0,-0.0020000003278255463,-0.05263158926673246,0.037799999862909314,0.9523809148370843,0.037799999862909314,0.9523809148370843,0.03564999997615814,1.00981762901417,0.034380000457167624,1.0471203598478682,0.034650000371038915,1.0389609831106574,0.03287500032223761,1.0950569763470932,0.03440107209566397,0.5461000895947827,0.03489267586741482,0.5539040575365873,0.04450043180450404,0.7064224547382418,0.050554725666136786,0.8025313902701527,20.00001490114211,53.84614723321263,54.99999068677578,0.0010082363699599473,0.0009901352855592855,1.8101084400661775e-05,0.040596825455633284,0.035003174270185344,-0.6435872931486463,0.0412422880406844,0.030057711911631882,0.06258591654840714,0.03915903613215946,0.029600964782175793,0.33898010043927557,135941.4,866475.75,1.9118458394572957,0.29994953696049775,-0.07692313570477671,0.0,0.05882342628954751,0.028571379914575923,-0.07692313570477667,0.0,0.058823426289547516,0.028571379914575902,49.999968955919265,70.83331522428625,62.49997671693945,74.99998447795963,-50.000031044080735,-37.50002328306055,0.0017142851970025472,0.0017142856404894875,-10.51056409247149,37.74505461509154,81.20805474325334,60.571856019229266,0.03309362263060831,0.0833334023201937,BUY,0,0
0.035999998450279236,0.035999998450279236,0.035999998450279236,0.035999998450279236,96598,0.0,0.0,EMP,2021-07-16 00:00:00+10:00,Energy,0.0,0.0,0.0,0.0,0.037199999392032626,0.9677419096407189,0.037799999862909314,0.9523809148370843,0.035749999806284904,1.0069929691006707,0.03442000038921833,1.0459034876000706,0.03466000035405159,1.0386612256935828,0.03288500030525029,1.094723981028263,0.03440107209566397,0.5461000895947827,0.03489267586741482,0.5539040575365873,0.04450043180450404,0.7064224547382418,0.05036595473059886,0.7995347445690105,25.00002328303887,58.333317811292964,54.99999068677578,0.0008538725291739602,0.0009628827342822204,-0.00010901020510826023,0.040596825455633284,0.035003174270185344,-0.6435872931486463,0.041289333099279325,0.030210666513290487,0.04513154034448587,0.039219489937894335,0.029620510840542326,0.32920127130952204,155261.0,814848.15,0.6221652572120494,0.1185472409798071,-0.07692313570477671,0.0,0.05882342628954751,0.05882342628954751,-0.07692313570477667,0.0,0.058823426289547516,0.058823426289547516,49.999968955919265,54.16663820959267,62.49997671693945,62.49997671693945,-50.000031044080735,-37.50002328306055,0.001571428296821458,0.0017142856404894875,-46.66670557523882,14.468952028297101,76.17536669025486,60.21981690388457,0.033329877757570486,0.16666670116009685,BUY,0,0
0.035999998450279236,0.039000000804662704,0.035999998450279236,0.03799999877810478,242910,0.0,0.0,EMP,2021-07-19 00:00:00+10:00,Energy,0.05555556705336562,0.05406723216293787,0.0020000003278255463,0.05555556705336561,0.03699999898672104,1.0270270221289097,0.03789999969303608,1.0026384983081433,0.03604999966919422,1.0540915153066392,0.0345200003683567,1.1008110768428054,0.0347000003233552,1.095100819135396,0.03291000030003488,1.154664188139327,0.04720242377055925,0.7493152474583012,0.038245003409701016,0.6071206074773172,0.04336685381860011,0.6884274620838461,0.05070517360424846,0.8049196772471883,39.99998509884679,58.333330746327405,59.09090062434162,0.000882745642696102,0.0009468553159649968,-6.410967326889486e-05,0.04064064244241443,0.035159356943657724,0.036487457218343296,0.04138015268748138,0.030719846650907056,0.3658429884133404,0.03940629909009289,0.029633701646620512,0.7121951824737346,203843.0,728932.25,1.1916523991503265,0.33324084645726676,-0.025641077075012952,0.02702698076703114,0.18749990541255546,0.15151512072762818,-0.02564107707501292,0.027026980767031222,0.1874999054125555,0.1515151207276282,83.3333022892526,61.11108006703039,87.49997671693946,70.83331005027279,-16.6666977107474,-12.50002328306055,0.0015714285629136221,0.0017619047846112932,23.809496883540827,60.805071963821796,74.76675862605671,64.92174760833386,0.03355668267945418,0.07894743291707784,BUY,0,0
0.03500000014901161,0.035999998450279236,0.032999999821186066,0.035999998450279236,1868456,0.0,0.0,EMP,2021-07-20 00:00:00+10:00,Energy,-0.052631589266732504,-0.05406723216293791,0.000999998301267624,0.028571379914575902,0.03639999851584434,0.9890109867616892,0.03759999945759773,0.9574467811063974,0.036299999617040155,0.9917355049607193,0.03460000030696392,1.040462373725284,0.03473000030964613,1.036567754947021,0.032930000284686685,1.0932280030079495,0.051668411412340576,0.8202106034089485,0.03739580465185255,0.5936399951157252,0.044668270860711165,0.709086817156289,0.05111047960356711,0.8113537105216663,28.571420968798577,53.84614502890393,59.09090062434162,0.0007357630628348211,0.0009046368653389617,-0.00016887380250414066,0.04045968295940443,0.03474031595579104,-0.5595028283051763,0.04107272965471975,0.031527269579360556,-0.06285735090660464,0.03944873219919461,0.02975126841473322,0.2887349052148226,577534.2,759818.75,3.235230052176997,2.459081195350865,-0.07692313570477671,-0.07692313570477671,0.16129029156886276,0.12499989813659829,-0.07692313570477667,-0.07692313570477667,0.16129029156886276,0.12499989813659824,49.999968955919265,61.11108006703038,62.49997671693945,70.83331005027277,-50.000031044080735,-37.50002328306055,0.0017857144453695842,0.0018571427180653526,-109.52379811986476,-28.701620169718137,53.891307591862116,64.62235091590532,0.039000000804662704,0.13888896937355932,BUY,0,0
0.03500000014901161,0.03500000014901161,0.03500000014901161,0.03500000014901161,28,0.0,0.0,EMP,2021-07-21 00:00:00+10:00,Energy,-0.02777773178653753,-0.028170829661421756,0.0,0.0,0.03619999885559082,0.9668508634111773,0.03729999959468842,0.9383378157997533,0.036499999649822715,0.9589041228711795,0.03468000032007694,1.009227215282043,0.034750000312924384,1.007194239822618,0.032930000284686685,1.0628606087588628,0.04032544415437412,0.6401465804441836,0.0375179410254342,0.5955788499389192,0.0453704915151484,0.7202342244590927,0.05106451419004941,0.8106240322031978,25.000000000000014,46.15385497109607,59.09091063028526,0.0005324490624112194,0.0008301993047534133,-0.0002977502423421939,0.040572784658372996,0.03402721453100384,-0.7027651987287581,0.04062948334644842,0.03237051595319701,-0.3632414149102434,0.039417001487217745,0.029942999152936137,0.06755325102185279,493578.2,701631.25,5.672859943976456e-05,3.990700243183296e-05,-0.02777773178653753,-0.07894733488311956,0.12903228132335287,0.12903228132335287,-0.027777731786537547,-0.0789473348831195,0.12903228132335293,0.12903228132335293,33.333333333333336,55.55553485950174,50.0,66.6666511446263,-66.66666666666667,-50.0,0.0017142859952790396,0.0018571425406705764,-106.43268279986876,-37.97994623567038,52.990486225432036,69.37785870271833,0.03888000078499317,0.19999997871262698,BUY,0,0
0.03500000014901161,0.03500000014901161,0.03500000014901161,0.03500000014901161,0,0.0,0.0,EMP,2021-07-22 00:00:00+10:00,Energy,0.0,0.0,0.0,0.0,0.03599999919533729,0.9722222480922944,0.036899999529123303,0.9485095012369277,0.03669999968260527,0.9536784864224561,0.034700000286102296,1.0086455291191876,0.03478000029921532,1.0063254700374817,0.032935000276193026,1.0626992517231362,0.04032544415437412,0.6401465804441836,0.03576065945425345,0.5676828698137525,0.0453704915151484,0.7202342244590927,0.04926545373478852,0.782064832854052,25.000000000000014,46.15385497109607,59.09091063028526,0.0003670896710547128,0.0007375773780136732,-0.0003704877069589604,0.040226660683166916,0.03357333837507969,-0.5711430446717456,0.0400150376873855,0.03338496167782504,-0.5128144929687942,0.0394337260719439,0.029966274500260695,0.06337499814767561,441598.4,687158.3,0.0,0.0,-0.02777773178653753,-0.10256411725952752,0.12903228132335287,0.029411713144773755,-0.027777731786537547,-0.1025641172595275,0.12903228132335293,0.029411713144773758,33.333333333333336,38.88887854086199,50.0,54.16665890564648,-66.66666666666667,-50.0,0.0015000003789152419,0.0018571425406705764,-106.43269411294106,-49.999978228824816,62.70014300797919,74.41932633559114,0.038762400765717034,0.17142859879805106,BUY,0,0
0.03500000014901161,0.03799999877810478,0.03400000184774399,0.03799999877810478,1855709,0.0,0.0,EMP,2021-07-23 00:00:00+10:00,Energy,0.08571424618059287,0.0822380618243596,0.00299999862909317,0.08571424618059292,0.036399999260902406,1.0439560315848948,0.03679999932646751,1.0326086813478337,0.03684999961405992,1.031207576013273,0.03478000022470951,1.092581901454607,0.0348300002887845,1.091013449986707,0.03295500026084483,1.153087497415502,0.05752008279544608,0.9131030068115716,0.04698274808176666,0.7458280040085091,0.03995054823392819,0.6341952922059881,0.05067539678297326,0.8044469848636191,62.50000582076784,53.333326710596936,63.99999940395352,0.00047266736423803857,0.0006845953752585463,-0.00021192801102050776,0.03989838672504775,0.03370161192788727,0.3872980674357052,0.04011222408172338,0.033587775146396465,0.35251993706875073,0.03959985669191818,0.029960143757500845,0.6680693865682835,793420.6,632801.1,2.338871715707911,2.9325312487604718,0.05555556705336562,-0.025641077075012952,0.08571424618059287,0.11764696214645087,0.05555556705336561,-0.02564107707501292,0.08571424618059292,0.11764696214645079,83.3333022892526,49.9999896519731,87.49997671693946,62.49999223897982,-16.6666977107474,-12.50002328306055,0.0015714288290057863,0.0019999994408516656,-24.56139296009219,8.945689695809886,62.59276340949053,77.13528351143594,0.03864715274682642,0.2105263570669298,BUY,0,0
0.03799999877810478,0.03799999877810478,0.03799999877810478,0.03799999877810478,0,0.0,0.0,EMP,2021-07-26 00:00:00+10:00,Energy,0.0,0.0,0.0,0.0,0.036399999260902406,1.0439560315848948,0.03669999912381172,1.035422334750128,0.037049999460577965,1.0256410075940119,0.03490000016987324,1.0888251745886108,0.03489000026136637,1.0891372454411274,0.03298000025562942,1.1522134167242308,0.052160785375923724,0.8280267977670536,0.04698274808176666,0.7458280040085091,0.039195326166917226,0.622206513562353,0.049876992688031835,0.7917727127779154,62.50000582076784,46.15383954090683,57.1428546086458,0.0005499984074530256,0.0006576759816974422,-0.00010767757424441659,0.03953627225247417,0.03386372599514927,0.4583478372219125,0.04005700977176076,0.03404298914939517,0.31592818754024804,0.03973608856230916,0.030063911777437325,0.6410136367813751,744838.6,554596.2,0.0,0.0,0.0,-0.025641077075012952,0.11764696214645087,0.18749990541255546,0.0,-0.02564107707501292,0.11764696214645079,0.1874999054125555,83.3333022892526,66.66664597061286,83.3333022892526,73.61109300206402,-16.6666977107474,-16.6666977107474,0.0014285716627325331,0.0017619042524269649,42.85709122260388,65.1162216491338,50.98342862139861,72.11150249628618,0.03853420968831361,0.18421061145054285,BUY,0,0
0.03799999877810478,0.03799999877810478,0.03500000014901161,0.03799999877810478,366267,0.0,0.0,EMP,2021-07-27 00:00:00+10:00,Energy,0.0,0.0,0.0,0.0,0.03679999932646751,1.0326086813478337,0.03659999892115593,1.0382513633392378,0.037149999476969245,1.022880196853367,0.03498000010848045,1.08633501029899,0.03496000025421381,1.0869564788840227,0.032995000248774886,1.151689604230742,0.04314859917044082,0.6849627769547658,0.04698274808176666,0.7458280040085091,0.03720323102233386,0.590582983519072,0.0491748940704669,0.780627242750401,62.50000582076784,50.0,59.99999254941924,0.000604317619003758,0.0006470043091587054,-4.268669015494741e-05,0.03912982041681492,0.03407017742549694,0.5533986723376175,0.0401429745439875,0.03415702440995099,0.2839981229721196,0.03988713730033119,0.030072862916629712,0.6154298426055074,444400.8,539217.65,0.8241816846414318,0.6792563262719609,0.05555556705336562,-0.025641077075012952,0.05555556705336562,0.11764696214645087,0.05555556705336561,-0.02564107707501292,0.05555556705336561,0.11764696214645079,83.3333022892526,83.3333022892526,83.3333022892526,84.72219376514822,-16.6666977107474,-16.6666977107474,0.0015714285629136221,0.0018095233965487708,-3.7433358661317766,11.382092103209986,47.55810242741095,66.1088380635051,0.038423525490971056,0.18421061145054285,BUY,0,0
0.03400000184774399,0.03400000184774399,0.03400000184774399,0.03400000184774399,22797,0.0,0.0,EMP,2021-07-28 00:00:00+10:00,Energy,-0.1052630804995065,-0.11122554860967657,0.0,0.0,0.03659999966621399,0.9289618075906679,0.036399999260902406,0.9340660037942287,0.037099999561905864,0.916442109143717,0.03498000010848045,0.9719840406604552,0.03496000025421381,0.9725400915477938,0.033005000250414016,1.030146995600083,0.06773259320649676,1.0752215836673604,0.05255494133886089,0.8342838297012831,0.04402573156785361,0.6988868220973585,0.051519204510271914,0.8178420172683402,30.00000372529246,33.33333333333333,45.454553151426275,0.0003209005211414831,0.000581783551555261,-0.0002608830304137779,0.03941108827582,0.03338891024598481,-0.7970529603304009,0.04027224804041928,0.033927751083392445,-0.9772241156892597,0.03988713730033119,0.030072862916629712,-0.1997087553133713,448954.6,491642.7,0.05077796284969572,0.04636903995523578,-0.028571379914575923,-0.05555546357307506,-0.028571379914575923,0.0,-0.028571379914575902,-0.055555463573075094,-0.028571379914575902,0.0,16.6666977107474,61.11110076308421,16.6666977107474,61.1111007630842,-83.3333022892526,-83.3333022892526,0.001785713913185256,0.0018571423632758005,-138.31602881799722,-135.58546613729965,46.83258618283874,63.938590001804506,0.038315054977575355,0.441176354575741,BUY,0,0
0.035999998450279236,0.03799999877810478,0.03500000014901161,0.03500000014901161,906497,0.0,0.0,EMP,2021-07-29 00:00:00+10:00,Energy,0.029411713144773755,0.028987486785316968,-0.000999998301267624,-0.027777731786537547,0.03659999966621399,0.9562841657979751,0.036299999430775644,0.9641873470482241,0.03704999964684248,0.9446693787484131,0.03498000010848045,1.0005717564456587,0.03496000025421381,1.0011441617421895,0.033015000252053145,1.060124182396001,0.06941333032803657,1.1019024583245736,0.05364278138594554,0.8515527550860998,0.04405534003124733,0.6993568418824138,0.051519204510271914,0.8178420172683402,44.44444904357227,37.499994179232154,50.0,0.00017496504660815398,0.0005004198505658395,-0.00032545480395768556,0.03943404017219672,0.03316595868935457,-0.41479973906611417,0.04032510534070129,0.03377489395298368,-0.625933844417556,0.03988713730033119,0.030072862916629712,0.004075704376958306,630254.0,529497.15,1.4383042392432257,1.711995994690434,0.0,-0.02777773178653753,-0.02777773178653753,0.0,0.0,-0.027777731786537547,-0.027777731786537547,0.0,33.333333333333336,44.44444444444446,33.333333333333336,44.44444444444445,-66.66666666666667,-66.66666666666667,0.0020714279796395984,0.001952380474124636,-29.333334922790808,-39.83739512368113,54.79850855378471,63.80314668530541,0.03820875387444757,0.3428570911592368,BUY,0,0
0.03700000047683716,0.03799999877810478,0.03500000014901161,0.03500000014901161,262000,0.0,0.0,EMP,2021-07-30 00:00:00+10:00,Energy,0.0,0.0,-0.0020000003278255463,-0.05405406221758272,0.03599999994039536,0.972222227971127,0.03619999960064888,0.9668508435117287,0.0369999997317791,0.945945956830651,0.03500000007450581,1.0000000021287372,0.03497000023722649,1.0008578756528914,0.03303000024519861,1.0596427456611772,0.0519487223145079,0.8246604010304378,0.05364278138594554,0.8515527550860998,0.04405534003124733,0.6993568418824138,0.05133973146710464,0.8149929710327767,50.0,37.499994179232154,47.61905184273244,5.863423269619056e-05,0.00041206272699190975,-0.0003534284942957192,0.039438653193598364,0.0329613460076994,-0.37052417530842313,0.04037170874093286,0.03362829072262534,-0.5931708748702056,0.03989897912157325,0.03010102102743836,1.520843497963178e-08,311512.2,482830.45,0.8410585524419268,0.5426335476563253,-0.07894733488311956,-0.02777773178653753,-0.02777773178653753,0.029411713144773755,-0.0789473348831195,-0.027777731786537547,-0.027777731786537547,0.029411713144773758,33.333333333333336,27.7777881258047,33.333333333333336,27.77778812580469,-66.66666666666667,-66.66666666666667,0.0022857135960033964,0.0019999996182464416,-20.155037953785698,-42.34875121192893,54.79850855378471,63.3070304056781,0.03810457879338234,0.600000042574746,BUY,0,0
0.03500000014901161,0.03700000047683716,0.03500000014901161,0.03700000047683716,137503,0.0,0.0,EMP,2021-08-02 00:00:00+10:00,Energy,0.057142866266016945,0.05556985978482676,0.0020000003278255463,0.05714286626601702,0.03580000028014183,1.0335195583046115,0.03609999977052212,1.0249307676464294,0.0369999997317791,1.0000000201367043,0.03508000008761883,1.0547320520074905,0.035000000223517416,1.0571428640156377,0.0330350002553314,1.1200242225173243,0.061523716054978604,0.9766587144841515,0.05383237887373804,0.8545625218975091,0.04551159204787373,0.7224741259757923,0.05172262893314719,0.8210712798694891,60.00000745058493,44.44444214488196,52.173917268759915,0.00012636784643561827,0.00035492375088065143,-0.00022855590444503316,0.03914776603210792,0.03305223350893632,0.2952984674903365,0.04037170874093286,0.03362829072262534,2.2097341582387088e-07,0.03997631230138947,0.03018368787384819,0.3921319363210586,339012.8,396026.4,0.4055982546971678,0.34720665086973995,-0.026315745616387054,-0.026315745616387054,0.0,0.12121214173713679,-0.026315745616387044,-0.026315745616387044,0.0,0.12121214173713674,66.66666666666667,44.44444444444446,66.66666666666667,44.44444444444445,-33.333333333333336,-33.333333333333336,0.0024285707622766495,0.001952380651519412,17.142925667946518,-29.49191217850937,55.81205325834927,71.43704087615723,0.03800248721393841,0.5405405214923069,BUY,0,0
0.03700000047683716,0.03799999877810478,0.03700000047683716,0.03799999877810478,1033204,0.0,0.0,EMP,2021-08-03 00:00:00+10:00,Energy,0.02702698076703114,0.026668202039532737,0.000999998301267624,0.027026980767031222,0.03580000028014183,1.061452471529261,0.03629999980330467,1.0468319279342075,0.0369499996304512,1.0284167566483073,0.0351800000667572,1.080159144570676,0.0350500002130866,1.084165436436053,0.03307000025175512,1.149077668243683,0.06310168464470974,1.0017081892747508,0.05123008208984772,0.8132523411309673,0.04423670058248969,0.7022358513797631,0.051825778060391646,0.8227087215013422,50.0,56.25000436557689,52.173909522409645,0.00025776734737035373,0.0003354924701785919,-7.77251228082382e-05,0.03957278142690332,0.033027218179706025,0.5194355048140497,0.04022510497708637,0.03367489428381604,0.3206001140489561,0.040107059373616305,0.030252940759898095,0.5723492525088504,472400.2,377353.35,2.1871370926599947,2.7380278987850515,0.0,0.05555556705336562,-0.025641077075012952,0.15151512072762818,0.0,0.05555556705336561,-0.02564107707501292,0.1515151207276282,83.3333022892526,61.11110076308421,83.3333022892526,61.1111007630842,-16.6666977107474,-16.6666977107474,0.002285713329911232,0.0018571425406705764,104.27351407045698,39.7823197256806,66.2432409765824,68.7666736847012,0.032999999821186066,0.44736845975024675,BUY,0,0
0.03799999877810478,0.03799999877810478,0.03700000047683716,0.03700000047683716,81329,0.0,0.0,EMP,2021-08-04 00:00:00+10:00,Energy,-0.026315745616387054,-0.026668202039532827,-0.000999998301267624,-0.026315745616387044,0.03640000000596046,1.0164835294169903,0.036499999836087225,1.0136986477532963,0.03689999971538782,1.002710047756657,0.03526000007987022,1.0493477139258516,0.035100000202655794,1.0541310616299542,0.03309000025503337,1.1181625926765906,0.031742194763909916,0.5038917204760934,0.05112296870745498,0.8115519688995784,0.04425725145161325,0.7025620863133262,0.052001606636891406,0.8254999136221234,44.44444904357227,52.941184204759615,45.454543915169026,0.0002780062104247097,0.00032399521822781553,-4.598900780310584e-05,0.039662275789407,0.03333772388276745,0.15811417097392447,0.04013793272871725,0.033662066702058395,0.030884135353532374,0.04017245771020197,0.030347542449538474,0.3542016090323881,484106.6,380054.05,0.167998122727515,0.21399324648691417,0.08823524900167712,0.057142866266016945,-0.026315745616387054,0.12121214173713679,0.08823524900167704,0.05714286626601702,-0.026315745616387044,0.12121214173713674,66.66666666666667,72.22221187419534,66.66666666666667,72.22221187419531,-33.333333333333336,-33.333333333333336,0.0022142846137285233,0.0018095233965487708,73.17075800522646,25.566758794875483,64.06460628266969,61.694318892618675,0.03309999980032444,0.7027027081450552,BUY,0,0
0.03700000047683716,0.03999999910593033,0.03700000047683716,0.03999999910593033,2060000,0.0,0.0,EMP,2021-08-05 00:00:00+10:00,Energy,0.08108104298461405,0.07796150623047923,0.00299999862909317,0.08108104298461395,0.03739999979734421,1.0695186984672322,0.0369999997317791,1.0810810647540234,0.0369499996304512,1.0825439649792463,0.03542000003159046,1.1293054508824125,0.03518000017851591,1.1370096333984085,0.03313500025309622,1.2071827010833545,0.04301692685250728,0.6828725437079444,0.056115585739841885,0.8908073072540647,0.04756681887358512,0.7550998403877585,0.05289872716210332,0.8397412604566976,58.33334109436075,60.00000745058493,54.16666860692261,0.0005300108375268647,0.00036519834208762543,0.0001648124954392393,0.0406514817798663,0.0333485176836919,0.8215840403002261,0.040351237493676334,0.03354876176722607,0.8967321893174063,0.04041942808507201,0.030420571978108903,0.9161046074361247,714807.2,480650.25,2.8818959853789945,4.285860664797324,0.14285711244661004,0.14285711244661004,0.02564098155475092,0.24999991268851285,0.14285711244660995,0.14285711244660995,0.02564098155475083,0.24999991268851277,100.0,83.33332298530644,100.0,83.33332298530642,-0.0,-0.0,0.002428570230092321,0.0019047613300028302,147.22225455982147,110.88268936859919,73.87977909421345,70.74875267212107,0.03319799977988004,0.5,BUY,0,0
0.03999999910593033,0.03999999910593033,0.03799999877810478,0.03799999877810478,1241086,0.0,0.0,EMP,2021-08-06 00:00:00+10:00,Energy,-0.0500000093132259,-0.05129330419094627,-0.0020000003278255463,-0.05000000931322596,0.03799999952316284,0.9999999803932088,0.0369999997317791,1.0270270014479699,0.036899999529123303,1.0298102781305811,0.03553999997675419,1.0692177490984698,0.0352300001680851,1.0786261310475107,0.033170000249519944,1.1456134607250943,0.055182714988466365,0.8759984431730311,0.053427693893674535,0.8481383469980822,0.048989552857005444,0.7776850421993413,0.05348007015066119,0.8489697943016288,69.99999627470754,50.0,47.99999523162671,0.0005618661649452947,0.00040453190665915934,0.00015733425828613534,0.0406514817798663,0.0333485176836919,0.2738611427240953,0.040202310791629926,0.03359768826661668,0.33309980844946874,0.04049217900593494,0.030587820947573428,0.4967507811924872,910624.4,542704.55,1.3628956131638905,2.2868538692001015,0.08571424618059287,0.0,-0.025641077075012952,0.18749990541255546,0.08571424618059292,0.0,-0.02564107707501292,0.1874999054125555,71.42856382593739,79.36507683086803,71.42856382593739,79.36507683086802,-28.57143617406261,-28.57143617406261,0.0023571415139096124,0.00195238029672986,116.33985877785311,93.1075716159122,63.2398919691689,61.97333952098139,0.03347007975292205,0.4210527141338596,BUY,0,0
0.03999999910593033,0.0430000014603138,0.03999999910593033,0.03999999910593033,3312810,0.0,0.0,EMP,2021-08-09 00:00:00+10:00,Energy,0.05263158926673239,0.05129330419094626,0.0,0.0,0.03859999924898148,1.036269427051499,0.037199999764561655,1.0752687999755333,0.036949999444186685,1.0825439704363378,0.035679999962449076,1.1210762093057112,0.03530000016093254,1.1331444454269266,0.03322500024922192,1.2039126803879279,0.054409831936302895,0.8637293050816646,0.05582315145484319,0.8861650568964515,0.050391523811822415,0.7999406411500302,0.053780501227487204,0.8537389897940106,72.7272758060261,60.00000745058493,51.85184929678225,0.0007399651950290645,0.0004716185643331405,0.000268346630695924,0.04128792075765595,0.03311207877146736,0.6849445833465708,0.04041258064270503,0.03348741824566834,0.8808456717343558,0.04073383210369934,0.030626167821198817,0.8547967211298265,1545685.8,708345.05,2.1432622335017895,4.676830875009291,0.08108104298461405,0.05263158926673239,0.02564098155475092,0.2121211915961967,0.08108104298461395,0.05263158926673246,0.02564098155475083,0.21212119159619658,66.66663907192253,79.36506763261998,69.99998137355156,80.47618173316299,-33.333360928077475,-30.00001862644844,0.0023571417800017764,0.002190475662549337,190.960515046589,196.53244608420565,84.66306100995595,71.73859823448115,0.03373127652704238,0.12500006984919465,BUY,0,0
0.03999999910593033,0.04100000113248825,0.03999999910593033,0.04100000113248825,122999,0.0,0.0,EMP,2021-08-10 00:00:00+10:00,Energy,0.025000051222742847,0.024692662563777907,0.0010000020265579224,0.02500005122274275,0.03919999971985817,1.0459184037115752,0.0375,1.09333336353302,0.037049999460577965,1.1066127322380443,0.03587999999523163,1.1426979135433963,0.035360000170767306,1.1595022888711304,0.03328500025905669,1.2317861142672621,0.054322856408032485,0.8623486113739527,0.056055471525935444,0.8898530236925252,0.05063617812370181,0.8038244079485053,0.05299876577728052,0.8413293242402706,75.00000776102259,65.00000838190647,53.571429996922646,0.000950841061799837,0.0005674630638264798,0.0003833779979733571,0.0422375559176976,0.032762444082302396,0.7387777987830512,0.04085995825782188,0.03324004066333405,1.0367570575219018,0.040969243906631606,0.030790756083831652,1.0060435747219243,1363644.8,714495.0,0.09019870863732256,0.17214816058894744,0.07894743291707784,0.07894743291707784,0.05128205862976376,0.3225807033083823,0.07894743291707788,0.07894743291707788,0.05128205862976375,0.3225807033083823,77.77777317865376,71.95765869217125,80.0,73.80951506649632,-22.222226821346247,-20.0,0.0023571420460939407,0.0022380948066711426,143.11116591796042,165.09437626623034,83.68071944420183,71.06651913776909,0.034287400023038664,0.31707316851559186,BUY,0,0
0.03999999910593033,0.03999999910593033,0.03700000047683716,0.03700000047683716,495423,0.0,0.0,EMP,2021-08-11 00:00:00+10:00,Energy,-0.09756098890644926,-0.10265416879425698,-0.00299999862909317,-0.07499996740370916,0.03919999971985817,0.943877569930019,0.037799999862909314,0.9788359950006998,0.037099999561905864,0.997304606839635,0.03600000001490116,1.0277777905978354,0.03539000015705824,1.0454930859743954,0.03331000025384128,1.1107775501313708,0.07409874788462824,1.1762811561839983,0.0543365045434629,0.8625652688072043,0.0525407997579701,0.8340593390641892,0.055017071120358446,0.8733689282857331,50.0,54.16666860692261,46.87499890860616,0.0007861330297671762,0.0006111970570146191,0.00017493597275255708,0.04188792215206321,0.03371207757375542,-0.1956982861916726,0.040878052005006764,0.03332194711880496,-0.026468421647061514,0.04089897899989336,0.031101021029908964,0.20412426038149054,1446463.6,718275.75,0.34250637209259877,0.6897392818844295,0.0,0.08823524900167712,0.027777835266828088,0.19354842198502942,0.0,0.08823524900167704,0.027777835266828067,0.1935484219850294,33.333319535961266,59.259243928845855,40.0,63.33332712451719,-66.66668046403873,-60.0,0.0026428563786404474,0.002428571028368814,19.20905253285409,45.75165426126717,80.17937058984276,68.6460332857862,0.034810156109275174,0.37837833483955885,BUY,0,0
0.03799999877810478,0.03999999910593033,0.03799999877810478,0.03999999910593033,573164,0.0,0.0,EMP,2021-08-12 00:00:00+10:00,Energy,0.08108104298461405,0.07796150623047923,0.0020000003278255463,0.05263158926673246,0.03919999971985817,1.0204081477497278,0.03829999975860119,1.044386406215247,0.03729999959468842,1.072386046664365,0.03605999998748302,1.109262316134635,0.035460000149905684,1.1280315549021993,0.033370000245049596,1.1986814148095275,0.07409874788462824,1.1762811561839983,0.05868672287737182,0.9316228439693448,0.05537320621485497,0.8790223976448148,0.049135366724982456,0.7799997655935708,56.25000145519163,54.16666860692261,56.25000291038393,0.0008874456243157663,0.0006664467704748486,0.0002209988538409177,0.04207712351790153,0.03452287599930085,0.4500777458359054,0.041252346689394495,0.03334765249998234,0.6831382584941468,0.04108093519500762,0.03103906477995842,0.7847141927947299,1149096.4,733939.0,0.49879540132577216,0.7809422853942902,0.0,0.14285711244661004,0.11111113410673124,0.08108104298461405,0.0,0.14285711244660995,0.11111113410673122,0.08108104298461395,66.66663907192253,59.259243928845855,69.99998137355156,63.33332712451719,-33.333360928077475,-30.00001862644844,0.0025714279285499026,0.0024285708509740375,71.03822840634128,97.2222003125058,77.94959517938675,71.77784337682968,0.03530154683033749,0.275000004656613,BUY,0,0
0.039000000804662704,0.039000000804662704,0.03700000047683716,0.03700000047683716,225000,0.0,0.0,EMP,2021-08-13 00:00:00+10:00,Energy,-0.07499996740370918,-0.07796150623047916,-0.0020000003278255463,-0.05128205862976375,0.03900000005960465,0.9487179594945938,0.03849999979138374,0.9610389786318315,0.03734999969601631,0.9906292042295122,0.03605999998748302,1.0260676785823746,0.03549000013619661,1.042547205828283,0.033410000251606106,1.1074528643578347,0.0791738735572029,1.2568462785961902,0.06524396953371858,1.035715907597365,0.05831611311907732,0.9257395964459388,0.05035055261953041,0.7992902436356956,50.0,48.14815070321775,51.42857477373112,0.0007173921183015047,0.00067663584004018,4.075627826132476e-05,0.041662277053637474,0.03533772252913001,-0.47434149195303243,0.04125815506082356,0.03344184433120906,-0.0895561170190103,0.04108093519500762,0.03103906477995842,0.18721621580485834,945879.2,740359.1,0.237873927241449,0.3039065772271861,-0.026315745616387054,0.057142866266016945,0.027777835266828088,0.0,-0.026315745616387044,0.05714286626601702,0.027777835266828067,0.0,33.333319535961266,44.44442604794836,40.0,49.99999379118386,-66.66668046403873,-60.0,0.0027857135449137005,0.002476189817701067,-4.402484314475039,19.504684904658976,76.34968246106315,70.20843796665535,0.03576345410813607,0.2972972918549448,BUY,0,0
0.03799999877810478,0.03799999877810478,0.03700000047683716,0.03700000047683716,169023,0.0,0.0,EMP,2021-08-16 00:00:00+10:00,Energy,0.0,0.0,-0.000999998301267624,-0.026315745616387044,0.03840000033378601,0.9635416707088653,0.03849999979138374,0.9610389786318315,0.03729999978095293,0.991957123166822,0.03609999999403954,1.0249307613004492,0.0355400001257658,1.041080482439641,0.03345500024966896,1.1059632401946635,0.07324337059852709,1.1627024627270566,0.06287313316746637,0.9980800470513765,0.05698925869192416,0.9046764354045448,0.049715348221921314,0.7892066864290859,40.000004967053535,48.14815070321775,51.42857477373112,0.0005759839056886026,0.0006565054531698645,-8.052154748126189e-05,0.041662277053637474,0.03533772252913001,-0.47434149195303243,0.04119871679002881,0.033401282771877046,-0.07694821230096885,0.04111833318446192,0.03108166680361716,0.17934251247312435,317121.8,736664.75,0.5329907940734444,0.2294435833939387,-0.07499996740370918,0.0,-0.026315745616387054,0.057142866266016945,-0.07499996740370916,0.0,-0.026315745616387044,0.05714286626601702,33.333319535961266,44.44442604794836,40.0,49.99999379118386,-66.66668046403873,-60.0,0.0026428563786404474,0.002523808784428097,-21.212126505415622,1.5102541661789735,77.71261375409294,69.85444551221264,0.036197646949266735,0.27027021040439325,BUY,0,0
0.039000000804662704,0.039000000804662704,0.03799999877810478,0.03799999877810478,550001,0.0,0.0,EMP,2021-08-17 00:00:00+10:00,Energy,0.02702698076703114,0.026668202039532737,-0.0010000020265579224,-0.02564107707501292,0.037799999862909314,1.0052909766116618,0.03849999979138374,0.9870129606236814,0.03739999979734421,1.0160427535832013,0.03619999997317791,1.0497237239298498,0.03560000009834766,1.0674156930653635,0.03350500023923814,1.134159036166861,0.07351343208002448,1.166989555839495,0.06287313316746637,0.9980800470513765,0.05587329052787927,0.8869609900057761,0.049081681798692385,0.7791475438088726,50.0,58.33332945282143,50.0,0.0005384020206293111,0.0006328847666617538,-9.448274603244275e-05,0.041662277053637474,0.03533772252913001,-0.1581142233311365,0.04126073242691129,0.03353926716777712,0.15541065345098878,0.041165184291766084,0.031234815654589736,0.362524065458801,402522.2,670742.0,1.3663867483582273,0.8199889078065784,-0.0731707871102052,0.0,0.05555556705336562,0.15151512072762818,-0.07317078711020517,0.0,0.05555556705336561,0.1515151207276282,37.49997671693945,34.722205262954,49.99998137355156,43.33332712451719,-62.50002328306055,-50.00001862644844,0.002499999478459358,0.0024761896403062912,13.182658856436527,46.66665618066294,78.95710915802144,70.48146602654872,0.03660578821992956,0.2105263570669298,BUY,0,0
0.03799999877810478,0.03799999877810478,0.03799999877810478,0.03799999877810478,53012,0.0,0.0,EMP,2021-08-18 00:00:00+10:00,Energy,0.0,0.0,0.0,0.0,0.03799999952316284,0.9999999803932088,0.038599999621510506,0.9844559365469174,0.03754999972879887,1.0119839960733952,0.03631999991834164,1.0462554753177393,0.03566000007092953,1.0656197056231318,0.03356500023044646,1.1321316406140043,0.05637011542560474,0.8948478407529362,0.06211196487689969,0.985996875035131,0.05537936110674047,0.879120103524468,0.04883585758422544,0.7752452053825686,41.666664079659135,56.52173772200712,53.12500181899017,0.0005028218882252578,0.0006068721909744546,-0.00010405030274919687,0.0416110900660698,0.03558890917695121,-0.19926364034991317,0.04124779335123055,0.03385220610636719,0.12169393299185598,0.04115929432624887,0.03148070551043441,0.3471578123079448,314040.0,673391.2,0.1688065214622341,0.07872392748821191,0.02702698076703114,0.02702698076703114,0.08571424618059287,0.18749990541255546,0.027026980767031222,0.027026980767031222,0.08571424618059292,0.1874999054125555,37.49997671693945,36.11109098994673,44.444412250576285,44.814797874709285,-62.50002328306055,-55.555587749423715,0.002214285412005016,0.0022380944518815902,-14.675111377603287,26.013468789838747,76.81787074869138,79.23448533890675,0.036989441014352614,0.3157895356003948,BUY,0,0
0.03799999877810478,0.03799999877810478,0.03799999877810478,0.03799999877810478,748925,0.0,0.0,EMP,2021-08-19 00:00:00+10:00,Energy,0.0,0.0,0.0,0.0,0.03759999945759773,1.0106382799541829,0.03839999958872795,0.9895833121117901,0.03769999966025352,1.0079575363542388,0.03641999989748001,1.0433827261140134,0.03572000004351139,1.063829751730573,0.033615000220015644,1.1304476730444328,0.038390009476979216,0.609422507432999,0.055983372278911224,0.8887084836284787,0.05537936110674047,0.879120103524468,0.04868773961060872,0.7728939054452365,36.3636209698695,56.52173772200712,54.83870928977194,0.0004692155521454494,0.0005793408632086536,-0.00011012531106320415,0.04125968100622444,0.03554031817123147,-0.13987600443036485,0.041200374697323905,0.03419962462318314,0.08570485010153125,0.04118535045503467,0.031654649339925345,0.33155984256393284,349192.2,710837.45,2.1447357644300187,1.05358123717314,-0.0500000093132259,-0.0500000093132259,0.08571424618059287,0.15151512072762818,-0.05000000931322596,-0.05000000931322596,0.08571424618059292,0.1515151207276282,37.49997671693945,37.49997671693945,44.444412250576285,46.29626862490138,-62.50002328306055,-55.555587749423715,0.001999999795641218,0.0021904754851545605,-26.29114076725096,20.664160494195972,76.81787074869138,79.23444546488498,0.03735007464111029,0.2631579463336624,BUY,0,0
0.03999999910593033,0.04100000113248825,0.03999999910593033,0.04100000113248825,2504831,0.0,0.0,EMP,2021-08-20 00:00:00+10:00,Energy,0.07894743291707784,0.0759859667547241,0.0010000020265579224,0.02500005122274275,0.03839999958872795,1.0677083742605953,0.038699999824166297,1.0594315586246001,0.037849999777972695,1.0832232859443434,0.03653999991714954,1.1220580521469972,0.03582000005990267,1.1446119783339737,0.03368500022217631,1.2171589984285098,0.034340353749050576,0.5451362157238343,0.058903684301992686,0.9350669998111913,0.05488257672411306,0.8712338959345507,0.04918953379860304,0.78085964122986,70.00000745058216,58.33333592034087,58.823533278849126,0.0006768550430064357,0.00059884369916821,7.80113438382257e-05,0.041972783623113775,0.03542721602521882,0.7027660394376283,0.04164889103423808,0.03405110852170731,0.8291896614098564,0.041459100087989045,0.031620899746310036,0.906670134870939,805158.4,743293.55,3.1109791563995355,3.3699081607798154,0.10810812443516538,0.07894743291707784,0.07894743291707784,0.17142859879805106,0.10810812443516545,0.07894743291707788,0.07894743291707788,0.17142859879805106,66.66666666666667,47.222206700181864,77.77777317865376,55.55553255993544,-33.333333333333336,-22.222226821346247,0.0020714285118239267,0.002333332740125202,127.83281562051927,150.8621436319138,81.3799764377456,82.68945344900916,0.037689070250262496,0.17073168515591797,BUY,0,0
0.039000000804662704,0.039000000804662704,0.03700000047683716,0.03700000047683716,200365,0.0,0.0,EMP,2021-08-23 00:00:00+10:00,Energy,-0.09756098890644926,-0.10265416879425698,-0.0020000003278255463,-0.05128205862976375,0.03839999958872795,0.9635416894040344,0.03839999996125698,0.9635416800564498,0.037799999862909314,0.9788359950006998,0.03653999991714954,1.012588958969092,0.03577000007033348,1.0343863685794008,0.03373000022023916,1.096946345545408,0.06416218564443607,1.0185431207372184,0.06539317842030917,1.0380845252412823,0.05951493613091215,0.9447703217777171,0.050645297343525866,0.8039691710753376,36.363642521141024,48.14815121423083,48.57143070016633,0.0005127337366147428,0.0005816217066575166,-6.888797004277387e-05,0.041693090809876966,0.035106909112636996,-0.4251323600764037,0.041616859400668726,0.0339831403251499,-0.2095962343277045,0.041459100087989045,0.031620899746310036,0.09351315153419884,811426.8,753311.8,0.24692923625396646,0.2659788416960945,0.0,-0.07499996740370918,-0.026315745616387054,0.0,0.0,-0.07499996740370916,-0.026315745616387044,0.0,0.0,34.72221446120205,33.333319535961266,51.85183498839711,-100.0,-66.66668046403873,0.0022857143942798886,0.002333332917519978,-66.22656115907893,-15.275953083747922,78.47489608104054,79.42350873257898,0.0430000014603138,0.3513513540725275,BUY,0,0
0.03799999877810478,0.041999999433755875,0.03799999877810478,0.03999999910593033,1000000,0.0,0.0,EMP,2021-08-24 00:00:00+10:00,Energy,0.08108104298461405,0.07796150623047923,0.0020000003278255463,0.05263158926673246,0.03879999965429306,1.0309278211940525,0.03829999975860119,1.044386406215247,0.037899999879300594,1.0554089507471651,0.03665999986231327,1.0911074537959997,0.03580000005662441,1.1173184090129282,0.03379500021226704,1.1836070085719654,0.07339029545139701,1.1650348224597078,0.07053156892916151,1.1196539457946297,0.062188988425803185,0.9872195859680966,0.050456624358027224,0.8009740802828645,63.636357478858976,55.17241157830534,52.63157997930502,0.0006176216779550034,0.000588821700917014,2.8799977037989393e-05,0.04128886779227287,0.03531113172492951,0.5687769845230566,0.041841679363982684,0.033958320394618505,0.5327676272996374,0.04161876821962878,0.031701231504997755,0.6735541979269238,901426.6,784998.45,1.1093526638774582,1.273887865638461,0.05263158926673239,-0.02439029265698056,0.05263158926673239,0.17647049800335401,0.05263158926673246,-0.024390292656980547,0.05263158926673246,0.17647049800335407,49.999968955919265,38.88887854086198,66.66663907192253,59.259243928845855,-50.000031044080735,-33.333360928077475,0.0025714287268263952,0.002571428105944679,70.7526481565094,102.72186933236388,80.68307782317889,80.81444649465901,0.042880001440644265,0.12500006984919465,BUY,0,0
0.03999999910593033,0.041999999433755875,0.03999999910593033,0.041999999433755875,154700,0.0,0.0,EMP,2021-08-25 00:00:00+10:00,Energy,0.05000000931322601,0.04879017303917102,0.0020000003278255463,0.05000000931322596,0.03959999978542328,1.0606060520539708,0.03879999965429306,1.0824742218550187,0.03829999975860119,1.096605736252616,0.036819999814033506,1.1406844010289232,0.0358500000461936,1.1715480998504282,0.03386500020511449,1.2402184904582636,0.07465787406264851,1.1851570090952843,0.06292442059212044,0.9988942096774944,0.05727065933520256,0.9091435321298743,0.050859414123624616,0.8073681695853407,69.23076482214175,53.57142904659314,55.00000186264554,0.0008523046019888181,0.0006415182811313749,0.00021078632085744318,0.042427058320774716,0.0351729409878114,0.8822575187533146,0.04219871723034834,0.03440128228685404,0.9490299571506491,0.04194202074906481,0.031697978879002206,1.0113194938924457,921764.2,791593.6,0.16783034099176342,0.19542856334361472,0.10526317853346501,0.13513510520219674,0.23529403386025738,0.23529403386025738,0.10526317853346492,0.13513510520219668,0.23529403386025735,0.23529403386025735,83.3333022892526,44.444423748390626,88.88886589326877,62.96294150038418,-16.6666977107474,-11.111134106731228,0.002500000276735851,0.0025238091392176492,122.40434978181261,145.83333089557644,77.31319790487049,82.89778997929949,0.042762401421368126,0.23809528033209015,BUY,0,0
0.03999999910593033,0.03999999910593033,0.039000000804662704,0.039000000804662704,130070,0.0,0.0,EMP,2021-08-26 00:00:00+10:00,Energy,-0.07142853975093244,-0.07410793803934201,-0.000999998301267624,-0.024999958090483207,0.03980000019073486,0.9798995130090882,0.038699999824166297,1.0077519633555416,0.03849999979138374,1.0129870393763187,0.036919999793171884,1.0563380558814495,0.035870000049471856,1.0872595693023126,0.033925000205636026,1.1495947109289497,0.0860089781407739,1.3653502000756697,0.06348898521876081,1.007856395284181,0.060047183945247766,0.9532194938932556,0.05200736591814792,0.8255913393777347,53.333339956071384,51.724141474711445,56.41025616533261,0.000787143986851313,0.0006706434222753626,0.0001165005645759504,0.042233962025982015,0.03516603762235058,0.08489082886689346,0.042083587935022704,0.03491641164774478,0.13952524487683846,0.04201245096608676,0.03182754862025701,0.40844790472487663,797993.2,752772.25,0.16299637641022505,0.1727879846792971,0.02631584365034545,-0.024999958090483165,0.11428573253203411,0.14705878485858026,0.02631584365034542,-0.024999958090483207,0.11428573253203404,0.14705878485858032,33.333333333333336,55.55553485950174,50.0,68.51850165506376,-66.66666666666667,-50.0,0.0025714287268263952,0.0024761901724906195,12.820538537506584,43.39184148147614,86.01294709350185,82.28673516733369,0.04264715340247751,0.41025637351784794,BUY,0,0
0.039500001817941666,0.041999999433755875,0.039500001817941666,0.041999999433755875,1505952,0.0,0.0,EMP,2021-08-27 00:00:00+10:00,Energy,0.07692304018451468,0.07410793803934207,0.002499997615814209,0.06329107596847405,0.039999999850988385,1.0499999897554517,0.03919999971985817,1.071428564640506,0.03884999975562096,1.0810810733062917,0.03707999974489212,1.1326860766643208,0.03592000003904104,1.1692650163726768,0.03400500020012259,1.235112459537773,0.08559650428505847,1.3588023806084357,0.0618891912256128,0.9824604529553534,0.06199649533624579,0.9841638529036925,0.05301240289017618,0.8415458066962076,61.11111341067312,53.33333416117569,58.53658580907685,0.0009664380509663839,0.000729802348013567,0.00023663570295281695,0.04306436688576679,0.03533563255394955,0.7245687569750754,0.04236088491679494,0.035339114594446976,0.8972095450372428,0.04229911673361264,0.031860882756171605,0.9426881404453639,598217.4,814969.85,2.51739919300241,1.847862224596407,0.02439020179624407,0.13513510520219674,0.19999997871262698,0.23529403386025738,0.02439020179624407,0.13513510520219668,0.19999997871262695,0.23529403386025735,100.0,72.22221187419532,87.49997671693946,75.46294753673608,-0.0,-12.50002328306055,0.0024285712944609778,0.00242857120576359,109.8412893941156,122.68043177162477,82.65108544108418,83.1279173476097,0.0425342103439647,0.21428570795018653,BUY,0,0
0.04100000113248825,0.04100000113248825,0.03999999910593033,0.04100000113248825,50030,0.0,0.0,EMP,2021-08-30 00:00:00+10:00,Energy,-0.02380948368451441,-0.024097510475393182,0.0,0.0,0.040799999982118605,1.0049019889817965,0.03959999978542328,1.0353535695618945,0.03904999978840351,1.0499360142036114,0.037259999737143515,1.1003757762138797,0.03598000004887581,1.1395219865701276,0.034070000201463696,1.2034047810403838,0.06729966774182312,1.0683491049728393,0.06295772198328586,0.9994228528735115,0.061465963660372665,0.9757419236416768,0.0523712204486779,0.8313673509848536,57.894744065660795,50.0,57.14285967706872,0.0010161251250184744,0.0007870669034145485,0.00022905822160392594,0.043275746631729936,0.03592425293911662,0.38087534468584927,0.04257285756218203,0.03552714201462499,0.553528262934448,0.04238393325717136,0.03213606621711567,0.7299082590994292,568150.4,810596.2,0.08805766923687812,0.06172000312856143,0.10810812443516538,0.10810812443516538,0.10810812443516538,0.28124997453414946,0.10810812443516545,0.10810812443516545,0.10810812443516545,0.28124997453414957,80.00002980232861,71.11112104522066,75.0,70.83332557231314,-19.999970197671395,-25.0,0.0024999997445515226,0.00238095223903656,83.17463597292479,88.06322380025858,83.45731936467843,82.85526587834119,0.04242352614662215,0.34146337031183593,BUY,0,0
0.04100000113248825,0.041999999433755875,0.04100000113248825,0.04100000113248825,509970,0.0,0.0,EMP,2021-08-31 00:00:00+10:00,Energy,0.0,0.0,0.0,0.0,0.041000000387430194,1.0000000181721476,0.03990000002086162,1.0275689501516665,0.03919999990612268,1.0459183987417415,0.03745999976992607,1.0945008378084453,0.0360300000756979,1.1379406340923823,0.034135000202804806,1.2011132529338424,0.058917940119099274,0.9352933038919917,0.06282656243571032,0.9973407596037717,0.06129834603235805,0.9730810762872136,0.05209954849294184,0.8270546923864446,50.0,57.69231099877925,55.00000186264554,0.001043473970785573,0.0008383483168887536,0.00020512565389681952,0.043483915174342254,0.03631608486738099,0.30692721912189475,0.04278945830719188,0.03561054150505349,0.5014687524528494,0.04236247741941471,0.03255752212043743,0.7220841410529284,470144.4,784434.5,1.0847092935702307,0.6501116409336917,0.025000051222742847,0.07894743291707784,0.07894743291707784,0.3225807033083823,0.02500005122274275,0.07894743291707788,0.07894743291707788,0.3225807033083823,80.00002980232861,86.66668653488576,66.66666666666667,76.38888112786871,-19.999970197671395,-33.333333333333336,0.0022857138620955603,0.0023333330949147544,102.00700540421198,110.56960831502514,89.7220704281818,83.28854549103596,0.04231505563322645,0.34146337031183593,BUY,0,0
0.041999999433755875,0.041999999433755875,0.041999999433755875,0.041999999433755875,372222,0.0,0.0,EMP,2021-09-01 00:00:00+10:00,Energy,0.02439020179624407,0.024097510475393154,0.0,0.0,0.041000000387430194,1.024390220411614,0.040300000086426736,1.042183606543011,0.03944999985396862,1.0646387728574536,0.03767999976873398,1.114649673342263,0.03610000006854534,1.1634348851525715,0.034205000195652244,1.2278906356823949,0.055166978807727175,0.8757486390481,0.06289383163366116,0.9984086250158078,0.060956269981738795,0.9676507873307554,0.05214741555162297,0.827814558386019,69.23077584371424,54.16666860692261,55.00000186264554,0.0011327816321482637,0.0008972349799406555,0.00023554665220760812,0.04383396228824253,0.03676603788461094,0.4810462733460069,0.043090416416287004,0.03580958329165023,0.7004691732759553,0.042382409141804946,0.03297759039566301,0.918677920676367,513648.8,798979.15,0.7246624541904897,0.4658719817657319,0.0,0.10526317853346501,0.13513510520219674,0.3548387135538922,0.0,0.10526317853346492,0.13513510520219668,0.3548387135538921,100.0,86.66668653488576,83.3333022892526,74.99998965197308,-0.0,-16.6666977107474,0.002142856695822307,0.0023333330949147544,110.39997475942108,128.0201003804761,89.48493740450004,82.6538938092358,0.04220875453009866,0.19047622426567212,BUY,0,0
0.041999999433755875,0.041999999433755875,0.039000000804662704,0.04100000113248825,1546214,0.0,0.0,EMP,2021-09-02 00:00:00+10:00,Energy,-0.02380948368451441,-0.024097510475393182,-0.000999998301267624,-0.023809483684514385,0.0414000004529953,0.9903381807697997,0.04060000032186508,1.0098522366367508,0.039499999955296516,1.0379747133896033,0.03787999980151653,1.082365399876449,0.03615000009536743,1.1341632371874417,0.034280000198632476,1.1960326982181246,0.042039279419134275,0.6673528718363111,0.06383607221896699,1.0133662305992748,0.058825329553429034,0.9338231567387489,0.05232502279491513,0.8306339859667878,54.54546686047221,59.09091370903915,55.00000186264554,0.001110070885454971,0.0009398021610435188,0.00017026872441145216,0.04375524244550386,0.0374447581982263,0.12677341229264177,0.043199217799589885,0.03580078211100315,0.4054914417937631,0.04226252553998385,0.03349747406304921,0.7119185413073842,796877.6,773289.85,1.940340649555214,1.9995270854777158,0.05128205862976376,0.07894743291707784,0.025000051222742847,0.3225807033083823,0.05128205862976375,0.07894743291707788,0.02500005122274275,0.3225807033083823,80.00002980232861,86.66668653488576,66.66666666666667,72.22221187419531,-19.999970197671395,-33.333333333333336,0.002142856695822307,0.00242857120576359,43.50284833132934,55.69550139559146,75.73051743377107,75.3037829412269,0.04210457944903343,0.34146337031183593,BUY,0,0
0.03999999910593033,0.04600000008940697,0.039000000804662704,0.04600000008940697,2655006,0.0,0.0,EMP,2021-09-03 00:00:00+10:00,Energy,0.12195119070269334,0.11506930410675266,0.006000000983476639,0.15000002793967787,0.04220000058412552,1.0900473803953192,0.041100000217556956,1.1192214074431281,0.03990000002086162,1.1528822071517788,0.03809999980032444,1.2073490900389783,0.036220000088214875,1.2700165648087414,0.034360000202432274,1.3387660016995786,0.06052176145694683,0.9607531783359329,0.07017049355585923,1.113922051940784,0.0630980428361276,1.001650377355766,0.05199640590822732,0.8254173546140344,64.28572568967141,66.66667126579196,57.14285967706872,0.0014784875005867254,0.00104753922895216,0.0004309482716345653,0.04576190215733791,0.036438098277776006,1.051073131769959,0.04452942552337158,0.035270574518351666,1.3176581122729116,0.04296973156886819,0.03323026803178069,1.6222660024342463,1026688.4,843985.85,2.5859900628077614,3.145794446672299,0.09523811213283606,0.12195119070269334,0.2105263570669298,0.3142857112446611,0.09523811213283605,0.12195119070269331,0.21052635706692985,0.314285711244661,100.0,93.33334326744288,100.0,83.33332298530642,-0.0,-0.0,0.002571428194642067,0.002619047427461261,163.61444157971158,174.99999533386477,82.83091151132882,76.54444773720621,0.03700000047683716,0.43478259813244713,BUY,0,0
0.04500000178813934,0.04500000178813934,0.04399999976158142,0.04500000178813934,816117,0.0,0.0,EMP,2021-09-06 00:00:00+10:00,Energy,-0.021739093463565173,-0.021978868925975913,0.0,0.0,0.04300000071525574,1.0465116520840902,0.04190000034868717,1.073985713929697,0.040150000154972075,1.1207970514183587,0.038319999799132344,1.1743215559504845,0.03629000011831522,1.2400110675510376,0.034455000208690766,1.3060514153411253,0.060155249625731794,0.9549349833881857,0.06019037688237689,0.955492611300123,0.0627364407864276,0.9959101227733013,0.05191043651794463,0.8240526328517233,75.00002328308223,62.96297267222747,58.53659112775559,0.0016705121921063576,0.0011721338215829997,0.0004983783705233579,0.046163541083536014,0.037636459613838325,0.7270955368418864,0.045311599747178105,0.034988400562766045,0.9396315127757544,0.04342206073599253,0.03321793886227216,1.309275226555386,1179905.8,719151.2,0.6916797934207968,1.1348336761448776,0.09756098890644926,0.21621624887033097,0.12500006984919465,0.32352939242929013,0.09756098890644924,0.2162162488703309,0.12500006984919465,0.3235293924292902,88.88890728538499,89.62964569590456,88.88890728538499,85.18519131735056,-11.111092714615019,-11.111092714615019,0.002571428194642067,0.002619047427461261,182.23252959487758,188.6871633002866,83.38188638989925,83.04118474537816,0.03718000046908856,0.3999999668863097,BUY,0,0
0.04399999976158142,0.04500000178813934,0.04399999976158142,0.04500000178813934,220103,0.0,0.0,EMP,2021-09-07 00:00:00+10:00,Energy,0.0,0.0,0.0010000020265579224,0.02272731890855767,0.04380000084638595,1.0273972812457697,0.04240000061690807,1.06132078144816,0.04035000018775463,1.1152416748140659,0.03849999986588955,1.1688312193478396,0.03638000015169382,1.2369434194750597,0.034545000214129686,1.3026487627501395,0.060155249625731794,0.9549349833881857,0.05660535855639593,0.8985822096831947,0.0626241244390478,0.9941271560332968,0.051374511274108955,0.8155450833526582,66.66669426143365,62.96297267222747,56.41026155365661,0.0018019217117629799,0.0012980913996189958,0.0005038303121439841,0.046842222564176174,0.03795777866963997,0.5852929462090993,0.045942288827271464,0.03475771154823779,0.8315024313170046,0.043894631250129684,0.03310536848164941,1.2049019588694951,1121932.4,724006.4,0.19618205161023963,0.30400698115375774,0.09756098890644926,0.12500006984919465,0.09756098890644926,0.25000010348029056,0.09756098890644924,0.12500006984919465,0.09756098890644924,0.2500001034802905,88.88890728538499,92.59260485692334,88.88890728538499,92.59260485692333,-11.111092714615019,-11.111092714615019,0.0026428569108247757,0.00242857120576359,151.14506502782737,164.6537242828814,83.73407456482121,78.93659850869915,0.037356400461494924,0.4888888668130955,BUY,0,0
0.04600000008940697,0.05000000074505806,0.04600000008940697,0.04899999871850014,2122052,0.0,0.0,EMP,2021-09-08 00:00:00+10:00,Energy,0.08888881714256014,0.0851577424508191,0.00299999862909317,0.06521736137526704,0.04520000070333481,1.084070751239722,0.0431000005453825,1.1368909071568383,0.04095000009983778,1.1965811623696248,0.03877999983727932,1.263537878393602,0.0364800001308322,1.3432017144398603,0.03466500020585954,1.4135294512479912,0.06772839694759707,1.0751549701224479,0.060605376949439814,0.9620805331292647,0.06014268509202663,0.9547355275990457,0.052457757595741866,0.8327410856066552,83.33334885538815,67.7419420738771,59.52381015736252,0.002203431241986978,0.0014791593680925923,0.0007242718738943855,0.049169962310249546,0.03703003878051546,0.9719992319007409,0.04751866601758594,0.034381334182089614,1.2255150009854696,0.04484482019999859,0.03271517947456005,1.6851280450190456,1471898.4,805337.85,1.4417109224386684,2.6349835662138568,0.1666666518837685,0.1666666518837685,0.32432427262197616,0.39999995742525396,0.16666665188376845,0.16666665188376845,0.32432427262197605,0.3999999574252539,92.30767687749612,90.02849714942204,92.30767687749612,90.02849714942204,-7.692323122503876,-7.692323122503876,0.0029999996934618267,0.0026190472500664847,215.65955133928938,240.8415428966597,86.61300489186848,82.81549839636305,0.037529272454053166,0.30612254517617843,BUY,0,0
0.05000000074505806,0.05000000074505806,0.04699999839067459,0.04699999839067459,1437157,0.0,0.0,EMP,2021-09-09 00:00:00+10:00,Energy,-0.04081633428840148,-0.04167270448847598,-0.0030000023543834686,-0.06000004619359901,0.046400000154972074,1.0129309964159174,0.04390000030398369,1.0706149900962436,0.04130000006407499,1.1380144871127438,0.03899999983608723,1.205128168928474,0.036590000130236146,1.2845039142767356,0.034770000195130706,1.3517399518811797,0.07161391749771781,1.13683569666035,0.05625156725017625,0.8929659468095509,0.05935532620596935,0.9422365927686592,0.052821754263607294,0.8385193535740239,71.42857522989047,60.0,62.50000232830735,0.0023333497225127148,0.001649997438976617,0.0006833522835360977,0.0496696515467614,0.03813034906120597,0.5372938425994801,0.04838148065029152,0.034218519477858464,0.8049161834453294,0.04543967299565363,0.032560326676520826,1.242298849081034,1450087.0,848537.5,0.9910832936230722,1.6936870792392793,0.1463413924989374,0.2051281389987929,0.17499998603016098,0.3055555670533656,0.14634139249893738,0.2051281389987929,0.17499998603016106,0.3055555670533656,76.923059288567,86.03988115048271,76.923059288567,86.0398811504827,-23.076940711433,-23.076940711433,0.0029999996934618267,0.002571428283339455,150.65109738816486,190.65037323108027,73.18766074192347,76.95603376090313,0.038028101585693364,0.3191489597800208,BUY,0,0
0.04899999871850014,0.06199999898672104,0.04800000041723251,0.0560000017285347,8697713,0.0,0.0,EMP,2021-09-10 00:00:00+10:00,Energy,0.1914894392772113,0.175204154132748,0.007000003010034561,0.1428572080225725,0.04840000048279762,1.1570248175604518,0.045300000533461574,1.2362031141074579,0.04225000012665987,1.3254438239208084,0.039399999901652334,1.421319844373558,0.03680000014603138,1.5217391713672017,0.034915000200271606,1.6038952143010174,0.09646065462054407,1.5312654205707188,0.07694778648970814,1.2215082419319812,0.06853070088912365,1.0878911503534452,0.05891538091729332,0.9352526778227914,81.8181925938168,77.14286748244163,67.39131138996446,0.0031264958100187187,0.0019452971131850376,0.001181198696833681,0.05468320052148472,0.03591680054543843,1.1403360483343383,0.05162802645642294,0.032871973796896804,1.4661935377848538,0.04737956607998227,0.0314204337233224,2.0803138235713736,2658628.4,1272173.15,3.271503832577731,6.836894018711211,0.21739133955850942,0.3333333924649262,0.5135135407252758,0.5555556705336562,0.21739133955850937,0.33333339246492616,0.5135135407252758,0.5555556705336562,75.00001164153208,81.41024926919842,76.00000953674373,81.74358190093562,-24.999988358467917,-23.999990463256268,0.003785713974918638,0.0031428569484324683,239.6858563888418,279.90115007010417,86.37579869983604,86.0093142868804,0.03850697755206795,0.0,HOLD,0,1
0.0560000017285347,0.05999999865889549,0.052000001072883606,0.05700000002980232,2466081,0.0,0.0,EMP,2021-09-13 00:00:00+10:00,Energy,0.017857111971446127,0.017699546755558057,0.000999998301267624,0.017857111971446182,0.050800000131130216,1.1220472417848038,0.04690000042319298,1.2153518020356924,0.04325000010430813,1.3179190726550902,0.039799999892711636,1.4321608086295605,0.03698000013828277,1.5413737105640046,0.03506500019691885,1.6255525369941648,0.09124330788710222,1.4484426088090248,0.07470620858247377,1.1859242958104685,0.06833025380019754,1.0847091514634932,0.05887284757392218,0.9345774819288625,86.36364021207743,75.757586020087,72.72727811509067,0.0037920489247183498,0.0023146474754917007,0.001477401449226649,0.05827052745932916,0.035529473387056795,0.8882613421973291,0.054373706855508686,0.03212629335310757,1.2360987423558414,0.04917212570937016,0.030427874076053116,1.8352293250820944,2988621.2,1387026.05,0.825156764597668,1.7779630022089346,0.26666661699613137,0.39024386476506057,0.5405405214923069,0.5405405214923069,0.2666666169961313,0.3902438647650605,0.540540521492307,0.540540521492307,78.26087238207228,76.72798110405714,80.00000298023242,77.64102393518105,-21.739127617927718,-19.999997019767584,0.003999999591282436,0.003380952136857169,187.0923211165965,227.49002794749268,87.57992872273948,88.06815784934277,0.03991655883814714,-0.0175438298376277,HOLD,0,1
0.0560000017285347,0.05900000035762787,0.05400000140070915,0.054999999701976776,2564243,0.0,0.0,EMP,2021-09-14 00:00:00+10:00,Energy,-0.03508772503122548,-0.03571808854353111,-0.0010000020265579224,-0.017857178494485173,0.052799999713897705,1.0416666666666667,0.04830000028014183,1.1387163433328094,0.04410000015050173,1.2471655218656736,0.040119999870657924,1.3708873349773227,0.03716000013053417,1.4800861008819957,0.03521000019274652,1.5620562170092553,0.09733856251452573,1.5452017763396944,0.0773526985705407,1.227936021944353,0.06958408478548961,1.1046131013026326,0.05887195990994397,0.9345633907000577,73.6842125901888,69.69697688072756,69.56522126448044,0.004110735254246586,0.0026738650312426782,0.0014368702230039081,0.05988734955271393,0.03671265100756973,0.5782167486479604,0.056098245824997055,0.032101754476006404,0.9084661080615458,0.0504266455960284,0.02981335414528745,1.443728660886322,3457449.2,1487738.15,0.7416574623858536,1.7235848929463833,0.22222216703273845,0.34146337031183593,0.44736845975024675,0.41025637351784794,0.2222221670327385,0.3414633703118359,0.44736845975024675,0.41025637351784794,69.56521809551808,74.27536737304082,72.00000119209297,76.0000045696897,-30.43478190448193,-27.999998807907033,0.0042142852076462334,0.00357142835855484,136.42506335256775,180.4995021802264,77.50750394961221,79.64479510737492,0.04124156524706157,-0.03636364252114099,HOLD,0,1
0.054999999701976776,0.06400000303983688,0.054999999701976776,0.06300000101327896,5845251,0.0,0.0,EMP,2021-09-15 00:00:00+10:00,Energy,0.1454545700845642,0.13580156266145885,0.008000001311302185,0.14545457008456408,0.05560000017285347,1.1330935398816513,0.05040000043809414,1.2500000092393113,0.04535000026226044,1.3891951631521064,0.0406199999153614,1.5509601463453977,0.03741000015288591,1.6840417202836864,0.03540000019595027,1.7796610357218616,0.10663550196087757,1.6927861147141354,0.08506447755336288,1.3503567180710059,0.0747017414095311,1.1858533816384498,0.06174558989788998,0.9801808525487938,84.61538241107087,81.57895484996145,73.5849113630298,0.004951749032935306,0.0031294418315812047,0.001822307201354101,0.0642948435482567,0.03650515732793158,0.906811287848893,0.05965899656229301,0.031041003962227864,1.2334897836949155,0.05276799928116069,0.02847200054956212,1.842278750929541,4202089.0,1777350.1,1.3910345544799265,3.2887448567392545,0.28571434001881046,0.5000000443486947,0.6578948168171765,0.6578948168171765,0.2857143400188104,0.5000000443486946,0.6578948168171765,0.6578948168171765,95.99999225139688,81.27536090966242,96.29628914210436,82.7654311048099,-4.000007748603128,-3.7037108578956417,0.004642856972558158,0.0039047618352231524,153.67199695210078,197.85173965516174,82.72097053234361,83.48279820144782,0.04248707127144114,-0.09523810931704546,SELL,0,2
0.06199999898672104,0.06300000101327896,0.0560000017285347,0.05999999865889549,4659372,0.0,0.0,EMP,2021-09-16 00:00:00+10:00,Energy,-0.047619084224318264,-0.04879020260496692,-0.0020000003278255463,-0.03225807033083823,0.05820000022649765,1.0309278079964392,0.052300000190734865,1.1472275036344017,0.04645000025629997,1.2917114817616766,0.04103999987244606,1.4619882759594995,0.03765000015497208,1.593625455828102,0.03557000018656254,1.6868146849648316,0.1082078745498352,1.7177467557464354,0.08748515693105154,1.3887838118941265,0.07638563037323877,1.21258429023895,0.06227839288690642,0.98863883778917,75.8620609922451,73.6842125901888,69.64285904351566,0.005314916346567555,0.0035665367345784752,0.00174837961198908,0.06566828745192337,0.038931712929546364,0.5759899019013198,0.06172950123506042,0.03117049927753952,0.8868089619831787,0.05435538943805633,0.027724610306835793,1.4239161905872832,4846532.0,1972872.45,0.9613826959153473,2.3617198364749834,0.27659575985858487,0.46341456101452927,0.5789473839000987,0.5384614723321262,0.2765957598585848,0.46341456101452916,0.5789473839000987,0.5384614723321263,83.99998390674735,83.18839808455411,85.1851703657876,84.49382023332831,-16.00001609325265,-14.814829634212401,0.004928571305104664,0.004238095134496689,115.0410853961984,151.8582565749668,69.51093367220517,72.21531382436773,0.044208105812912804,-0.09999995653827887,SELL,0,2
0.061000000685453415,0.06199999898672104,0.05299999937415123,0.05400000140070915,2855070,0.0,0.0,EMP,2021-09-17 00:00:00+10:00,Energy,-0.09999995653827887,-0.10536046736702621,-0.006999999284744263,-0.11475408534566693,0.05780000016093254,0.9342560769957949,0.053100000321865085,1.0169491727568498,0.04710000026971102,1.1464968384604315,0.04133999988436699,1.3062409664188128,0.0378200001642108,1.4278160012228014,0.03571000019088388,1.5121814929167765,0.09340689413755009,1.4827884757613674,0.0929427881641879,1.475421021836392,0.08021172926813099,1.2733217272434934,0.06419875884082306,1.0191237022309625,58.064519617857364,65.11628148747917,62.903229682924874,0.005060248034981736,0.003865278994659128,0.0011949690403226083,0.06572977089088744,0.04047022975284272,0.07126028726535563,0.06250881517507619,0.031691185364345856,0.44779570482059816,0.05513506003036081,0.027544939738373173,0.9177199216502664,3678003.4,1990384.4,0.7762553998726592,1.434431459571327,-0.03571429046593133,0.17391307164680758,0.31707316851559186,0.384615391963097,-0.03571429046593136,0.1739130716468075,0.3170731685155918,0.3846153919630971,59.999997019768024,79.9999910593041,62.962960407894414,81.48147330526211,-40.000002980231976,-37.037039592105586,0.005428571254014969,0.004666666544619061,66.91175985188713,100.38569163742697,63.938173657751,66.94957637098345,0.04579145759106673,0.018518486580159532,HOLD,0,1
0.05299999937415123,0.05400000140070915,0.04500000178813934,0.04500000178813934,2473547,0.0,0.0,EMP,2021-09-20 00:00:00+10:00,Energy,-0.16666665516885737,-0.18232154299658357,-0.007999997586011887,-0.1509433524618792,0.055400000512599946,0.8122743929921937,0.053100000321865085,0.847457655656729,0.04750000033527613,0.9473684520107225,0.041459999904036524,1.0853835478122653,0.037890000194311144,1.1876484971593033,0.03580500019714236,1.2568077514416784,0.11631524329688811,1.8464472446972313,0.10989973846973619,1.744604262851761,0.08662941194223477,1.3751992813375329,0.06881062192496921,1.092334759038943,47.36842569634494,53.846154948310875,52.94117743735923,0.004085106248719689,0.003909244445471241,0.00017586180324844804,0.06572977089088744,0.04047022975284272,-0.6413417005050742,0.062204099201700926,0.03279590146885133,-0.17002052079813312,0.05527634678023906,0.02764365302783399,0.2562183705882607,3679496.6,2104043.5,0.672251470486479,1.1756159033784235,-0.21052628483138258,0.0,0.21621624887033097,0.15384617588929128,-0.21052628483138258,0.0,0.2162162488703309,0.15384617588929125,24.000001788139183,55.99999423821819,29.629631673684468,59.259254149122164,-75.99999821186081,-70.37036832631553,0.005999999919107982,0.004952380699770791,-25.37367818267628,11.167100893775025,59.91998208417829,61.858432767666194,0.06400000303983688,0.19999998344315495,BUY,0,0
0.04500000178813934,0.05400000140070915,0.04500000178813934,0.05400000140070915,837790,0.0,0.0,EMP,2021-09-21 00:00:00+10:00,Energy,0.19999998344315495,0.18232154299658365,0.008999999612569809,0.1999999834431549,0.05520000085234642,0.9782608798349999,0.05400000028312206,1.000000020696057,0.04820000045001507,1.1203319688079436,0.04175999991595745,1.2931034844201357,0.038050000220537186,1.4191853111097508,0.03595000020228326,1.5020862613869888,0.1589088325378513,2.522599512160581,0.12585775018256595,1.9979298453189815,0.0951816488408902,1.5109618332604484,0.07411257484066928,1.17650065230644,47.36842053666338,60.000002483527076,61.64383820296048,0.00399250104340633,0.0039258957650582585,6.660527834807112e-05,0.06527435686593146,0.04272564370031266,9.912646314718977e-08,0.06273272199538388,0.033667278904646256,0.39909943451317204,0.05600313702139767,0.027516862810517222,0.8593613467412726,3334206.0,2095933.0,0.25127121719533824,0.39972174683064776,-0.01818178739429488,0.19999998344315495,0.35000006519258164,0.384615391963097,-0.018181787394294886,0.1999999834431549,0.3500000651925817,0.3846153919630971,59.999997019768024,47.99999860922509,61.53846153846154,51.3770178733468,-40.000002980231976,-38.46153846153846,0.0065714285842009956,0.005190475888195492,0.5747245113042745,37.48758689833088,60.435733089580054,62.787017110007376,0.06362000301480293,-0.037037042147174515,HOLD,0,1
0.05299999937415123,0.05299999937415123,0.04800000041723251,0.050999999046325684,678775,0.0,0.0,EMP,2021-09-22 00:00:00+10:00,Energy,-0.0555555977141895,-0.05715845847850319,-0.0020000003278255463,-0.03773585568759406,0.05280000045895576,0.9659090644510635,0.05420000031590462,0.9409593865142485,0.04865000043064356,1.0483041848896246,0.04205999992787838,1.212553474412197,0.03821000020951033,1.3347290962231393,0.036080000195652245,1.4135254647939648,0.13907061706160162,2.2076776045277646,0.12604394291202414,2.00088556326743,0.09630951140023129,1.5288660963309126,0.07366625415568462,1.1694155310817196,42.49999930150812,58.06451457844314,57.53424741421446,0.0036351320930999645,0.0038677430306665998,-0.0002326109375666353,0.06514633412012494,0.043253666511684295,-0.292335436394712,0.06292954014446776,0.034370460716819366,0.1645710339953787,0.056439180343881123,0.027680819511875634,0.6217321752565177,2300910.8,2122136.75,0.2950027441307156,0.31985450513497776,-0.19047621863409103,0.04081633428840159,0.21428570795018653,0.41666670116009685,-0.190476218634091,0.04081633428840149,0.21428570795018648,0.41666670116009685,47.9999886751185,43.99999582767524,47.9999886751185,46.38936062908817,-52.0000113248815,-52.0000113248815,0.006785714466656957,0.005238095032317298,-13.592245077369373,29.335903746161915,61.26465400241626,61.16731394016068,0.06324760299026966,0.01960788324034235,HOLD,0,1
0.050999999046325684,0.050999999046325684,0.050999999046325684,0.050999999046325684,276,0.0,0.0,EMP,2021-09-23 00:00:00+10:00,Energy,0.0,0.0,0.0,0.0,0.051000000536441804,0.9999999707820372,0.05460000038146973,0.9340659100734032,0.04925000034272671,1.0355329683537233,0.04235999993979931,1.2039659848632027,0.03837000019848347,1.3291633771829223,0.0361900001950562,1.4092290348562262,0.13953183199799216,2.214999164663592,0.12483805431200795,1.9817426752004856,0.09427696134522877,1.4966003644939485,0.07366625415568462,1.1694155310817196,44.73684158929501,54.38596399500393,56.33802868631294,0.003313716168009795,0.003756937658135239,-0.0004432214901254443,0.06463106287803858,0.04456893788490088,-0.3588853460314333,0.06281271984495063,0.035687280840502794,0.1290300741906534,0.05684861651736138,0.02787138336223724,0.5963301644621329,1369091.6,2115647.05,0.0002015935237642244,0.0001304565428340233,-0.1499999968955914,0.08510639984287205,0.3076922562583204,0.41666670116009685,-0.14999999689559135,0.08510639984287201,0.3076922562583204,0.41666670116009685,34.99999068677578,47.66665879388745,47.9999886751185,52.51281296289951,-65.00000931322423,-52.0000113248815,0.006285714517746653,0.005142856921468463,-17.811724973734776,28.57707587054055,58.97501501613488,61.05699190050916,0.06288265096622705,0.01960788324034235,HOLD,0,1
0.050999999046325684,0.050999999046325684,0.04800000041723251,0.04800000041723251,318707,0.0,0.0,EMP,2021-09-24 00:00:00+10:00,Energy,-0.058823503631208474,-0.06062459442459422,-0.00299999862909317,-0.05882350363120852,0.04980000033974648,0.9638554234892777,0.05380000025033951,0.8921933121539272,0.04955000039190054,0.9687184669544142,0.042599999979138374,1.1267605737262576,0.038510000184178356,1.2464295037046786,0.036290000192821026,1.3226784282775503,0.13510247302763384,2.1446852708455846,0.10969158030686241,1.7412998544577682,0.09466637054883144,1.5027820439597828,0.07428977668752154,1.1793136444182346,27.27272624647651,52.54237170415992,56.33802868631294,0.002784815297108237,0.0035625131859298386,-0.0007776978888216018,0.06458270197281499,0.04301729852786402,-0.5378985696152071,0.06269654244234579,0.03640345834145528,-0.11790172417358427,0.0570561267420105,0.028143873216266248,0.37354407073705503,861819.0,2056284.8,0.3698073493390143,0.1549916626335029,-0.11111112644152343,-0.14285716186372543,0.1428571681992541,0.3333334023201937,-0.11111112644152346,-0.14285716186372543,0.14285716819925406,0.3333334023201937,20.0,34.333326453964766,35.999995231628844,43.99999086062195,-80.0,-64.00000476837116,0.006357142967837197,0.005142856921468463,-55.68182273580591,-0.09933769201505711,57.72958354810894,60.77283838837042,0.0625249979826653,0.08333334626836897,BUY,0,0
0.04600000008940697,0.04699999839067459,0.04600000008940697,0.04699999839067459,270773,0.0,0.0,EMP,2021-09-27 00:00:00+10:00,Energy,-0.020833375372199203,-0.02105345213114309,0.000999998301267624,0.021739093463565163,0.05019999966025353,0.9362549543578468,0.052800000086426734,0.8901514832148051,0.04985000025480986,0.9428284483537133,0.04277999997138977,1.0986441893900667,0.03865000016987324,1.2160413501708076,0.03638500018045306,1.291741051465603,0.1074024763657127,1.7049614559370088,0.10927967264087482,1.734761022973823,0.09461141933155777,1.5019097204289045,0.07408591903692661,1.1760775045402423,29.032257289221562,51.66666376921878,53.62318793632128,0.002258926244601167,0.0033017957976641046,-0.0010428695530629375,0.0641058491214341,0.04149415105141936,-0.5130089458821756,0.06243696069191543,0.03726303981770429,-0.22642494813391503,0.05722646719625284,0.028333532746526703,0.2921128296350541,421264.2,2067321.95,0.6427629027104605,0.13097766412241693,0.04444436717916722,-0.1754386251561273,0.1463413924989374,0.23684210268331696,0.04444436717916725,-0.17543862515612724,0.14634139249893738,0.23684210268331687,10.526297214620234,21.842095967132014,31.999987483025716,38.66665712992435,-89.47370278537977,-68.00001251697428,0.006428571417927742,0.0050952379547414325,-97.93758429260545,-34.01483186743384,57.35605212851498,59.32294232576887,0.06217449805877478,0.21276599960718,BUY,0,0
0.05000000074505806,0.05000000074505806,0.04600000008940697,0.04600000008940697,322683,0.0,0.0,EMP,2021-09-28 00:00:00+10:00,Energy,-0.02127656032996883,-0.021506169036367175,-0.0040000006556510925,-0.08000001192092877,0.04859999939799309,0.9465020711771144,0.05190000012516975,0.8863198454425151,0.050100000202655794,0.9181636707252651,0.042980000004172327,1.0702652416226495,0.038790000155568126,1.1858726451385146,0.03647500017657876,1.2611377619387751,0.02517730536857739,0.39967733212792317,0.10906939870196708,1.7314230276765359,0.09486036221399115,1.5058615661743742,0.07370347962972039,1.1700064671621304,34.61538241107087,47.368422428546644,53.62318793632128,0.001741390213679965,0.0029897146808672767,-0.0012483244671873117,0.0638424547910297,0.039957545459309796,-0.4940357908687892,0.06213328727420544,0.03806671313110615,-0.34072154091150003,0.05731984051404848,0.028640159494296175,0.21060206932948122,318242.8,2057957.6,1.0139522402392136,0.1567976910700201,-0.14814816858869795,-0.16363635747885896,0.12195119070269334,0.2777778352668281,-0.14814816858869795,-0.163636357478859,0.12195119070269331,0.2777778352668281,5.263148607310117,11.929815273976793,27.99999463558245,31.999992450079002,-94.73685139268989,-72.00000536441755,0.006357142967837197,0.005190476065590268,-84.5689125454836,-31.111110349340812,55.36074918282315,59.6571436174242,0.06183100813336207,0.08695653582340368,BUY,0,0
0.04699999839067459,0.050999999046325684,0.04600000008940697,0.05000000074505806,1224999,0.0,0.0,EMP,2021-09-29 00:00:00+10:00,Energy,0.08695653582340368,0.08338162189658237,0.0030000023543834686,0.06382983951290322,0.04839999973773956,1.0330578722311625,0.05060000009834766,0.9881423052940035,0.0505000002682209,0.9900990193958972,0.04328000001609325,1.1552680389664058,0.038980000168085095,1.282709095163001,0.03659000017680228,1.3664935912396523,0.05447314587112143,0.8647343826379934,0.10091867569226554,1.6020343111422828,0.09638315018983032,1.5300350758756736,0.07436509268180158,1.180509248761898,61.904758525814046,52.54237470065874,56.164383701455826,0.0016351567350480004,0.002718803091703422,-0.0010836463566554215,0.05965293037864413,0.041547069818051195,-0.06627681145357875,0.06191559417979491,0.03908440635664689,-0.0437996942634673,0.0575659430971252,0.028994056935061303,0.4703925173751559,427487.6,2100596.45,2.865577855357676,0.5831672237663735,-0.019607810195433117,-0.20634920728780304,0.19047622426567212,0.428571443776695,-0.019607810195433114,-0.20634920728780304,0.1904762242656721,0.42857144377669504,26.31578225013009,14.035076024020157,43.999995827675235,34.6666593154278,-73.68421774986992,-56.000004172324765,0.006499999868018287,0.00538095228728794,-59.69899937792221,-14.05622880057538,58.8608154570113,60.3526374234802,0.061494388006457616,-0.04000000596046438,HOLD,0,1
0.050999999046325684,0.050999999046325684,0.04800000041723251,0.04800000041723251,116472,0.0,0.0,EMP,2021-09-30 00:00:00+10:00,Energy,-0.04000000596046438,-0.04082200072907221,-0.00299999862909317,-0.05882350363120852,0.04780000001192093,1.0041841088966883,0.049400000274181365,0.9716599220814063,0.050850000232458115,0.9439528062498136,0.04354000002145767,1.1024345519884435,0.039120000153779984,1.2269938708728378,0.03669500017538667,1.3080801250255538,0.05684554594770935,0.9023950663160067,0.10070194484592243,1.5985938156171202,0.09677594213954638,1.5362704547712949,0.07468732203954914,1.1856244812362426,28.57142857142857,42.307691205535434,54.054054870406965,0.0013737469266631025,0.002449791858695358,-0.0010760449320322556,0.055668085560713794,0.043131914987648935,-0.22335367069061474,0.061438474521022385,0.040261525943893844,-0.26916057380463665,0.05768334802116712,0.029396652021748227,0.31534261872552855,450726.8,2029109.35,0.25840930692383945,0.05740055359756732,-0.058823503631208474,-0.19999997516473078,0.17073168515591797,0.37142857751067804,-0.05882350363120852,-0.19999997516473078,0.17073168515591794,0.37142857751067804,15.789465428720105,15.789465428720113,35.999995231628844,35.999995231628844,-84.2105345712799,-64.00000476837116,0.005642856870378766,0.005476190398136775,-53.08432616796433,-20.257239319059735,44.46549367575033,60.076361477655304,0.06116450028209125,0.041666673134184595,HOLD,0,1
0.04800000041723251,0.04800000041723251,0.04800000041723251,0.04800000041723251,0,0.0,0.0,EMP,2021-10-01 00:00:00+10:00,Energy,0.0,0.0,0.0,0.0,0.04780000001192093,1.0041841088966883,0.048800000175833705,0.9836065623828141,0.050950000248849395,0.9421001017230908,0.043740000054240225,1.097393698164372,0.039260000139474865,1.2226184474454398,0.03680000017397106,1.3043478312585255,0.050108540322797906,0.7954484175274529,0.09648945020094511,1.5317225362383124,0.09327609842522794,1.4807121581972198,0.07387021766329127,1.1726533513876773,36.363642521141024,41.1764714475871,54.79452012850925,0.0011532834365990119,0.002190490174276089,-0.0010372067376770771,0.054199588541359645,0.043400411810307765,-0.14815939742904244,0.06138223762659406,0.04051776287110473,-0.2827772916584686,0.057846360101813356,0.029633640006667093,0.3019914668720782,386985.4,1896359.05,0.0,0.0,0.0,-0.11111112644152343,0.04347826791170184,0.2631579463336624,0.0,-0.11111112644152346,0.043478267911701875,0.2631579463336623,15.789465428720105,19.29823770252344,35.999995231628844,38.66666209697764,-84.2105345712799,-64.00000476837116,0.005071428471377918,0.005333333320560909,-63.82849678419506,-44.67512193264629,38.225952850925296,61.80871016724122,0.060841210312212214,0.041666673134184595,HOLD,0,1
0.05000000074505806,0.050999999046325684,0.05000000074505806,0.05000000074505806,48049,0.0,0.0,EMP,2021-10-04 00:00:00+11:00,Energy,0.041666673134184595,0.04082200072907232,0.0,0.0,0.04840000048279762,1.0330578563285162,0.049300000071525574,1.014198796602777,0.05120000019669533,0.9765625108002495,0.043980000093579295,1.1368804147037197,0.039440000131726265,1.2677484933585772,0.03691500017419457,1.3544629692297971,0.05109581492911683,0.8111209160317472,0.07929197230539056,1.2587210381033058,0.09335717758382031,1.4819992499380945,0.07402101292579635,1.1750471519685284,46.153852766787374,45.09804050471399,52.857143313300845,0.0011269569855024003,0.001977783536521351,-0.0008508265510189508,0.05401875755046088,0.04458124259259027,0.1483442784795178,0.06126505184503672,0.041134948548353936,-0.11922437097826677,0.05809607883163907,0.029863921355519515,0.4264640884474266,342440.6,1857955.65,0.14031338573755567,0.0258612200996294,0.06382983951290311,0.11111108351636934,0.11111108351636934,0.3157895356003948,0.06382983951290322,0.11111108351636925,0.11111108351636925,0.31578953560039474,26.31578225013009,19.29823770252344,30.0,33.999996821085894,-73.68421774986992,-70.0,0.004928571305104664,0.005142857098863239,-17.319587965140904,-11.19311294373949,43.37395656780862,59.711383958486195,0.06052438614173076,-0.12000001788139314,SELL,0,2
0.04800000041723251,0.04800000041723251,0.04500000178813934,0.04500000178813934,1577800,0.0,0.0,EMP,2021-10-05 00:00:00+11:00,Energy,-0.09999997764825852,-0.1053604908225583,-0.00299999862909317,-0.06249997089616979,0.048200000822544095,0.9336099796722814,0.04840000011026859,0.9297521009424977,0.05120000019669533,0.8789062815480974,0.04412000015377998,1.0199456398751614,0.03955000013113022,1.1378002942841805,0.0370050001796335,1.216051927298897,0.0722351378808724,1.1466972645194977,0.05324263566285388,0.8452006386571799,0.09650525706606022,1.531973462442925,0.0755799038152715,1.1997937776563414,40.000004967053535,31.250000970127672,50.0,0.0006946277183021154,0.001721152372877504,-0.0010265246545753885,0.05253118158057938,0.044268818639957803,-0.8230087074517852,0.06126505184503672,0.041134948548353936,-0.6159927067614875,0.058132472888949904,0.03010752741861006,0.0628013093042918,593464.0,1925840.5,2.658627987544316,0.8192786474269287,-0.021739093463565173,-0.16666665516885737,0.0,0.18421061145054285,-0.021739093463565163,-0.1666666551688574,0.0,0.1842106114505428,0.0,14.03508255961674,5.000009313224219,23.666668181617684,-100.0,-94.99999068677577,0.004642856706465993,0.005285714176439103,-106.56165552037271,-91.82231127124604,14.811867646448675,56.952540360218514,0.06021389845465893,0.0,HOLD,0,1
0.04500000178813934,0.05400000140070915,0.04500000178813934,0.052000001072883606,1336642,0.0,0.0,EMP,2021-10-06 00:00:00+11:00,Energy,0.15555553347976203,0.14458120970705532,0.006999999284744263,0.15555553347976206,0.04860000088810921,1.0699588502601503,0.04850000031292438,1.0721649636572588,0.0513500003144145,1.0126582425411716,0.04448000013828277,1.169064768687547,0.03973000012338161,1.308834656717782,0.037145000183954835,1.3999192573795043,0.09601921043676845,1.5242577114028018,0.07397821085941517,1.1743676902290625,0.10064403443795228,1.5976745163902524,0.07672628879258274,1.2179920749965771,61.90476950739595,42.30769423646697,54.32098720008654,0.0009063967229162237,0.0015582012428852479,-0.0006518045199690242,0.052947221558923944,0.04405277906692482,0.7870084635675817,0.061366302830439166,0.041333697798389836,0.06489428183995,0.05835548168010524,0.030604518596460305,0.5419632401178001,615792.6,1886570.0,2.170604193684692,0.7085037925971472,0.04000000596046438,0.01960788324034235,0.061224539445769555,0.5294117131447738,0.04000000596046439,0.019607883240342294,0.06122453944576954,0.5294117131447738,41.17647316629129,22.497418472140467,36.842099071540076,23.947369461588096,-58.82352683370871,-63.157900928459924,0.004785713872739247,0.00566666644243967,31.226806749770116,-18.20543937262957,31.15823803169637,58.28686275399223,0.05990962052132854,-0.17307691205535436,SELL,0,2
0.0560000017285347,0.05900000035762787,0.054999999701976776,0.054999999701976776,2592884,0.0,0.0,EMP,2021-10-07 00:00:00+11:00,Energy,0.0576922801383859,0.05608944060006262,-0.0010000020265579224,-0.017857178494485173,0.05000000074505806,1.0999999776482585,0.048900000378489496,1.1247443614779724,0.05175000037997961,1.0628019188045164,0.04488000012934208,1.2254901859061793,0.03993000011891126,1.3774104567539984,0.037300000181421634,1.474530815937399,0.09282016124914777,1.4734743799089567,0.07582989456602589,1.203762257795716,0.10055952508654696,1.5963329720265853,0.07696599434225121,1.221797282630406,69.56521809551808,51.020406456551676,53.75000052386894,0.0013012994322946433,0.001506820880767127,-0.00020552144847248372,0.05482171168109302,0.042978289075885974,1.0301075165223565,0.06167339092091981,0.04182660983903941,0.32750896063083346,0.058793083370416346,0.030966916888267818,0.7273728904861568,1111075.0,1944356.35,2.3336714443219404,1.333543617146106,0.14583331716453873,0.07843138687155071,0.1702127996857441,0.571428556223305,0.1458333171645388,0.07843138687155082,0.17021279968574402,0.571428556223305,71.42856382593739,37.535012330742894,52.63156450026018,31.491224295008163,-28.57143617406261,-47.36843549973982,0.004642856706465993,0.005761904553288505,249.8141147059182,83.760676485541,56.79269916940933,59.10643305329647,0.05961142814666476,-0.21818178739429483,SELL,0,2
0.05400000140070915,0.054999999701976776,0.05000000074505806,0.050999999046325684,1440642,0.0,0.0,EMP,2021-10-08 00:00:00+11:00,Energy,-0.0727272850422821,-0.0755075657890377,-0.0030000023543834686,-0.055555597714189525,0.05060000047087669,1.007905110113175,0.04920000024139881,1.0365853413840491,0.05150000024586916,0.9902912388901671,0.04520000010728836,1.1283185602935892,0.040100000090897085,1.2718204222124916,0.03743000017479062,1.3625433825318163,0.10392345788281769,1.649733749662984,0.07734623523823983,1.2278334197248997,0.09287498211393784,1.4743446341583086,0.07787766055041255,1.236269535023383,52.173909522409645,56.81817873942949,52.43902472266123,0.0012767781473705872,0.0014608123340878192,-0.00018403418671723197,0.055222181130515885,0.04317781935228174,0.29889484193005955,0.061222464395074394,0.04177753609666393,-0.051427415094593275,0.058920237156568175,0.03147976305800855,0.42273314361881,1399203.4,1581502.8,1.0296158514194578,0.9109323107110527,0.062499970896169765,0.062499970896169765,-0.08928575942634787,0.4571428236912709,0.06249997089616979,0.06249997089616979,-0.08928575942634788,0.4571428236912709,42.85712765187478,51.8207215480345,31.57893085744021,40.35086480974682,-57.14287234812522,-68.42106914255979,0.004357142373919487,0.005857142486742565,78.33331944110512,2.6448274216326033,61.36762938245074,58.9485478902959,0.05931919961949425,-0.19607839413396788,SELL,0,2
0.052000001072883606,0.05900000035762787,0.050999999046325684,0.054999999701976776,1519494,0.0,0.0,EMP,2021-10-11 00:00:00+11:00,Energy,0.07843138687155071,0.07550756578903754,0.00299999862909317,0.05769228013838593,0.051600000262260436,1.065891461675109,0.05000000037252903,1.099999985843897,0.05140000022947788,1.0700388999304769,0.045560000091791154,1.2071992886559824,0.04032000008970499,1.3640872911609956,0.03758000017143786,1.463544423924158,0.10739733056316239,1.7048797688539448,0.07947479426419253,1.261623246726456,0.09448470769454935,1.4998982355504513,0.07819561339530746,1.2413168799608076,63.99999940395352,51.28204907773753,49.35064803118407,0.001562104507526238,0.001481070768775503,8.103373875073495e-05,0.05679869222347399,0.043201308521584075,0.7354354983382265,0.060923378299797736,0.04187662215915803,0.37801706977469435,0.05934647699477634,0.03177352318880597,0.6847289323163903,1693492.4,1534173.45,0.8972546909569834,0.9904316881510367,0.09999997764825852,0.1702127996857441,-0.03508772503122548,0.4864864592747242,0.09999997764825855,0.17021279968574402,-0.035087725031225446,0.4864864592747242,71.42856382593739,61.90475176791653,52.63156450026018,45.61401995265353,-28.57143617406261,-47.36843549973982,0.004285713923828942,0.005523809187469028,150.72463310377034,58.8011723414889,64.06595446092734,49.989015647346214,0.05903281566286715,-0.27272728504228205,SELL,0,2
0.05299999937415123,0.054999999701976776,0.052000001072883606,0.054999999701976776,1374977,0.0,0.0,EMP,2021-10-12 00:00:00+11:00,Energy,0.0,0.0,0.0020000003278255463,0.03773585568759406,0.053599999845027925,1.0261194003917282,0.050900000333786014,1.08055008529085,0.05140000022947788,1.0700388999304769,0.045900000110268596,1.1982570712384892,0.0405400000885129,1.3566847454832924,0.037725000167265536,1.4579191373921048,0.08570104340720847,1.3604618877253511,0.07856735715384848,1.2472181291800475,0.09407769320096358,1.4934370807702904,0.0781751992800749,1.2409928159279628,63.99999940395352,55.55555670533655,48.684210332827725,0.0017678490403259459,0.0015384264230855918,0.00022942261724035406,0.05772804596977597,0.044071954697796054,0.6004645526356863,0.060923378299797736,0.04187662215915803,0.37801706977469435,0.05976376893336091,0.03203623128717628,0.6563871417525861,1652927.8,1474710.15,0.8318433509316014,0.9323710154161481,0.22222216703273845,0.19565216511037264,0.0,0.44736845975024675,0.2222221670327385,0.19565216511037264,0.0,0.44736845975024675,71.42856382593739,61.90475176791653,52.63156450026018,45.61401995265353,-28.57143617406261,-47.36843549973982,0.004071428041372981,0.005285713999044327,101.96078832403408,43.94205260806967,59.97798941468193,43.92414383493535,0.05875215938537259,-0.27272728504228205,SELL,0,2
0.05400000140070915,0.05400000140070915,0.04800000041723251,0.05000000074505806,1883738,0.0,0.0,EMP,2021-10-13 00:00:00+11:00,Energy,-0.09090907243657698,-0.09531015948455974,-0.0040000006556510925,-0.07407408429434897,0.05319999977946281,0.9398496419610876,0.050900000333786014,0.9823182793157949,0.050750000216066835,0.985221685363238,0.04616000011563301,1.083188921572913,0.040710000097751615,1.2281994749447207,0.03785500016994774,1.3208294946661225,0.07563433322191239,1.200657817700225,0.08197490476118115,1.3013112704777399,0.09015188410550387,1.4311167934024793,0.07931881434898566,1.259147142335506,50.0,48.7804897993822,46.835443694571275,0.0015100381558954337,0.0015327487696475603,-2.27106137521266e-05,0.05772804596977597,0.044071954697796054,-0.13180925212100866,0.05856024917641154,0.04293975125572213,-0.09602760101717343,0.059828734183130276,0.03249126604813574,0.2809331581449189,1762347.0,1276634.5,1.0688803056378795,1.475549971428784,-0.03846154397232282,0.0,-0.20634920728780304,0.3513513540725275,-0.03846154397232281,0.0,-0.20634920728780304,0.3513513540725276,35.714281912968694,59.523803188281164,26.31578225013009,43.859637083550155,-64.2857180870313,-73.68421774986992,0.0045714279902832845,0.005380952109893163,11.221139543886139,-16.831672237000404,52.02732697718833,45.161523018000345,0.058477116233427925,-0.2000000298023219,SELL,0,2
0.05000000074505806,0.0560000017285347,0.04899999871850014,0.054999999701976776,2575615,0.0,0.0,EMP,2021-10-14 00:00:00+11:00,Energy,0.09999997764825852,0.09531015948455968,0.004999998956918716,0.09999997764825855,0.05319999977946281,1.03383458514992,0.051600000262260436,1.065891461675109,0.0505000002682209,1.0891088992050497,0.04646000012755394,1.1838140239125405,0.0409400000795722,1.3434293990004187,0.03801000016741454,1.4469876206190477,0.08611245114743676,1.366992783133898,0.08569136725195978,1.3603082835227396,0.09271849551982,1.471860486489001,0.07971354590690745,1.2654133115568469,67.85714095648434,58.13953448076901,44.73684107332675,0.001689701474846289,0.0015641393106873062,0.00012556216415898292,0.05854102044089977,0.044658980083621104,0.4898414573378825,0.05732101997693446,0.04367898055950734,0.6597253234743367,0.060234925720113915,0.03268507453499397,0.6199670202963135,1758893.2,1172446.65,1.464338482859562,2.196786523292979,0.0,0.14583331716453873,-0.08333331781129005,0.3750000232830648,0.0,0.1458333171645388,-0.08333331781129008,0.37500002328306486,71.42856382593739,59.52380318828117,55.555546357307506,44.83429770256593,-28.57143617406261,-44.444453642692494,0.0048571425889219555,0.005285713999044327,71.98581439775302,53.66795196860665,60.82056702097563,37.177417146394404,0.058207573944522153,-0.34545457008456404,SELL,0,2
0.05299999937415123,0.06599999964237213,0.05299999937415123,0.06599999964237213,6339265,0.0,0.0,EMP,2021-10-15 00:00:00+11:00,Energy,0.19999999999999996,0.1823215567939546,0.013000000268220901,0.24528302682511288,0.0561999998986721,1.1743772199531906,0.0534000001847744,1.235955045205979,0.05110000018030405,1.2915851156456772,0.047020000144839286,1.4036580059350767,0.04128000006079674,1.5988371982841096,0.03821500016376376,1.7270705052869442,0.10940992155486474,1.7368286603835446,0.10290163218001032,1.6335127695056915,0.09974503479657129,1.5834033395112703,0.08365261104831355,1.327944032130311,71.87499927240418,67.92453095428309,53.57142936336958,0.002688700349898064,0.0017890515185294581,0.000899648831368606,0.06436256169755034,0.04243743867199847,1.149366363227564,0.0607441961075843,0.041455804253023795,1.544970630461882,0.061641706128599795,0.032398294161078776,1.2980701101918508,2738617.8,1346656.4,2.3147680556228036,4.707410888182019,0.29411766424586094,0.37499998059744644,0.2222221838961913,0.7368421517002961,0.294117664245861,0.37499998059744655,0.22222218389619133,0.7368421517002961,100.0,69.04761524630204,100.0,60.6237762024792,-0.0,-0.0,0.005642856870378766,0.0055714283315908344,208.1214759730089,242.80443146821426,74.00355112130538,58.91770070966634,0.04500000178813934,-0.45454547507047005,SELL,0,2
0.0689999982714653,0.0689999982714653,0.061000000685453415,0.06300000101327896,2641126,0.0,0.0,EMP,2021-10-18 00:00:00+11:00,Energy,-0.04545452492952995,-0.04651999413249589,-0.00599999725818634,-0.08695648418106726,0.05780000016093254,1.0899654124198626,0.05470000021159649,1.1517367599556765,0.05200000014156103,1.211538477726391,0.04748000018298626,1.3268744896899571,0.041580000072717664,1.5151515368711082,0.03839000016450882,1.641052376746845,0.11723394967663073,1.861031256349356,0.10609828368886502,1.684258039029105,0.09148724009620822,1.4523149125813433,0.08388838142909194,1.3316867708946387,62.500002910383245,65.45454742494708,55.55555555555556,0.0032014351864366186,0.0020715282521108903,0.0011299069343257283,0.0668856013246221,0.04251439909857088,0.6811318313062388,0.06256309366255534,0.04143690662056672,1.041361685367573,0.06263762105437587,0.03232237931159665,1.023907443125662,2962944.2,1355035.35,0.8913856696997533,1.9491196299786568,0.1454545700845642,0.26000000149011604,0.3999999668863097,0.5750000605359686,0.14545457008456408,0.2600000014901161,0.3999999668863098,0.5750000605359687,75.00000776102259,82.14285719565333,75.00000776102259,76.8518513727767,-24.99999223897741,-24.99999223897741,0.0059285709368331095,0.005523809187469028,194.5790183823241,251.41067001452365,76.92777782104284,69.11293823404488,0.045420001745224,-0.44444445101462127,SELL,0,2
0.06499999761581421,0.0689999982714653,0.06400000303983688,0.06700000166893005,1108988,0.0,0.0,EMP,2021-10-19 00:00:00+11:00,Energy,0.06349207287803038,0.06155790182504399,0.0020000040531158447,0.030769294253470136,0.060200000554323195,1.112956828106184,0.05690000019967556,1.1775044188719015,0.05265000015497208,1.2725546338408285,0.048000000193715094,1.3958333624695014,0.041940000094473365,1.597520303242893,0.038585000168532134,1.7364261079768422,0.11623719853048534,1.84520832243904,0.09628066970529216,1.5284082486177213,0.08201065595610986,1.3018788031028685,0.08418178243968852,1.3363443675453601,75.00000582076649,65.45454742494708,64.47368459750247,0.003885755293731752,0.0024343736604350626,0.0014513816332966892,0.06924504031126771,0.0445549600880834,0.8181424586681137,0.06515305264894822,0.04014694766099594,1.1477198484827351,0.06401020123554711,0.031989799151883075,1.186743465967172,2909746.4,1368595.25,0.381128747165045,0.810311156640358,0.21818185512684618,0.4888888668130955,0.2407407394632064,0.6341463370311835,0.21818185512684612,0.4888888668130954,0.24074073946320637,0.6341463370311836,91.66667960170432,88.88889578757563,91.66667960170432,88.88889578757563,-8.33332039829568,-8.33332039829568,0.0059999993869236535,0.005380951932498387,175.29105986838525,226.07596689463665,77.15885030852824,75.79689129848734,0.046363201606273656,-0.4626866036784961,SELL,0,2
0.06700000166893005,0.06700000166893005,0.06300000101327896,0.06400000303983688,437006,0.0,0.0,EMP,2021-10-20 00:00:00+11:00,Energy,-0.044776097826343175,-0.04580951344324747,-0.00299999862909317,-0.0447760978263432,0.06300000101327896,1.015873047785303,0.058100000396370886,1.1015490981620464,0.05330000035464764,1.2007505180861828,0.04854000024497509,1.3185002619867565,0.042270000129938125,1.514076244218137,0.03877500018104911,1.650548104216805,0.10388441899498146,1.649114026530933,0.09134586684541235,1.4500706817994875,0.08156430119413345,1.2947931409226745,0.08308772085661553,1.3189766783385557,64.51613639755726,64.28571808703131,57.142858663383876,0.004138305284377405,0.0027751599852235314,0.001363145299153874,0.07065919496927056,0.04554080582347122,0.4697755583942517,0.06675714546953714,0.03984285523975814,0.7951168389609141,0.06485431142255109,0.03222568906739909,0.9476344190437873,2620400.0,1356506.8,0.16677072202717141,0.32215540681403143,0.28000004172325066,0.23076926383393692,0.2549020438549947,0.7297297895956067,0.2800000417232507,0.23076926383393687,0.25490204385499476,0.7297297895956066,79.16668348221562,81.94445694831418,79.16668348221562,81.94445694831417,-20.833316517784382,-20.833316517784382,0.006071428103106362,0.005142856744073686,117.40789580893552,158.61425355834373,75.61994678520522,73.75418720009623,0.04726867347288132,-0.3750000436557436,SELL,0,2
0.06300000101327896,0.06499999761581421,0.06199999898672104,0.06199999898672104,457294,0.0,0.0,EMP,2021-10-21 00:00:00+11:00,Energy,-0.031250061845636834,-0.03174876215523972,-0.0010000020265579224,-0.015873047785303126,0.06440000087022782,0.9627328905112437,0.058800000324845315,1.05442174564961,0.053850000351667406,1.1513463060692677,0.0489800002425909,1.265822757853082,0.04252000011503696,1.4581373193551588,0.03894000018015504,1.5921930842290557,0.10611947933436124,1.684594509470268,0.09209004851094288,1.4618841995029732,0.0821528791878895,1.3041365269145373,0.08276319766403531,1.3138250323651157,60.60605957980983,62.06896463132214,57.971014649245554,0.004129467429114728,0.003046021474001771,0.0010834459551129568,0.07137157433432738,0.04622842631536326,0.25454240331895894,0.06780142023640001,0.0398985804669348,0.5841698337795984,0.06553905997253413,0.03242094051264767,0.7862764526772301,2196735.8,1379357.7,0.2081697762653115,0.33152676785724255,0.12727271495771797,0.12727271495771797,0.21568627737431023,0.550000009313226,0.12727271495771794,0.12727271495771794,0.21568627737431018,0.5500000093132259,70.83333203982957,80.55556504124984,70.83333203982957,80.55556504124985,-29.166667960170432,-29.166667960170432,0.006285713719470161,0.004999999489103045,80.44987834854713,116.23540850809212,74.11303306238736,74.01990791081494,0.04813792646482468,-0.3548387135538922,SELL,0,2
0.06199999898672104,0.06199999898672104,0.0560000017285347,0.0560000017285347,2288342,0.0,0.0,EMP,2021-10-22 00:00:00+11:00,Energy,-0.09677415090718633,-0.10178264710004259,-0.00599999725818634,-0.09677415090718632,0.06240000128746033,0.897435906620538,0.05930000059306621,0.9443507785577092,0.05425000041723251,1.0322580884395034,0.049360000267624854,1.134521908932505,0.04271000012755394,1.3111683812055728,0.03907000019215048,1.433324838830833,0.058424644203495864,0.9274624739992885,0.0949254016478876,1.506894035179389,0.08430645535789785,1.3383234887661999,0.08328623552019697,1.3221280009271725,58.82353134530649,54.838710840361266,53.333335320154944,0.0035968514657446077,0.0031561874723503385,0.0004406639933942692,0.07084893097033906,0.04775107021579336,-0.28574064928346826,0.06795171034078919,0.04054829049367583,0.127721380839737,0.06566705433155129,0.03305294620369842,0.4071858371769607,1386551.2,1477839.45,1.6503840608266036,1.5484374841935638,-0.15151512072762818,0.09803927011189306,0.16666669253673794,0.5135135407252758,-0.1515151207276282,0.09803927011189312,0.16666669253673796,0.5135135407252758,45.83333980085216,65.27778510763245,45.83333980085216,65.27778510763245,-54.16666019914784,-54.16666019914784,0.006499999335833958,0.0052857136442547754,14.340594824119677,48.20883841009578,67.83193085910804,68.17888328011888,0.04897240933709031,-0.26785714523296567,SELL,0,2
0.0560000017285347,0.05999999865889549,0.05400000140070915,0.0560000017285347,1033955,0.0,0.0,EMP,2021-10-25 00:00:00+11:00,Energy,0.0,0.0,0.0,0.0,0.06100000143051147,0.9180327936930861,0.05940000079572201,0.9427609592316338,0.05470000058412552,1.0237660170114598,0.049740000292658806,1.1258544712312721,0.04292000014334917,1.3047530648066037,0.03918500020168722,1.4291183218144647,0.05913604386962454,0.9387555935953936,0.09214322125783712,1.4627282906918235,0.08402078538193283,1.3337886184855523,0.08328623552019697,1.3221280009271725,51.724141474711445,59.649123380315565,55.55555670533656,0.0031385699962581115,0.003152663977131893,-1.4093980873781681e-05,0.07079980622038104,0.04800019537106298,-0.2982506227547306,0.06798394445506294,0.04141605671318809,0.09786258938155558,0.06575433105239695,0.03372566953292067,0.39089997139401256,1065117.0,1515998.55,0.9707431202393728,0.6820290164525553,-0.11111109797075758,0.018181855126846225,0.1914894392772113,0.5135135407252758,-0.11111109797075754,0.018181855126846135,0.19148943927721124,0.5135135407252758,45.83333980085216,54.16667054717797,45.83333980085216,54.166670547177965,-54.16666019914784,-54.16666019914784,0.006571427785924503,0.00542857072183064,-13.625300051513639,27.74030788008405,68.43936487191212,66.48034298061748,0.049773512894465306,-0.26785714523296567,SELL,0,2
0.0560000017285347,0.0560000017285347,0.05299999937415123,0.05299999937415123,843734,0.0,0.0,EMP,2021-10-26 00:00:00+11:00,Energy,-0.053571468960416535,-0.0550598198581854,-0.0030000023543834686,-0.05357146896041653,0.05820000097155571,0.9106528950068936,0.05920000076293945,0.8952702481607135,0.05505000054836273,0.9627611052898987,0.05004000030457974,1.0591526589039726,0.043120000138878824,1.2291279963694661,0.03929500020109117,1.3487720855815009,0.03524119520501002,0.5594366305028305,0.09403212143414193,1.4927136513993948,0.08499923193527752,1.3493209759934623,0.0837605332389711,1.3296572437948622,19.04762073709297,50.94339463497742,54.054054870406965,0.0025044339563249016,0.003023017972970495,-0.0005185840166455936,0.07100583786555217,0.047394163660326734,-0.5251640637508131,0.06772363691139284,0.042376364185332624,-0.1617531950176115,0.06571506859320508,0.034364932015954384,0.1888348436554769,1012066.2,1542051.1,0.8336747141639549,0.5471504802921252,-0.20895525292607642,-0.03636364252114099,0.1521738971986708,0.39473687048351436,-0.20895525292607645,-0.03636364252114102,0.15217389719867078,0.39473687048351425,23.809521275312463,38.492066959005605,33.33332815931827,41.6666692536742,-76.19047872468754,-66.66667184068173,0.006142856553196907,0.005476189865952446,-58.333333333333506,-10.208335554925704,65.03647968571892,65.2351584961105,0.05054257230954531,-0.03773585568759408,HOLD,0,1
0.05400000140070915,0.05700000002980232,0.05400000140070915,0.05700000002980232,108816,0.0,0.0,EMP,2021-10-27 00:00:00+11:00,Energy,0.07547171137518816,0.07275936661374355,0.00299999862909317,0.055555528727333936,0.0568000003695488,1.0035211207562025,0.05990000069141388,0.9515859661412784,0.055400000512599946,1.028880857444008,0.05042000032961368,1.130503761546466,0.04337000012397766,1.3142725355513463,0.039435000205412504,1.4454165014047344,0.06452756143226147,1.0243432815552402,0.09080898316250258,1.4415479175518011,0.08449220756021575,1.3412722135630941,0.08425511244039154,1.3375084452183625,36.36363636363636,51.85185210735872,57.142857142857146,0.0022981515390921303,0.0028780446861948225,-0.0005798931471026922,0.06998629569907112,0.04981370568375664,-0.2875189214086992,0.06787144181799365,0.042928559207206236,0.12829307198923354,0.06582257125248203,0.03501742940674533,0.4272013895043487,946428.2,1486241.95,0.11497544134885246,0.07321553533056983,-0.10937504183675428,0.1399999836087229,0.1399999836087229,0.5000000490169791,-0.1093750418367543,0.13999998360872293,0.13999998360872293,0.5000000490169791,42.8571453913542,37.50000215583962,50.0,43.05555598672348,-57.1428546086458,-50.0,0.0059285709368331095,0.005476189865952446,-27.786255925451012,11.194734163254422,61.54169477330377,65.05265867000585,0.051280869348022104,-0.0175438298376277,HOLD,0,1
0.05299999937415123,0.05400000140070915,0.05299999937415123,0.05400000140070915,73481,0.0,0.0,EMP,2021-10-28 00:00:00+11:00,Energy,-0.05263155486885307,-0.05406719585406544,0.0010000020265579224,0.018867962988045543,0.05520000085234642,0.9782608798349999,0.05980000086128712,0.9030100438621779,0.05570000056177378,0.9694793690499293,0.050740000382065775,1.0642491327176977,0.043580000139772895,1.2391005329856926,0.03954500020481646,1.365532965508295,0.06604859899877152,1.0484890043698751,0.08803975025663807,1.397587708003796,0.08493046076748953,1.3482292675494312,0.08472935054300756,1.3450367417088813,19.04762073709297,52.83019093378197,52.63157946333662,0.001871028369548007,0.0026766414228654597,-0.0008056130533174526,0.0701193465119879,0.04948065521058634,-0.5620510889839311,0.0677017550354699,0.043698246088077666,-0.1416458872567727,0.0657491678054868,0.035730832958644744,0.21720065655049686,869665.6,1484092.4,0.08449339608235626,0.04951241580375993,-0.1290322212380245,-0.01818178739429488,0.12500001940255356,0.4210527141338596,-0.12903222123802455,-0.018181787394294886,0.12500001940255348,0.4210527141338597,28.57143617406261,31.746034280243105,37.500003880511294,40.27777734660986,-71.42856382593739,-62.499996119488706,0.005857142486742565,0.005428570899225417,-65.98957749528681,-25.138747848602225,64.82714524198452,63.661780374627455,0.05198963450495983,-0.07407408429434903,SELL,0,2
0.0560000017285347,0.0560000017285347,0.054999999701976776,0.054999999701976776,117719,0.0,0.0,EMP,2021-10-29 00:00:00+11:00,Energy,0.018518486580159532,0.018349107310534494,-0.0010000020265579224,-0.017857178494485173,0.05500000044703483,0.99999998645349,0.05870000086724758,0.9369676131072211,0.05605000052601099,0.9812667116114131,0.051020000353455545,1.0780086107594797,0.043780000135302546,1.2562813963453336,0.03967000020667911,1.3864380997083183,0.053965419007091335,0.8566744685409713,0.055110868501190666,0.8748579155456008,0.08492570395972085,1.3481537555670884,0.08416162382872298,1.3360243595170125,26.315782250130084,50.0,54.6666664679845,0.0015948373932877999,0.002460280616949928,-0.0008654432236621279,0.06840910402658527,0.04899089770790989,-0.38108578151343914,0.0675019598996283,0.04459804115239367,-0.09168743878477004,0.06580824738909627,0.03623175331781482,0.2691325982673369,435541.0,1489978.35,0.2702822466771211,0.07900718825880926,-0.017857178494485204,-0.16666666666666663,0.14583331716453873,0.34146337031183593,-0.017857178494485173,-0.16666666666666666,0.1458333171645388,0.3414633703118359,33.333333333333336,34.920638299583395,41.666664079659135,43.05555598672348,-66.66666666666667,-58.333335920340865,0.005428570987922805,0.005380951932498387,-41.02564152048697,-5.809128761657115,62.66287211254823,63.801085206015394,0.05267004905562005,-0.14545457008456408,SELL,0,2
0.05700000002980232,0.05700000002980232,0.05299999937415123,0.05400000140070915,494036,0.0,0.0,EMP,2021-11-01 00:00:00+11:00,Energy,-0.01818178739429488,-0.018349107310534404,-0.00299999862909317,-0.05263155486885312,0.05460000038146973,0.9890110077551537,0.0578000009059906,0.9342560649529748,0.05625000055879355,0.9600000153647527,0.05136000037193298,1.0514018888173309,0.043950000144541264,1.228668969809233,0.039800000209361315,1.3567839476545498,0.0543707350219664,0.8631086608074783,0.054196894189028406,0.8603490231375048,0.08481057339930059,1.3463261145800354,0.08284396796903576,1.315107221207216,27.777778927559027,49.0196094186158,53.94736938849306,0.0012805017224040288,0.002224324838040748,-0.0009438231156367193,0.06740555563654921,0.04819444617543199,-0.39560437807848087,0.06739261692832496,0.045107384189262134,-0.20192736458529048,0.06560428336780774,0.03711571737605822,0.18533758628221117,327557.2,1512277.7,1.5082434457248992,0.32668338625901844,-0.03571429046593133,-0.14285713440977266,0.08000001192092876,0.4594594785076931,-0.03571429046593136,-0.1428571344097727,0.08000001192092877,0.45945947850769303,28.57143617406261,30.158735227152864,37.500003880511294,38.888890613560584,-71.42856382593739,-62.499996119488706,0.005499999704105514,0.005571428154196058,-52.426163658464255,-22.1812843070556,65.1193795428266,62.80285725112307,0.0689999982714653,-0.14814816858869795,SELL,0,2
0.05400000140070915,0.05400000140070915,0.052000001072883606,0.052000001072883606,257265,0.0,0.0,EMP,2021-11-02 00:00:00+11:00,Energy,-0.037037042147174515,-0.03774033328952827,-0.0020000003278255463,-0.03703704214717449,0.0544000007212162,0.955882359990547,0.05630000084638596,0.923623450997188,0.056600000523030755,0.9187279256600821,0.05160000041127205,1.0077519507446395,0.04413000013679266,1.1783367530409197,0.039910000218078494,1.3029316158542281,0.05116857693248319,0.8122759770265606,0.0470894870770638,0.7475224330290039,0.08173697076279347,1.2975341853486537,0.0824834887100301,1.309384790374461,35.71428191296869,52.08333381839721,51.315789796164346,0.0008600905384673688,0.0019514779781260722,-0.0010913874396587034,0.06402010493381802,0.0485798967589539,-0.5569872795500946,0.06663992133100426,0.04656007971505725,-0.4581708898036248,0.06546229708909845,0.03773770373344565,0.02885529511508584,210263.4,1446250.95,1.2235367638875811,0.17788406638557439,-0.018867892699548472,-0.2238806003344087,0.15555553347976203,0.30000005587935563,-0.018867892699548517,-0.22388060033440874,0.15555553347976206,0.30000005587935574,15.00001210719374,25.634927204863242,29.166667960170432,36.11111197344696,-84.99998789280626,-70.83333203982957,0.005142856921468463,0.005523809187469028,-87.73634943875504,-57.674932404900126,69.86734840517093,62.26126833678893,0.06867999829351902,-0.11538463191696846,SELL,0,2
0.052000001072883606,0.05400000140070915,0.052000001072883606,0.052000001072883606,184666,0.0,0.0,EMP,2021-11-03 00:00:00+11:00,Energy,0.0,0.0,0.0,0.0,0.05340000092983246,0.9737827746709509,0.05510000064969063,0.9437386653311332,0.056600000523030755,0.9187279256600821,0.051800000444054604,1.0038610159674615,0.044310000129044055,1.1735500095112605,0.04002000022679567,1.299350344282773,0.02836942545685273,0.4503506675797037,0.047025665935973925,0.7465093038227308,0.07424440472007875,1.1785933867641505,0.0822726539716104,1.3060378926609097,35.71428191296869,46.511629317308454,54.92957731698906,0.000520906955172637,0.0016653637735353853,-0.0011444568183627483,0.06102171119738615,0.04917829010199511,-0.523497315824296,0.06663992133100426,0.04656007971505725,-0.4581708898036248,0.06538270261460592,0.038217298273503286,0.014724656870016872,225433.4,1388652.15,0.8191598937868124,0.13298218707975212,-0.08771927990007855,-0.18750002182787184,0.0,0.23809528033209015,-0.08771927990007856,-0.18750002182787182,0.0,0.23809528033209013,0.0,14.523816093752126,29.166667960170432,31.944446600284056,-100.0,-70.83333203982957,0.004785713872739247,0.005380952109893163,-86.28080776671317,-66.75976389234656,65.66860167799503,64.97577066309873,0.0680127984046936,-0.17307691205535436,SELL,0,2
0.05400000140070915,0.05400000140070915,0.052000001072883606,0.052000001072883606,3846,0.0,0.0,EMP,2021-11-04 00:00:00+11:00,Energy,0.0,0.0,-0.0020000003278255463,-0.03703704214717449,0.05300000086426735,0.9811320797155317,0.054100000858306886,0.9611829990368507,0.0564500005915761,0.9211691856145603,0.052060000449419025,0.9988474956585197,0.044490000121295455,1.1688019989011742,0.040135000236332416,1.2956272771068862,0.021070543386365156,0.33448450673591373,0.04719945609653014,0.7492681370935812,0.07309969144405104,1.1604216268590906,0.08149097290867272,1.2936290904782992,45.45455161205219,28.12500072759582,50.0,0.00024922856991126813,0.0013821367328105618,-0.0011329081628992936,0.05780585209184758,0.05039414962476619,-0.5666713672736587,0.06667844431144046,0.04622155687171174,-0.435061250818664,0.06513067189651266,0.03898932900232539,-0.004590382122164069,211506.4,1259200.25,0.018183846919053042,0.0030543195969028754,-0.037037042147174515,-0.16129029156886276,-0.05454542991543587,0.33333333333333326,-0.03703704214717449,-0.16129029156886276,-0.05454542991543591,0.3333333333333333,0.0,5.000004035731256,19.04762411604174,25.79365334546087,-100.0,-80.95237588395825,0.003999999591282436,0.005047618810619626,-77.33332603480511,-70.08545688680098,43.10864087464692,63.50068238470995,0.0673722865114212,-0.11538463191696846,SELL,0,2
0.052000001072883606,0.05700000002980232,0.052000001072883606,0.052000001072883606,366843,0.0,0.0,EMP,2021-11-05 00:00:00+11:00,Energy,0.0,0.0,0.0,0.0,0.05240000113844871,0.9923664111283462,0.05370000079274177,0.9683426500044309,0.05650000069290399,0.9203539900029496,0.05226000048220158,0.9950248869705518,0.04467000011354685,1.16409225298197,0.04024000024423003,1.292246539693792,0.01652646405524197,0.26234948364850963,0.03789827537305387,0.601616470532065,0.07109216624003802,1.1285531522160144,0.08090471655193414,1.284322559331533,14.285699080438107,31.034482315661066,47.54098460771042,3.3534922542252654e-05,0.0011124163707569,-0.0010788814482146473,0.05735756496937591,0.05004243661610763,-0.46479012746198367,0.06662552880742233,0.046374472578385666,-0.44442122614504753,0.06500433100813136,0.0395156699562718,-0.020401182218946233,261331.2,1205510.3,1.403747428550437,0.3043051560820343,-0.05454542991543587,-0.07142858093186266,0.01960788324034235,0.23809528033209015,-0.05454542991543591,-0.07142858093186272,0.019607883240342294,0.23809528033209013,0.0,0.0,19.04762411604174,22.420638730751307,-100.0,-80.95237588395825,0.003785713974918638,0.004952380699770791,-56.47279496173374,-48.746513986903516,23.888856993988412,60.36500937002903,0.06675739509387969,-0.09615389575090527,SELL,0,2
0.054999999701976776,0.05700000002980232,0.054999999701976776,0.05700000002980232,299900,0.0,0.0,EMP,2021-11-08 00:00:00+11:00,Energy,0.09615382411070872,0.0918075291435937,0.0020000003278255463,0.03636364252114102,0.05300000086426735,1.0754716811378728,0.053800000622868535,1.059479542191187,0.05660000070929527,1.0070671257154482,0.05258000046014786,1.0840623722132625,0.04492000009864569,1.268922526817199,0.040370000246912244,1.4119395511810047,0.04979543553424288,0.7904780330985324,0.05004917348094247,0.7945059981294161,0.0721804829299434,1.1458296440710385,0.08173574030229833,1.2975146523938441,66.66666666666666,33.333329194121546,54.838710840361266,0.00026302232447125706,0.0009425375614997714,-0.0006795152370285143,0.05777771556369922,0.04982228568203785,0.8044818330459642,0.06670263209541998,0.04649736932317057,0.03959357767486423,0.06496886981558538,0.040191131104710336,0.3567718282310007,222504.0,1144530.6,1.3478409376910079,0.2620288177528849,0.055555528727333936,0.017857111971446127,0.036363642521141104,0.39024386476506057,0.055555528727333936,0.017857111971446182,0.03636364252114102,0.3902438647650605,33.33332505491078,11.111108351636936,42.8571453913542,26.984131207812567,-66.66667494508923,-57.1428546086458,0.003714285524828093,0.004952380699770791,8.333317454916063,-5.780356492200282,12.689548551888834,64.03920763370957,0.06616709933303985,-0.1403509001249018,SELL,0,2
0.054999999701976776,0.054999999701976776,0.04899999871850014,0.05000000074505806,1591000,0.0,0.0,EMP,2021-11-09 00:00:00+11:00,Energy,-0.12280700493130403,-0.1310282480280908,-0.004999998956918716,-0.09090907243657693,0.05260000079870224,0.9505703419360343,0.05350000075995922,0.934579439903099,0.05635000076144934,0.8873114475495181,0.05276000045239925,0.9476876481486899,0.04511000011116266,1.1084016985556457,0.04048000024631619,1.235177876502316,0.07775770048962874,1.234365228094818,0.062070120807398536,0.9853326210246732,0.0775743509699703,1.2314546447027017,0.08385301306468923,1.3311253155157068,33.33333333333333,29.411760194284852,46.15384659470896,-0.00011858176025880685,0.0007303136971480558,-0.0008488954574068626,0.05814279609776052,0.04885720542215792,-0.7538561922823558,0.06685864393306497,0.04584135758983371,-0.6042645004393095,0.06471611080922211,0.04080389009557639,-0.23084428170790292,489251.0,1155331.75,3.251909551538985,1.377093635659195,-0.03846154397232282,-0.05660374838714255,-0.09090907243657698,0.2195121796091426,-0.03846154397232281,-0.05660374838714258,-0.09090907243657693,0.21951217960914254,6.250013096724608,13.194446050545139,9.52381205802087,23.809527188472273,-93.74998690327538,-90.47618794197913,0.0039999998573746,0.004952380699770791,-115.18990875953472,-90.75631700722583,11.152818124688508,58.20311222707049,0.0656004154026336,0.01999996572732976,HOLD,0,1
0.050999999046325684,0.050999999046325684,0.04800000041723251,0.04800000041723251,448200,0.0,0.0,EMP,2021-11-10 00:00:00+11:00,Energy,-0.04000000596046438,-0.04082200072907221,-0.00299999862909317,-0.05882350363120852,0.051800000667572024,0.9266409227535319,0.05260000079870224,0.9125475225927522,0.05625000074505806,0.8533333294479936,0.05288000047206878,0.9077155822376763,0.045280000120401384,1.0600706777738194,0.04057500025257468,1.1829944576324847,0.0791179331228599,1.2559582517311632,0.05608457795847904,0.8903150739849011,0.0753050535205519,1.1954306644907362,0.08407952489585738,1.3347210793614153,31.24999563442512,29.411763416854356,44.77611948597216,-0.0005757521461244655,0.0004691005284935515,-0.001044852674618017,0.05769466004204768,0.047505341555356795,-0.9029063891717911,0.06704717402707785,0.04545282746303826,-0.7640889066367048,0.06451134454400805,0.04124865640012952,-0.4195559880830384,541957.8,1083554.85,0.8270016595388053,0.4136384973958632,-0.07692308794464564,-0.1578947299625295,-0.04000000596046438,0.1428571681992541,-0.07692308794464563,-0.15789472996252946,-0.04000000596046439,0.14285716819925406,0.0,13.194446050545139,0.0,17.460319149791697,-100.0,-100.0,0.0039999998573746,0.004952380699770791,-185.26844478177006,-122.298862150724,11.32870860254559,60.44271148146045,0.0646043904015856,0.041666673134184595,HOLD,0,1
0.04699999839067459,0.05000000074505806,0.04699999839067459,0.05000000074505806,23800,0.0,0.0,EMP,2021-11-11 00:00:00+11:00,Energy,0.041666673134184595,0.04082200072907232,0.0030000023543834686,0.06382983951290322,0.05140000060200691,0.9727626490165023,0.05220000073313713,0.9578544069505638,0.056000000797212124,0.8928571434510986,0.05306000046432018,0.9423294441672725,0.04547000013291836,1.0996261402880483,0.0406800002604723,1.2291052218512832,0.08297343747455173,1.3171624858909865,0.05708469135073825,0.9061913818975994,0.07232136013529285,1.148066000375553,0.08411526292544086,1.3352884029931675,43.74999854480838,39.999997516472924,50.0,-0.0007678286086584898,0.0002217147010631432,-0.000989543309721633,0.05743237822044825,0.04696762324582601,-0.4204589583634257,0.06714497856256178,0.04485502303186247,-0.5383590867994724,0.06420952240712982,0.041910478521510544,-0.2744512038236335,545948.6,955964.1,0.04359384747941473,0.02489633240411434,-0.03846154397232282,-0.07407408429434903,-0.09090907243657698,0.2195121796091426,-0.03846154397232281,-0.07407408429434897,-0.09090907243657693,0.21951217960914254,23.076940711433,9.775651269385879,13.636374411996789,7.720062156672557,-76.923059288567,-86.36362558800322,0.0037857145071029663,0.004761904655467896,-156.96971990024505,-119.13208511008123,16.31615735036914,65.00881572900059,0.06327603920283735,0.0,HOLD,0,1
0.04800000041723251,0.05000000074505806,0.04500000178813934,0.05000000074505806,821057,0.0,0.0,EMP,2021-11-12 00:00:00+11:00,Energy,0.0,0.0,0.0020000003278255463,0.04166667313418449,0.051000000536441804,0.9803921611595043,0.05170000083744526,0.967117987140226,0.05520000085234642,0.9057971009602381,0.053140000477433204,0.9409108072231087,0.04562000013887882,1.0960105346963045,0.040665000267326834,1.2295585987056203,0.08297343747455173,1.3171624858909865,0.05649214365682066,0.8967849788692948,0.05449943740448256,0.865151747791154,0.08247606719967979,1.3092669775500245,43.74999854480838,39.999997516472924,45.762712506513736,-0.0009095656820551357,-4.541375560512645e-06,-0.000905024306494623,0.056693329660184484,0.04670667201470604,-0.34045426462714357,0.06559433169676249,0.04480567000793036,-0.5002727145328312,0.06413914711375608,0.042140853841110326,-0.28547666798129684,636791.4,680053.7,1.2893657169365038,1.207341420243725,-0.03846154397232282,-0.09090907243657698,-0.24242422703048083,0.08695653582340368,-0.03846154397232281,-0.09090907243657693,-0.24242422703048078,0.08695653582340375,41.666664079659135,21.581201597030724,20.833332039829568,11.48990215060879,-58.333335920340865,-79.16666796017043,0.003714286057012422,0.004666666367224285,-149.20633794318837,-120.57656957190588,17.407854862394345,58.67243107831848,0.061648435121621076,0.12000001788139314,BUY,0,0
0.04899999871850014,0.04899999871850014,0.04399999976158142,0.04399999976158142,726605,0.0,0.0,EMP,2021-11-15 00:00:00+11:00,Energy,-0.12000001788139314,-0.12783339182965003,-0.004999998956918716,-0.10204079770783642,0.04840000048279762,0.9090908950965806,0.05070000067353249,0.8678500823876961,0.05425000078976154,0.8110598916320279,0.05312000043690204,0.8283132417110255,0.0457200001180172,0.9623796948382342,0.040675000268965956,1.0817455309312527,0.07278039340217525,1.1553529275816112,0.06676802222239092,1.0599094939924831,0.05922615058959029,0.9401859934303044,0.08427470822229272,1.3378195186123008,31.8181787394295,36.36363533738547,29.629628863108962,-0.0014888803828904812,-0.00030140917702650645,-0.0011874712058639748,0.05737000015199423,0.04403000119507075,-1.0044979663920832,0.06510551173203331,0.04339448984748977,-0.9442209659856932,0.0641830112894087,0.04205698958439538,-0.8243687723811833,722132.4,584327.65,1.0061936010626307,1.2434889911507696,-0.22807018002498036,-0.18518521073587246,-0.3015873166048485,-0.022222266373809196,-0.22807018002498036,-0.18518521073587244,-0.30158731660484855,-0.02222226637380919,0.0,21.581201597030724,0.0,11.48990215060879,-100.0,-100.0,0.00392857167337622,0.004333333067950748,-172.2595148461835,-149.0740912286587,18.205481373869773,36.26754258827998,0.05965062312160327,0.34090910630285265,BUY,0,0
0.04699999839067459,0.04699999839067459,0.04500000178813934,0.04500000178813934,189800,0.0,0.0,EMP,2021-11-16 00:00:00+11:00,Energy,0.022727318908557725,0.022472901007091796,-0.001999996602535248,-0.04255312065993758,0.04740000069141388,0.9493671124838342,0.05000000074505806,0.9000000223517415,0.053150000795722005,0.8466604160758799,0.05312000043690204,0.8471385809115731,0.045810000151395795,0.982318306907236,0.04066000027582049,1.1067388461111187,0.06407914009242655,1.0172248134685746,0.06756481191952382,1.0725581383074758,0.05700308899896565,0.9048959847224695,0.08431986204123772,1.3385363132663406,34.782611512506605,30.00000124176354,32.692308794464566,-0.001846019882760945,-0.0006103313181733943,-0.0012356885645875507,0.05748331541771652,0.0425166860723996,-0.6681529744014439,0.06297531738639403,0.04332468420504998,-0.8294897098094653,0.0641830112894087,0.04205698958439538,-0.7339772831301951,441892.4,538368.25,0.42951632569376613,0.3525467930176046,-0.09999997764825852,-0.13461536808303154,-0.32835819899677376,0.0,-0.09999997764825855,-0.13461536808303157,-0.32835819899677376,0.0,7.692323122503876,16.452995734054348,4.000008344650766,8.277780128160115,-92.30767687749612,-95.99999165534923,0.0038571429571935107,0.004095237879526047,-136.5307574290471,-140.36255815463494,18.977310482764935,20.377647408450017,0.057459535851200214,0.26666661699613137,BUY,0,0
0.04399999976158142,0.04399999976158142,0.041999999433755875,0.0430000014603138,316663,0.0,0.0,EMP,2021-11-17 00:00:00+11:00,Energy,-0.04444444996339281,-0.04546237985240099,-0.000999998301267624,-0.02272723424286861,0.04640000090003014,0.9267241514274598,0.04910000078380108,0.8757637632156663,0.05210000071674585,0.8253359091892074,0.05300000049173832,0.8113207747425714,0.045890000164508817,0.9370233450896752,0.040540000274777416,1.0606808379097843,0.06447080067224671,1.0234422324238839,0.06813064558887434,1.0815404693426476,0.05699497558280562,0.9047671882338139,0.08366638986268203,1.328162764027393,15.000009313224211,31.034482315661066,26.000000149011612,-0.0022643369543063896,-0.0009411324453999935,-0.001323204508906396,0.057608819371988765,0.04059118219561339,-0.7169032058052767,0.06152337538885978,0.04267662604463192,-0.9656836932697983,0.06437128558608579,0.04162871539739085,-0.8794079955303741,415585.0,532351.1,0.7619692722307109,0.5948386318728374,-0.10416664403035425,-0.17307691205535436,-0.3281250090949466,-0.12244892683886988,-0.10416664403035429,-0.1730769120553544,-0.3281250090949466,-0.12244892683886986,6.666679912142757,4.786334344882218,4.000007748603128,2.6666720310846372,-93.33332008785725,-95.99999225139688,0.0037857145071029663,0.0039523809793449586,-152.41935098040804,-171.3793149752323,18.327362948077848,9.866107992358593,0.05557520079865358,0.3488371246824298,BUY,0,0
0.041999999433755875,0.0430000014603138,0.039000000804662704,0.0430000014603138,823048,0.0,0.0,EMP,2021-11-18 00:00:00+11:00,Energy,0.0,0.0,0.0010000020265579224,0.023809572381903638,0.045000001043081286,0.9555555658575926,0.048200000822544095,0.8921161976454126,0.051150000840425494,0.8406647263694571,0.052920000553131105,0.8125472602204957,0.04596000019460916,0.9355961983950871,0.04049000028520822,1.0619906435521198,0.056734236551512114,0.9006280844304708,0.06813064558887434,1.0815404693426476,0.05704406130895669,0.9055463999797263,0.08345171961756136,1.3247549795325455,23.07693409848862,28.571432372745093,27.659573793519215,-0.002566273839941069,-0.0012661607243082088,-0.0013001131156328602,0.05723327208290374,0.03916672956218445,-0.5756496414592635,0.06019433583880473,0.04210566584204626,-0.9011164869028179,0.06451760756683993,0.041322393539422284,-0.8553487871326807,575434.6,550638.8,1.430306762923189,1.4947148657159646,-0.1399999836087229,-0.17307691205535436,-0.3064515780149706,-0.08510632058137357,-0.13999998360872293,-0.1730769120553544,-0.30645157801497064,-0.08510632058137357,22.222226821346247,12.193743285330967,15.384619793243498,7.79487862883247,-77.77777317865376,-84.6153802067565,0.00392857167337622,0.0039523809793449586,-145.80643323325444,-170.12261346294036,14.586376470019857,9.765624620115105,0.053403168580269944,0.3720929849753849,BUY,0,0
0.03999999910593033,0.041999999433755875,0.03999999910593033,0.04100000113248825,461917,0.0,0.0,EMP,2021-11-19 00:00:00+11:00,Energy,-0.046511633951255016,-0.04762805532837575,0.0010000020265579224,0.02500005122274275,0.04320000112056732,0.949074075670992,0.04710000082850456,0.8704883314497813,0.050400000810623166,0.8134920728780304,0.052620000541210174,0.7791714312199305,0.04601000022143126,0.8911106484496523,0.0404550002887845,1.0134717795034807,0.05470183177967907,0.8683646588923236,0.06845300963456241,1.0866578399217635,0.05436789287584442,0.8630635431365076,0.07906826972794742,1.2551698697779534,23.07693409848862,27.586208668389986,27.65957598585848,-0.0029331329777441614,-0.0015995551749953998,-0.0013335778027487616,0.05673558235411732,0.0374644193028918,-0.6330702179003554,0.0602065503243674,0.040593451296878934,-0.9585430293255008,0.06466000176852807,0.04057999931389227,-0.9651161315795364,503606.6,459317.55,0.9172179236729622,1.0056593744349633,-0.17999998956918728,-0.21153845602767718,-0.26785714523296567,-0.26785714523296567,-0.1799999895691873,-0.21153845602767718,-0.26785714523296567,-0.26785714523296567,11.111113410673124,13.33334004805405,8.69565428655421,9.360093942800285,-88.88888658932687,-91.30434571344578,0.003857143223285675,0.0039523811567397345,-132.98369161269093,-156.71642239175034,14.975900111847935,9.931087889840967,0.05081059838066064,0.5121950554677539,BUY,0,0
0.041999999433755875,0.041999999433755875,0.03999999910593033,0.03999999910593033,94046,0.0,0.0,EMP,2021-11-22 00:00:00+11:00,Energy,-0.02439029265698056,-0.024692662563777824,-0.0020000003278255463,-0.047619056066418024,0.0424000009894371,0.943396183313659,0.045400000736117364,0.8810572347438062,0.04960000067949295,0.8064515838296806,0.05228000052273273,0.7651109163347707,0.046040000207722184,0.8688097073296976,0.04042500028386712,0.9894866747074236,0.029725412770680477,0.471876298859784,0.054699381377668096,0.8683257599663246,0.05431008613672471,0.8621458896016215,0.07906410661419097,1.255103782395878,8.333346268362959,28.57142857142857,30.952379262907016,-0.003266904452754127,-0.0019330250305471454,-0.0013338794222069815,0.053071014218089234,0.037728987254145495,-0.7039489166428815,0.060071013142147266,0.03912898821683864,-0.9168169370251239,0.06476698967671321,0.03979301136875226,-0.9834237273192403,377094.8,412322.1,0.24939617305780934,0.2280886714537009,-0.09090910630285254,-0.2982456300874312,-0.28571432372745087,-0.2982456300874312,-0.09090910630285255,-0.29824563008743127,-0.28571432372745087,-0.29824563008743127,5.5555463573075095,12.9629621964423,4.761897159270723,9.614057079689482,-94.4444536426925,-95.23810284072928,0.003857143223285675,0.0037619051124368396,-113.49334581025398,-139.90658506165624,15.473937577067346,12.75269286289867,0.04868469081698101,0.5,BUY,0,0
0.04100000113248825,0.04100000113248825,0.03799999877810478,0.03999999910593033,400621,0.0,0.0,EMP,2021-11-23 00:00:00+11:00,Energy,0.0,0.0,-0.0010000020265579224,-0.024390292656980547,0.0414000004529953,0.9661835427114426,0.04440000057220459,0.9009008691538449,0.048950000666081905,0.8171603383377858,0.05198000051081181,0.7695267162917853,0.046050000190734866,0.8686210410478612,0.04040500028058887,0.9899764590559078,0.0227627452409431,0.36134737838792685,0.04538242829888374,0.7204237150263986,0.05363760247919513,0.8514705424901511,0.0789388055684548,1.2531146899596726,8.333346268362959,28.57142857142857,30.952379262907016,-0.003491176640266158,-0.0022446553524909482,-0.00124652128777521,0.05201285583702106,0.03678714530738812,-0.5779699354865298,0.06012280621496131,0.037777195117202504,-0.8010522980102555,0.06491304643269977,0.03904695458892384,-0.9263093533601743,419259.0,390166.45,0.9555453788708174,1.026795102449224,-0.11111116630059481,-0.2000000298023219,-0.24528302682511283,-0.27272728504228205,-0.11111116630059482,-0.20000002980232195,-0.24528302682511288,-0.27272728504228205,10.526316821409987,9.06432552979688,10.526316821409987,7.99462275574498,-89.47368317859001,-89.47368317859001,0.003928571939468384,0.0036190482122557504,-108.2892456411593,-135.8208991561628,14.67636813075741,14.077649297705548,0.04694144661476372,0.40000007450580766,BUY,0,0
0.03799999877810478,0.03999999910593033,0.03799999877810478,0.03999999910593033,88000,0.0,0.0,EMP,2021-11-24 00:00:00+11:00,Energy,0.0,0.0,0.0020000003278255463,0.05263158926673246,0.040799999982118605,0.9803921353789488,0.04360000044107437,0.9174311628732787,0.048100000619888304,0.8316008022958569,0.051520000472664834,0.7763974910511362,0.04607000019401312,0.8682439534942394,0.04039500027894974,0.9902215331033121,0.020933238099710236,0.3323048528828136,0.04529373537581576,0.7190157585214632,0.04962184481380453,0.787722365841402,0.07596658054455944,1.2059320804371718,16.666687362707634,28.57142857142857,33.33333333333333,-0.0036271029793110143,-0.002521144877854962,-0.0011059581014560525,0.051212856053867446,0.035987144828281296,-0.47288448884993894,0.05928081181169384,0.03691918942808277,-0.7244556208850486,0.06448928935172155,0.03855071159360812,-0.8882523532448593,373526.4,389125.65,0.23559245076117777,0.2261480321330655,-0.06976749424421014,-0.16666669253673794,-0.2982456300874312,-0.3650793894828789,-0.0697674942442101,-0.16666669253673796,-0.29824563008743127,-0.3650793894828789,10.526316821409987,8.869393333375834,10.526316821409987,8.604843600696904,-89.47368317859001,-89.47368317859001,0.003928571939468384,0.0035714290681339448,-99.04331528435874,-123.2704521873541,14.513430370760005,15.684324566180337,0.04515315704743193,0.40000007450580766,BUY,0,0
0.03700000047683716,0.03799999877810478,0.035999998450279236,0.035999998450279236,434110,0.0,0.0,EMP,2021-11-25 00:00:00+11:00,Energy,-0.10000001862645191,-0.1053605363538842,-0.0010000020265579224,-0.027027081450551504,0.0393999993801117,0.9137055587988483,0.04220000021159649,0.8530805277196775,0.04720000047236681,0.762711823940667,0.05104000046849251,0.7053291167679825,0.04604000017046928,0.7819287210465771,0.04037000026553869,0.891751256217111,0.041583431847910496,0.6601165159810455,0.046995267892782806,0.7460267498469707,0.05249225712863843,0.8332887487130084,0.07690372787011254,1.2208088330286286,0.0,25.000000000000014,23.07692160738057,-0.004011351838793406,-0.002819186270042651,-0.001192165568750755,0.04973067979584814,0.034669320627344846,-0.823299104941719,0.05924552899663368,0.035154471948099945,-0.929805778096337,0.06449565751471872,0.0375843434222663,-1.1177456415947675,295738.8,407157.1,1.4678831455324768,1.0661977895018901,-0.16279076214672017,-0.28000004172325077,-0.3333333793245704,-0.4000000124176346,-0.1627907621467201,-0.2800000417232507,-0.3333333793245704,-0.4000000124176346,0.0,7.017544547606665,0.0,7.017544547606664,-100.0,-100.0,0.0038571434893778394,0.0035714290681339448,-120.00001411688893,-137.55631708790347,8.299199836809166,13.668385396486016,0.043722525393566504,0.5833334023201937,BUY,0,0
0.035999998450279236,0.03999999910593033,0.035999998450279236,0.035999998450279236,785961,0.0,0.0,EMP,2021-11-26 00:00:00+11:00,Energy,0.0,0.0,0.0,0.0,0.03839999884366989,0.9374999878734037,0.040799999982118605,0.8823529035798269,0.04625000040978193,0.7783783379743537,0.05068000040948391,0.7103393480545916,0.046010000146925446,0.7824385641234318,0.04032500024884939,0.8927463912738955,0.04330213676294136,0.6874001106747019,0.046995267892782806,0.7460267498469707,0.051961557184439906,0.8248641482741376,0.07573586639423317,1.2022696068429306,0.0,11.111117243274776,24.99999741299301,-0.00426668810375775,-0.0031086866367856713,-0.0011580014669720787,0.04696802004421485,0.03463197992002236,-0.7782078338779025,0.058695673111332086,0.033804327708231774,-0.8235795850734541,0.06476104921158937,0.03659895160737845,-1.04253611826199,360547.6,440569.2,2.1799091160224062,1.7839671951648004,-0.12195128156342983,-0.28000004172325077,-0.34545457008456404,-0.3333333793245704,-0.12195128156342978,-0.2800000417232507,-0.3454545700845641,-0.3333333793245704,0.0,3.508772273803336,0.0,3.5087722738033356,-100.0,-100.0,0.0037857150392872946,0.0035714290681339448,-100.95399597939608,-114.28188029727181,11.861373577235838,20.0704169853647,0.04217802000490905,0.6666667011600969,BUY,0,0
0.03500000014901161,0.03500000014901161,0.03500000014901161,0.03500000014901161,560081,0.0,0.0,EMP,2021-11-29 00:00:00+11:00,Energy,-0.02777773178653753,-0.028170829661421756,0.0,0.0,0.03739999905228615,0.9358289047034659,0.03990000002086162,0.8771929857321289,0.045300000347197056,0.7726269289350511,0.050480000376701355,0.6933438963515853,0.045970000140368936,0.7613661092481936,0.04030500024557113,0.8683786114815256,0.04331909338956255,0.6876692887773874,0.03522024265408358,0.5591040190683279,0.051991666241527665,0.8253421147377267,0.07216019095430076,1.1455075189440749,0.0,14.28572188834562,22.222224521784,-0.004497886602007485,-0.0033865266298300344,-0.0011113599721774507,0.04659660151439887,0.033203398527324374,-0.7317144191092897,0.058148921177177584,0.03245107951721653,-0.8016237577051871,0.06516160133323225,0.03579839942017046,-1.0543809407109441,453754.6,443871.45,1.234325778735907,1.2618090215083668,-0.12499997671693508,-0.20454544684857368,-0.35185186590472983,-0.22222224981696403,-0.12499997671693511,-0.20454544684857373,-0.35185186590472983,-0.2222222498169641,0.0,0.0,0.0,0.0,-100.0,-100.0,0.003285714824284826,0.0035238099240121386,-126.14839374962777,-127.62429960173766,14.710688687570467,17.87939305645078,0.04094241569398309,0.6857142887553389,BUY,0,0
0.035999998450279236,0.035999998450279236,0.035999998450279236,0.035999998450279236,57544,0.0,0.0,EMP,2021-11-30 00:00:00+11:00,Energy,0.028571379914575923,0.028170829661421794,0.0,0.0,0.03659999892115593,0.9836065440283421,0.03899999968707561,0.9230768907469874,0.044500000216066836,0.8089887252917664,0.05012000031769276,0.7182761017974485,0.04594000011682511,0.7836307870860141,0.04029500024393201,0.8934110493199574,0.04903964995089369,0.7784803089103534,0.03608349781709382,0.5728077699442337,0.05292950050228078,0.8402297720874197,0.0661634547393589,1.0503122827273292,14.285691477812179,20.0,24.99999741299301,-0.004547995115327011,-0.0036188203269294297,-0.0009291747883975812,0.04503692492480904,0.03296307444934218,-0.4969419230248294,0.057582734215012636,0.031417266217121036,-0.6497114262563564,0.0653227935032625,0.03491720713212301,-0.9287768171980404,385139.2,433885.4,0.1494109142876134,0.13262488205410922,-0.10000001862645191,-0.20000006622738042,-0.30769235177858245,-0.3333333793245704,-0.10000001862645191,-0.20000006622738045,-0.3076923517785825,-0.3333333793245704,6.666655076875087,2.2222183589583695,4.545446848573722,1.5151489495245805,-93.33334492312491,-95.45455315142628,0.0031428576580115725,0.0033809526690414976,-99.24386337750117,-104.93602393319321,16.806160565625575,19.544098619927027,0.03975393258498879,0.47222226821346247,BUY,0,0
0.035999998450279236,0.041999999433755875,0.035999998450279236,0.03999999910593033,777589,0.0,0.0,EMP,2021-12-01 00:00:00+11:00,Energy,0.11111113410673124,0.1053605363538842,0.0040000006556510925,0.11111113410673122,0.03659999892115593,1.0928961826501338,0.03869999945163727,1.0335917228091347,0.043900000117719176,0.9111617083979299,0.04990000031888485,0.8016031833729703,0.04598000012338162,0.8699434318963746,0.04031500024721026,0.9921865028066884,0.07730664476920544,1.2272049405127794,0.0541025424805194,0.8588512361985715,0.06013137557554668,0.9545559945907196,0.06779296734869718,1.0761799934626473,50.0,27.272727272727266,34.21052476788502,-0.004216336546504593,-0.0037383235708444624,-0.00047801297566013026,0.04412012788277786,0.033279871020496676,0.23984665138635727,0.056630404311845614,0.031169595923592735,-0.3063532745950228,0.06536688477138114,0.034433115866388565,-0.6400772724048317,523057.0,463531.55,1.4866238287605367,1.677531982450817,0.0,-0.06976749424421014,-0.23076926383393692,-0.21568627737431012,0.0,-0.0697674942442101,-0.23076926383393687,-0.21568627737431018,33.33332505491078,13.333326710595296,22.727268109144234,9.090904985905992,-66.66667494508923,-77.27273189085577,0.0033571432743753704,0.0035714288907391684,-29.166674912750086,-60.43166037987665,26.26248092204908,26.203290760661616,0.03500000014901161,0.47500004190951683,BUY,0,0
0.03799999877810478,0.03999999910593033,0.03799999877810478,0.03999999910593033,13200,0.0,0.0,EMP,2021-12-02 00:00:00+11:00,Energy,0.0,0.0,0.0020000003278255463,0.05263158926673246,0.03739999905228615,1.0695187197734768,0.038399999216198924,1.0416666646455672,0.04330000001937151,0.9237875078068168,0.04968000032007694,0.8051529558820337,0.04602000012993813,0.869187287983263,0.04033500025048852,0.9916945297513879,0.053453424115087085,0.8485468016002996,0.0541025424805194,0.8588512361985715,0.06013137557554668,0.9545559945907196,0.06779296734869718,1.0761799934626473,50.0,27.272727272727266,34.21052476788502,-0.003908440670116614,-0.003772346990698893,-0.0001360936794177212,0.043038007068549176,0.03376199136384867,0.344975675045618,0.0555448713156855,0.031055128723057518,-0.26950066142667933,0.06539397520404575,0.03396602543610813,-0.6160122620548429,438875.0,463999.25,0.030076901167758473,0.02844832184534781,0.11111113410673124,-0.06976749424421014,-0.23076926383393692,-0.21568627737431012,0.11111113410673122,-0.0697674942442101,-0.23076926383393687,-0.21568627737431018,35.714281912968694,25.238087348251526,22.727268109144234,16.666661022287403,-64.2857180870313,-77.27273189085577,0.0031428576580115725,0.0035714288907391684,-18.387691044084118,-55.268284568712374,30.805793589624486,26.203290760661616,0.0351400001347065,0.449999990686774,BUY,0,0
0.03999999910593033,0.04100000113248825,0.03999999910593033,0.04100000113248825,323673,0.0,0.0,EMP,2021-12-03 00:00:00+11:00,Energy,0.025000051222742847,0.024692662563777907,0.0010000020265579224,0.02500005122274275,0.03839999958872795,1.0677083742605953,0.038399999216198924,1.06770838461873,0.04275000002235174,0.9590643534748887,0.04954000033438206,0.8276140665270277,0.046070000156760216,0.8899500975250593,0.0403650002554059,1.0157314721433033,0.05198563775757122,0.8252464155217377,0.05284972573429435,0.8389633869054799,0.06063604534072359,0.9625673787479484,0.06741068748484498,1.070111488756764,54.54546378171154,41.17647703337246,35.89743761190198,-0.003542898831282476,-0.0037264573588156103,0.00018355852753313426,0.043038007068549176,0.03376199136384867,0.5605859237542709,0.054319016026223695,0.03118098401847979,-0.1512660099422281,0.06543871114833476,0.03364128952042936,-0.5371504206743044,346417.4,461840.75,0.9343439446171006,0.700832483924383,0.13888896937355932,0.0,-0.21153845602767718,-0.14583331716453873,0.1388889693735593,0.0,-0.21153845602767718,-0.1458333171645388,50.00001552204518,39.68254082997489,27.272731890855766,24.24242270304808,-49.99998447795482,-72.72726810914423,0.0027857148753745215,0.0035238099240121386,31.81820035483096,-34.48481884990956,40.03785514511351,28.502614320241307,0.03527720012068749,0.4390243592182852,BUY,0,0
0.03999999910593033,0.04500000178813934,0.03999999910593033,0.04100000113248825,1496720,0.0,0.0,EMP,2021-12-06 00:00:00+11:00,Energy,0.0,0.0,0.0010000020265579224,0.02500005122274275,0.03959999978542328,1.0353535695618945,0.038499999418854715,1.0649351104252018,0.04195000007748604,0.9773540180394984,0.04942000038921833,0.8296236505379101,0.04610000018030405,0.8893709538423225,0.040400000251829625,1.0148515068544202,0.04572455843082175,0.7258548624971768,0.05209224724421424,0.8269387886560838,0.05535541594543134,0.8787399858729044,0.0673497437386618,1.069144036778572,85.71430852218784,37.5,35.89743761190198,-0.0032161307372524997,-0.0036243920345029883,0.0004082612972504886,0.04333045938309536,0.03366953945461407,0.5175494118863972,0.05138621387363214,0.03251378628133994,-0.10067586062810319,0.06548664804658258,0.03335335273185409,-0.5240669638305488,533745.2,521681.75,2.804184468544167,2.86902886673724,0.17142859879805106,0.025000051222742847,-0.28070173489383343,-0.1276595205028096,0.17142859879805106,0.02500005122274275,-0.2807017348938335,-0.12765952050280957,60.0,48.57143247833796,27.272731890855766,25.757577296951926,-40.0,-72.72726810914423,0.002928572307739939,0.003523810101406915,94.3723025822981,-10.725215383568644,52.367127071706356,35.13210532596278,0.03541165610694886,0.46341456101452927,BUY,0,0
0.0430000014603138,0.050999999046325684,0.0430000014603138,0.050999999046325684,1488987,0.0,0.0,EMP,2021-12-07 00:00:00+11:00,Energy,0.24390238140538667,0.21825351969885715,0.007999997586011887,0.1860464491703649,0.04259999990463257,1.1971830788849285,0.03959999941289425,1.2878787828900686,0.04199999999254942,1.2142856917945908,0.04952000036835671,1.0298868874588034,0.04625000018626452,1.102702677641758,0.04049000024795532,1.2595702329960123,0.10437551935000405,1.6569100029799246,0.09199137643867845,1.460317828915619,0.07496988120594773,1.190109968945957,0.07561778900450065,1.2003951863907791,94.11765608201951,66.66666149265241,43.181817604552165,-0.0021257441549314207,-0.0033246624585886748,0.001198918303657254,0.04889515979177421,0.030304839034014288,1.2264446409482068,0.05162453106344165,0.03237546892165719,0.9351103952477482,0.06556198683245795,0.033478013904255456,0.09225781864863906,820033.8,516581.1,1.8157629600145748,2.8823876831730777,0.41666670116009685,0.275000004656613,0.01999996572732976,0.10869562928696896,0.41666670116009685,0.27500000465661295,0.019999965727329764,0.10869562928696891,100.0,70.00000517401507,79.99999627470962,44.84848668547372,-0.0,-20.00000372529038,0.003428571990558079,0.0037619052898316156,255.38612253091483,100.79999475479164,65.23077552267151,41.99298211589397,0.035795189934196475,0.15686277374310165,BUY,0,0
0.050999999046325684,0.05999999865889549,0.050999999046325684,0.0560000017285347,3555010,0.0,0.0,EMP,2021-12-08 00:00:00+11:00,Energy,0.09803927011189306,0.09352610757701056,0.005000002682209015,0.09803927011189312,0.04580000042915344,1.2227074498647508,0.04119999967515468,1.3592233536425253,0.04240000005811453,1.3207547559381996,0.04964000038802624,1.1281225078725536,0.046460000202059745,1.205337957059501,0.040605000257492065,1.3791405337622695,0.10343576516186466,1.6419918677278353,0.09387120146193909,1.490159126034802,0.0770795433842735,1.2235998177912097,0.07587945471329559,1.2045490007434083,100.0,72.41379133161001,57.142857142857146,-0.0008483670556155426,-0.0028294033779940483,0.0019810363223785057,0.05514592831021157,0.027254071040097798,1.0612417746191662,0.05360902024677516,0.031190979869453888,1.2133086961676023,0.06578606911035813,0.03349393166569435,0.39390401774469336,1375518.0,671921.6,2.5844881710017606,5.290810713630876,0.40000007450580766,0.40000007450580766,0.16666669253673794,0.12000001788139314,0.40000007450580766,0.40000007450580766,0.16666669253673796,0.12000001788139317,84.00001132488319,81.3333371082944,84.00001132488319,63.75757983014953,-15.999988675116818,-15.999988675116818,0.0037857147731951307,0.0038095242565586453,291.0844752964215,207.19397442520093,84.00984223493151,65.40054130311644,0.036707478480924226,0.0,HOLD,0,1
0.0560000017285347,0.0560000017285347,0.05000000074505806,0.05000000074505806,679048,0.0,0.0,EMP,2021-12-09 00:00:00+11:00,Energy,-0.1071428713977941,-0.1133287012725327,-0.006000000983476639,-0.10714287139779408,0.04780000075697899,1.0460251036242476,0.04259999990463257,1.1737089403049688,0.04240000005811453,1.1792452989746882,0.04968000039458275,1.0064412308360249,0.04661000020802021,1.0727311847652499,0.04069500025361776,1.2286521792222642,0.13010148062035823,2.0652969775365433,0.09505666158962925,1.5089777221571083,0.08098531233595416,1.2856019777389565,0.07727296031570015,1.2266702163906344,76.92307692307693,63.63636158386232,52.17391304347826,-0.00031653758838766366,-0.0023268302200727714,0.0020102926316851078,0.05702836828898702,0.02817163152027812,0.5128785627936806,0.05360902024677516,0.031190979869453888,0.6780254258647788,0.0658193939708249,0.0335406068183406,0.019827284647569592,1508687.6,704684.0,0.4500918546689188,0.9636205731930908,0.25000004656612984,0.3888889693735593,0.0,0.041666673134184595,0.2500000465661298,0.3888889693735593,0.0,0.04166667313418449,60.00000596046483,81.33333909511602,60.00000596046483,74.66667118668589,-39.99999403953517,-39.99999403953517,0.004000000389558929,0.003952381511529286,153.45346028494902,141.15425069033657,81.26942896800827,64.05801954328194,0.03857088009516193,-0.04000000596046438,HOLD,0,1
0.050999999046325684,0.050999999046325684,0.04699999839067459,0.04699999839067459,623215,0.0,0.0,EMP,2021-12-10 00:00:00+11:00,Energy,-0.060000046193599,-0.06187545286021527,-0.0040000006556510925,-0.07843138687155082,0.04900000020861626,0.9591836365423121,0.043699999898672105,1.0755148398090217,0.042249999940395355,1.1124259989817833,0.04966000035405159,0.9464357240351897,0.04670000020414591,1.0064239440089349,0.040765000246465205,1.152949787967928,0.13970392898686762,2.217731119667277,0.09945539033433132,1.5788053762169862,0.0822026725536631,1.3049269720912045,0.07779463895002074,1.234951607974883,63.999995231629555,59.99999787126292,46.80850878324196,-0.0001355712410415627,-0.0018885784242665296,0.0017530071832249669,0.05755801081316204,0.029841988984182173,0.2381293038636597,0.053105511352268917,0.031394488528521794,0.4375656079255532,0.06581036603410786,0.033509634673995314,-0.16470227461547665,1568596.0,694791.9,0.39730752851594675,0.8969808082103432,0.1463413924989374,0.3055555670533656,-0.060000046193599,-0.020833375372199203,0.14634139249893738,0.3055555670533656,-0.06000004619359901,-0.020833375372199182,47.99999582767462,64.00000437100756,47.99999582767462,64.00000437100755,-52.00000417232538,-52.00000417232538,0.004142857555832181,0.004000000478256317,80.8764794081214,86.86306231521786,77.22320928317092,61.22209954211074,0.04028520958026061,0.042553199921435914,HOLD,0,1
0.04800000041723251,0.04800000041723251,0.04600000008940697,0.04600000008940697,826890,0.0,0.0,EMP,2021-12-13 00:00:00+11:00,Energy,-0.02127656032996883,-0.021506169036367175,-0.0020000003278255463,-0.04166667313418449,0.05,0.9200000017881393,0.04479999989271164,1.0267857187403822,0.042349999956786635,1.0861865439514697,0.04958000034093857,0.9277934605301814,0.04678000021725893,0.9833262051254932,0.04083500023931265,1.1264846288680042,0.14134934651090658,2.2438513130961253,0.09904765825107197,1.572332830053907,0.0774469999404413,1.2294330097826511,0.07765594169399816,1.2327498572931062,61.53846153846153,58.333334195668996,45.833333333333336,-7.201546312461671e-05,-0.001525265832038147,0.0014532503689135303,0.0572650631586418,0.03233493662678148,0.09626908192076317,0.05330973592883813,0.03139026398473514,0.33303723209466235,0.06576308629235969,0.03339691438951745,-0.22121863915684287,1434630.0,699806.15,0.5763785784487987,1.1815986469967432,0.12195119070269334,0.3142857112446611,0.045454553151426325,-0.08000001192092876,0.12195119070269331,0.314285711244661,0.045454553151426276,-0.08000001192092877,44.00000238418593,50.666668057441804,44.00000238418593,50.6666680574418,-55.99999761581407,-55.99999761581407,0.0040714288396494725,0.003857143400680451,49.832501526204844,64.04255777769424,74.04157921552712,61.32089637024865,0.041862392706551406,0.13043480373510552,BUY,0,0
0.04600000008940697,0.04800000041723251,0.04600000008940697,0.04600000008940697,688113,0.0,0.0,EMP,2021-12-14 00:00:00+11:00,Energy,0.0,0.0,0.0,0.0,0.04900000020861626,0.9387755080319007,0.045800000056624414,1.0043668129374517,0.042399999871850017,1.084905665765038,0.04960000030696392,0.9274193509016672,0.04686000023037195,0.9816474576027087,0.04091000024229288,1.1244194528713796,0.07666530268871492,1.2170239506109872,0.09956254372489687,1.5805063835584292,0.07733816781652934,1.2277053533754951,0.0762724900327643,1.2107882430140826,59.999997019768024,58.333334195668996,52.38095238095238,-2.1400361188264605e-05,-0.0012244927378681706,0.001203092376679906,0.056623842603113976,0.03497615751013485,0.018477729320574624,0.053419600601773864,0.03138039914192617,0.3266906220822603,0.06576244186273632,0.03343755875119152,-0.22273863791768597,1274455.2,724721.8,0.5399271782954788,0.9494857198996911,-0.09803919706698394,0.2777778352668281,0.02222218358958372,0.02222218358958372,-0.09803919706698394,0.2777778352668281,0.022222183589583624,0.022222183589583624,44.00000238418593,45.3333335320155,44.00000238418593,45.3333335320155,-55.99999761581407,-55.99999761581407,0.0040714288396494725,0.00366666717898278,42.37219288420404,62.434420985042955,74.50973643009426,64.47003443801896,0.04331340118273893,0.08695653582340368,BUY,0,0
0.04500000178813934,0.04500000178813934,0.0430000014603138,0.0430000014603138,662288,0.0,0.0,EMP,2021-12-15 00:00:00+11:00,Energy,-0.06521736137526701,-0.06744124877837687,-0.0020000003278255463,-0.044444449963392814,0.046400000154972074,0.9267241663081343,0.04610000029206276,0.93275490646184,0.042399999871850017,1.014150980902765,0.049420000314712526,0.8700931037329948,0.04695000022649765,0.9158679713071747,0.04095500024035573,1.0499328826262095,0.04159106703713047,0.6602377208523793,0.09901002764662221,1.5717354627275526,0.07815471683674191,1.2406676672201504,0.07361500935574046,1.1686020451018946,53.57142904659314,60.0000042574746,47.72727253485073,-0.00022081690573914903,-0.0010237575714423662,0.0008029406657032172,0.056361037850794944,0.03583896273333057,-0.3021135839339024,0.053419600601773864,0.03138039914192617,0.054448577872197285,0.06567355330782731,0.033166447321597736,-0.3949904895943872,695910.8,742003.05,0.951685187239514,0.8925677596608261,-0.23214285476703433,0.07500006053596864,0.0,-0.17307691205535436,-0.23214285476703433,0.07500006053596871,0.0,-0.1730769120553544,32.0000071525578,40.00000397364323,32.0000071525578,40.00000397364323,-67.9999928474422,-67.9999928474422,0.004000000123466764,0.00366666717898278,0.3101000739391974,18.12300430245675,72.78103806051915,61.20996759529861,0.05999999865889549,0.16279067551206494,BUY,0,0
0.04600000008940697,0.052000001072883606,0.04600000008940697,0.04600000008940697,460411,0.0,0.0,EMP,2021-12-16 00:00:00+11:00,Energy,0.06976740760955491,0.06744124877837687,0.0,0.0,0.04560000002384186,1.0087719312578063,0.046700000390410425,0.9850107003179555,0.04254999980330467,1.0810810881798019,0.049240000322461126,0.9341998332283477,0.0470600002259016,0.9774755603186076,0.04101000024005771,1.1216776352143283,0.05476335440158353,0.8693413002377067,0.1005687243745766,1.596479006196777,0.07957130578153984,1.263155319567783,0.07383178376930888,1.172043232235318,38.09524147418596,63.15789731668312,53.33333167764882,-0.0001352223772888017,-0.0008460505326116532,0.0007108281553228515,0.056035714155859645,0.037364286624961204,-0.0749809086471895,0.053685056830497555,0.03141494277611179,0.30983229611461005,0.06544058061830008,0.033039420026622184,-0.19999285049599988,652183.4,723871.2,0.7059532640665187,0.6360399474381631,-0.08000001192092876,0.15000002793967782,0.06976740760955491,-0.16363635747885896,-0.08000001192092877,0.15000002793967787,0.06976740760955494,-0.163636357478859,44.00000238418593,40.00000397364323,44.00000238418593,40.00000397364323,-55.99999761581407,-55.99999761581407,0.004357142906103816,0.0039523813341345105,48.165874733532576,77.62097142710813,72.42466403518253,63.715259729210416,0.05965999871492386,0.08695653582340368,BUY,0,0
0.04699999839067459,0.04699999839067459,0.04699999839067459,0.04699999839067459,34404,0.0,0.0,EMP,2021-12-17 00:00:00+11:00,Energy,0.021739093463565062,0.021506169036367036,0.0,0.0,0.04560000002384186,1.0307017185548408,0.047300000116229056,0.9936574688199307,0.042849999666213986,1.0968494458993605,0.049160000309348105,0.956061800140738,0.04718000020831823,0.9961847855691213,0.041075000222772357,1.1442482808464445,0.05010252090219211,0.795352862187695,0.10054989658453671,1.5961801242956821,0.07864971901984383,1.2485255832696809,0.07316452987004103,1.1614509049625128,23.529397585397902,65.78947187832182,54.347822741941606,1.3151802963323744e-05,-0.0006742100654966579,0.0006873618684599816,0.055735375401259245,0.03886462483119887,-0.035564715903851,0.0541315644553792,0.03156843487704877,0.3678566583641175,0.06536461123437297,0.03295538938432324,-0.13329551253451027,534421.2,702495.55,0.06437618866916209,0.048973975707034725,0.0,0.1463413924989374,0.1463413924989374,-0.07843138687155082,0.0,0.14634139249893738,0.14634139249893738,-0.07843138687155082,45.83333268658155,40.61111407444177,47.99999582767462,41.33333512147279,-54.16666731341845,-52.00000417232538,0.004357142906103816,0.0038095240791638694,26.53164992144802,56.695686568024385,74.85854529949142,66.95734200068853,0.059326798769831664,0.042553199921435914,HOLD,0,1
0.04699999839067459,0.04899999871850014,0.04699999839067459,0.04899999871850014,35596,0.0,0.0,EMP,2021-12-20 00:00:00+11:00,Energy,0.042553199921435914,0.04167270448847591,0.0020000003278255463,0.042553199921436004,0.04619999974966049,1.0606060386149725,0.04809999987483025,1.018710994719583,0.04329999964684248,1.1316397024976261,0.04904000028967857,0.9991843072809513,0.04730000019073486,1.0359407721122647,0.04115000020712614,1.1907654549662572,0.051128037446761164,0.811632432641567,0.10060479517901409,1.597051612465567,0.07855072391033306,1.2469540846250184,0.07256196442824625,1.1518854751167282,46.15383733658866,66.66666666666666,58.6956495331118,0.0002887936876829686,-0.00048160931486073257,0.0007704030025437012,0.05530802051123523,0.04089197923842527,0.12486074736306065,0.05481840669986504,0.03178159259381992,0.49486001366498966,0.06515671830254656,0.032923282276810586,-0.0024819923725474063,376162.4,699573.05,0.09462934094423046,0.05088246323954303,0.06521736137526712,0.19512188695216204,0.224999995343387,-0.10909092756342309,0.06521736137526704,0.195121886952162,0.22499999534338702,-0.10909092756342306,54.16666731341845,48.000000794728656,55.99999761581407,49.33333194255821,-45.83333268658155,-44.00000238418593,0.0044285716222865245,0.0037619049350420633,39.7530662210815,68.17048680484513,74.84204083709734,69.07735184322875,0.059000262823641306,-0.020408129131033403,HOLD,0,1
0.04699999839067459,0.050999999046325684,0.04699999839067459,0.050999999046325684,208034,0.0,0.0,EMP,2021-12-21 00:00:00+11:00,Energy,0.04081633428840159,0.040005342067261446,0.0040000006556510925,0.08510639984287201,0.04719999954104424,1.0805084648777812,0.04809999987483025,1.0602910432233275,0.04384999964386225,1.163055859989368,0.04896000027656555,1.0416666413038516,0.047430000193417074,1.0752687927124254,0.04124000020325184,1.2366634043397569,0.0516360498818051,0.8196968800378946,0.06512974790102516,1.0339026953906616,0.07872622128583832,1.249740019093007,0.07278923630937387,1.1554933043814972,66.66667701470001,64.86486459274724,61.70212799685744,0.0006610055188119926,-0.0002530863481261875,0.0009140918669381801,0.05530802051123523,0.04089197923842527,0.40232947681207226,0.055749137756687286,0.03195086153103721,0.6008838064293982,0.0649954720430518,0.03292452851007931,0.1272178829202693,280146.6,689943.7,0.7425897726404675,0.3015231532659839,0.10869562928696896,0.0,0.275000004656613,-0.0727272850422821,0.10869562928696891,0.0,0.27500000465661295,-0.07272728504228204,59.09091063028526,53.03030354342843,63.99999940395352,55.999997615814074,-40.90908936971474,-36.00000059604648,0.004285714456013271,0.003857143045890899,58.33332033196228,77.96507101441692,73.85191068766036,70.00169058833649,0.058680257596374755,0.03921569343577547,HOLD,0,1
0.052000001072883606,0.052000001072883606,0.05000000074505806,0.05000000074505806,83727,0.0,0.0,EMP,2021-12-22 00:00:00+11:00,Energy,-0.019607810195433117,-0.019802593695522057,-0.0020000003278255463,-0.03846154397232281,0.04859999939799309,1.0288066124363529,0.04749999977648258,1.052631599586096,0.044349999725818635,1.127395739665591,0.04896000027656555,1.0212418395142513,0.04756000019609928,1.0513036278153527,0.041330000199377534,1.2097749940444256,0.03308945902309991,0.5252788775567079,0.05579650704998904,0.8857420900819991,0.079044353179438,1.2547902063405039,0.0716415222962134,1.1372739092512183,66.66667701470001,63.15789731668312,60.41666909198603,0.0008653197041388755,-2.9405137673174836e-05,0.0008947248418120504,0.05242160684019439,0.04257839271277077,0.5079643572134368,0.05640731962481436,0.03229267982682291,0.46859509962160206,0.0649954720430518,0.03292452851007931,0.06485624393453045,164434.4,689730.05,0.5091817770490846,0.12139097027887939,0.16279067551206494,-0.1071428713977941,0.25000004656612984,0.0,0.16279067551206497,-0.10714287139779408,0.2500000465661298,0.0,50.00000931322595,54.419195752309896,60.00000596046483,60.000000993410815,-49.99999068677405,-39.99999403953517,0.004285714456013271,0.003809523901769093,71.31217086510865,82.54718435650119,74.06570389047005,72.0017436446463,0.05836665247365354,0.04000000596046438,HOLD,0,1
0.05000000074505806,0.050999999046325684,0.05000000074505806,0.05000000074505806,156999,0.0,0.0,EMP,2021-12-23 00:00:00+11:00,Energy,0.0,0.0,0.0,0.0,0.04939999952912331,1.0121457737176907,0.04749999977648258,1.052631599586096,0.045049999840557575,1.1098779338961084,0.04886000029742718,1.0233319779101784,0.04766000021249056,1.0490977868681217,0.04142000019550324,1.2071463184224298,0.02679423639373619,0.42534531640621254,0.044095346903262646,0.6999919312869305,0.07448327352541734,1.1823853114935325,0.0702438309980843,1.1150862477442864,66.66667701470001,62.16216270639746,60.41666909198603,0.0010155337273535167,0.00017958263533216355,0.0008359510920213531,0.05242160684019439,0.04257839271277077,0.5079643572134368,0.056684341582958486,0.033415658098156664,0.4254646299807748,0.06480383117937247,0.03291616941548189,0.07150103736497915,103752.0,675874.5,1.5132142030996993,0.23229016629566585,0.08695653582340368,0.0,0.3888889693735593,-0.09090907243657698,0.08695653582340375,0.0,0.3888889693735593,-0.09090907243657693,50.00000931322595,53.03030975224573,60.00000596046483,61.333337108294394,-49.99999068677405,-39.99999403953517,0.004285714189921107,0.0037619047576472873,55.458940367550404,71.76296836672485,72.26140217039563,71.48952931152094,0.05805931945338674,-0.09999997764825852,SELL,0,2
0.054999999701976776,0.05700000002980232,0.05299999937415123,0.0560000017285347,836581,0.0,0.0,EMP,2021-12-24 00:00:00+11:00,Energy,0.12000001788139314,0.11332870127253264,0.0010000020265579224,0.018181855126846135,0.05120000019669533,1.0937500295585776,0.04840000011026859,1.157024826465934,0.04605000000447035,1.216069527103115,0.04866000033915043,1.150842608677064,0.047840000241994855,1.1705685920832591,0.04153500020503998,1.3482605381506534,0.05363660812256726,0.85145475756804,0.05243378855178243,0.8323605888297713,0.07763669493683986,1.2324443244951944,0.06641148279565096,1.0542496060580222,93.33334326744287,67.44186207692397,70.00000447034863,0.0016002823000371633,0.00046372256827316357,0.0011365597317639997,0.05565411808230448,0.041145882138232705,1.047681006507418,0.05784607492326181,0.034253925085678885,0.8435010622231411,0.06396431585119315,0.03335568482710771,0.47960337615939347,264187.4,678405.5,3.1666196041143517,1.2331577500477222,0.1914894392772113,0.1914894392772113,0.5555556705336562,-0.15151512072762818,0.19148943927721124,0.19148943927721124,0.5555556705336562,-0.1515151207276282,76.47060241460208,58.823540347018,84.00001132488319,68.00000774860429,-23.529397585397913,-15.999988675116818,0.004428571090102196,0.0039047618352231524,158.4905639158191,128.0229819283567,71.3365329083987,75.24382737657692,0.05775813309352528,-0.17857145232965677,SELL,0,2
0.057999998331069946,0.05999999865889549,0.057999998331069946,0.05900000035762787,927768,0.0,0.0,EMP,2021-12-29 00:00:00+11:00,Energy,0.05357140243737746,0.052185728365368854,0.0010000020265579224,0.01724141474711444,0.053200000524520875,1.1090225521789923,0.04970000013709068,1.1871227403397264,0.047250000014901164,1.248677255852299,0.048580000326037404,1.2144915595236352,0.04803000025451183,1.2283989182799462,0.04166500020772219,1.4160566437893072,0.05415831761381778,0.8597366389908654,0.051396958783518916,0.8159014265173674,0.07685178353359322,1.2199842422499383,0.06654082729092993,1.0563028862658022,93.33334326744287,61.11111341067312,71.69811678828218,0.0022794979407849206,0.0008268776427755153,0.0014526202980094053,0.05931711489127273,0.04008288538290863,0.9670260216550949,0.0591950503742648,0.03530494965553753,0.9836710594958665,0.06361785834429622,0.03354214230777859,0.692917835700976,442621.8,696789.85,2.0960738942365693,1.3314889704550088,0.2040816714420075,0.2826087009337763,0.6857142887553389,-0.06349207287803038,0.20408167144200745,0.2826087009337764,0.685714288755339,-0.06349207287803033,94.11765608201951,73.52942260328253,96.00000655651132,80.00000794728645,-5.8823439179804895,-3.999993443488684,0.003999999591282436,0.0039047616578283765,185.2795133814841,166.26616925661858,70.30719689497936,76.16834624260215,0.0430000014603138,-0.23728810990894378,SELL,0,2
0.05999999865889549,0.061000000685453415,0.0560000017285347,0.05700000002980232,1574948,0.0,0.0,EMP,2021-12-30 00:00:00+11:00,Energy,-0.033898310435636736,-0.034486181609810845,-0.00299999862909317,-0.04999997826913944,0.0544000007212162,1.0477941043036074,0.050800000131130216,1.1220472417848038,0.04830000009387732,1.1801242219257853,0.04838000029325485,1.1781727921516627,0.04819000024348497,1.1828180066778151,0.04177500020712614,1.3644524176466442,0.06308788687987865,1.0014891565484012,0.05436122214662405,0.8629576485930243,0.07813282887047308,1.2403202065274368,0.06609196255774408,1.0491773795278994,81.25000727595811,51.5151491205661,70.37037113689104,0.0026261255768629185,0.001186727229592996,0.0014393983472699226,0.06103284517161627,0.04056715509064416,0.6058920929753089,0.05976344354812339,0.03683655663963124,0.7589342565913311,0.06266508691848245,0.03409491366802725,0.6034264938459996,716004.6,772660.05,2.199633912966481,2.038345324052926,0.11764708030732618,0.23913043302207448,0.5833334023201937,-0.14925375209005465,0.11764708030732624,0.23913043302207454,0.5833334023201937,-0.14925375209005462,77.77777317865376,82.78867722509179,83.9999988079072,88.00000556310057,-22.222226821346247,-16.00000119209279,0.0037142852587359293,0.004095237879526047,151.97060741814371,143.78014731704027,37.355936797276236,68.89937881242186,0.04334000140428543,-0.21052628483138258,SELL,0,2
0.057999998331069946,0.057999998331069946,0.057999998331069946,0.057999998331069946,434117,0.0,0.0,EMP,2021-12-31 00:00:00+11:00,Energy,0.01754382983762759,0.017391713414364834,0.0,0.0,0.05600000023841858,1.0357142515024362,0.052299999818205836,1.1089865876228917,0.049200000055134294,1.1788617533754926,0.048260000199079514,1.2018234167387385,0.048400000222027305,1.198347067458764,0.04189500018954277,1.3844133683891728,0.058701251348187065,0.9318534762935881,0.04492385728715543,0.7131441258934202,0.07552409388151868,1.1989078224239598,0.06583966932053613,1.0451723485492055,80.00000496705476,64.28571333538491,70.37037113689104,0.0029475445228728664,0.0015388906882489702,0.0014086538346238962,0.06182423834368455,0.04277576129272712,0.5984728855347113,0.060745789864070844,0.03765421024619774,0.7621824423933624,0.06210349922288236,0.03441650117527667,0.7035792118194428,786082.6,755486.45,0.5522536690164621,0.574619174175791,0.15999994933605266,0.3488371246824298,0.449999990686774,-0.093750069121594,0.1599999493360527,0.34883712468242983,0.44999999068677404,-0.09375006912159405,83.33331953596127,85.07624959887819,87.99999165535047,89.333332339923,-16.666680464038738,-12.000008344649522,0.003357142210006714,0.004095237879526047,123.71903344624671,131.20704161986984,38.39829579331809,66.57744069030352,0.044046401375532146,-0.24137929262644275,SELL,0,2
0.05999999865889549,0.05999999865889549,0.05900000035762787,0.05900000035762787,428987,0.0,0.0,EMP,2022-01-04 00:00:00+11:00,Energy,0.017241414747114492,0.017094468195445956,-0.000999998301267624,-0.016666638726988803,0.05780000016093254,1.0207612490199682,0.053599999845027925,1.1007462785114328,0.050150000117719175,1.1764705926048797,0.04820000022649765,1.2240663917091226,0.048590000234544274,1.21424161499968,0.04202500019222498,1.4039262364725325,0.05687025531892452,0.9027873154237354,0.04294696020103533,0.6817618575487681,0.07536653144955383,1.1964065963582864,0.06572560853033568,1.043361689637922,78.57143617406261,73.07693299633775,68.62745255587059,0.0032455504738838833,0.0018802226453759532,0.0013653278285079302,0.06284722234216475,0.044352777347891094,0.5839591849630434,0.061635001614572874,0.038664998620865476,0.770570229558363,0.06182470838171123,0.03457529207128406,0.7926775390779678,840480.2,776275.8,0.5104070268401326,0.5526218903126955,0.17999998956918728,0.2826087009337763,0.47500004190951683,-0.04838707545359311,0.1799999895691873,0.2826087009337764,0.4750000419095168,-0.04838707545359316,88.88888658932687,83.3333264346473,91.30434712187335,87.768112528377,-11.111113410673124,-8.695652878126651,0.0032142850437334607,0.0039047616578283765,113.56932351940947,133.6852154727981,45.99976934752298,66.35461213464,0.044724545347928996,-0.22033898626138204,SELL,0,2
0.061000000685453415,0.06300000101327896,0.05900000035762787,0.06199999898672104,227169,0.0,0.0,EMP,2022-01-05 00:00:00+11:00,Energy,0.050847434083198584,0.049596918734673735,0.000999998301267624,0.016393414590667243,0.05899999961256981,1.050847447353408,0.05509999990463257,1.1252268438118156,0.05120000001043081,1.2109374799626949,0.048320000171661374,1.283112557252901,0.04884000021964312,1.2694512429953893,0.04216500017791987,1.470413820113962,0.03532578181346417,0.5607794012841271,0.04360774690173122,0.6922515212269693,0.07563906728356398,1.2007329685991532,0.06454607800203033,1.0246372229876946,87.49999708961676,78.57143332307548,70.37037113689104,0.0036813607196021295,0.0022404502602211885,0.001440910459380941,0.0644547371097029,0.045745262699562236,0.7375941120343417,0.06299830478018217,0.03940169524067944,0.9153856581141546,0.06232548066998418,0.03431451967333857,0.9767604058067039,718597.8,771450.6,0.3161281595908031,0.29446992458104254,0.10714280487475514,0.3191489597800208,0.5121950554677539,0.10714280487475514,0.10714280487475508,0.3191489597800208,0.5121950554677538,0.10714280487475508,94.99998975545145,89.07406529357986,95.65216546248017,91.65216807990133,-5.00001024454855,-4.347834537519825,0.003357142210006714,0.003999999768677212,114.6525062361591,141.94444693276222,53.57204038584285,66.95278978452498,0.04537556356142997,-0.24193549743862253,SELL,0,2
0.061000000685453415,0.061000000685453415,0.05999999865889549,0.05999999865889549,346450,0.0,0.0,EMP,2022-01-06 00:00:00+11:00,Energy,-0.03225807033083827,-0.032789828831523773,-0.0010000020265579224,-0.01639347566099932,0.059199999272823337,1.0135135033091023,0.0561999998986721,1.0676156364248175,0.052149999886751175,1.1505273018061621,0.04840000011026859,1.2396693909545227,0.0490700002014637,1.2227429878246823,0.04230500016361475,1.4182720346730946,0.036415406137270866,0.5780766511838036,0.04726986064853414,0.7503857747081982,0.07650427165629366,1.2144676622200834,0.06474792758179734,1.027841485729533,77.77777317865376,73.33333581686071,67.27272628752647,0.0038213104789041052,0.002556622303957772,0.0012646881749463334,0.06493307793178349,0.04746692186556072,0.43512708186228627,0.06354298001666112,0.04075701975684124,0.6890206673437229,0.06262845713821771,0.03417154308231946,0.8152674970898731,602334.2,713937.1,0.5751790285193835,0.48526683933360515,0.016949123647561848,0.2244898005730409,0.46341456101452927,0.0714285144088238,0.01694912364756178,0.22448980057304088,0.46341456101452916,0.07142851440882372,84.99998789280626,89.6296214125282,86.95651258435352,91.30434172290234,-15.00001210719374,-13.043487415646478,0.003357142210006714,0.004047618735404242,86.57616458658651,113.38176709232177,50.41483836340405,64.63485325725367,0.046433029808540915,-0.25833330384145115,SELL,0,2
0.05999999865889549,0.05999999865889549,0.0560000017285347,0.0560000017285347,167605,0.0,0.0,EMP,2022-01-07 00:00:00+11:00,Energy,-0.06666661699612819,-0.06899281826851879,-0.003999996930360794,-0.06666661699612825,0.05899999961256981,0.9491525779027976,0.05670000016689301,0.9876543485661745,0.05240000002086163,1.0687023226381647,0.04846000015735626,1.1555922729404666,0.049250000230968,1.137055867328146,0.04242500016465783,1.319976464612616,0.0464763362503925,0.7377889654077283,0.05409758916158474,0.8587726046981785,0.05844415514975338,0.9277722006691341,0.0650089119856838,1.031984484702033,50.0,70.96774775019446,62.71186644011848,0.0035683219542383612,0.00275896223401389,0.0008093597202244712,0.06464704586728798,0.04875295446649804,-0.08808285050173031,0.06390560499866664,0.040894395043056614,0.31289112694357973,0.06279255237803322,0.034127447936679316,0.5260752903659967,320865.6,647868.0,0.5223526610518547,0.25870238999302325,-0.0175438298376277,0.09803927011189306,0.09803927011189306,0.05660381867563968,-0.017543829837627666,0.09803927011189312,0.09803927011189312,0.0566038186756396,58.82353585690328,79.60783783505367,65.00000279396778,82.53622694693382,-41.17646414309672,-34.99999720603221,0.0034285706600972582,0.00399999941388766,40.579723180704626,65.1162910481843,53.317743641718806,60.78177334333814,0.0474270480808252,-0.26785714523296567,SELL,0,2
0.05700000002980232,0.057999998331069946,0.0560000017285347,0.0560000017285347,66267,0.0,0.0,EMP,2022-01-10 00:00:00+11:00,Energy,0.0,0.0,-0.000999998301267624,-0.017543829837627666,0.05860000029206276,0.9556314240517124,0.057300000265240666,0.9773124165673944,0.05240000002086163,1.0687023226381647,0.048440000191330906,1.1560693952795809,0.0494300002604723,1.1329152626631935,0.04254500016570091,1.3162534142773608,0.04521498388628084,0.7177656173813513,0.05322625860966658,0.8449406609975298,0.054310115840919757,0.8621463611410994,0.06416512276622514,1.0185897461001636,38.46154066585283,67.85714998461322,55.10204407459826,0.003329446934010355,0.0028730591740131835,0.00045638775999717147,0.0637670091548216,0.050832991375659727,-0.20102006335578235,0.06390560499866664,0.040894395043056614,0.31289112694357973,0.06272662923955961,0.03415337114310219,0.5291662233045168,247295.6,473430.85,0.26796675719260676,0.1399718670635849,-0.03448270103593898,0.12000001788139314,0.0,-0.0175438298376277,-0.034482701035939034,0.12000001788139317,0.0,-0.017543829837627666,56.25001164153027,66.69117846374662,65.00000279396778,72.31883939076302,-43.74998835846973,-34.99999720603221,0.0029285704450947897,0.0036190469704923175,24.878849283612144,50.44850933879864,49.431960590507835,56.22822272005428,0.04836142525677242,-0.3214286141933822,SELL,0,2
0.05999999865889549,0.05999999865889549,0.05700000002980232,0.05700000002980232,397400,0.0,0.0,EMP,2022-01-11 00:00:00+11:00,Energy,0.017857111971446127,0.017699546755558057,-0.00299999862909317,-0.04999997826913944,0.05820000022649765,0.9793814399995658,0.058000000193715096,0.9827586179211576,0.05274999998509884,1.0805687212493658,0.048500000163912774,1.17525772860129,0.049620000272989274,1.1487303449458133,0.04267000015825033,1.3358331337803209,0.045295439992011924,0.7190428184646782,0.05305441646532561,0.8422127515254123,0.047985776781858516,0.7617505909983298,0.0637221434189005,1.0115576669664115,50.0,67.85714998461322,51.111109455426195,0.0031841236694426928,0.002935272073099086,0.0002488515963436069,0.061999998365840935,0.054000002021589256,-0.25000015522039915,0.0643734789199663,0.04112652105023139,0.36563924351035476,0.06290663174654444,0.0340933685812811,0.5900060549987942,240978.2,459348.45,1.649111828372857,0.865138436844622,-0.033898310435636736,0.1399999836087229,0.1399999836087229,0.055555528727333936,-0.03389831043563671,0.13999998360872293,0.13999998360872293,0.055555528727333936,62.5,59.19118249947786,69.99999441206442,66.66666666666667,-37.5,-30.000005587935572,0.0031428560614585876,0.0033809516046728405,39.44285714334587,65.55890833809194,53.11187427883749,40.77043539941076,0.04923973980216281,-0.3333333551186567,SELL,0,2
0.05999999865889549,0.05999999865889549,0.05900000035762787,0.05999999865889549,820330,0.0,0.0,EMP,2022-01-12 00:00:00+11:00,Energy,0.05263155486885318,0.05129327151296079,0.0,0.0,0.05780000016093254,1.0380622576442473,0.058399999886751174,1.027397239302175,0.05339999999850988,1.1235954805350146,0.048600000143051145,1.2345678700059495,0.04981000024825335,1.204577361169547,0.042815000154078006,1.4013779853549917,0.045859177071846474,0.7279918671730862,0.04108607036174057,0.6522211471564028,0.04620460098324873,0.7334753017718797,0.06407325219277643,1.0171313459592624,57.142860944175176,68.96552255689612,61.90476274949917,0.0032732962312111424,0.0030028769047214976,0.0002704193264896448,0.062310099036047256,0.05448990073745509,0.40919647074227267,0.06512312118515544,0.041676878811864326,0.5629898859958921,0.06325800661351504,0.03394199367258726,0.77773185179141,359610.4,469204.2,2.281163169919446,1.7483432586494323,-0.03225807033083827,0.0714285144088238,0.27659575985858487,0.09090907243657687,-0.03225807033083823,0.07142851440882372,0.2765957598585848,0.09090907243657693,81.24998835846972,66.66666666666667,84.99998789280626,73.33332836627949,-18.750011641530275,-15.00001210719374,0.003214284511549132,0.0032380943497021994,66.81938793418769,79.03225050539434,58.85324104296715,49.298620300738115,0.05006535547482978,-0.33333333333333337,SELL,0,2
0.05999999865889549,0.05999999865889549,0.0560000017285347,0.05900000035762787,378845,0.0,0.0,EMP,2022-01-13 00:00:00+11:00,Energy,-0.016666638726988814,-0.016807089903149924,-0.000999998301267624,-0.016666638726988803,0.05760000050067902,1.0243055528607565,0.058399999886751174,1.01027398068562,0.05405000001192093,1.0915818750160073,0.04870000012218952,1.2114989776097616,0.05003000024706125,1.1792924258698863,0.04290000015869737,1.3752913785401573,0.044096981164600264,0.7000178743813903,0.03827817216718614,0.6076471451789331,0.0460343123242462,0.7307720531149874,0.06406305424141419,1.0169694585001414,50.0,64.28572188835034,65.00000838190648,0.0032260863084931507,0.0030475187854758284,0.0001785675230173223,0.062310099036047256,0.05448990073745509,0.1534489147122294,0.06548356062336014,0.04261643940048172,0.43293603050955914,0.0635749897432295,0.03382501050114954,0.6924374737626353,366089.4,446801.95,1.0348428553244098,0.8479036405279788,-0.016666638726988814,0.0,0.2826087009337763,0.09259257087450834,-0.016666638726988803,0.0,0.2826087009337764,0.09259257087450842,69.23076482214175,70.99358439353716,79.99999627470962,78.33332619319344,-30.76923517785825,-20.00000372529038,0.003214284245456968,0.003238094172307423,29.423277570281734,56.900589889265355,54.51113748914308,50.08849741572784,0.05084143420713673,-0.2542372966970188,SELL,0,2
0.05900000035762787,0.05900000035762787,0.05299999937415123,0.05299999937415123,1121341,0.0,0.0,EMP,2022-01-14 00:00:00+11:00,Energy,-0.1016949313069101,-0.1072455482235543,-0.006000000983476639,-0.10169493130691012,0.05700000002980232,0.9298245499375491,0.05799999982118607,0.9137930954750029,0.054399999976158145,0.9742646948047704,0.04872000008821487,1.0878489178609765,0.05016000024974346,1.0566188020388276,0.042980000153183935,1.233131670201379,0.057554821569982574,0.9136544677612198,0.04945257334673734,0.7850352646058889,0.05273424560890223,0.8371301967465313,0.06553816906402662,1.0403861803555274,23.529402741507923,54.545453519203534,57.777779249497826,0.00267370140388129,0.002972755309156921,-0.000299053905275631,0.063163976538841,0.05283602310353114,-0.9682461251113927,0.06520740452655714,0.04359259542575915,-0.12954087130524128,0.06361577434484329,0.03382422583158645,0.2873297629380906,556836.6,468463.35,2.01377028736976,2.393657903014185,-0.053571468960416535,-0.07017545006245085,0.1521738971986708,0.019230736166063078,-0.05357146896041653,-0.07017545006245089,0.15217389719867078,0.019230736166063123,23.076912055354374,57.85255507865529,49.99999068677405,71.6666582847633,-76.92308794464563,-50.00000931322595,0.0034999985780034748,0.0034285703940050943,-91.01656927496815,9.516279897910424,46.6961408794174,47.88098068265507,0.051570948215505265,-0.15094335246187918,SELL,0,2
0.05700000002980232,0.05900000035762787,0.05700000002980232,0.05900000035762787,132991,0.0,0.0,EMP,2022-01-17 00:00:00+11:00,Energy,0.11320756706278212,0.10724554822355428,0.0020000003278255463,0.035087725031225446,0.057599999755620954,1.0243055661101854,0.05810000002384186,1.0154905393014921,0.05519999992102385,1.0688405877181302,0.04886000007390976,1.2075317287838618,0.05033000025898218,1.172263064852625,0.04309000015258789,1.369227202336978,0.08011058371953948,1.2717160914367274,0.062158648383183454,0.9867379527228631,0.0546763082278319,0.8679594850677474,0.0673821443249207,1.0696583801400146,47.61905099799668,61.53846300800431,62.74510133339859,0.0026890842333786164,0.0029160210940012603,-0.00022693686062264396,0.06330256245375848,0.05289743759392524,0.17299174126401312,0.06474986910076706,0.04565013074128063,0.3979112556499124,0.06401099548920271,0.033709004658616815,0.6692629761793144,570181.4,441998.5,0.23324331519758448,0.3008856364897166,0.05357140243737746,0.017241414747114492,0.3720929849753849,0.13461536808303154,0.05357140243737754,0.01724141474711444,0.37209298497538495,0.13461536808303157,60.0,50.76922562583204,79.99999627470962,69.99999441206442,-40.0,-20.00000372529038,0.00385714162673269,0.003619046615702765,7.407427847960115,52.15311574055373,48.416984987685474,48.64161531171085,0.05225669138337169,-0.16101695878414612,SELL,0,2
0.057999998331069946,0.057999998331069946,0.05700000002980232,0.057999998331069946,226868,0.0,0.0,EMP,2022-01-18 00:00:00+11:00,Energy,-0.016949186788074888,-0.017094468195445866,0.0,0.0,0.05779999941587448,1.0034601888791808,0.05799999982118607,0.9999999743083426,0.055799999833106996,1.0394264964971855,0.04898000001907349,1.1841567641585127,0.05052000023424626,1.1480601358301892,0.043195000141859057,1.342747960194212,0.08109646790348474,1.2873665176701135,0.06225600735380053,0.9882834784677874,0.05373090717052988,0.8529517085467155,0.06744882985683233,1.07071698014092,55.55554635730751,52.94117195899024,65.30612198351217,0.002590719231767867,0.002850960721554582,-0.0002602414897867151,0.063163976538841,0.05283602310353114,-2.8855980618155005e-07,0.06437413477757205,0.04722586488864195,0.25658547622732936,0.06432628873597249,0.03363371130217449,0.5877641479574037,536075.0,430321.35,0.42320197733526094,0.5272060054654505,0.01754382983762759,-0.016949186788074888,0.26086952648563977,0.1153845602767718,0.017543829837627666,-0.01694918678807493,0.2608695264856397,0.11538456027677187,49.99998137355156,44.35896447630199,70.58822111481278,66.86273602543214,-50.00001862644844,-29.411778885187218,0.0034999988440956387,0.0035714276489757354,-40.88626118199715,37.236983749343324,41.24959177739018,50.13531278721038,0.05290128996116612,-0.1551724115783053,SELL,0,2
0.05700000002980232,0.05999999865889549,0.0560000017285347,0.05900000035762787,599874,0.0,0.0,EMP,2022-01-19 00:00:00+11:00,Energy,0.017241414747114492,0.017094468195445956,0.0020000003278255463,0.035087725031225446,0.057599999755620954,1.0243055661101854,0.05769999995827675,1.0225303362268832,0.056399999931454656,1.0460992983924309,0.04912000000476837,1.2011400723106755,0.050690000243484974,1.1639376617523483,0.04330500014126301,1.3624292844975638,0.07748451955754256,1.2300286152394688,0.06007701915601594,0.9536931131812902,0.05370186901423866,0.8524907421062451,0.06747019187600888,1.07105609168238,57.89473271436005,50.0,63.82978908909905,0.0025639010106100132,0.0027935487793656687,-0.0002296477687556554,0.06212718785616569,0.053272812060387816,0.29364021345717234,0.06400609137294917,0.04879390848996014,0.34183133954833705,0.06470460798843139,0.03353539202110535,0.6339588626942988,491983.8,458594.85,1.2192962451202662,1.3080696392469302,-0.016666638726988814,-0.04838707545359311,0.2553191995286159,0.13461536808303154,-0.016666638726988803,-0.04838707545359316,0.25531919952861604,0.13461536808303157,60.0,56.666660457850526,75.0,75.19607246317413,-40.0,-25.0,0.0034999988440956387,0.003333332283156259,1.4815065007142196,44.89164970439007,38.36228181892743,51.35149160080649,0.053507212624292894,-0.15254236539010857,SELL,0,2
0.05900000035762787,0.05999999865889549,0.05900000035762787,0.05999999865889549,246697,0.0,0.0,EMP,2022-01-20 00:00:00+11:00,Energy,0.016949123647561848,0.016807089903149983,0.000999998301267624,0.01694912364756178,0.05779999941587448,1.0380622710251584,0.05769999995827675,1.0398613293289756,0.056949999928474423,1.0535557284328652,0.04917999997735024,1.2200081066801218,0.05088000021874905,1.1792452515907375,0.04343000013381243,1.381533467051097,0.07724031985242959,1.2261520650996836,0.059456321212869236,0.9438398388001573,0.05325831699024432,0.8454495720121948,0.06619690861826533,1.0508433465911904,57.89473271436005,54.83870812683004,63.82978908909905,0.0025934432829024454,0.0027535276800730243,-0.00016008439717057898,0.06212718785616569,0.053272812060387816,0.5195168476394405,0.06386223090779003,0.05003776894915882,0.4412466451928455,0.06491084850601202,0.03344915144868846,0.6878204098037748,465554.2,469149.9,0.5298996335979785,0.5258383301371268,0.016949123647561848,0.0,0.2244898005730409,0.05263155486885318,0.01694912364756178,0.0,0.22448980057304088,0.05263155486885312,69.99998137355156,59.999987582367716,81.24998835846972,75.61273649109417,-30.00001862644844,-18.750011641530275,0.003214284511549132,0.003333332283156259,70.54261509157652,69.63540424781988,51.92991120167946,52.82662769708497,0.05407677992763206,-0.19999997516473078,SELL,0,2
0.05999999865889549,0.05999999865889549,0.057999998331069946,0.05900000035762787,421111,0.0,0.0,EMP,2022-01-21 00:00:00+11:00,Energy,-0.016666638726988814,-0.016807089903149924,-0.000999998301267624,-0.016666638726988803,0.05899999961256981,1.0000000126281028,0.05799999982118607,1.0172413886124967,0.05734999999403954,1.0287707125328651,0.04935999996960163,1.1952998459068687,0.05106000021100044,1.1555033316454397,0.04354500014334917,1.3549202012493093,0.053329782365559276,0.8465840496748065,0.055014879316534246,0.8733341344786842,0.05314437528701227,0.843640803547928,0.06373245532736621,1.0117213634384676,47.05882868552263,51.61290671463238,60.8695687384602,0.0025072620843648863,0.002704274560931397,-0.00019701247656651053,0.06232049317866084,0.05367950646371129,0.2314551727551499,0.06371685398858143,0.05098314599949765,0.2591547356045588,0.06533324303133387,0.033386756907869394,0.6035092780326612,325508.2,479803.75,1.2937032001037148,0.8776734237696141,0.11320756706278212,0.05357140243737746,0.15686277374310165,0.17999998956918728,0.11320756706278218,0.05357140243737754,0.15686277374310165,0.1799999895691873,60.0,63.33332712451719,75.0,77.08332945282325,-40.0,-25.0,0.0032857132277318408,0.003333332283156259,27.999968806894845,51.60679035542144,51.983186682853315,50.35931334361473,0.054612173192770876,-0.11864405495447194,SELL,0,2
0.057999998331069946,0.057999998331069946,0.054999999701976776,0.0560000017285347,436883,0.0,0.0,EMP,2022-01-24 00:00:00+11:00,Energy,-0.05084743408319847,-0.052185728365368916,-0.001999996602535248,-0.034482701035939034,0.058399999886751174,0.9589041410467375,0.05799999982118607,0.9655172741583213,0.05765000004321337,0.9713790405300631,0.04951999999582767,1.1308562547102787,0.05120000023394823,1.0937500287627697,0.04365000015124679,1.2829324521075667,0.0284147110118059,0.4510695534780415,0.057962547727357684,0.920126919853803,0.05446090903950342,0.8645401289582136,0.06390780607017493,1.0145049701845616,42.105267285639954,45.45454648079647,55.31915281492501,0.002171852285077422,0.002597790105760602,-0.0004259378206831802,0.06232049317866084,0.05367950646371129,-0.46290965572050313,0.06305077868607918,0.05224922140034756,-0.30551119084620265,0.06559756726673437,0.03344243272492098,0.4030461588820699,386286.6,497461.55,1.1309815044063138,0.87822465877011,-0.05084743408319847,0.0,0.12000001788139314,0.16666669253673794,-0.05084743408319849,0.0,0.12000001788139317,0.16666669253673796,30.00001862644844,53.33333333333334,46.153852766787374,67.46794704175237,-69.99998137355156,-53.846147233212626,0.0034285703940050943,0.003333332283156259,-104.55373478869377,-38.378382068293945,44.261844110674055,47.333567227345895,0.06300000101327896,-0.1071428713977941,SELL,0,2
0.054999999701976776,0.054999999701976776,0.04800000041723251,0.04800000041723251,1146200,0.0,0.0,EMP,2022-01-25 00:00:00+11:00,Energy,-0.14285716186372543,-0.15415070200160488,-0.006999999284744263,-0.12727271495771794,0.05640000030398369,0.8510638325979253,0.057099999859929085,0.8406304822238247,0.05755000002682209,0.8340573483034118,0.04947999998927116,0.9700889334608012,0.051270000226795676,0.9362200156992756,0.04371000016108155,1.0981468826433611,0.06642292285362553,1.0544312113483314,0.07320248231476162,1.1620533813447784,0.06397458257500968,1.0155650143358508,0.0670013157115314,1.0636129133210206,38.09524147418596,31.578946852452802,48.148147637134336,0.0012461396336220856,0.002327460011332899,-0.0010813203777108133,0.06478548345233714,0.04941451626752102,-1.1840503376633065,0.06358411271549222,0.051515887338151954,-1.5826684224046719,0.06556264387922965,0.03339735609931267,-0.09202464359499463,570153.0,546921.6,2.010337576054147,2.0957299912821146,-0.1724137620962749,-0.1578947299625295,-0.04000000596046438,-0.04000000596046438,-0.17241376209627488,-0.15789472996252946,-0.04000000596046439,-0.04000000596046439,0.0,30.000006208816156,0.0,40.384617588929125,-100.0,-100.0,0.003714284726551601,0.003619046615702765,-282.62914315754455,-239.57221469317219,35.20602830716014,42.66350336314737,0.06284000098705292,0.041666673134184595,HOLD,0,1
0.04899999871850014,0.04899999871850014,0.04899999871850014,0.04899999871850014,84020,0.0,0.0,EMP,2022-01-27 00:00:00+11:00,Energy,0.020833297761985392,0.020619252357333008,0.0,0.0,0.054399999976158145,0.900735270955429,0.05599999986588955,0.8749999792115496,0.057199999876320365,0.856643336091774,0.04945999994874001,0.9906995303130487,0.0513000002130866,0.9551656630597881,0.04376000015065074,1.1197440253612858,0.06714783408703365,1.0659388204255014,0.07060371843423052,1.1207992836804037,0.0577154972521958,0.916205115142451,0.06705763807141936,1.0645070030661155,18.74999272404189,35.13513241395836,49.09090712050734,0.0005864371115445605,0.001979255431375231,-0.0013928183198306707,0.06489444273018317,0.047105557001595924,-0.7870083887424395,0.0643259343672603,0.05007406538538042,-1.150726430090801,0.06554249156418444,0.03337750833329557,-0.028602609672628048,466982.2,509293.55,0.179921204705447,0.1649736188490901,-0.16949155217818357,-0.18333333643774197,-0.1250000498922792,-0.02000004023313462,-0.16949155217818354,-0.183333336437742,-0.12500004989227925,-0.020000040233134623,8.33332039829568,12.777779674914717,6.666655076875087,17.606835947887486,-91.66667960170432,-93.33334492312491,0.0036428560103688922,0.003619046615702765,-222.64897603121386,-270.76928913946495,36.889881662883724,42.92033468447266,0.0622464009642601,0.020408205157367965,HOLD,0,1
0.05000000074505806,0.052000001072883606,0.05000000074505806,0.052000001072883606,414241,0.0,0.0,EMP,2022-01-28 00:00:00+11:00,Energy,0.061224539445769555,0.059423467256236345,0.0020000003278255463,0.04000000596046439,0.05280000045895576,0.9848484966076082,0.05529999993741512,0.940325517752871,0.05684999991208315,0.914687795132807,0.04961999997496605,1.0479645525819892,0.05137000020593405,1.012263984123496,0.043830000162124634,1.186402027847105,0.07771906462893163,1.2337519028202573,0.07490163654086437,1.1890266184732523,0.05814821818226187,0.9230743469507352,0.06521526851661322,1.0352602930755526,33.33334023201937,44.444443294663444,46.153845051689125,0.00030220954432301494,0.0016438462539647878,-0.0013416367096417729,0.06424675588813428,0.04635324398669596,-0.3688486511433514,0.06428462675759833,0.04941537306656798,-0.6523526923379125,0.06563983481351837,0.03360016513641373,0.1485658948361937,500491.0,483617.2,0.8276692288173014,0.8565472857458337,-0.13333329608042954,-0.11864405495447194,-0.11864405495447194,0.18181821260570508,-0.13333329608042951,-0.1186440549544719,-0.1186440549544719,0.1818182126057051,33.33334368136346,13.888888026553056,26.66666997803569,11.111108351636924,-66.66665631863654,-73.33333002196431,0.003571427826370512,0.0034285705713998703,-118.67319288726192,-167.5097035362581,41.56846500557021,40.5543607726318,0.061676544942379,-0.03846154397232282,HOLD,0,1
0.05000000074505806,0.05000000074505806,0.05000000074505806,0.05000000074505806,81666,0.0,0.0,EMP,2022-01-31 00:00:00+11:00,Energy,-0.03846154397232282,-0.03922071888449705,0.0,0.0,0.051000000536441804,0.9803921611595043,0.055000000074505805,0.9090909214059183,0.056499999947845936,0.8849557662161434,0.04971999995410442,1.0056315525183448,0.05142000019550323,0.9723842970625007,0.043900000173598526,1.1389521764769395,0.07769956665056092,1.2334423820092326,0.06870951522388596,1.0907297399172524,0.05827784582081881,0.9251321219187086,0.06545657284124469,1.0390908804751082,26.315787409811193,42.10526160999014,41.17647015855933,-8.346404069786706e-05,0.0012983841950322567,-0.0013818482357301238,0.06447511330782285,0.04552488684118876,-0.5276981083314556,0.06453937609058197,0.048460623805109904,-0.8085203487662338,0.06568445049634118,0.03375554941186766,0.017539018346597466,432602.0,408953.1,0.18877860019139994,0.19969527068018314,-0.15254236539010857,-0.05660374838714255,-0.12280700493130403,0.11111108351636934,-0.1525423653901086,-0.05660374838714258,-0.12280700493130402,0.11111108351636925,16.66667184068173,19.4444453067803,13.333334989017844,15.555553347976208,-83.33332815931827,-86.66666501098216,0.0035714280924626757,0.003333332637945811,-116.06958845231104,-165.11626812290655,41.53087828930828,34.37199815768925,0.06112948316137314,-0.08000001192092876,SELL,0,2
0.05000000074505806,0.05000000074505806,0.05000000074505806,0.05000000074505806,0,0.0,0.0,EMP,2022-02-01 00:00:00+11:00,Energy,0.0,0.0,0.0,0.0,0.04980000033974648,1.0040160723684164,0.05410000011324882,0.9242144295821046,0.05610000006854534,0.8912656093398567,0.04985999993979931,1.0028078781674246,0.051430000215768816,0.9721952272076346,0.04395500017330051,1.1375270287322046,0.0776198840154875,1.2321774593919452,0.05534633646880111,0.878595853649715,0.058054251966485594,0.9215826795192201,0.06508396625576526,1.0331759343028473,22.222226821346254,40.54054162901104,42.857142857142854,-0.0003846787977290697,0.0009617715964799914,-0.0013464503942090611,0.06359619762105347,0.04460380260544418,-0.4317516948042722,0.06460758118372079,0.0475924189533699,-0.717007483197119,0.06570625132050625,0.03401374855909236,0.0088349478936831,345225.4,387247.25,0.0,0.0,-0.1071428713977941,-0.15254236539010857,-0.13793099683119092,0.16279067551206494,-0.10714287139779408,-0.1525423653901086,-0.1379309968311909,0.16279067551206497,16.66667184068173,22.22222912090898,13.333334989017844,17.777779985357125,-83.33332815931827,-86.66666501098216,0.0032857140260083334,0.0030952374495211103,-94.98140349491119,-136.73468324937943,37.56581822865289,41.17148855453418,0.06060430385160752,-0.05000002607703169,SELL,0,2
0.05000000074505806,0.05000000074505806,0.05000000074505806,0.05000000074505806,0,0.0,0.0,EMP,2022-02-02 00:00:00+11:00,Energy,0.0,0.0,0.0,0.0,0.050200000405311584,0.9960159430550052,0.05330000035464764,0.9380863116766973,0.05565000008791685,0.8984726085546663,0.04999999992549419,1.0000000163912774,0.05146000023931265,0.9716284592408682,0.0440250001847744,1.135718354008095,0.03633742400730612,0.5768387232482406,0.05553761965014276,0.8816323800166307,0.05782239656520446,0.9179020891277183,0.06508396625576526,1.0331759343028473,23.529414342761314,35.29412151414198,41.666668606922165,-0.0006162894615258305,0.000646159384878827,-0.0012624488464046575,0.06268320020150905,0.043916800507786215,-0.35169235052511344,0.06445848808132029,0.04684151209451341,-0.6414266951479076,0.06572207626923098,0.03427792358175741,5.21282208686204e-08,115985.4,365797.9,0.0,0.0,0.041666673134184595,-0.13793099683119092,-0.15254236539010857,0.16279067551206494,0.04166667313418449,-0.1379309968311909,-0.1525423653901086,0.16279067551206497,16.66667184068173,16.66667184068173,13.333334989017844,13.333334989017844,-83.33332815931827,-86.66666501098216,0.0030714284096445355,0.0030476184827940805,-79.73620422094945,-115.59632177801768,27.06215922253736,43.545919857576024,0.06010013171423252,-0.02000004023313462,HOLD,0,1
0.04899999871850014,0.052000001072883606,0.04899999871850014,0.04899999871850014,416083,0.0,0.0,EMP,2022-02-03 00:00:00+11:00,Energy,-0.02000004023313462,-0.02020274837173929,0.0,0.0,0.050200000405311584,0.9760955841210616,0.052300000190734865,0.9369024577399651,0.055000000074505805,0.8909090664022226,0.05015999987721443,0.9768739800328183,0.051390000209212305,0.9534928686323739,0.04409500017762184,1.1112370681737196,0.03750403118358215,0.5953580380450186,0.05450418962710614,0.8652271869865749,0.056266092365260235,0.8931965258632117,0.06476265023390582,1.028075200586243,26.666663355298454,35.294117647058826,39.58333090801396,-0.0008704998075133724,0.0003428275464003871,-0.0012133273539137596,0.06109646410989529,0.04350353627157444,-0.37515091320350613,0.06375394619601576,0.046246053952995844,-0.68540533294609,0.06566962864618028,0.034650371108248576,-0.07479232262705142,182398.0,375243.6,2.2811818112040703,1.108834367861304,0.0,-0.16949155217818357,-0.20967742710778425,0.19512188695216204,0.0,-0.16949155217818354,-0.2096774271077843,0.195121886952162,8.33332039829568,13.888888026553056,6.666655076875087,11.111108351636927,-91.66667960170432,-93.33334492312491,0.003000000225646155,0.003095237626915886,-68.3229941093747,-100.28654543916797,27.18316755138848,38.12183172999217,0.05961612646235252,-0.06122446341943488,SELL,0,2
0.04899999871850014,0.04899999871850014,0.04600000008940697,0.04800000041723251,579235,0.0,0.0,EMP,2022-02-04 00:00:00+11:00,Energy,-0.020408129131033403,-0.020619252357332887,-0.000999998301267624,-0.02040812913103344,0.049400000274181365,0.9716599220814063,0.05110000036656857,0.9393346393914278,0.054400000162422656,0.8823529462117354,0.05031999990344047,0.9538950816641528,0.0513000002130866,0.9356725188665348,0.04414000017568469,1.0874490309511637,0.01621494196979051,0.257404223852457,0.05318435148879251,0.8442754060775568,0.05608319842404961,0.890293174554749,0.06472749880716351,1.0275171889859076,50.0,41.379313002584965,34.78260904775904,-0.0011395191760376414,4.6358201912781334e-05,-0.0011858773779504226,0.058369419575981435,0.0438305811571557,-0.42644396478359525,0.06335368193127415,0.04544631839357116,-0.7147897267752771,0.0655646179362224,0.03507538187065854,-0.15218482229066327,215396.8,386882.85,2.689153227903107,1.4971844836234018,-0.07692308794464564,-0.19999997516473078,-0.19999997516473078,0.20000003725290383,-0.07692308794464563,-0.19999997516473078,-0.19999997516473078,0.20000003725290383,14.285718087031306,13.095236775336247,13.333334989017844,11.111108351636924,-85.7142819129687,-86.66666501098216,0.002785714343190193,0.0030476184827940805,-92.6414149698453,-123.86496828442783,30.806117710746904,33.82507885916051,0.05915148142054772,-0.020833375372199203,HOLD,0,1
0.04800000041723251,0.05299999937415123,0.04800000041723251,0.05299999937415123,423675,0.0,0.0,EMP,2022-02-07 00:00:00+11:00,Energy,0.10416664403035436,0.09909088214341955,0.004999998956918716,0.10416664403035429,0.05,1.0599999874830246,0.0505000002682209,1.049504932527764,0.054250000044703484,0.9769585130041988,0.05057999990880489,1.047844987538742,0.05128000020980835,1.0335413252204686,0.04422000017017126,1.1985526723245592,0.052091636694748415,0.8269290964837858,0.06631318364940907,1.052689155487746,0.05981366712313371,0.9495125292636721,0.06620167590991542,1.0509190249999911,66.66666666666666,39.28571286022059,42.857142857142854,-0.0009384430473946062,-0.00015060204794869623,-0.00078784099944591,0.05551109996499683,0.04548890057144497,0.4988923105119615,0.06319132902015152,0.04530867106925544,-0.1398003220756809,0.06554712067097329,0.035612879146636495,0.16168770893218434,283798.6,399686.35,1.4928720578607506,1.060018687153064,0.05999997168779414,-0.1016949313069101,-0.053571468960416535,0.325000013969839,0.059999971687794154,-0.10169493130691012,-0.05357146896041653,0.3250000139698389,50.0,24.20634616177567,50.0,23.33333002196431,-50.0,-50.0,0.0027142856270074844,0.0031904755603699457,-27.697846844129234,-54.161787850008146,34.397303535104,38.63230183404386,0.05836239254067928,-0.07547171137518816,SELL,0,2
0.052000001072883606,0.05400000140070915,0.05000000074505806,0.052000001072883606,926264,0.0,0.0,EMP,2022-02-08 00:00:00+11:00,Energy,-0.018867892699548472,-0.019048162529850178,0.0,0.0,0.05040000006556511,1.0317460516912116,0.050100000202655794,1.0379241689130192,0.05405000001192093,0.9620721750493026,0.05081999994814396,1.0232192271929104,0.051170000210404396,1.0162204584535148,0.04429000018164515,1.174079947157771,0.05389839417265456,0.8556104822794613,0.06480526146912685,1.0287516329749558,0.0599453485319052,0.9516029068230721,0.0663003287940227,1.052485090984794,50.0,39.2857180870313,45.6521728567229,-0.0008499822065657775,-0.00029047807967211254,-0.000559504126893665,0.05355768126312431,0.04664231914218728,0.5495014829304014,0.06300544490070997,0.04509455512313189,-0.22891089884363364,0.06547627981207899,0.036163720084208935,0.08051163976769436,469051.4,442686.2,1.9747601222382023,2.0923715263769234,0.04000000596046438,-0.07142858093186266,-0.07142858093186266,0.30000005587935563,0.04000000596046439,-0.07142858093186272,-0.07142858093186272,0.30000005587935574,42.85715426109392,35.71429078270842,42.85715426109392,35.396829750037256,-57.14284573890608,-57.14284573890608,0.0028571427932807376,0.0031904757377647216,-9.999980182467953,-38.35614756417899,46.246182416594166,45.49193886878404,0.05762064899360294,-0.05769235177858245,SELL,0,2
0.04899999871850014,0.05000000074505806,0.04500000178813934,0.04500000178813934,1590388,0.0,0.0,EMP,2022-02-09 00:00:00+11:00,Energy,-0.13461536808303154,-0.14458120970705535,-0.003999996930360794,-0.08163259255046837,0.049400000274181365,0.9109312052303438,0.04980000033974648,0.9036144875730824,0.05345000009983778,0.8419083574197396,0.05100000001490116,0.8823529759802208,0.05102000024169683,0.8820070869259314,0.04433500019833445,1.0149994719032363,0.08446059779984334,1.3407704241734077,0.06288742576729085,0.9983069350397213,0.06661599908568669,1.0574962015129987,0.06761191646772743,1.0733058998284768,33.33333333333333,29.411763416854356,39.62264071371507,-0.0013293933744251835,-0.0004982611386227269,-0.0008311322358024566,0.05439951682460839,0.045200483854884566,-1.0435876395714752,0.06315024358399411,0.04374975661568145,-0.871111980384827,0.06512480824187156,0.036875191787930764,-0.4247844027577815,787129.0,502335.6,2.020492193782722,3.1659870413325275,-0.09999997764825852,-0.062499970896169765,-0.21052628483138258,0.25000010348029056,-0.09999997764825855,-0.06249997089616979,-0.21052628483138258,0.2500001034802905,0.0,30.95238475369798,0.0,30.95238475369797,-100.0,-100.0,0.0030714286757367,0.0034285711035841986,-114.7540750337894,-115.58680583219575,30.795163745030493,39.72127461932473,0.056923410059351184,0.06666663355297642,BUY,0,0
0.04699999839067459,0.04699999839067459,0.04500000178813934,0.04600000008940697,909109,0.0,0.0,EMP,2022-02-10 00:00:00+11:00,Energy,0.02222218358958372,0.021978868925975996,-0.000999998301267624,-0.02127656032996879,0.04880000054836273,0.9426229420595835,0.049500000476837155,0.9292929221471833,0.05275000017136335,0.8720379135539645,0.051200000047683714,0.8984375009094947,0.05094000022858381,0.903023162210257,0.044380000196397304,1.036502926675092,0.08629455794084495,1.3698836388583788,0.0629513697372788,0.9993220140943031,0.06545808232984571,1.039114842863779,0.06764028478580884,1.0737562329170163,37.499994179232154,29.411763416854356,39.62264071371507,-0.001610078688465466,-0.0007206246485912748,-0.0008894540398741913,0.05468544985814719,0.04431455109552712,-0.6749656837930528,0.062480580923016296,0.04301941941971041,-0.6936893340934207,0.06472850357114307,0.03767149652422436,-0.38437362634082833,885734.2,506774.55,1.0263903098694847,1.7939121054914853,-0.06122446341943488,-0.06122446341943488,-0.23333331470688146,0.2777778352668281,-0.06122446341943493,-0.06122446341943493,-0.23333331470688143,0.2777778352668281,6.666656732557132,16.507936997883693,6.666656732557132,16.507936997883682,-93.33334326744287,-93.33334326744287,0.0031428571258272442,0.003333332992735363,-132.27818174099602,-114.76243074035207,24.57786085613546,34.409174183314164,0.055969537397654236,0.08695653582340368,BUY,0,0
0.04500000178813934,0.04650000110268593,0.04500000178813934,0.04500000178813934,1723566,0.0,0.0,EMP,2022-02-11 00:00:00+11:00,Energy,-0.021739093463565173,-0.021978868925975913,0.0,0.0,0.048200000822544095,0.9336099796722814,0.04880000054836273,0.9221311738212494,0.05205000024288893,0.8645533444409012,0.051400000080466274,0.8754864147410937,0.05094000022858381,0.883392257287204,0.04441500021144748,1.0131712613735637,0.08633865789893089,1.3705837039899214,0.058650916460301294,0.9310544347198916,0.06549056588594031,1.039630503330531,0.0675820994252897,1.0728325689537466,35.294115069002274,29.411763416854356,35.2941193657627,-0.0018914123039717595,-0.0009547821796673718,-0.0009366301243043877,0.054361773971099855,0.04323822712562561,-0.6832350891333675,0.06190099466766354,0.04219900581811432,-0.7156636325992933,0.0642285396093888,0.03857146055154374,-0.4988875216775722,1114600.4,574010.6,1.5463532939697493,3.002672772941824,-0.062499970896169765,-0.13461536808303154,-0.23728810990894378,0.28571433133008517,-0.06249997089616979,-0.13461536808303157,-0.2372881099089438,0.2857143313300851,0.0,2.2222189108523867,0.0,2.2222189108523773,-100.0,-100.0,0.00310714276773589,0.0032619044539474304,-142.9392721980746,-114.84373597104312,21.476264949354373,24.621845849954823,0.055091974548893044,0.08888881714256014,BUY,0,0
0.04600000008940697,0.04600000008940697,0.04399999976158142,0.04500000178813934,452995,0.0,0.0,EMP,2022-02-14 00:00:00+11:00,Energy,0.0,0.0,-0.000999998301267624,-0.021739093463565163,0.04660000130534172,0.9656652473737384,0.04830000065267086,0.9316770430654429,0.051650000363588335,0.8712488184194276,0.05158000014722347,0.8724312070511243,0.050850000232458115,0.8849557833318424,0.04445000022649765,1.012373488387832,0.06074927547504379,0.9643648514059265,0.058036849758807386,0.92130642803654,0.06196071086782281,0.9835957920782173,0.06751867656473734,1.0718257622549991,37.500002910384595,32.25806219024507,36.000000596046476,-0.00209027582262801,-0.0011818809082594997,-0.0009083949143685102,0.05426657306391548,0.04233342824142623,-0.5530811724185769,0.06197676594260911,0.04132323478456756,-0.6439575416487345,0.06376289180049546,0.039397108493951484,-0.5401015248557121,1120464.4,540593.3,0.40429218456204413,0.83795896101561,-0.15094335246187918,-0.09999997764825852,-0.15094335246187918,0.25000010348029056,-0.1509433524618792,-0.09999997764825855,-0.1509433524618792,0.2500001034802905,9.090927563423067,5.2525280986600755,6.250013096724608,4.30555660976058,-90.90907243657693,-93.74998690327538,0.0029642856014626367,0.0031666665204933713,-132.9293011028108,-116.04062961505355,21.692202980425378,24.691968220928402,0.054284616728032746,0.06666663355297642,BUY,0,0
0.04600000008940697,0.04600000008940697,0.04399999976158142,0.04399999976158142,1691901,0.0,0.0,EMP,2022-02-15 00:00:00+11:00,Energy,-0.022222266373809196,-0.022472901007091747,-0.0020000003278255463,-0.043478267911701875,0.045000001043081286,0.9777777498151055,0.0477000005543232,0.9224318501101897,0.050900000333786014,0.86444006823268,0.05166000016033649,0.8517227956836851,0.05078000023961067,0.8664828584868626,0.0444950002245605,0.9888751441626952,0.06060567499922235,0.9620852645228821,0.058082603086616974,0.9220327395987666,0.0552523952818685,0.8771045835387755,0.06592302266664304,1.0464955418976694,37.499994179232154,41.666664079659135,39.99999999999999,-0.002302032008051305,-0.001405911128217861,-0.0008961208798334442,0.05409791602842667,0.04130208508021973,-0.5783134847151529,0.06115773090452076,0.04064226976305127,-0.6726634633873363,0.06358226498526715,0.03973773533540583,-0.6424954076458055,1273591.8,618538.8,1.3284484086659476,2.735319110135047,-0.15384617588929128,-0.12000001788139314,-0.2542372966970188,0.1000000186264518,-0.15384617588929125,-0.12000001788139317,-0.2542372966970187,0.10000001862645191,0.0,3.0303091878076986,0.0,2.0833376989082026,-100.0,-100.0,0.002535714102642877,0.0029761902987957,-115.23957375582896,-112.5166556697017,20.807132433542392,24.13480193347337,0.053256155031387614,0.022727318908557725,HOLD,0,1
0.04500000178813934,0.04600000008940697,0.04450000077486038,0.04600000008940697,1662943,0.0,0.0,EMP,2022-02-16 00:00:00+11:00,Energy,0.045454553151426325,0.04445176993306769,0.000999998301267624,0.022222183589583624,0.04520000070333481,1.0176991011863663,0.047300000488758084,0.9725158480778432,0.050300000421702865,0.9145129165756313,0.05178000018000603,0.8883738881709986,0.050730000250041485,0.9067612825286622,0.044550000224262476,1.0325476960234627,0.029214188901776586,0.4637608715313841,0.06076833304917941,0.9646673810164568,0.056762000341221114,0.9010688209286071,0.06617984882736733,1.0505725308063811,23.07691866829434,44.000002384185926,34.1463401337452,-0.0022821596826384516,-0.0015811608391019794,-0.0007009988435364722,0.053557439638719326,0.04104256133879684,-0.20775278323867838,0.06020693532543217,0.04039306551797356,-0.4340394253198568,0.06333847567543724,0.04022152468457482,-0.5000659553142418,1288102.8,690342.55,1.2910017740820066,2.4088664388425713,0.02222218358958372,-0.08000001192092876,-0.20689652736135877,0.15000002793967782,0.022222183589583624,-0.08000001192092877,-0.20689652736135883,0.15000002793967787,20.0,9.696975854474365,12.500002910383246,6.2500053357026175,-80.0,-87.49999708961676,0.0026071428188255857,0.002785714077098029,-76.56766209743216,-93.08062794608391,32.729902991813745,31.66856039128534,0.052330539504407,0.04347826791170184,HOLD,0,1
0.04600000008940697,0.04699999839067459,0.04600000008940697,0.04699999839067459,488296,0.0,0.0,EMP,2022-02-17 00:00:00+11:00,Energy,0.021739093463565062,0.021506169036367036,0.000999998301267624,0.021739093463565163,0.045400000363588336,1.0352422470104095,0.04710000045597553,0.9978768139207469,0.0497000003233552,0.9456740057321124,0.05190000012516975,0.9055876354012026,0.05072000022977591,0.9266561154919428,0.04461500020697713,1.0534573164324335,0.029142640856809846,0.46262508152873494,0.06117780904196274,0.9711676108849925,0.05688409288086712,0.9030069799096448,0.06616123538752251,1.0502770516091442,30.769215339030154,39.13042633204266,36.5853638591542,-0.0021608107349046016,-0.0016970908182625038,-0.00046371991664209775,0.05324274623205248,0.04095725467989858,-0.016279701121671063,0.05880985581121839,0.040590144835492004,-0.29638252069725396,0.06312133511281622,0.04067866513752329,-0.4366683411456441,1203940.2,684763.65,0.4055816061296068,0.7130869169238174,0.021739093463565062,-0.04081633428840148,-0.2033898626138202,0.1463413924989374,0.021739093463565163,-0.04081633428840149,-0.20338986261382025,0.14634139249893738,29.99998137355156,16.66666045785053,18.749992724041885,10.416665211475044,-70.00001862644844,-81.25000727595811,0.002464285386460168,0.002738094932976223,-37.36157142330115,-68.62747577746808,32.93025782803424,34.51114074940716,0.05149748553012444,0.0,HOLD,0,1
0.04600000008940697,0.04600000008940697,0.042500000447034836,0.04450000077486038,2614910,0.0,0.0,EMP,2022-02-18 00:00:00+11:00,Energy,-0.053191440455671146,-0.05465836088430458,-0.001499999314546585,-0.03260868068763352,0.04530000016093254,0.9823399694651196,0.04675000049173832,0.951871664316334,0.048925000429153445,0.9095554498624737,0.051970000118017196,0.8562632417511371,0.05069500025361776,0.8777986103606877,0.0446725002117455,0.9961385766172146,0.03823725006248854,0.606997526906002,0.06309670701560481,1.0016291718623687,0.05731486020851932,0.9098451992410425,0.06666619316791036,1.0582930078661046,47.05881579524039,38.297868293028586,32.94117265506503,-0.002240542158484002,-0.0018057810863068033,-0.00043476107217719855,0.05306136524706574,0.04043863573641089,-0.3564997118854062,0.056913643699358,0.04093635715894889,-0.5539112843850589,0.06295498024945931,0.04098501998657508,-0.6800193768011987,1382209.0,803174.3,1.8918340135247274,3.255719213127213,-0.011111133186904598,-0.07291665858226937,-0.25833330384145115,0.08536584257795887,-0.011111133186904595,-0.0729166585822694,-0.25833330384145115,0.08536584257795897,17.391305756253303,22.463762376601633,11.428574469625044,14.226190034683393,-82.6086942437467,-88.57142553037495,0.0026428566447326113,0.002761904505037126,-93.89389400363682,-105.6241371884024,27.01960606988186,26.386180590520524,0.05074773695327014,0.05617972072545552,BUY,0,0
0.04399999976158142,0.04399999976158142,0.04100000113248825,0.04100000113248825,2244900,0.0,0.0,EMP,2022-02-21 00:00:00+11:00,Energy,-0.0786516759871475,-0.08191711225881516,-0.00299999862909317,-0.06818178739429488,0.044500000029802325,0.9213483394388747,0.04555000066757202,0.9001097811547782,0.04802500046789646,0.8537220350449709,0.05177000015974045,0.7919644776121207,0.05064500026404858,0.8095567364740043,0.04471750020980835,0.9168670194022898,0.05132886486374157,0.8148204690522088,0.053476686862509885,0.8489160862672567,0.059157773305018764,0.9391005376884914,0.057997355512962784,0.9206794763202027,27.2727241939739,33.33332873420804,28.88888723320396,-0.0025566788047427375,-0.00195596062999399,-0.0006007181747487472,0.05109677118901548,0.040003230146128554,-0.8202970570882206,0.0552541445950996,0.040795856340693326,-0.9717608629454864,0.06318286395630902,0.04035713636317186,-0.9436719143612603,1740590.0,894363.75,1.2897350898258637,2.510052537348478,-0.08888889992678561,-0.22641506383706733,-0.30508473078021725,-0.19607839413396788,-0.08888889992678563,-0.22641506383706733,-0.3050847307802172,-0.19607839413396788,0.0,15.797095709934965,0.0,10.059522397888978,-100.0,-100.0,0.0028928566191877636,0.0028809521879468647,-142.32648867283297,-141.46806089218413,23.468542123582083,22.20431428061704,0.049758008572521904,0.12195119070269334,BUY,0,0
0.04100000113248825,0.04100000113248825,0.03700000047683716,0.03799999877810478,1877127,0.0,0.0,EMP,2022-02-22 00:00:00+11:00,Energy,-0.0731707871102052,-0.07598596675472416,-0.0030000023543834686,-0.07317078711020517,0.04329999983310699,0.8775981275882164,0.04415000043809414,0.8607021155387594,0.04712500032037496,0.8063660163345422,0.05141000010073185,0.7391557810474276,0.050525000244379045,0.7521028915251182,0.044752500206232074,0.849114543388417,0.05724770629026044,0.9087791638373831,0.05561349042108551,0.8828367911667903,0.06004759092384089,0.9532259544781335,0.05697430613153819,0.9044390708670751,23.07691205535437,29.99999254941784,27.659570252047615,-0.003014544697691232,-0.0021676774435334385,-0.0008468672541577936,0.04952587283723102,0.03877412803895726,-1.1440006762394073,0.054649521655999525,0.0396004789847504,-1.2127019294992503,0.06339926369280302,0.039420736508660674,-1.1185008336538256,1777635.2,966375.95,1.05596862618382,1.9424396892327465,-0.13636365945427886,-0.26923080780625974,-0.3214286141933822,-0.3214286141933822,-0.13636365945427883,-0.2692308078062597,-0.3214286141933822,-0.3214286141933822,5.882342628954752,7.757882795069361,4.761897159270723,5.39682387629859,-94.11765737104525,-95.23810284072928,0.0031785709517342703,0.0029761902987957,-199.63671311420543,-194.61427180428848,21.312316366904966,21.028877657869373,0.048531887530917195,0.18421061145054285,BUY,0,0
0.03799999877810478,0.039000000804662704,0.03700000047683716,0.03799999877810478,817695,0.0,0.0,EMP,2022-02-23 00:00:00+11:00,Energy,0.0,0.0,0.0,0.0,0.04169999957084656,0.9112709632896847,0.04345000013709068,0.8745684386239263,0.046625000238418576,0.8150133744512698,0.05117000006139279,0.7426226056774108,0.050425000227987765,0.7535944195596326,0.04477250019088388,0.8487352418581698,0.0450667187113048,0.7154119806948828,0.04192904803953452,0.665603002933732,0.05234460179937363,0.8309447930270802,0.05508017898764816,0.8743707346214546,23.07691205535437,31.03447744310388,29.545449350059542,-0.0033389177511672155,-0.0024019255050601943,-0.0009369922461070213,0.05002351680205598,0.03687648347212538,-0.8290845884718949,0.055165153419056166,0.038084847057780986,-1.0099352175401926,0.06374079531971884,0.03859920480306673,-1.0476665169266102,1608585.6,949950.7,0.5083316672734108,0.8607762487042749,-0.17391307164680747,-0.15555561626398762,-0.20833336567092242,-0.24000003576278628,-0.1739130716468075,-0.15555561626398764,-0.20833336567092245,-0.24000003576278633,5.882342628954752,3.9215617526365105,5.5555463573075095,3.439147838859411,-94.11765737104525,-94.4444536426925,0.0031071422355515616,0.0028809521879468647,-178.50000486771248,-189.83051900512993,21.03885455769941,20.879272325099308,0.046686785602264386,0.9473685087672259,BUY,0,0
0.039000000804662704,0.04100000113248825,0.039000000804662704,0.03999999910593033,1830447,0.0,0.0,EMP,2022-02-24 00:00:00+11:00,Energy,0.05263158926673239,0.05129330419094626,0.000999998301267624,0.02564098155475083,0.04029999971389771,0.9925558161266209,0.04285000003874302,0.9334888931100151,0.04617500025779009,0.866269602222298,0.0510300000756979,0.783852617021249,0.050345000214874744,0.7945178058438478,0.044802500177174805,0.892807297533561,0.055891389781781466,0.8872483067542223,0.0459185422267594,0.7289342597917408,0.05380214396155801,0.8540825575462677,0.0550449463856306,0.8738114344035736,35.71428191296869,36.6666616996119,39.473681114716804,-0.0033954616529396076,-0.002600632734636077,-0.0007948289183035305,0.04948408807632317,0.03621591200116287,-0.4295995043581393,0.05512677221093582,0.037223228304644355,-0.6898076921731469,0.06394164630434802,0.03811835384704777,-0.8542675948859796,1877015.8,1037272.05,0.975189979754033,1.7646739830693403,-0.1489361600942768,-0.13043480373510563,-0.18367346628463943,-0.1489361600942768,-0.1489361600942768,-0.13043480373510563,-0.1836734662846394,-0.1489361600942768,17.647049800335406,9.803911686081646,17.647049800335406,9.321497772304546,-82.35295019966459,-82.35295019966459,0.003107142501643726,0.0026428569995221637,-106.49846765116236,-130.54141877855693,28.560431113826965,28.454535437026422,0.04513689998219603,0.6500000279396778,BUY,0,0
0.03799999877810478,0.04600000008940697,0.03799999877810478,0.04399999976158142,4201252,0.0,0.0,EMP,2022-02-25 00:00:00+11:00,Energy,0.1000000186264518,0.09531019673746272,0.006000000983476639,0.15789476780019737,0.04019999951124191,1.0945273705607097,0.042749999836087224,1.029239764451157,0.04577500019222498,0.9612233659598094,0.05099000006914139,0.86291429107508,0.05028500020503998,0.8750124208445638,0.04486250016838312,0.980774580026426,0.07795833373169077,1.2375501820741905,0.05789502858772757,0.9190550867406131,0.05705463272784357,0.905714216052005,0.05680906599532888,0.9018159650249775,43.74999854480838,34.48275684885094,43.902439910836534,-0.003081979339598917,-0.0026969020556286455,-0.0003850772839702715,0.04926920294478858,0.03623079672738587,0.19174121509203917,0.05433731101956564,0.037212689364884324,-0.2073039003648099,0.06397741927709233,0.03800258086119045,-0.5382131889052036,2194284.2,1226622.6,1.9146343942138395,3.4250567370925658,-0.01123597763084605,-0.022222266373809196,-0.15384617588929128,-0.04347826791170184,-0.011235977630846005,-0.02222226637380919,-0.15384617588929125,-0.043478267911701875,41.17646414309672,21.5686188574623,41.17646414309672,21.45968676691321,-58.82353585690328,-58.82353585690328,0.003321428384099688,0.002976190476190476,-35.187492023704124,-69.13581813181253,39.77468989341488,40.23187681562231,0.03700000047683716,0.4772726810914423,BUY,0,0
0.04500000178813934,0.04600000008940697,0.0430000014603138,0.04500000178813934,1390212,0.0,0.0,EMP,2022-02-28 00:00:00+11:00,Energy,0.022727318908557725,0.022472901007091796,0.0,0.0,0.04099999964237213,1.0975610287965307,0.042749999836087224,1.0526316248112073,0.04552500024437904,0.9884679087661395,0.05097000010311604,0.8828723111065538,0.05028500020503998,0.8948991071820472,0.0449175001680851,1.001836736678255,0.06432748216432746,1.0211671216425207,0.058371485605828624,0.9266186074224538,0.05690535825486053,0.9033445572563849,0.05689411638443736,0.9031660980959193,43.75001164153027,37.93103536867786,41.0256412705648,-0.0027214790254373664,-0.00270181744959039,-1.966157584697625e-05,0.04926920294478858,0.03623079672738587,0.34513450716836563,0.05385677247287013,0.03719322801588795,-0.06301161887796548,0.06399181832875378,0.03794818187747829,-0.4584611927098462,2023346.6,1292049.9,0.687085445469402,1.0759739232981638,0.09756098890644926,0.0,-0.09999997764825852,-0.021739093463565173,0.09756098890644924,0.0,-0.09999997764825855,-0.021739093463565163,61.5384703557165,40.12066143304955,47.05882868552263,35.29411420965159,-38.4615296442835,-52.94117131447737,0.003249999667916979,0.0029761902987957,30.04293758303343,-23.890769087888398,40.59938392087419,42.37314838674376,0.03718000046908856,0.355555516922917,BUY,0,0
0.04600000008940697,0.050999999046325684,0.04500000178813934,0.0494999997317791,1265683,0.0,0.0,EMP,2022-03-01 00:00:00+11:00,Energy,0.09999995032946463,0.09531013464929168,0.0034999996423721313,0.07608694859933539,0.04329999983310699,1.1431870651863516,0.04329999983310699,1.1431870651863516,0.0455000001937151,1.087912077385365,0.05110000006854534,0.9686888388528374,0.050260000191628934,0.9848786220264197,0.04499500015750527,1.1001222259918668,0.04506136582957602,0.7153270063317714,0.06523717919740782,1.0356081143501843,0.06145833817121495,0.9756208727540576,0.057751313467452,0.9167736799332797,63.88888371487543,58.49056285486029,49.39758906362348,-0.0020490475584342693,-0.0025712634713591664,0.0005222159129248971,0.051091733899097574,0.03550826576711641,0.7957150290503251,0.05377806285307666,0.03722193753435354,0.48320479110416603,0.06392535747524965,0.03827464266184104,-0.1247528849316794,1901057.8,1355334.05,0.6657782840690062,0.9338531707367641,0.3026316137752221,0.125,-0.01000002011656731,0.1511627453655875,0.3026316137752221,0.125,-0.010000020116567311,0.1511627453655874,89.2857180870313,64.00021752861485,73.52940338602573,53.9215654048817,-10.714281912968694,-26.470596613974266,0.0031785709517342703,0.003166666343098595,128.7910001255983,61.55383365346692,47.229302531735414,45.47292351598461,0.037356400461494924,0.05050507787173797,BUY,0,0
0.050999999046325684,0.050999999046325684,0.04899999871850014,0.04899999871850014,1117838,0.0,0.0,EMP,2022-03-02 00:00:00+11:00,Energy,-0.010101030626025631,-0.010152392198472686,-0.0020000003278255463,-0.03921569343577541,0.04549999982118606,1.0769230529905272,0.043599999696016314,1.1238531894525956,0.0454500000923872,1.0781077803937684,0.0511600000411272,0.9577794894274696,0.050200000181794165,0.9760955884671645,0.04506500015035272,1.0873182859207562,0.048260477613400146,0.7661113315095406,0.06460003933839052,1.025493832646225,0.06151109726794825,0.9764583974501738,0.05700815558416917,0.9049764142691384,76.66665093766771,55.76922801383859,48.80952127531246,-0.0015387489393807671,-0.0023647605649634866,0.0008260116255827195,0.05205642410933856,0.035143575282694066,0.6385676449702153,0.05362505858079547,0.03727494160397893,0.43424748962305504,0.06391585492897005,0.03840414515328436,-0.16933410905181176,1961086.4,1411225.95,0.5700095620468328,0.7921041984807606,0.28947369195004935,0.06521736137526712,-0.02000004023313462,0.06521736137526712,0.28947369195004935,0.06521736137526704,-0.020000040233134623,0.06521736137526704,85.7142819129687,78.84615678523885,70.58822111481278,63.72548439545371,-14.285718087031306,-29.411778885187218,0.0031785712178264347,0.0032619044539474304,142.41839071614248,88.09341840615544,52.046645047294945,47.88986352123688,0.037902144404888156,0.10204087373417092,BUY,0,0
0.050999999046325684,0.050999999046325684,0.05000000074505806,0.05000000074505806,1271380,0.0,0.0,EMP,2022-03-03 00:00:00+11:00,Energy,0.020408205157367965,0.020202748371739212,-0.000999998301267624,-0.019607810195433114,0.04750000014901161,1.0526315913306048,0.04389999993145466,1.1389521827591782,0.0455000001937151,1.0989011105974575,0.051220000088214875,0.9761811920918462,0.05019000019878149,0.9962143962348889,0.045145000144839284,1.1075423764457286,0.050433219063899165,0.8006025327571136,0.06457040715576216,1.025023436329993,0.06145558599247646,0.9755771832710238,0.05699947712198602,0.9048386479529439,96.15383954090683,59.61538103337529,50.0,-0.0010416344871276018,-0.0021001353493963096,0.0010585008622687078,0.053074845423885464,0.03472515443902385,0.6648614212234817,0.05377806285307666,0.03722193753435354,0.5436055193728166,0.06392410500048461,0.038515895175945135,-0.09603190083691206,1849273.0,1453990.8,0.687502602374014,0.8744071833191791,0.25000004656612984,0.06382983951290311,0.020408205157367965,0.06382983951290311,0.2500000465661298,0.06382983951290322,0.02040820515736805,0.06382983951290322,92.85715426109391,89.28571808703133,76.47058565723869,73.52940338602573,-7.142845738906084,-23.529414342761314,0.003214285575917789,0.003357142564796266,137.70492230437318,101.9485454788629,59.17028224935352,50.422791957024444,0.03842605859054566,0.1399999836087229,BUY,0,0
0.050999999046325684,0.052000001072883606,0.04800000041723251,0.04800000041723251,1465917,0.0,0.0,EMP,2022-03-04 00:00:00+11:00,Energy,-0.04000000596046438,-0.04082200072907221,-0.00299999862909317,-0.05882350363120852,0.04830000028014183,0.9937888227501179,0.04424999989569187,1.0847457746978602,0.0455000001937151,1.0549450596235983,0.051200000122189525,0.9375000059117155,0.050120000205934045,0.9577015207503824,0.04522000014781952,1.0614772282248002,0.052211028292098546,0.828824379335101,0.06330220600096287,1.00489136712197,0.061999054014236624,0.9842044706575855,0.057021475018522005,0.9051878537345485,83.33332919412308,55.357139530991354,48.86363819164571,-0.0007998310593811259,-0.0018400744913932728,0.001040243432012147,0.053786480268894585,0.03471351952248916,0.3932268902978142,0.05377806285307666,0.03722193753435354,0.30200305631779617,0.06392150671290722,0.038478493531471834,-0.2515425104831457,1302206.0,1498324.9,1.1257182043394056,0.9783705790379644,0.09090910630285265,0.0786516759871474,0.0,-0.020408129131033403,0.09090910630285255,0.07865167598714749,0.0,-0.02040812913103344,73.33333002196431,83.96825539867565,64.70587848585804,70.58822841930316,-26.66666997803569,-35.29412151414197,0.003357142742191042,0.003404761531523296,98.64092985572088,81.5104953374343,56.25940628135587,48.52409386201902,0.03892901620877686,0.2291666634329077,BUY,0,0
0.05000000074505806,0.05299999937415123,0.04899999871850014,0.052000001072883606,1289430,0.0,0.0,EMP,2022-03-07 00:00:00+11:00,Energy,0.08333334626836897,0.08004271961356925,0.0020000003278255463,0.04000000596046439,0.04970000013709068,1.0462776846971567,0.04534999988973141,1.1466372921570382,0.04545000027865172,1.1441144280324347,0.05122000016272068,1.0152284441172383,0.05009000021964312,1.0381313804125611,0.04531500015407801,1.1475229150629054,0.05987880320492778,0.9505465325064977,0.058839440966381544,0.9340471684746694,0.060342213785053604,0.9579029474060724,0.05793410183443175,0.9196753553027839,85.29411377997653,62.90322658174609,54.2553199921436,-0.0002821806741217653,-0.0015284957279389714,0.0012463150538172061,0.05572143623536327,0.03497856354409955,0.6411842064626835,0.05354743392675768,0.03735256663054575,0.8088983595146803,0.06394336752198819,0.03849663280345317,0.06130459713519049,1282049.6,1541612.65,1.0057567195528159,0.8364163332468763,0.15555553347976203,0.26829267406236723,-0.018867892699548472,0.01960788324034235,0.15555553347976206,0.2682926740623672,-0.018867892699548517,0.019607883240342294,93.75001018634136,86.64683148979987,88.23529282861935,76.4705856572387,-6.2499898136586385,-11.764707171380657,0.00357142835855484,0.0034999996423721313,113.72549134188091,115.13924731496111,63.090026365289376,51.89883306301191,0.03971327530062327,0.13461536808303154,BUY,0,0
0.052000001072883606,0.052000001072883606,0.05000000074505806,0.05000000074505806,892538,0.0,0.0,EMP,2022-03-08 00:00:00+11:00,Energy,-0.03846154397232282,-0.03922071888449705,-0.0020000003278255463,-0.03846154397232281,0.04980000033974648,1.0040160723684164,0.046550000086426735,1.074113870080041,0.04535000026226044,1.102535842467619,0.05122000016272068,0.9761811906718703,0.05009000021964312,0.9982032446757754,0.045400000158697364,1.101321598464344,0.05122544013474464,0.8131786523781681,0.05311167269910349,0.8431216660589189,0.06083534073047039,0.9657310949802187,0.05813890897086176,0.9229265678011344,69.99999751647385,56.45161329087304,46.59091063028525,-3.294258448161003e-05,-0.0012293850992474993,0.0011964425147658892,0.05586486380234512,0.03723513637050835,0.3703758598996503,0.053150810534348815,0.03754918999017206,0.5960919853974036,0.06394336752198819,0.03849663280345317,-0.09588651991361313,1207420.6,1539926.35,0.7392105120618283,0.5795978489490747,0.010101030626025631,0.3157895356003948,-0.03846154397232282,0.0,0.010101030626025631,0.31578953560039474,-0.03846154397232281,0.0,81.25000727595811,82.7777824947546,76.47058565723869,76.47058565723869,-18.749992724041885,-23.529414342761314,0.00357142835855484,0.003357142564796266,86.05342917006081,102.8867122279693,57.5323199078046,49.52619640330674,0.04077621322650551,0.15999994933605266,BUY,0,0
0.050999999046325684,0.050999999046325684,0.04899999871850014,0.05000000074505806,695337,0.0,0.0,EMP,2022-03-09 00:00:00+11:00,Energy,0.0,0.0,-0.000999998301267624,-0.019607810195433114,0.05000000074505806,1.0,0.04775000028312206,1.0471204282428308,0.04560000021010637,1.0964912393569795,0.05122000016272068,0.9761811906718703,0.050040000230073926,0.9992006497835341,0.04549000015482307,1.0991426813560214,0.050775034673805,0.8060286873454178,0.05311167269910349,0.8431216660589189,0.051981490503348,0.8251805799019473,0.05813890897086176,0.9229265678011344,67.85713620483985,55.00000310440807,47.67441830243725,0.00016270483713938522,-0.0009509671119701223,0.0011136719491095077,0.0550415485428955,0.04045845202334862,0.3085765027914538,0.0536694363785005,0.03753056404171224,0.5452674069330071,0.06394336752198819,0.03849663280345317,-0.09588651991361313,1122920.4,1495173.8,0.619221985814845,0.46505429669781534,0.020408205157367965,0.3157895356003948,0.11111108351636934,0.0,0.02040820515736805,0.31578953560039474,0.11111108351636925,0.0,81.25000727595811,85.41667491275253,81.25000727595811,81.98529525393872,-18.749992724041885,-18.749992724041885,0.003642857074737549,0.0032619044539474304,67.04014181676375,93.7391201386148,54.64475015754959,46.59474810704525,0.04175411611831716,0.08000001192092876,BUY,0,0
0.04899999871850014,0.05000000074505806,0.04899999871850014,0.05000000074505806,473292,0.0,0.0,EMP,2022-03-10 00:00:00+11:00,Energy,0.0,0.0,0.0010000020265579224,0.02040820515736805,0.05000000074505806,1.0,0.048750000447034834,1.0256410315191957,0.045800000242888925,1.0917030672466261,0.05110000014305115,0.9784735930545262,0.049880000241100786,1.0024057839490224,0.04558000015094876,1.0969723690099042,0.05004745388615891,0.7944787004084974,0.05312338794512015,0.8433076398239671,0.051866213354219565,0.8233506118912932,0.05557473211280522,0.8822215220971069,52.63158307511201,59.99999729069869,56.94444257605051,0.00031413566790068626,-0.0006979465559959606,0.001012082223896647,0.05367724901931555,0.043822751874754116,0.25369134105702856,0.05410599116766712,0.03749400931811073,0.5056591730241136,0.06375233694784921,0.038447663338253085,-0.08694041385113475,963302.8,1473382.95,0.49132214709642696,0.3212280961986156,0.0,0.25000004656612984,0.08695653582340368,-0.1071428713977941,0.0,0.2500000465661298,0.08695653582340375,-0.10714287139779408,81.25000727595811,81.25000727595811,81.25000727595811,79.65686673638497,-18.749992724041885,-18.749992724041885,0.003392857366374561,0.0029761902987957,54.20875516385943,79.398536086942,60.04378480403222,48.32454436847079,0.04265378677878389,0.08000001192092876,BUY,0,0
0.05000000074505806,0.05000000074505806,0.05000000074505806,0.05000000074505806,0,0.0,0.0,EMP,2022-03-11 00:00:00+11:00,Energy,0.0,0.0,0.0,0.0,0.050400000810623166,0.9920634908902463,0.0493500005453825,1.0131712298377347,0.046050000190734866,1.0857763417581467,0.050920000150799755,0.9819324547718555,0.04975000023841858,1.0050251357877666,0.045665000155568125,1.0949304845006411,0.04478013297423203,0.7108625731573266,0.046136236763148576,0.7323900534221203,0.05149314409400075,0.8174283209852422,0.05502009775843625,0.8734169746757079,55.55556475379979,68.7499932091084,55.714286018391014,0.0004291981630225039,-0.0004725176121922677,0.0009017157752147716,0.053003005072095884,0.04569699601866912,0.17793577722729106,0.054553251112266665,0.03754674926920307,0.4645282834499288,0.06336803063691487,0.038471969664684635,-0.07390722626907832,670119.4,1387204.65,0.0,0.0,0.041666673134184595,0.13636365945427875,0.11111108351636934,-0.15254236539010857,0.04166667313418449,0.13636365945427883,0.11111108351636925,-0.1525423653901086,81.25000727595811,81.25000727595811,81.25000727595811,81.25000727595811,-18.749992724041885,-18.749992724041885,0.0031428573919194086,0.0028809523653416406,52.73391092886574,77.53511716904694,66.77438759020401,49.85069891602803,0.043481483786413276,0.09999997764825852,BUY,0,0
0.050999999046325684,0.050999999046325684,0.04500000178813934,0.04600000008940697,2510667,0.0,0.0,EMP,2022-03-14 00:00:00+11:00,Energy,-0.08000001192092876,-0.08338162189658241,-0.004999998956918716,-0.09803919706698394,0.04920000061392784,0.9349593397440935,0.049450000375509263,0.9302325528836406,0.04610000010579825,0.9978308022524559,0.050700000151991845,0.9072978294182464,0.04954000022262335,0.9285425894770227,0.04574000015854836,1.0056843010484777,0.03561131922280317,0.5653121671348268,0.054587849183955456,0.8665552412798778,0.055013538262034874,0.8733128458984848,0.05594741146248181,0.8881376233651882,33.33333333333333,65.99999880790739,51.315787022835735,0.00019536732298882503,-0.00033894062515604914,0.0005343079481448742,0.0525928942203026,0.04630710653071593,-1.0977145447714467,0.05458900309292753,0.037610997118668964,-0.01177994830993657,0.06309815644562462,0.03830184385835907,-0.37908862828246653,914366.8,1490088.25,2.7457985132443565,1.6849116151342043,-0.11538463191696846,0.02222218358958372,0.02222218358958372,-0.19298245499375488,-0.11538463191696843,0.022222183589583624,0.022222183589583624,-0.1929824549937549,56.25000145519162,72.9166720023693,56.25000145519162,72.91667200236928,-43.74999854480838,-43.74999854480838,0.0032857142921004978,0.0030952379817054385,0.6986059579270596,23.194172566724703,63.29367670644222,48.37423045699394,0.044242965033432315,0.17391307164680758,BUY,0,0
0.04600000008940697,0.04800000041723251,0.04600000008940697,0.04749999940395355,436088,0.0,0.0,EMP,2022-03-15 00:00:00+11:00,Energy,0.03260868068763356,0.032088300059524504,0.001499999314546585,0.03260868068763352,0.04870000034570694,0.975359323752876,0.04925000034272671,0.9644669862620295,0.04627500008791685,1.0264721623708126,0.05049000017344952,0.9407803375079353,0.04937500018626451,0.9620253007546811,0.04582250015810132,1.0366086363700007,0.04187523226300931,0.6647487039659468,0.04459923697255726,0.7079909381557424,0.05508156782329231,0.8743927817038127,0.05609915174690586,0.8905464257039257,47.826082731240085,67.9245259147308,53.164553499971056,0.00012959817913152372,-0.00024523286429853456,0.00037483104343005827,0.05262474396041252,0.0458752567250409,-0.5185581890138365,0.054725942886306694,0.03782405728952701,0.14495416017608118,0.06273826520833907,0.03824173513855997,-0.24411626960870456,823076.8,1427297.6,0.5298266212824854,0.3055340385915313,-0.05000002607703169,-0.04040404724571223,0.07954544684857368,-0.18103446946983204,-0.0500000260770317,-0.04040404724571225,0.07954544684857372,-0.1810344694698321,63.33333498901784,66.94444790672253,65.62499781721256,67.70833551612077,-36.66666501098216,-34.37500218278743,0.0032857142921004978,0.0030952379817054385,-20.45153237537271,18.044442324285004,64.0518342460279,48.36770708130412,0.04494352778068983,0.1789474196050973,BUY,0,0
0.04800000041723251,0.04899999871850014,0.04600000008940697,0.04899999871850014,408943,0.0,0.0,EMP,2022-03-16 00:00:00+11:00,Energy,0.03157893333408612,0.03109057346531856,0.000999998301267624,0.020833297761985305,0.048499999940395354,1.0103092531694693,0.04925000034272671,0.9949238249241252,0.04642500001937151,1.0554657770178604,0.05029000014066696,0.9743487488852945,0.049245000183582306,0.995024845889556,0.045882500149309634,1.067945263641816,0.04585452706274146,0.7279180505669698,0.04581584602378439,0.7273040081097658,0.05463430379129852,0.8672926853095753,0.05623819066394549,0.8927536000862052,33.333319535961266,67.307688725683,56.24999825377029,0.00019625081027118546,-0.00015693612938459051,0.00035318693965577595,0.05262474396041252,0.0458752567250409,-0.07408018283712121,0.054961455037476833,0.03788854500126619,0.30164731070066,0.06229525394299861,0.038284746338335306,-0.10745307374645241,765798.0,1364597.6,0.5340089684224821,0.2996802867013689,-0.02000004023313462,0.0,0.06521736137526712,-0.16949155217818357,-0.020000040233134623,0.0,0.06521736137526704,-0.16949155217818354,73.33333002196431,64.30555548872461,74.99999417923351,65.62499781721256,-26.66666997803569,-25.000005820766493,0.0032857140260083334,0.0031428569484324683,-19.08305566533719,31.53999724744371,61.7119345914501,51.93481940855696,0.04558804550816674,0.10204087373417092,BUY,0,0
0.04800000041723251,0.04800000041723251,0.04600000008940697,0.04600000008940697,360011,0.0,0.0,EMP,2022-03-17 00:00:00+11:00,Energy,-0.06122446341943488,-0.06317887352484308,-0.0020000003278255463,-0.04166667313418449,0.047699999809265134,0.9643605927325819,0.0488500002771616,0.9416581336420777,0.04637500010430813,0.9919137463275968,0.04997000016272068,0.9205523301903956,0.049145000167191026,0.9360056960609465,0.045927500147372485,1.001578573660701,0.05249299075754652,0.8333003947108809,0.049116584319022084,0.7797016041424032,0.056383854561822065,0.8950659427788956,0.05631667272555759,0.8939994641906368,29.99999254941784,54.0000002980232,50.0,6.918926247573287e-06,-0.00012416511825815774,0.00013108404450573103,0.05273873118182903,0.044961269372494166,-0.7328869643137128,0.05490898858745734,0.037841011621158924,-0.043941940587524875,0.061546559815871746,0.03839344050956961,-0.34293435979774023,743141.8,1358183.35,0.48444455687999244,0.26506804107118526,-0.08000001192092876,-0.08000001192092876,-0.02127656032996883,-0.2580645025613775,-0.08000001192092877,-0.08000001192092877,-0.02127656032996879,-0.2580645025613775,29.999992549417847,55.55555252013334,56.25000145519162,65.62499781721256,-70.00000745058215,-43.74999854480838,0.002928570977279118,0.003190475915159498,-95.02262318858311,4.140130052263537,49.75728395697667,48.327245462430525,0.05299999937415123,0.19565216511037264,BUY,0,0
0.04600000008940697,0.04699999839067459,0.04600000008940697,0.04699999839067459,448678,0.0,0.0,EMP,2022-03-18 00:00:00+11:00,Energy,0.021739093463565062,0.021506169036367036,0.000999998301267624,0.021739093463565163,0.047099999338388446,0.997876837598332,0.048750000074505806,0.9641025296172996,0.046499999985098836,1.0107526538867952,0.049710000157356264,0.9454837707080426,0.04905500013381243,0.9581082104264154,0.0459875001385808,1.0220168143309092,0.054931801976905496,0.8720153225972291,0.04841309165103774,0.7685340042505397,0.05510878117243462,0.8748247802288431,0.05628885395136919,0.8935578548409499,36.3636209698695,53.999993443488684,50.0,-6.172492382646583e-05,-0.00011167707937181936,4.995215554535353e-05,0.05278457398415084,0.04471542616486077,-0.4337513013822026,0.054991482507244664,0.03800851746295301,0.0588823452526407,0.06094603920357381,0.03847396111113872,-0.24118835432437885,832877.4,1249871.75,0.5387083381059445,0.35897923126912823,-0.060000046193599,-0.020833375372199203,0.05617972072545552,-0.21666667597989264,-0.06000004619359901,-0.020833375372199182,0.05617972072545548,-0.21666667597989261,24.999965075392915,42.77776254892503,62.49999126885026,64.58332896775846,-75.00003492460709,-37.50000873114974,0.002785713811005865,0.003190475915159498,-113.70562216848805,4.140105137900386,43.041355032030395,46.573105668106656,0.05285999938845634,-0.02127656032996883,HOLD,0,1
0.04800000041723251,0.04899999871850014,0.04699999839067459,0.04899999871850014,803155,0.0,0.0,EMP,2022-03-21 00:00:00+11:00,Energy,0.042553199921435914,0.04167270448847591,0.000999998301267624,0.020833297761985305,0.04769999906420708,1.0272536620502484,0.04844999983906746,1.0113518860941086,0.04689999986439943,1.044776095099624,0.04957000009715557,0.9885010817523048,0.04901500012725592,0.999693942492771,0.04606750013306737,1.0636565599818129,0.04239013466211873,0.6729225261510311,0.041779099902951235,0.6632226500599905,0.05210398150380021,0.8271250642521876,0.055897415646882984,0.8873439643971781,46.15383733658866,48.88888668130954,55.5555524894733,4.4741885586813135e-05,-8.039328638009286e-05,0.000125135171966906,0.051798300326232415,0.04510169935190251,0.16426210298059774,0.05504732834463462,0.038752671384164245,0.2577530609199256,0.060659634919999775,0.03848036527431137,-0.05139947236867115,491375.0,1177784.5,1.634505214958026,0.6819201645122686,0.06521736137526712,-0.05769235177858245,0.19512188695216204,-0.1250000498922792,0.06521736137526704,-0.05769235177858251,0.195121886952162,-0.12500004989227925,49.99997671692861,34.99997811391313,74.99999417923351,64.58332896775846,-50.00002328307139,-25.000005820766493,0.0024999997445515226,0.0030714284096445355,-29.899552340000394,34.73780116562598,40.888732116259156,52.954888980094395,0.05272279940247535,0.020408205157367965,HOLD,0,1
0.04899999871850014,0.04899999871850014,0.04800000041723251,0.04899999871850014,270645,0.0,0.0,EMP,2022-03-22 00:00:00+11:00,Energy,0.0,0.0,0.0,0.0,0.04799999892711639,1.0208333294528225,0.048349999636411664,1.0134436212404636,0.0474499998614192,1.032665940181408,0.04943000003695488,0.9913008027891308,0.048935000114142896,1.0013282641096481,0.046152500119060275,1.0616976023421079,0.041197534265593964,0.6539905817749417,0.040105572516717536,0.6366562264026087,0.04837505430693739,0.7679301801324023,0.055897415646882984,0.8873439643971781,46.15383733658866,50.0,60.81080632087049,0.00012764617346801288,-3.8785394410471705e-05,0.00016643156787848459,0.051548958279211875,0.04515104099361145,0.2031908363527626,0.05447551789663292,0.04042448182620548,0.22062413751013676,0.06036395757402034,0.038496042499889416,-0.03932714362544965,458286.4,1097460.4,0.5905586550244563,0.24661026493529975,0.03157893333408612,-0.02000004023313462,0.28947369195004935,-0.1250000498922792,0.031578933334086234,-0.020000040233134623,0.28947369195004935,-0.12500004989227925,49.99997671692861,41.66663950308339,74.99999417923351,70.83332654243908,-50.00002328307139,-25.000005820766493,0.002428571028368814,0.002952380726734797,-10.210236978514251,37.809174092324376,36.37647009939399,58.10452936631575,0.05258834341621398,-0.06122446341943488,SELL,0,2
0.04899999871850014,0.04899999871850014,0.04800000041723251,0.04800000041723251,356655,0.0,0.0,EMP,2022-03-23 00:00:00+11:00,Energy,-0.020408129131033403,-0.020619252357332887,-0.000999998301267624,-0.02040812913103344,0.04779999926686287,1.004184124548895,0.04814999960362911,0.9968847520741144,0.047949999943375586,1.0010427627511151,0.049250000044703486,0.9746192969271804,0.048875000104308126,0.9820971931415201,0.04622750012204051,1.0383429839492209,0.03996295931474631,0.6343923120060657,0.040550293224843964,0.643715948782107,0.04889589529958421,0.7761982745673114,0.05589432887015384,0.8872949633357096,60.00000745058493,45.454543915169026,64.28571656650425,0.00011137307386107492,-8.753700756162372e-06,0.00012012677461723729,0.05113328657235935,0.045166712634898874,-0.050279838302126484,0.0533876856139607,0.04251231427279047,0.009195175463598862,0.059969522517634384,0.03853047757177259,-0.11660963728818059,447828.8,1074408.4,0.796409252821614,0.33195477622848074,-0.020408129131033403,-0.04000000596046438,0.2631579463336624,-0.1578947299625295,-0.02040812913103344,-0.04000000596046439,0.2631579463336623,-0.15789472996252946,37.499994179232154,45.833315871029804,68.75000436557487,72.91666424134729,-62.500005820767846,-31.24999563442513,0.002357142312186105,0.002809523471764156,-21.212115116814903,24.116046664026534,27.127583915576622,61.21287918685341,0.05245657654967784,-0.041666673134184484,HOLD,0,1
0.05000000074505806,0.05000000074505806,0.04800000041723251,0.05000000074505806,1018771,0.0,0.0,EMP,2022-03-24 00:00:00+11:00,Energy,0.041666673134184595,0.04082200072907232,0.0,0.0,0.04859999939799309,1.0288066124363529,0.04814999960362911,1.038421623191239,0.04845000002533197,1.0319917589043484,0.04905000008642674,1.019368005238683,0.04882500011473894,1.02406555304778,0.04630250012502074,1.0798553125652772,0.027258839104537764,0.43272065579357716,0.04299574853539904,0.6825363483464127,0.04848635164294568,0.7696969705683738,0.055697257880835495,0.8841665583655387,61.90477373108572,54.54545608483097,66.21621866527482,0.00025689847127351173,4.437673364977247e-05,0.00021252173762373926,0.05113328657235935,0.045166712634898874,0.6201217518864289,0.05246182489504172,0.04443817515562223,0.3863580216147945,0.05931436291251676,0.038785637260336715,0.0925533006507335,579580.8,1033824.6,1.7577721691263752,0.9854389226180147,0.08695653582340368,0.0,0.25000004656612984,-0.1666666356225801,0.08695653582340375,0.0,0.2500000465661298,-0.16666663562258016,62.500005820767846,49.99999223897621,80.00000993410707,74.58333615963848,-37.499994179232154,-19.99999006589293,0.0022142851459128515,0.002809523471764156,32.78240239312881,46.36121159298303,38.70151738727632,64.86792871643772,0.05232744502047242,-0.12000001788139314,SELL,0,2
0.04899999871850014,0.04899999871850014,0.04800000041723251,0.04899999871850014,59664,0.0,0.0,EMP,2022-03-25 00:00:00+11:00,Energy,-0.02000004023313462,-0.02020274837173929,0.0,0.0,0.048999999463558194,0.9999999847947334,0.04804999940097332,1.0197710578432926,0.04869999997317791,1.0061601385110361,0.04885000005364418,1.0030705970254092,0.04877500008791685,1.0046129908801174,0.046362500116229055,1.056888618941148,0.03154158660209953,0.5007071646333731,0.043501937313506885,0.6905718460863629,0.04431029407721458,0.7034041118906883,0.05571704299962543,0.884480637389407,50.0,42.105255934339205,62.499998706496505,0.0002882142366857701,9.314423425697202e-05,0.0001950700024287981,0.05081686657657675,0.04528313222536989,0.34334836377522604,0.052124371016970976,0.04527562892938484,0.08760696241314174,0.058704554624172255,0.0389954454831161,0.0152212526484515,501778.0,826745.2,0.11890517320408626,0.07216733765131023,0.042553199921435914,-0.02000004023313462,0.11363634054572125,-0.16949155217818357,0.042553199921436004,-0.020000040233134623,0.11363634054572117,-0.16949155217818354,57.14281912968695,52.380939709895664,73.33333002196431,74.02778144054875,-42.85718087031305,-26.66666997803569,0.0019999995295490536,0.00276190432764235,8.42908254970237,12.824399342866931,28.836042940412256,62.060733785430955,0.052200896121851116,-0.0816325925504684,SELL,0,2
0.04899999871850014,0.04899999871850014,0.04800000041723251,0.04800000041723251,171900,0.0,0.0,EMP,2022-03-28 00:00:00+11:00,Energy,-0.020408129131033403,-0.020619252357332887,-0.000999998301267624,-0.02040812913103344,0.04879999980330467,0.9836065698914618,0.04824999943375587,0.9948186731718703,0.04884999990463257,0.9825998057510856,0.048750000074505806,0.9846153916691888,0.04873500008136034,0.9849184433589661,0.0464325001090765,1.0337586885150214,0.026906110357882856,0.4271212605301028,0.03468914778422381,0.5506731493789409,0.044519000983022985,0.7067172313087132,0.053910265544313975,0.8557989344622535,62.50000582076784,44.44444214488196,56.06060708685684,0.00022969294354085318,0.00012045397611374825,0.00010923896742710492,0.05061877774208687,0.04588122112542488,-0.10553922063711627,0.05182533780447935,0.045874662004785786,-0.28568166575091414,0.05853388943960182,0.03896611070940979,-0.07665659629685853,375527.0,765829.6,0.45775669925198453,0.22446246527948255,-0.020408129131033403,0.04347826791170184,0.06666663355297642,-0.09433960407473663,-0.02040812913103344,0.043478267911701875,0.06666663355297645,-0.09433960407473664,50.0,56.54760831681828,50.0,67.77777998535713,-50.0,-50.0,0.001928570813366345,0.0024285708509740375,-2.7237269332332623,-17.766499225751566,31.5954449029293,53.05568004440937,0.052076878201202235,-0.08333334626836897,SELL,0,2
0.04800000041723251,0.04800000041723251,0.04500000178813934,0.04500000178813934,265770,0.0,0.0,EMP,2022-03-29 00:00:00+11:00,Energy,-0.062499970896169765,-0.06453849009348607,-0.00299999862909317,-0.06249997089616979,0.04800000041723251,0.9375000291038302,0.047999999672174457,0.9375000436557459,0.04862500000745058,0.9254499080975671,0.048470000103116036,0.9284093602724458,0.0486650000885129,0.9246892367469931,0.04648750010877847,0.9680021873157633,0.03722234469000272,0.5908864035868368,0.038992083840131316,0.6189801416470072,0.04077938641451635,0.6473526904236971,0.05203860828480655,0.8260872965730217,40.000014901164306,38.09523725050083,50.0,-5.809078581420213e-05,8.474502372815818e-05,-0.0001428358095423603,0.05112694243613526,0.04487305690821365,-0.9594028770245548,0.05204129242171398,0.04520870759318719,-1.0610913176449628,0.05784954797187297,0.0390904522343591,-0.3699536868440299,374552.0,715833.95,0.7095676968752003,0.37127325408357625,-0.0816325925504684,-0.05263152941442195,-0.0909090498590599,-0.23728810990894378,-0.08163259255046837,-0.052631529414422,-0.09090904985905984,-0.2372881099089438,0.0,35.71427304322899,0.0,41.111110007321436,-100.0,-100.0,0.0019999992634568897,0.0024285708509740375,-145.83324640988425,-159.59989047648293,33.556323814912616,48.38262442737724,0.05195534063896633,0.0,HOLD,0,1
0.04600000008940697,0.04800000041723251,0.04600000008940697,0.04800000041723251,323227,0.0,0.0,EMP,2022-03-30 00:00:00+11:00,Energy,0.06666663355297642,0.06453849009348608,0.0020000003278255463,0.043478267911701875,0.04800000041723251,1.0,0.047899999842047694,1.002087694687152,0.0485750000923872,0.9881626418103743,0.04827000014483929,0.994406469301914,0.04862500008195639,0.9871465364797851,0.04655750010162592,1.030983199537301,0.05219531803520305,0.8285749867384306,0.043890500124129726,0.6967400894801808,0.043680701991445976,0.6934096473725392,0.05295127224331264,0.8405753877616949,45.45455161205219,45.83333139307739,47.76119485972168,-4.358423542893952e-05,5.907917189673864e-05,-0.00010266340732567817,0.050947766755528215,0.04485223292856717,0.03281109678778537,0.051997449398710836,0.04515255078606357,-0.16800823728557981,0.05723753812078386,0.039302462168894714,-0.030108568074208086,367866.4,676103.4,0.8786532284546781,0.4780733242873797,0.0,-0.020408129131033403,-0.020408129131033403,-0.1724137620962749,0.0,-0.02040812913103344,-0.02040812913103344,-0.17241376209627488,50.0,33.33333333333334,37.499994179232154,29.166664726410716,-50.0,-62.500005820767846,0.002142856163637979,0.0022857137733981723,-42.98243722151251,-74.69645991036762,38.64181763137077,45.062607985547686,0.051677127084933244,-0.08333334626836897,SELL,0,2
0.04699999839067459,0.04800000041723251,0.04699999839067459,0.04699999839067459,525804,0.0,0.0,EMP,2022-03-31 00:00:00+11:00,Energy,-0.020833375372199203,-0.02105345213114309,0.0,0.0,0.04739999994635582,0.9915611486047695,0.047999999672174457,0.9791666398264672,0.04842499997466802,0.9705730183843289,0.04803000010550022,0.9785550340919595,0.04857500005513429,0.9675758793068034,0.04662250008434057,1.0080969125561932,0.04730142923787965,0.7508869105280943,0.039378628798515655,0.6251163526295919,0.04363392457302052,0.6926670788757749,0.052937095695331546,0.8403503420392509,41.666664079659135,43.99999403953428,47.058822884897836,-0.00011149425949150138,2.496448561909063e-05,-0.00013645874511059201,0.05082842608979217,0.04517157325455674,-0.3535539320630915,0.051847449366924876,0.04500255058241117,-0.41636892782620505,0.056451086522795735,0.03960891368820471,-0.12231221291235998,269273.0,638824.6,1.9526799939095267,0.8230803885761444,-0.060000046193599,0.021739093463565062,-0.060000046193599,-0.2033898626138202,-0.06000004619359901,0.021739093463565163,-0.06000004619359901,-0.20338986261382025,33.33329194119999,27.777763980400007,24.999965075392915,20.83331975154169,-66.66670805880001,-75.00003492460709,0.0022142848798206876,0.0022380948066711426,-32.8358901620988,-67.87076201893966,36.110232933572064,38.98054091935099,0.05141004207306149,-0.06382976025140474,SELL,0,2
0.04699999839067459,0.04699999839067459,0.04650000110268593,0.04699999839067459,168199,0.0,0.0,EMP,2022-04-01 00:00:00+11:00,Energy,0.0,0.0,0.0,0.0,0.04699999988079071,0.9999999682954016,0.047999999672174457,0.9791666398264672,0.04837499987334013,0.9715761966663422,0.0477700001001358,0.9838810611712973,0.04847500003874302,0.9695719103271881,0.04669750006869435,1.0064778268972696,0.04723954613390457,0.7499045467072454,0.03881587439031979,0.6161829033498424,0.04271646056652388,0.6781027892875167,0.05286002307859046,0.8391268521785114,45.45453621828847,52.38094900200332,45.454541349541884,-0.00016342952894802393,-1.2714317294332293e-05,-0.00015071521165369164,0.05082842608979217,0.04517157325455674,-0.3535539320630915,0.051852370747708904,0.04489762899897136,-0.3954141023036945,0.05545303239643058,0.04008696780384102,-0.10022106894338487,290980.0,573938.7,0.5780431644786583,0.2930609139965645,-0.04081633428840148,0.0,-0.020833375372199203,-0.21666667597989264,-0.04081633428840149,0.0,-0.020833375372199182,-0.21666667597989261,39.99994039534279,41.11107744551427,24.999965075392915,29.16664144333933,-60.00005960465721,-75.00003492460709,0.001821427739092282,0.002166666090488434,-68.57147540365946,-88.52142215077431,51.00950753836406,32.2926018090555,0.0511536404616646,-0.06382976025140474,SELL,0,2
0.04699999839067459,0.04699999839067459,0.04600000008940697,0.04600000008940697,588278,0.0,0.0,EMP,2022-04-04 00:00:00+10:00,Energy,-0.02127656032996883,-0.021506169036367175,-0.000999998301267624,-0.02127656032996879,0.0465999998152256,0.9871244693519807,0.047699999809265134,0.9643605927325819,0.0480749998241663,0.9568382788903044,0.04751000009477138,0.9682172173783978,0.04843500003218651,0.949726438708343,0.046772500071674585,0.9834838851657741,0.04730081803284059,0.7508772079488938,0.03633263724714655,0.576762735786433,0.0381076841091319,0.604940731160226,0.05288750284152915,0.8395630798914481,29.99999254941784,46.34146385785741,46.87499890860616,-0.0002820290543618306,-6.657726470783198e-05,-0.00021545178965399862,0.05068886745517212,0.04471113216335815,-0.5687771829529421,0.05125842742502173,0.04489157222331087,-0.6518130753787988,0.05448953322705917,0.040530466962483594,-0.21634684967380602,374255.6,538881.1,1.5718615833670893,1.091665675415226,-0.041666673134184484,-0.06122446341943488,-0.11538463191696846,-0.22033898626138204,-0.04166667313418449,-0.06122446341943493,-0.11538463191696843,-0.220338986261382,19.999970197671395,31.11106751140473,12.499982537696457,20.833304229494093,-80.00002980232861,-87.50001746230355,0.0017499990229095732,0.0020238088355177923,-96.88891520323997,-104.86892922099248,49.7717152936229,34.781291693605624,0.05090749491472359,-0.08695653582340379,SELL,0,2
0.04600000008940697,0.04699999839067459,0.04500000178813934,0.04500000178813934,282824,0.0,0.0,EMP,2022-04-05 00:00:00+10:00,Energy,-0.021739093463565173,-0.021978868925975913,-0.000999998301267624,-0.021739093463565163,0.0465999998152256,0.9656652782525659,0.047300000116229056,0.951374242654588,0.047824999876320363,0.9409305155151759,0.04729000009596348,0.9515754217979034,0.048405000045895576,0.929656063329661,0.046842500083148476,0.9606660982710449,0.0380859619278597,0.6045959022227453,0.0366024354976522,0.5810456502364225,0.037523420378694064,0.5956658319753456,0.05251541034728169,0.833656294664493,30.00000372529246,40.000003725291776,37.93103226795996,-0.0004515068483984183,-0.00014356318144594926,-0.00030794366695246903,0.050572782599850104,0.04402721763260801,-0.7027654112671018,0.05115390007480997,0.044496099677830754,-0.8486280512292851,0.05385860214278722,0.04072139804913974,-0.3486279563748986,377666.4,508395.4,0.7488725499541393,0.5563071577752277,0.0,-0.0816325925504684,-0.09999997764825852,-0.196428564301103,0.0,-0.08163259255046837,-0.09999997764825855,-0.19642856430110298,0.0,19.999970197671406,0.0,12.499982537696459,-100.0,-100.0,0.0016785703067268645,0.0018809515805471512,-121.91460858093377,-130.46268956084683,43.71457282210163,25.812919152535898,0.05067119518966022,-0.022222266373809196,HOLD,0,1
0.04699999839067459,0.0860000029206276,0.04699999839067459,0.07400000095367432,58825245,0.0,0.0,EMP,2022-04-06 00:00:00+10:00,Energy,0.6444444002928575,0.49740257658491166,0.027000002562999725,0.5744681593086368,0.05179999992251396,1.4285714491190862,0.04990000016987324,1.4829659459270157,0.04902499988675117,1.5094339852037928,0.04781000010669231,1.5477933651649585,0.04864500004798174,1.5212252211056283,0.047057500090450045,1.5725442450499414,0.2954867585051247,4.690706872302958,0.2090266275286866,3.3181948429885946,0.14994681344662425,2.3803318695981823,0.1032482437088381,1.6390150569466488,84.210531475472,80.43478841845933,71.42857522988871,0.001734247028150046,0.00023199886047324994,0.0015022481676767961,0.06714206795222392,0.032657932387522556,1.3977442316095237,0.06120122815631449,0.03684877161718785,2.051127862751445,0.05782201359340383,0.037797986619980795,2.615857527733335,12078070.0,3414890.8,4.870417624670167,17.226098415797075,0.5416666731341846,0.5416666731341846,0.4799999970197677,0.5416666731341846,0.5416666731341845,0.5416666731341845,0.4799999970197678,0.5416666731341845,70.73170332806522,30.24389117524555,70.73170332806522,27.743895288587225,-29.268296671934774,-29.268296671934774,0.004392856199826513,0.00373809447600728,460.3454861126502,593.062009093645,96.87889744434291,92.32075857354769,0.04500000178813934,-0.43243244739890163,SELL,0,2
0.06599999964237213,0.08100000023841858,0.05900000035762787,0.06599999964237213,32016398,0.0,0.0,EMP,2022-04-07 00:00:00+10:00,Energy,-0.10810812443516549,-0.11441036948383901,0.0,0.0,0.05560000017285347,1.1870503495896827,0.051500000059604645,1.2815533896307882,0.04982499983161688,1.3246362240926945,0.048150000125169755,1.3707164999127701,0.04880500003695488,1.3523204506177091,0.04721250008791685,1.3979348587655833,0.30791564778809505,4.888009372995931,0.21563637256089643,3.4231212924972256,0.15291498139457554,2.4274500750366945,0.10464319780490458,1.6611592667179056,74.41860344230703,67.92453095428309,62.500000727595854,0.002788792017385841,0.0007433574918557684,0.0020454345255300726,0.07152775873603691,0.03147224138317238,0.7239951218221143,0.06417870855785035,0.03547129110538341,1.1268864458140428,0.059404477902500696,0.03689552234783881,1.586035342586602,18376188.8,4992046.1,1.7422762874530326,6.413482038957934,0.40425535962289283,0.3199999731779102,0.3199999731779102,0.34693880343824546,0.40425535962289283,0.31999997317791024,0.31999997317791024,0.34693880343824535,51.21950554677538,40.65040295828021,51.21950554677538,40.6504029582802,-48.78049445322462,-48.78049445322462,0.00589285631264959,0.0046904754071008595,231.19685642487636,344.51318777828754,64.36695435305622,62.54608190691966,0.04582000181078911,-0.3636363687676175,SELL,0,2
0.06599999964237213,0.0689999982714653,0.05900000035762787,0.06499999761581421,8038483,0.0,0.0,EMP,2022-04-08 00:00:00+10:00,Energy,-0.015151545939038447,-0.015267503391966423,-0.0010000020265579224,-0.015151545939038447,0.05920000001788139,1.097972932367921,0.05309999994933605,1.2241054176616237,0.050574999675154685,1.2852199314545107,0.048410000056028364,1.3426977389090076,0.04901500001549721,1.3261246066563903,0.047367500066757204,1.3722488525720529,0.30920125651170755,4.908417778792014,0.21548281614656564,3.4206836599899972,0.15306840743984762,2.429885637999275,0.10444005567971458,1.6579344854535822,70.73170332806524,65.38461510907615,61.53846021587314,0.0035034491319917704,0.0012953758198829691,0.002208073312108801,0.07473227979470606,0.031467720103966035,0.5501037223788104,0.06645373401131982,0.03469626533898955,0.9084475900453473,0.060590094113941874,0.036229905998114854,1.3620582469153582,19950245.6,5393970.25,0.40292651835825016,1.4902720310702493,0.38297872003142563,0.32653059828087727,0.29999993294477556,0.24999992835980334,0.3829787200314256,0.3265305982808773,0.2999999329447756,0.24999992835980342,48.78047628107733,56.910561718639315,48.78047628107733,56.910561718639315,-51.21952371892267,-51.21952371892267,0.00646428471165044,0.0051190466398284545,125.5631954568014,191.92486732396097,59.390539105473884,58.25936928343111,0.046623601832985875,-0.3538461388568196,SELL,0,2
0.06599999964237213,0.06800000369548798,0.05900000035762787,0.061000000685453415,4907280,0.0,0.0,EMP,2022-04-11 00:00:00+10:00,Energy,-0.061538416570458665,-0.06351335780560263,-0.004999998956918716,-0.0757575603638141,0.062200000137090684,0.9807074043570349,0.054399999976158145,1.1213235425034531,0.051324999704957006,1.188504647561878,0.048630000054836274,1.2543697432997831,0.04917500000447035,1.2404677311623404,0.04749250007793307,1.2844133407454892,0.3135014111751543,4.9766806178235825,0.21723652699399848,3.448522956632939,0.15247875051766996,2.4205251245496955,0.10470314787976753,1.662110944652908,65.90909494995368,60.71428856527348,57.971015509951286,0.0037043522543238616,0.0017771711067711478,0.0019271811475527138,0.07623167890736807,0.03256832104494823,0.3023130163324318,0.06770301766565176,0.03494698174426225,0.5907308810941124,0.061314250232941625,0.03594574987673092,0.9752252168574655,20814046.0,5513800.9,0.23576771186149967,0.889999492001969,0.3260869688454784,0.2708333365670923,0.3260869688454784,0.21999999552965166,0.3260869688454783,0.27083333656709224,0.3260869688454783,0.21999999552965172,39.024386476506045,46.34145610145293,39.024386476506045,46.34145610145293,-60.975613523493955,-60.975613523493955,0.007035713642835617,0.005547618227345603,86.17778951076795,134.5306924583778,56.801610025155775,55.87373972255021,0.04741112985473871,-0.3442623171073329,SELL,0,2
0.05999999865889549,0.05999999865889549,0.050999999046325684,0.052000001072883606,7494612,0.0,0.0,EMP,2022-04-12 00:00:00+10:00,Energy,-0.14754097559733348,-0.15963013619644822,-0.007999997586011887,-0.13333329608042951,0.06359999999403954,0.8176100798389456,0.05509999990463257,0.9437386780922966,0.05154999978840351,1.0087294138957752,0.048670000061392785,1.0684199919311759,0.04926500000059605,1.055516108236161,0.04757750008255243,1.092953622671591,0.3291272127938334,5.224732528537915,0.22327535092858658,3.544386314686287,0.15709532770435625,2.4938110154155324,0.10699259569625791,1.6984548020254684,54.71698404971141,53.12500072759581,54.05405527858353,0.003101591457947993,0.002042055177006517,0.0010595362809414756,0.07602207746189303,0.0341779223473721,-0.14816878597571145,0.06783011353633793,0.03526988604046909,0.027641163412460344,0.061384462296310546,0.03595553782647502,0.26190655569730914,22256403.6,5866727.1,0.33673957997418774,1.2774775223480228,0.15555553347976203,0.15555553347976203,0.0947368784294238,0.04000000596046438,0.15555553347976206,0.15555553347976206,0.09473687842942387,0.04000000596046439,17.073168515591792,34.95934375772506,17.073168515591792,34.95934375772506,-82.92683148440821,-82.92683148440821,0.007678571024111339,0.00573809462643805,9.960304419549663,33.418428808268494,53.90652958806711,53.80763525166597,0.048182907316056484,-0.17307691205535436,SELL,0,2
0.05400000140070915,0.0560000017285347,0.05000000074505806,0.05400000140070915,3317921,0.0,0.0,EMP,2022-04-13 00:00:00+10:00,Energy,0.03846154397232282,0.03774033328952825,0.0,0.0,0.0596000000834465,0.9060402906896521,0.055700000002980234,0.9694793787759404,0.05179999992251396,1.0424710710711604,0.048750000074505806,1.10769233473189,0.049375,1.0936709144447423,0.04766750009730458,1.1328473549164086,0.0736185154836156,1.1686577031564291,0.22295956897482952,3.5393734315773075,0.15714478600165863,2.494596141545117,0.1070923998802056,1.7000391443286442,57.40740894044875,53.12500072759581,54.36241798672386,0.0027535413848538623,0.0021843524185759865,0.0005691889662778758,0.07605354180516002,0.03534645820080044,-0.08352347806557274,0.06806879467889332,0.0355312051661346,0.13522830124416693,0.06154867666078548,0.03595132348822613,0.4101987647559912,11154938.8,6012176.0,0.29743964171278103,0.5518669114144363,-0.27027026074615346,0.12500001940255356,0.10204087373417092,0.08000001192092876,-0.2702702607461535,0.12500001940255348,0.10204087373417103,0.08000001192092877,21.951217960914256,26.016257651004036,21.951217960914256,26.016257651004036,-78.04878203908575,-78.04878203908575,0.007964285356657845,0.005928570848135721,-1.4007434360507527,18.79136333965633,52.382249956002795,52.749801653419134,0.04893924922814791,-0.2592592950302214,SELL,0,2
0.05400000140070915,0.061000000685453415,0.05400000140070915,0.05700000002980232,3158909,0.0,0.0,EMP,2022-04-14 00:00:00+10:00,Energy,0.055555528727333936,0.05406719585406549,0.00299999862909317,0.055555528727333936,0.05780000016093254,0.9861591673200211,0.05670000016689301,1.0052910028576065,0.05234999991953373,1.0888252171426176,0.04891000010073185,1.16540584568409,0.04953499998897314,1.1507015250326222,0.0477725001052022,1.1931550558224877,0.08209668465688494,1.3032444663900575,0.22238284627198673,3.5302182424943056,0.15638046539050796,2.4824629279909636,0.10725091328997861,1.702555466699014,60.71428452637422,56.06060777102421,55.2631594426416,0.0026887893221025985,0.0022852397992813088,0.00040354952282128974,0.07611477074666656,0.03728522958711945,0.015452145657691038,0.0685367391089671,0.03616326073010035,0.28727219582953994,0.06191971389209974,0.035900286309363955,0.6218430365807345,5383441.0,6152120.9,0.5867825058359514,0.513466664804978,-0.1363636312323825,0.21276599960718,0.23913043302207448,0.16326533715360592,-0.1363636312323825,0.21276599960718,0.23913043302207454,0.16326533715360597,29.268287585861124,22.764224687455727,29.268287585861124,22.764224687455727,-70.73171241413887,-70.73171241413887,0.008321428139294897,0.006119047069833392,29.126367082151237,56.37297365169524,53.4853249418735,53.68989604808695,0.049680464301997504,-0.3157894599250589,SELL,0,2
0.05900000035762787,0.061000000685453415,0.05700000002980232,0.05900000035762787,2195694,0.0,0.0,EMP,2022-04-19 00:00:00+10:00,Energy,0.03508772503122537,0.03448618160981074,0.0,0.0,0.05660000070929527,1.0424028201105384,0.05790000036358833,1.0189982726620377,0.052950000017881395,1.1142587410331137,0.04913000009953976,1.2008955879928966,0.04972500000149012,1.1865258995648025,0.04788250010460615,1.2321829526180537,0.08670782062178416,1.3764439805378328,0.22202279373484726,3.524502585661172,0.15641865058894602,2.483069099223948,0.10724319206579033,1.702432896064899,24.137929262644278,58.208955887777336,58.6666677925323,0.0027669603609462162,0.0023815839116142906,0.0003853764493319256,0.0760952369098794,0.03970476381729726,0.0604553829921909,0.0691912728720995,0.03670872716366329,0.37250777042238997,0.06244534341810963,0.035814656780969886,0.7412501519448764,4214883.2,6239471.7,0.5209382789065187,0.3519038318580722,-0.09230765351176828,0.2553191995286159,0.2553191995286159,0.2291666634329077,-0.09230765351176826,0.25531919952861604,0.25531919952861604,0.22916666343290776,34.146337031183585,28.45528085931966,34.146337031183585,28.45528085931966,-65.85366296881641,-65.85366296881641,0.00853571402175086,0.006166666213955198,37.22605415948096,65.78014255554494,54.286351416973346,54.52855376519543,0.05040685507437011,-0.2881356071326554,SELL,0,2
0.05900000035762787,0.06199999898672104,0.057999998331069946,0.05900000035762787,2527153,0.0,0.0,EMP,2022-04-20 00:00:00+10:00,Energy,0.0,0.0,0.0,0.0,0.056200000643730166,1.0498220583954758,0.05920000039041042,0.996621621090142,0.05345000009983778,1.1038353647787351,0.04925000011920929,1.1979695475090106,0.04991500001400709,1.1820094228402556,0.04798250010237098,1.2296149686187878,0.08291142342000235,1.3161780432942158,0.22147352122556987,3.515783154891858,0.1563886672543291,2.482593128542711,0.1063574422064431,1.6883720529550394,33.33333333333333,60.93749963620209,58.108110148990484,0.0027966731650436796,0.0024646017623001686,0.00033207140274351104,0.07536030727636941,0.04303969350445143,-0.012376004626268875,0.06979464336107469,0.037105356838600875,0.3395608071148616,0.06281353170041984,0.035686468537998735,0.7188393509493627,3738857.8,6325671.6,0.6759157836920142,0.39950746099433937,-0.03278689025166659,0.2826087009337763,0.2040816714420075,0.11320756706278212,-0.03278689025166656,0.2826087009337764,0.20408167144200745,0.11320756706278218,34.146337031183585,32.52032054940943,34.146337031183585,32.52032054940943,-65.85366296881641,-65.85366296881641,0.008607142737933568,0.006309523468925839,35.845887467822045,64.9183643094769,55.206114117782946,55.48541293926973,0.05111871803129526,-0.3559322280039289,SELL,0,2
0.061000000685453415,0.06599999964237213,0.057999998331069946,0.057999998331069946,2293651,0.0,0.0,EMP,2022-04-21 00:00:00+10:00,Energy,-0.016949186788074888,-0.017094468195445866,-0.0030000023543834686,-0.049180365912665884,0.05740000009536743,1.0104529309182169,0.06050000004470348,0.9586776576564251,0.05390000008046627,1.0760667577826135,0.04937000006437302,1.1748024763103984,0.05009500000625849,1.1578001461986998,0.0480825001001358,1.20626003660958,0.029867851882758412,0.4741374496649464,0.2213256104162604,3.5134351435859505,0.15653787205063147,2.484961681255316,0.10634843267588598,1.6882290310913382,33.33333333333333,58.06451457844314,56.164383701455826,0.0027083092668186218,0.0025133432632038592,0.00019496600361476255,0.07333225057192574,0.04766774951748121,-0.19482176632462445,0.07022434385101309,0.03757565630991944,0.2511585340417232,0.06313747127649359,0.03560252885225244,0.6268397539193158,2698665.6,6426821.9,0.8499204199290197,0.35688728203281933,0.1153845602767718,0.28888880058571487,0.18367346628463932,0.1153845602767718,0.11538456027677187,0.288888800585715,0.1836734662846394,0.11538456027677187,31.70730776548553,33.33332727595091,31.70730776548553,33.33332727595091,-68.29269223451446,-68.29269223451446,0.008964285786662782,0.006595237801472346,38.45502485147688,67.12758772799863,55.871321169667006,56.013373312116094,0.05181634372908191,-0.3103448231566107,SELL,0,2
0.057999998331069946,0.05999999865889549,0.05400000140070915,0.05400000140070915,1926229,0.0,0.0,EMP,2022-04-22 00:00:00+10:00,Energy,-0.06896546630102296,-0.07145890926843038,-0.003999996930360794,-0.06896546630102299,0.05740000009536743,0.9407665733622067,0.058500000089406964,0.9230769456099085,0.0542000001296401,0.9963099865599155,0.04955000005662441,1.0898083014934288,0.05027500003576279,1.074092518394761,0.048157500103116035,1.1213206932478432,0.04836476962127703,0.7677669158089836,0.06662657835931386,1.057664142275414,0.15752646668634027,2.500655134576544,0.10496589633246012,1.6662819470320576,33.33333333333333,55.38461820613729,53.2467553201989,0.0022891262949403662,0.002468499869551161,-0.00017937357461079474,0.0677014475649825,0.04929855261383143,-0.48905334738286343,0.07028660751432676,0.03811339274495344,-0.012432623246672582,0.06331960576405751,0.03578039434919131,0.3231756550358261,2420327.2,6505300.6,0.7958547918645049,0.2961014591700805,0.0,-0.27027026074615346,0.12500001940255356,0.19999998344315495,0.0,-0.2702702607461535,0.12500001940255348,0.1999999834431549,21.951217960914256,29.268287585861128,21.951217960914256,29.268287585861128,-78.04878203908575,-78.04878203908575,0.00932142830320767,0.006833332989897046,-15.709566781284101,17.740830035114218,55.320877341289425,55.23928305379017,0.05250001691291282,-0.2407407394632064,SELL,0,2
0.05400000140070915,0.054999999701976776,0.05299999937415123,0.05400000140070915,1258062,0.0,0.0,EMP,2022-04-26 00:00:00+10:00,Energy,0.0,0.0,0.0,0.0,0.0568000003695488,0.9507042438270694,0.057300000265240666,0.9424083970461452,0.054400000162422656,0.9926470816081026,0.04971000008285045,1.086300569517374,0.05045500006526708,1.0702606546597238,0.04823250010609627,1.1195770752485608,0.03794068923860436,0.6022897697743901,0.060871152361524954,0.9662995869991026,0.15742854928477856,2.4991007440151964,0.10495103520761623,1.66604603398882,58.33333592034087,55.38461820613729,53.94736938849306,0.0019346196782842953,0.002361723831297788,-0.0004271041530134927,0.06519092133038626,0.04940907920009507,-0.4182019864712238,0.0703657526929048,0.038434247631940505,-0.02505354889785604,0.06349714291976781,0.035922857245933096,0.3111595613829074,2040157.8,6517265.15,0.6166493591819221,0.19303526418592926,-0.05263155486885307,-0.18181815616191244,0.08000001192092876,0.17391307164680758,-0.05263155486885312,-0.1818181561619124,0.08000001192092877,0.1739130716468075,21.951217960914256,25.20324789577135,21.951217960914256,25.20324789577135,-78.04878203908575,-78.04878203908575,0.009428571377481734,0.0068809521340188525,-47.61904915493322,-5.414732016084175,54.929206711108,54.913819890505664,0.0860000029206276,-0.22222225288304698,SELL,0,2
0.05400000140070915,0.0560000017285347,0.05400000140070915,0.054999999701976776,377864,0.0,0.0,EMP,2022-04-27 00:00:00+10:00,Energy,0.018518486580159532,0.018349107310534494,0.000999998301267624,0.01851848658015945,0.05600000023841858,0.9821428476395656,0.05630000047385693,0.97690940033857,0.05470000021159649,1.005484451356852,0.0499100000411272,1.101983563547491,0.050655000060796734,1.0857763228894506,0.048312500100582835,1.13842172496706,0.03345891573293277,0.5311438210032392,0.061973831826134605,0.9838040808341525,0.15724217853550626,2.496142200089809,0.10487693512497398,1.6648697316440155,54.54544838794781,56.92307727576717,53.33333300219639,0.0017145973254123203,0.0022322985301206945,-0.0005177012047083741,0.06211568718753841,0.050484313760175446,-0.22353349413094808,0.07046271397153844,0.038937286451654535,0.0190322234450949,0.06370838808965286,0.036111611992601544,0.36888364372340116,1676591.8,6533175.15,0.22537626630405802,0.057837726882310814,-0.06779662087127336,-0.1538461273943874,0.12244900286520455,0.22222216703273845,-0.06779662087127342,-0.15384612739438744,0.12244900286520448,0.2222221670327385,24.390238140538663,22.764224687455727,24.390238140538663,22.764224687455727,-75.60976185946134,-75.60976185946134,0.009500000093664442,0.0068809521340188525,-48.455277993142836,2.326449360721716,55.21634575954601,54.75883613408322,0.08534000284969806,-0.25454542991543594,SELL,0,2
0.054999999701976776,0.0560000017285347,0.05400000140070915,0.05400000140070915,349717,0.0,0.0,EMP,2022-04-28 00:00:00+10:00,Energy,-0.01818178739429488,-0.018349107310534404,-0.000999998301267624,-0.018181787394294886,0.05500000044703483,0.9818181993054949,0.0556000005453825,0.9712230372485811,0.05500000026077032,0.9818182026305473,0.0500900000333786,1.078059520158216,0.050835000090301036,1.0622602794292504,0.04838750010356307,1.1159907266367084,0.03260485000008684,0.5175859478087644,0.059814828445028646,0.9495309646772286,0.1572168124876599,2.4957395265637325,0.1049376432076563,1.6658334425801096,33.33333333333333,56.92307727576717,53.33333565129212,0.0014429036251931288,0.0020744195491351814,-0.0006315159239420527,0.06051708964091393,0.05068291144985107,-0.3253955975960252,0.0704511112044467,0.039548889317093945,-0.0647201915581634,0.06386173998081662,0.036318260085940586,0.28391484171598347,1241104.6,6542066.0,0.2817788283114896,0.05345666032718105,-0.08474574451883521,-0.11475408534566689,0.12500001940255356,0.19999998344315495,-0.0847457445188352,-0.11475408534566693,0.12500001940255348,0.1999999834431549,17.948723581963637,21.43005989447219,21.951217960914256,22.764224687455727,-82.05127641803637,-78.04878203908575,0.009500000359756606,0.0068809521340188525,-70.70705806197962,-4.592806539931702,55.17597279925256,54.6554906731105,0.08469320278018712,-0.20370369731603188,SELL,0,2
0.05400000140070915,0.0560000017285347,0.05400000140070915,0.0560000017285347,509735,0.0,0.0,EMP,2022-04-29 00:00:00+10:00,Energy,0.037037042147174404,0.0363676490985073,0.0020000003278255463,0.03703704214717449,0.054600001126527783,1.0256410361377577,0.056000000610947606,1.0000000199569121,0.05555000025779009,1.0081008365194652,0.050330000072717665,1.112656500052154,0.05099500011652708,1.0981469085316373,0.04848750011995435,1.1549368721834494,0.040625984153954374,0.6449175050316844,0.03687300475418022,0.5853408040275792,0.15621336887112458,2.479810352979566,0.10492523932681132,1.665636537076062,33.33333333333333,26.315787409811193,55.2631594426416,0.0013731390300878998,0.0019341634453257251,-0.0005610244152378253,0.06021636955222328,0.05178363166967193,2.650591321299325e-07,0.07026805199648664,0.040831948519093546,0.030574798807200095,0.06408679453570096,0.036573205609734365,0.4121600908608353,884321.4,6554264.25,0.5764137337397919,0.07777150577961515,-0.03448270103593898,0.07692308794464564,0.24444443340654765,0.2727273189085577,-0.034482701035939034,0.07692308794464563,0.2444444334065477,0.27272731890855767,19.354842198502936,20.56460130700175,26.829267406236717,24.39024116922988,-80.64515780149706,-73.17073259376328,0.006714286016566413,0.006928571278140659,-52.28393473795519,-0.8519110997259697,14.59142621201677,54.85674758963717,0.0840593387120664,-0.23214285476703433,SELL,0,2
0.054999999701976776,0.057999998331069946,0.05350000038743019,0.05400000140070915,623407,0.0,0.0,EMP,2022-05-02 00:00:00+10:00,Energy,-0.03571429046593133,-0.03636764909850735,-0.000999998301267624,-0.018181787394294886,0.054600001126527783,0.9890109942593551,0.056000000610947606,0.9642857287782338,0.05585000030696392,0.9668755793001473,0.05049000009894371,1.0695187422239454,0.05113500013947487,1.0560281852629267,0.0485775001347065,1.1116257784152321,0.028810649147195857,0.45735487652289225,0.03753185276425467,0.5957996919462599,0.1562733307535323,2.480762218353531,0.10497881450065588,1.6664870165947006,27.2727241939739,31.24999927240411,56.000000397364346,0.001143287665548283,0.0017759882893702366,-0.0006327006238219537,0.06021636955222328,0.05178363166967193,-0.47434160484859045,0.07015899616303808,0.041541004450889756,-0.12928921951357242,0.06422731732123793,0.03675268287664949,0.2555084988551537,623757.0,6569273.25,0.9994388840526038,0.09489740741108615,0.0,0.0,0.12500001940255356,0.17391307164680758,0.0,0.0,0.12500001940255348,0.1739130716468075,21.0526377705664,19.45206785034433,21.951217960914256,23.57723444268841,-78.9473622294336,-78.04878203908575,0.005464285878198487,0.006999999816928591,-48.20938040247804,-8.623190970778102,28.394174282288617,54.715904703390436,0.0834381519253081,-0.2777777816103809,SELL,0,2
0.054999999701976776,0.054999999701976776,0.05299999937415123,0.054999999701976776,833970,0.0,0.0,EMP,2022-05-03 00:00:00+10:00,Energy,0.018518486580159532,0.018349107310534494,0.0,0.0,0.05480000078678131,1.0036496151883945,0.05580000057816505,0.9856630668835276,0.05625000037252903,0.9777777660040209,0.05065000012516976,1.0858835057464364,0.05127500012516975,1.0726474805990007,0.04867250014096498,1.130001531515458,0.029926030833798033,0.47506101188088307,0.03307302018598583,0.5250179191076262,0.15605056101141793,2.4772258583299434,0.10497085768357087,1.666360706039293,36.36363328488194,34.37499854480804,54.794520617851205,0.0010299477126277864,0.0016267801740217469,-0.0005968324613939604,0.05999523484307137,0.051604766313258735,-0.19069277796484171,0.06995170935164288,0.04254829139341518,-0.09122954461065313,0.06440774397432925,0.03689225627601026,0.31618553336219984,538938.6,6584681.55,1.547430449405554,0.12665304975910338,0.018518486580159532,-0.03508772503122548,0.1702127996857441,0.1702127996857441,0.01851848658015945,-0.035087725031225446,0.17021279968574402,0.17021279968574402,27.777767429750867,22.72841579960674,24.390238140538663,24.39024116922988,-72.22223257024913,-75.60976185946134,0.004892857479197639,0.006952380850201561,-61.71077434732383,-24.8166345920151,35.77194245231692,54.349750850066656,0.08282938887428495,-0.30909092756342305,SELL,0,2
0.05400000140070915,0.054999999701976776,0.04600000008940697,0.04600000008940697,5790622,0.0,0.0,EMP,2022-05-04 00:00:00+10:00,Energy,-0.16363635747885896,-0.17869178138114208,-0.008000001311302185,-0.14814816858869795,0.05300000086426735,0.8679245158356254,0.054500000551342964,0.8440366903496014,0.05620000045746565,0.8185053330065639,0.050680000111460684,0.9076558797995071,0.05132500011473894,0.8962493908733027,0.048712500147521494,0.9443161395966136,0.07881991912964299,1.2512274262515477,0.05794908341174046,0.9199131804696219,0.16117365702333344,2.558552486271355,0.10740546481551248,1.7050088961068635,24.999988358464307,29.72972510372921,49.382717014631055,0.00021146262130129073,0.0013437166634776559,-0.0011322540421763651,0.06144422241809331,0.04755577868459262,-1.224039298432396,0.07005032750520318,0.04234967340972811,-0.7364447303592632,0.06438946377905018,0.03697053644387119,-0.34137002989531173,1621490.2,6865802.7,3.571172986429397,0.8434005830083058,-0.16363635747885896,-0.22033898626138204,-0.02127656032996883,0.03370784917815084,-0.163636357478859,-0.220338986261382,-0.02127656032996879,0.03370784917815075,0.0,16.276801733439097,2.439020179624407,16.260158760359115,-100.0,-97.5609798203756,0.004892857213105474,0.007333333116202127,-205.87140188806907,-98.97896728462626,36.2466586216258,52.77295084481935,0.08223280108428228,-0.13043480373510563,SELL,0,2
0.04800000041723251,0.050999999046325684,0.04800000041723251,0.05000000074505806,652270,0.0,0.0,EMP,2022-05-05 00:00:00+10:00,Energy,0.08695653582340368,0.08338162189658237,0.0020000003278255463,0.04166667313418449,0.05220000073313713,0.9578544069505638,0.05360000059008598,0.9328358245262074,0.0564000004902482,0.886524828199306,0.05086000010371208,0.9830908502379013,0.05131500013172627,0.9743739767457354,0.04878250015899539,1.0249577324264747,0.09576319632121631,1.520193613311563,0.06750906045731324,1.0716731112820512,0.16193855677229602,2.570694893353259,0.10732099950330733,1.703668050843826,39.99999627470893,46.87499890860616,51.76470748074759,-0.00011312208594019962,0.0010523489135940848,-0.0011654709995342844,0.06027998694071557,0.046920014239456395,-0.538923233681252,0.06973613972070668,0.043063861259789726,-0.4798989898495624,0.0642840725907874,0.03743592761663676,-0.06406396862666153,1682000.8,6869002.3,0.3877941080646335,0.09495847744875555,-0.07407408429434903,-0.15254236539010857,0.08695653582340368,0.2195121796091426,-0.07407408429434897,-0.1525423653901086,0.08695653582340375,0.21951217960914254,20.00000372529038,15.925923718347088,12.195119070269332,13.008125796810807,-79.99999627470962,-87.80488092973067,0.004535714164376259,0.007547618909960701,-155.88938137691073,-93.69469667111039,48.11802602653772,52.99042443460034,0.08078348904448727,-0.2000000298023219,SELL,0,2
0.04699999839067459,0.04800000041723251,0.04600000008940697,0.04600000008940697,1505073,0.0,0.0,EMP,2022-05-06 00:00:00+10:00,Energy,-0.08000001192092876,-0.08338162189658241,-0.000999998301267624,-0.02127656032996879,0.050200000405311584,0.9163346557371697,0.052400000765919684,0.877862584294556,0.05645000040531158,0.8148804208879804,0.051020000129938126,0.9016072123138733,0.05121500011533499,0.8981743627026464,0.04883750015869737,0.9418991541321741,0.09527617218753431,1.5124623448703076,0.07066080909387493,1.121705569806026,0.16313211778428388,2.589642087027074,0.10743133906488556,1.7054196370820733,30.434781904481937,38.23529025056307,50.0,-0.0006852255745609312,0.0007048340159630814,-0.0013900595905240126,0.059835651269032966,0.0449643502628064,-0.860718329059853,0.06961254642023879,0.04328745439038438,-0.7939193757844126,0.06400187151422772,0.03803812874564853,-0.38669309623620723,1881068.4,6930114.75,0.8001160404374451,0.21717865494218547,-0.17857145232965677,-0.20689652736135877,0.02222218358958372,0.2105263570669298,-0.1785714523296568,-0.20689652736135883,0.022222183589583624,0.21052635706692985,0.0,6.6666679084301315,2.439020179624407,5.69105314317272,-100.0,-97.5609798203756,0.004392856998103005,0.007690476164931343,-187.05234237808602,-136.07415189247683,52.03622699423644,52.73707727076934,0.07939214948628406,-0.21739133955850942,SELL,0,2
0.04800000041723251,0.05000000074505806,0.04600000008940697,0.04600000008940697,467375,0.0,0.0,EMP,2022-05-09 00:00:00+10:00,Energy,0.0,0.0,-0.0020000003278255463,-0.04166667313418449,0.048600000143051145,0.9465020566668471,0.051600000634789464,0.8914728589827401,0.055050000362098214,0.8356039924947548,0.05118000015616417,0.898788588297155,0.05117500010877848,0.8988764043307975,0.04889250015839934,0.9408395958557774,0.09651880814530635,1.5321885791570158,0.06874972393625965,1.091368033438126,0.06635458379812058,1.0533463624741366,0.10743133906488556,1.7054196370820733,31.8181787394295,32.25806219024507,50.57471170854115,-0.001125645965080753,0.0003387380197543145,-0.0014643839848350673,0.05993733369998382,0.043262667569595105,-0.6716776817710054,0.066147177988215,0.04395282273598143,-0.8155227011409114,0.0636957209695203,0.03866427934280804,-0.41387948357152354,1849862.0,4012221.25,0.25265398175647696,0.1164878432364616,-0.14814816858869795,-0.14814816858869795,-0.37837838518131894,0.2105263570669298,-0.14814816858869795,-0.14814816858869795,-0.37837838518131894,0.21052635706692985,0.0,6.6666679084301315,0.0,4.878046416631251,-100.0,-100.0,0.004178571381739208,0.007785714453174954,-133.02953173432587,-129.5089909610131,45.41435554857152,52.928955918862954,0.07805646351040899,-0.23913043302207448,SELL,0,2
0.04600000008940697,0.04800000041723251,0.0430000014603138,0.04399999976158142,1077955,0.0,0.0,EMP,2022-05-10 00:00:00+10:00,Energy,-0.04347826791170184,-0.044451769933067604,-0.0020000003278255463,-0.043478267911701875,0.046400000154972074,0.948275853763473,0.05060000047087669,0.8695652045874197,0.05395000036805868,0.8155699622132311,0.05126000016927719,0.8583690912266702,0.051145000122487544,0.8602991427550198,0.04892250016331673,0.8993816672225938,0.0930268847982174,1.47675601451483,0.06916411358523161,1.0979462651804808,0.06341210345509582,1.0066359351220993,0.10748276425682843,1.7062359866961008,22.72726810914422,25.80644734878264,24.999996895591153,-0.0016174209870515321,-5.2493781606854936e-05,-0.0015649272054446771,0.059990303560484105,0.04120969738126928,-0.7028527882768478,0.06483649560232627,0.0430635051337911,-0.9139764811688424,0.06353281734892528,0.038987182989629096,-0.5915512552191328,1898659.0,2465299.1,0.5677454456013429,0.43725120412367,-0.19999999999999996,-0.18518521073587246,-0.33333333333333337,0.1000000186264518,-0.2,-0.18518521073587244,-0.3333333333333333,0.10000001862645191,4.347819044819295,1.44927301493977,2.631574561638704,1.6901982470877084,-95.65218095518071,-97.3684254383613,0.004249999831829753,0.006071428635290691,-136.30462421534364,-158.73651603523533,36.751249219866864,14.11443355407387,0.0767742049735689,-0.20454544684857368,SELL,0,2
0.04399999976158142,0.04600000008940697,0.0430000014603138,0.04500000178813934,1090679,0.0,0.0,EMP,2022-05-11 00:00:00+10:00,Energy,0.022727318908557725,0.022472901007091796,0.0010000020265579224,0.02272731890855767,0.04620000049471855,0.9740260023002297,0.04960000067949295,0.9072580881383844,0.05295000057667494,0.8498583814550956,0.05128000020980835,0.8775351326837977,0.05113500013947487,0.8800234998611163,0.0489575001783669,0.9191646147003176,0.06389498141942959,1.014301385165421,0.0694233374077313,1.102061315789907,0.06406556267374545,1.0170092786289164,0.10666234795119671,1.6932122815986375,28.571431105639476,28.12500072759582,30.188679643142464,-0.0019045104182485104,-0.00042289710893518616,-0.0014816133093133242,0.059037515146139266,0.04016248621284664,-0.4874163539150844,0.06321952617999607,0.04268047497335381,-0.7741349596484373,0.06350770372511375,0.039052296694502955,-0.51358772428595,958670.4,2117908.9,1.137699672379579,0.5149791853653385,-0.021739093463565173,-0.18181814487315384,-0.30769225478877493,0.022727318908557725,-0.021739093463565163,-0.18181814487315387,-0.3076922547887749,0.02272731890855767,8.69565428655421,4.347824443791173,7.692309896621749,3.441294819420156,-91.30434571344578,-92.30769010337825,0.004178571115647044,0.005166666670924141,-115.62919851809939,-151.91542294575504,25.055128654567838,24.803064120650944,0.0747477527627736,-0.28888888336994056,SELL,0,2
0.04500000178813934,0.04500000178813934,0.04399999976158142,0.04399999976158142,6499,0.0,0.0,EMP,2022-05-12 00:00:00+10:00,Energy,-0.022222266373809196,-0.022472901007091747,-0.0010000020265579224,-0.02222226637380919,0.04500000029802322,0.9777777660040209,0.04860000051558018,0.905349779728416,0.05210000053048134,0.8445297373046863,0.05126000016927719,0.8583690912266702,0.05111500013619661,0.8608040622976196,0.04898750018328428,0.8981883051177877,0.03961135856386058,0.6288108231203025,0.06943900368921001,1.102310010298478,0.06319708721794763,1.0032226581740893,0.10669833818680623,1.693783608876934,23.809530567418335,28.12500072759582,30.188679643142464,-0.0021875064542878075,-0.0007758189780057105,-0.001411687476282097,0.05808449146072044,0.03911550957043992,-0.48500238764588016,0.06237823509960625,0.04182176596135643,-0.7880731573525036,0.06353281734892528,0.038987182989629096,-0.5915512552191328,829516.2,1872869.85,0.007834687255053006,0.003470075616840113,-0.12000001788139314,-0.18518521073587246,-0.2786885366039997,-0.022222266373809196,-0.12000001788139317,-0.18518521073587244,-0.2786885366039997,-0.02222226637380919,5.8823439179804895,6.308605749784671,3.9999928474432664,4.774625768567911,-94.11765608201951,-96.00000715255673,0.003678571166736739,0.004738095438196545,-104.32276446677808,-135.46441387473538,12.476321378117873,30.324219157380412,0.072842887684626,-0.3181818297271394,SELL,0,2
0.04399999976158142,0.04500000178813934,0.0430000014603138,0.04500000178813934,658687,0.0,0.0,EMP,2022-05-13 00:00:00+10:00,Energy,0.022727318908557725,0.022472901007091796,0.0010000020265579224,0.02272731890855767,0.0448000006377697,1.004464311328626,0.047500000521540645,0.9473684482957514,0.051750000566244125,0.8695652424300122,0.051170000210404396,0.8794215673852879,0.05113500013947487,0.8800234998611163,0.04904250018298626,0.9175715271496429,0.028875905562297913,0.45839078999776206,0.0683176220692623,1.0845086289513957,0.05525769661972439,0.8771887396682713,0.10583542767039104,1.6800853290961126,46.15385497109607,34.48276083548747,34.00000134110448,-0.0023045259054275055,-0.00108156036349007,-0.0012229655419374356,0.055624038984056524,0.039375962059024765,-0.3077285693483895,0.06250810630417813,0.04099189482831012,-0.6274337641341177,0.06356092838385106,0.038779072036957726,-0.497944813810409,660239.0,1531073.6,0.997649336073755,0.43021249925542443,-0.021739093463565173,-0.196428564301103,-0.13461536808303154,-0.0909090498590599,-0.021739093463565163,-0.19642856430110298,-0.13461536808303157,-0.09090904985905984,13.333338300388101,9.303778834974272,8.69565428655421,6.79598567687308,-86.6666616996119,-91.30434571344578,0.0033928571002823965,0.004404761961528233,-91.51463003442355,-117.28413882536245,17.671909209109558,35.88311841381709,0.07105231451116727,-0.28888888336994056,SELL,0,2
0.04399999976158142,0.04399999976158142,0.04399999976158142,0.04399999976158142,404902,0.0,0.0,EMP,2022-05-16 00:00:00+10:00,Energy,-0.022222266373809196,-0.022472901007091747,0.0,0.0,0.04440000057220459,0.9909909728498162,0.04650000035762787,0.9462365467350722,0.05125000048428774,0.858536572601028,0.051070000231266025,0.8615625526205458,0.05111500013619661,0.8608040622976196,0.049087500181049105,0.8963585352543215,0.02979249529949998,0.47294120099122633,0.06809275614695533,1.080938993098851,0.054365308751653685,0.863022521436714,0.10587862072273393,1.6807709975453031,20.000022351721483,33.33333333333333,40.47618963145351,-0.002449717649545248,-0.0013551918207011058,-0.0010945258288441422,0.05344422234359102,0.03955577837166472,-0.3600116184505447,0.06248668844596748,0.040013312522608,-0.6452079783145049,0.06361219021486976,0.03852781024766229,-0.5636974466920956,647744.4,1385422.65,0.625095330812586,0.2922588280190165,-0.04347826791170184,-0.18518521073587246,-0.18518521073587246,-0.10204079770783647,-0.043478267911701875,-0.18518521073587244,-0.18518521073587244,-0.10204079770783642,6.666656732557132,8.627446316975247,4.347819044819295,5.681155392938929,-93.33334326744287,-95.65218095518071,0.003321428650191852,0.003976190551405861,-85.4651278891211,-106.2356811964478,18.935700614134134,44.329914863664584,0.06936917572811606,-0.2727272342428686,SELL,0,2
0.04399999976158142,0.04600000008940697,0.0430000014603138,0.04399999976158142,1089917,0.0,0.0,EMP,2022-05-17 00:00:00+10:00,Energy,0.0,0.0,0.0,0.0,0.04440000057220459,0.9909909728498162,0.045400000363588336,0.9691629825816094,0.05060000047087669,0.8695652045874197,0.050950000211596486,0.8635917483581638,0.051085000149905684,0.8613095748745467,0.04913250017911196,0.8955375688430252,0.022475076377341387,0.3567807767497667,0.06723374330289174,1.0673025869484358,0.05228837239799141,0.830052178952516,0.10584632959162002,1.6802583917304208,33.33335402936146,31.03448718821575,37.49999883584687,-0.0025355548547708884,-0.0015912644275150626,-0.0009442904272558257,0.0490757471198079,0.04172425360736877,-0.38087515132483946,0.061939730422278245,0.039260270519475136,-0.582024504779281,0.06364782260217805,0.03825217782101493,-0.5473379793979585,650136.8,1281973.05,1.676442557935499,0.8501871392694254,0.0,-0.19999999999999996,-0.22807018002498036,-0.12000001788139314,0.0,-0.2,-0.22807018002498036,-0.12000001788139317,6.666656732557132,8.888883921834127,4.347819044819295,5.7970974587309385,-93.33334326744287,-95.65218095518071,0.0033928571002823965,0.00383333329643522,-71.18298594251924,-90.29335679011278,22.000447773122602,51.235218727055475,0.06778702527204793,-0.2954545531514263,SELL,0,2
0.04399999976158142,0.04600000008940697,0.04399999976158142,0.04399999976158142,527266,0.0,0.0,EMP,2022-05-18 00:00:00+10:00,Energy,0.0,0.0,0.0,0.0,0.044200000166893,0.995475103969312,0.045200000330805776,0.9734513150344714,0.04985000044107437,0.882647931239078,0.050870000198483464,0.8649498641616508,0.05103500016033649,0.8621534167404089,0.04916750017553568,0.8949000783951702,0.01877406319208774,0.29802901382685365,0.04440522173430929,0.704911041729976,0.05122108563192193,0.8131095267888547,0.10567503473531664,1.677539170186561,33.33335402936146,32.14285951867933,32.432434065138,-0.0025739110143662355,-0.0017877937448852975,-0.000786117269480938,0.04894759267607309,0.04145240798553846,-0.32020573708871686,0.06082892780102983,0.03887107308111891,-0.5328390003590189,0.06369346403147749,0.03804653636548943,-0.5357367187503527,537454.2,1198551.65,0.9810435940401993,0.4399192975955605,-0.022222266373809196,-0.04347826791170184,-0.2542372966970188,-0.08333334626836897,-0.02222226637380919,-0.043478267911701875,-0.2542372966970187,-0.08333334626836898,6.666656732557132,6.666656732557132,4.347819044819295,4.347819044819295,-93.33334326744287,-95.65218095518071,0.0033928571002823965,0.003595238108010519,-58.86903066429922,-78.20164172503668,25.08118850048257,45.61869449633539,0.06629980384334389,-0.34090910630285254,SELL,0,2
0.0430000014603138,0.0430000014603138,0.04100000113248825,0.041999999433755875,1008649,0.0,0.0,EMP,2022-05-19 00:00:00+10:00,Energy,-0.045454553151426325,-0.0465200236982919,-0.0010000020265579224,-0.023255860292955087,0.043800000101327896,0.9589040944427429,0.04440000019967556,0.9459459289385943,0.04900000039488077,0.8571428386793194,0.05067000016570091,0.8288928221118528,0.050945000164210795,0.8244184767568449,0.04918750017881393,0.8538754618769209,0.025847558050122826,0.4103172635935835,0.03258730858996656,0.5173074865558225,0.05160945528052204,0.8192747038306233,0.10523551057584286,1.670561940459527,33.33335402936146,25.00000332615106,27.027028387615005,-0.002734174002999766,-0.0019770697965081916,-0.0007571042064915745,0.04674757658919382,0.04205242381015731,-1.0223312760494199,0.059622717206194435,0.0383772835835671,-0.6589652238182216,0.06373125307687036,0.03760874725453147,-0.6637954866129888,737884.2,1122626.45,1.3669475508487647,0.8984725061484166,-0.045454553151426325,-0.16000002384185752,-0.2881356071326554,-0.1923077198616141,-0.045454553151426276,-0.16000002384185755,-0.28813560713265546,-0.19230771986161407,5.8823439179804895,6.405219127698255,3.999993443488684,4.231877177709095,-94.11765608201951,-96.00000655651132,0.0034642855503729413,0.0035476189638887134,-105.17529310325202,-103.30710697445116,20.829804300787927,38.6095035362089,0.06490181570036208,-0.28571429204981347,SELL,0,2
0.0430000014603138,0.04399999976158142,0.041999999433755875,0.04399999976158142,287822,0.0,0.0,EMP,2022-05-20 00:00:00+10:00,Energy,0.04761905606641803,0.046520023698291856,0.000999998301267624,0.023255773658299925,0.043599999696016314,1.0091743134943567,0.044200000166893,0.995475103969312,0.04830000046640635,0.9109730711531635,0.05055000014603138,0.8704253142328786,0.05088500015437603,0.8646948929565345,0.04922250017523765,0.8939001392642889,0.03444944575260619,0.5468679975924379,0.029967264506867722,0.4757155761483879,0.053500041507929794,0.8492868297696916,0.10529727993870787,1.6715424986962295,42.85713525451691,32.14285951867933,30.769232238773114,-0.002669033309789251,-0.0021154624991644036,-0.0005535708106248474,0.04626559226469264,0.04213440806909337,-0.09682473394656732,0.058249346698700244,0.03835065423411245,-0.43218927198129353,0.06374593340686324,0.03735406688519951,-0.49636507361640353,663711.2,1022335.0,0.43365548148049937,0.2815339394621137,-0.022222266373809196,-0.04347826791170184,-0.24137929262644275,-0.12000001788139314,-0.02222226637380919,-0.043478267911701875,-0.24137929262644278,-0.12000001788139317,21.42856382593739,11.325854825491675,11.999995231628134,6.782602573312043,-78.57143617406261,-88.00000476837187,0.0032857142921004978,0.0034523808530398776,-72.04453003413312,-80.6198065419637,23.179723225872024,31.17734788839624,0.06298967053493217,-0.3181818297271394,SELL,0,2
0.0430000014603138,0.04399999976158142,0.041999999433755875,0.041999999433755875,496475,0.0,0.0,EMP,2022-05-23 00:00:00+10:00,Energy,-0.045454553151426325,-0.0465200236982919,-0.0010000020265579224,-0.023255860292955087,0.0431999996304512,0.9722222174314682,0.043800000101327896,0.9589040944427429,0.04770000036805868,0.8805031259890788,0.05039000011980534,0.8334986968425935,0.05080500014126301,0.8266902729450865,0.04923250017687678,0.853094993812282,0.03881044194270951,0.6160966659175192,0.03261805953375066,0.517795642654822,0.0524368829667023,0.8324097111437587,0.10550859906591394,1.6748970858433803,37.50000582076243,27.58621442686237,30.00000279396754,-0.0027471250058207705,-0.0022417950004956773,-0.0005053300053250932,0.04586559251974933,0.04173440768290646,-0.8714210274588529,0.05764934660035258,0.03775065413576478,-0.5729020582077609,0.06380532803175298,0.03697467220785769,-0.6254040707105902,682025.8,950847.3,0.7279416702418002,0.5221395696238502,-0.045454553151426325,-0.08695653582340379,-0.22222225288304698,-0.16000002384185752,-0.045454553151426276,-0.08695653582340375,-0.22222225288304692,-0.16000002384185755,7.142845738906084,11.484584494274658,5.263149639244801,7.0877127714538775,-92.85715426109391,-94.7368503607552,0.0032857142921004978,0.0031666665204933713,-95.53809244964475,-84.51904960698892,23.977698952163237,21.18546760978063,0.06123049698273665,-0.28571429204981347,SELL,0,2
0.041999999433755875,0.041999999433755875,0.041999999433755875,0.041999999433755875,0,0.0,0.0,EMP,2022-05-24 00:00:00+10:00,Energy,0.0,0.0,0.0,0.0,0.042799999564886095,0.9813084079611404,0.04360000006854534,0.9633027377918798,0.04710000026971102,0.8917197280944636,0.050230000093579294,0.8361536801813498,0.05066500011831522,0.8289746242114983,0.04925250018015504,0.852748576826129,0.03881044194270951,0.6160966659175192,0.03026139495910076,0.4803847523261054,0.0524368829667023,0.8324097111437587,0.10550859906591394,1.6748970858433803,28.571420968798577,40.000003725288295,33.33333333333333,-0.0027770016906794315,-0.002348836338532428,-0.0004281653521470033,0.04594757702228278,0.0412524231148079,-0.681554073123013,0.05689581113501785,0.03730418940440419,-0.5206307988262086,0.06385352429568973,0.03660647589146885,-0.604102179269333,464042.4,887944.2,0.0,0.0,-0.045454553151426325,-0.045454553151426325,-0.22222225288304698,-0.16000002384185752,-0.045454553151426276,-0.045454553151426276,-0.22222225288304692,-0.16000002384185755,9.999985098835698,12.857131554559729,5.8823439179804895,7.715162929617812,-90.0000149011643,-94.11765608201951,0.00264285717691694,0.0028809523653416406,-121.59627631893409,-88.74277928624197,40.28606170898827,23.678486401180237,0.059612057314716776,-0.28571429204981347,SELL,0,2
0.041999999433755875,0.04500000178813934,0.041999999433755875,0.041999999433755875,291325,0.0,0.0,EMP,2022-05-25 00:00:00+10:00,Energy,0.0,0.0,0.0,0.0,0.04239999949932098,0.9905660360781016,0.04329999983310699,0.9699768959731694,0.04645000025629997,0.9041980452531742,0.05007000006735325,0.8388256316608397,0.0504950001090765,0.8317655083281473,0.049262500181794164,0.8525754738140092,0.03881044194270951,0.6160966659175192,0.02883169963991934,0.4576890427352225,0.05204817306190672,0.8262391327023385,0.10550859906591394,1.6748970858433803,33.33333333333333,25.00001164152485,33.33333333333333,-0.0027687626068430005,-0.002432821592194543,-0.00033594101464845755,0.045619004437548585,0.0409809952286654,-0.5605855188304613,0.05575138772569747,0.03714861278690248,-0.4784233360006829,0.063891028275325,0.0362489718593815,-0.5838929283816041,416854.2,883617.25,0.6988654546361773,0.32969591754801075,-0.045454553151426325,-0.066666716337202,-0.23636364252114106,-0.16000002384185752,-0.045454553151426276,-0.066666716337202,-0.23636364252114103,-0.16000002384185755,11.111092714615019,9.417974517452272,5.8823439179804895,5.675945825068598,-88.88890728538499,-94.11765608201951,0.002500000276735851,0.0029285715094634463,-68.05553874001447,-68.94824758721188,37.299793816722016,26.656341851685852,0.05812309282013849,-0.28571429204981347,SELL,0,2
0.041999999433755875,0.041999999433755875,0.03999999910593033,0.03999999910593033,191910,0.0,0.0,EMP,2022-05-26 00:00:00+10:00,Energy,-0.04761905606641803,-0.04879017303917098,-0.0020000003278255463,-0.047619056066418024,0.041999999433755875,0.952380943933582,0.042899999767541885,0.9324009166124589,0.04575000014156103,0.8743169176428661,0.04995000004768371,0.8008007821370405,0.05032500009983778,0.7948335623760737,0.049257500171661375,0.8120590563169294,0.03933205474886217,0.6243770125119981,0.03137665915842248,0.4980890226313384,0.05264384659875549,0.8356951569488432,0.10510092937245828,1.6684255300877306,25.000000000000014,28.571439975370524,29.729733267258112,-0.0028902988196541843,-0.0025243170376864714,-0.00036598178196771284,0.04594776869102814,0.03985223084405563,-0.9515159234232019,0.054761689467528685,0.03673831081559338,-0.6380602823337215,0.06401725852533688,0.03588274157003054,-0.7073162803939131,253506.4,875726.9,0.7570223079180645,0.21914366225360896,-0.04761905606641803,-0.09090910630285254,-0.2592592950302214,-0.13043480373510563,-0.047619056066418024,-0.09090910630285255,-0.25925929503022144,-0.13043480373510563,0.0,7.037025937816911,0.0,3.9215626119869973,-100.0,-100.0,0.0023571431104625973,0.0029285715094634463,-163.58696263225758,-102.86340827397431,44.25380660911508,24.61419318297422,0.056753245485126474,-0.275000004656613,SELL,0,2
0.04100000113248825,0.0430000014603138,0.04100000113248825,0.0430000014603138,134999,0.0,0.0,EMP,2022-05-27 00:00:00+10:00,Energy,0.07500006053596864,0.0723207178921535,0.0020000003278255463,0.04878049445322462,0.04179999977350235,1.028708174481191,0.04269999973475933,1.0070258015788758,0.045100000128149985,0.9534368367656515,0.04986000008881092,0.8624147890838738,0.050175000131130215,0.85700052512078,0.049287500176578763,0.8724321847580178,0.049732708932000186,0.789482279157799,0.040333085828903895,0.6402678882666188,0.05518540288681645,0.8760411122365336,0.10552730549503184,1.6751940411995645,45.45455469079932,41.17648090045023,35.89744030606212,-0.002713265193790143,-0.002562106668907206,-0.00015115852488293722,0.04537498728576611,0.040025012183752554,0.11215069970757592,0.05277497719003333,0.03742502306626664,-0.27361627935873917,0.06404829664783894,0.0356717035297829,-0.48349698640405864,222941.8,856990.1,0.6055347180295485,0.1575269072536544,-0.0227272342428686,-0.04444444996339281,-0.23214285476703433,-0.0947368000022587,-0.02272723424286861,-0.044444449963392814,-0.23214285476703433,-0.0947368000022587,37.50002328306055,16.203705332558528,16.666680464038738,7.51634146067308,-62.49997671693945,-83.33331953596127,0.002285714660372053,0.0029761906535852524,-63.76803519221459,-70.4334157295274,41.38174860580032,25.69387806335503,0.05507792084720686,-0.3255814376587851,SELL,0,2
0.0430000014603138,0.0430000014603138,0.039000000804662704,0.03999999910593033,1993246,0.0,0.0,EMP,2022-05-30 00:00:00+10:00,Energy,-0.06976749424421014,-0.07232071789215361,-0.0030000023543834686,-0.0697674942442101,0.04139999970793724,0.9661835600994338,0.04229999966919422,0.9456264638002134,0.044400000013411045,0.900900880492079,0.049680000096559526,0.8051529595045318,0.049985000118613246,0.8002400522358959,0.049287500176578763,0.8115647773294491,0.055679358677808106,0.8838824173262784,0.045247280075888116,0.7182783034973264,0.056478343063860154,0.8965659012477825,0.10592648921672883,1.681530886329777,41.666669253672595,38.88889578756922,30.00000372528899,-0.0027829596611262247,-0.00260627726735101,-0.00017668239377521475,0.04528886858918618,0.039311130749202255,-0.7695220582875467,0.051155894606703396,0.037644105420118694,-0.6512832381738602,0.06413861116808137,0.035221389025037686,-0.6694972942245642,522296.0,925482.05,3.816314886577726,2.153738151917695,-0.04761905606641803,-0.09090910630285254,-0.2592592950302214,-0.18367346628463943,-0.047619056066418024,-0.09090910630285255,-0.25925929503022144,-0.1836734662846394,14.285691477812168,17.261904920290913,5.263149639244801,7.309943367761185,-85.71430852218784,-94.7368503607552,0.002214286210281508,0.003071428764434088,-137.41493826523194,-104.44789081174693,37.54431297801179,20.9868522590008,0.05357012867307921,-0.275000004656613,SELL,0,2
0.03999999910593033,0.03999999910593033,0.03799999877810478,0.039000000804662704,578679,0.0,0.0,EMP,2022-05-31 00:00:00+10:00,Energy,-0.024999958090483165,-0.02531776500017097,-0.000999998301267624,-0.024999958090483207,0.040799999982118605,0.9558823730822357,0.04179999977350235,0.9330143783729251,0.04360000006854534,0.8944954298933304,0.04954000011086464,0.787242646697322,0.04975500013679266,0.7838408340355548,0.049297500178217886,0.7911151815745592,0.055850018056221515,0.8865915509713749,0.045411652103034196,0.7208876285352708,0.05602382471015904,0.8893506460665366,0.10562055553186876,1.6766743396428732,27.272739587732417,33.33334023201509,30.76923591262802,-0.002885620892774117,-0.002662145992435632,-0.00022347490033848517,0.04517309610456312,0.03842690344244158,-0.8300975406649909,0.048642973933462993,0.03855702620362769,-0.9121600442713688,0.06427693151399598,0.034803068707733295,-0.7152099048220014,638031.8,912717.5,0.9069751695761872,0.634017645109248,-0.07142853975093244,-0.11363634054572114,-0.29090907243657693,-0.1521738971986708,-0.07142853975093241,-0.11363634054572117,-0.29090907243657693,-0.15217389719867078,12.50002328306055,21.42857934797776,5.882364542425904,9.270731548569819,-87.49997671693946,-94.1176354575741,0.0021428577601909637,0.0029523812589191253,-183.33334552922344,-150.18658387440692,40.566238594926325,21.27013010674598,0.05182171332886923,-0.23076926383393692,SELL,0,2
0.03799999877810478,0.041999999433755875,0.03799999877810478,0.041999999433755875,2856244,0.0,0.0,EMP,2022-06-01 00:00:00+10:00,Energy,0.07692304018451468,0.07410793803934207,0.0040000006556510925,0.10526317853346492,0.040799999982118605,1.0294117512785097,0.0415999997407198,1.0096153772963739,0.04340000003576279,0.9677419216393255,0.04944000013172627,0.8495145493902203,0.04957500014454126,0.8472011963953675,0.04932250017300248,0.8515383301016297,0.06943351051781964,1.1022228089060302,0.05332095331609902,0.8464438928596969,0.04775743787666248,0.758125823251593,0.10612855412238006,1.6847385672640587,50.0,45.00000093132224,34.14634589564447,-0.00269385278313726,-0.002668487350575958,-2.5365432561302165e-05,0.044611090515196225,0.03858890896624337,0.1328421236671718,0.04835877816050666,0.03844122191101892,-0.28232773614553025,0.06431449564268615,0.03456550462076637,-0.5001850780410279,1151015.6,765998.6,2.4814989475381566,3.7287848828966528,0.0,-0.045454553151426325,-0.08695653582340379,-0.10638296017284077,0.0,-0.045454553151426276,-0.08695653582340375,-0.1063829601728408,50.0,25.595238253624245,23.529414342761314,11.558309508144012,-50.0,-76.47058565723869,0.0023571433765547617,0.003047619369767961,-85.38015365013263,-100.86895502187508,56.256314092453046,31.947350086749765,0.049886673291762204,-0.28571429204981347,SELL,0,2
0.039000000804662704,0.03999999910593033,0.03500000014901161,0.03799999877810478,2037748,0.0,0.0,EMP,2022-06-02 00:00:00+10:00,Energy,-0.09523811213283606,-0.1000834772301173,-0.0010000020265579224,-0.02564107707501292,0.0403999999165535,0.9405940311038135,0.04119999967515468,0.9223300747019268,0.04279999993741512,0.8878504400390372,0.04922000013291836,0.7720438576896786,0.04939500011503697,0.7693086079482914,0.04932250017300248,0.7704394271340028,0.08033509124736032,1.2752800379531826,0.059636290625550065,0.9466967646574682,0.04697245888345485,0.7456646680489696,0.10684395213701944,1.6960951586750495,37.5,34.78260587879819,38.88889118844995,-0.002831996307569022,-0.002701189141974571,-0.00013080716559445106,0.04494759202042191,0.03745240732988746,-0.853881799895106,0.04727684173279882,0.038323158142031424,-1.0721846736375336,0.06444237915907755,0.03399762110675916,-0.7370727883947933,1520183.2,835272.5,1.3404621232493559,2.4396206028571514,-0.0500000093132259,-0.09523811213283606,-0.24000003576278628,-0.2244898005730409,-0.05000000931322596,-0.09523811213283605,-0.24000003576278633,-0.22448980057304088,27.272714957717955,29.924246080259508,18.749992724041885,16.05392386974304,-72.72728504228205,-81.25000727595811,0.0027142861591918127,0.0029523812589191253,-181.2002843018271,-177.2532246001334,44.79717062722304,40.88626646429805,0.048222538859850166,-0.21052630804995065,SELL,0,2
0.041999999433755875,0.041999999433755875,0.03999999910593033,0.03999999910593033,71995,0.0,0.0,EMP,2022-06-03 00:00:00+10:00,Energy,0.05263158926673239,0.05129330419094626,-0.0020000003278255463,-0.047619056066418024,0.039799999445676804,1.0050251171617854,0.04079999960958958,0.9803921443305305,0.04249999988824129,0.9411764520262351,0.049040000140666964,0.815660664583887,0.04923500008881092,0.8124301621565484,0.04933250017464161,0.8108244861769957,0.07503195044674361,1.1910952875972318,0.060177633339864305,0.9552903138342612,0.04630988415366508,0.7351466202888522,0.10710922040505172,1.7003061618826307,44.444444444444436,41.66666666666667,35.29412086962704,-0.0027484107657152895,-0.002710633466722715,-3.777729899257431e-05,0.04403865565642378,0.037561343562755374,-0.24701619810515285,0.04687697402408421,0.03812302575239837,-0.5711710201434649,0.0644842252759299,0.03359577500540404,-0.5853321196474994,1507582.4,763618.6,0.047755266975788524,0.09428135983067987,-0.06976749424421014,-0.09090910630285254,-0.13043480373510563,-0.18367346628463943,-0.0697674942442101,-0.09090910630285255,-0.13043480373510563,-0.1836734662846394,45.45453621828847,40.90908372533548,33.33332505491078,25.20424404057133,-54.54546378171153,-66.66667494508923,0.0029285717755556107,0.002904762292192096,-44.19972556158492,-75.76472528582751,46.82445358385884,38.433773052873875,0.046106932666116,-0.25,SELL,0,2
0.039000000804662704,0.04100000113248825,0.035999998450279236,0.04100000113248825,1164806,0.0,0.0,EMP,2022-06-06 00:00:00+10:00,Energy,0.025000051222742847,0.024692662563777907,0.0020000003278255463,0.05128205862976375,0.039999999850988385,1.025000032130629,0.040699999779462814,1.0073710406548164,0.042249999940395355,0.97041422935691,0.048900000154972076,0.8384458282730585,0.04907500009983778,0.8354559561707221,0.049347500186413526,0.8308425143646176,0.06850549397256066,1.0874910029581786,0.059405491054843766,0.9430329350567322,0.04681336147377285,0.7431390749674508,0.1071214985569276,1.700501071501169,52.94118162669796,44.00000417232414,41.93548929802705,-0.0025718303559823727,-0.002682872844574647,0.00011104248859227428,0.043834043003849146,0.03756595655507648,0.09572342547514763,0.04634749680564245,0.03815250307514826,-0.30506400590784205,0.06450873681809283,0.03329126349185133,-0.5061267412595538,1341894.4,798490.15,0.8680310462581855,1.4587606371850672,0.025000051222742847,-0.02380948368451441,-0.10869562928696896,-0.14583331716453873,0.02500005122274275,-0.023809483684514385,-0.10869562928696891,-0.1458333171645388,54.54546378171153,42.42423831923932,40.000004967053535,30.694440915335406,-45.45453621828847,-59.999995032946465,0.003071429207921028,0.0029523814363139017,-87.4999689559193,-110.67191913492977,36.81221700155554,39.80224646184784,0.0443298234633793,-0.26829271949273537,SELL,0,2
0.039000000804662704,0.0430000014603138,0.039000000804662704,0.041999999433755875,345984,0.0,0.0,EMP,2022-06-07 00:00:00+10:00,Energy,0.02439020179624407,0.024097510475393154,0.00299999862909317,0.07692304018451458,0.040599999576807023,1.0344827554566924,0.040699999779462814,1.0319410236200797,0.042149999924004075,0.9964412695013369,0.04874000012874603,0.8617152097417616,0.048895000107586385,0.8589835226780027,0.04935250017791987,0.8510207037605467,0.06628735951773689,1.0522792101063734,0.05994059119340688,0.9515273864156575,0.04631092746218153,0.7351631822981036,0.1070165486105005,1.6988350427510353,46.66666004392862,46.15384615384615,43.750001455190954,-0.0023244033288143395,-0.0026111789414225857,0.0002867756126082462,0.043834043003849146,0.03756595655507648,0.41479952930375097,0.04616444839440053,0.03813555145360762,-0.03736515522726012,0.06446628151364486,0.03301371874384721,-0.4285819724338807,1295355.4,761891.6,0.2670958101537231,0.45411184478211863,0.07692304018451468,0.0,-0.045454553151426325,-0.16000002384185752,0.07692304018451458,0.0,-0.045454553151426276,-0.16000002384185755,69.99998137355156,56.666660457850526,53.846147233212626,42.39315908505898,-30.00001862644844,-46.153852766787374,0.0032142863741942813,0.0029523814363139017,12.34571035451549,-34.14631819420504,35.54604699637545,39.10782303053065,0.03500000014901161,-0.26190476401660445,SELL,0,2
0.03999999910593033,0.0430000014603138,0.03999999910593033,0.04100000113248825,243231,0.0,0.0,EMP,2022-06-08 00:00:00+10:00,Energy,-0.02380948368451441,-0.024097510475393182,0.0010000020265579224,0.02500005122274275,0.0403999999165535,1.0148515152765856,0.04059999994933605,1.0098522459027426,0.04194999989122152,0.9773540223791021,0.048580000177025795,0.8439687316402638,0.048715000115334986,0.8416299093794288,0.04937250018119812,0.8304218133984987,0.0582434179818396,0.9245855969180105,0.06048304473693692,0.9601385694595749,0.04620925348822439,0.7335491579987141,0.10703314847290257,1.6990985573973179,53.846162663411334,48.00000357627837,45.16129419905205,-0.0021838332622873477,-0.0025257098055955383,0.0003418765433081906,0.04361109149361957,0.03758890840505253,0.13284258458086087,0.04575995968682727,0.03814004009561577,-0.24934613741304046,0.06445754196455704,0.03270245838949455,-0.47740381640753593,772752.8,719519.2,0.31475913125128757,0.33804657332285226,-0.02380948368451441,-0.02380948368451441,-0.08888889992678561,-0.16326526112727135,-0.023809483684514385,-0.023809483684514385,-0.08888889992678563,-0.16326526112727135,60.0,61.515148385087706,54.54546378171153,49.46387199399257,-40.0,-45.45453621828847,0.0032142866402864456,0.0028571435028598422,15.384647714543759,-29.085849651566715,39.137536033076955,42.12120650960291,0.035160000175237655,-0.26829271949273537,SELL,0,2
0.041999999433755875,0.04399999976158142,0.041999999433755875,0.0430000014603138,527842,0.0,0.0,EMP,2022-06-09 00:00:00+10:00,Energy,0.04878049445322463,0.04762805532837576,0.0010000020265579224,0.023809572381903638,0.0414000004529953,1.0386473669036576,0.040900000184774396,1.051344774231105,0.04189999997615814,1.0262530187298706,0.048480000197887424,0.8869637228711805,0.048615000136196615,0.8845006960783255,0.04938750019297004,0.8706656804313118,0.030458824257457506,0.4835188452759249,0.059861742062842414,0.9502756952722541,0.0474169576592107,0.7527208673613054,0.10719904732129001,1.7017321199710689,64.28571808703131,48.00000357627837,46.87500036379778,-0.001889268844842383,-0.0023984216134449073,0.0005091527686025242,0.044226661338818106,0.037573339030730686,0.6312639545469644,0.04562191300452977,0.03817808694778651,0.2955473370201014,0.06443524389622154,0.03252475649955331,-0.343460672941385,470771.6,745586.35,1.121227363757712,0.7079555573945259,0.13157902218381023,0.07500006053596864,-0.0227272342428686,-0.10416664403035425,0.13157902218381035,0.07500006053596871,-0.02272723424286861,-0.10416664403035429,80.0,69.99999379118385,72.72728504228205,60.37296535240207,-20.0,-27.272714957717955,0.00328571509037699,0.0028571435028598422,108.49671770361664,44.08914697831141,40.58643918060091,47.69800929352097,0.03531680020093918,-0.2790698037075301,SELL,0,2
0.041999999433755875,0.0430000014603138,0.041999999433755875,0.0430000014603138,19986,0.0,0.0,EMP,2022-06-10 00:00:00+10:00,Energy,0.0,0.0,0.0010000020265579224,0.023809572381903638,0.042000000923871995,1.0238095360582105,0.040900000184774396,1.051344774231105,0.04179999995976687,1.0287081698971758,0.048440000191330906,0.8876961455505799,0.048455000147223475,0.8874213461905798,0.049392500203102825,0.8705775428151448,0.027660410096403094,0.4390953976628564,0.05517346422653607,0.8758515918799986,0.047113098706359484,0.7478972560239965,0.10679172649844597,1.6952661023646878,54.54546378171154,52.173917268759915,48.38709987537104,-0.0016369546278146435,-0.0022461282163188548,0.0006091735885042113,0.044226661338818106,0.037573339030730686,0.6312639545469644,0.045270174102869154,0.03832982581666458,0.34580440377385335,0.06444081666349066,0.03243918371917114,-0.3399825715445399,460369.8,713651.3,0.0434129258695944,0.028005273724016195,0.07500006053596864,0.0,-0.04444444996339281,-0.04444444996339281,0.07500006053596871,0.0,-0.044444449963392814,-0.044444449963392814,80.0,73.33333333333333,72.72728504228205,66.66667795542521,-20.0,-27.272714957717955,0.0032142866402864456,0.0028571435028598422,90.19608874359166,34.751798345863705,42.60300181337256,47.653427790544725,0.03566412818336487,-0.255813943414575,SELL,0,2
0.041999999433755875,0.041999999433755875,0.039000000804662704,0.039000000804662704,260967,0.0,0.0,EMP,2022-06-14 00:00:00+10:00,Energy,-0.09302326790251003,-0.09763848289232459,-0.00299999862909317,-0.07142853975093241,0.04160000085830688,0.9375000000000001,0.040800000354647634,0.9558823643544433,0.041550000011920926,0.9386281779415978,0.048260000199079514,0.8081226822167847,0.0482650001719594,0.8080389654141263,0.049392500203102825,0.7895935748199426,0.05434464889041033,0.862694556306888,0.05887221708600705,0.9345674732434942,0.05125304124179674,0.8136168063691877,0.10725228382786467,1.7025772233134673,54.54546378171154,44.44444751052671,41.1764705882353,-0.0017397061667443967,-0.002144843806403963,0.0004051376396595665,0.044302381355456034,0.03729761935383923,-0.5139359622980663,0.045072858075110536,0.038027141948731316,-0.7238438681090218,0.06448198088795705,0.03203801951020198,-0.5708303795951285,279602.0,706454.55,0.933351692763285,0.3694038066567764,-0.04878049445322463,-0.024999958090483165,-0.11363634054572114,-0.18749999029872322,-0.04878049445322462,-0.024999958090483207,-0.11363634054572117,-0.18749999029872327,40.0,66.66666666666667,36.363642521141024,60.606070868568374,-60.0,-63.636357478858976,0.0035000009728329523,0.0029523816137086776,-49.05299769552742,-76.02456808851313,41.543176079531165,44.19198555687712,0.03599756304649353,-0.1794871574440421,SELL,0,2
0.035999998450279236,0.039000000804662704,0.035999998450279236,0.03799999877810478,729666,0.0,0.0,EMP,2022-06-15 00:00:00+10:00,Energy,-0.025641077075012952,-0.025975539190775346,0.0020000003278255463,0.05555556705336561,0.04080000072717667,0.931372502471383,0.04070000015199184,0.9336609001522345,0.0412499999627471,0.9212120924223661,0.048080000206828115,0.7903493888235921,0.04805500015616417,0.7907605588308462,0.04937250019982457,0.7696591953882822,0.05123849427486196,0.8133858804281494,0.058901677979169384,0.9350351504237504,0.05144826501200398,0.8167158876450482,0.10727381487903265,1.702919018154605,40.0,42.857142857142854,41.1764705882353,-0.0018801560393436195,-0.0020919062529918945,0.00021175021364827499,0.04447712566467342,0.036922874639310266,-0.7148296673811584,0.044913476075323325,0.037586523850170875,-0.887135901742473,0.0645567744075445,0.031603226006111734,-0.6117703202053393,356338.4,688442.0,2.047677151830956,1.0598801351457348,-0.09523811213283606,-0.025641077075012952,-0.13636365945427886,-0.19148936001571282,-0.09523811213283605,-0.02564107707501292,-0.13636365945427883,-0.1914893600157128,33.333319535961266,51.11110651198709,27.272714957717955,45.45454750704701,-66.66668046403873,-72.72728504228205,0.0035000009728329523,0.0030476197245575135,-149.6855485604792,-160.58824371576475,37.230745563004724,43.47387838060086,0.04399999976158142,-0.23684210268331685,SELL,0,2
0.03799999877810478,0.03999999910593033,0.03799999877810478,0.03999999910593033,683404,0.0,0.0,EMP,2022-06-16 00:00:00+10:00,Energy,0.05263158926673239,0.05129330419094626,0.0020000003278255463,0.05263158926673246,0.04060000032186508,0.985221645044874,0.04050000011920929,0.9876542960047595,0.04104999992996454,0.9744214171540653,0.04794000022113323,0.8343762812144765,0.047855000160634514,0.83585830052581,0.049367500189691785,0.8102496369520966,0.06000184565697149,0.9524997708793652,0.055747520136550974,0.8849644469392765,0.05309287013943253,0.842823184677514,0.1075292038574277,1.706973192501126,45.45453621828847,50.0,44.44444444444444,-0.0018092246479712373,-0.002035369931987763,0.00022614528401652565,0.044181788740247085,0.036818211498171494,-0.13580383469652438,0.044512582623377143,0.037587417236551936,-0.3032420932594007,0.0645724496776648,0.03130755076460166,-0.47738014391409206,444373.0,696248.9,1.5379062184246117,0.9815512814454715,-0.02439029265698056,-0.04761905606641803,-0.09090910630285254,-0.1489361600942768,-0.024390292656980547,-0.047619056066418024,-0.09090910630285255,-0.1489361600942768,55.555546357307506,42.96295529775626,45.45453621828847,36.36363123238249,-44.444453642692494,-54.54546378171153,0.0035000009728329523,0.0030000007578304838,-53.03034074501013,-80.36256197828455,41.59058204468156,41.360950516734334,0.04383999973535538,-0.275000004656613,SELL,0,2
0.03999999910593033,0.03999999910593033,0.03999999910593033,0.03999999910593033,0,0.0,0.0,EMP,2022-06-17 00:00:00+10:00,Energy,0.0,0.0,0.0,0.0,0.039999999850988385,0.9999999813735485,0.04070000015199184,0.9828009571634545,0.040949999913573266,0.976800957029354,0.0478200002014637,0.8364700739734833,0.047665000148117545,0.8391901601097564,0.04936250017955899,0.8103317084918306,0.052935839532916404,0.8403304010791102,0.04551637177095243,0.7225500017274042,0.05216270906859072,0.8280573354414282,0.10748010282531065,1.706193737780536,40.0,43.999995827675235,44.44444444444444,-0.0017330336758365206,-0.0019749026807575143,0.00024186900492099376,0.0439727849627291,0.03742721534125459,-0.2138854481861966,0.04441258268626054,0.03748741714088599,-0.27436190555111306,0.0645955414586637,0.0310444589442637,-0.4661549201684957,338804.6,645816.45,0.0,0.0,-0.06976749424421014,0.05263158926673239,-0.04761905606641803,-0.13043480373510563,-0.0697674942442101,0.05263158926673246,-0.047619056066418024,-0.13043480373510563,55.555546357307506,48.148137416858766,49.99998137355156,40.90907751651933,-44.444453642692494,-50.00001862644844,0.00328571509037699,0.002904762646981648,-12.82055011014597,-44.566437195525964,40.84536601192686,38.849996385729874,0.043683199709653855,-0.2624999790452416,SELL,0,2
0.03999999910593033,0.03999999910593033,0.035999998450279236,0.035999998450279236,619694,0.0,0.0,EMP,2022-06-20 00:00:00+10:00,Energy,-0.10000001862645191,-0.1053605363538842,-0.0040000006556510925,-0.10000001862645191,0.03859999924898148,0.9326424650443265,0.040300000086426736,0.893300207768591,0.04054999984800815,0.8877928134455365,0.0476400001347065,0.7556674716306868,0.047465000115334985,0.7584535628948279,0.04933250017464161,0.7297420224565128,0.06435740961233072,1.0216422051512692,0.05313173062351073,0.8434400757377051,0.055254243655401665,0.8771339255589677,0.1083948307454486,1.7207145933443704,30.76922636060455,42.307691205535434,42.10526315789474,-0.0019726785941209385,-0.001974457863430199,1.7792693092605859e-06,0.04472719056478388,0.03587280960806959,-0.9712709803584422,0.044359960250864895,0.03674003944515141,-1.1942385003049607,0.06472925002910684,0.03055075024030616,-0.6811300528902301,458746.2,662410.05,1.3508427971719439,0.9355141879263456,-0.16279076214672017,-0.10000001862645191,-0.18181821260570508,-0.20000006622738042,-0.1627907621467201,-0.10000001862645191,-0.1818182126057051,-0.20000006622738045,11.111092714615019,40.74072847641002,9.999981373551561,35.151499655130536,-88.88890728538499,-90.00001862644844,0.00328571509037699,0.002952381791103454,-128.73564562034537,-153.14758671701756,46.91162625288959,40.25740034326676,0.04352953568446636,-0.2222221647331719,SELL,0,2
0.03500000014901161,0.03500000014901161,0.03500000014901161,0.03500000014901161,159000,0.0,0.0,EMP,2022-06-21 00:00:00+10:00,Energy,-0.02777773178653753,-0.028170829661421756,0.0,0.0,0.03779999911785126,0.9259259514766145,0.03969999998807907,0.8816120946982682,0.040199999883770945,0.8706467723931857,0.04686000011861324,0.7469056777724863,0.04733500011265278,0.7394105855226567,0.04930250016972423,0.7099031495060869,0.05515329014018582,0.8755313381875344,0.05196925774723615,0.8249863909188221,0.054771444872855006,0.8694697324875486,0.0557638803604916,0.8852241574429177,16.666666666666657,42.307691205535434,37.837839742661004,-0.00221772586075121,-0.0020231114628944014,-0.00019461439785680877,0.04520151620891077,0.03419848376724737,-0.8543099121058174,0.044676841819302114,0.03572315794823978,-1.1615330202946657,0.06254053560024067,0.031179464636985815,-0.7563517192061303,438352.8,645536.3,0.3627215338877726,0.24630683046019253,-0.10256411725952752,-0.1463414833596739,-0.1666666518837685,-0.5270270311087913,-0.1025641172595275,-0.14634148335967387,-0.16666665188376845,-0.5270270311087913,0.0,22.222213023974177,0.0,19.999987582367712,-100.0,-100.0,0.0032142863741942813,0.002904762646981648,-184.0637013657368,-213.51593519548618,49.05008858944033,38.40737654583344,0.043378944939782615,-0.19999997871262698,SELL,0,2
0.035999998450279236,0.035999998450279236,0.03500000014901161,0.03500000014901161,548546,0.0,0.0,EMP,2022-06-22 00:00:00+10:00,Energy,0.0,0.0,-0.000999998301267624,-0.027777731786537547,0.037199999392032626,0.9408602344361273,0.03900000005960465,0.897435899885135,0.03984999991953373,0.8782936065165526,0.04624000012874603,0.7569204163399894,0.047195000126957896,0.7416039846352184,0.049247500170022246,0.7106959749871057,0.05570525376980541,0.8842934891678904,0.050495581913795405,0.8015925123083618,0.054771444872855006,0.8694697324875486,0.054082483242154755,0.8585328056613583,16.666666666666657,34.782611512506605,40.00000212873707,-0.002384441230780618,-0.0020953774164716448,-0.0002890638143089731,0.04496284925465843,0.03303715086455086,-0.6708202370623519,0.04480346844406968,0.03489653139499778,-0.9791118579836893,0.06126954961422664,0.03121045064326542,-0.7478600732904795,402128.8,672963.6,1.3641052319555327,0.8151198668100326,-0.07894733488311956,-0.1666666518837685,-0.1666666518837685,-0.46969696456571586,-0.0789473348831195,-0.16666665188376845,-0.16666665188376845,-0.4696969645657158,0.0,3.7036975715383442,0.0,3.333327124517192,-100.0,-100.0,0.0030000004917383194,0.0028571435028598422,-136.58534627797468,-170.60299917274227,31.20106045902638,42.25244850843232,0.043043787148151776,-0.19999997871262698,SELL,0,2
0.03500000014901161,0.03500000014901161,0.03099999949336052,0.03200000151991844,540230,0.0,0.0,EMP,2022-06-23 00:00:00+10:00,Energy,-0.08571424618059287,-0.08961211544971151,-0.00299999862909317,-0.08571424618059292,0.03559999987483024,0.8988764503491739,0.038100000098347665,0.839895050848208,0.039350000023841855,0.8132147776500608,0.04558000020682812,0.7020623381902634,0.04699500013142824,0.6809235329380968,0.04918250016868114,0.6506379588302361,0.04744146810781665,0.7531099586705092,0.05502995233541989,0.8735734112355548,0.057432152695232636,0.911707159744041,0.05510098499688673,0.8747010197787805,18.181821260570516,36.363642521141024,36.84210887493496,-0.002727201696448918,-0.0022217422724670993,-0.0005054594239818186,0.04530802061990228,0.03089197957679305,-0.8462793023671337,0.04530686282517258,0.03339313722251113,-1.2338707049424522,0.06013792165548722,0.031022078758169022,-0.9328253854646609,373494.0,685408.85,1.446422164746957,0.7881864962788269,-0.19999994412064426,-0.2195121796091426,-0.23809519163470083,-0.507692266251207,-0.19999994412064429,-0.21951217960914254,-0.23809519163470086,-0.507692266251207,7.692323122503876,2.564107707501297,7.142870447463171,2.3809568158210617,-92.30767687749612,-92.85712955253683,0.0027857148753745215,0.0030476197245575135,-174.42404459043624,-215.34613956096698,39.694800955062114,40.87087115244604,0.04272203566818617,-0.031250061845636834,HOLD,0,1
0.03200000151991844,0.03200000151991844,0.02850000001490116,0.029999999329447746,2124569,0.0,0.0,EMP,2022-06-24 00:00:00+10:00,Energy,-0.06250006548361542,-0.06453859098676339,-0.0020000021904706955,-0.06250006548361542,0.03359999991953373,0.892857125038471,0.03679999988526106,0.8152173756245904,0.03885000003501773,0.7722007542447112,0.044960000179708005,0.6672597688953698,0.04679500011727214,0.6410941180524686,0.049107500156387686,0.6109046323659275,0.041202162037732394,0.6540640453801572,0.04989720108776919,0.7920935111785131,0.05801256088507233,0.9209208541193671,0.05511860632497874,0.8749807496901932,16.666669253673803,27.272729581791324,35.00000162981431,-0.003124211333503525,-0.0024022360846743846,-0.0007219752488291406,0.044733053191432365,0.028866946579089753,-0.857173183309311,0.0461127388683098,0.031587261201725655,-1.2185486644517591,0.05947788556850413,0.03044211479091188,-1.0304531582681682,798407.8,782041.8,2.661007319818268,2.7166949388127333,-0.25,-0.3023256206831576,-0.25,-0.5081967378304997,-0.25,-0.30232562068315755,-0.25,-0.5081967378304997,9.67741509071863,5.789912737740841,9.67741509071863,5.606761846060604,-90.32258490928137,-90.32258490928137,0.002750000650329249,0.003071429207921028,-177.4906186522259,-231.09241377229142,29.91851599866841,35.187936188908395,0.04201871349769663,-0.033333339542150675,HOLD,0,1
0.03200000151991844,0.03200000151991844,0.03200000151991844,0.03200000151991844,50000,0.0,0.0,EMP,2022-06-27 00:00:00+10:00,Energy,0.0666667411724744,0.06453859098676348,0.0,0.0,0.03280000053346157,0.9756097865691498,0.03569999989122152,0.8963585887233323,0.03830000003799796,0.8355091772368355,0.0445600001886487,0.7181328856472982,0.04661500012502074,0.686474341608815,0.04902250017039478,0.6527615158078696,0.05932714935398227,0.9417892991101403,0.05865901562670699,0.9311830050007099,0.05737628885799914,0.9108203488204314,0.05268285436359264,0.8363143860186008,16.666682188707043,30.43478507344328,40.00000465661211,-0.0032401108876996057,-0.002569811045279429,-0.0006702998424201767,0.04282117233259552,0.028578827449847525,-0.5195771344906772,0.045897783660183405,0.030702216415812514,-0.8291889887050207,0.05938502083709949,0.029734979540197916,-0.8472162681299725,684469.0,777791.85,0.073049327288745,0.06428455119451303,-0.11111103062644068,-0.255813943414575,-0.255813943414575,-0.38461536808303154,-0.1111110306264407,-0.255813943414575,-0.255813943414575,-0.38461536808303154,22.580655240119597,13.316797817780705,22.580655240119597,13.13364692610047,-77.4193447598804,-77.4193447598804,0.002535714900919369,0.003071429296618416,-112.04675297645683,-151.09639434583272,36.25353420733304,35.834556645232,0.040937216419073,-0.093750069121594,SELL,0,2
0.03200000151991844,0.03200000151991844,0.03200000151991844,0.03200000151991844,95000,0.0,0.0,EMP,2022-06-28 00:00:00+10:00,Energy,0.0,0.0,0.0,0.0,0.03220000080764294,0.9937888421519224,0.034999999962747094,0.9142857586850927,0.037900000158697364,0.8443272133489693,0.04412000019103288,0.725294682261181,0.04643500013276935,0.6891353812516935,0.048947500186041,0.6537617120035132,0.05993255232279926,0.9513997733009599,0.05433660669718884,0.8625668904473304,0.05584843631968786,0.8865664416823288,0.05226584377546201,0.8296945481569542,16.666682188707043,27.272735739294745,35.13513690389949,-0.003293991041127299,-0.0027146470444490032,-0.0005793439966782958,0.042055335249993844,0.027944664675500344,-0.4252099043756942,0.04594984471140877,0.02985015560598596,-0.7329332386662848,0.059106470551396936,0.029133529830668834,-0.8087293658665085,671669.0,682879.55,0.14143871460496166,0.13911677396108874,-0.08571424618059287,-0.1794871574440421,-0.19999994412064426,-0.40740739463206377,-0.08571424618059292,-0.1794871574440421,-0.19999994412064429,-0.40740739463206377,22.580655240119597,18.279575190319278,22.580655240119597,18.279575190319278,-77.4193447598804,-77.4193447598804,0.0022500005683728625,0.002928572041647775,-93.82127696346167,-130.68740825079126,32.105560768057856,35.2016060680713,0.03994223910673925,-0.093750069121594,SELL,0,2
0.03099999949336052,0.03099999949336052,0.03099999949336052,0.03099999949336052,299612,0.0,0.0,EMP,2022-06-29 00:00:00+10:00,Energy,-0.031250061845636834,-0.03174876215523972,0.0,0.0,0.03140000067651272,0.9872611090912683,0.03430000003427267,0.9037900717896565,0.03750000009313226,0.8266666511032317,0.04360000018030405,0.7110091597514379,0.04625500014051795,0.6701978034631002,0.04882250017486513,0.6349531339511364,0.059433891332079915,0.943483775481125,0.054450399727145535,0.864373298796518,0.055956619509379406,0.8882837965780981,0.051512946285616645,0.8177426710318205,22.222238319149653,27.272731121166373,37.142859119541576,-0.003378438718539642,-0.0028474053792671315,-0.0005310333392725105,0.04142117231289549,0.027178827755649854,-0.463406924000208,0.046096204812534104,0.02890379537373041,-0.7561477200631432,0.05856663005932922,0.02863337030127888,-0.8418729392514523,621882.2,668926.2,0.48178256267826935,0.4478999327579037,-0.114285732532034,-0.18421051341658445,-0.20512823451905504,-0.4561403600499607,-0.11428573253203404,-0.18421051341658443,-0.205128234519055,-0.4561403600499607,16.129029156886276,20.43011321237516,16.129029156886276,20.43011321237516,-83.87097084311372,-83.87097084311372,0.0021071434020996094,0.0027857149640719094,-95.39123086694896,-131.55973355388366,30.8037499304385,40.17899815820706,0.0390268599793922,-0.06451614066167644,SELL,0,2
0.030500000342726707,0.030500000342726707,0.02800000086426735,0.028999999165534973,1296133,0.0,0.0,EMP,2022-06-30 00:00:00+10:00,Energy,-0.06451614066167644,-0.06669138693011951,-0.0015000011771917343,-0.049180365912665884,0.030800000205636023,0.9415584081791118,0.03320000004023314,0.8734939497105895,0.03685000007972121,0.78697419546259,0.043000000156462194,0.6744185827910224,0.04606500012800097,0.6295451879941947,0.04868250017054379,0.5956965863286113,0.05434040088316948,0.8626271212825265,0.04977735504363685,0.7901910142081789,0.05328035952505799,0.8457994864044895,0.0516292274668548,0.8195885775580983,20.0000111758649,18.18182356963294,36.11111111111111,-0.0035656448883212566,-0.002991053281077957,-0.0005745916072432996,0.03978618027942289,0.026613819801043378,-0.6376990489429505,0.04596389941679187,0.02773610074265055,-0.8613218803346296,0.05785164788873138,0.02814835242419301,-0.9426564138407664,773062.8,590920.65,1.6766205798545732,2.1934129396222657,-0.093750069121594,-0.275000004656613,-0.3095238200830225,-0.5084745933940374,-0.09375006912159405,-0.27500000465661295,-0.30952382008302254,-0.5084745933940374,6.666655076875087,15.125446491293658,6.2499898136586385,14.986558070221507,-93.33334492312491,-93.75001018634136,0.0021071434020996094,0.002833333930798939,-113.90729793141794,-141.10616782138473,19.602224917028536,39.00814792787652,0.03818471118223292,-0.03448270103593898,HOLD,0,1
0.028999999165534973,0.029999999329447746,0.028999999165534973,0.029999999329447746,346233,0.0,0.0,EMP,2022-07-01 00:00:00+10:00,Energy,0.03448276526508387,0.033901558098595734,0.0010000001639127731,0.03448276526508396,0.030800000205636023,0.9740259457517183,0.032200000062584874,0.9316769959981012,0.03645000010728836,0.823045246670633,0.04242000013589859,0.7072135604275912,0.04583500012755394,0.654521637306882,0.04855750016868114,0.6178242130511754,0.05188115808720157,0.823587852172577,0.05320223527446267,0.8445593023738586,0.05110199127497475,0.8112189624826543,0.05203189171021735,0.8259806742568702,27.272734969604187,21.739135012169953,32.352944882424666,-0.0035919101662332323,-0.0031112246581090123,-0.00048068550812422,0.036988876085876976,0.02741112403929277,-0.4593981390281934,0.04604111473504625,0.026858885479530477,-0.6724975175641741,0.056983527849163655,0.027856472422633526,-0.8528154064717571,417395.6,506344.9,0.8295080254799044,0.6837888561729366,0.0,-0.25,-0.21052630804995065,-0.4915254381762191,0.0,-0.25,-0.21052630804995065,-0.49152543817621913,14.285704782421737,12.36046300539437,12.49999126885026,11.626336746465062,-85.71429521757827,-87.50000873114973,0.0021071432690535274,0.002690476764525686,-91.6666913510298,-114.94123973678929,22.924656677679877,23.519089919516134,0.03716624015043636,-0.06666661699612819,SELL,0,2
0.028999999165534973,0.029999999329447746,0.028999999165534973,0.029999999329447746,225542,0.0,0.0,EMP,2022-07-04 00:00:00+10:00,Energy,0.0,0.0,0.0010000001639127731,0.03448276526508396,0.030399999767541885,0.9868420907515526,0.031600000150501725,0.9493670628660242,0.035950000118464234,0.8344923290845689,0.04186000015586615,0.7166746110306363,0.04561500011011958,0.6576783789767505,0.04839250016026199,0.6199307584872947,0.03733908118686012,0.5927395380244942,0.04700646836932712,0.7462045518999807,0.048992402265062934,0.7777302751499645,0.05205466511281548,0.8263421908155586,37.49999708961946,26.31579411739621,36.66667059891665,-0.003571554926235683,-0.0032032907117343465,-0.0003682642145013365,0.03573118330407707,0.027468816996926382,-0.3872984473392941,0.04580099575535358,0.026099004481574886,-0.6039999415627921,0.05612861917207237,0.027591381139659928,-0.831194722695159,452504.0,514022.25,0.4984309530965472,0.4387786715458329,-0.06250006548361542,-0.16666664941995157,-0.25,-0.48275861736745806,-0.06250006548361542,-0.16666664941995157,-0.25,-0.482758617367458,16.666656318636544,12.539672059311128,12.49999126885026,10.416657450453059,-83.33334368136346,-87.50000873114973,0.0018928575196436473,0.0024047625206765674,-81.35005765444909,-101.16609278468626,23.90884005914272,28.82569983490268,0.03624961622181946,-0.06666661699612819,SELL,0,2
0.029999999329447746,0.029999999329447746,0.029999999329447746,0.029999999329447746,0,0.0,0.0,EMP,2022-07-05 00:00:00+10:00,Energy,0.0,0.0,0.0,0.0,0.029999999329447746,1.0,0.031100000068545342,0.9646302013931459,0.03540000002831221,0.8474576074987105,0.041380000114440915,0.7249878986582762,0.04546500008553266,0.6598482189158511,0.04824250016361475,0.6218583039374526,0.03733908118686012,0.5927395380244942,0.04712340154300739,0.7480608084854098,0.04828255621393817,0.7664618184274603,0.05141696265985557,0.8162189782096319,50.0,27.777785251352,32.14286165691961,-0.003514905607989907,-0.0032656136909854595,-0.00024929191700444765,0.03455768194304564,0.027642318194045046,-0.3181324306350675,0.04529204939923706,0.025507950657387354,-0.5458930193713327,0.05559634662148596,0.027163653607395873,-0.8004870153772422,433504.0,455781.95,0.0,0.0,-0.06250006548361542,-0.14285716566504258,-0.26829271949273537,-0.44444447127266606,-0.06250006548361542,-0.14285716566504256,-0.2682927194927354,-0.44444447127266606,16.666656318636544,15.873005806564947,12.49999126885026,12.49999126885026,-83.33334368136346,-87.50000873114973,0.0016785716371876852,0.0022142862989788965,-67.10916390126326,-86.95046577431772,26.955755476007525,28.207815669331538,0.03542465468606425,-0.06666661699612819,SELL,0,2
0.029999999329447746,0.029999999329447746,0.029999999329447746,0.029999999329447746,301751,0.0,0.0,EMP,2022-07-06 00:00:00+10:00,Energy,0.0,0.0,0.0,0.0,0.029799999296665193,1.0067114106544606,0.030599999986588956,0.9803921353789486,0.0348000000230968,0.8620689456763423,0.04090000007301569,0.733496314813961,0.045305000077933075,0.662178551547117,0.048122500153258446,0.6234089923404863,0.0359548076710943,0.5707648772092376,0.04712340154300739,0.7480608084854098,0.04755472800866477,0.754907903857469,0.05141696265985557,0.8162189782096319,24.99998835847515,18.75000945874224,29.629629629629633,-0.003430466334629373,-0.0032985842197142427,-0.0001318821149151302,0.032749937355766846,0.028450062617411065,-0.2790782028085974,0.04445946561652631,0.025140534429667287,-0.49692197225839,0.05499732998814262,0.026802670157888762,-0.7731961165122384,433931.8,453570.3,0.6953880771125786,0.6652794506165858,-0.03225807033083827,-0.14285716566504258,-0.28571429204981347,-0.44444447127266606,-0.03225807033083823,-0.14285716566504256,-0.2857142920498135,-0.44444447127266606,16.666656318636544,16.666656318636544,12.49999126885026,12.49999126885026,-83.33334368136346,-87.50000873114973,0.0015357144709144319,0.0019761909331594196,-62.3036833725348,-79.33657000912001,16.555156188518495,32.64224018872952,0.03468218930388456,-0.08333331781129005,SELL,0,2
0.029999999329447746,0.029999999329447746,0.029999999329447746,0.029999999329447746,199908,0.0,0.0,EMP,2022-07-07 00:00:00+10:00,Energy,0.0,0.0,0.0,0.0,0.029999999329447746,1.0,0.030399999767541885,0.9868420907515526,0.03424999993294477,0.8759123908958322,0.04040000006556511,0.7425742396227918,0.045155000053346155,0.6643782370502873,0.04804750014096498,0.6243821060706953,0.015421161436978963,0.24480334854015479,0.03993388979932236,0.6339308477547961,0.04763591427661905,0.7561966959067518,0.05127124567270754,0.8139057927508843,24.99998835847515,18.75000945874224,26.923082158320938,-0.0033252165753340363,-0.003303910690838202,-2.1305884495834322e-05,0.032332185021448065,0.028467814513635704,-0.20701971370782477,0.04367281714252831,0.024827182723361235,-0.4510329033205203,0.0542269191900394,0.02657308094109082,-0.7521560401484433,214686.8,451404.15,0.9311611147029067,0.44285813499942345,0.03448276526508387,-0.06250006548361542,-0.26829271949273537,-0.45454546378171157,0.03448276526508396,-0.06250006548361542,-0.2682927194927354,-0.4545454637817115,16.666656318636544,16.666656318636544,12.49999126885026,12.49999126885026,-83.33334368136346,-87.50000873114973,0.0015357144709144319,0.0017857147114617483,-56.94916030330377,-72.59260306156136,16.555156188518495,29.16648902979911,0.03401397045992284,-0.09999995653827887,SELL,0,2
0.028999999165534973,0.028999999165534973,0.028999999165534973,0.028999999165534973,100581,0.0,0.0,EMP,2022-07-08 00:00:00+10:00,Energy,-0.033333339542150675,-0.03390155809859586,0.0,0.0,0.029799999296665193,0.9731543573821579,0.030299999751150608,0.9570956898913417,0.03354999981820583,0.8643814999306851,0.03990000002086162,0.7268170213125913,0.04499500002712011,0.6445160384055034,0.04792250012978912,0.6051437025821672,0.014907122626665796,0.23664323540220994,0.036217560697785,0.5749359521983564,0.045390197094669876,0.720547040836218,0.05136092901317232,0.8153294716445763,25.000000000000014,23.07693409848862,26.923080229546585,-0.0032846338245705077,-0.003300055317584663,1.542149301415538e-05,0.03241870123786256,0.028181298264438655,-0.6135836472334416,0.042291311629923625,0.02480868800648804,-0.5205169144717559,0.0535262059095619,0.026273794132161347,-0.7999292645626049,165556.4,430041.1,0.6075331427839697,0.23388694708482516,-0.033333339542150675,-0.033333339542150675,-0.3255814376587851,-0.46296299234625327,-0.03333333954215063,-0.03333333954215063,-0.32558143765878506,-0.4629629923462533,12.499982537696457,15.277765058323189,6.2499898136586385,10.416657450453059,-87.50001746230355,-93.75001018634136,0.001321428721504552,0.0016904765119155247,-86.70842350244003,-81.51384097282681,18.54084024601245,28.86271149569501,0.03341257350035729,-0.06896546630102296,SELL,0,2
0.028999999165534973,0.029999999329447746,0.028999999165534973,0.028999999165534973,405766,0.0,0.0,EMP,2022-07-11 00:00:00+10:00,Energy,0.0,0.0,0.0,0.0,0.029599999263882636,0.9797297259030755,0.02999999951571226,0.9666666544559928,0.032849999703466894,0.8828005913946598,0.03935999996960163,0.7367885972543736,0.044845000021159646,0.6466718508607788,0.04781250013038516,0.6065359286055255,0.014907122626665796,0.23664323540220994,0.02696466402058265,0.42805077110923645,0.045390197094669876,0.720547040836218,0.05091878635197345,0.8083106744913092,50.0,25.00000776101777,20.833337860594412,-0.0032154064976239217,-0.003283125553592515,6.771905596859341e-05,0.03188561878601357,0.028114380245410946,-0.5303299377172211,0.04058984873764998,0.02511015066928381,-0.4974257922768743,0.05251378479212516,0.026206215147078098,-0.787606072613183,201601.2,449330.1,2.012716194149638,0.9030465575308666,-0.033333339542150675,-0.093750069121594,-0.3255814376587851,-0.48214288802855376,-0.03333333954215063,-0.09375006912159405,-0.32558143765878506,-0.4821428880285538,12.499982537696457,13.888873798009826,6.666655076875087,8.472212053128,-87.50001746230355,-93.33334492312491,0.0013214288545506342,0.0015952384897640773,-68.35017556717938,-71.8377207010073,24.674197238035276,26.010786871802324,0.0328713162367483,-0.06896546630102296,SELL,0,2
0.02800000086426735,0.028999999165534973,0.02800000086426735,0.028999999165534973,208085,0.0,0.0,EMP,2022-07-12 00:00:00+10:00,Energy,0.0,0.0,0.000999998301267624,0.035714223942892365,0.029399999231100083,0.9863945552371994,0.029699999280273913,0.9764309719965595,0.03234999962151051,0.8964451160689345,0.03885999992489815,0.7462686366850522,0.04467500001192093,0.6491326056585721,0.04770250013098121,0.6079345754605517,0.014907122626665796,0.23664323540220994,0.02696466402058265,0.42805077110923645,0.041990451329497046,0.6665777499432641,0.050826405261502165,0.8068441701439174,0.0,25.00000776101777,20.833337860594412,-0.003124525754316782,-0.003251405593737369,0.00012687983942058674,0.031049896616961482,0.028350101943586344,-0.5185580382406164,0.03969918487603079,0.02500081436699023,-0.4558329039147629,0.051637595585794324,0.026082404264001973,-0.7716632315685304,243218.2,446686.0,0.8555486390409928,0.46584177699771206,-0.033333339542150675,-0.093750069121594,-0.2564102931488188,-0.46296299234625327,-0.03333333954215063,-0.09375006912159405,-0.25641029314881875,-0.4629629923462533,14.285691477812168,13.095218851068367,7.142845738906084,6.686496876479942,-85.71430852218784,-92.85715426109391,0.0013214288545506342,0.0015952383123693011,-109.21980995269722,-81.13207958291233,14.7220005361946,25.526128562331166,0.032384184699500204,-0.10344823156610694,SELL,0,2
0.029999999329447746,0.029999999329447746,0.029999999329447746,0.029999999329447746,24000,0.0,0.0,EMP,2022-07-13 00:00:00+10:00,Energy,0.03448276526508387,0.033901558098595734,0.0,0.0,0.029399999231100083,1.0204081671442007,0.029599999263882636,1.0135135160646163,0.03194999964907765,0.9389671254758152,0.03835999991744757,0.7820646348803202,0.04450500002130866,0.6740815484795859,0.04761250012554228,0.6300866211676605,0.023978680058859773,0.3806497452199596,0.028998348375742503,0.4603345094029708,0.04323543493499411,0.6863412519822509,0.05106553534285076,0.8106402425013755,50.0,39.99999627471239,28.571432372743914,-0.0029379436688002913,-0.0031887132087499537,0.0002507695399496623,0.030632794992161077,0.028567203535604196,0.3872983346202133,0.03886223136872897,0.025037767929426337,-0.2821086443161475,0.05050040358747814,0.026219596247416994,-0.6886097707473321,187668.0,411402.7,0.12788541466845707,0.05833700167743187,0.0,-0.03225807033083827,-0.21052630804995065,-0.45454546378171157,0.0,-0.03225807033083823,-0.21052630804995065,-0.4545454637817115,49.9999534338789,25.59520914979585,16.666656318636544,10.158719044805911,-50.0000465661211,-83.33334368136346,0.001107143105140754,0.001452381146096048,-4.465748732053607,-51.06383991977679,16.943977895638326,26.735560632068157,0.03194576631597692,-0.13333329608042954,SELL,0,2
0.029500000178813934,0.029999999329447746,0.028999999165534973,0.029999999329447746,128958,0.0,0.0,EMP,2022-07-14 00:00:00+10:00,Energy,0.0,0.0,0.000499999150633812,0.01694912364756178,0.029399999231100083,1.0204081671442007,0.029699999280273913,1.0101010120014746,0.031449999660253525,0.9538950605256036,0.038039999902248385,0.7886435175220537,0.044360000006854534,0.6762849261679921,0.04752750013023615,0.6312134921306808,0.023978680058859773,0.3806497452199596,0.019328356894658172,0.30682815356859705,0.040695898264939794,0.646027357136494,0.0460649289334859,0.7312580767192051,50.0,50.0,30.000006519256345,-0.0027582802836372267,-0.0031026266237274085,0.00034434634009018186,0.030666091221709508,0.028733907338838318,0.3105295017035733,0.03727101440465346,0.025628984915853588,-0.2490975189851117,0.050201901513396464,0.025878098291100306,-0.661080876154339,173478.0,383680.4,0.7433680351399025,0.3361078647749533,0.0,0.03448276526508387,-0.25,-0.3478261028013292,0.0,0.03448276526508396,-0.25,-0.3478261028013292,49.9999534338789,38.09519944852333,16.666656318636544,13.492052792059729,-50.0000465661211,-83.33334368136346,0.0009285715807761465,0.0013571429465498244,-32.45405524609468,-55.10888251919556,29.058014301555502,29.36017380509628,0.03155118977080596,0.033333339542150675,HOLD,0,1
0.029999999329447746,0.029999999329447746,0.029999999329447746,0.029999999329447746,33500,0.0,0.0,EMP,2022-07-15 00:00:00+10:00,Energy,0.0,0.0,0.0,0.0,0.029599999263882636,1.0135135160646163,0.029699999280273913,1.0101010120014746,0.030949999671429397,0.9693053198039735,0.037639999873936174,0.7970244269373989,0.04424999998882413,0.6779660867124204,0.04744750012643635,0.6322777648876096,0.015421161436978963,0.24480334854015479,0.015986245850070437,0.25377378550094837,0.040695898264939794,0.646027357136494,0.04402384286378201,0.6988568398497167,50.0,33.333322985309636,22.222230270686765,-0.002586084978638957,-0.0029993182947097184,0.0004132333160707614,0.030666091221709508,0.028733907338838318,0.3105295017035733,0.03517897293915136,0.026721026403707434,-0.22464089551774136,0.049508394398406694,0.025771605349465654,-0.6437265401597583,160061.8,385355.4,0.20929416013064955,0.08693273793490372,0.03448276526508387,0.0,-0.25,-0.4000000223517415,0.03448276526508396,0.0,-0.25,-0.4000000223517415,49.9999534338789,49.9999534338789,16.666656318636544,16.666656318636544,-50.0000465661211,-83.33334368136346,0.0007857142814568111,0.0012619048357009888,15.602807198538166,-42.39631825315713,28.553698985023175,20.863292031591655,0.0311960708801521,0.26666665424903213,BUY,0,0
0.029999999329447746,0.029999999329447746,0.029999999329447746,0.029999999329447746,33333,0.0,0.0,EMP,2022-07-18 00:00:00+10:00,Energy,0.0,0.0,0.0,0.0,0.029799999296665193,1.0067114106544606,0.029699999280273913,1.0101010120014746,0.030649999715387823,0.9787928093971974,0.03731999985873699,0.8038585059754345,0.04416999999433756,0.6791940079984977,0.0473475001193583,0.6336131633944929,0.015421161436978963,0.24480334854015479,0.015986245850070437,0.25377378550094837,0.03528944712606867,0.5602026060032445,0.04283587693666975,0.6799984653947727,50.0,33.333322985309636,22.222230270686765,-0.0024217030732569637,-0.002883795250419168,0.00046209217716220406,0.030666091221709508,0.028733907338838318,0.3105295017035733,0.034160886071660415,0.02713911335911523,-0.18513854337061572,0.04913102951693823,0.025508970200535754,-0.619759728078106,85575.2,356037.35,0.3895170563434266,0.09362220003041816,0.03448276526508387,0.0,-0.16666664941995157,-0.3478261028013292,0.03448276526508396,0.0,-0.16666664941995157,-0.3478261028013292,66.6666459706,55.555517612785934,16.666656318636544,16.666656318636544,-33.333354029400006,-83.33334368136346,0.0007857142814568111,0.0012619048357009888,43.809517727416214,-37.34940460671118,28.553698985023175,20.863292031591655,0.030876463878563624,0.0666667411724744,BUY,0,0
0.029999999329447746,0.029999999329447746,0.029999999329447746,0.029999999329447746,10500,0.0,0.0,EMP,2022-07-19 00:00:00+10:00,Energy,0.0,0.0,0.0,0.0,0.029999999329447746,1.0,0.029699999280273913,1.0101010120014746,0.03039999967440963,0.9868420937748036,0.03699999984353781,0.8108107961164589,0.04408999999985099,0.6804263853379255,0.047257500113919375,0.6348198541422941,0.015421161436978963,0.24480334854015479,0.015986245850070437,0.25377378550094837,0.03503539077259722,0.5561695864215562,0.04283587693666975,0.6799984653947727,100.0,40.0,28.571438074717335,-0.0022653160753279694,-0.0027600994154009283,0.0004947833400729589,0.030666091221709508,0.028733907338838318,0.3105295017035733,0.03325804577182629,0.027541953576992968,-0.1399558759123713,0.04871776994448201,0.025282229742593608,-0.5973833292330947,46058.2,348612.35,0.22797243487587446,0.03011941487443001,0.03448276526508387,0.0,-0.14285716566504258,-0.3478261028013292,0.03448276526508396,0.0,-0.14285716566504256,-0.3478261028013292,79.9999552965071,65.555518233662,24.999988358464304,19.4444336652458,-20.000044703492907,-75.00001164153569,0.0007142855652741023,0.0010714286140033177,65.69580148329757,-31.319920792184924,32.117785743736135,23.377442674417495,0.030588817577133998,0.16666669771075315,BUY,0,0
0.028999999165534973,0.03200000151991844,0.02800000086426735,0.03099999949336052,262133,0.0,0.0,EMP,2022-07-20 00:00:00+10:00,Energy,0.033333339542150675,0.03278982883152377,0.0020000003278255463,0.06896553053016792,0.0301999993622303,1.0264900711266485,0.029799999296665193,1.040268463926763,0.030199999641627073,1.0264900616300254,0.03673999983817339,0.8437670013583145,0.04400000000372529,0.7045454429712701,0.04717250010930002,0.6571625294723121,0.014907122626665862,0.23664323540221097,0.019126415823726668,0.30362243844954817,0.036164770224166316,0.5740979294096262,0.042900184800810016,0.681019321089938,100.0,75.0,35.71428951560071,-0.0020372029889423812,-0.002615520130109219,0.0005783171411668378,0.03106491056806879,0.028535088025261595,0.9486832980496388,0.03210290743070289,0.028297091852551255,0.42040915294270853,0.04840057416822885,0.025079425508117925,-0.49225708634418225,93684.8,334291.7,2.7980312708144757,0.7841445061304244,0.033333339542150675,0.033333339542150675,-0.114285732532034,-0.2954545531514263,0.03333333954215063,0.03333333954215063,-0.11428573253203404,-0.29545455315142627,74.9999534338789,73.88885156699534,37.499994179232154,26.388879618777676,-25.0000465661211,-62.500005820767846,0.0007857142814568111,0.001214285868973959,114.37928966010968,-5.079768156718802,71.48060639182614,27.181256456688274,0.02800000086426735,0.0,HOLD,0,1
0.03099999949336052,0.03099999949336052,0.029999999329447746,0.029999999329447746,74951,0.0,0.0,EMP,2022-07-21 00:00:00+10:00,Energy,-0.03225807033083827,-0.032789828831523773,-0.0010000001639127731,-0.03225807033083823,0.0301999993622303,0.9933774822183379,0.029799999296665193,1.0067114106544606,0.030099999532103537,0.9966777340793931,0.03643999978899956,0.8232711169911722,0.04385999999940395,0.6839945127646019,0.04707250010222196,0.6373147647628696,0.023191934943672873,0.3681605537000832,0.02223953517975957,0.3530416761558958,0.031606031018869475,0.5017301880343322,0.04285183398850477,0.6802517757396521,66.66666666666666,50.0,33.333337472543064,-0.0019150380142351174,-0.002475423706934399,0.0005603856926992817,0.03106491056806879,0.028535088025261595,0.15811388300827223,0.03180448393817822,0.028395515126028857,-0.05866888679027868,0.04800461911208531,0.02487538046591381,-0.5568709422796158,82883.4,311027.75,0.9042944666845232,0.2409784978993032,0.0,0.0,-0.06250006548361542,-0.3333333747254461,0.0,0.0,-0.06250006548361542,-0.3333333747254461,49.9999534338789,68.33328738808831,28.571409564843474,30.35713070084665,-50.0000465661211,-71.42859043515652,0.0007857142814568111,0.001214285957671347,98.47092240563492,15.250500864566677,59.02298534898082,18.870589522673896,0.02808000087738037,0.1000000186264518,BUY,0,0
0.029999999329447746,0.03099999949336052,0.029999999329447746,0.03099999949336052,32307,0.0,0.0,EMP,2022-07-22 00:00:00+10:00,Energy,0.033333339542150675,0.03278982883152377,0.0010000001639127731,0.03333333954215063,0.030399999395012856,1.0197368457331646,0.029999999329447746,1.0333333395421507,0.030149999540299177,1.0281923703489684,0.03617999978363514,0.8568269673506845,0.04371999997645617,0.7090576283178054,0.04700250009074807,0.659539374150494,0.027504616341007693,0.436622248467298,0.021021854000181642,0.33371158669193396,0.029246307339996117,0.46427073593155616,0.0431724376606225,0.6853412012546778,66.66666666666666,60.0,46.15384064306496,-0.0017177288270812836,-0.002323884730963776,0.0006061559038824924,0.03133333288133256,0.02866666577756293,0.7499999999993707,0.031900188616007456,0.028399810464590898,0.4856617864086242,0.04763489856482067,0.02472510100244961,-0.4522082987570941,82644.8,206414.65,0.3909138868991152,0.15651505355845624,0.033333339542150675,0.06896553053016796,0.033333339542150675,-0.2954545531514263,0.03333333954215063,0.06896553053016792,0.03333333954215063,-0.29545455315142627,74.9999534338789,66.66662010054557,74.9999534338789,47.02378572598485,-25.0000465661211,-25.0000465661211,0.0007857142814568111,0.001071428791398094,136.7815911078874,69.15879699672165,60.10413114855959,21.444586312124173,0.028158400890231132,0.03225813041616665,HOLD,0,1
0.03099999949336052,0.03200000151991844,0.028999999165534973,0.03200000151991844,507703,0.0,0.0,EMP,2022-07-25 00:00:00+10:00,Energy,0.03225813041616665,0.03174876215523971,0.0010000020265579224,0.032258130416166604,0.030799999833106995,1.0389610939387592,0.030299999564886094,1.0561056758892642,0.030149999540299177,1.061359933924593,0.03591999977827072,0.8908686446951588,0.04354499999433756,0.734872006523817,0.046902500092983246,0.6822664347631596,0.02921687144090731,0.46380345551991664,0.022284354264990758,0.3537531570769626,0.026086285769661172,0.4141069486553197,0.04332287437447263,0.6877293100520852,75.00001164152485,66.66667701469036,58.333337213841624,-0.0014637943583654701,-0.002151866656444115,0.0006880722980786447,0.03194654589419218,0.028653453235580013,1.0324653031468567,0.031900188616007456,0.028399810464590898,1.0570297834081674,0.04714562679881657,0.024694372757724868,-0.3492008287089576,177518.8,229299.8,2.859995673697659,2.2141449752681863,0.0666667411724744,0.10344836002439672,0.0,-0.28888888336994056,0.0666667411724743,0.1034483600243968,0.0,-0.2888888833699405,100.0,74.99996895591927,100.0,67.85712099957414,-0.0,-0.0,0.0010000001639127731,0.001047619308034579,164.06264186597951,94.87183593731473,71.8871593796272,44.70254204659165,0.02823523290282488,0.0,HOLD,0,1
0.03200000151991844,0.03200000151991844,0.03200000151991844,0.03200000151991844,0,0.0,0.0,EMP,2022-07-26 00:00:00+10:00,Energy,0.0,0.0,0.0,0.0,0.031200000271201133,1.0256410654411354,0.03059999980032444,1.045751690481356,0.030149999540299177,1.061359933924593,0.03567999981343746,0.896861033835177,0.04337500002235174,0.7377521960444586,0.04678750010207296,0.683943391933878,0.02921687144090731,0.46380345551991664,0.022284354264990758,0.3537531570769626,0.026086285769661172,0.4141069486553197,0.04326554957004107,0.6868193069931972,75.00001164152485,66.66667701469036,50.0,-0.0012481614343474896,-0.00197112561202479,0.0007229641776773004,0.032286549536575705,0.028913450064073178,0.8300980928708448,0.031900188616007456,0.028399810464590898,1.0570297834081674,0.04671197592377402,0.024648023703100905,-0.33357562205659563,175418.8,224549.8,0.0,0.0,0.0666667411724744,0.10344836002439672,0.0,-0.2727272342428686,0.0666667411724743,0.1034483600243968,0.0,-0.2727272342428686,100.0,91.66665114462631,100.0,91.66665114462631,-0.0,-0.0,0.0010000001639127731,0.0009523811084883553,226.34733593348798,202.56415048748272,71.8871593796272,43.90296214643584,0.028310528275166752,0.0,HOLD,0,1
0.029999999329447746,0.03200000151991844,0.028999999165534973,0.028999999165534973,578935,0.0,0.0,EMP,2022-07-27 00:00:00+10:00,Energy,-0.093750069121594,-0.09844014908535915,-0.0010000001639127731,-0.03333333954215063,0.030800000205636023,0.9415584081791118,0.03049999978393316,0.9508196515073957,0.0300499995239079,0.9650582237933967,0.035379999801516536,0.8196721121601565,0.043165000006556514,0.6718405921725945,0.046677500102669,0.6212843254619106,0.05303612512759444,0.841922385540712,0.03803378310230031,0.6037675890459439,0.032917295007746046,0.522545858540664,0.045021805183085135,0.7146990005378525,42.85714665845684,44.44444674400502,38.46153625722599,-0.001304310625459746,-0.0018377626147117812,0.0005334519892520352,0.03244365201190246,0.02855634755596386,-0.771743317458271,0.03182408309338966,0.02827591595442614,-0.591855071787656,0.04630378062332043,0.02445621897971264,-0.5840469284450548,238779.2,238515.95,2.4245621059120728,2.4272380945592946,-0.06451614066167644,-0.033333339542150675,-0.06451614066167644,-0.34090910630285254,-0.06451614066167646,-0.03333333954215063,-0.06451614066167646,-0.34090910630285254,24.9999534338789,74.99998447795964,24.9999534338789,74.99998447795964,-75.0000465661211,-75.0000465661211,0.0012142860463687352,0.0010952383634589967,-8.383202552320157,-3.2109657711479898,54.21688851325173,37.94684262562524,0.028384317740061785,0.44827588421694653,BUY,0,0
0.028999999165534973,0.028999999165534973,0.028999999165534973,0.028999999165534973,0,0.0,0.0,EMP,2022-07-28 00:00:00+10:00,Energy,0.0,0.0,0.0,0.0,0.03060000017285347,0.947712385677111,0.030399999767541885,0.9539473482660452,0.0300499995239079,0.9650582237933967,0.035079999789595605,0.8266818511822255,0.04297499999403954,0.6748109172671822,0.04654750009998679,0.6230194769480908,0.05191866866049899,0.8241833140634597,0.03803378310230031,0.6037675890459439,0.02953859933626491,0.4689107275256072,0.045021805183085135,0.7146990005378525,42.85714665845684,50.0,41.66666925367259,-0.0013334382182062718,-0.0017368977354106792,0.00040345951720440745,0.03254993675166535,0.028250062783418416,-0.6511821566610679,0.03182408309338966,0.02827591595442614,-0.591855071787656,0.04586048141383881,0.024299518165352398,-0.5639822816809864,223789.0,173709.3,0.0,0.0,-0.033333339542150675,-0.033333339542150675,0.0,-0.34090910630285254,-0.03333333954215063,-0.03333333954215063,0.0,-0.34090910630285254,24.9999534338789,49.99996895591928,24.9999534338789,49.99996895591928,-75.0000465661211,-75.0000465661211,0.0011428574632321084,0.0010476192193371908,-125.74847550417152,-123.52943119927231,56.551411798587836,40.91525824372083,0.02845663141565892,0.3103448231566106,BUY,0,0
0.03099999949336052,0.03099999949336052,0.029500000178813934,0.029500000178813934,69354,0.0,0.0,EMP,2022-07-29 00:00:00+10:00,Energy,0.017241414747114492,0.017094468195445956,-0.001499999314546585,-0.04838707545359316,0.030300000309944154,0.973597355678321,0.030349999852478503,0.9719934208304402,0.03002499956637621,0.9825145913357414,0.03482999980449677,0.846971011897775,0.04274999998509884,0.6900584839554762,0.046420000102370976,0.6355019412700771,0.04933382978903777,0.7831502690651042,0.038557386729647224,0.6120795389471315,0.028733008369208928,0.45612236738198625,0.04480980477130969,0.7113335983334458,38.46155389172137,52.94118033766883,52.38095575989845,-0.0013011769839061625,-0.001649753585109776,0.00034857660120361355,0.0325635956526292,0.02813640405232781,-0.3839904618569946,0.031816060335998236,0.028233938796754184,-0.2931220405620677,0.04553496758347231,0.024125032025521225,-0.49789964208494897,231198.4,159865.35,0.299976124402245,0.43382759303376245,-0.04838707545359311,-0.016666638726988814,-0.016666638726988814,-0.2976190338920707,-0.04838707545359316,-0.016666638726988803,-0.016666638726988803,-0.29761903389207073,37.49997671693945,29.166627861565757,37.49997671693945,29.166627861565757,-62.50002328306055,-62.50002328306055,0.0012142860463687352,0.001000000252610161,-14.861965144161093,4.651209029406208,49.183435099177096,61.02959947976528,0.02852749881774411,0.1864406758257453,BUY,0,0
0.029999999329447746,0.029999999329447746,0.02800000086426735,0.02800000086426735,173333,0.0,0.0,EMP,2022-08-01 00:00:00+10:00,Energy,-0.05084743408319847,-0.052185728365368916,-0.001999998465180397,-0.06666661699612825,0.029500000178813934,0.9491525659168015,0.030150000005960464,0.9286899123957522,0.02992499964311719,0.9356725546597428,0.03450999982655048,0.8113590554910804,0.04252999998629093,0.6583588260825967,0.04631000010296702,0.6046210494927947,0.04590176669307743,0.7286679564503434,0.041642495406883306,0.6610541209125762,0.0308631265475942,0.48993694516109837,0.04456661839749917,0.7074731343293924,35.714306621512634,45.00001117586489,40.90910245440628,-0.0013807309253282378,-0.0015959490531534683,0.00021521812782523053,0.03281875001023004,0.027481250001690886,-0.8056202859966114,0.031932224161591735,0.027917775124642646,-0.9590351060043878,0.04505144414764456,0.0239685555054564,-0.6175623343431432,164324.4,157254.9,1.0548220471214258,1.1022422830703527,-0.12500001455191456,-0.06666661699612819,-0.06666661699612819,-0.36363634054572114,-0.12500001455191453,-0.06666661699612825,-0.06666661699612825,-0.3636363405457212,0.0,20.83331005027279,0.0,20.83331005027279,-100.0,-100.0,0.0012857146295053618,0.0010476192193371908,-181.31616157577636,-161.22435737049585,50.044211033648104,51.97591160094818,0.03200000151991844,0.24999996673848046,BUY,0,0
0.028999999165534973,0.029999999329447746,0.027499999850988388,0.02800000086426735,1435286,0.0,0.0,EMP,2022-08-02 00:00:00+10:00,Energy,0.0,0.0,-0.000999998301267624,-0.034482701035939034,0.028700000047683714,0.9756097845904756,0.029950000159442425,0.9348915096896822,0.02982499971985817,0.9388097611824722,0.03422999985516071,0.8179959387305084,0.04230999998748303,0.661782105236371,0.04617500010877848,0.6063887557835475,0.04590176669307743,0.7286679564503434,0.041642495406883306,0.6610541209125762,0.0308631265475942,0.48993694516109837,0.04424962840014923,0.7024410741228947,25.00003104406146,38.88890383603269,40.90910245440628,-0.0014273246865526175,-0.0015622241798332983,0.0001348994932806808,0.032948148220211075,0.026951852098673776,-0.6504012662653974,0.03200806899443097,0.027641930445285373,-0.8359784441324943,0.04470291959215422,0.023757080118167195,-0.5948674435923654,451381.6,229019.2,3.179761868893194,6.267099003053019,-0.12500001455191456,-0.06666661699612819,-0.06666661699612819,-0.3333333037675369,-0.12500001455191453,-0.06666661699612825,-0.06666661699612825,-0.3333333037675369,11.111129507599589,16.20370207484635,11.111129507599589,16.20370207484635,-88.88887049240041,-88.88887049240041,0.0013928574376872607,0.0011190477581251236,-165.088106008769,-153.57136870070173,28.593340756535795,34.05113002167744,0.03192000150680542,0.24999996673848046,BUY,0,0
0.02800000086426735,0.02800000086426735,0.02800000086426735,0.02800000086426735,299666,0.0,0.0,EMP,2022-08-03 00:00:00+10:00,Energy,0.0,0.0,0.0,0.0,0.02850000038743019,0.9824561573204973,0.029650000296533106,0.9443507785577092,0.02972499979659915,0.9419680758911507,0.03394999988377094,0.8247422963218372,0.04208999998867512,0.6652411706296301,0.04598500011488795,0.608894221905246,0.025772344810880806,0.40912329043557955,0.039412432328719445,0.6256529670357236,0.0308631265475942,0.48993694516109837,0.04424962840014923,0.7024410741228947,10.000014901153193,38.88890383603269,40.90910245440628,-0.0014475639617392115,-0.0015392921362144811,9.172817447526964e-05,0.03277872073144668,0.026521279861619534,-0.5273719613466636,0.03205275026658823,0.02739724932661007,-0.7410583542229475,0.04432314055528792,0.023576859212253963,-0.5735966770258268,395527.8,228914.95,0.7576357464633333,1.309071338503667,-0.03448270103593898,-0.09677415090718633,-0.06666661699612819,-0.3333333037675369,-0.034482701035939034,-0.09677415090718632,-0.06666661699612825,-0.3333333037675369,11.111129507599589,7.407419671733064,11.111129507599589,7.407419671733064,-88.88887049240041,-88.88887049240041,0.0013214288545506342,0.0011190477581251236,-163.43606076462027,-169.1223129009488,27.30956599540511,31.801497727080616,0.03174320144057274,0.24999996673848046,BUY,0,0
0.02800000086426735,0.03099999949336052,0.02800000086426735,0.03099999949336052,357144,0.0,0.0,EMP,2022-08-04 00:00:00+10:00,Energy,0.10714280487475514,0.10178264710004262,0.00299999862909317,0.10714280487475508,0.0289000004529953,1.0726643255172534,0.029750000312924386,1.0420167787323718,0.02977499980479479,1.0411418873752087,0.03372999988496304,0.9190631366465091,0.04189999997615814,0.7398567902386655,0.04582500010728836,0.6764866212936471,0.057621126347644734,0.9147070234757969,0.05280694878009014,0.838284323809465,0.03949793337128794,0.6270102540085615,0.04710266618717648,0.7477316449161596,43.74998835846973,54.16666601991508,53.57142809626413,-0.001207608358362422,-0.0014729553806440694,0.0002653470222816474,0.03299037096972442,0.02650962965612436,0.3857580853637738,0.032169621197012714,0.027380378412576865,0.5115629938606376,0.04387026148491993,0.023589738285006143,-0.2692238621944548,466956.6,236776.75,0.7648333913687054,1.5083575562212084,0.06896553053016796,0.033333339542150675,0.033333339542150675,-0.26190476401660445,0.06896553053016792,0.03333333954215063,0.03333333954215063,-0.2619047640166045,77.77774098480081,33.333333333333336,77.77774098480081,33.333333333333336,-22.222259015199178,-22.222259015199178,0.0015357144709144319,0.0012619048357009888,9.251093646263955,21.993510900079222,33.64605606951804,37.10728066403999,0.03157347337698936,0.12903228132335287,BUY,0,0
0.03200000151991844,0.03200000151991844,0.028999999165534973,0.028999999165534973,484376,0.0,0.0,EMP,2022-08-05 00:00:00+10:00,Energy,-0.06451614066167644,-0.06669138693011951,-0.0030000023543834686,-0.09375006912159405,0.02880000025033951,1.006944406717257,0.02955000028014183,0.9813874413065076,0.02977499980479479,0.9739714309205465,0.03350999988615513,0.8654132874979958,0.04172999996691942,0.6949436661520275,0.04563500009477139,0.6354771360865547,0.06747936422288808,1.0712016981750672,0.055855945419426456,0.8866856449451986,0.04154432617925146,0.6594957327362972,0.04747415974430613,0.7536289223111265,50.0,46.42857190373586,46.87500036379778,-0.0011653912210890585,-0.0014114425487330674,0.0002460513276440089,0.03269289407225466,0.026407106488029,-0.17499831397010554,0.032169621197012714,0.027380378412576865,-0.3236422433117924,0.043572032409829736,0.023447967362480514,-0.44821965244186274,549961.0,255966.5,0.8807460892681481,1.8923413806103533,-0.016949186788074888,-0.06451614066167644,0.0,-0.275000004656613,-0.01694918678807493,-0.06451614066167646,0.0,-0.27500000465661295,33.333305738600615,40.74072541033368,33.333305738600615,40.74072541033368,-66.66669426139939,-66.66669426139939,0.001750000353370394,0.00140476209067163,9.251089513398858,21.993507364694217,33.64605606951804,37.10728066403999,0.027499999850988388,0.20689659159050366,BUY,0,0
0.029999999329447746,0.029999999329447746,0.028999999165534973,0.028999999165534973,174624,0.0,0.0,EMP,2022-08-08 00:00:00+10:00,Energy,0.0,0.0,-0.0010000001639127731,-0.03333333954215063,0.028999999910593034,0.9999999743083426,0.029250000044703482,0.9914529614090111,0.02977499980479479,0.9739714309205465,0.03322999984025955,0.8727053657821643,0.041544999964535236,0.6980382522635873,0.045460000075399874,0.6379234297720111,0.061803128039606796,0.9810942422320947,0.05436073838989962,0.8629499691930969,0.04154432617925146,0.6594957327362972,0.04604889887079724,0.7310036073629552,50.0,46.42857190373586,50.0,-0.0011190343047513644,-0.001352960899936727,0.00023392659518536255,0.03188523158525034,0.026614768504156623,-0.0948686577713886,0.032169621197012714,0.027380378412576865,-0.3236422433117924,0.04298874299308319,0.023471256687435917,-0.4334575271100001,550219.2,244409.4,0.31737169477182914,0.7144733385868138,0.035714223942892476,-0.093750069121594,0.0,-0.3255814376587851,0.035714223942892365,-0.09375006912159405,0.0,-0.32558143765878506,33.333305738600615,48.14811748733402,33.333305738600615,48.14811748733402,-66.66669426139939,-66.66669426139939,0.0018214289365070207,0.00140476209067163,-41.718706099408806,-44.481660888203116,32.166759233356274,36.52239964939616,0.02758999988436699,0.20689659159050366,BUY,0,0
0.028999999165534973,0.028999999165534973,0.028999999165534973,0.028999999165534973,339333,0.0,0.0,EMP,2022-08-09 00:00:00+10:00,Energy,0.0,0.0,0.0,0.0,0.02919999957084656,0.9931506709503083,0.028949999809265138,1.0017270934922022,0.02977499980479479,0.9739714309205465,0.03300999984145164,0.8785216390434152,0.041344999969005584,0.701414903550004,0.045295000076293945,0.6402472484090515,0.061803128039606796,0.9810942422320947,0.05436073838989962,0.8629499691930969,0.04154432617925146,0.6594957327362972,0.045149987146731664,0.7167338261280883,46.15383733658866,42.307693409848866,50.0,-0.0010699622557146897,-0.0012963611710923196,0.00022639891537762987,0.03074195625416353,0.027158043364366745,0.027902104658950034,0.032169621197012714,0.027380378412576865,-0.3236422433117924,0.04264092408866779,0.023379075594235493,-0.4163671702719263,331028.6,250971.8,1.025086654144083,1.3520762093589798,0.035714223942892476,-0.093750069121594,0.0,-0.275000004656613,0.035714223942892365,-0.09375006912159405,0.0,-0.27500000465661295,33.333305738600615,33.333305738600615,33.333305738600615,33.333305738600615,-66.66669426139939,-66.66669426139939,0.001535714603960514,0.0013571430352472124,-58.33338593580249,-73.5645187930314,24.93744227227525,28.43496912274928,0.027678199917078018,0.20689659159050366,BUY,0,0
0.028999999165534973,0.028999999165534973,0.028999999165534973,0.028999999165534973,185998,0.0,0.0,EMP,2022-08-10 00:00:00+10:00,Energy,0.0,0.0,0.0,0.0,0.029399999231100083,0.9863945552371994,0.028949999809265138,1.0017270934922022,0.02972499979659915,0.9756097347005828,0.03280999980866909,0.8838768465299583,0.04117499995976687,0.7043108486671914,0.04516000006347895,0.6421611852252271,0.061803128039606796,0.9810942422320947,0.045358453547804115,0.7200431276517905,0.040782346889059774,0.647399686500125,0.04506682663020095,0.7154136938542487,59.9999850988357,45.833333980084916,50.0,-0.0010193221915894973,-0.0012409533751917552,0.00022163118360225787,0.03074195625416353,0.027158043364366745,0.027902104658950034,0.03214150036977209,0.027308499223426208,-0.3000208810677947,0.042348087115141805,0.02327191250219637,-0.39945122336514793,308295.0,259071.7,0.6033117630840591,0.7179402458855985,0.035714223942892476,0.0,-0.033333339542150675,-0.2564102931488188,0.035714223942892365,0.0,-0.03333333954215063,-0.25641029314881875,33.333305738600615,33.333305738600615,33.333305738600615,33.333305738600615,-66.66669426139939,-66.66669426139939,0.0014642860208238875,0.0013095240685201826,-50.22835682663996,-77.25757483553447,25.425689665205326,29.720960617195544,0.027764635949134826,0.24137929262644287,BUY,0,0
0.028999999165534973,0.028999999165534973,0.02500000037252903,0.02800000086426735,926200,0.0,0.0,EMP,2022-08-11 00:00:00+10:00,Energy,-0.03448270103593898,-0.035091260169922964,-0.000999998301267624,-0.034482701035939034,0.02879999950528145,0.9722222689320744,0.028849999979138376,0.9705372923575158,0.02962499987334013,0.945147712539397,0.03252999983727932,0.8607439595551243,0.04098499998450279,0.6831767933354809,0.04502000005915761,0.6219458202459912,0.02911715536035936,0.4622205118148529,0.046724804283502175,0.7417332731538737,0.04146534085872521,0.6582418796442743,0.04367140145023575,0.6932620058579358,50.0,37.500007761020186,43.333339542149474,-0.0010478026646228503,-0.0012023232330779744,0.00015452056845512412,0.03073856100401592,0.02696143895426083,-0.4500776536602205,0.03215638198910769,0.027093617757572568,-0.6419414117493087,0.04178469567124013,0.02327530400331851,-0.4894811298269571,422106.2,298933.8,2.194234531499419,3.098344850933551,-0.09677415090718633,-0.03448270103593898,-0.06666661699612819,-0.3333333037675369,-0.09677415090718632,-0.034482701035939034,-0.06666661699612825,-0.3333333037675369,42.857142857142854,36.50791811144804,42.857142857142854,36.50791811144804,-57.142857142857146,-57.142857142857146,0.0016785716371876852,0.001452381146096048,-149.57259470974566,-192.94445672540215,20.316507388900064,24.589589951534407,0.03200000151991844,0.3214285476703431,BUY,0,0
0.02800000086426735,0.02800000086426735,0.02800000086426735,0.02800000086426735,85714,0.0,0.0,EMP,2022-08-12 00:00:00+10:00,Energy,0.0,0.0,0.0,0.0,0.028599999845027924,0.9790210145450443,0.028700000047683714,0.9756097845904756,0.02952499995008111,0.9483488877767272,0.03232999987900257,0.8660686968468739,0.04077500000596047,0.6866953000655873,0.04489500006660819,0.6236774879769533,0.015421132712832067,0.24480289255845894,0.04622898636515105,0.7338624077087128,0.04146534085872521,0.6582418796442743,0.041786126435175826,0.6633341928010632,50.0,31.8181787394295,43.333339542149474,-0.0010581756544396047,-0.0011734937173503005,0.00011531806291069585,0.030597365427699308,0.02680263466766812,-0.36893219976987923,0.032150281918716606,0.026899717981445612,-0.5808896354879498,0.041534280567286086,0.023125719190719055,-0.4704331779285092,342373.8,301544.5,0.2503521005404035,0.2842499199952246,-0.03448270103593898,-0.05084743408319847,-0.06666661699612819,-0.2631578482997039,-0.034482701035939034,-0.05084743408319849,-0.06666661699612825,-0.2631578482997039,42.857142857142854,39.68253048429545,42.857142857142854,39.68253048429545,-57.142857142857146,-57.142857142857146,0.0014642857547317231,0.00140476209067163,-91.69902124551292,-117.85102496630833,11.954417617084943,26.36339532759885,0.03186000149697065,0.24999996673848046,BUY,0,0
0.02800000086426735,0.02800000086426735,0.02800000086426735,0.02800000086426735,400000,0.0,0.0,EMP,2022-08-15 00:00:00+10:00,Energy,0.0,0.0,0.0,0.0,0.0284000001847744,0.9859155169751902,0.028700000047683714,0.9756097845904756,0.02942500002682209,0.951571821197764,0.03208999991416931,0.872545993741308,0.040565000027418134,0.6902502365423882,0.04475000007078052,0.6256983423459239,0.015421132712832067,0.24480289255845894,0.04323622105418619,0.6863537312375494,0.04146534085872521,0.6582418796442743,0.040953653286127926,0.6501190912479459,0.0,31.8181787394295,43.333339542149474,-0.0010542436589462932,-0.001149643705669499,9.540004672320586e-05,0.030597365427699308,0.02680263466766812,-0.36893219976987923,0.03212538981657275,0.026724610237071428,-0.5277012851860604,0.041101761370935165,0.023078238457403456,-0.4538512331383639,387449.0,319877.85,1.032393940879961,1.2504773306435566,-0.03448270103593898,0.0,-0.06666661699612819,-0.29999996274709617,-0.034482701035939034,0.0,-0.06666661699612825,-0.29999996274709617,42.857142857142854,42.857142857142854,42.857142857142854,42.857142857142854,-57.142857142857146,-57.142857142857146,0.0014642857547317231,0.00140476209067163,-85.55552809876866,-103.80644040701378,11.954417617084943,25.883037154030802,0.03172280147448182,0.24999996673848046,BUY,0,0
0.02800000086426735,0.02800000086426735,0.02800000086426735,0.02800000086426735,0,0.0,0.0,EMP,2022-08-16 00:00:00+10:00,Energy,0.0,0.0,0.0,0.0,0.028200000524520874,0.992907813598102,0.028700000047683714,0.9756097845904756,0.02932500010356307,0.9548167353924499,0.03182999990880489,0.8796732938890748,0.04036500003188848,0.693670279750954,0.044620000068098305,0.6275213093127344,0.015421132712832067,0.24480289255845894,0.04323622105418619,0.6863537312375494,0.04146534085872521,0.6582418796442743,0.04071596605330081,0.6463459234006919,0.0,43.75000873115178,43.333339542149474,-0.0010391488629450246,-0.0011275447371246043,8.839587417957965e-05,0.030597365427699308,0.02680263466766812,-0.36893219976987923,0.03208324124988598,0.026566758957240165,-0.48037831683503013,0.04053751515297114,0.02312248466463864,-0.4398498236455589,319582.4,319352.85,0.0,0.0,-0.03448270103593898,0.0,-0.06666661699612819,-0.31707316851559175,-0.034482701035939034,0.0,-0.06666661699612825,-0.3170731685155918,42.857142857142854,42.857142857142854,42.857142857142854,42.857142857142854,-57.142857142857146,-57.142857142857146,0.0012499998722757613,0.00140476209067163,-73.44630442505911,-93.08505224906418,13.846402555316288,25.883037154030802,0.03158834545244276,0.28571419068137294,BUY,0,0
0.027499999850988388,0.027499999850988388,0.027499999850988388,0.027499999850988388,8036,0.0,0.0,EMP,2022-08-17 00:00:00+10:00,Energy,-0.017857178494485204,-0.018018541787973,0.0,0.0,0.02790000066161156,0.9856630537226637,0.02864999994635582,0.9598603805402901,0.029150000121444464,0.943396217372835,0.03153999991714954,0.8719086849469379,0.04014000002294779,0.6851021383972797,0.04448250006884336,0.6182206442629798,0.015492279501948269,0.2459323128219523,0.04364046781708328,0.692770949655121,0.0407016595073795,0.6461188140249232,0.040493808384213015,0.6428192797351794,0.0,41.176473166291295,41.935487359792425,-0.0010553664242546612,-0.0011131090745506156,5.7742650295954405e-05,0.0306527748136993,0.02664722507901234,-0.5742033785818436,0.031904900086856224,0.026395100156032705,-0.5989329163207786,0.03982039267410517,0.023259607160193915,-0.4878995700738357,283990.0,306648.0,0.02829677101306384,0.026205942970441678,-0.05172411578305347,-0.017857178494485204,-0.11290321611526966,-0.3452380899584887,-0.05172411578305348,-0.017857178494485173,-0.11290321611526961,-0.34523808995848876,35.71427240967969,40.4761860413218,35.71427240967969,40.4761860413218,-64.28572759032032,-64.28572759032032,0.0012857142303671157,0.0014285716627325331,-102.08340851826891,-112.95226130409448,13.818575062916295,25.84596304557266,0.03145657855084449,0.27272728504228194,BUY,0,0
0.027000000700354576,0.027000000700354576,0.027000000700354576,0.027000000700354576,301154,0.0,0.0,EMP,2022-08-18 00:00:00+10:00,Energy,-0.01818178739429488,-0.018349107310534404,0.0,0.0,0.027700000628829,0.9747292450330888,0.028250000067055227,0.9557522349120847,0.029000000189989807,0.9310345008092246,0.03125999990850687,0.8637236333774585,0.03992000004276633,0.6763527222301967,0.04434750006534159,0.6088280209836583,0.009870344524998525,0.15668686180604433,0.021544074579729462,0.3420015813899553,0.040328901380432866,0.640201462206449,0.040455689723272556,0.6422141647522239,0.0,35.294115069002274,36.66667287548281,-0.0010959314951403502,-0.0011096735586685626,1.3742063528212386e-05,0.029683719664205462,0.02681628046990499,-0.8718576276597182,0.03188371124605426,0.026116289133925347,-0.6935505849066333,0.03917340907202308,0.02334659074499066,-0.5383266706077189,158980.8,317958.15,1.8942790575968924,0.9471498057212875,-0.03571429046593133,-0.1290322212380245,-0.09999995653827887,-0.34146341574220407,-0.03571429046593136,-0.12903222123802455,-0.09999995653827888,-0.3414634157422041,28.571428571428573,35.714281279417044,28.571428571428573,35.714281279417044,-71.42857142857143,-71.42857142857143,0.0011785712891391345,0.0012619049243983767,-127.08335964806223,-130.39212904122684,11.304395480978684,20.668111745317418,0.03132744698727818,0.29629626819054034,BUY,0,0
0.027000000700354576,0.027000000700354576,0.027000000700354576,0.027000000700354576,118000,0.0,0.0,EMP,2022-08-19 00:00:00+10:00,Energy,0.0,0.0,0.0,0.0,0.02750000059604645,0.9818181860052848,0.028050000220537184,0.9625668623198855,0.02880000025033951,0.9375000161687945,0.030939999893307688,0.872656780654827,0.039710000045597556,0.679929505649747,0.04422250006347895,0.6105489436734145,0.009870344524998525,0.15668686180604433,0.012207385454830272,0.19378623643072804,0.039360983141546,0.6248362365092195,0.03965078851792085,0.6294367542362035,0.0,42.85713905582483,39.285720938017306,-0.001115223998026403,-0.0011107836465401308,-4.4403514862722485e-06,0.02957388299822166,0.026526117442852708,-0.6890290615253697,0.03165435983888695,0.025945640661792065,-0.6306141514920115,0.03818115214431974,0.023698847642295635,-0.5441121877257091,165438.0,322242.8,0.7132581390007132,0.3661835113150705,-0.03571429046593133,-0.06896546630102296,-0.1290322212380245,-0.3720930282927125,-0.03571429046593136,-0.06896546630102299,-0.12903222123802455,-0.3720930282927125,28.571428571428573,30.95237651751229,28.571428571428573,30.95237651751229,-71.42857142857143,-71.42857142857143,0.0010357142559119634,0.001214285868973959,-106.66668825815813,-118.59504553015573,11.81024238427679,20.976867639371193,0.031200898054983196,0.2592592950302215,BUY,0,0
0.027000000700354576,0.027000000700354576,0.027000000700354576,0.027000000700354576,0,0.0,0.0,EMP,2022-08-22 00:00:00+10:00,Energy,0.0,0.0,0.0,0.0,0.027300000563263892,0.9890109942593551,0.027850000374019145,0.9694793658079257,0.028550000209361315,0.9457092995572551,0.0306199998781085,0.8817766429730781,0.03953000003471971,0.683025567332156,0.0440975000616163,0.6122796227139445,0.009870344524998525,0.15668686180604433,0.012207385454830272,0.19378623643072804,0.03835230334113894,0.6088239410829914,0.03965078851792085,0.6294367542362035,0.0,42.85713905582483,34.61539177940324,-0.0011176301014496487,-0.0011121529375220345,-5.477163927614147e-06,0.029344433559930095,0.026355567188108196,-0.5687773007706881,0.031081901553715954,0.026018098865006677,-0.6121879560839769,0.037055107399253474,0.024184892356963528,-0.5625390354176758,85438.0,296857.65,0.0,0.0,-0.03571429046593133,-0.06896546630102296,-0.15625001818989315,-0.3720930282927125,-0.03571429046593136,-0.06896546630102299,-0.15625001818989318,-0.3720930282927125,28.571428571428573,28.571428571428573,28.571428571428573,28.571428571428573,-71.42857142857143,-71.42857142857143,0.0008571428645934377,0.0011666668135495413,-92.25849450282094,-107.69231099877945,18.6983491792448,20.459057170644968,0.031076880101334112,0.2592592950302215,BUY,0,0
0.027000000700354576,0.027000000700354576,0.026000000536441803,0.026000000536441803,202000,0.0,0.0,EMP,2022-08-23 00:00:00+10:00,Energy,-0.037037042147174515,-0.03774033328952827,-0.0010000001639127731,-0.03703704214717449,0.026900000497698785,0.9665427529886487,0.02755000051110983,0.9437386589505516,0.028250000160187482,0.9203539960712429,0.030359999872744084,0.856390008083745,0.0393100000359118,0.6614093236502011,0.04396750005893409,0.5913458918881302,0.015436791421411066,0.24505146685097373,0.015104700477591139,0.23977968655094822,0.038848718400321246,0.6167042858449742,0.0379695068355502,0.6027472349437972,0.0,37.499994179232154,26.923073616606317,-0.0011865507926893948,-0.0011270325085555066,-5.951828413388823e-05,0.029213330067843553,0.025886670954376106,-0.9318658280273443,0.030462404410023815,0.02603759591035115,-1.0169929947983627,0.03645462739081952,0.024265372354668645,-0.7153840531470382,125838.0,306957.65,1.6052384812218885,0.6580712355596936,-0.07142858093186266,-0.10344823156610694,-0.18750002182787184,-0.33333333333333337,-0.07142858093186272,-0.10344823156610695,-0.18750002182787182,-0.3333333333333333,14.285714285714286,23.80952380952382,14.285714285714286,23.80952380952382,-85.71428571428571,-85.71428571428571,0.0009285714477300644,0.0010714286140033177,-121.77470016301555,-135.9223519558298,19.554661902751064,10.793485182137104,0.03095534250675801,0.23076926383393692,BUY,0,0
0.026000000536441803,0.026000000536441803,0.026000000536441803,0.026000000536441803,0,0.0,0.0,EMP,2022-08-24 00:00:00+10:00,Energy,0.0,0.0,0.0,0.0,0.026600000634789466,0.9774436058635676,0.02725000064820051,0.9541284373568903,0.028100000228732824,0.9252669154734124,0.030119999907910824,0.8632138318703337,0.03910000005736947,0.6649616495727187,0.04383750005625189,0.5930995267311967,0.01652646405524264,0.2623494836485203,0.015104700477591139,0.23977968655094822,0.033442337531033,0.5308806502067708,0.03789066011389524,0.6014955820406468,0.0,0.0,26.923073616606317,-0.0012270265389007114,-0.0011470313146245475,-7.999522427616385e-05,0.028831139672007778,0.025668861624393243,-0.7905693888629719,0.030497366322568723,0.025702634134896925,-0.8759612049617849,0.0359248532463359,0.024315146569485746,-0.7097508121689812,124230.8,278010.9,0.0,0.0,-0.05454542991543587,-0.10344823156610694,-0.10344823156610694,-0.3157894375664364,-0.05454542991543591,-0.10344823156610695,-0.10344823156610695,-0.3157894375664364,14.285714285714286,19.047619047619058,14.285714285714286,19.047619047619058,-85.71428571428571,-85.71428571428571,0.0007142858313662666,0.0010714286140033177,-129.11393336236847,-147.09776394810967,4.259037963333142,10.793485182137104,0.03083623566407343,0.23076926383393692,BUY,0,0
0.029999999329447746,0.032999999821186066,0.029999999329447746,0.03099999949336052,1871834,0.0,0.0,EMP,2022-08-25 00:00:00+10:00,Energy,0.19230764822141744,0.17589062948807815,0.0010000001639127731,0.03333333954215063,0.027400000393390654,1.1313868265796903,0.02755000051110983,1.1252268209889666,0.0282000002451241,1.0992907526204916,0.02993999991565943,1.0354041276114594,0.03894000006839633,0.7960965443993435,0.04370750005356967,0.7092604119513967,0.09155897257141359,1.4534536303232664,0.06462009652144499,1.0258122305564008,0.05538263606660877,0.8791720919006595,0.04652948182185821,0.7386326252000244,71.42856382593739,62.50000582076784,56.66666915019405,-0.0008458947818032365,-0.0010868040080602853,0.00024090922625704878,0.030396049875521962,0.024703951146697697,1.212206304426946,0.03090282440068445,0.025497176089563752,1.0359531686425685,0.035005448810445164,0.024874551020873697,0.2092607387258871,438366.8,371602.6,4.270017711195282,5.0371929582839305,0.14814809960184228,0.10714280487475514,0.06896553053016796,-0.224999995343387,0.14814809960184236,0.10714280487475508,0.06896553053016792,-0.22499999534338702,74.99999417923351,34.52380758355404,74.99999417923351,34.52380758355404,-25.000005820766493,-25.000005820766493,0.000999999897820609,0.0012619046583062126,219.92338260666082,182.6087386874721,53.087012992089825,40.5608743541264,0.02500000037252903,0.29032257289221564,BUY,0,0
0.03200000151991844,0.04899999871850014,0.03200000151991844,0.03799999877810478,12380434,0.0,0.0,EMP,2022-08-26 00:00:00+10:00,Energy,0.2258064322305393,0.20359893942931095,0.00599999725818634,0.1874999054125555,0.029600000008940697,1.2837837421157723,0.02855000030249357,1.3309981917858629,0.028625000175088643,1.327510866224374,0.029899999909102918,1.270902973030975,0.03886000005528331,0.9778692414834003,0.04364750004373491,0.8706111172467766,0.12277884291228709,1.949053707637062,0.09314674680734782,1.4786587649216518,0.07428185859533229,1.1791879486014896,0.0567639066493756,0.9010990826324011,88.888891954972,80.00000496705476,70.4545481484542,2.0757048116586824e-05,-0.0008652917968249109,0.0008860488449414977,0.03576803207023223,0.021331968534754917,1.3092209593546598,0.033763860382215564,0.02348613996796172,1.8243342346643816,0.034663808719012396,0.02513619109919344,1.7003198894448874,2890853.6,987156.6,4.282622267692837,12.541509624714053,0.4074073256452082,0.3571427716132356,0.28813554399214225,-0.0500000093132259,0.4074073256452082,0.3571427716132356,0.2881355439921423,-0.05000000931322596,54.16666375628342,47.81745740707708,54.16666375628342,47.81745740707708,-45.83333624371658,-45.83333624371658,0.002214285545051098,0.0021190474785509564,357.34002211420835,430.4780047581609,91.87508464292533,83.9240246279521,0.02516000036150217,-0.026315745616387054,HOLD,0,1
0.03400000184774399,0.03700000047683716,0.03200000151991844,0.03200000151991844,1190074,0.0,0.0,EMP,2022-08-29 00:00:00+10:00,Energy,-0.157894669766239,-0.1718501772740712,-0.0020000003278255463,-0.05882353585690328,0.03060000017285347,1.045751677750217,0.02895000036805868,1.1053540971704066,0.0288250002078712,1.110147486180425,0.0298199999704957,1.0731053504889223,0.0387300000526011,0.8262329325189177,0.04356750004924834,0.7344924882939325,0.16148620042239212,2.5635139589182994,0.1112656663295561,1.76628769540739,0.0826682697990604,1.3123180992258323,0.059384932695128186,0.9427065812137072,63.15789989652514,57.14286474549253,54.54545823995834,0.00022088896209455575,-0.0006480556450410175,0.0008689446071355732,0.03646960347058279,0.02143039726553457,0.40560666703751486,0.03416871190356263,0.023481288512179763,0.5941565512614021,0.034291040448195,0.025348959492796405,0.4875826019236856,3128868.4,1037993.65,0.3803528457764475,1.1465137575745286,0.18518521073587246,0.14285716186372532,0.14285716186372532,-0.11111103062644068,0.18518521073587244,0.14285716186372543,0.14285716186372543,-0.1111110306264407,29.166673457560908,52.77777713102595,29.166673457560908,52.77777713102595,-70.8333265424391,-70.8333265424391,0.0026428567777786937,0.0023095235228538513,123.25272269890122,163.5566673300298,87.47558689851688,79.14866875822848,0.02611360029578209,0.18749990541255546,BUY,0,0
0.03200000151991844,0.03500000014901161,0.029999999329447746,0.03500000014901161,1176340,0.0,0.0,EMP,2022-08-30 00:00:00+10:00,Energy,0.09374995270627773,0.08961211544971155,0.00299999862909317,0.09374995270627776,0.032400000095367434,1.0802469149997296,0.029650000296533106,1.1804384417865947,0.02917500017210841,1.1996572388188693,0.0298199999704957,1.1737089263461125,0.03834000004455447,0.9128847185273479,0.043492500046268104,0.8047364513830656,0.15542819461903434,2.467346098138275,0.1134419321716259,1.8008348446366775,0.08471798312158743,1.3448562894881269,0.060725793451546044,0.9639920858391929,68.18182164541543,62.500005820767846,62.06896773204004,0.0006144863470238238,-0.0003955472466280492,0.001010033593651873,0.038030532463076076,0.021269468129990136,0.6383842632138503,0.03516863645734322,0.0231813638868736,0.9718641071452666,0.034291040448195,0.025348959492796405,1.1585670504109216,3323736.4,1025046.35,0.3539209667770284,1.147596886716391,0.3461538241107087,0.24999996673848046,0.24999996673848046,0.0,0.3461538241107088,0.24999996673848052,0.24999996673848052,0.0,41.666668606922165,41.66666860692217,41.666668606922165,41.66666860692217,-58.333331393077835,-58.333331393077835,0.0029999996934618267,0.002452380777824493,90.50342636085725,126.470589524322,82.35923378323612,75.51260961448176,0.027029056232690814,0.0,HOLD,0,1
0.03500000014901161,0.03500000014901161,0.03099999949336052,0.03099999949336052,643281,0.0,0.0,EMP,2022-08-31 00:00:00+10:00,Energy,-0.114285732532034,-0.12136087760495119,-0.0040000006556510925,-0.11428573253203404,0.03339999988675117,0.9281437005530451,0.03000000026077032,1.033333307463262,0.02932500010356307,1.057118478563754,0.02973999995738268,1.0423671667042171,0.037990000043064354,0.8160041973735148,0.04339750004000962,0.7143268498134817,0.17554353936708786,2.786667296576348,0.12158736183678162,1.9301395319312986,0.08946538525413121,1.420218961986098,0.06290414977305664,0.9985724204008078,57.69230686568986,55.555554022514,54.54545351920354,0.0005967693017509546,-0.00019708393695224842,0.000793853238703203,0.03827311507935843,0.021726885442182212,0.12087336565707892,0.03534492247024052,0.023305077736885622,0.2782426894853667,0.03396934335310143,0.025510656561663934,0.2979184753012262,3452392.6,1042227.1,0.186329040329886,0.6172176870089062,0.19230764822141744,0.12727271495771797,0.10714280487475514,-0.114285732532034,0.1923076482214175,0.12727271495771794,0.10714280487475508,-0.11428573253203404,21.739127617927718,30.857489894136943,24.999998059744502,31.94444670807587,-78.26087238207228,-75.0000019402555,0.002999999826507909,0.002523809405309813,56.66485838284504,83.59908005859778,82.9178748434906,77.60599115191306,0.027907893932123187,0.3548387135538922,BUY,0,0
0.03200000151991844,0.032999999821186066,0.03200000151991844,0.032999999821186066,101400,0.0,0.0,EMP,2022-09-01 00:00:00+10:00,Energy,0.06451614066167655,0.06252036790593916,0.000999998301267624,0.031249945430320485,0.033799999952316286,0.9763313570337625,0.03060000017285347,1.0784313606135771,0.02942500011995435,1.1214953164539618,0.029759999923408033,1.1088709645872539,0.03767000006511807,0.8760286637680055,0.04334250004030764,0.7613773961007496,0.15766096284800385,2.5027901949528717,0.12163162414746322,1.930842174330398,0.08748348893146103,1.3887573332215057,0.062338715735329044,0.9895964333209779,62.962963984990665,58.62068921221274,57.14285714285714,0.0007356318217568575,-1.0540785210427202e-05,0.0007461726069672847,0.03877584442714502,0.022424155918561922,0.2935476231794438,0.035625805841489395,0.0232241943984193,0.5765379310007964,0.034042093395911806,0.02547790645090426,0.7566392276541265,3098305.8,1029439.9,0.03272756356070469,0.09850016499263337,0.06451614066167655,0.2222221838961913,0.06451614066167655,0.031249945430320558,0.06451614066167646,0.22222218389619133,0.06451614066167646,0.031249945430320485,30.43478190448193,31.28019270977728,33.333333333333336,33.33333333333334,-69.56521809551808,-66.66666666666667,0.0031428569927811623,0.002619047516158649,54.17957126808205,81.86004617041293,82.94124890607435,78.6131382170233,0.028751578123578266,0.24242428347427358,BUY,0,0
0.03200000151991844,0.03200000151991844,0.03099999949336052,0.03200000151991844,543312,0.0,0.0,EMP,2022-09-02 00:00:00+10:00,Energy,-0.030302978990491503,-0.03077160575069945,0.0,0.0,0.032600000500679016,0.9815951235722197,0.031100000254809856,1.0289389471940404,0.02957500023767352,1.0819949708455414,0.029799999967217446,1.0738255555409795,0.037380000073462726,0.8560728051639647,0.043277500038966535,0.7394142797321016,0.1092038080241838,1.733556709519381,0.12274357947993836,1.9484939180028462,0.08634667758032503,1.3707110124852988,0.06181820435056167,0.9813335712489439,60.71428999076794,56.66666915019405,51.515154935988214,0.0007562720305292273,0.00014282177793750376,0.0006134502525917236,0.038900284369541405,0.023299716140078308,0.1153805748445561,0.03587683732612049,0.023273163149226547,0.38480862773977853,0.03412835906126608,0.025471640873168812,0.508276116860529,730881.4,1032386.7,0.7433654762592125,0.5262679187943821,-0.157894669766239,0.18518521073587246,0.10344836002439672,0.0666667411724744,-0.157894669766239,0.18518521073587244,0.1034483600243968,0.0666667411724743,26.086962859662634,26.08695746069077,29.166673457560908,29.166668283546258,-73.91303714033737,-70.8333265424391,0.0032857141590544154,0.0025714285494316193,28.84849626367816,50.61985214322507,80.85502035199653,76.4365780116956,0.02956151494737514,0.28124997453414946,BUY,0,0
0.03200000151991844,0.03200000151991844,0.03200000151991844,0.03200000151991844,351905,0.0,0.0,EMP,2022-09-05 00:00:00+10:00,Energy,0.0,0.0,0.0,0.0,0.032600000500679016,0.9815951235722197,0.03160000033676624,1.0126582651547253,0.029725000355392696,1.076534941541658,0.029799999967217446,1.0738255555409795,0.037180000077933074,0.8606778228306394,0.04322250003926456,0.740355173598212,0.08199614484772921,1.30164844639873,0.12274357947993836,1.9484939180028462,0.08634667758032503,1.3707110124852988,0.06113426303708114,0.9704763394879498,52.17391797297512,56.66666915019405,54.838714716835206,0.0007638246495898678,0.0002670223522679766,0.0004968022973218911,0.03885411725889474,0.024345883414637746,0.05514126494597923,0.03611145757366508,0.02333854313712031,0.35622272048056747,0.03412835906126608,0.025471640873168812,0.508276116860529,563247.6,1041250.75,0.6247785165884417,0.3379637421629708,0.0,0.18518521073587246,0.10344836002439672,0.0,0.0,0.18518521073587244,0.1034483600243968,0.0,26.086962859662634,27.536235874602408,29.166673457560908,30.555560082818392,-73.91303714033737,-70.8333265424391,0.0032857141590544154,0.0024285712944609778,30.531938733620503,54.31718557013027,81.1651036161458,76.79615242884688,0.03033905429822014,0.2187499672581923,BUY,0,0
0.032999999821186066,0.03400000184774399,0.03200000151991844,0.03200000151991844,115569,0.0,0.0,EMP,2022-09-06 00:00:00+10:00,Energy,0.0,0.0,-0.000999998301267624,-0.03030297899049148,0.032000000774860385,1.0000000232830637,0.03220000043511391,0.9937888536492885,0.029875000473111868,1.0711297410260836,0.029799999967217446,1.0738255555409795,0.036960000079125165,0.8658009050706656,0.04316750003956258,0.7412984650626226,0.06492208461129739,1.0306061428643183,0.12125750518821536,1.9249032199688532,0.08634667758032503,1.3707110124852988,0.06113426303708114,0.9704763394879498,31.250002910383913,57.62712335285302,54.838714716835206,0.0007610373893144166,0.00036582535967726466,0.000395212029637152,0.038295535402886716,0.026104465467341104,-0.03281072395661175,0.03633031200166838,0.02341968894455536,0.32918644397038904,0.03412835906126608,0.025471640873168812,0.508276116860529,351093.4,1030062.55,0.32916881946513377,0.11219609915922096,-0.08571424618059287,0.23076926383393692,0.10344836002439672,0.0,-0.08571424618059292,0.23076926383393687,0.1034483600243968,0.0,26.086962859662634,26.086962859662634,29.166673457560908,29.166673457560908,-73.91303714033737,-70.8333265424391,0.0033928569672363146,0.0024761903498853955,38.801523015911386,63.73894768408459,81.29252262901588,77.44911721330838,0.03108549207503134,0.28124997453414946,BUY,0,0
0.032999999821186066,0.041999999433755875,0.032999999821186066,0.041999999433755875,1732957,0.0,0.0,EMP,2022-09-07 00:00:00+10:00,Energy,0.31249991996447,0.2719336545041885,0.008999999612569809,0.272727262464765,0.034200000762939456,1.228070131485752,0.033800000324845314,1.2426035216006492,0.030525000486522912,1.3759213354410686,0.030019999966025352,1.3990672711954928,0.0368100000731647,1.1409942773777606,0.04317250003106892,0.9728414940883836,0.1402629768719432,2.2266057297165966,0.15022297424212416,2.3847157863187336,0.109840686560164,1.743666842848732,0.07508320776754565,1.1919089723395138,75.0,69.2307718024692,65.85366274720602,0.001547901478928207,0.0006022405835274532,0.0009456608954007537,0.04096782859910779,0.02663217205058284,1.1440004971037463,0.03893223352630308,0.022117767446742743,1.3648960238091619,0.03554899567232317,0.024491004259727535,2.1667586853223035,569028.6,1107410.5,3.0454655530495307,1.5648731883976177,0.3548387135538922,0.6153845602767718,0.44827588421694653,0.3548387135538922,0.3548387135538921,0.6153845602767719,0.44827588421694653,0.3548387135538921,69.56521809551808,40.57971460494779,70.83333430346109,43.05556040619431,-30.43478190448193,-29.166665696538917,0.004071428307465145,0.002952380726734797,159.0433297134955,176.97181479963612,83.83164172022839,80.32728820989087,0.03180207234077009,0.0,HOLD,0,1
0.03999999910593033,0.03999999910593033,0.035999998450279236,0.03799999877810478,368067,0.0,0.0,EMP,2022-09-08 00:00:00+10:00,Energy,-0.09523811213283606,-0.1000834772301173,-0.0020000003278255463,-0.05000000931322596,0.035200000554323194,1.0795454028320377,0.03450000025331974,1.1014492318575637,0.031025000382214785,1.2248186401276708,0.030199999958276748,1.2582781069736502,0.03660000005736947,1.0382513311076735,0.04316250002942979,0.880393831501766,0.15863011046125092,2.5181749363630526,0.14931155556699038,2.3702474633907498,0.11235292898153178,1.7835474549290073,0.07581620462765334,1.2035449367613307,57.1428546086458,62.7906977751566,60.000001655684926,0.0018276621637425897,0.0008473248995704806,0.000980337264172109,0.041818164814749884,0.027181835691889606,0.478261795755664,0.039972066040942014,0.022077934723487555,0.7795850239554661,0.03616246726136903,0.024237532655184472,1.308183076456079,622362.0,1079503.85,0.5914033954515218,0.3409594139011176,0.15151512072762818,0.2258064322305393,0.3571427716132356,0.3103448231566106,0.1515151207276282,0.22580643223053923,0.3571427716132356,0.3103448231566107,52.173909522409645,49.275363492530126,54.16666375628342,51.38889050576848,-47.826090477590355,-45.83333624371658,0.0044999998062849045,0.0032380950592813037,120.2099464220116,135.99737634012635,82.31335629539427,78.93738552473783,0.0324899893958793,0.10526317853346501,BUY,0,0
0.035999998450279236,0.03700000047683716,0.03500000014901161,0.03500000014901161,342898,0.0,0.0,EMP,2022-09-09 00:00:00+10:00,Energy,-0.07894733488311956,-0.0822380618243597,-0.000999998301267624,-0.027777731786537547,0.03580000028014183,0.9776536277969256,0.03420000039041042,1.023391805540023,0.031375000346452,1.1155378410368542,0.030299999974668024,1.1551155174347514,0.03636000005528331,0.962596262260619,0.0431375000346452,0.8113590291718787,0.16517642157718,2.622094403668689,0.13532565960103332,2.1482282478606867,0.11449250276702017,1.8175121358174593,0.07670021519692098,1.2175781694971395,60.00000372529107,58.69565331826048,57.446809185204344,0.001786703696661042,0.0010352006589885929,0.0007515030376724491,0.04111536040443797,0.027284640376382868,0.11568447007508233,0.04037134375680335,0.022378656936100645,0.40294146601702907,0.036414552382643774,0.024185447566692272,0.768658089873097,582279.2,1092363.05,0.5888893163279747,0.3139047956629437,0.09374995270627773,-0.07894733488311956,0.24999996673848046,0.16666669771075315,0.09374995270627776,-0.0789473348831195,0.24999996673848052,0.16666669771075318,39.13043619103614,53.6231879363213,39.13043619103614,54.71014475026022,-60.86956380896386,-60.86956380896386,0.004714285422648702,0.003190476003856886,57.37705527067614,83.78788037856754,81.03011327210774,80.23633511873892,0.03315038976878413,0.19999997871262698,BUY,0,0
0.03500000014901161,0.03500000014901161,0.03500000014901161,0.03500000014901161,0,0.0,0.0,EMP,2022-09-12 00:00:00+10:00,Energy,0.0,0.0,0.0,0.0,0.03640000000596046,0.9615384654747362,0.03450000025331974,1.0144927504933499,0.031725000310689214,1.1032308843577519,0.030399999991059305,1.151315794713986,0.036130000073462724,0.9687240541889428,0.043112500039860606,0.8118295185074305,0.16517642157718,2.622094403668689,0.12363922090213948,1.9627117848050406,0.11449250276702017,1.8175121358174593,0.07670021519692098,1.2175781694971395,55.55555785511804,60.000001655684926,57.446809185204344,0.0017342524338859189,0.0011750110139680582,0.0005592414199178607,0.041249484667678624,0.027750515838960866,0.07407971705633801,0.04071314955710319,0.02273685106427524,0.3643686534943814,0.03665642495101025,0.024143575031108363,0.7352441989471854,511898.2,1072363.05,0.0,0.0,0.09374995270627773,0.09374995270627773,0.24999996673848046,0.16666669771075315,0.09374995270627776,0.09374995270627776,0.24999996673848052,0.16666669771075318,39.13043619103614,43.478260634827315,39.13043619103614,44.142512046118576,-60.86956380896386,-60.86956380896386,0.004642856839512076,0.003190476003856886,30.789135242958587,65.29051721511175,81.58329724982369,80.17650923675887,0.03378437412677277,-0.057142866266017056,SELL,0,2
0.03500000014901161,0.03500000014901161,0.03500000014901161,0.03500000014901161,0,0.0,0.0,EMP,2022-09-13 00:00:00+10:00,Energy,0.0,0.0,0.0,0.0,0.0369999997317791,0.945945956830651,0.03450000025331974,1.0144927504933499,0.03207500027492642,1.0911925128297415,0.03050000000745058,1.1475409882118612,0.03594000006094575,0.9738453002131296,0.043107500048354265,0.8119236817201563,0.16517642157718,2.622094403668689,0.12053667000896655,1.913460316245499,0.11449250276702017,1.8175121358174593,0.07670021519692098,1.2175781694971395,58.82352683370871,60.000001655684926,57.446809185204344,0.0016733945791887611,0.0012746877270121987,0.00039870685217656236,0.041249484667678624,0.027750515838960866,0.07407971705633801,0.040997325098541385,0.02315267545131146,0.3278293417813611,0.03688876535994943,0.024111234654951734,0.7043614678696782,488784.4,1072363.05,0.0,0.0,0.09374995270627773,0.0,0.24999996673848046,0.16666669771075315,0.09374995270627776,0.0,0.24999996673848052,0.16666669771075318,26.31579463336623,34.85888900514618,39.13043619103614,39.13043619103614,-73.68420536663378,-60.86956380896386,0.004642856839512076,0.003190476003856886,16.918429558386965,59.968845646484695,81.58329724982369,80.17650923675887,0.034392999110441864,-0.08571424618059287,SELL,0,2
0.03500000014901161,0.03500000014901161,0.03500000014901161,0.03500000014901161,39,0.0,0.0,EMP,2022-09-14 00:00:00+10:00,Energy,0.0,0.0,0.0,0.0,0.03559999987483024,0.9831460750581957,0.03490000031888485,1.0028653246192851,0.032450000289827585,1.0785824294733026,0.030600000023841858,1.1437908536516834,0.03575000004842877,0.9790209818629043,0.04310250005684793,0.8120178667791909,0.0480491043031614,0.7627558842334112,0.11306989192353693,1.7949288887917765,0.11427614475924873,1.8140775589211358,0.07670021519692098,1.2175781694971395,58.82352683370871,55.00000186264554,57.446809185204344,0.0016066439001047872,0.0013410789616307166,0.0002655649384740706,0.04118578529543564,0.028614215342334062,0.01590888496819621,0.04119131087910847,0.023708689700546702,0.29171825358899706,0.03711215477471041,0.024087845272973307,0.6756596385524946,142200.8,1071963.2,0.000274260060421601,3.6381845943965244e-05,-0.1666666518837685,0.12903228132335287,0.27272728504228194,0.16666669771075315,-0.16666665188376845,0.12903228132335293,0.27272728504228205,0.16666669771075318,26.31579463336623,30.58734181925621,39.13043619103614,39.13043619103614,-73.68420536663378,-60.86956380896386,0.0041428568906017715,0.003190476003856886,9.96168395348066,54.96794899635824,80.08417086879628,80.17650923675887,0.034977279094764196,-0.028571379914575923,HOLD,0,1
0.03799999877810478,0.03799999877810478,0.03500000014901161,0.03500000014901161,133527,0.0,0.0,EMP,2022-09-15 00:00:00+10:00,Energy,0.0,0.0,-0.00299999862909317,-0.0789473348831195,0.03500000014901161,1.0,0.0351000003516674,0.9971509914058722,0.03285000026226044,1.0654490066845201,0.030700000040233134,1.1400651499395185,0.03555000005289912,0.9845288353567061,0.04310250005684793,0.8120178667791909,0.03530632148821889,0.5604704781979384,0.11190809816718565,1.776485984667458,0.11404651074291547,1.8104322319224633,0.07670021519692098,1.2175781694971395,58.82352683370871,45.45454648079647,58.06451819648483,0.0015360370273170068,0.0013800705747679747,0.0001559664525490321,0.04124274518437174,0.028957255518963065,-0.016279400394980405,0.04126739991804186,0.02443260060647902,0.2554232868430409,0.03732709318801727,0.024072906892449,0.6488516175777982,95292.8,1063581.85,1.4012286342724738,0.1255446395592403,-0.07894733488311956,0.060606070868568285,0.29629626819054034,0.16666669771075315,-0.0789473348831195,0.06060607086856837,0.29629626819054034,0.16666669771075318,41.66667313418449,31.432754133638994,39.13043619103614,39.13043619103614,-58.33332686581551,-60.86956380896386,0.0030714282765984535,0.0033095235093718485,57.89472991953046,69.30364218415244,38.738609502648394,80.31822582749484,0.04899999871850014,-0.14285716566504258,SELL,0,2
0.03500000014901161,0.03500000014901161,0.03500000014901161,0.03500000014901161,100000,0.0,0.0,EMP,2022-09-16 00:00:00+10:00,Energy,0.0,0.0,0.0,0.0,0.03500000014901161,1.0,0.03540000021457672,0.9887005631881212,0.03325000023469329,1.0526315759989788,0.030820000059902666,1.1356262193700382,0.035360000040382145,0.9898190076086142,0.04309750006534159,0.812112073692138,0.0,0.0,0.11107859595943358,1.7633180453453121,0.11404651074291547,1.8104322319224633,0.07649813140686768,1.2143701887822689,0.0,55.555554022514,58.69565331826048,0.0014632135568728236,0.0013966991711889447,6.651438568387887e-05,0.041150361161145045,0.02964963926800839,-0.06956086222792963,0.04124670923756986,0.025253291231816716,0.21884001452207602,0.037538114176325806,0.024101885943479527,0.6221984349581818,46713.2,1062681.85,2.140722536670577,0.09410154130326023,0.0,0.09374995270627773,0.29629626819054034,0.20689659159050366,0.0,0.09374995270627776,0.29629626819054034,0.20689659159050375,41.66667313418449,36.54971363391175,39.13043619103614,39.13043619103614,-58.33332686581551,-60.86956380896386,0.0026428570438708577,0.0032857140260083334,17.81170669605733,42.849976752728,45.90452708850996,80.78740669177805,0.04871999874711037,-0.14285716566504258,SELL,0,2
0.03500000014901161,0.035999998450279236,0.03400000184774399,0.03500000014901161,168451,0.0,0.0,EMP,2022-09-19 00:00:00+10:00,Energy,0.0,0.0,0.0,0.0,0.03500000014901161,1.0,0.03570000007748604,0.9803921589088209,0.03365000020712614,1.04011886875411,0.030940000079572202,1.1312217213638593,0.035150000024586917,0.9957325782227487,0.043072500070557,0.8125834370347244,0.0,0.0,0.11107859595943358,1.7633180453453121,0.11404651074291547,1.8104322319224633,0.07649813140686768,1.2143701887822689,0.0,50.0,58.69565331826048,0.0013894833329422193,0.0013952560035395997,-5.772670597380385e-06,0.04095356921504107,0.03044643093993101,-0.13324273653705143,0.041112890032983684,0.0261871103812686,0.18089506523437718,0.03773927944684458,0.02414072071229982,0.5971221139966384,80403.4,1071104.4,2.095073093923889,0.15726851649568427,0.0,0.09374995270627773,0.29629626819054034,0.20689659159050366,0.0,0.09374995270627776,0.29629626819054034,0.20689659159050375,36.363642521141024,39.89899626317001,39.13043619103614,39.13043619103614,-63.636357478858976,-60.86956380896386,0.002428571028368814,0.003380951959462393,14.028056698693593,37.40458142258327,57.26359220451623,80.78740669177805,0.04844559877514839,-0.17142859879805106,SELL,0,2
0.03500000014901161,0.035999998450279236,0.03500000014901161,0.035999998450279236,377831,0.0,0.0,EMP,2022-09-21 00:00:00+10:00,Energy,0.028571379914575923,0.028170829661421794,0.000999998301267624,0.028571379914575902,0.03519999980926514,1.0227272342428686,0.03539999984204769,1.0169491133025055,0.034600000083446505,1.0404623804467135,0.031180000081658363,1.1545862205259017,0.034769999999552964,1.0353752789974715,0.04302250006236136,0.8367714195617882,0.012777509539992243,0.20283667570544875,0.039439063804835174,0.6260757286128162,0.11329826141832239,1.7985541421331912,0.07645843534728,1.2137400333720798,100.0,57.894735810168555,60.86956556949822,0.0013229949064661184,0.0013681040907722586,-4.510918430614022e-05,0.037332182353879945,0.033467817330215435,0.31052895084045595,0.03996656220926962,0.02923343795762339,0.2608743426440816,0.03818367216816622,0.024176327995150508,0.6882101716193,215961.8,1094895.95,1.7495269996823513,0.34508393240471846,0.028571379914575923,-0.1428571681992541,0.3846152964428351,0.19999997516473078,0.028571379914575902,-0.14285716819925406,0.384615296442835,0.19999997516473078,45.45453621828847,39.393940420190184,43.478255235855436,40.57970920597592,-54.54546378171153,-56.521744764144564,0.0020714279796395984,0.003380951870765005,31.762606337614873,42.95673686626729,68.25898339967131,81.64718338792213,0.04731306397603988,-0.26388886589326876,SELL,0,2
0.035999998450279236,0.03799999877810478,0.035999998450279236,0.03700000047683716,572963,0.0,0.0,EMP,2022-09-23 00:00:00+10:00,Energy,0.027777835266828088,0.027399030123405072,0.0010000020265579224,0.027777835266828067,0.03559999987483024,1.0393258597452057,0.03530000001192093,1.048158653380797,0.03490000013262033,1.060171929405066,0.03132000010460615,1.1813537788397281,0.03468000000342727,1.0668973608183567,0.043002500059083106,0.8604151020522333,0.015434418291775581,0.24501379458590727,0.029381676198452354,0.4664196499399836,0.10602419956833715,1.6830819900750111,0.07651260007327043,1.2145998717408957,100.0,63.1578937049056,61.70212985191414,0.0013932623519715553,0.0013731357430121181,2.0126608959437214e-05,0.03664989691932505,0.03395010310451681,1.2593557742015786,0.040087027372482355,0.02971297289275831,0.4048562398281693,0.038504904520888714,0.024135095688323588,0.79054640718099,303849.0,1029952.4,1.8856833492952092,0.5563004659244446,0.057142866266016945,-0.026315745616387054,0.19354842198502942,0.2333333767950545,0.05714286626601702,-0.026315745616387044,0.1935484219850294,0.23333337679505445,50.0,43.93939291314317,36.84211248671272,39.81693463786811,-50.0,-63.15788751328728,0.0020714279796395984,0.0034761899816138403,83.69564462561979,82.66778533856078,80.42653135836645,82.12041837682067,0.046780541490908045,-0.2972972918549448,SELL,0,2
0.03500000014901161,0.03500000014901161,0.03500000014901161,0.03500000014901161,174003,0.0,0.0,EMP,2022-09-26 00:00:00+10:00,Energy,-0.05405406221758269,-0.055569859784826786,0.0,0.0,0.03559999987483024,0.9831460750581957,0.03530000001192093,0.9915014203170537,0.03475000020116568,1.007194243061833,0.03142000012099743,1.1139401659525052,0.0345299999974668,1.0136113568369327,0.04292250006459653,0.8154231486129211,0.0335735013780617,0.5329628117282135,0.02238364172496354,0.35532929664133417,0.0944039234253396,1.4986158250334007,0.076991864845472,1.222207964137292,50.0,57.1428546086458,54.54545608483097,0.0012728933745555782,0.0013530872693208102,-8.019389476523206e-05,0.03664989691932505,0.03395010310451681,-0.22223909193645158,0.03972890208498092,0.02977109831735043,0.050211864720331414,0.038668813837527384,0.024171186404467478,0.4938739175832961,318649.6,419630.85,0.5460637640844364,0.41465731130111144,0.0,0.0,-0.07894733488311956,0.16666669771075315,0.0,0.0,-0.0789473348831195,0.16666669771075318,29.999992549417847,41.81817625590211,26.31579463336623,35.545387451978144,-70.00000745058215,-73.68420536663378,0.0022142851459128515,0.0032380947931891398,-40.12739248465632,1.3513531881459184,75.58355213710986,80.10796597101965,0.04626931990518148,-0.22857141184563545,SELL,0,2
0.03500000014901161,0.03500000014901161,0.03500000014901161,0.03500000014901161,52075,0.0,0.0,EMP,2022-09-27 00:00:00+10:00,Energy,0.0,0.0,0.0,0.0,0.03559999987483024,0.9831460750581957,0.03530000001192093,0.9915014203170537,0.03490000013262033,1.0028653299716699,0.031520000137388704,1.1104060912580698,0.03441999999806285,1.0168506726025974,0.04281750005669892,0.8174227851384276,0.0335735013780617,0.5329628117282135,0.02238364172496354,0.35532929664133417,0.08681790210318825,1.3781914698803257,0.076991864845472,1.222207964137292,50.0,57.1428546086458,45.94594703441665,0.001164081288266075,0.0013152860731098634,-0.00015120478484378832,0.03664989691932505,0.03395010310451681,-0.22223909193645158,0.03970788754459276,0.03009211272064791,0.020799159344343995,0.038826580489575796,0.02421341978520161,0.4762830002384401,295374.4,362730.9,0.17630167001608804,0.14356372726999547,0.0,0.0,0.09374995270627773,0.16666669771075315,0.0,0.0,0.09374995270627776,0.16666669771075318,22.222226821346247,34.07407312358804,41.66667313418449,34.94152675142116,-77.77777317865376,-58.33332686581551,0.0020714279796395984,0.0023809519729443957,-55.86854037633042,11.940302428603676,74.93838278933544,45.03210692435359,0.04577854718288398,-0.2571428449786439,SELL,0,2
0.035999998450279236,0.035999998450279236,0.03500000014901161,0.035999998450279236,137590,0.0,0.0,EMP,2022-09-28 00:00:00+10:00,Energy,0.028571379914575923,0.028170829661421794,0.0,0.0,0.03579999953508377,1.0055865619495181,0.03539999984204769,1.0169491133025055,0.03495000004768371,1.0300428727085256,0.031640000119805334,1.1378001995564067,0.034319999981671574,1.048951004356202,0.042747500045225026,0.8421544748159022,0.03583137139572219,0.5688053870848456,0.024108142906463518,0.3827049042126502,0.08461370203932933,1.3432008786275051,0.0770541101806392,1.2231960782000495,59.9999850988357,24.9999922389774,56.24999636202052,0.0011453357143424783,0.0012812960013563865,-0.00013596028701390816,0.03679841115844258,0.0340015885256528,0.42905731754112586,0.039782999725445384,0.030117000369922042,0.21725604647294608,0.03904115782882986,0.02423884241078081,0.5890968010528385,262892.4,310793.4,0.523370017543299,0.44270566878189815,0.028571379914575923,0.028571379914575923,0.028571379914575923,0.19999997516473078,0.028571379914575902,0.028571379914575902,0.028571379914575902,0.19999997516473078,33.33329194119999,28.518503770654704,49.999992238978614,39.32748666884312,-66.66670805880001,-50.000007761021386,0.0014285708644560405,0.002142856784519695,9.722148276888987,40.17656141343421,55.3513917161138,53.55493042916218,0.04530740536947838,-0.27777773178653753,SELL,0,2
0.03500000014901161,0.03500000014901161,0.03400000184774399,0.03500000014901161,127295,0.0,0.0,EMP,2022-09-29 00:00:00+10:00,Energy,-0.02777773178653753,-0.028170829661421756,0.0,0.0,0.03559999987483024,0.9831460750581957,0.03539999984204769,0.9887005735926314,0.03515000008046627,0.995732576639793,0.031720000132918355,1.103404792003432,0.03422999998554587,1.0224948923105721,0.04268750005401671,0.819912154722639,0.03588698769425325,0.5696882684533762,0.026027219915494955,0.4131693072887232,0.08032677525698334,1.2751480256985264,0.07710200803740826,1.223956433104113,50.0,33.33333333333333,50.0,0.0010378248080124067,0.0012326017626875907,-0.00019477695467518398,0.03679841115844258,0.0340015885256528,-0.2860386556848517,0.039611530460424524,0.03068846970050802,-0.03362073519178072,0.039179167391545866,0.02426083287429084,0.4397273720199132,212785.2,284994.1,0.5982323958621182,0.4466583694188757,-0.02777773178653753,0.0,0.12903228132335287,0.12903228132335287,-0.027777731786537547,0.0,0.12903228132335293,0.12903228132335293,24.999976716917768,26.85183182648801,36.363642521141024,42.67676929810139,-75.00002328308223,-63.636357478858976,0.0011428562658173697,0.0019999994408516656,-93.33329359687417,-12.411318136627493,62.85482731488506,62.49114734169578,0.044855109228609004,-0.2857142781116525,SELL,0,2
0.03500000014901161,0.03500000014901161,0.03500000014901161,0.03500000014901161,20124,0.0,0.0,EMP,2022-09-30 00:00:00+10:00,Energy,0.0,0.0,0.0,0.0,0.03519999980926514,0.9943181914392828,0.03539999984204769,0.9887005735926314,0.035250000096857546,0.9929078029174752,0.031820000149309635,1.0999371459704714,0.0341299999691546,1.0254907758758653,0.04263250005431473,0.8209699197659263,0.03139440011312581,0.4983706515563337,0.026027219915494955,0.4131693072887232,0.07925906426039935,1.2581986390842252,0.0769175412615042,1.221028113818937,50.0,50.0,57.69231099877925,0.0009417655531040875,0.0011744345207708902,-0.0002326689676668027,0.03679841115844258,0.0340015885256528,-0.2860386556848517,0.039596806598492025,0.030903193595223068,-0.05751347518044107,0.039319006372079246,0.02432099392654002,0.42405618894492725,102217.4,280930.3,0.19687450473207108,0.07163342651184297,-0.05405406221758269,0.0,0.060606070868568285,0.16666669771075315,-0.05405406221758272,0.0,0.06060607086856837,0.16666669771075318,24.999976716917768,27.777748458345183,36.363642521141024,40.9090924270869,-75.00002328308223,-63.636357478858976,0.0009285706494535718,0.0018095232191539946,-41.791048842489786,-1.8867900656727314,76.30517645060912,69.52844987493053,0.0444209049333744,-0.2857142781116525,SELL,0,2
0.03400000184774399,0.03400000184774399,0.03400000184774399,0.03400000184774399,84298,0.0,0.0,EMP,2022-10-03 00:00:00+11:00,Energy,-0.028571379914575923,-0.028987486785316995,0.0,0.0,0.03500000014901161,0.9714286200854241,0.03530000001192093,0.9631728565513336,0.035350000113248826,0.9618105159496485,0.03188000019639731,1.0664994240365864,0.03402999999001622,0.9991184795098139,0.042572500063106415,0.7986376603991974,0.023716710390618328,0.37649110566070587,0.027586404110764788,0.4379205890616813,0.07921876813017321,1.2575589578479656,0.07696305824408285,1.221750673516936,33.33335402940001,42.85715045978095,52.000004768373294,0.0007760011378684858,0.0010947478441904093,-0.00031874670632192344,0.03694654412901648,0.03365345589482537,-0.7895313284833742,0.039467995459216684,0.03123200476728097,-0.32782899252829206,0.03940020379534994,0.024359796597444673,0.2819074807551675,84276.4,257979.6,1.0002562995097086,0.32676227112531375,-0.028571379914575923,-0.028571379914575923,0.06250000727595717,0.09677427107784298,-0.028571379914575902,-0.028571379914575902,0.06250000727595727,0.09677427107784306,0.0,16.666651144611855,27.272748823993577,33.333344622091886,-100.0,-72.72725117600642,0.0009999990995441163,0.0017619040750321887,-163.01360956982052,-67.64698824922334,72.77566316525571,67.93163365796923,0.044004068809949184,-0.23529414342761312,SELL,0,2
0.03400000184774399,0.03400000184774399,0.03400000184774399,0.03400000184774399,9900,0.0,0.0,EMP,2022-10-04 00:00:00+11:00,Energy,0.0,0.0,0.0,0.0,0.03480000048875809,0.9770115336270604,0.035200000181794165,0.9659091384132767,0.0354500001296401,0.9590973687843868,0.03192000020295382,1.0651629583823652,0.033919999990612265,1.002358545317036,0.04252750006504357,0.7994827298981313,0.023716710390618328,0.37649110566070587,0.027586404110764788,0.4379205890616813,0.07921876813017321,1.2575589578479656,0.07686104885063282,1.220131324598168,19.999985098824595,42.85715045978095,54.16666860692261,0.000637285414958895,0.0010032553583441063,-0.00036596994338521137,0.03703787184825252,0.033362128515335814,-0.6529282517111857,0.03931482018007608,0.03158518007920412,-0.37517873095606147,0.03946404728569838,0.024375953120209258,0.27571429790619184,75841.4,240879.35,0.13053556500802993,0.04109941346155243,-0.028571379914575923,-0.028571379914575923,0.06250000727595717,0.06250000727595717,-0.028571379914575902,-0.028571379914575902,0.06250000727595727,0.06250000727595727,0.0,8.333325572305933,20.000007450582153,27.87879959857226,-100.0,-79.99999254941785,0.0009999990995441163,0.0016666659641833533,-141.7720846273622,-79.99993647396116,72.77566316525571,74.7744038401213,0.04360390613146098,-0.23529414342761312,SELL,0,2
0.03200000151991844,0.032999999821186066,0.03200000151991844,0.03200000151991844,84166,0.0,0.0,EMP,2022-10-05 00:00:00+11:00,Energy,-0.05882353585690325,-0.060624628664394574,0.0,0.0,0.03400000110268593,0.9411764847675403,0.03490000031888485,0.9169054792988875,0.0354500001296401,0.9026798703214368,0.03192000020295382,1.002506306906515,0.033800000008195635,0.9467456068686172,0.042457500072196126,0.7536949058589081,0.02447032261246021,0.3884543288045406,0.03276766645080084,0.5201705788364012,0.08052053229696493,1.278223823353882,0.07737029068169135,1.2282152880512003,19.999985098824595,33.33333333333333,50.0,0.00036179830772502947,0.0008749639482202909,-0.0005131656404952614,0.037640639322699725,0.032159361315069974,-1.0581469485509443,0.03931482018007608,0.03158518007920412,-0.8926673337177691,0.03946404728569838,0.024375953120209258,0.010604562257784786,65156.6,239309.2,1.2917494160223217,0.3517039879787321,-0.11111103062644068,-0.08571424618059287,0.0,0.0,-0.1111110306264407,-0.08571424618059292,0.0,0.0,0.0,0.0,0.0,15.757585424858584,-100.0,-100.0,0.0011428562658173697,0.0017619040750321887,-254.1255771684888,-193.61707616942766,69.71390287901446,71.76967537795039,0.0432197499601123,-0.093750069121594,SELL,0,2
0.03200000151991844,0.03200000151991844,0.03200000151991844,0.03200000151991844,0,0.0,0.0,EMP,2022-10-06 00:00:00+11:00,Energy,0.0,0.0,0.0,0.0,0.03340000137686729,0.9580838383462318,0.03450000062584877,0.9275362591136526,0.03495000023394823,0.9155937426528442,0.03198000025004148,1.0006254305728761,0.033680000025779006,0.9501188092465951,0.04238250008784235,0.7550286428029246,0.026215252527825052,0.41615423247229477,0.03033841560007611,0.48160741709714283,0.03428696015235845,0.5442886186531305,0.07611062182412126,1.2082186648626605,19.999985098824595,33.33333333333333,50.0,0.00014183777290961014,0.0007283387131581547,-0.0005865009402485446,0.03766227684095546,0.031337724410742084,-0.7905694935778989,0.03766254276681966,0.032237457701076805,-1.0875400766184464,0.039476829033240304,0.02448317146684266,0.0026679640759282976,39697.6,152661.35,0.0,0.0,-0.08571424618059287,-0.11111103062644068,-0.23809519163470083,0.10344836002439672,-0.08571424618059292,-0.1111110306264407,-0.23809519163470086,0.1034483600243968,0.0,0.0,0.0,6.6666691501940605,-100.0,-100.0,0.0009285706494535718,0.0016666659641833533,-196.49128929844568,-209.37502401067306,67.28254471210207,71.09721099481929,0.04254656505370066,-0.06250006548361542,SELL,0,2
0.03500000014901161,0.041999999433755875,0.03500000014901161,0.03999999910593033,2874329,0.0,0.0,EMP,2022-10-07 00:00:00+11:00,Energy,0.24999991268851285,0.22314348146501758,0.004999998956918716,0.14285711244660995,0.03440000116825104,1.1627906321947374,0.03480000048875809,1.1494252455212484,0.03505000025033951,1.1412267851707896,0.03220000024884939,1.2422359874782813,0.033640000019222495,1.18906061483572,0.042337500089779496,0.9447888756092745,0.1239842847508483,1.9681895035857746,0.08824878498469474,1.4009060314386796,0.06437170936508874,1.021869206688914,0.08364219203354548,1.3277786353984153,66.66667701470001,64.70588493099774,45.83333139307739,0.0006060640812926635,0.0007038837867850566,-9.78197054923931e-05,0.03930185019674444,0.03029815078077173,1.1550804568058677,0.03832510444754484,0.03177489605313418,1.5114019455670107,0.0399801418315145,0.024419858666184284,1.0025523024491063,610538.6,277974.45,4.7078579470651,10.340263286787689,0.14285711244661004,0.08108104298461405,0.05263158926673239,0.37931035368677857,0.14285711244660995,0.08108104298461395,0.05263158926673246,0.3793103536867786,79.99999254941785,26.666664183139293,79.99999254941785,26.666664183139293,-20.000007450582153,-20.000007450582153,0.0016428562147276743,0.0016666659641833533,243.35390369189358,250.0000931323075,90.44941935676358,77.43496119857754,0.03200000151991844,-0.29999996274709617,SELL,0,2
0.03700000047683716,0.03700000047683716,0.03700000047683716,0.03700000047683716,111068,0.0,0.0,EMP,2022-10-10 00:00:00+11:00,Energy,-0.07499996740370918,-0.07796150623047916,0.0,0.0,0.03500000089406967,1.057142843762223,0.03500000052154064,1.05714285501412,0.035150000266730784,1.0526315845254028,0.03235000025480986,1.1437403457620043,0.03359000002965331,1.1015183222439267,0.04226750009693205,0.8753770720289835,0.13123049207788753,2.0832194788003338,0.09018990895038381,1.4317204191016442,0.06410842570793439,1.017689708202326,0.08448294796910752,1.3411252221112069,57.142860944175176,55.000002793968825,47.82608977337755,0.0007235513088298742,0.0007078172911940202,1.5734017635854036e-05,0.0397140440435777,0.03028595699950358,0.4242642109575317,0.038538835230169426,0.03176116530329214,0.5459103881025784,0.04020649315799712,0.024493507351622597,0.5918671701645482,615892.6,266382.95,0.18033663661489033,0.4169486072588354,0.08823524900167712,0.057142866266016945,0.057142866266016945,0.2542372966970188,0.08823524900167704,0.05714286626601702,0.05714286626601702,0.2542372966970187,50.0,43.333330849805954,50.0,43.333330849805954,-50.0,-50.0,0.001714284930910383,0.001523808709212712,100.35847992324602,130.00007450584044,88.29569315625209,81.39527016209706,0.03220000147819519,-0.2432432296373621,SELL,0,2
0.03799999877810478,0.03799999877810478,0.03799999877810478,0.03799999877810478,255000,0.0,0.0,EMP,2022-10-11 00:00:00+11:00,Energy,0.02702698076703114,0.026668202039532737,0.0,0.0,0.03580000028014183,1.061452471529261,0.035300000384449956,1.0764872057861,0.035300000198185445,1.0764872114663084,0.032550000213086606,1.1674346706402485,0.03353000001981855,1.1333134135295007,0.04220750008709729,0.900313894442691,0.13058921789551287,2.073039566747716,0.09030046089254916,1.4334753767771924,0.06429239598633567,1.0206101458339885,0.08409771731115805,1.3350098750012143,60.0,57.142857142857146,57.14285714285714,0.0008871260517726298,0.0007436790433097422,0.00014344700846288761,0.04038155546572908,0.030218445303170832,0.5313330959654154,0.038918663904308405,0.031681336492062485,0.7461313897035542,0.040463434300780726,0.02463656612539249,0.6887020861768803,664912.6,279132.95,0.38350905066319996,0.9135431700198776,0.11764696214645087,0.08571424618059287,0.08571424618059287,0.3571427716132356,0.11764696214645079,0.08571424618059292,0.08571424618059292,0.3571427716132356,59.999985098835694,63.33332588275119,59.999985098835694,63.33332588275119,-40.000014901164306,-40.000014901164306,0.0017857133810009276,0.0014285705983638763,119.84848107701141,166.346148266482,88.9179068789607,87.56447460831176,0.03239600143730641,-0.2894736429330702,SELL,0,2
0.03700000047683716,0.03700000047683716,0.03500000014901161,0.03500000014901161,734144,0.0,0.0,EMP,2022-10-12 00:00:00+11:00,Energy,-0.07894733488311956,-0.0822380618243597,-0.0020000003278255463,-0.05405406221758272,0.03640000000596046,0.9615384654747362,0.035200000554323194,0.9943181703931246,0.035300000198185445,0.9915014150852822,0.03269000019878149,1.0706638096109962,0.0334600000269711,1.0460251082127663,0.04213250008411706,0.8307126346439093,0.13421845409340954,2.1306519053202053,0.09435746061167868,1.4978782507324462,0.06703775585221147,1.0641913826208986,0.08501204300901044,1.3495243454842125,52.94117260350339,47.82608977337755,50.0,0.0007658570731047115,0.0007481146492687361,1.7742423835975384e-05,0.040259642956619594,0.030140358152026793,-0.03952856534303852,0.038918663904308405,0.031681336492062485,-0.08290354493738071,0.04052214163869,0.024857858758872975,0.29493848750733326,794908.2,315840.15,0.9235582171626863,2.3244163226239603,0.09374995270627773,-0.02777773178653753,0.0,0.24999996673848046,0.09374995270627776,-0.027777731786537547,0.0,0.24999996673848052,29.999992549417847,46.666659216084525,29.999992549417847,46.666659216084525,-70.00000745058215,-70.00000745058215,0.0019285705472741807,0.0015714276759397415,15.909094680564134,22.76424212090528,76.2112139661869,76.98711307578208,0.032588081397235395,-0.22857141184563545,SELL,0,2
0.03999999910593033,0.041999999433755875,0.03999999910593033,0.041999999433755875,84713,0.0,0.0,EMP,2022-10-13 00:00:00+11:00,Energy,0.19999997871262698,0.18232153905447696,0.0020000003278255463,0.05000000931322596,0.03839999958872795,1.0937499969683508,0.03590000048279762,1.1699164030340674,0.03565000016242266,1.1781205958598147,0.03297000017017126,1.2738853265689174,0.0334600000269711,1.2552301075881929,0.04206250007264316,0.9985141007125268,0.15346986725368847,2.4362586149721297,0.1124524041623559,1.7851265744695102,0.08033209883053856,1.275232534808806,0.08924134849497976,1.4166624886905885,66.66666666666666,58.62069142701157,61.29032568182452,0.0012205225504458503,0.000842596229504159,0.0003779263209416913,0.042529897193490596,0.02927010377210465,0.9200745075138078,0.04034153663082983,0.030958463694015486,1.3535009935645042,0.04111263112993237,0.024827369210410146,1.1089780819256898,811850.8,320073.85,0.10434552752796449,0.2646670448085653,0.31249991996447,0.19999997871262698,0.19999997871262698,0.4999999334769609,0.31249991996447,0.19999997871262695,0.19999997871262695,0.49999993347696103,100.0,63.33332588275119,100.0,63.33332588275119,-0.0,-0.0,0.002285713329911232,0.0019047609752132779,205.88238978590059,267.2996467928246,73.8364266028513,77.35293359473033,0.032776319757965806,-0.3571428318007459,SELL,0,2
0.041999999433755875,0.041999999433755875,0.04100000113248825,0.04100000113248825,1112001,0.0,0.0,EMP,2022-10-14 00:00:00+11:00,Energy,-0.02380948368451441,-0.024097510475393182,-0.000999998301267624,-0.023809483684514385,0.038599999994039534,1.0621761953061999,0.03650000058114529,1.1232876843752029,0.035950000211596486,1.1404729037877104,0.03317000020295382,1.2360567042998438,0.03345000004395843,1.2257100471930633,0.04197250007651746,0.9768300925068484,0.11474919115613931,1.8215869376697416,0.11325605069162689,1.7978840676202175,0.08069394099543427,1.2809766011018335,0.08830039570286494,1.4017253261902622,69.56522443344386,60.714292841757974,59.375005456970484,0.0014830609083704635,0.00097068916527742,0.0005123717430930436,0.043818165142575444,0.02918183601971514,0.6149083576310765,0.041200563155561455,0.030699437267631517,0.9618018057847053,0.0416012583182447,0.02473874208766294,0.928687133339447,459385.2,368997.55,2.4206287011423093,3.01357285434551,0.025000051222742847,0.17142859879805106,0.17142859879805106,0.3225807033083823,0.02500005122274275,0.17142859879805106,0.17142859879805106,0.3225807033083823,90.0000149011643,73.33333581686072,90.0000149011643,73.33333581686072,-9.999985098835698,-9.999985098835698,0.0022142846137285233,0.0019523799419403076,150.55964530269748,206.626561140991,81.44476659317138,81.2627617212077,0.03296079335148161,-0.34146341574220407,SELL,0,2
0.03999999910593033,0.04100000113248825,0.039000000804662704,0.04100000113248825,86096,0.0,0.0,EMP,2022-10-17 00:00:00+11:00,Energy,0.0,0.0,0.0010000020265579224,0.02500005122274275,0.039400000125169754,1.0406091624932858,0.03720000050961971,1.1021505529787796,0.03625000026077032,1.1310345058633937,0.03341000024229288,1.2271775167659944,0.033460000064224005,1.2253437254570165,0.041892500082030895,0.9786954956664077,0.10540565543229216,1.6732629063216569,0.11221691684778105,1.7813883292418573,0.08069394099543427,1.2809766011018335,0.08767181408989641,1.391746902430527,69.56522443344386,60.714292841757974,59.375005456970484,0.0016718523750251235,0.0011109218072269608,0.0005609305677981627,0.04478946573832323,0.029610535280916197,0.5006941211742901,0.041939324740652116,0.03056067578088852,0.8348971637168103,0.042037648699040135,0.02478235178554563,0.8797299667743887,454390.8,368302.35,0.18947566720100847,0.2337644600964398,0.10810812443516538,0.20588232071548362,0.17142859879805106,0.41379318318100755,0.10810812443516545,0.2058823207154836,0.17142859879805106,0.4137931831810075,90.0000149011643,93.33334326744288,90.0000149011643,93.33334326744288,-9.999985098835698,-9.999985098835698,0.0023571417800017764,0.0019047609752132779,99.04516946560042,139.06254338290293,80.16290101340117,79.85747220715098,0.0331415774731271,-0.3902439101954287,SELL,0,2
0.04100000113248825,0.04100000113248825,0.039000000804662704,0.039000000804662704,104390,0.0,0.0,EMP,2022-10-18 00:00:00+11:00,Energy,-0.04878049445322463,-0.050010427563948835,-0.0020000003278255463,-0.04878049445322462,0.039600000530481336,0.9848484919752263,0.03770000040531159,1.0344827688428342,0.03645000029355287,1.069958861195424,0.033610000275075436,1.1603689522604494,0.033420000057667494,1.1669659107530432,0.04179750009439886,0.9330701768426807,0.11035100286068139,1.7517678629756412,0.11441694277199897,1.8163126580821112,0.08176599951056988,1.2979950024335818,0.08806037287316751,1.397915081892118,47.0588273964966,55.17241999454052,55.88235616374716,0.0016411692828622038,0.0012169713023540095,0.00042419798050819424,0.045006009232116916,0.03039399157850626,0.17793578274659216,0.042234734548056235,0.030665266039049507,0.4408154979850074,0.04228388738395999,0.024936113166190883,0.6214054278002259,424268.8,365099.3,0.24604684577324565,0.28592221349095986,0.02631584365034545,0.14705878485858026,0.11428573253203411,0.3448276526508396,0.02631584365034542,0.14705878485858032,0.11428573253203404,0.3448276526508396,70.00000745058215,83.33334575097025,70.00000745058215,83.33334575097025,-29.999992549417847,-29.999992549417847,0.002428570496184485,0.0019999990860621133,70.08549033250387,101.37271310746465,78.21039927900075,79.664758127706,0.03331874591233967,-0.33333333333333337,SELL,0,2
0.039000000804662704,0.04100000113248825,0.039000000804662704,0.04100000113248825,89185,0.0,0.0,EMP,2022-10-19 00:00:00+11:00,Energy,0.05128205862976376,0.05001042756394883,0.0020000003278255463,0.05128205862976375,0.04080000072717667,1.0049019706310536,0.03860000036656856,1.0621761850551257,0.036750000342726706,1.1156462789150061,0.0338500003144145,1.2112260192514395,0.03343000007793307,1.2264433454055566,0.041707500098273155,0.983036648945205,0.0989824463859909,1.5712976237886958,0.11133420513991292,1.7673757152915521,0.0822940903494162,1.3063781846090148,0.08824690191256457,1.4008761385953363,62.50000582076784,60.00000496705538,58.333337645013444,0.0017579712250356053,0.0013251712868903288,0.0004327999381452765,0.04493859430116432,0.032261406431972804,0.3786329887485917,0.04283276237121644,0.030667238314236973,0.6986958835239461,0.0426661491882314,0.025033851440597596,0.8110118057679983,295277.0,354558.55,0.30203842493658495,0.2515381451103069,0.17142859879805106,0.28124997453414946,0.17142859879805106,0.41379318318100755,0.17142859879805106,0.28124997453414957,0.17142859879805106,0.4137931831810075,90.0000149011643,83.33334575097025,90.0000149011643,83.33334575097025,-9.999985098835698,-9.999985098835698,0.0024285707622766495,0.0019999992634568897,74.44446548543895,105.93872552113874,80.1438185606432,79.93654886444789,0.033492370982768,-0.3902439101954287,SELL,0,2
0.04100000113248825,0.041999999433755875,0.04100000113248825,0.041999999433755875,252926,0.0,0.0,EMP,2022-10-20 00:00:00+11:00,Energy,0.02439020179624407,0.024097510475393154,0.000999998301267624,0.02439020179624407,0.04080000072717667,1.0294117324801881,0.03960000015795231,1.0606060420765329,0.03705000039190054,1.1336032115923391,0.03411000031977892,1.2313104379949795,0.033460000064224005,1.2552301061906745,0.04160750010050833,1.0094333793738968,0.0392723170330301,0.6234287056721018,0.11086582810202153,1.75994046031911,0.08225206416132273,1.3057110395555307,0.08825541214147269,1.401011234291083,62.50000582076784,61.29032568182451,59.45946218063678,0.0019092208023377064,0.0014419811899798044,0.00046723961235790195,0.04423800751052797,0.034961992805376645,0.5174634478470064,0.04355424933562825,0.030545751448172828,0.7610408341809861,0.043107255530194864,0.025112745109362976,0.8769340125911801,328919.6,348313.3,0.7689599525233523,0.7261451113121434,0.0,0.31249991996447,0.16666670116009685,0.44827588421694653,0.0,0.31249991996447,0.16666670116009685,0.44827588421694653,100.0,86.66667411724882,100.0,86.66667411724882,-0.0,-0.0,0.002499999212367194,0.0020476182301839194,91.18774155371501,124.89626771525568,80.99696209935004,80.69257357038597,0.033662523551787754,-0.3809523598339549,SELL,0,2
0.041999999433755875,0.041999999433755875,0.041999999433755875,0.041999999433755875,0,0.0,0.0,EMP,2022-10-21 00:00:00+11:00,Energy,0.0,0.0,0.0,0.0,0.041000000387430194,1.024390220411614,0.03980000019073486,1.0552763626250725,0.037300000339746474,1.126005336493285,0.03439000029116869,1.2212852305366633,0.033460000064224005,1.2552301061906745,0.04151750010438263,1.0116215891650544,0.0369446704703198,0.5864784620021873,0.0804012309890407,1.2763299738027687,0.08218237368753147,1.304604737581119,0.08802773562826718,1.3973969816912104,76.92308133170566,63.33333374725461,58.333337645013444,0.002005963681393906,0.0015547776882626249,0.0004511859931312812,0.04468080156801672,0.034919198813453,0.45074549709420947,0.04417022517440068,0.03042977550509227,0.6841113947686347,0.04348202352600757,0.025297977056329808,0.8369973267805929,106519.4,319665.15,0.0,0.0,0.02439020179624407,0.05000000931322601,0.13513510520219674,0.4999999334769609,0.02439020179624407,0.05000000931322596,0.13513510520219668,0.49999993347696103,100.0,96.66667163372146,100.0,96.66667163372146,-0.0,-0.0,0.0024285707622766495,0.0019999992634568897,88.25845484635202,116.2828824906587,82.02408647812189,79.71515660442381,0.03382927306942712,-0.3571428318007459,SELL,0,2
0.041999999433755875,0.041999999433755875,0.041999999433755875,0.041999999433755875,0,0.0,0.0,EMP,2022-10-24 00:00:00+11:00,Energy,0.0,0.0,0.0,0.0,0.04120000004768372,1.0194174608045208,0.040300000086426736,1.042183606543011,0.03765000030398369,1.115537824559112,0.03467000026255846,1.2114219531493162,0.033500000070780515,1.2537313237318246,0.04144750009290874,1.0133301004791277,0.0369446704703198,0.5864784620021873,0.07516596325145178,1.1932226749197683,0.0808683909751313,1.2837459086768253,0.08802773562826718,1.3973969816912104,50.0,63.33333374725461,57.14285866338444,0.002058899399385014,0.0016556020304871028,0.0004032973688979113,0.044923610941092845,0.03567638923176063,0.367677860608341,0.04473668077075127,0.03056331983721611,0.6138274683289531,0.04382091124535864,0.025519089279758277,0.8010130559651046,89300.2,310965.0,0.0,0.0,0.02439020179624407,0.13513510520219674,0.19999997871262698,0.4999999334769609,0.02439020179624407,0.13513510520219668,0.19999997871262695,0.49999993347696103,100.0,100.0,100.0,100.0,-0.0,-0.0,0.0024285707622766495,0.001904761152608054,80.33753640251273,101.97267652846764,82.02408647812189,77.95991482770708,0.03399268759671369,-0.3571428318007459,SELL,0,2
0.035999998450279236,0.035999998450279236,0.032999999821186066,0.032999999821186066,3913546,0.0,0.0,EMP,2022-10-25 00:00:00+11:00,Energy,-0.21428570795018653,-0.24116204875348915,-0.00299999862909317,-0.08333329883990316,0.039999999850988385,0.8249999986030162,0.03980000019073486,0.8291457201768612,0.03755000028759241,0.8788282175350663,0.03477000024169683,0.9490940348516838,0.03343000007793307,0.9871372941745565,0.041332500083372,0.7984031876760805,0.10641940441687894,1.6893556725520222,0.10408836048110717,1.6523514972567181,0.09542429456313559,1.514813714686978,0.09364230137763871,1.4865254498459588,21.428563825937402,51.351349446527415,47.61904635194161,0.001358961324450715,0.0015962738892798254,-0.0002373125648291103,0.04624980631708665,0.03335019406438307,-1.054295313120533,0.04484743954694779,0.03025256102823703,-0.6235064527016384,0.04373070750443951,0.025809292978954148,-0.1975290977164459,851131.4,504038.55,4.598051487702134,7.76437833971231,-0.15384617588929128,-0.13157892414985195,-0.057142866266017056,0.1785713858066178,-0.15384617588929125,-0.13157892414985195,-0.05714286626601702,0.1785713858066178,9.999985098835698,69.99999503294525,9.999985098835698,69.99999503294525,-90.0000149011643,-90.0000149011643,0.002928570711186954,0.0022380944518815902,-128.41165152716218,-74.29001259601141,52.02337079841883,51.34852128416041,0.041999999433755875,-0.18181815616191244,SELL,0,2
0.032999999821186066,0.032999999821186066,0.03200000151991844,0.03200000151991844,811501,0.0,0.0,EMP,2022-10-26 00:00:00+11:00,Energy,-0.030302978990491503,-0.03077160575069945,-0.000999998301267624,-0.03030297899049148,0.03819999992847443,0.8376963764354752,0.039500000327825545,0.8101266140338795,0.03735000044107437,0.856760405408926,0.03485000025480986,0.9182209838148259,0.033340000081807375,0.9598080816256467,0.04120750009082258,0.7765577006464713,0.0971262613033822,1.5418315990933529,0.10156306631099549,1.6122636950883376,0.09544564872734802,1.5151527015347486,0.09378868403382061,1.488849202473021,19.999995032945236,50.0,46.511628108452776,0.0007153181098061845,0.0014200827333850975,-0.000704764623578913,0.04711577277974459,0.0318842278759065,-0.9847981744802834,0.045035255299530674,0.02966474558261807,-0.6961381268012443,0.04363368116091476,0.026066319348704955,-0.3244651946441484,995594.6,537734.1,0.815091805439684,1.509112031392467,-0.2195121796091426,-0.08571424618059287,-0.11111103062644068,0.14285716186372532,-0.21951217960914254,-0.08571424618059292,-0.1111110306264407,0.14285716186372543,0.0,36.66666169961191,0.0,36.66666169961191,-100.0,-100.0,0.0029999991612774985,0.00228571341860862,-174.9999710648882,-103.97699805260298,48.455586515984386,47.96508246475226,0.041819999441504475,-0.15625001818989315,SELL,0,2
0.03200000151991844,0.03400000184774399,0.029999999329447746,0.03400000184774399,3374985,0.0,0.0,EMP,2022-10-27 00:00:00+11:00,Energy,0.06250000727595717,0.06062462866439451,0.0020000003278255463,0.06250000727595727,0.03660000041127205,0.9289617886799991,0.03870000056922436,0.8785530063992304,0.03730000052601099,0.911528186816894,0.03498000029474497,0.9719840354847509,0.033260000105947256,1.0222489999831483,0.04107750010676682,0.827703773583414,0.10501384268811559,1.667043071832075,0.07725118962056204,1.226324617319408,0.09627756991508131,1.528359040973635,0.09404693554841385,1.492948818172938,33.33333333333333,40.62500145519197,47.7272758060261,0.00036243165029805485,0.001208552516767689,-0.0008461208664696342,0.046813089286498105,0.030586911851950616,-0.5793106528557378,0.04506225623464794,0.02953774481737404,-0.4251339819422777,0.04350836763628497,0.02645163295320497,-0.11491044038729444,1620006.4,700118.6,2.083315843690494,4.820590397112718,-0.1904761355682828,-0.1904761355682828,-0.028571379914575923,0.23636371025369218,-0.19047613556828286,-0.19047613556828286,-0.028571379914575902,0.23636371025369227,33.333354029390364,14.444446376075362,33.333354029390364,14.444446376075362,-66.66664597060964,-66.66664597060964,0.002571428061595985,0.0024285707622766495,-128.28052311582078,-90.03215394797441,48.2052307156157,58.85074635907977,0.04142719952464104,-0.2941176792845164,SELL,0,2
0.03099999949336052,0.03099999949336052,0.029999999329447746,0.029999999329447746,450179,0.0,0.0,EMP,2022-10-28 00:00:00+11:00,Energy,-0.11764712649748443,-0.12516321965115798,-0.0010000001639127731,-0.03225807033083823,0.03420000039041042,0.8771929528357449,0.03760000038892031,0.7978723143388032,0.0370500004850328,0.8097165704914616,0.03504000026732683,0.8561643578930378,0.03315000008791685,0.904977352937707,0.04093250010162592,0.7329139254862199,0.10795302421757237,1.7137011321421778,0.08349558440979657,1.3254513115219408,0.09998253699225117,1.5871735699848748,0.09565744635318381,1.5185148846121608,17.64705173387621,39.39393580206107,44.68084895581079,-0.0002372651402381895,0.0009193889853665134,-0.0011566541256047029,0.04717775202062058,0.02802224875722004,-0.7935057570628806,0.04542225956940893,0.028677741400656667,-0.8420667689012863,0.0433793335386622,0.02670066699599146,-0.6043649742603503,1710042.2,721621.35,0.26325607637051296,0.6238437928700419,-0.28571429204981347,-0.26829271949273537,-0.14285716566504258,0.11111105745466787,-0.2857142920498135,-0.2682927194927354,-0.14285716566504256,0.11111105745466787,0.0,11.111118009796797,0.0,11.111118009796797,-100.0,-100.0,0.0026428569108247757,0.0025238091392176492,-143.3492983771193,-125.29185979321164,47.0262076724792,57.790023455518394,0.04074156751292944,-0.19999997516473078,SELL,0,2
0.03099999949336052,0.03099999949336052,0.029999999329447746,0.029999999329447746,92971,0.0,0.0,EMP,2022-10-31 00:00:00+11:00,Energy,0.0,0.0,-0.0010000001639127731,-0.03225807033083823,0.031800000369548796,0.9433961943653087,0.036500000208616254,0.821917785150201,0.036850000359117986,0.8141112357418117,0.035100000239908696,0.8547008297549169,0.03302000006660819,0.9085402564788468,0.0408175001014024,0.7349788511035494,0.10795302421757237,1.7137011321421778,0.08349558440979657,1.3254513115219408,0.09980262176207584,1.5843175042481736,0.09565744635318381,1.5185148846121608,12.500001455191452,37.499999272404146,44.68084895581079,-0.000704409176809466,0.0005946293529313175,-0.0012990385297407835,0.04683870830108207,0.026161292116150443,-0.6287053296248196,0.0457061603198112,0.027993840398424768,-0.7734730470173277,0.04324410986468123,0.02695589061513616,-0.6262195802163447,1728636.4,722055.0,0.05378285450890656,0.12875888955827464,-0.28571429204981347,-0.26829271949273537,-0.11764712649748443,0.11111105745466787,-0.2857142920498135,-0.2682927194927354,-0.11764712649748445,0.11111105745466787,0.0,11.111118009796797,0.0,11.111118009796797,-100.0,-100.0,0.0026428570438708577,0.002571428194642067,-113.24648134658301,-113.49820210144395,45.677511707524225,57.73196663893674,0.04009707342192054,-0.19999997516473078,SELL,0,2
0.029999999329447746,0.029999999329447746,0.027000000700354576,0.028999999165534973,1861093,0.0,0.0,EMP,2022-11-01 00:00:00+11:00,Energy,-0.033333339542150675,-0.03390155809859586,-0.0010000001639127731,-0.03333333954215063,0.03100000023841858,0.9354838368547821,0.03550000004470348,0.8169013839159617,0.036600000225007534,0.7923496991052,0.035140000209212305,0.8252703185224322,0.0328800000436604,0.8819951072696689,0.040667500095441934,0.7131001191977702,0.06510487371618284,1.0335078299477123,0.08319606013703185,1.3206965110977633,0.10005216197378182,1.5882788323018802,0.09581859490448419,1.5210730385574358,11.764707171380664,39.999997516472924,44.680847185074995,-0.0011421498546995493,0.00024727351140514404,-0.0013894233661046933,0.0466654228746424,0.024334577214764563,-0.5821544762048271,0.04605682710819118,0.027143173341823888,-0.8036523406161812,0.04314010179044595,0.027139898627978658,-0.7674903851321498,1318145.8,814614.65,1.4119022341838057,2.2846299167342496,-0.12121214173713679,-0.2564102931488188,-0.14705889442593612,0.07407401530749347,-0.12121214173713674,-0.25641029314881875,-0.1470588944259361,0.07407401530749338,13.33332422706739,4.444441409022473,13.33332422706739,4.444441409022473,-86.6666757729326,-86.6666757729326,0.0026428570438708577,0.0026666663054909024,-115.99809217819299,-129.51193301277098,42.63432820074003,52.55110834004371,0.03949124897637217,-0.20689652736135877,SELL,0,2
0.028999999165534973,0.028999999165534973,0.026000000536441803,0.026000000536441803,1722975,0.0,0.0,EMP,2022-11-02 00:00:00+11:00,Energy,-0.10344823156610694,-0.10919924255795864,-0.00299999862909317,-0.10344823156610695,0.02980000004172325,0.8724832382563412,0.03399999998509884,0.7647058984657885,0.0363000001758337,0.7162534548347192,0.035140000209212305,0.7398975635072887,0.032750000040978194,0.7938931451575418,0.040507500106468794,0.6418564578930845,0.07448560429280211,1.1824223112787169,0.08165400014453515,1.2962170676164328,0.10183751388234194,1.616620415218588,0.09687724881548053,1.537878648395329,10.000001862645192,19.230767577533683,41.99999701976714,-0.0017114092524647406,-0.00014446304136883303,-0.0015669462110959075,0.04588836923292854,0.022111630737269135,-0.6729265622463305,0.04670445250759593,0.025895547844071467,-0.989960769770508,0.04314010179044595,0.027139898627978658,-1.1424854522111056,1500440.6,896555.1,1.1483127022822495,1.921772571479433,-0.18750002182787184,-0.3658536629688164,-0.18750002182787184,0.0,-0.18750002182787182,-0.36585366296881644,-0.18750002182787182,0.0,0.0,4.444441409022473,0.0,4.444441409022473,-100.0,-100.0,0.002357142711324351,0.002809523383066768,-115.43209587501067,-139.56159118359565,37.788969288505875,48.53744506775931,0.03849194911429076,-0.15384617588929128,SELL,0,2
0.027000000700354576,0.027000000700354576,0.026000000536441803,0.026499999687075615,2462402,0.0,0.0,EMP,2022-11-03 00:00:00+11:00,Energy,0.019230736166063078,0.01904816252985018,-0.0005000010132789612,-0.018518555567015038,0.028299999609589576,0.9363957615778898,0.032450000010430816,0.8166409762267298,0.03602500008419156,0.7356002671795776,0.03515000019222498,0.7539117935179214,0.0326350000500679,0.8120116331061713,0.040345000103116035,0.6568347904162949,0.06115492521603384,0.9708043414102713,0.0812085023725126,1.289145009730003,0.10198303713249005,1.6189305251978063,0.09689779433219722,1.5382047983620672,21.73912761792772,21.568622008418146,44.329893660602856,-0.0020980209936551156,-0.0005351746318260897,-0.0015628463618290258,0.04372879016749205,0.02117120985336958,-0.5275388796581275,0.04717222069288149,0.024877779475501627,-0.8544731221781537,0.04310459031914561,0.02719541006530435,-1.0874225280162788,1317924.0,1019675.2,1.8683945356484897,2.414888584129535,-0.22058828685522625,-0.3690476179916977,-0.17187504911271156,0.019230736166063078,-0.22058828685522625,-0.3690476179916978,-0.17187504911271156,0.019230736166063123,3.1249949068293192,5.486106377965579,3.1249949068293192,5.486106377965579,-96.87500509317069,-96.87500509317069,0.0023571428443704334,0.00276190432764235,-105.45883898633548,-133.99641232003265,26.46052754641859,44.0183226097648,0.03724275425650587,-0.24528302682511283,SELL,0,2
0.027000000700354576,0.027000000700354576,0.026000000536441803,0.026000000536441803,150000,0.0,0.0,EMP,2022-11-04 00:00:00+11:00,Energy,-0.018867892699548472,-0.019048162529850178,-0.0010000001639127731,-0.03703704214717449,0.027499999850988388,0.9454545700845641,0.030850000120699404,0.8427876964252133,0.035325000155717136,0.7360226587920867,0.0350500002130866,0.7417974430349417,0.03249500006437302,0.8001231107842888,0.040175000112503766,0.64716864875253,0.04694798418813924,0.7452761443056544,0.08034586447342958,1.2754510576151654,0.08252647147328365,1.3100671205878487,0.09308235296531918,1.4776365443698212,22.72726810914422,21.15384146967878,43.877548460337124,-0.002416898831462757,-0.0009115194717534233,-0.0015053793597093338,0.040534466478356734,0.021165533763042078,-0.5008019445927238,0.04715838295614178,0.02349161735529249,-0.7880248426460692,0.0433363298118076,0.026763670614365603,-1.0921602343746588,1257888.2,883458.75,0.11924748161243583,0.16978721417383663,-0.13333329608042954,-0.3809523598339549,-0.3499999720603222,-0.16129029156886276,-0.13333329608042951,-0.3809523598339549,-0.34999997206032213,-0.16129029156886276,0.0,1.0416649689431159,0.0,1.0416649689431159,-100.0,-100.0,0.0022857142612338066,0.002809523383066768,-95.79266499459227,-124.60900896288167,26.433678707096192,43.76095329310909,0.03611847888449946,-0.26923080780625974,SELL,0,2
0.026000000536441803,0.027000000700354576,0.02500000037252903,0.027000000700354576,770000,0.0,0.0,EMP,2022-11-07 00:00:00+11:00,Energy,0.03846154397232282,0.03774033328952825,0.0010000001639127731,0.03846154397232281,0.026900000125169753,1.0037174934839965,0.029350000247359277,0.9199318730085483,0.03482500016689301,0.7753051133083008,0.0348300002515316,0.7751938129591971,0.03236500008031726,0.8342345321597758,0.0400150001142174,0.6747469854626197,0.05499689792580015,0.8730486887500273,0.08352346185768639,1.3258938522877626,0.08230140412320758,1.306494287168599,0.08742723597510876,1.387864345223384,14.999993480741821,25.999996572732456,34.52380778153899,-0.0025594167957980578,-0.0012410989365623504,-0.0013183178592357074,0.035276401219230216,0.023423599275488337,-0.3965306360738558,0.04719335959059683,0.022456640743189184,-0.6326626837462297,0.04337665451824527,0.02628334598481794,-0.9161479225469824,1393294.0,916405.35,0.5526471799921625,0.8402395293742011,-0.09999995653827887,-0.3571428318007459,-0.27027026074615346,-0.2894736429330702,-0.09999995653827888,-0.3571428318007459,-0.2702702607461535,-0.28947364293307015,11.764708460408654,4.963234455746001,11.764708460408654,4.963234455746001,-88.23529153959134,-88.23529153959134,0.0022857142612338066,0.002428571117066202,-86.14181657650306,-109.70676887191564,26.66835523608573,32.57267734541918,0.03510663104969369,-0.2592592950302214,SELL,0,2
0.027000000700354576,0.027000000700354576,0.026000000536441803,0.026000000536441803,145758,0.0,0.0,EMP,2022-11-08 00:00:00+11:00,Energy,-0.037037042147174515,-0.03774033328952827,-0.0010000001639127731,-0.03703704214717449,0.02630000039935112,0.9885931612793163,0.02865000031888485,0.9075043716248659,0.03422500025480986,0.7596786075344983,0.03471000023186207,0.7490636808632195,0.03226500010117889,0.8058267613484936,0.039865000108256936,0.6522011906644049,0.05525260378183686,0.8771078933731634,0.05695543813857069,0.9041395507642895,0.08193501881231527,1.3006781006687103,0.08469191985921298,1.3444425480245399,21.428569527912416,18.749994179233056,36.24999720603169,-0.0027216811194407144,-0.0015372153731380235,-0.0011844657463026909,0.03430783721430711,0.022992163423462594,-0.4683768428508706,0.04709878021635967,0.021351220293260045,-0.6388954714880715,0.04358116386515936,0.025838836598564778,-0.9818328299940149,1050227.0,910943.25,0.13878713839960313,0.16000777216363368,-0.10344823156610694,-0.21212119159619658,-0.3157894375664364,-0.18750002182787184,-0.10344823156610695,-0.21212119159619658,-0.3157894375664364,-0.18750002182787182,5.882354230204327,5.882354230204336,5.882354230204327,5.882354230204336,-94.11764576979567,-94.11764576979567,0.00221428567809718,0.0023333330949147544,-77.88896128781003,-97.85048824907763,26.098404666708802,32.811979857446744,0.03389383536843393,-0.23076926383393692,SELL,0,2
0.026000000536441803,0.026000000536441803,0.026000000536441803,0.026000000536441803,0,0.0,0.0,EMP,2022-11-09 00:00:00+11:00,Energy,0.0,0.0,0.0,0.0,0.02630000039935112,0.9885931612793163,0.028050000220537184,0.9269162328706705,0.033775000274181365,0.7698001576721524,0.03453000023961067,0.7529684435569803,0.032175000105053184,0.8080808221150066,0.03975500010885298,0.654005797138758,0.029900721243468834,0.47465923459010717,0.05727247133625894,0.9091722967548977,0.08060996042081332,1.2796434508093897,0.08358610364510409,1.3268882598348894,21.428569527912416,15.217390952240976,34.61538424799892,-0.0028177949784833657,-0.001793331294207092,-0.0010244636842762736,0.03339270057289969,0.022707299868174675,-0.38370104046521797,0.04715399005389695,0.02039601049446578,-0.5811350382767723,0.0437360537557456,0.025323946723475738,-0.9265642099754056,705632.0,874236.05,0.0,0.0,0.0,-0.18750002182787184,-0.2571428449786439,-0.2571428449786439,0.0,-0.18750002182787182,-0.257142844978644,-0.257142844978644,5.882354230204327,7.843138973605779,5.882354230204327,7.843138973605779,-94.11764576979567,-94.11764576979567,0.0021428572280066355,0.0022857141281877246,-76.47458853508523,-92.2473378864631,24.37641996110409,31.6275536698394,0.03282657516892534,-0.23076926383393692,SELL,0,2
0.02500000037252903,0.02500000037252903,0.024000000208616257,0.02500000037252903,1494961,0.0,0.0,EMP,2022-11-10 00:00:00+11:00,Energy,-0.03846154397232282,-0.03922071888449705,0.0,0.0,0.026000000536441803,0.9615384560276772,0.02715000007301569,0.9208103243202735,0.03292500032112002,0.7593014465816896,0.03441000025719404,0.726532989993289,0.03207500010728836,0.7794232358193606,0.03963500011712313,0.6307556527981066,0.03186396180389279,0.5058247123101683,0.04970529448499548,0.7890470883031702,0.0634837503585232,1.0077732944541598,0.08219645588406825,1.3048282855208182,21.428569527912416,14.583332848269464,36.48648492180992,-0.002940758328661003,-0.0020228167010978744,-0.0009179416275631284,0.030803003885876885,0.023496996260154498,-0.5885566538192817,0.04626380409800899,0.019586196544231056,-0.5941312340407902,0.04395407590158959,0.02486592461279849,-0.9859519386972511,512143.8,944748.45,2.919025867344289,1.582390529457868,-0.05660374838714255,-0.2647059113560648,-0.40476188786716394,-0.19354836189970104,-0.05660374838714258,-0.26470591135606475,-0.40476188786716394,-0.193548361899701,5.555556705336562,5.7734217219150805,5.555556705336562,5.7734217219150805,-94.44444329466344,-94.44444329466344,0.0022857143942798886,0.002238095161460695,-92.92437773540958,-97.00773446983602,22.53876609635772,31.024133318886527,0.031887386193357785,-0.2000000298023219,SELL,0,2
0.024000000208616257,0.02500000037252903,0.024000000208616257,0.02500000037252903,449300,0.0,0.0,EMP,2022-11-11 00:00:00+11:00,Energy,0.0,0.0,0.0010000001639127731,0.04166667313418449,0.02580000050365925,0.9689922435847722,0.02665000017732382,0.9380863116766973,0.03212500028312206,0.7782101214692786,0.0342500002682209,0.7299270124597766,0.032005000095814466,0.7811279580592305,0.039500000113621356,0.6329114000156146,0.03184326742923469,0.5054961992968684,0.03924297465898628,0.6229629099245247,0.06370062153659996,1.011216017676532,0.08164873350269844,1.2961334622691667,37.499994179232154,14.583332848269464,21.666664079659128,-0.0030035842203538984,-0.002218970204949079,-0.0007846140154048192,0.02991768620339874,0.023382314151248897,-0.504944413762033,0.045343308912147384,0.018906691654096735,-0.5390250833565539,0.04415207137965233,0.024347929156789468,-0.9341479970804513,572003.8,911613.4,0.7854842922372194,0.4928624348874205,-0.03846154397232282,-0.1666666356225801,-0.3902439101954287,-0.24242422703048083,-0.03846154397232281,-0.16666663562258016,-0.3902439101954287,-0.24242422703048078,8.333335920340865,6.590415618627259,5.555556705336562,5.664489213625825,-91.66666407965914,-94.44444329466344,0.0023571429774165154,0.0019523809176115762,-91.35644508407013,-90.33138283089198,22.53876609635772,30.590426438020756,0.03078315215549397,-0.2000000298023219,SELL,0,2
0.02500000037252903,0.026000000536441803,0.02500000037252903,0.026000000536441803,1074697,0.0,0.0,EMP,2022-11-14 00:00:00+11:00,Energy,0.04000000596046438,0.03922071888449703,0.0010000001639127731,0.04000000596046439,0.025600000470876693,1.0156250022737368,0.026250000298023223,0.9904761996669292,0.03137500025331974,0.8286852693711384,0.03413000024855137,0.7617931540315579,0.03196500010788441,0.813389658961043,0.03938000011257827,0.6602336328622103,0.03239985915834419,0.5143318190789833,0.04306035342659926,0.6835619191999778,0.06505172616252466,1.0326641386890862,0.0817648383807209,1.2979765700686603,44.444453642692494,28.12500072759582,24.999996895591153,-0.0029388058122187845,-0.0023629373264030203,-0.0005758684858157641,0.028523029906352915,0.02397697068969353,-0.10998526401296185,0.04416839884078458,0.018581601665854902,-0.42013853317635563,0.04428554523677134,0.023974455260331394,-0.8005478506116648,632943.2,961043.45,1.6979359285319757,1.1182605739626028,-0.037037042147174515,-0.13333329608042954,-0.3658536629688164,-0.18750002182787184,-0.03703704214717449,-0.13333329608042951,-0.36585366296881644,-0.18750002182787182,20.0,11.296297541892484,11.111113410673124,7.407408940448758,-80.0,-88.88888658932687,0.0017857144453695842,0.0019523810063089644,-60.04514556935358,-73.05251424526196,35.924203686803224,28.221448938069585,0.02983351088293109,-0.23076926383393692,SELL,0,2
0.02500000037252903,0.026000000536441803,0.02500000037252903,0.026000000536441803,1164932,0.0,0.0,EMP,2022-11-15 00:00:00+11:00,Energy,0.0,0.0,0.0010000001639127731,0.04000000596046439,0.025600000470876693,1.0156250022737368,0.025950000435113908,1.0019267861460317,0.030725000239908696,0.8462164469789135,0.034010000228881836,0.7644810456179353,0.03190500009804964,0.8149193059564099,0.039260000111535194,0.6622516674115495,0.027743546405039184,0.4404151456482824,0.04262918785603668,0.6767173779583666,0.06484242094263101,1.0293415213294084,0.0817648383807209,1.2979765700686603,50.0,29.99999751647323,24.999996895591153,-0.0028545628336261,-0.0024612624278476363,-0.00039330040577846385,0.027147219440938362,0.024752781429289453,0.041763537902961494,0.04320435129788545,0.018245649181931944,-0.37862543344725386,0.044407193343407037,0.02361280711435663,-0.77040020361359,836778.0,1014070.55,1.3921637519150838,1.1487681996089916,0.0,-0.10344823156610694,-0.33333333333333337,-0.18750002182787184,0.0,-0.10344823156610695,-0.3333333333333333,-0.18750002182787182,20.0,16.111111973446963,11.111113410673124,9.259261175560944,-80.0,-88.88888658932687,0.0017857145784156664,0.0019047619508845465,-55.575756791291354,-68.14951336275203,38.561286288846745,28.40462135578295,0.029016819388527012,-0.26923080780625974,SELL,0,2
0.02800000086426735,0.029999999329447746,0.026000000536441803,0.028999999165534973,5021470,0.0,0.0,EMP,2022-11-16 00:00:00+11:00,Energy,0.1153845602767718,0.10919924255795858,0.000999998301267624,0.035714223942892365,0.026200000196695328,1.106870188848045,0.026250000298023223,1.104761860430106,0.030125000141561033,0.9626555694360317,0.033950000181794164,0.8541973198894517,0.031875000074505805,0.9098038932627232,0.03915500010363757,0.740646126644776,0.05843519693798371,0.9276299934659278,0.045412337897011795,0.720898515177163,0.06983300773251988,1.108564630583389,0.08340716330532198,1.3240476700034043,66.66665631863654,34.37499054125445,33.8709628963439,-0.002516713739432075,-0.002472352690164524,-4.436104926755068e-05,0.028523029906352915,0.02397697068969353,1.2098385597064685,0.04164100681819945,0.01860899346492262,-0.09769019831399176,0.04442884151693377,0.023471158846654558,-0.4723805674640692,1841072.0,1260684.8,2.727470734441673,3.9831288518747905,0.1153845602767718,0.1153845602767718,-0.2926829667193477,-0.093750069121594,0.11538456027677187,0.11538456027677187,-0.29268296671934774,-0.09375006912159405,71.42856382593739,37.1428546086458,27.777773178653753,16.666666666666675,-28.57143617406261,-72.22222682134624,0.0017857143123235022,0.001999999973035994,65.56473225324449,-30.576720663351022,43.6133499517588,43.711543574742656,0.024000000208616257,-0.3448275884216947,SELL,0,2
0.02800000086426735,0.029999999329447746,0.02800000086426735,0.029999999329447746,1750207,0.0,0.0,EMP,2022-11-17 00:00:00+11:00,Energy,0.03448276526508387,0.033901558098595734,0.001999998465180397,0.07142851440882372,0.027199999988079072,1.1029411523013173,0.026600000262260438,1.1278195125438086,0.029525000136345625,1.0160880335616795,0.033710000179708,0.8899436122669165,0.031865000072866675,0.9414718111045293,0.03906000010669231,0.7680491358807683,0.04715065644576339,0.7484934666536075,0.04594004129909151,0.7292755469845968,0.07016579964285476,1.1138475383818702,0.07050278639488726,1.1191970372278786,83.33332815931827,50.0,31.666660975250096,-0.002143564564359022,-0.0024065950650034237,0.00026303050064440184,0.02989308975338647,0.023306910771134406,1.0324648256141749,0.039595671083794845,0.019454329188896405,0.04716658856006342,0.04398398133037823,0.023436019029037778,-0.36110644898528294,1892121.2,1335548.85,0.924997299327337,1.3104777110923347,0.19999995529651704,0.1320754597623306,-0.28571429204981347,-0.28571429204981347,0.1999999552965171,0.1320754597623307,-0.2857142920498135,-0.2857142920498135,85.7142819129687,59.04761524630204,33.33332988399032,24.074072157772406,-14.285718087031306,-66.66667011600968,0.0016428568799580847,0.001999999884338606,122.99286633195359,-10.983784787253425,51.78476950559744,47.43934105118866,0.024120000191032887,-0.36666667287548393,SELL,0,2
0.02800000086426735,0.02800000086426735,0.02800000086426735,0.02800000086426735,47900,0.0,0.0,EMP,2022-11-18 00:00:00+11:00,Energy,-0.06666661699612819,-0.06899281826851879,0.0,0.0,0.027800000086426736,1.0071942725618286,0.02680000029504299,1.0447761401497564,0.0288250002078712,0.9713790342531006,0.03351000022143125,0.8355714914725666,0.031855000089854,0.8789829158777969,0.03896000010892749,0.7186858517962706,0.06616534768700534,1.0503423323396333,0.051784812795279,0.8220584180780629,0.0710355501779096,1.1276544000923931,0.06986368316315957,1.1090515879483835,62.50000582076784,43.33333623078231,27.419354063415028,-0.0019863271729702037,-0.00232254148659678,0.00033621431362657614,0.03017309569348821,0.023426904896597774,0.35575648698743667,0.03701533444227226,0.02063466597347014,-0.10072840985398206,0.04383233559010199,0.02318766485276052,-0.533793871286848,1811841.2,1337943.85,0.02643719548931772,0.035801203466049786,0.12000001788139314,0.07692308794464564,-0.3333333037675369,-0.2631578482997039,0.12000001788139317,0.07692308794464563,-0.3333333037675369,-0.2631578482997039,66.66668736272692,74.60317770054435,22.222226821346247,27.777776627996783,-33.33331263727309,-77.77777317865376,0.0017142853300486291,0.0020476189397630237,77.6612152050982,-25.622243237296864,51.622680180179685,46.57163657415251,0.024237600173801183,-0.3214286141933822,SELL,0,2
0.02800000086426735,0.02800000086426735,0.02800000086426735,0.02800000086426735,0,0.0,0.0,EMP,2022-11-21 00:00:00+11:00,Energy,0.0,0.0,0.0,0.0,0.028200000151991846,0.9929078267146616,0.026900000311434268,1.040892213386537,0.028125000279396774,0.9955555763951052,0.03337000023573637,0.8390770352552105,0.031835000105202196,0.8795351271160146,0.03883500011637807,0.7209991188453422,0.06626202549688064,1.0518770449930037,0.05073961820425386,0.8054664683209285,0.0710355501779096,1.1276544000923931,0.0690162991948782,1.0955997844780503,71.42858283252552,46.42857618021897,27.419354063415028,-0.0018404992774607824,-0.0022261330447695803,0.0003856337673087979,0.030357680294506355,0.02344232032836218,0.3181325507908198,0.03347461909426399,0.022775381464529558,-0.02336604147982218,0.0437991780449469,0.022940822426525842,-0.5149015070705292,1596901.8,1337943.85,0.0,0.0,0.07692308794464564,0.037037042147174404,-0.3333333037675369,-0.19999997871262698,0.07692308794464563,0.03703704214717449,-0.3333333037675369,-0.19999997871262695,66.66668736272692,73.01588554614085,22.222226821346247,25.925927842227612,-33.33331263727309,-77.77777317865376,0.0014999997136848314,0.0020476189397630237,85.05022138479202,-16.883103284545125,58.964325742999,46.57163657415251,0.024352848156914114,-0.3214286141933822,SELL,0,2
0.02800000086426735,0.02800000086426735,0.027000000700354576,0.027000000700354576,121807,0.0,0.0,EMP,2022-11-22 00:00:00+11:00,Energy,-0.03571429046593133,-0.03636764909850735,-0.0010000001639127731,-0.03571429046593136,0.0284000001847744,0.9507042438270694,0.027000000327825548,1.0000000137973712,0.0278250003233552,0.9703504182061715,0.03321000024676323,0.8130081451289991,0.03180500011891127,0.8489231441411114,0.038710000114515426,0.697494203577389,0.07030578609789938,1.1160697544636637,0.05062010269403175,0.8035692184137523,0.05423512804671076,0.8609559668120457,0.06917808278267508,1.0981680193151844,62.50000582076784,54.16666860692261,26.5624989995557,-0.0017850443948813667,-0.0021379153147919375,0.0003528709199105708,0.030399346009768492,0.023600654645882603,1.095884512237921e-07,0.032672951730175065,0.02297704891653533,-0.17017489528464597,0.04378160228895965,0.022638398204566812,-0.5874227502720513,1388276.8,1148356.9,0.08773970723993947,0.10607068238106115,0.03846154397232282,0.03846154397232282,-0.18181815616191244,-0.22857141184563545,0.03846154397232281,0.03846154397232281,-0.1818181561619124,-0.22857141184563545,50.00001552204518,61.11113008249968,25.00000776102259,23.14815380123837,-49.99998447795482,-74.99999223897741,0.00135714268045766,0.0020952379951874414,40.98615244694239,-22.16156021751211,66.63637841340616,46.35478339949005,0.024465791180364786,-0.2962963371773959,SELL,0,2
0.027000000700354576,0.027000000700354576,0.027000000700354576,0.027000000700354576,115667,0.0,0.0,EMP,2022-11-23 00:00:00+11:00,Energy,0.0,0.0,0.0,0.0,0.02800000049173832,0.964285722363512,0.027100000344216824,0.9963099762881151,0.027575000282377006,0.9791477941565097,0.03305000025779009,0.8169440390243419,0.031775000132620336,0.8497246447730545,0.0386200001090765,0.6991196432961433,0.03868778205958572,0.6141495006379805,0.05062010269403175,0.8035692184137523,0.05401890560331937,0.8575235419335395,0.06917808278267508,1.0981680193151844,57.142860944175176,52.17391797297512,36.956521563077,-0.0017212544510384516,-0.0020545831420412403,0.00033332869100278877,0.03042665968164859,0.02377334100678506,-0.030060079412714828,0.032014950376467725,0.023135050188286283,-0.12950586602036723,0.04375237429993521,0.022347626215644966,-0.5652950956125325,407116.2,1113565.2,0.28411298788896144,0.10387088245932974,-0.06896546630102296,0.03846154397232282,-0.15625001818989315,-0.22857141184563545,-0.06896546630102299,0.03846154397232281,-0.15625001818989318,-0.22857141184563545,50.00001552204518,55.555572802272444,30.0,25.740744860789622,-49.99998447795482,-70.0,0.0012857140973210335,0.0016666665850650695,18.38385224050469,-25.728759775657384,81.98067550441205,56.64937819847274,0.024576475343346445,-0.3333333793245704,SELL,0,2
0.027000000700354576,0.027000000700354576,0.027000000700354576,0.027000000700354576,0,0.0,0.0,EMP,2022-11-24 00:00:00+11:00,Energy,0.0,0.0,0.0,0.0,0.027400000765919686,0.9854014578692044,0.027300000376999378,0.9890110010072544,0.027225000225007533,0.9917355547183326,0.03289000026881695,0.8209182268068665,0.0317450001463294,0.8505276602897266,0.03852500011213124,0.7008436241860639,0.030098082674160143,0.47779225017413784,0.04837035278106977,0.7678555457230327,0.05153397429459186,0.818076480325712,0.06917808278267508,1.0981680193151844,57.142860944175176,54.54545608483097,38.63636075003308,-0.0016516611394687686,-0.001973998741526746,0.0003223376020579775,0.030288867884417755,0.024311132869581,-0.10037235705503882,0.030477124181399647,0.02397287626861542,-0.06918540857297754,0.04371191650275445,0.022068084034879445,-0.544265862083773,57074.8,944815.95,0.0,0.0,-0.09999995653827887,0.08000001192092876,-0.20588237549916144,-0.22857141184563545,-0.09999995653827888,0.08000001192092877,-0.20588237549916147,-0.22857141184563545,50.00001552204518,50.00001552204518,30.0,28.333335920340872,-49.99998447795482,-70.0,0.001214285514184407,0.00161904761833804,15.602849921040495,-18.89105654422534,83.19866406959888,59.30913008093133,0.02468494582306847,-0.3333333793245704,SELL,0,2
0.027000000700354576,0.027000000700354576,0.027000000700354576,0.027000000700354576,80000,0.0,0.0,EMP,2022-11-25 00:00:00+11:00,Energy,0.0,0.0,0.0,0.0,0.02720000073313713,0.9926470578164766,0.027500000409781934,0.9818181926553897,0.027075000293552875,0.9972299319525342,0.03273000027984381,0.8249312700734087,0.03171500016003847,0.851332194990026,0.03843500010669231,0.7024847307247263,0.015971916249998445,0.25354631015188334,0.04837035278106977,0.7678555457230327,0.04491035528242427,0.7129297882131035,0.06917808278267508,1.0981680193151844,25.000011641535693,50.0,32.499995110555915,-0.0015783141159943052,-0.0018948618164202579,0.0003165477004259526,0.03003859055676608,0.024961410262797787,-0.19695960374752083,0.030053430779192293,0.024096569807913457,-0.02518091107377231,0.043660597347145606,0.021799403212542014,-0.5242165221358468,63494.8,926307.0,1.2599456963404876,0.08636445584455262,-0.03571429046593133,0.08000001192092876,-0.09999995653827887,-0.22857141184563545,-0.03571429046593136,0.08000001192092877,-0.09999995653827888,-0.22857141184563545,50.00001552204518,50.00001552204518,42.85715426109392,34.28571808703132,-49.99998447795482,-57.14284573890608,0.0010714283479111536,0.0014285713079429808,12.962975482799893,-8.974340421381546,83.19866406959888,49.30876142885654,0.024791246893196055,-0.2962963371773959,SELL,0,2
0.027000000700354576,0.027000000700354576,0.02500000037252903,0.02500000037252903,375000,0.0,0.0,EMP,2022-11-28 00:00:00+11:00,Energy,-0.07407408429434903,-0.07696105217402534,-0.0020000003278255463,-0.07407408429434897,0.026600000634789466,0.9398496156361802,0.027400000393390654,0.9124087596202902,0.02682500034570694,0.9319664510845017,0.03253000028431416,0.7685213696288817,0.03167500017210841,0.789265990108594,0.03833500009961426,0.6521455669118568,0.03298402287862412,0.5236051306518253,0.053373823984293425,0.8472831886978501,0.0475160203619736,0.7542934390155807,0.06990456464550926,1.1097005613615334,0.0,45.454543915169026,36.11111053622049,-0.001662406199355159,-0.0018483706930072382,0.00018596449365207912,0.03025968105821887,0.024540319728562437,-0.8392545539716043,0.02960225702255793,0.02404774366885595,-0.6571232642591742,0.04365527914542775,0.021404721423200566,-0.6768369589462505,138494.8,940408.45,2.707682887732969,0.3987628992487254,-0.1071428713977941,-0.03846154397232282,-0.1666666356225801,-0.2857142781116525,-0.10714287139779408,-0.03846154397232281,-0.16666663562258016,-0.2857142781116525,16.66667184068173,38.88890096159071,14.285718087031306,29.04762411604175,-83.33332815931827,-85.7142819129687,0.0011428569310477801,0.0013333331083967572,-61.764703776940834,-77.03349264387003,80.29191736702303,49.75579207367517,0.024895421941921087,-0.2000000298023219,SELL,0,2
0.026000000536441803,0.026000000536441803,0.026000000536441803,0.026000000536441803,409792,0.0,0.0,EMP,2022-11-29 00:00:00+11:00,Energy,0.04000000596046438,0.03922071888449703,0.0,0.0,0.026400000602006913,0.9848484827104624,0.027400000393390654,0.9489051154434817,0.026675000414252283,0.9746954126587443,0.03235000029206276,0.8037094374562043,0.03164500018581748,0.8216148011935981,0.038245000103488566,0.6798274406089014,0.041396744672808204,0.6571529489513305,0.05506721909622203,0.8741650027230631,0.04828169731596656,0.7664481838448535,0.07018378757391963,1.1141330879350595,25.000000000000014,50.0,39.47368498447877,-0.001629573417410022,-0.0018046112378877952,0.00017503782047777324,0.03025968105821887,0.024540319728562437,-0.4895651022044978,0.029276113124070507,0.02407388770443406,-0.259504278789077,0.043602664055793924,0.021097336528331595,-0.5643108057745271,196091.8,867843.4,2.08979671765979,0.47219579016214214,-0.037037042147174515,0.0,-0.10344823156610694,-0.2571428449786439,-0.03703704214717449,0.0,-0.10344823156610695,-0.257142844978644,33.33334368136346,33.333343681363466,33.33334368136346,30.158738676496238,-66.66665631863654,-66.66665631863654,0.001214285514184407,0.0013333331083967572,-42.54901497593665,-50.231476786542395,81.02574108503941,50.93176989353204,0.02499751348967162,-0.23076926383393692,SELL,0,2
0.026000000536441803,0.026000000536441803,0.02500000037252903,0.02500000037252903,99000,0.0,0.0,EMP,2022-11-30 00:00:00+11:00,Energy,-0.03846154397232282,-0.03922071888449705,-0.0010000001639127731,-0.03846154397232281,0.026000000536441803,0.9615384560276772,0.027000000514090062,0.9259259220933228,0.026625000406056643,0.938967135821791,0.03215000029653311,0.7776049810868867,0.03160500019788742,0.7910140868849008,0.038140000104904176,0.6554798191863256,0.04334160098839392,0.6880265858320895,0.03873428864267314,0.6148877697570405,0.04317736615183735,0.6854194386272373,0.07035455599895013,1.1168439526415368,20.0,50.0,39.47368498447877,-0.0016650511834641682,-0.00177669922700307,0.00011164804353890187,0.029981424139783764,0.02401857688839636,-0.6708205181998189,0.02931758242267124,0.023932418389442045,-0.6035099482580434,0.04356472373339192,0.020735276859674294,-0.6263839823675715,192758.4,786644.65,0.5135962946361871,0.125850979854754,-0.07407408429434903,-0.13793099683119092,-0.03846154397232282,-0.2857142781116525,-0.07407408429434897,-0.1379309968311909,-0.03846154397232281,-0.2857142781116525,16.66667184068173,22.22222912090898,16.66667184068173,21.428577869692173,-83.33332815931827,-83.33332815931827,0.0011428569310477801,0.0012380950862453098,-87.86008369561958,-89.13220120522013,92.08569277898533,57.335514662198264,0.029999999329447746,-0.2000000298023219,SELL,0,2
0.026000000536441803,0.026000000536441803,0.026000000536441803,0.026000000536441803,200000,0.0,0.0,EMP,2022-12-01 00:00:00+11:00,Energy,0.04000000596046438,0.03922071888449703,0.0,0.0,0.02580000050365925,1.0077519391038068,0.026600000634789466,0.9774436058635676,0.026600000448524952,0.9774436127080434,0.03195000033825636,0.8137715261714682,0.03156500020995736,0.8236971444163005,0.03803500011563301,0.6835809243432965,0.049886240628694574,0.7919195192847139,0.03953333727938567,0.6275722736261597,0.043934845930949484,0.6974440573393824,0.07048207150006544,1.118868198467078,40.0,53.846154948310875,50.0,-0.0015941001189099697,-0.0017401794053844503,0.00014607928647448055,0.028749936386738485,0.024450064882840447,-0.2790781528256061,0.029306716843431814,0.02389328405361809,-0.22167077171887997,0.04343956942686858,0.02046043124964414,-0.5178610055717271,232758.4,673524.55,0.8592600739651072,0.296945374893907,-0.037037042147174515,-0.13333329608042954,-0.018867892699548472,-0.27777773178653753,-0.03703704214717449,-0.13333329608042951,-0.018867892699548517,-0.27777773178653753,20.000007450582153,23.333340990875787,33.33334368136346,27.777786401136225,-79.99999254941785,-66.66665631863654,0.0011428569310477801,0.0011428570640938623,-59.13241723682957,-38.19217841582241,92.24583941789956,65.29323908929717,0.029899999350309372,-0.23076926383393692,SELL,0,2
0.02500000037252903,0.027000000700354576,0.02500000037252903,0.027000000700354576,390443,0.0,0.0,EMP,2022-12-02 00:00:00+11:00,Energy,0.03846154397232282,0.03774033328952825,0.0020000003278255463,0.08000001192092877,0.02580000050365925,1.0465116346228416,0.02650000061839819,1.018867927180698,0.026650000456720592,1.013133217172074,0.03175000034272671,0.8503937136662028,0.031535000223666426,0.8561915493532035,0.037947500115260484,0.7115093383844961,0.05394100556057373,0.856286917092182,0.03775995458832412,0.5994206961467876,0.04450876482820788,0.7065547373885792,0.07059678331800644,1.1206891921233502,50.0,53.846154948310875,51.42857446962505,-0.001440573202050703,-0.0016802581647177009,0.00023968496266699776,0.02844365156860341,0.024556349668192968,0.2572478777136365,0.029346976935053955,0.02395302397838723,0.12977504492374073,0.04322890706258532,0.020271093622868094,-0.41380244288897206,294847.0,685546.7,1.3242223933090722,0.5695352337047207,0.0,-0.03571429046593133,0.03846154397232282,-0.27027026074615346,0.0,-0.03571429046593136,0.03846154397232281,-0.2702702607461535,40.000014901164306,25.555564730809408,50.00001552204518,33.333343681363466,-59.999985098835694,-49.99998447795482,0.001214285514184407,0.00119047611951828,-42.27052564988787,-13.59222670081559,91.68606902700502,80.28078519386405,0.029801999370753764,-0.22222225288304698,SELL,0,2
0.027000000700354576,0.027000000700354576,0.027000000700354576,0.027000000700354576,0,0.0,0.0,EMP,2022-12-05 00:00:00+11:00,Energy,0.0,0.0,0.0,0.0,0.026200000569224356,1.0305343554866153,0.026400000602006913,1.0227272759343062,0.026650000456720592,1.013133217172074,0.03159000035375357,0.8547008672998131,0.0315050002373755,0.8570068400864037,0.037877500113099816,0.7128242523855662,0.03492342087222562,0.5543921193573086,0.03775995458832412,0.5994206961467876,0.043711461850926045,0.6938979450038245,0.07022575194871386,1.1147992517328387,50.0,53.846154948310875,52.94117711510216,-0.001303871791952408,-0.001604980890164642,0.00030110909821223406,0.028086548963877925,0.0247134522401359,0.3557562367687098,0.029346976935053955,0.02395302397838723,0.12977504492374073,0.04310696181778033,0.020073038889726804,-0.39854259022536964,219847.0,647046.7,0.0,0.0,0.08000001192092876,-0.03571429046593133,0.0,-0.22857141184563545,0.08000001192092877,-0.03571429046593136,0.0,-0.22857141184563545,40.000014901164306,33.33334575097027,50.00001552204518,44.44445824181795,-59.999985098835694,-49.99998447795482,0.0011428569310477801,0.0011428570640938623,-1.8893251676870157,31.111123804692408,91.68606902700502,81.32343792708215,0.02970595939078927,-0.22222225288304698,SELL,0,2
0.027000000700354576,0.027000000700354576,0.027000000700354576,0.027000000700354576,82026,0.0,0.0,EMP,2022-12-06 00:00:00+11:00,Energy,0.0,0.0,0.0,0.0,0.026400000602006913,1.0227272759343062,0.026400000602006913,1.0227272759343062,0.02670000046491623,1.0112359636784483,0.03143000036478043,0.8590518735917679,0.031475000251084566,0.8578236849870783,0.037822500122711065,0.7138608133453884,0.032552193132489304,0.5167500459498681,0.03596609512268637,0.5709440599483275,0.04279477903549068,0.6793460564392135,0.07022575194871386,1.1147992517328387,50.0,40.00000745058077,50.0,-0.001181910609773372,-0.0015203668340863883,0.0003384562243130163,0.028086548963877925,0.0247134522401359,0.3557562367687098,0.02938328165935499,0.024016719270477466,0.11180350239107012,0.042975844798233874,0.01988415593132698,-0.38368780126555085,154293.8,643860.1,0.5316221390619714,0.127397240487491,0.03846154397232282,0.0,0.03846154397232282,-0.22857141184563545,0.03846154397232281,0.0,0.03846154397232281,-0.22857141184563545,40.000014901164306,40.000014901164306,50.00001552204518,50.00001552204518,-59.999985098835694,-49.99998447795482,0.0008571427315473557,0.0010476189532450267,6.2780352260362005,28.526657607126662,79.54195319283143,81.32343792708215,0.029611840210424064,-0.18518521073587246,SELL,0,2
0.027000000700354576,0.027000000700354576,0.027000000700354576,0.027000000700354576,0,0.0,0.0,EMP,2022-12-07 00:00:00+11:00,Energy,0.0,0.0,0.0,0.0,0.026800000667572023,1.0074626876045027,0.026400000602006913,1.0227272759343062,0.02675000047311187,1.009345802722284,0.03125000040978193,0.8640000110816954,0.03144500026479363,0.8586420885034701,0.03776750013232231,0.7149003933476482,0.021494463694176028,0.34121403299697883,0.03596609512268637,0.5709440599483275,0.04279477903549068,0.6793460564392135,0.07008133114460936,1.1125066425420118,75.0,33.33334023201937,53.33333416117569,-0.00107288791023398,-0.0014308710493159068,0.00035798313908192683,0.028086548963877925,0.0247134522401359,0.3557562367687098,0.029415570050836948,0.02408443089538679,0.09378867065855,0.0427856591639476,0.01971434165561626,-0.36842280098591046,134493.8,643860.1,0.0,0.0,0.08000001192092876,0.0,0.03846154397232282,-0.24999994825985472,0.08000001192092877,0.0,0.03846154397232281,-0.24999994825985475,66.66666666666667,48.88889882299844,50.00001552204518,50.00001552204518,-33.333333333333336,-49.99998447795482,0.0007142856983201844,0.000999999897820609,24.822695035461084,26.16823545964282,56.740416888300956,81.32343792708215,0.029519603413666162,-0.18518521073587246,SELL,0,2
0.026000000536441803,0.026000000536441803,0.024000000208616257,0.024000000208616257,865000,0.0,0.0,EMP,2022-12-08 00:00:00+11:00,Energy,-0.11111112644152343,-0.11778305290309747,-0.0020000003278255463,-0.07692308794464563,0.026400000602006913,0.9090908962627747,0.02610000055283308,0.9195402184009198,0.02670000046491623,0.8988763966559563,0.031030000410974024,0.773445049653575,0.031375000271946195,0.7649402390627464,0.03768750013783574,0.6368159236043851,0.0565008416248139,0.8969230548306251,0.05042578866382752,0.8004845788127258,0.0490961347109129,0.7793769766776093,0.07164692523768346,1.1373596782880864,33.33333333333333,30.0,44.44444329466344,-0.001214560900987264,-0.0013876090196501783,0.00017304811866291443,0.028301010782836776,0.023898990322829383,-0.9541074891838632,0.02953586074138442,0.023864140188448037,-0.9520921318671524,0.042692621446355335,0.019367379375592714,-0.6027804711334275,267493.8,612362.05,3.2337198095806334,1.4125630417495663,-0.07692308794464564,-0.11111112644152343,-0.04000000596046438,-0.314285711244661,-0.07692308794464563,-0.11111112644152346,-0.04000000596046439,-0.314285711244661,0.0,35.555560522610335,0.0,33.333343681363466,-100.0,-100.0,0.0007857144145028931,0.0011428570640938623,-168.5185185185187,-121.4285770141794,39.565426265753175,75.99221720776961,0.029429211352843418,-0.12500001940255345,SELL,0,2
0.024000000208616257,0.024000000208616257,0.024000000208616257,0.024000000208616257,0,0.0,0.0,EMP,2022-12-09 00:00:00+11:00,Energy,0.0,0.0,0.0,0.0,0.02580000050365925,0.9302325480657376,0.02580000050365925,0.9302325480657376,0.026650000456720592,0.9005628441767602,0.030810000412166118,0.7789678639257416,0.03131500028073788,0.7664058755694426,0.037587500140070916,0.6385101461703906,0.04969040635596392,0.7888107465817429,0.05042578866382752,0.8004845788127258,0.0490961347109129,0.7793769766776093,0.07164692523768346,1.1373596782880864,40.0,30.0,47.058822884897836,-0.0013117171085462523,-0.0013724306374293933,6.071352888314106e-05,0.028258546095258394,0.023341454912060106,-0.732140295137742,0.029642974429732467,0.023657026483708717,-0.8854070473047243,0.04258144611355487,0.019038554710777367,-0.5785185928986143,189405.2,589897.05,0.0,0.0,-0.11111112644152343,-0.11111112644152343,-0.04000000596046438,-0.314285711244661,-0.11111112644152346,-0.11111112644152346,-0.04000000596046439,-0.314285711244661,0.0,22.22222222222224,0.0,16.666671840681737,-100.0,-100.0,0.0007857144145028931,0.0010476189532450267,-181.2672176308541,-157.20339900728607,39.565426265753175,85.70215459046976,0.029212042907074333,-0.12500001940255345,SELL,0,2
0.02500000037252903,0.02500000037252903,0.024000000208616257,0.024000000208616257,512299,0.0,0.0,EMP,2022-12-12 00:00:00+11:00,Energy,0.0,0.0,-0.0010000001639127731,-0.04000000596046439,0.025200000405311583,0.9523809453414773,0.02570000048726797,0.9338521304894951,0.026550000440329312,0.9039547951253659,0.030610000379383565,0.7840574946474267,0.031245000287890436,0.7681228992632748,0.0374825001321733,0.6402988094173507,0.04969040635596392,0.7888107465817429,0.0452247154128718,0.7179201005767714,0.04814855455947219,0.7643346081095311,0.07156933319340936,1.136127942770888,25.000000000000014,33.33333333333333,47.058822884897836,-0.0013728883012657303,-0.001372522170196661,-3.661310690693514e-07,0.028374987945431716,0.023025013029104223,-0.6355171025058503,0.029760181417942042,0.02333981946271658,-0.7943478107609302,0.042499439813627575,0.018720560945139554,-0.5559555778323036,291865.0,561777.15,1.7552601373922876,0.911925663049841,-0.11111112644152343,-0.04000000596046438,-0.07692308794464564,-0.2941176792845164,-0.11111112644152346,-0.04000000596046439,-0.07692308794464563,-0.2941176792845164,0.0,0.0,0.0,0.0,-100.0,-100.0,0.0007857144145028931,0.0010476189532450267,-127.92792792792804,-133.37970058714188,51.336211008627195,86.2941757854601,0.02900356119913601,-0.16666669253673794,SELL,0,2
0.02500000037252903,0.02500000037252903,0.023000000044703484,0.023000000044703484,129584,0.0,0.0,EMP,2022-12-13 00:00:00+11:00,Energy,-0.041666673134184484,-0.0425596211675102,-0.0020000003278255463,-0.08000001192092877,0.024400000274181367,0.9426229420595835,0.02540000043809414,0.9055117971655147,0.0264000004157424,0.8712121091857451,0.030390000343322753,0.7568278968366978,0.031155000273138285,0.738244257520806,0.037350000133737925,0.6157965184028952,0.048511810058314786,0.7701011103834164,0.04392985848955393,0.6973648841617155,0.04891253055523391,0.7764623510639819,0.07175853868966449,1.139131486909554,0.0,30.0,41.176468654693515,-0.0014849410915288436,-0.0013950059544630977,-8.993513706574588e-05,0.02855524350626574,0.02224475736992254,-0.7606388292555252,0.029977709086622256,0.02282229174486254,-0.9503290188808915,0.042429543787059244,0.01835045689958626,-0.6138106758910262,301376.6,510009.75,0.4299736608615268,0.25408141707094817,-0.14814816858869795,-0.11538463191696846,-0.11538463191696846,-0.32352944721296806,-0.14814816858869795,-0.11538463191696843,-0.11538463191696843,-0.32352944721296806,0.0,0.0,0.0,0.0,-100.0,-100.0,0.0009285715807761465,0.0010952380086694444,-140.31531531531536,-154.26752392155257,51.374599554883496,83.97012409531095,0.02880341875951522,-0.13043480373510563,SELL,0,2
0.023000000044703484,0.023000000044703484,0.02199999988079071,0.02199999988079071,439567,0.0,0.0,EMP,2022-12-14 00:00:00+11:00,Energy,-0.04347826791170184,-0.044451769933067604,-0.0010000001639127731,-0.043478267911701875,0.023400000110268594,0.9401709306461276,0.025100000388920306,0.8764940055738802,0.026050000451505184,0.8445297312660713,0.0301900003105402,0.7287181071379412,0.03105500025674701,0.7084205345002691,0.03721500013954938,0.5911594732848253,0.04546664998834929,0.72176069289834,0.04430185581108628,0.7032701585686559,0.040518106855396654,0.6432050060071253,0.07155750389480699,1.135940158477171,0.0,27.272727272727266,38.88888658932687,-0.0016355814264171556,-0.0014431210488539095,-0.00019246037756324606,0.02892390245562707,0.021276098322213544,-0.8106903508643963,0.029914821780373378,0.02218517912263699,-1.0479140498586794,0.04245058900667637,0.017929411614404027,-0.6679940607036677,389290.0,280914.6,1.1291505047650852,1.5647709303824011,-0.18518521073587246,-0.12000001788139314,-0.24137929262644275,-0.3125000363797863,-0.18518521073587244,-0.12000001788139317,-0.24137929262644278,-0.31250003637978635,0.0,0.0,0.0,0.0,-100.0,-100.0,0.0010000001639127731,0.0010952380086694444,-173.67424242424246,-192.1111196296077,45.43804273778982,81.09149640548671,0.028455213636626515,-0.09090910630285254,SELL,0,2
0.02199999988079071,0.02199999988079071,0.019999999552965164,0.019999999552965164,800475,0.0,0.0,EMP,2022-12-15 00:00:00+11:00,Energy,-0.09090910630285254,-0.0953101967374628,-0.0020000003278255463,-0.09090910630285255,0.022599999979138374,0.8849557332489726,0.024500000290572643,0.8163265026842047,0.025550000462681056,0.7827788332989521,0.029950000271201135,0.6677796117483331,0.03096500026062131,0.6458905016835891,0.03706500013358891,0.5395925935756529,0.03772244531403531,0.5988252548770275,0.04658392697872596,0.7394969152710081,0.04245362693423468,0.6739304347241905,0.07257563082214705,1.1521024223942116,0.0,23.07692307692308,23.529414342761314,-0.0018945095619377593,-0.0015333987514706798,-0.0003611108104670795,0.02942160878403184,0.019578391797113445,-0.9143353729960366,0.029828466210917635,0.021271534714444477,-1.2971941897637933,0.04253157066415065,0.017368429878251622,-0.7908393314567292,376385.0,233428.0,2.126745220983833,3.4292158609935397,-0.16666669253673794,-0.23076926383393692,-0.33333333333333337,-0.3750000436557436,-0.16666669253673796,-0.23076926383393687,-0.3333333333333333,-0.37500004365574363,0.0,0.0,0.0,0.0,-100.0,-100.0,0.0011428573301860265,0.000999999986517997,-195.69892473118279,-222.29730117497297,38.03216125534293,55.99238935010902,0.02793879653615965,0.0,HOLD,0,1
0.019999999552965164,0.019999999552965164,0.017000000923871994,0.01899999938905239,1931751,0.0,0.0,EMP,2022-12-16 00:00:00+11:00,Energy,-0.0500000093132259,-0.05129330419094627,-0.0010000001639127731,-0.05000000931322596,0.0215999998152256,0.8796296088696955,0.023700000159442423,0.8016877325413231,0.025100000388920306,0.7569720754840868,0.029530000276863574,0.6434134510976852,0.030865000262856483,0.6155839697794315,0.03692000012844801,0.5146262005132632,0.03229106170487604,0.5126047130480603,0.041323364819651646,0.6559880798951624,0.04162801266894893,0.6608242145753102,0.06263019798914127,0.9942235706520324,0.0,25.0,17.64706075707099,-0.002155555726068733,-0.0016578301463902904,-0.0004977255796784425,0.02936078234474477,0.018039217974140077,-0.830274088728076,0.03012205782583703,0.02007794295200358,-1.2146418228965918,0.04214422931410862,0.01691577123961853,-0.8347716579998726,762735.2,327620.55,2.5326627117772986,5.896305955166732,-0.20833336567092242,-0.2962963371773959,-0.3214286141933822,-0.525000004656613,-0.20833336567092245,-0.2962963371773959,-0.3214286141933822,-0.525000004656613,19.999985098838472,6.666661699612834,18.181804327432697,6.060601442477576,-80.00001490116152,-81.8181956725673,0.001214285780276571,0.0010476190419424149,-204.16665192072796,-242.5061259583198,30.173719270622357,26.55777496915833,0.0271449168378402,0.1578947678001974,BUY,0,0
0.01899999938905239,0.019999999552965164,0.01899999938905239,0.019999999552965164,647424,0.0,0.0,EMP,2022-12-19 00:00:00+11:00,Energy,0.05263158926673239,0.05129330419094626,0.0010000001639127731,0.05263158926673246,0.020799999684095384,0.9615384546499808,0.023000000044703484,0.8695651962648944,0.024700000323355197,0.8097165704914617,0.029190000258386136,0.6851661314123925,0.030770000256597995,0.6499837304576094,0.036760000120848416,0.5440696269645052,0.052787194754103345,0.8379707383685449,0.04877472931351405,0.774274824168302,0.044418969481912055,0.7051292804574412,0.06264496635241369,0.9944580111509742,16.666666666666657,25.0,25.0,-0.0022557422435678376,-0.0017774125658257998,-0.00047832967774203783,0.02857773446919274,0.017422265620214226,-0.5378528742004464,0.03001532165333029,0.019384678993380103,-0.884236432496557,0.041898490090413486,0.016481510426358786,-0.7231386912912938,789760.2,359991.75,0.8197728880234786,1.7984412142778272,-0.16666669253673794,-0.2592592950302214,-0.28571432372745087,-0.459459478507693,-0.16666669253673796,-0.25925929503022144,-0.28571432372745087,-0.45945947850769303,29.999986961483664,16.666657353440723,27.272714957717955,15.151506428383561,-70.00001303851634,-72.72728504228205,0.001214285780276571,0.0010000000752153852,-133.74870643132655,-170.1741693936967,31.28981146331813,32.750928227469814,0.025927526928164017,0.1000000186264518,BUY,0,0
0.019999999552965164,0.019999999552965164,0.019999999552965164,0.019999999552965164,102576,0.0,0.0,EMP,2022-12-20 00:00:00+11:00,Energy,0.0,0.0,0.0,0.0,0.020199999585747717,0.9900990080750465,0.022299999929964544,0.8968609693173646,0.024350000265985727,0.8213552088088871,0.02883000027388334,0.6937217954549539,0.030690000243484974,0.6516780512965575,0.03661000011488795,0.5462988115324232,0.054664871364473525,0.8677779304903982,0.04877472931351405,0.774274824168302,0.04429039615648042,0.7030882421914691,0.062432882332352856,0.9910912817061833,16.666666666666657,27.272727272727266,25.0,-0.002308529489544995,-0.001883635950569639,-0.00042489353897535585,0.027381557829606204,0.017218442030322884,-0.45261717418620206,0.029942289105347082,0.01875771142662437,-0.7778569451568846,0.04153964640581773,0.01612035414194895,-0.6947479598768547,784358.6,359030.2,0.1307769175986596,0.2857029854313091,-0.13043480373510563,-0.2592592950302214,-0.2592592950302214,-0.4736842053666338,-0.13043480373510563,-0.25925929503022144,-0.25925929503022144,-0.47368420536663375,29.999986961483664,26.66665300726861,27.272714957717955,24.242411414289545,-70.00001303851634,-72.72728504228205,0.0011428571971399443,0.0010000000752153852,-100.65359808929438,-137.16216528726272,32.98357498606596,33.61974024542144,0.024856223807648976,0.1000000186264518,BUY,0,0
0.019999999552965164,0.019999999552965164,0.019999999552965164,0.019999999552965164,587424,0.0,0.0,EMP,2022-12-21 00:00:00+11:00,Energy,0.0,0.0,0.0,0.0,0.01979999952018261,1.0101010120014744,0.0215999998152256,0.9259259131505819,0.024000000208616257,0.8333333074632621,0.028530000261962413,0.7010164517814652,0.030610000230371952,0.6533812284366042,0.03646000010892749,0.5485463382669608,0.054717379316758345,0.8686114683919914,0.04877472931351405,0.774274824168302,0.04429039615648042,0.7030882421914691,0.061667949519419285,0.9789483497500114,16.666666666666657,20.0,26.66666666666667,-0.002323578990073589,-0.001971624558470429,-0.0003519544316031597,0.025622161308909132,0.01757783832154207,-0.3977961264790345,0.0297674232726247,0.018232577144607815,-0.6935507611038741,0.04135282763556674,0.015707172888358087,-0.6652199597224695,813930.0,382618.05,0.7217131694371752,1.535275191538925,-0.09090910630285254,-0.2592592950302214,-0.2592592950302214,-0.428571443776695,-0.09090910630285255,-0.25925929503022144,-0.25925929503022144,-0.42857144377669504,29.999986961483664,29.999986961483664,29.999986961483664,28.181805625639868,-70.00001303851634,-70.00001303851634,0.0010714286140033177,0.0009523810197909673,-83.50877471089275,-118.9600533826227,30.181226738728284,34.339728639159276,0.023913477061595738,0.15000002793967782,BUY,0,0
0.019999999552965164,0.019999999552965164,0.019999999552965164,0.019999999552965164,0,0.0,0.0,EMP,2022-12-22 00:00:00+11:00,Energy,0.0,0.0,0.0,0.0,0.01979999952018261,1.0101010120014744,0.02119999974966049,0.9433962164686089,0.023650000151246787,0.8456659376347108,0.0280900002643466,0.7119971293966231,0.03053000021725893,0.6550933314982079,0.036310000102967026,0.5508124344877346,0.03629290590960679,0.576132020356116,0.03965614277731878,0.6295217504691345,0.04429039615648042,0.7030882421914691,0.053805019969040725,0.8541282127496759,20.0,11.111111111111114,26.66666666666667,-0.0023088903766407404,-0.0020390777221044915,-0.0002698126545362489,0.024947592183287175,0.017452407316033806,-0.320205630134129,0.029499877402106082,0.017800122900387492,-0.6239448182857974,0.04053037260018361,0.015649627928509588,-0.650302136703461,653835.0,382618.05,0.0,0.0,0.0,-0.16666669253673794,-0.2592592950302214,-0.523809528033209,0.0,-0.16666669253673796,-0.25925929503022144,-0.523809528033209,29.999986961483664,29.999986961483664,29.999986961483664,29.09089629356177,-70.00001303851634,-70.00001303851634,0.0009285714477300644,0.0009523810197909673,-71.55963538960106,-104.09392162818891,23.888304287776137,35.04369089334277,0.023083859925068888,0.05000000931322601,BUY,0,0
0.019999999552965164,0.019999999552965164,0.019999999552965164,0.019999999552965164,35000,0.0,0.0,EMP,2022-12-23 00:00:00+11:00,Energy,0.0,0.0,0.0,0.0,0.019999999552965164,1.0,0.020799999684095384,0.9615384546499808,0.023300000093877317,0.8583690760679733,0.027670000232756137,0.7228044591517163,0.030420000217854976,0.6574621765198474,0.03616000009700656,0.5530973312862582,0.023537562272852062,0.37364721745597673,0.03965614277731878,0.6295217504691345,0.04429039615648042,0.7030882421914691,0.05381478847695852,0.8542832830054597,25.000000000000014,11.111111111111114,26.66666666666667,-0.0022710700626789315,-0.0020854761902193795,-0.00018559387245955204,0.024038655628683875,0.017561343739506893,-0.24701609087774504,0.029143576020947942,0.01745642416680669,-0.564722796810897,0.039743939346105414,0.015596061119406857,-0.6352525557554625,274484.8,380368.05,0.12751161448648524,0.09201614068268878,0.05263158926673239,-0.16666669253673794,-0.2592592950302214,-0.5121951463284903,0.05263158926673246,-0.16666669253673796,-0.25925929503022144,-0.5121951463284903,29.999986961483664,29.999986961483664,29.999986961483664,29.999986961483664,-70.00001303851634,-70.00001303851634,0.0009285714477300644,0.0009523810197909673,-62.745100402433,-91.7633431124386,23.888304287776137,35.04369089334277,0.02235379684492526,0.0,HOLD,0,1
0.019999999552965164,0.019999999552965164,0.019999999552965164,0.019999999552965164,15000,0.0,0.0,EMP,2022-12-28 00:00:00+11:00,Energy,0.0,0.0,0.0,0.0,0.019999999552965164,1.0,0.020399999618530274,0.9803921532821123,0.023050000052899124,0.8676789373998138,0.027250000201165678,0.7339449323053444,0.03033000022172928,0.6594131027614234,0.03603000009432435,0.5550929642133328,0.0,0.0,0.03965614277731878,0.6295217504691345,0.04203606656645128,0.6673018693811212,0.05381478847695852,0.8542832830054597,50.0,11.111111111111114,26.66666666666667,-0.0022155576222509694,-0.0021114924766256976,-0.0001040651456252718,0.02274757558488317,0.01805242365217738,-0.17038855027406621,0.029013927677617225,0.017086072428181023,-0.5114080337415438,0.03888430926336839,0.01561569113896297,-0.6231569583924979,148000.0,362368.05,0.10135135135135136,0.0413943778983826,0.0,-0.16666669253673794,-0.2000000298023219,-0.5121951463284903,0.0,-0.16666669253673796,-0.20000002980232195,-0.5121951463284903,29.999986961483664,29.999986961483664,29.999986961483664,29.999986961483664,-70.00001303851634,-70.00001303851634,0.0009285714477300644,0.0009523810197909673,-54.5171362593624,-81.48779280252425,23.888304287776137,35.04369089334277,0.02171134133439887,0.0,HOLD,0,1
0.020999999716877937,0.020999999716877937,0.01899999938905239,0.01899999938905239,533810,0.0,0.0,EMP,2022-12-29 00:00:00+11:00,Energy,-0.0500000093132259,-0.05129330419094627,-0.0020000003278255463,-0.09523811213283605,0.01979999952018261,0.9595959519941017,0.019999999552965164,0.9499999906867741,0.02269999999552965,0.8370043785371847,0.02685000017285347,0.707634982001312,0.03023000022396445,0.6285146956099055,0.03588750009424985,0.529432235155792,0.022360683939998686,0.35496485310331477,0.04030631909029703,0.6398429794640466,0.04118493894526883,0.6537906372633608,0.053831726145851265,0.854552160163536,50.0,10.0,28.57142857142857,-0.0022265885424300746,-0.0021345116897865733,-9.207685264350134e-05,0.02163299298249011,0.018367006123440218,-0.6123724356953978,0.028755881123252027,0.016644118867807273,-0.6109764257986408,0.038207367837051295,0.015492632508655648,-0.6911813560942363,234246.8,368568.95,2.2788358261457575,1.448331445174641,-0.0500000093132259,-0.17391307164680747,-0.26923080780625974,-0.5128205385375064,-0.05000000931322596,-0.1739130716468075,-0.2692308078062597,-0.5128205385375064,22.222206125288142,27.4073933494185,19.999985098838472,26.66665300726861,-77.77779387471186,-80.00001490116152,0.0010714286140033177,0.0009523810197909673,-58.661666195553806,-80.57554120352586,21.87511557825688,34.84395701322809,0.02114598048513564,0.10526317853346501,BUY,0,0
0.019999999552965164,0.019999999552965164,0.01899999938905239,0.01899999938905239,978708,0.0,0.0,EMP,2022-12-30 00:00:00+11:00,Energy,0.0,0.0,-0.0010000001639127731,-0.05000000931322596,0.019599999487400054,0.9693877492836989,0.01969999950379133,0.964466998356816,0.02239999994635582,0.8482142604711673,0.02641000013798475,0.719424433539674,0.030130000226199626,0.6306007051580069,0.035737500097602605,0.5316544060765732,0.022360683939998686,0.35496485310331477,0.03961268592155726,0.6288318942704999,0.04091541437081626,0.6495120672860286,0.053069535364073786,0.8424527566025213,0.0,14.285714285714292,23.07692307692308,-0.0022098567728560947,-0.0021495807064004775,-6.027606645561722e-05,0.020666091445227193,0.01873390756235547,-0.724568837308132,0.02856953561549816,0.01623046427721348,-0.5510950482560515,0.037221351076983905,0.015598649198985598,-0.6853908258775228,312503.6,412554.35,3.1318295213239145,2.3723128843508743,-0.0500000093132259,-0.13636365945427886,-0.24000003576278628,-0.5365853935551026,-0.05000000931322596,-0.13636365945427883,-0.24000003576278633,-0.5365853935551026,24.99998253770052,25.740725208157453,19.999985098838472,23.333319053053543,-75.00001746229948,-80.00001490116152,0.0009285714477300644,0.0009523810197909673,-66.81351255587441,-80.56167555309983,22.30757719043946,26.46214754609875,0.020648462937784003,0.10526317853346501,BUY,0,0
0.01899999938905239,0.01899999938905239,0.01899999938905239,0.01899999938905239,110000,0.0,0.0,EMP,2023-01-03 00:00:00+11:00,Energy,0.0,0.0,0.0,0.0,0.0193999994546175,0.9793814393396849,0.019599999487400054,0.9693877492836989,0.02204999988898635,0.8616779811660049,0.025950000137090683,0.732177236557908,0.0300300002284348,0.6327006075431753,0.035602500094100833,0.5336703697446405,0.022360683939998686,0.35496485310331477,0.028955347311539367,0.4596518886710151,0.039137451886637,0.621287787844783,0.052822871116999966,0.8385370830719914,0.0,14.285714285714292,25.000000000000014,-0.0021715642836131616,-0.0021539774218430146,-1.7586861770146987e-05,0.02063279521567875,0.018567203759121357,-0.5809475019301729,0.028153494280834267,0.015946505497138434,-0.4997138203334253,0.03598310887790712,0.015916891396274245,-0.6927066104411362,334503.6,408054.35,0.32884548925631896,0.2695719332485979,-0.0500000093132259,-0.0500000093132259,-0.26923080780625974,-0.547619056066418,-0.05000000931322596,-0.05000000931322596,-0.2692308078062597,-0.547619056066418,24.99998253770052,24.074057066896405,19.999985098838472,19.999985098838472,-75.00001746229948,-80.00001490116152,0.0009285714477300644,0.0009047619643665495,-79.85740141947824,-81.24312577876526,21.932332246657893,26.53082291720429,0.02021064749611456,0.10526317853346501,BUY,0,0
0.01899999938905239,0.01899999938905239,0.01899999938905239,0.01899999938905239,52631,0.0,0.0,EMP,2023-01-04 00:00:00+11:00,Energy,0.0,0.0,0.0,0.0,0.019199999421834944,0.989583331312234,0.019599999487400054,0.9693877492836989,0.02164999982342124,0.8775981313633986,0.025490000136196612,0.7453903212056789,0.029940000213682653,0.6346025134752452,0.03546250009909272,0.5357772107426372,0.022360683939998686,0.35496485310331477,0.024196860675072086,0.38411325512831523,0.03728345825396103,0.591856551338636,0.052822871116999966,0.8385370830719914,0.0,14.285714285714292,18.181818181818187,-0.002116815874279091,-0.00214654511233023,2.9729238051138737e-05,0.02063279521567875,0.018567203759121357,-0.5809475019301729,0.027427452403140092,0.01587254724370239,-0.45867973779160054,0.03458471761055537,0.016395282661837856,-0.7136011388415134,338029.8,391163.75,0.1556992904175904,0.13454978893110622,-0.0500000093132259,0.0,-0.2962963371773959,-0.547619056066418,-0.05000000931322596,0.0,-0.2962963371773959,-0.547619056066418,24.99998253770052,24.99998253770052,19.999985098838472,19.999985098838472,-75.00001746229948,-80.00001490116152,0.0008571428645934377,0.0008571429089421318,-85.49618834725717,-74.88738882840592,13.226096444946322,24.079725017697882,0.019825369907445455,0.05263158926673239,BUY,0,0
0.01899999938905239,0.01899999938905239,0.01899999938905239,0.01899999938905239,359381,0.0,0.0,EMP,2023-01-05 00:00:00+11:00,Energy,0.0,0.0,0.0,0.0,0.01899999938905239,1.0,0.019499999471008778,0.9743589694604992,0.02124999975785613,0.8941176284968232,0.025030000135302544,0.7590890645763367,0.029850000198930502,0.6365158881886086,0.035312500102445486,0.5380530784830098,0.022360683939998686,0.35496485310331477,0.01581139124594297,0.2509980547122528,0.03728345825396103,0.591856551338636,0.052822871116999966,0.8385370830719914,0.0,16.666666666666657,10.0,-0.002049798563555482,-0.0021271958025752802,7.73972390197982e-05,0.020554092197179106,0.01844590674483845,-0.474341649024521,0.026556401925778066,0.015943597589934196,-0.4240161784957346,0.032969594200887735,0.017090406069717352,-0.7594847666567331,406906.0,409132.8,0.883203983229542,0.8783969410421262,-0.0500000093132259,-0.0500000093132259,-0.2962963371773959,-0.547619056066418,-0.05000000931322596,-0.05000000931322596,-0.2962963371773959,-0.547619056066418,33.33331263727309,27.777759237558055,19.999985098838472,19.999985098838472,-66.66668736272692,-80.00001490116152,0.0007142856983201844,0.0007619047980932962,-87.17949820105542,-70.0000013969837,13.599205789700648,18.717927811812544,0.01948632562941664,0.05263158926673239,BUY,0,0
0.01899999938905239,0.01899999938905239,0.01899999938905239,0.01899999938905239,648906,0.0,0.0,EMP,2023-01-06 00:00:00+11:00,Energy,0.0,0.0,0.0,0.0,0.01899999938905239,1.0,0.0193999994546175,0.9793814393396849,0.02084999969229102,0.9112709673601271,0.02475000012665987,0.767676739063376,0.02976000018417835,0.6384408357347248,0.035162500105798244,0.5403483635089793,0.0,0.0,0.01581139124594297,0.2509980547122528,0.03728345825396103,0.591856551338636,0.044264621523370705,0.7026790825754157,0.0,20.0,10.0,-0.0019739325957400557,-0.0020965431612082353,0.00012261056546817965,0.0204327951828962,0.018367203726338804,-0.38729833462011637,0.025496447880079057,0.016203551504502985,-0.3981536495125175,0.03252817550349406,0.01697182474982568,-0.7392480188519224,429925.2,437476.8,1.5093462769802746,1.4832923711611679,0.0,-0.0500000093132259,-0.2962963371773959,-0.4242424396361859,0.0,-0.05000000931322596,-0.2962963371773959,-0.4242424396361859,39.99997764825355,32.777757607742394,19.999985098838472,19.999985098838472,-60.00002235174645,-80.00001490116152,0.0006428571151835578,0.0007619047980932962,-77.77779186259396,-66.66666810389269,14.949133835357657,18.717927811812544,0.019187966664751283,0.05263158926673239,BUY,0,0
0.01899999938905239,0.01899999938905239,0.017999999225139618,0.017999999225139618,1593256,0.0,0.0,EMP,2023-01-09 00:00:00+11:00,Energy,-0.052631589266732504,-0.05406723216293791,-0.0010000001639127731,-0.05263158926673246,0.018799999356269838,0.957446800078564,0.019199999421834944,0.9374999878734037,0.020399999618530274,0.8823529196926737,0.024470000080764293,0.7355945715459682,0.029660000167787075,0.6068779205432686,0.03501250009983778,0.5141020827936539,0.023537562272852006,0.37364721745597584,0.021645529734430593,0.34361213204134394,0.03789316379655347,0.6015353267706998,0.044585099803730405,0.707766517557992,0.0,25.000000000000014,9.090909090909093,-0.0019717705816584517,-0.0020715886452982784,9.98180636398267e-05,0.02046491069323874,0.01793508815043115,-0.9486832980494907,0.024205812971102508,0.01659418626595804,-0.630614318426459,0.0321906595643062,0.01674934059722238,-0.8380114249847104,552834.8,517139.6,2.8819748684417115,3.080901172526722,-0.052631589266732504,-0.10000001862645191,-0.3333333793245704,-0.43750005093170086,-0.05263158926673246,-0.10000001862645191,-0.3333333793245704,-0.43750005093170086,24.999965075392915,32.77775178697319,9.999983236193282,16.66665114462342,-75.00003492460709,-90.00001676380671,0.0005714285320469312,0.000809523853517714,-142.85716144135637,-85.62691304343012,13.251854966870326,15.589967017457425,0.017000000923871994,0.11111113410673124,BUY,0,0
0.017999999225139618,0.017999999225139618,0.017999999225139618,0.017999999225139618,0,0.0,0.0,EMP,2023-01-10 00:00:00+11:00,Energy,0.0,0.0,0.0,0.0,0.01859999932348728,0.9677419290230829,0.01899999938905239,0.9473684107332675,0.02009999956935644,0.8955223686960476,0.024150000028312205,0.7453415819477165,0.029565000161528587,0.6088279765532385,0.03485250009223819,0.5164622100997656,0.023537562272852006,0.37364721745597584,0.021645529734430593,0.34361213204134394,0.03130563671501197,0.49696157629472826,0.04335742755774038,0.6882778248316778,0.0,33.33333333333333,9.090909090909093,-0.0019476063759630777,-0.0020467921914312385,9.918581546816078e-05,0.02033333294093738,0.017666665837167403,-0.7499999999992737,0.023648164984239,0.016551834154473883,-0.5918552543825896,0.03157925887430617,0.01672074118231824,-0.8278081206564525,530834.8,473889.6,0.0,0.0,-0.052631589266732504,-0.10000001862645191,-0.2500000388051069,-0.47058828685522625,-0.05263158926673246,-0.10000001862645191,-0.25000003880510696,-0.47058828685522625,0.0,21.66664757454883,11.111092714615019,13.703687016548933,-100.0,-88.88890728538499,0.0003571429156831333,0.000809523853517714,-165.217391304348,-100.65359703897555,19.580716360268767,15.589967017457425,0.017040000893175603,0.05555556705336562,BUY,0,0
0.01899999938905239,0.01899999938905239,0.017999999225139618,0.01899999938905239,581578,0.0,0.0,EMP,2023-01-11 00:00:00+11:00,Energy,0.05555556705336562,0.05406723216293787,0.0,0.0,0.01859999932348728,1.0215053806512782,0.018899999372661114,1.0052910063338905,0.019849999528378248,0.9571788332734886,0.023930000029504298,0.7939824222994775,0.029485000148415565,0.6443954313520122,0.03470250009559095,0.5475109671267285,0.038258317037422135,0.6073319547653063,0.030064543303175376,0.4772598291656065,0.03485801947212936,0.5533539043170077,0.04160332464466622,0.6604323043396287,50.0,33.33333333333333,22.222222222222214,-0.001826707268670666,-0.002002775206879124,0.0001760679382084582,0.02003529198314665,0.017764706762175578,0.08808303292708737,0.02291250674356757,0.016787492313188924,-0.2775504119990488,0.0313034500875794,0.016556549971429198,-0.6686151803595349,636624.2,502968.5,0.9135342325975042,1.1562910997408387,0.0,-0.0500000093132259,-0.20833336567092242,-0.36666667287548393,0.0,-0.05000000931322596,-0.20833336567092245,-0.366666672875484,33.333333333333336,19.44443280290876,24.99998253770052,15.37035282950295,-66.66666666666667,-75.00001746229948,0.0003571429156831333,0.0007142857426688785,-72.22222222222227,-73.51955529447547,17.531058297086915,23.191371139118573,0.017079200863093138,0.0,HOLD,0,1
0.019999999552965164,0.019999999552965164,0.019999999552965164,0.019999999552965164,996,0.0,0.0,EMP,2023-01-12 00:00:00+11:00,Energy,0.05263158926673239,0.05129330419094626,0.0,0.0,0.018799999356269838,1.063829799882154,0.018899999372661114,1.058201069672796,0.019649999495595694,1.017811708211388,0.023730000033974647,0.8428149820619816,0.02941500013694167,0.6799251898641874,0.03456250009126961,0.5786618300224499,0.044747360821563525,0.710342331361992,0.03515600773259332,0.558084321301834,0.03761204141669402,0.5970726473402033,0.042472635875915536,0.674232192318435,66.66666666666666,50.0,30.0,-0.0016313964761645282,-0.001928499460736205,0.00029710298457167683,0.02003529198314665,0.017764706762175578,0.9689133621979672,0.022014206660078074,0.017285792331113315,0.1480411964854608,0.03097275936202959,0.016487240705919705,-0.5149971595164382,564947.2,477403.35,0.0017629966127808052,0.0020862861561402953,0.05263158926673239,0.0,-0.16666669253673794,-0.33333333333333337,0.05263158926673246,0.0,-0.16666669253673796,-0.3333333333333333,66.66666666666667,33.33333333333334,37.49998544808377,24.53702023346645,-33.333333333333336,-62.50001455191623,0.0004285714988197599,0.0007619047980932962,83.33333333333327,1.963532584463126,15.190918686596646,23.20068172114088,0.017117616833612324,0.0,HOLD,0,1
0.019999999552965164,0.019999999552965164,0.019999999552965164,0.019999999552965164,75000,0.0,0.0,EMP,2023-01-13 00:00:00+11:00,Energy,0.0,0.0,0.0,0.0,0.01899999938905239,1.0526315892667324,0.01899999938905239,1.0526315892667324,0.019499999471008778,1.025641030539501,0.02355000004172325,0.849256879725325,0.029345000125467778,0.6815470937963184,0.03443750008009374,0.5807622361219527,0.044747360821563525,0.710342331361992,0.03040092707841339,0.4825997560517475,0.03681759866950139,0.5844612597004994,0.042315066241494156,0.671730851917309,66.66666666666666,50.0,30.0,-0.0014597837871507292,-0.0018347563260191102,0.000374972538868381,0.02033333294093738,0.017666665837167403,0.7499999999992737,0.021277046395568638,0.017722952546448918,0.28136571693526136,0.03070499062636152,0.016395009457084983,-0.49615725510246245,450166.0,474674.15,0.16660520785665733,0.1580031269872185,0.05263158926673239,0.05263158926673239,-0.13043480373510563,-0.3103448231566107,0.05263158926673246,0.05263158926673246,-0.13043480373510563,-0.3103448231566107,66.66666666666667,55.55555555555557,37.49998544808377,33.33331781128936,-33.333333333333336,-62.50001455191623,0.0004285714988197599,0.0007142857426688785,83.33333333333327,18.421050946083042,15.190918686596646,16.896606756303868,0.01723291214238644,-0.10000001862645191,SELL,0,2
0.019999999552965164,0.019999999552965164,0.019999999552965164,0.019999999552965164,1128235,0.0,0.0,EMP,2023-01-16 00:00:00+11:00,Energy,0.0,0.0,0.0,0.0,0.0193999994546175,1.0309278409904725,0.019099999405443668,1.0471204280385993,0.0193999994546175,1.0309278409904725,0.02343000002205372,0.853606467526247,0.029285000115633012,0.6829434684648917,0.034297500075772404,0.5831328670830173,0.029646302724105015,0.47062046580311157,0.03040092707841339,0.4825997560517475,0.03577634830571637,0.5679319226097151,0.03994122818920815,0.6340473410827647,66.66666666666666,50.0,33.33333333333333,-0.0013086936884971721,-0.0017295437985147227,0.0004208501100175506,0.020575729222081007,0.017624269588806328,0.6098678344605624,0.020761113772481472,0.01803888513675353,0.4408153602331195,0.03061845537298878,0.016241544671118657,-0.47715403402239775,357161.8,509107.55,3.158890452450402,2.216103453975491,0.11111113410673124,0.05263158926673239,-0.09090910630285254,-0.23076926383393692,0.11111113410673122,0.05263158926673246,-0.09090910630285255,-0.23076926383393687,66.66666666666667,66.66666666666667,49.99998447795482,41.66665179137413,-33.333333333333336,-50.00001552204518,0.0004285714988197599,0.000619047631820043,83.33333333333327,39.65141521225839,15.190918686596646,17.244853343856363,0.01734359563880959,-0.0500000093132259,SELL,0,2
0.019999999552965164,0.019999999552965164,0.019999999552965164,0.019999999552965164,375294,0.0,0.0,EMP,2023-01-17 00:00:00+11:00,Energy,0.0,0.0,0.0,0.0,0.01979999952018261,1.0101010120014744,0.019199999421834944,1.0416666747510643,0.0193999994546175,1.0309278409904725,0.02330000001937151,0.8583690788127579,0.029225000105798246,0.6843455767515005,0.034162500081583856,0.5854372339613008,0.029646302724105015,0.47062046580311157,0.03040092707841339,0.4825997560517475,0.0293735684966423,0.46629094416382155,0.03980093647082865,0.6318202790957603,66.66666666666666,50.0,37.5,-0.001175404366891137,-0.0016187159121900058,0.00044331154529886883,0.020777620955921547,0.01762237788774834,0.5070925528367592,0.020761113772481472,0.01803888513675353,0.4408153602331195,0.03049693906152379,0.016103060977219228,-0.45852833365383944,432220.6,487848.5,0.8682927190420818,0.7692839067866356,0.11111113410673124,0.05263158926673239,0.0,-0.24528302682511283,0.11111113410673122,0.05263158926673246,0.0,-0.24528302682511288,66.66666666666667,66.66666666666667,59.999985098835694,49.1666516749581,-33.333333333333336,-40.000014901164306,0.0004285714988197599,0.0005714285763956251,83.33333333333327,58.333333333333314,15.190918686596646,18.462940584548306,0.017449851795375813,-0.0500000093132259,SELL,0,2
0.019999999552965164,0.02199999988079071,0.019999999552965164,0.020999999716877937,964549,0.0,0.0,EMP,2023-01-18 00:00:00+11:00,Energy,0.05000000931322601,0.04879017303917102,0.0010000001639127731,0.05000000931322596,0.020199999585747717,1.0396039676998146,0.0193999994546175,1.0824742426412601,0.019499999471008778,1.0769230916185026,0.023200000002980233,0.9051724014732894,0.029125000108033417,0.7210300305230077,0.03403250008821487,0.6170572147930453,0.02812221592731052,0.4464263379583399,0.033353980887210324,0.52947803196936,0.02884755979816106,0.45794081494199285,0.04049085143573114,0.6427723396332434,100.0,60.0,57.14285714285714,-0.0009778083968091378,-0.0014905344091138324,0.0005127260123046946,0.021332183337486554,0.01746781557174845,0.8280786712104412,0.02102177154095425,0.017978227401063307,0.9856931110076875,0.030382746679292746,0.01601725332666772,-0.30628955540886954,508814.8,439488.4,1.8956779559085153,2.194708665803238,0.10526317853346501,0.10526317853346501,0.10526317853346501,-0.1923077198616141,0.10526317853346492,0.10526317853346492,0.10526317853346492,-0.19230771986161407,75.0,69.44444444444446,79.99999254941785,63.33332070873613,-25.0,-20.000007450582153,0.0005714286650930132,0.0005714285763956251,169.4736842105261,164.19753670678742,33.89347812660951,32.17761012387007,0.017551857705679387,-0.1428571681992541,SELL,0,2
0.020999999716877937,0.023000000044703484,0.020999999716877937,0.020999999716877937,1578376,0.0,0.0,EMP,2023-01-19 00:00:00+11:00,Energy,0.0,0.0,0.0,0.0,0.020399999618530274,1.0294117700768315,0.019599999487400054,1.0714285850047027,0.019549999479204418,1.0741688120869723,0.0230799999833107,0.9098786712332398,0.02895500011742115,0.7252633269458361,0.03390750008635223,0.6193319962662313,0.022360683939998828,0.35496485310331705,0.033353980887210324,0.52947803196936,0.026628309252431526,0.4227113046963245,0.04004118405288949,0.6356340912270657,100.0,75.0,66.66666666666666,-0.0008118536237043325,-0.0013547982520319326,0.0005429446283276001,0.02174993523934901,0.017450063735451098,0.651182356593101,0.02120115564481584,0.017898843313592996,0.8781726815867754,0.030203861330033065,0.015956138636588336,-0.29197652301160465,824290.8,486036.0,1.914829087016378,3.247446691191599,0.05000000931322601,0.10526317853346501,0.05000000931322601,-0.22222225288304698,0.05000000931322596,0.10526317853346492,0.05000000931322596,-0.22222225288304692,60.0,67.22222222222224,60.0,66.66665921608454,-40.0,-40.0,0.0005714286650930132,0.0005238096096685954,178.4313725490196,210.82352941176472,56.53751380125397,56.88552768795234,0.017818746236186067,-0.1428571681992541,SELL,0,2
0.023000000044703484,0.023000000044703484,0.020999999716877937,0.02199999988079071,718608,0.0,0.0,EMP,2023-01-20 00:00:00+11:00,Energy,0.04761905606641803,0.046520023698291856,-0.0010000001639127731,-0.043478267911701875,0.020799999684095384,1.0576923180250286,0.019899999536573888,1.1055276579457838,0.019649999495595694,1.1195928979907475,0.02299999997019768,0.9565217351868381,0.028855000101029874,0.7624328471239721,0.03379250007681549,0.6510320287277167,0.02674733186160936,0.424600730041996,0.03503635895273772,0.5561849558048125,0.028434519077875944,0.45138399677868835,0.040413358718097675,0.6415421808775832,100.0,80.0,66.66666666666666,-0.0005928080918291313,-0.0012024002199913725,0.0006095921281622412,0.02247336783379826,0.017326631239349514,0.8160512222373592,0.02162617368785374,0.017673825303337647,1.1891666202308935,0.03007972181908633,0.01592027812130903,-0.1412484996940869,953012.4,516837.6,0.7540384574219601,1.3903941973262008,0.1000000186264518,0.1578947678001974,0.1000000186264518,-0.15384617588929128,0.10000001862645191,0.15789476780019737,0.10000001862645191,-0.15384617588929125,80.0,71.66666666666669,80.0,73.33333084980596,-20.0,-20.0,0.0006428572482296399,0.0005714286650930132,157.72357723577227,204.5267489711934,72.16290446524012,57.80728603585298,0.01823324654086746,-0.13636365945427886,SELL,0,2
0.02199999988079071,0.02199999988079071,0.020999999716877937,0.02199999988079071,336220,0.0,0.0,EMP,2023-01-23 00:00:00+11:00,Energy,0.0,0.0,0.0,0.0,0.02119999974966049,1.0377358556875942,0.020299999602138998,1.0837438577325187,0.01974999951198697,1.1139240721215276,0.022919999957084655,0.9598603805402901,0.028725000098347664,0.7658833700772104,0.03353250007145107,0.6560799175102692,0.02674733186160936,0.424600730041996,0.02664261532522274,0.4229384065613857,0.028434519077875944,0.45138399677868835,0.040413358718097675,0.6415421808775832,100.0,80.0,66.66666666666666,-0.00041443557435620615,-0.0010448072908643394,0.0006303717165081332,0.022803331126536777,0.017796668077741218,0.679095142646229,0.021986067856008394,0.017513931167965548,1.0062305898742163,0.0299515913497106,0.01588840856445871,-0.13083810263189516,794609.4,504277.4,0.4231261296430674,0.6667362051125035,0.1000000186264518,0.22222226821346247,0.1000000186264518,-0.15384617588929128,0.10000001862645191,0.22222226821346244,0.10000001862645191,-0.15384617588929125,80.0,73.33333333333336,80.0,73.33333333333333,-20.0,-20.0,0.0007142858313662666,0.0006190477205174309,114.3790849673203,152.91902071563086,68.97614826682559,54.403371195939826,0.018614586821174343,-0.18181821260570508,SELL,0,2
0.023000000044703484,0.023000000044703484,0.020999999716877937,0.020999999716877937,3200,0.0,0.0,EMP,2023-01-24 00:00:00+11:00,Energy,-0.045454553151426325,-0.0465200236982919,-0.0020000003278255463,-0.08695653582340375,0.021399999782443047,0.9813084079611404,0.020599999651312827,1.019417479239599,0.01979999952018261,1.060606072008847,0.022839999943971633,0.919439569544336,0.02862500010058284,0.7336244416799269,0.0333075000718236,0.6304886188274105,0.039653072286310785,0.6294730079354744,0.0335309662731754,0.5322875878710983,0.03060246107212314,0.4857990090202374,0.04055211503005872,0.6437448690433197,66.66666666666666,66.66666666666666,57.14285714285714,-0.000349734206798024,-0.0009057926740510762,0.0005560584672530522,0.02253218353418188,0.018667815768443775,0.2070196678026109,0.0221033155855767,0.017496683454788522,0.5209880722513913,0.029866016602901842,0.015813983285041425,-0.26188384064746256,720190.6,504437.4,0.004443268212609273,0.006343700923048132,0.05000000931322601,0.16666670116009685,0.05000000931322601,-0.16000002384185752,0.05000000931322596,0.16666670116009685,0.05000000931322596,-0.16000002384185755,60.0,73.33333333333336,60.0,73.33333333333333,-40.0,-40.0,0.0008571429976395198,0.0007142858313662666,97.40394600207676,134.8958333333333,68.97614826682559,54.403371195939826,0.018965419879056675,-0.1428571681992541,SELL,0,2
0.02199999988079071,0.02199999988079071,0.019999999552965164,0.020999999716877937,523084,0.0,0.0,EMP,2023-01-25 00:00:00+11:00,Energy,0.0,0.0,-0.0010000001639127731,-0.045454553151426276,0.021399999782443047,0.9813084079611404,0.020799999684095384,1.0096153863375048,0.019849999528378248,1.0579345196888095,0.022759999930858612,0.9226713436147942,0.028505000099539757,0.7367128448884659,0.03308750008232891,0.6346807605478009,0.03291182875608187,0.5224590844856214,0.030741853002170146,0.4880117873102795,0.03060246107212314,0.4857990090202374,0.04055211503005872,0.6437448690433197,66.66666666666666,66.66666666666666,57.14285714285714,-0.0002950566771521765,-0.0007836454746712963,0.0004885887975191198,0.022377621218181987,0.01922237815000878,0.12677313820918884,0.022214206692860616,0.01748579236389588,0.4864210741665171,0.029776715526861626,0.015743284334855598,-0.2508296353044774,631897.6,528841.6,0.8277986813053254,0.9891128080695619,0.0,0.10526317853346501,0.05000000931322601,-0.16000002384185752,0.0,0.10526317853346492,0.05000000931322596,-0.16000002384185755,60.0,66.66666666666669,60.0,66.66666666666667,-40.0,-40.0,0.0010000001639127731,0.0008095239422151021,47.530864197530896,76.61691542288554,63.085177805287245,50.67131189920409,0.01928818629230842,-0.09523811213283606,SELL,0,2
0.020999999716877937,0.020999999716877937,0.019999999552965164,0.019999999552965164,387619,0.0,0.0,EMP,2023-01-27 00:00:00+11:00,Energy,-0.04761905606641803,-0.04879017303917098,-0.0010000001639127731,-0.047619056066418024,0.02119999974966049,0.9433962164686089,0.020799999684095384,0.9615384546499808,0.019849999528378248,1.007556676481149,0.02263999991118908,0.8833922098683763,0.028385000079870226,0.7045974809472892,0.032882500076666474,0.6082262451557698,0.03933205474886202,0.6243770125119957,0.03179657601702859,0.5047549961065099,0.032624462205825454,0.5178972819230393,0.04056381222199724,0.6439305562087624,50.0,57.142857142857146,50.0,-0.00032862778036682125,-0.0006926419358104014,0.00036401415544358017,0.022377621218181987,0.01922237815000878,-0.5070925528367598,0.022214206692860616,0.01748579236389588,0.06344622706519813,0.029635742904956477,0.015644256917421683,-0.3773724049862793,393746.2,547472.55,0.9844387069640291,0.7080154064345326,-0.04761905606641803,0.0,0.0,-0.23076926383393692,-0.047619056066418024,0.0,0.0,-0.23076926383393687,40.0,53.33333333333335,40.0,53.33333333333334,-60.0,-60.0,0.0010714287470493997,0.0008571429976395198,1.550387596899322,26.307189542483716,59.442601819251834,48.29424706946763,0.019585131392500024,-0.10000001862645191,SELL,0,2
0.019999999552965164,0.019999999552965164,0.019999999552965164,0.019999999552965164,90655,0.0,0.0,EMP,2023-01-30 00:00:00+11:00,Energy,0.0,0.0,0.0,0.0,0.020799999684095384,0.9615384546499808,0.020799999684095384,0.9615384546499808,0.019899999536573888,1.0050251265688468,0.022519999891519548,0.8880994515677884,0.02826500006020069,0.7075888735314992,0.03272250006906688,0.6112002295286568,0.025500742912144804,0.4048117439575691,0.03179657601702859,0.5047549961065099,0.030389791476191415,0.48242298384667776,0.04056381222199724,0.6439305562087624,33.33333333333333,66.66666666666666,50.0,-0.00035118488082996197,-0.0006243505248143136,0.00027316564398435165,0.022377621218181987,0.01922237815000878,-0.5070925528367598,0.022230574729093046,0.01756942434405473,0.04290786957325537,0.02948627516999907,0.015553724613040028,-0.36174285939277534,268155.6,525314.8,0.33806864372774614,0.17257271259062185,-0.09090910630285254,0.0,0.05263158926673239,-0.23076926383393692,-0.09090910630285255,0.0,0.05263158926673246,-0.23076926383393687,40.0,46.666666666666686,40.0,46.66666666666668,-60.0,-60.0,0.0010000001639127731,0.0008571429976395198,-31.111111111111043,2.2875816993464646,74.36904836067556,47.778637747594246,0.0198583208846763,-0.10000001862645191,SELL,0,2
0.020999999716877937,0.020999999716877937,0.019999999552965164,0.019999999552965164,710656,0.0,0.0,EMP,2023-01-31 00:00:00+11:00,Energy,0.0,0.0,-0.0010000001639127731,-0.047619056066418024,0.020399999618530274,0.9803921532821123,0.020799999684095384,0.9615384546499808,0.019949999544769524,1.0025062661321589,0.02233999989926815,0.8952551317433246,0.028145000040531158,0.7106057745305911,0.03255250005982816,0.6143921209187378,0.025500742912144804,0.4048117439575691,0.03179657601702859,0.5047549961065099,0.030389791476191415,0.48242298384667776,0.03670782562683975,0.5827186666712499,33.33333333333333,66.66666666666666,57.14285714285714,-0.0003648557158842103,-0.000572451563028293,0.00020759584714408273,0.022377621218181987,0.01922237815000878,-0.5070925528367598,0.0222418619535762,0.01765813713596285,0.021816321958731382,0.02908443164117438,0.01559556815736192,-0.3469529288529226,343042.8,511912.2,2.0716248817931757,1.388238061136265,-0.09090910630285254,0.0,0.05263158926673239,-0.3103448231566107,-0.09090910630285255,0.0,0.05263158926673246,-0.3103448231566107,40.0,40.0,40.0,40.0,-60.0,-60.0,0.0010714287470493997,0.0008095239422151021,-22.514619883040858,24.137931034482758,77.36668044230186,55.00749037079073,0.023000000044703484,-0.10000001862645191,SELL,0,2
0.020999999716877937,0.020999999716877937,0.019999999552965164,0.019999999552965164,78264,0.0,0.0,EMP,2023-02-01 00:00:00+11:00,Energy,0.0,0.0,-0.0010000001639127731,-0.047619056066418024,0.020199999585747717,0.9900990080750465,0.020799999684095384,0.9615384546499808,0.019999999552965164,1.0,0.022139999903738498,0.9033423504933268,0.027925000041723252,0.7162041010951764,0.032367500057443974,0.6179037465813028,0.021295889277776408,0.3380617618617797,0.03179657601702859,0.5047549961065099,0.030389791476191415,0.48242298384667776,0.03623869552812323,0.5752714572288153,0.0,60.0,57.14285714285714,-0.00037140858419299275,-0.000532242967261233,0.0001608343830682402,0.022377621218181987,0.01922237815000878,-0.5070925528367598,0.022247805869206848,0.01775219323672348,0.0,0.028541658901566902,0.015738340905910093,-0.33428840110028857,358055.6,510325.4,0.2185805779884465,0.1533609732143452,-0.04761905606641803,0.0,0.05263158926673239,-0.33333333333333337,-0.047619056066418024,0.0,0.05263158926673246,-0.3333333333333333,0.0,26.666666666666682,40.0,40.0,-100.0,-60.0,0.0010714287470493997,0.0008095239422151021,-37.71043771043767,20.895522388059742,75.18641242630491,61.72892613811488,0.022940000034868718,-0.19999994412064426,SELL,0,2
0.019999999552965164,0.02199999988079071,0.019999999552965164,0.02199999988079071,99732,0.0,0.0,EMP,2023-02-02 00:00:00+11:00,Energy,0.1000000186264518,0.09531019673746272,0.0020000003278255463,0.10000001862645191,0.020399999618530274,1.0784313868715507,0.02089999970048666,1.0526315883286081,0.02014999957755208,1.0918114313659641,0.022019999884068966,0.9990917346328996,0.02776500005275011,0.7923644818654203,0.03218250005505979,0.6836013312561723,0.05412676135287464,0.8592356988782898,0.04256204405650555,0.6756515031845306,0.03730827641230997,0.5922505273885755,0.03828504888858225,0.6077563097468307,50.0,66.66666666666666,66.66666666666666,-0.00021276583567170562,-0.0004683475409433275,0.00025558170527162187,0.02265119005907189,0.01914880934190143,0.628144264791824,0.022514206742034436,0.017785792413069726,0.7825034671374445,0.02819420662044386,0.015845793147694073,-0.0032392830580853,273385.2,512680.45,0.36480394695835766,0.1945305306648615,0.04761905606641803,0.04761905606641803,0.1578947678001974,-0.2142857427955881,0.047619056066418024,0.047619056066418024,0.15789476780019737,-0.21428574279558815,66.66666666666667,35.55555555555557,80.0,53.33333333333334,-33.333333333333336,-20.0,0.0011428573301860265,0.0009047620530639376,52.38095238095253,84.36482084690549,75.6419635733687,63.08755970443395,0.02288120002523065,-0.22727268109144239,SELL,0,2
0.02199999988079071,0.02199999988079071,0.02199999988079071,0.02199999988079071,0,0.0,0.0,EMP,2023-02-03 00:00:00+11:00,Energy,0.0,0.0,0.0,0.0,0.020799999684095384,1.0576923180250286,0.020999999716877937,1.047619056066418,0.020299999602138998,1.0837438577325187,0.021899999864399434,1.0045662108223954,0.0276350000500679,0.7960919066738578,0.031997500052675605,0.6875537102765342,0.04472136787999813,0.7099297062066415,0.04256204405650555,0.6756515031845306,0.03730827641230997,0.5922505273885755,0.03828504888858225,0.6077563097468307,66.66666666666666,66.66666666666666,66.66666666666666,-8.604840209323894e-05,-0.00039188771317330974,0.0003058393110800708,0.022885618109119866,0.01911438132463601,0.5303300858896544,0.022736563586835182,0.017863435617442813,0.6977039344459023,0.027828141956452595,0.015971857772346273,0.016868694244918558,195861.4,494711.4,0.0,0.0,0.1000000186264518,0.04761905606641803,0.1578947678001974,-0.2142857427955881,0.10000001862645191,0.047619056066418024,0.15789476780019737,-0.21428574279558815,66.66666666666667,44.44444444444446,80.0,66.66666666666667,-33.333333333333336,-20.0,0.0011428573301860265,0.0009047620530639376,103.70370370370367,118.70047543581622,75.6419635733687,63.08755970443395,0.02282357601578534,-0.20454544684857368,SELL,0,2
0.02199999988079071,0.02199999988079071,0.02199999988079071,0.02199999988079071,22730,0.0,0.0,EMP,2023-02-06 00:00:00+11:00,Energy,0.0,0.0,0.0,0.0,0.02119999974966049,1.0377358556875942,0.020999999716877937,1.047619056066418,0.02044999962672591,1.0757946348340819,0.021799999848008157,1.0091743134943567,0.027505000047385694,0.7998545661839319,0.031817500060424206,0.6914433830128324,0.04472136787999813,0.7099297062066415,0.039901123784527634,0.633410703395187,0.03730827641230997,0.5922505273885755,0.038015095528355636,0.6034709330063555,66.66666666666666,66.66666666666666,66.66666666666666,1.4212247030551822e-05,-0.00031066772113253746,0.0003248799681630893,0.022885618109119866,0.01911438132463601,0.5303300858896544,0.022918752113331758,0.017981247140120064,0.6278475717895119,0.027542786858535038,0.016057212837481277,0.03482630165735573,182276.4,463402.6,0.12470072922221417,0.04905022112521596,0.1000000186264518,0.0,0.1578947678001974,-0.18518521073587246,0.10000001862645191,0.0,0.15789476780019737,-0.18518521073587244,66.66666666666667,66.66666666666667,80.0,80.0,-33.333333333333336,-20.0,0.0011428573301860265,0.0009047620530639376,90.47619047619058,105.3763440860214,75.6419635733687,63.08755970443395,0.022767104486528935,-0.3181818297271394,SELL,0,2
0.02199999988079071,0.023000000044703484,0.02199999988079071,0.023000000044703484,408188,0.0,0.0,EMP,2023-02-07 00:00:00+11:00,Energy,0.045454553151426325,0.04445176993306769,0.0010000001639127731,0.045454553151426276,0.021799999848008157,1.05504588096614,0.021099999733269214,1.0900474092631605,0.020699999667704104,1.111111131107302,0.021719999834895132,1.0589318701444885,0.02738500004634261,0.8398758446515043,0.03166250005364418,0.7264113700982469,0.04425695888012789,0.7025574418849804,0.042328653949341065,0.6719465500924109,0.03531129279325001,0.560549395218761,0.03863576558565762,0.6133237647134271,100.0,71.42857142857143,70.0,0.00017237416757322557,-0.00021405934339138483,0.0003864335109646104,0.023301009963272848,0.01889898950326558,0.8632401092616153,0.023136563652400268,0.01826343568300794,0.9439523818974066,0.027275509135335295,0.01616449053445497,0.2304019560739349,121782.8,404149.2,3.351770529171607,1.0099933390935822,0.15000002793967782,0.045454553151426325,0.2777778352668281,-0.14814816858869795,0.15000002793967787,0.045454553151426276,0.2777778352668281,-0.14814816858869795,100.0,77.77777777777779,100.0,86.66666666666667,-0.0,-0.0,0.001214285913322653,0.0009523811084883553,136.70033670033666,132.59911894273122,77.45860145756797,65.16820758045328,0.019999999552965164,-0.3478261028013292,SELL,0,2
0.02199999988079071,0.02199999988079071,0.020999999716877937,0.020999999716877937,1245944,0.0,0.0,EMP,2023-02-08 00:00:00+11:00,Energy,-0.08695653582340379,-0.09097179363135954,-0.0010000001639127731,-0.045454553151426276,0.02199999988079071,0.9545454468485737,0.021099999733269214,0.9952606626703601,0.02084999969229102,1.0071942458897194,0.0215999998152256,0.9722222174314682,0.027245000042021274,0.7707836184433338,0.03149750004522502,0.66671957097311,0.0688170676645467,1.0924370819825706,0.04931001535659619,0.7827722266699768,0.04175072268891782,0.662772175752591,0.04043780807436805,0.6419303023760254,60.0,50.0,63.63636363636363,0.00013478163851290276,-0.0001442911470105273,0.00027907278552343005,0.023301009963272848,0.01889898950326558,-0.045433689961137315,0.02292997979021437,0.018770019594367672,0.07211608646480638,0.026945225529623584,0.016254774100827617,-0.11224972160324188,355318.8,466446.4,3.5065524255963942,2.6711407784474273,0.05000000931322601,0.0,0.16666670116009685,-0.22222225288304698,0.05000000931322596,0.0,0.16666670116009685,-0.22222225288304692,33.333333333333336,66.66666666666669,60.0,80.00000000000001,-66.66666666666667,-40.0,0.001214285913322653,0.0010000001639127731,2.443280977312542,40.19138755980868,58.165655127624476,66.22919311914882,0.02005999956279993,-0.28571429204981347,SELL,0,2
0.020999999716877937,0.02199999988079071,0.019999999552965164,0.019999999552965164,704035,0.0,0.0,EMP,2023-02-09 00:00:00+11:00,Energy,-0.04761905606641803,-0.04879017303917098,-0.0010000001639127731,-0.047619056066418024,0.0215999998152256,0.9259259131505819,0.020999999716877937,0.952380943933582,0.02089999970048666,0.9569377913675022,0.021459999792277813,0.9319664373977293,0.02709500003606081,0.738143551442964,0.031322500044479964,0.6385186215839693,0.050760757766450865,0.8058020484673168,0.05166959661740454,0.8202294179560596,0.04201184240627842,0.6669173227599006,0.04089503894334118,0.6491886174022945,50.0,44.444444444444436,58.33333333333334,2.4020736418318284e-05,-0.00011062877032475818,0.00013464950674307646,0.02330940117217752,0.018690598261578355,-0.4330127018920799,0.02283581210088666,0.01896418730008666,-0.4649211604055892,0.026590302768550945,0.01632969681600468,-0.2845836290887551,476179.4,472569.25,1.4785078900935236,1.4898028172590578,-0.09090910630285254,-0.04761905606641803,0.05263158926673239,-0.2592592950302214,-0.09090910630285255,-0.047619056066418024,0.05263158926673246,-0.25925929503022144,0.0,44.44444444444446,40.0,66.66666666666667,-100.0,-60.0,0.001214285913322653,0.0010952382747616088,-56.000000000000114,-18.181818181818088,37.603069051177556,60.75594559690617,0.023000000044703484,-0.10000001862645191,SELL,0,2
0.019999999552965164,0.020999999716877937,0.019999999552965164,0.019999999552965164,1004953,0.0,0.0,EMP,2023-02-10 00:00:00+11:00,Energy,0.0,0.0,0.0,0.0,0.02119999974966049,0.9433962164686089,0.020999999716877937,0.952380943933582,0.02089999970048666,0.9569377913675022,0.021359999775886537,0.9363295769105444,0.026945000030100346,0.7422527196371534,0.031152500035241247,0.6420030344383333,0.050760757766450865,0.8058020484673168,0.04931001535659618,0.7827722266699767,0.04038271153275039,0.6410556718927051,0.039670695063001596,0.6297527608426804,50.0,37.5,54.54545454545455,-6.303148871468142e-05,-0.00010110931400274282,3.8077825288061396e-05,0.02330940117217752,0.018690598261578355,-0.4330127018920799,0.02283581210088666,0.01896418730008666,-0.4649211604055892,0.026402837510564475,0.0163171620412086,-0.26968946741417,677170.0,522767.1,1.4840483187382785,1.9223723145546077,-0.09090910630285254,0.0,0.0,-0.2000000298023219,-0.09090910630285255,0.0,0.0,-0.20000002980232195,0.0,11.111111111111127,0.0,33.33333333333334,-100.0,-100.0,0.0011428573301860265,0.0010952382747616088,-75.8620689655173,-57.85123966942142,22.39099736815811,51.77341942046313,0.022940000034868718,-0.10000001862645191,SELL,0,2
0.020999999716877937,0.020999999716877937,0.020999999716877937,0.020999999716877937,23810,0.0,0.0,EMP,2023-02-13 00:00:00+11:00,Energy,0.05000000931322601,0.04879017303917102,0.0,0.0,0.020999999716877937,1.0,0.021099999733269214,0.9952606626703601,0.020949999708682297,1.0023866352692559,0.02125999975949526,0.9877704588166235,0.02680500002577901,0.7834359148174496,0.03097750002518296,0.6779113776065248,0.05934863091918175,0.9421303083858817,0.051666139297583735,0.8201745347053676,0.041853367539888865,0.6644016122467749,0.03991978186039958,0.6337068911673879,40.0,44.444444444444436,54.54545454545455,-5.0744398592626055e-05,-9.103633092071947e-05,4.0291932328093415e-05,0.023301009963272848,0.01889898950326558,-0.045433689961137315,0.022839026501096267,0.019060972916268328,0.026468660156876576,0.026122350706329414,0.016397648812661106,-0.05347208489477852,677386.0,520207.6,0.035149825948572896,0.045770188670830644,-0.045454553151426325,0.05000000931322601,0.05000000931322601,-0.1923077198616141,-0.045454553151426276,0.05000000931322596,0.05000000931322596,-0.19230771986161407,33.333333333333336,11.111111111111127,33.333333333333336,24.444444444444457,-66.66666666666667,-66.66666666666667,0.0011428573301860265,0.0010952382747616088,-7.291666666666767,-1.5452538631345298,24.250735849614017,51.89781725394029,0.02288120002523065,-0.1428571681992541,SELL,0,2
0.020999999716877937,0.020999999716877937,0.020999999716877937,0.020999999716877937,133067,0.0,0.0,EMP,2023-02-14 00:00:00+11:00,Energy,0.0,0.0,0.0,0.0,0.020599999651312827,1.019417479239599,0.02119999974966049,0.9905660360781016,0.020999999716877937,1.0,0.021179999746382235,0.9915014149358031,0.026665000021457674,0.787549210574872,0.030812500016763805,0.6815415725907572,0.0521977219827457,0.8286131482226067,0.051666139297583735,0.8201745347053676,0.041853367539888865,0.6644016122467749,0.03960106924617448,0.6286474852657546,40.0,50.0,54.54545454545455,-4.053947728796872e-05,-8.093696019416933e-05,4.039748290620061e-05,0.023265591206215377,0.019134408293105604,-0.09682458365514596,0.02283532588867757,0.019164673545078306,0.0,0.02592130835999374,0.01643869113277073,-0.03796420865487387,622361.8,470449.2,0.21380971647038746,0.2828509433112013,-0.08695653582340379,0.05000000931322601,0.05000000931322601,-0.16000002384185752,-0.08695653582340375,0.05000000931322596,0.05000000931322596,-0.16000002384185755,33.333333333333336,22.22222222222224,33.333333333333336,22.222222222222232,-66.66666666666667,-66.66666666666667,0.0010000001639127731,0.0010952382747616088,-2.636534839924833,-6.572769953051812,24.250735849614017,51.89781725394029,0.02282357601578534,-0.1428571681992541,SELL,0,2
0.020999999716877937,0.020999999716877937,0.020999999716877937,0.020999999716877937,0,0.0,0.0,EMP,2023-02-15 00:00:00+11:00,Energy,0.0,0.0,0.0,0.0,0.020599999651312827,1.019417479239599,0.02129999976605177,0.9859154904944188,0.021049999725073577,0.9976247026675216,0.02107999972999096,0.9962049329156678,0.02651500003412366,0.7920045140430642,0.03064250001683831,0.6853226631423108,0.034519710472086025,0.5479834154345501,0.051666139297583735,0.8201745347053676,0.041853367539888865,0.6644016122467749,0.03912195526464398,0.6210417865970524,40.0,50.0,54.54545454545455,-3.208218022832804e-05,-7.116600420100108e-05,3.908382397267304e-05,0.023197366673156316,0.019402632858947225,-0.1581138830083448,0.022824082432516223,0.01927591701763093,-0.02818358354200716,0.025612693504967764,0.016547305955014153,-0.017649551698080614,373173.0,451684.5,0.0,0.0,0.0,0.05000000931322601,0.05000000931322601,-0.1923077198616141,0.0,0.05000000931322596,0.05000000931322596,-0.19230771986161407,33.333333333333336,33.333333333333336,33.333333333333336,33.333333333333336,-66.66666666666667,-66.66666666666667,0.0008571429976395198,0.0010952382747616088,-2.636534839924833,-12.28070175438609,26.980440072534478,51.89781725394029,0.022767104486528935,-0.1428571681992541,SELL,0,2
0.019999999552965164,0.019999999552965164,0.019999999552965164,0.019999999552965164,525000,0.0,0.0,EMP,2023-02-16 00:00:00+11:00,Energy,-0.04761905606641803,-0.04879017303917098,0.0,0.0,0.020599999651312827,0.9708737811406019,0.021099999733269214,0.9478672893739598,0.020999999716877937,0.952380943933582,0.02093999970704317,0.9551098296452297,0.026345000024884938,0.75915731767218,0.030512500014156105,0.6554690550982802,0.034519710472086025,0.5479834154345501,0.042045373921951006,0.667449619069217,0.041809184276926654,0.6637002246913186,0.03913165830589165,0.6211958176016665,20.0,50.0,50.0,-0.00010486257674468744,-7.790531870973836e-05,-2.6957258034949073e-05,0.02308885791129279,0.01911114155524564,-0.5530812566018027,0.02283532588867757,0.019164673545078306,-0.5448623679420543,0.025147088681512483,0.01673291073257386,-0.2234324398134652,337366.0,429707.05,1.5561734140369805,1.2217625938415486,0.0,-0.09090910630285254,-0.04761905606641803,-0.2592592950302214,0.0,-0.09090910630285255,-0.047619056066418024,-0.25925929503022144,0.0,22.22222222222224,0.0,22.22222222222223,-100.0,-100.0,0.0008571429976395198,0.0011428573301860265,-107.69230769230771,-122.80701754385976,26.27544153893689,49.12636372378972,0.02271176238785766,-0.10000001862645191,SELL,0,2
0.019999999552965164,0.019999999552965164,0.019999999552965164,0.019999999552965164,0,0.0,0.0,EMP,2023-02-17 00:00:00+11:00,Energy,0.0,0.0,0.0,0.0,0.020599999651312827,0.9708737811406019,0.02089999970048666,0.9569377913675022,0.020949999708682297,0.954653929884141,0.020799999684095384,0.9615384546499808,0.026195000018924476,0.7635044679716069,0.03036250000819564,0.6587072720483043,0.034519710472086025,0.5479834154345501,0.042045373921951006,0.667449619069217,0.041809184276926654,0.6637002246913186,0.03913165830589165,0.6211958176016665,33.33333333333333,50.0,45.45454545454545,-0.0001606892398074225,-9.44621029292752e-05,-6.62271368781473e-05,0.02288885787851024,0.018911141522463083,-0.4525210281287473,0.022839026501096267,0.019060972916268328,-0.5029045429806402,0.02463325970241359,0.016966739665777178,-0.20869967790006838,136375.4,350788.25,0.0,0.0,0.0,-0.09090910630285254,-0.04761905606641803,-0.2592592950302214,0.0,-0.09090910630285255,-0.047619056066418024,-0.25925929503022144,0.0,11.111111111111127,0.0,11.111111111111121,-100.0,-100.0,0.0008571429976395198,0.0010476192193371908,-107.69230769230771,-110.09389671361515,26.7596167795582,43.28355296715394,0.02265752713115981,0.15000002793967782,BUY,0,0
0.020999999716877937,0.020999999716877937,0.019999999552965164,0.019999999552965164,249999,0.0,0.0,EMP,2023-02-20 00:00:00+11:00,Energy,0.0,0.0,-0.0010000001639127731,-0.047619056066418024,0.020399999618530274,0.9803921532821123,0.020699999667704104,0.9661835687934299,0.02084999969229102,0.9592326066249233,0.020659999661147593,0.9680542052755402,0.02604500001296401,0.7679016910351345,0.03023250000551343,0.6615397188230484,0.02129588927777641,0.3380617618617798,0.042045373921951006,0.667449619069217,0.040182405773310226,0.6378759165387895,0.03913165830589165,0.6211958176016665,50.0,50.0,45.45454545454545,-0.00020259686198128082,-0.00011608905473967634,-8.650780724160448e-05,0.022597366574808663,0.018802632760599545,-0.3689323936861328,0.022716604007226485,0.018983395377355557,-0.455372428170587,0.024055315116966163,0.017264684205329024,-0.19438550460793955,181613.2,327357.8,1.3765464184321403,0.7636873170579714,-0.04761905606641803,-0.09090910630285254,-0.09090910630285254,-0.2592592950302214,-0.047619056066418024,-0.09090910630285255,-0.09090910630285255,-0.25925929503022144,0.0,0.0,0.0,0.0,-100.0,-100.0,0.0008571429976395198,0.0010000001639127731,-71.79487179487181,-70.0,19.053901186138575,32.06943894004125,0.022604376579595915,-0.10000001862645191,SELL,0,2
0.01899999938905239,0.019999999552965164,0.01899999938905239,0.019999999552965164,25001,0.0,0.0,EMP,2023-02-21 00:00:00+11:00,Energy,0.0,0.0,0.0010000001639127731,0.05263158926673246,0.020199999585747717,0.9900990080750465,0.020399999618530274,0.9803921532821123,0.020749999675899744,0.9638554151976362,0.020519999638199806,0.974658864795172,0.02588500002399087,0.7726482338971861,0.030102500002831222,0.6643966298840333,0.02129588927777641,0.3380617618617798,0.037784545351016725,0.599811062402592,0.040182405773310226,0.6378759165387895,0.03913165830589165,0.6211958176016665,50.0,50.0,39.99999999999999,-0.0002331216729496155,-0.00013949557838166418,-9.362609456795132e-05,0.021432795346808992,0.019367203890251556,-0.3872983346201092,0.02257093091037605,0.01892906844142344,-0.41187723552354666,0.02338399189876057,0.017656007377639043,-0.1815647662165215,160000.0,311796.85,0.15625625,0.08018361955869664,-0.04761905606641803,-0.13043480373510563,-0.09090910630285254,-0.2592592950302214,-0.047619056066418024,-0.13043480373510563,-0.09090910630285255,-0.25925929503022144,25.0,8.333333333333348,25.0,8.333333333333343,-75.0,-75.0,0.0008571429976395198,0.0009523811084883553,-127.27272727272734,-124.19354838709664,18.949247096110398,23.809905564848734,0.0225522890390633,-0.25,SELL,0,2
0.01899999938905239,0.01899999938905239,0.01899999938905239,0.01899999938905239,10000,0.0,0.0,EMP,2023-02-22 00:00:00+11:00,Energy,-0.0500000093132259,-0.05129330419094627,0.0,0.0,0.01979999952018261,0.9595959519941017,0.020199999585747717,0.9405940484502784,0.020649999659508467,0.9200968378855968,0.02041999962180853,0.930460320320497,0.02572500001639128,0.7385811225246298,0.029977500000968577,0.6338086694500374,0.02674733186160916,0.42460073004199284,0.030962559942428244,0.491515401369573,0.040441290425852164,0.6419855829920534,0.036631395209446124,0.5815053714091035,0.0,28.57142857142857,36.36363636363636,-0.0003341525587446312,-0.0001784269744542576,-0.00015572558429037358,0.021464910857151537,0.018935088314343897,-0.9486832980494723,0.022626173851766452,0.018673825467250483,-0.8349467759068236,0.023133232945055947,0.017706766298561112,-0.5233608995545461,162000.0,312136.85,0.06172839506172839,0.03203722982403392,-0.09523811213283606,-0.09523811213283606,-0.09523811213283606,-0.20833336567092242,-0.09523811213283605,-0.09523811213283605,-0.09523811213283605,-0.20833336567092245,0.0,8.333333333333348,0.0,8.333333333333343,-100.0,-100.0,0.0007857144145028931,0.0009523811084883553,-151.5151515151516,-167.0967741935483,16.939174015880326,25.163058756637724,0.022410197453062865,-0.157894669766239,SELL,0,2
0.019999999552965164,0.019999999552965164,0.01899999938905239,0.01899999938905239,302515,0.0,0.0,EMP,2023-02-23 00:00:00+11:00,Energy,0.0,0.0,-0.0010000001639127731,-0.05000000931322596,0.019599999487400054,0.9693877492836989,0.02009999956935644,0.9452736216979297,0.02054999964311719,0.9245741955726048,0.020319999605417253,0.9350393581694286,0.025565000008791684,0.7432035745166587,0.02984749998897314,0.636569206669629,0.022360683939998682,0.3549648531033147,0.027969862577099516,0.44400780350194485,0.040441290425852164,0.6419855829920534,0.036631395209446124,0.5815053714091035,0.0,28.57142857142857,39.99999999999999,-0.0004094998047806733,-0.00022464154051954078,-0.00018485826426113255,0.021575729385993805,0.018624269752719077,-0.7453940198962298,0.02265012529690066,0.01844987398933372,-0.7380511976854364,0.022857554685486645,0.01778244452534786,-0.5201858382237615,117503.0,301108.4,2.5745300119996934,1.004671407373557,-0.0500000093132259,-0.0500000093132259,-0.09523811213283606,-0.20833336567092242,-0.05000000931322596,-0.05000000931322596,-0.09523811213283605,-0.20833336567092245,0.0,8.333333333333348,0.0,8.333333333333343,-100.0,-100.0,0.0008571429976395198,0.0009047620530639376,-107.070707070707,-123.09322033898316,22.13869005443007,28.51222422420723,0.022273789530502446,-0.1052630804995065,SELL,0,2
0.019999999552965164,0.019999999552965164,0.019999999552965164,0.019999999552965164,1963,0.0,0.0,EMP,2023-02-24 00:00:00+11:00,Energy,0.05263158926673239,0.05129330419094626,0.0,0.0,0.019599999487400054,1.0204081671442007,0.02009999956935644,0.9950248746998118,0.02054999964311719,0.9732360048806017,0.020239999592304228,0.9881422903076382,0.025424999985843896,0.7866273181553881,0.029727499987930058,0.6727777162925087,0.03629290590960679,0.576132020356116,0.03339186195456702,0.530079375271101,0.04098791047253246,0.6506629072230049,0.03749475103123437,0.5952107201935725,33.33333333333333,37.5,45.45454545454545,-0.00038409379011181827,-0.0002565319904379963,-0.00012756179967382195,0.021575729385993805,0.018624269752719077,-0.06776309271783865,0.02265012529690066,0.01844987398933372,-0.26188913466257463,0.022545627513289836,0.01793437167131862,-0.10409313539040972,117895.6,281825.6,0.016650324524409732,0.0069653005262829215,0.0,0.0,0.0,-0.16666669253673794,0.0,0.0,0.0,-0.16666669253673796,25.0,8.333333333333348,25.0,8.333333333333343,-75.0,-75.0,0.0009285715807761465,0.0008571429976395198,-42.62820512820517,-55.76519916142544,22.171394182354575,31.15129366799573,0.022142837924844443,-0.19999994412064426,SELL,0,2
0.017999999225139618,0.017999999225139618,0.017999999225139618,0.017999999225139618,415000,0.0,0.0,EMP,2023-02-27 00:00:00+11:00,Energy,-0.10000001862645191,-0.1053605363538842,0.0,0.0,0.019199999421834944,0.9374999878734037,0.01979999952018261,0.9090908919867291,0.02044999962672591,0.8801955771977418,0.02013999957591295,0.893743773791697,0.025264999959617854,0.7124480211323886,0.02959249997511506,0.6082622029323709,0.05782293289741085,0.9179106031375476,0.04141326408951676,0.6574151865618186,0.04678004859963077,0.7426102494848303,0.039573954178074806,0.6282170469039088,25.000000000000014,22.222222222222214,41.66666666666667,-0.0005193558413503704,-0.00030909676062047114,-0.0002102590807298993,0.021637872988379825,0.017962126051985397,-0.979392937648003,0.022831949682984812,0.01806804957046701,-1.0285691738785967,0.022390079308406592,0.01788991984341931,-0.9510775639944485,150895.8,298042.85,2.750242220128062,1.39241723128067,-0.10000001862645191,-0.1428571681992541,-0.10000001862645191,-0.21739133955850942,-0.10000001862645191,-0.14285716819925406,-0.10000001862645191,-0.21739133955850937,0.0,8.333333333333348,0.0,8.333333333333343,-100.0,-100.0,0.0010000001639127731,0.0009047620530639376,-204.59770114942538,-203.51851851851856,12.511249930399302,31.258738902967806,0.02201712438341276,-0.05555546357307506,SELL,0,2
0.01899999938905239,0.01899999938905239,0.01899999938905239,0.01899999938905239,26316,0.0,0.0,EMP,2023-02-28 00:00:00+11:00,Energy,0.05555556705336562,0.05406723216293787,0.0,0.0,0.01899999938905239,1.0,0.019599999487400054,0.9693877492836989,0.020399999618530274,0.931372536487393,0.020079999566078185,0.9462151294639332,0.025134999938309192,0.755918020118782,0.029467499973252417,0.6447781252667735,0.06709479605260243,1.0650968677307053,0.04693290412643454,0.7450367557474975,0.0486547750367728,0.7723706090585661,0.04003921622193796,0.6356028528791459,40.0,37.5,46.15384615384615,-0.0005396397049846867,-0.0003552053494933143,-0.00018443435549137237,0.021286547849271018,0.01791345112552909,-0.3557562367687197,0.0228623480671463,0.017937651169914248,-0.568563003446876,0.022287223689676422,0.01787277544247995,-0.48930245255981003,151158.8,263825.85,0.17409505764798347,0.09974761760456757,-0.0500000093132259,-0.09523811213283606,-0.0500000093132259,-0.13636365945427886,-0.05000000931322596,-0.09523811213283605,-0.05000000931322596,-0.13636365945427883,25.0,16.666666666666682,20.0,15.000000000000009,-75.0,-80.0,0.0009285715807761465,0.0009523811084883553,-93.33333333333341,-112.34567901234574,18.246849790701773,32.03020495954553,0.02177609687391637,-0.1052630804995065,SELL,0,2
0.01899999938905239,0.01899999938905239,0.01899999938905239,0.01899999938905239,0,0.0,0.0,EMP,2023-03-01 00:00:00+11:00,Energy,0.0,0.0,0.0,0.0,0.01899999938905239,1.0,0.0193999994546175,0.9793814393396849,0.020349999610334634,0.9336609215168411,0.02005999956279993,0.947158514613667,0.02500499991700053,0.7598480084830783,0.029342499971389772,0.6475249009995135,0.06293469452521944,0.9990573033092931,0.04693290412643454,0.7450367557474975,0.0486547750367728,0.7723706090585661,0.03793446421448072,0.602190950579971,40.0,42.857142857142854,46.15384615384615,-0.0005493818807097497,-0.0003940406557366015,-0.00015534122497314827,0.020798411481396537,0.018001587427838465,-0.28603877677341655,0.022886055811567402,0.017813943409101866,-0.5323226751150122,0.02228820502612499,0.01783179409947487,-0.47571922392010674,149158.8,259912.65,0.0,0.0,0.0,-0.09523811213283606,-0.0500000093132259,-0.0500000093132259,0.0,-0.09523811213283605,-0.05000000931322596,-0.05000000931322596,33.333333333333336,19.44444444444446,20.0,13.333333333333343,-66.66666666666667,-80.0,0.0007857144145028931,0.0009047620530639376,-77.77777777777777,-100.99502487562187,23.446783344346315,22.546838931445123,0.021549531014989767,-0.1052630804995065,SELL,0,2
0.019999999552965164,0.019999999552965164,0.017999999225139618,0.017999999225139618,186316,0.0,0.0,EMP,2023-03-02 00:00:00+11:00,Energy,-0.052631589266732504,-0.05406723216293791,-0.0020000003278255463,-0.10000001862645191,0.018799999356269838,0.957446800078564,0.019199999421834944,0.9374999878734037,0.02014999957755208,0.8933002284125281,0.020039999559521675,0.8982035738911589,0.024784999918192625,0.726245684266769,0.02921249996870756,0.6161745569335464,0.06751209387633675,1.071721265316202,0.047416146389070615,0.7527079888470848,0.04361790284881769,0.6924127418888841,0.03800656082992836,0.6033354488690345,33.33333333333333,37.5,42.857142857142854,-0.000630525970143115,-0.0004413377186179042,-0.00018918825152521078,0.020777620955921595,0.017622377887748293,-0.7606388292551142,0.022767753161337615,0.017532245993766547,-0.8213150258793066,0.022324285201520366,0.017755713917522984,-0.8930583359956282,125919.0,264241.85,1.4796496160229988,0.7050964864195434,-0.052631589266732504,-0.10000001862645191,-0.18181821260570508,-0.052631589266732504,-0.05263158926673246,-0.10000001862645191,-0.1818182126057051,-0.05263158926673246,0.0,19.44444444444446,0.0,13.333333333333343,-100.0,-100.0,0.0008571429976395198,0.0009523811084883553,-91.66666666666663,-110.5828220858895,35.10537004613293,21.81429015385544,0.021336559107598758,0.05555556705336562,BUY,0,0
0.01899999938905239,0.01899999938905239,0.017999999225139618,0.017999999225139618,144373,0.0,0.0,EMP,2023-03-03 00:00:00+11:00,Energy,0.0,0.0,-0.0010000001639127731,-0.05263158926673246,0.018399999290704728,0.9782608651638818,0.01899999938905239,0.9473684107332675,0.019949999544769524,0.9022556208458082,0.019999999552965164,0.8999999813735481,0.02459499990567565,0.7318560396085165,0.02909249996766448,0.6187161380131004,0.05910109432918066,0.9382007868406907,0.047416146389070615,0.7527079888470848,0.04361790284881769,0.6924127418888841,0.03722959723471161,0.5910015341648693,40.0,28.57142857142857,33.33333333333333,-0.0006869149180451159,-0.0004904531585033466,-0.0001964617595417693,0.02063299281857739,0.017367005959527393,-0.6123724356953786,0.022583788522524614,0.017316210567014434,-0.7403783431776635,0.02235606029664669,0.017643938809283638,-0.8488746876281262,154401.0,271460.5,0.9350522341176547,0.5318379653761781,-0.10000001862645191,-0.10000001862645191,-0.18181821260570508,-0.10000001862645191,-0.10000001862645191,-0.10000001862645191,-0.1818182126057051,-0.10000001862645191,0.0,11.111111111111127,0.0,6.666666666666676,-100.0,-100.0,0.0008571429976395198,0.0009047620530639376,-104.1666666666668,-118.90694239290995,31.646765314158884,19.73099289614315,0.021136365514651208,0.11111113410673124,BUY,0,0
0.01899999938905239,0.01899999938905239,0.01899999938905239,0.01899999938905239,26316,0.0,0.0,EMP,2023-03-06 00:00:00+11:00,Energy,0.05555556705336562,0.05406723216293787,0.0,0.0,0.01859999932348728,1.0215053806512782,0.018899999372661114,1.0052910063338905,0.01979999952018261,0.9595959519941017,0.01997999954968691,0.9509509418057082,0.024404999911785127,0.7785289677414556,0.028967499965801835,0.6559074622070673,0.045439395949564775,0.7213280484452643,0.05170620045451734,0.8208104858562467,0.04593278185524681,0.7291603068861785,0.038091929245749,0.6046906304575203,50.0,37.5,38.46153846153846,-0.0006434941101001353,-0.0005210613488227043,-0.00012243276127743097,0.020375729189298517,0.017424269556023712,0.06776309271783681,0.022279388645819017,0.017320610394546205,-0.32266017579022716,0.022352977057827933,0.017607022041545885,-0.41298333307939505,76664.2,271639.8,0.34326321803397153,0.09687829250352857,0.05555556705336562,-0.0500000093132259,-0.13636365945427886,-0.0500000093132259,0.05555556705336561,-0.05000000931322596,-0.13636365945427883,-0.05000000931322596,33.333333333333336,11.111111111111127,20.0,6.666666666666676,-66.66666666666667,-80.0,0.0009285715807761465,0.0009523811084883553,-37.71043771043767,-69.78193146417438,32.57680877144331,20.10239107306407,0.020948183537280514,0.05263158926673239,BUY,0,0
0.017999999225139618,0.017999999225139618,0.017999999225139618,0.017999999225139618,37401,0.0,0.0,EMP,2023-03-07 00:00:00+11:00,Energy,-0.052631589266732504,-0.05406723216293791,0.0,0.0,0.018399999290704728,0.9782608651638818,0.018699999339878558,0.9625668374626004,0.019549999479204418,0.9207160974242707,0.019939999543130398,0.9027081061965653,0.024234999902546406,0.7427274312985795,0.028847499964758754,0.6239708552605643,0.04508996584688684,0.7157810175315509,0.05389856666966794,0.8556132205846573,0.04535083446937659,0.7199221785313581,0.03880373185654674,0.6159901466019442,33.33333333333333,33.33333333333333,35.71428571428572,-0.0006819137852120682,-0.0005532318361005771,-0.00012868194911149118,0.020049896676566398,0.017350102003190718,-0.5185580382405128,0.021650125132987946,0.01744987382542089,-0.7380511976854149,0.02237813238296123,0.017501866703299566,-0.7956909838125904,78881.2,253100.45,0.47414339538445155,0.1477713690354956,-0.052631589266732504,-0.10000001862645191,-0.21739133955850942,-0.10000001862645191,-0.05263158926673246,-0.10000001862645191,-0.21739133955850937,-0.10000001862645191,0.0,11.111111111111127,0.0,6.666666666666676,-100.0,-100.0,0.0010000001639127731,0.0010000001639127731,-125.64102564102566,-124.61300309597527,31.990737201554623,19.977932546556175,0.02077129247855206,0.0,HOLD,0,1
0.017999999225139618,0.017999999225139618,0.017999999225139618,0.017999999225139618,93880,0.0,0.0,EMP,2023-03-08 00:00:00+11:00,Energy,0.0,0.0,0.0,0.0,0.01819999925792217,0.9890109867616892,0.01859999932348728,0.9677419290230829,0.0193999994546175,0.9278350376888974,0.019899999536573888,0.9045225951919099,0.023994999900460244,0.7501562533782034,0.028727499963715673,0.6265772952005763,0.04508996584688684,0.7157810175315509,0.05197296666795343,0.8250452682099244,0.041727880163333834,0.6624095619005197,0.03880373185654674,0.6159901466019442,50.0,37.5,30.769230769230774,-0.0007042435730039015,-0.000583434183481242,-0.0001208093895226595,0.01999841135026635,0.01720158729670821,-0.42905816516011336,0.021492593252744344,0.01730740565649066,-0.6690262729111944,0.02239897932969114,0.017401019743456637,-0.7603103941325559,97657.2,195497.25,0.9613218482610602,0.48021135847179436,-0.052631589266732504,-0.052631589266732504,-0.1428571681992541,-0.10000001862645191,-0.05263158926673246,-0.05263158926673246,-0.14285716819925406,-0.10000001862645191,0.0,11.111111111111127,0.0,6.666666666666676,-100.0,-100.0,0.0009285715807761465,0.0009523811084883553,-113.3709981167609,-115.71194762684112,44.468158916120146,12.535761505755346,0.020605014883347313,0.11111113410673124,BUY,0,0
0.01899999938905239,0.01899999938905239,0.01899999938905239,0.01899999938905239,46316,0.0,0.0,EMP,2023-03-09 00:00:00+11:00,Energy,0.05555556705336562,0.05406723216293787,0.0,0.0,0.018399999290704728,1.0326087022541772,0.01859999932348728,1.0215053806512782,0.01934999944642186,0.9819121412205419,0.019879999533295632,0.9557343981437529,0.023774999883025883,0.7991587584661738,0.028612499963492154,0.6640454141824468,0.045439395949564775,0.7213280484452643,0.05532712916933131,0.8782909472231896,0.042785082015763164,0.6791921210232686,0.03963015471417309,0.6291092027562961,50.0,44.444444444444436,41.66666666666667,-0.0006339407603576964,-0.000593535498856533,-4.040526150116347e-05,0.01999841135026635,0.01720158729670821,0.2860387767734097,0.0214299795443453,0.017270019348498422,-0.16827086841787317,0.02239168691365766,0.017368312152933604,-0.3503621314991835,69657.2,162611.3,0.6649133183647922,0.2848264542501044,0.05555556705336562,0.0,-0.0500000093132259,-0.0500000093132259,0.05555556705336561,0.0,-0.05000000931322596,-0.05000000931322596,33.333333333333336,11.111111111111127,25.0,8.333333333333343,-66.66666666666667,-75.0,0.0010000001639127731,0.0009047620530639376,5.907172995780531,-37.93706293706299,46.22595563534094,18.09476918286569,0.020448713943854852,0.05263158926673239,BUY,0,0
0.017999999225139618,0.017999999225139618,0.017999999225139618,0.017999999225139618,290551,0.0,0.0,EMP,2023-03-10 00:00:00+11:00,Energy,-0.052631589266732504,-0.05406723216293791,0.0,0.0,0.018399999290704728,0.9782608651638818,0.018399999290704728,0.9782608651638818,0.019249999430030584,0.9350649224985987,0.01983999952673912,0.9072580471022862,0.0235449998639524,0.7644934945486143,0.028502499964088202,0.6315235241757307,0.05409752933787416,0.8587716550262142,0.054505109881999775,0.8652417955801229,0.04426922648886118,0.7027521841363187,0.04031636544168854,0.6400024603482397,40.0,40.0,41.66666666666667,-0.0006514079058574651,-0.0006051099802567195,-4.629792560074562e-05,0.019432795018983547,0.01736720356242591,-0.3872983346200716,0.021389847291333832,0.017110151568727337,-0.5841537744322016,0.022406980226950802,0.01727301882652744,-0.7167955339312726,98892.8,126891.2,2.938039978643541,2.289764774862244,0.0,-0.10000001862645191,-0.10000001862645191,-0.10000001862645191,0.0,-0.10000001862645191,-0.10000001862645191,-0.10000001862645191,0.0,11.111111111111127,0.0,8.333333333333343,-100.0,-100.0,0.0010000001639127731,0.0008571429976395198,-98.71794871794879,-105.61403508771936,27.794643514930044,20.71085896852368,0.02030179106073194,-0.05555546357307506,SELL,0,2
0.017999999225139618,0.017999999225139618,0.017999999225139618,0.017999999225139618,331492,0.0,0.0,EMP,2023-03-13 00:00:00+11:00,Energy,0.0,0.0,0.0,0.0,0.01819999925792217,0.9890109867616892,0.018399999290704728,0.9782608651638818,0.019099999405443668,0.942408365730601,0.019819999523460866,0.9081735447991853,0.023334999848157168,0.7713734451367965,0.02837749995291233,0.6343053212935452,0.04508996584688683,0.7157810175315507,0.04417367362858431,0.7012353295041976,0.04241365535197435,0.6732959055271669,0.0396992589736698,0.6302061988672776,50.0,40.0,41.66666666666667,-0.0006576695394443777,-0.0006156218920942511,-4.2047647350126546e-05,0.019432795018983547,0.01736720356242591,-0.3872983346200716,0.021141670882237527,0.017058327928649808,-0.5387743291743664,0.022428932800412787,0.017211066246508946,-0.6976032366943469,159928.0,142275.3,2.0727577409834423,2.3299335865044744,-0.052631589266732504,0.0,-0.1428571681992541,-0.052631589266732504,-0.05263158926673246,0.0,-0.14285716819925406,-0.05263158926673246,0.0,11.111111111111127,0.0,8.333333333333343,-100.0,-100.0,0.0009285715807761465,0.0008095239422151021,-84.84848484848486,-97.01754385964911,28.292398535259636,30.322467892520876,0.0201636835505964,-0.05555546357307506,SELL,0,2
0.017999999225139618,0.017999999225139618,0.017999999225139618,0.017999999225139618,688662,0.0,0.0,EMP,2023-03-14 00:00:00+11:00,Energy,0.0,0.0,0.0,0.0,0.01819999925792217,0.9890109867616892,0.01829999927431345,0.9836065540398723,0.01894999938085675,0.9498680640234309,0.01979999952018261,0.9090908919867291,0.02310499982908368,0.7790521254400493,0.028267499953508378,0.6367736536568235,0.03825831703742213,0.6073319547653062,0.039810975300386395,0.631979640574544,0.04241365535197435,0.6732959055271669,0.0396992589736698,0.6302061988672776,50.0,44.444444444444436,36.36363636363636,-0.0006550805681584081,-0.0006235136273070826,-3.156694085132547e-05,0.01926609121574945,0.017333907332877454,-0.31052950170344396,0.020839026173270853,0.01706097258844265,-0.5029045429806056,0.022449605238911725,0.017150393801453497,-0.679346471182273,290180.2,170055.05,2.373221880748583,4.049641571949789,0.0,-0.052631589266732504,-0.1428571681992541,-0.052631589266732504,0.0,-0.05263158926673246,-0.14285716819925406,-0.05263158926673246,0.0,0.0,0.0,0.0,-100.0,-100.0,0.0008571429976395198,0.0007619048867906843,-72.4637681159419,-92.10526315789481,28.489552552225092,29.522126769791313,0.020033862491068994,-0.02777773178653753,HOLD,0,1
0.017000000923871994,0.017000000923871994,0.01600000075995922,0.01600000075995922,104988,0.0,0.0,EMP,2023-03-15 00:00:00+11:00,Energy,-0.11111103062644068,-0.11778294511113331,-0.0010000001639127731,-0.05882353585690328,0.017799999564886093,0.8988764691613974,0.017999999411404132,0.8888889601753105,0.018699999433010817,0.8556150398440477,0.019739999547600747,0.8105370378239904,0.022844999842345715,0.7003721107627877,0.02815249995328486,0.5683332132673471,0.06297078422927595,0.9996302096002337,0.05199966159320276,0.8254690370107874,0.04833780147391915,0.767338809741609,0.04267976660425765,0.6775202906948725,20.000007450582146,36.363642521141024,30.76923517785825,-0.0008051309033401018,-0.0006598370825136865,-0.0001452938208264153,0.01963299182703368,0.016367006995774584,-1.2247446052429298,0.020762190223297394,0.01663780864272424,-1.3092865537802083,0.022591708934363457,0.016888290160838038,-1.3114936623634048,292401.8,175304.45,0.3590538772333139,0.5988895318972222,-0.11111103062644068,-0.157894669766239,-0.23809519163470083,-0.157894669766239,-0.1111110306264407,-0.157894669766239,-0.23809519163470086,-0.157894669766239,0.0,0.0,0.0,0.0,-100.0,-100.0,0.0009285714477300644,0.0008571429089421318,-218.11579753314095,-206.41013847947377,8.297061364541378,28.40324014316623,0.019911830695113233,0.12499989813659829,BUY,0,0
0.017500000074505806,0.017500000074505806,0.017000000923871994,0.017000000923871994,110000,0.0,0.0,EMP,2023-03-16 00:00:00+11:00,Energy,0.06250000727595717,0.06062462866439451,-0.000499999150633812,-0.028571379914575902,0.017399999871850015,0.9770115545445983,0.01789999958127737,0.949720744220199,0.01854999950155616,0.9164421229470041,0.01969999957829714,0.8629442278059921,0.022594999857246875,0.7523788905189834,0.02802749996073544,0.6065471750133905,0.06513828156927873,1.034038163174482,0.055559832091697764,0.8819849915948272,0.05034105849822448,0.79913952913234,0.043659291684530685,0.6930697692869907,40.000014901164306,36.363642521141024,35.714290465931356,-0.000833744333459896,-0.0006946185327029285,-0.0001391258007569675,0.019651188616215367,0.016148810546339373,-0.5139357541930025,0.02065012438978709,0.016449874613325227,-0.7380506684961136,0.02264853793735053,0.016751461219243747,-0.9157074881304786,305138.6,154554.45,0.3604919207206168,0.7117232794008842,-0.1052630804995065,-0.05555546357307506,-0.14999993480741836,-0.1052630804995065,-0.10526308049950654,-0.055555463573075094,-0.14999993480741833,-0.10526308049950654,25.000011641535696,8.333337213845246,20.000007450582153,6.6666691501940605,-74.99998835846431,-79.99999254941785,0.0009642856727753367,0.0009285714477300644,-120.20190957216406,-125.85718795520444,15.084832797872792,31.271633007435256,0.019598884300300913,0.11764696214645087,BUY,0,0
0.017000000923871994,0.017500000074505806,0.017000000923871994,0.017500000074505806,120000,0.0,0.0,EMP,2023-03-17 00:00:00+11:00,Energy,0.029411713144773755,0.028987486785316968,0.000499999150633812,0.029411713144773758,0.017300000041723253,1.0115606955086822,0.01784999966621399,0.9803921793695799,0.01842499952763319,0.9497965005784612,0.019669999592006205,0.8896797375439562,0.022349999863654376,0.7829977709737864,0.027924999967217444,0.6266786068057272,0.06527487687464432,1.0362065464240198,0.0565804692236828,0.898187103775251,0.05097758460846552,0.8092440678765225,0.04387445334152528,0.6964853547034964,45.45455161205219,47.368425180377606,40.74074227378208,-0.0008067749309851324,-0.0007170498123593693,-8.97251186257631e-05,0.019616979712982725,0.016083019619445253,-0.19807784040811585,0.020458274840878372,0.01639172421438801,-0.4549307450406473,0.022677541250859353,0.016662457933153057,-0.7215193548899582,271028.4,160554.45,0.4427580283099483,0.7474099908161996,-0.02777773178653753,-0.02777773178653753,-0.12499997671693508,-0.07894733488311956,-0.027777731786537547,-0.027777731786537547,-0.12499997671693511,-0.0789473348831195,37.499994179232154,20.8333352735893,29.999992549417847,16.666666666666675,-62.500005820767846,-70.00000745058215,0.0008571427315473557,0.0009047618756691614,-88.32385828954853,-101.10390166252375,29.852171006471025,43.44573833501663,0.01931097361707358,0.14285711244661004,BUY,0,0
0.017000000923871994,0.017000000923871994,0.014999999664723873,0.014999999664723873,198187,0.0,0.0,EMP,2023-03-20 00:00:00+11:00,Energy,-0.14285716566504258,-0.154150706436475,-0.002000001259148121,-0.11764712649748445,0.016700000129640104,0.8982035657653096,0.017449999693781137,0.8595988497392123,0.018174999533221124,0.8253094938080281,0.019589999597519635,0.7656967826902396,0.022169999862089753,0.6765899755540173,0.027799999970011414,0.5395683338454952,0.08982297926198335,1.42589559087672,0.06804191292241676,1.0801318819309613,0.05948170410566012,0.9442427797314379,0.048260908860036755,0.7661181773376659,21.428566676924518,31.81818143333774,34.37500018189894,-0.0009758812730631741,-0.0007688161045001304,-0.00020706516856304371,0.019780950139822878,0.015119049247739397,-1.0510734079386739,0.020587139417853423,0.015762859648588826,-1.3162586003925902,0.02287067906618184,0.01630932012885743,-1.3991003926596555,244367.4,157963.85,0.8110206189532646,1.254635158613822,-0.16666664941995157,-0.21052630804995065,-0.25,-0.21052630804995065,-0.16666664941995157,-0.21052630804995065,-0.25,-0.21052630804995065,0.0,20.833335273589295,0.0,16.666666666666675,-100.0,-100.0,0.0009642856062522956,0.0010238095142302058,-204.8514248883437,-204.36642771871027,24.09602634342741,40.22001560354838,0.01904609578850443,0.0666667411724744,BUY,0,0
0.014999999664723873,0.01600000075995922,0.014000000432133675,0.014999999664723873,1404484,0.0,0.0,EMP,2023-03-21 00:00:00+11:00,Energy,0.0,0.0,0.0,0.0,0.016100000217556955,0.9316769852193209,0.017149999737739563,0.8746355623385527,0.01792499953880906,0.8368200865081012,0.01952999960631132,0.7680491534611434,0.02199999984353781,0.6818181714273926,0.02766999996267259,0.5421033496551928,0.08982297926198335,1.42589559087672,0.06737071628355913,1.069476965607523,0.05948170410566012,0.9442427797314379,0.047739602232506236,0.7578426911781326,24.999996119488102,31.81818143333774,34.37500018189894,-0.0010972508428045112,-0.0008345030521610067,-0.00026274779064350447,0.019900756674448405,0.014399242801030722,-0.7816030723485404,0.020566270706385385,0.015283728371232735,-1.1074212712393394,0.023031661089605082,0.016028338123017558,-1.2936715793916205,387531.8,226938.0,3.624177422343147,6.188844530224114,-0.16666664941995157,-0.16666664941995157,-0.25,-0.16666664941995157,-0.16666664941995157,-0.16666664941995157,-0.25,-0.16666664941995157,16.666656318636544,18.055550165956245,16.666656318636544,15.555549622684808,-83.33334368136346,-83.33334368136346,0.001107142772525549,0.0010714285696546237,-186.15671204352185,-222.57281058723373,12.362331963901724,20.30391669812188,0.018641486176126376,0.0666667411724744,BUY,0,0
0.014999999664723873,0.014999999664723873,0.014999999664723873,0.014999999664723873,0,0.0,0.0,EMP,2023-03-22 00:00:00+11:00,Energy,0.0,0.0,0.0,0.0,0.015899999998509884,0.9433962054169587,0.01684999978169799,0.8902077067690212,0.017724999552592637,0.8462623437713894,0.019469999615103005,0.770416022663312,0.021809999821707605,0.6877578994656522,0.027534999963827432,0.5447612015409219,0.07851812192612967,1.2464365441703218,0.06737071628355913,1.069476965607523,0.05887169523831231,0.9345591891681588,0.047739602232506236,0.7578426911781326,24.999996119488102,35.00000046566133,34.37500018189894,-0.0011798366784388434,-0.000903569777416574,-0.00027626690102226933,0.019833286174628834,0.013866713388767141,-0.6201215281770631,0.02061736657646868,0.014832632528716591,-0.9421348899964316,0.02317553881535101,0.015764460414855,-1.2063021624707035,366534.2,226438.0,0.0,0.0,-0.06250006548361542,-0.16666664941995157,-0.21052630804995065,-0.16666664941995157,-0.06250006548361542,-0.16666664941995157,-0.21052630804995065,-0.16666664941995157,19.999988824126774,12.222215047587786,16.666656318636544,11.111104212424372,-80.00001117587323,-83.33334368136346,0.0009642856062522956,0.0010238095142302058,-144.54933718795638,-186.3603892386966,13.443005629884212,20.478109114345997,0.01808450788684725,0.1000000186264518,BUY,0,0
0.017000000923871994,0.017999999225139618,0.01600000075995922,0.017999999225139618,423334,0.0,0.0,EMP,2023-03-23 00:00:00+11:00,Energy,0.19999997516473078,0.18232153609789672,0.000999998301267624,0.058823426289547516,0.01609999965876341,1.1180123979283452,0.016749999765306712,1.0746268344684968,0.017674999544396996,1.018387535452336,0.01944999961182475,0.9254498500964702,0.021689999820664524,0.829875489809393,0.02741999995429069,0.6564551150673132,0.12224450053050506,1.940571285294119,0.09444200509910522,1.4992203528631585,0.07534646396414521,1.1960880349033087,0.05512341567946296,0.8750570958257853,50.0,50.0,47.22222164733172,-0.0009917790442338405,-0.0009212116307800274,-7.056741345381307e-05,0.019468250445069033,0.014031749085544392,0.45985437220315684,0.020508538840396138,0.014841460248397853,0.11469743200721073,0.0231766275157296,0.0157233717079199,-0.3890918074127515,429201.0,232478.95,0.9863304139552331,1.8209562629218687,0.05882342628954751,-0.052631589266732504,-0.052631589266732504,-0.052631589266732504,0.058823426289547516,-0.05263158926673246,-0.05263158926673246,-0.05263158926673246,79.99999254941785,38.88887923072707,66.66665631863654,33.33332298530322,-20.000007450582153,-33.33334368136346,0.001107142706002508,0.0011190475807303475,3.8567499762378796,-31.12245377972559,28.5233750998123,29.590983503973305,0.014000000432133675,-0.05555546357307506,SELL,0,2
0.017999999225139618,0.017999999225139618,0.017999999225139618,0.017999999225139618,0,0.0,0.0,EMP,2023-03-24 00:00:00+11:00,Energy,0.0,0.0,0.0,0.0,0.01619999948889017,1.1111110983357668,0.016749999765306712,1.0746268344684968,0.01757499952800572,1.0241820602303096,0.01940999960526824,0.927357011396027,0.021569999819621443,0.8344923215421483,0.027294999943114816,0.6594614128101558,0.12222428125401143,1.940250314230368,0.09272489168403862,1.4719620224482042,0.07432244039619877,1.1798321647185768,0.05460565894583547,0.8668379624849405,64.28570478242173,45.833332039829564,47.22222164733172,-0.000833138116646058,-0.0009035969279532336,7.045881130717554e-05,0.019468250445069033,0.014031749085544392,0.45985437220315684,0.02019626833132415,0.014953730724687291,0.16213510670705125,0.023155418646191937,0.01566458056434454,-0.37645998077184056,405201.0,232380.8,0.0,0.0,0.028571379914575923,0.0,-0.10000001862645191,-0.10000001862645191,0.028571379914575902,0.0,-0.10000001862645191,-0.10000001862645191,79.99999254941785,59.99999130765417,66.66665631863654,49.999989651969884,-20.000007450582153,-33.33334368136346,0.0010357141228658812,0.0010714285253059295,54.37679893262375,16.489342445370614,27.71069571311432,22.564981604895692,0.014080000407993794,-0.11111103062644068,SELL,0,2
0.017999999225139618,0.017999999225139618,0.017999999225139618,0.017999999225139618,0,0.0,0.0,EMP,2023-03-27 00:00:00+11:00,Energy,0.0,0.0,0.0,0.0,0.01679999940097332,1.0714285635091616,0.016749999765306712,1.0746268344684968,0.01757499952800572,1.0241820602303096,0.01936999959871173,0.9292720494602784,0.02145999982021749,0.8387697752066986,0.027169999931938946,0.6624953724780916,0.08944270799332149,1.4198589716309862,0.09272489168403862,1.4719620224482042,0.07070528895199038,1.1224116656635756,0.05460565894583547,0.8668379624849405,58.333320398295676,50.0,44.11764576979567,-0.0006993523401411482,-0.0008627480103908167,0.00016339567024966847,0.019468250445069033,0.014031749085544392,0.45985437220315684,0.02019626833132415,0.014953730724687291,0.16213510670705125,0.023132380602981995,0.015607618594441462,-0.36413121691215555,365563.6,211630.8,0.0,0.0,0.19999997516473078,0.0,0.0,-0.10000001862645191,0.19999997516473078,0.0,0.0,-0.10000001862645191,79.99999254941785,79.99999254941785,66.66665631863654,66.66665631863654,-20.000007450582153,-33.33334368136346,0.0009642855397292546,0.0010238094698815118,54.37679893262375,24.43180248739019,28.14150470373049,22.51307710089786,0.01415840038433671,-0.11111103062644068,SELL,0,2
0.017999999225139618,0.017999999225139618,0.017999999225139618,0.017999999225139618,0,0.0,0.0,EMP,2023-03-28 00:00:00+11:00,Energy,0.0,0.0,0.0,0.0,0.01739999931305647,1.0344827549293594,0.016749999765306712,1.0746268344684968,0.01752499951981008,1.0271041208755871,0.019329999592155218,0.9311950131879279,0.021379999807104467,0.8419082968914858,0.027064999924041332,0.6650655560930024,0.08944270799332149,1.4198589716309862,0.09272489168403862,1.4719620224482042,0.06958686657048664,1.1046572607704506,0.05460565894583547,0.8668379624849405,54.54544684857372,50.0,50.0,-0.0005865645968379692,-0.0008075113276802471,0.00022094673084227794,0.019468250445069033,0.014031749085544392,0.45985437220315684,0.020068825411056288,0.014981173628563871,0.18672650001877214,0.023107538026334556,0.015552461157975879,-0.3520812270185516,84666.8,210315.0,0.0,0.0,0.19999997516473078,0.0,-0.052631589266732504,-0.10000001862645191,0.19999997516473078,0.0,-0.05263158926673246,-0.10000001862645191,79.99999254941785,79.99999254941785,66.66665631863654,66.66665631863654,-20.000007450582153,-33.33334368136346,0.0009642855397292546,0.0009285713590326763,54.37679893262375,24.43180248739019,28.14150470373049,25.80406307844727,0.014235232361152768,-0.11111103062644068,SELL,0,2
0.017999999225139618,0.017999999225139618,0.017999999225139618,0.017999999225139618,0,0.0,0.0,EMP,2023-03-29 00:00:00+11:00,Energy,0.0,0.0,0.0,0.0,0.017999999225139618,1.0,0.01694999961182475,1.0619468812602426,0.017474999511614443,1.0300429029011555,0.019289999585598707,0.933125951883267,0.021294999802485108,0.8452688139043342,0.026964999926276503,0.6675319589969371,0.08944270799332149,1.4198589716309862,0.08363793287363223,1.3277110233308682,0.06958686657048664,1.1046572607704506,0.05460565894583547,0.8668379624849405,100.0,44.99999813735446,46.42857047824217,-0.0004915136344569859,-0.000744311789035595,0.00025279815457860907,0.0197168667500277,0.0141831324736218,0.3794904348015895,0.019934673789281744,0.015015325233947142,0.21344277910775744,0.023080912561827368,0.015499086609370046,-0.340287516107117,84666.8,210315.0,0.0,0.0,0.19999997516473078,0.12499989813659829,-0.052631589266732504,-0.10000001862645191,0.19999997516473078,0.12499989813659824,-0.05263158926673246,-0.10000001862645191,100.0,86.66666169961191,66.66665631863654,66.66665631863654,-0.0,-33.33334368136346,0.000892856956592628,0.0008809523036082586,62.16543285876249,28.823515954308295,26.650905036888986,25.070910254941836,0.014310527698432505,-0.2222221647331719,SELL,0,2
0.017999999225139618,0.017999999225139618,0.017000000923871994,0.017999999225139618,1500000,0.0,0.0,EMP,2023-03-30 00:00:00+11:00,Energy,0.0,0.0,0.0,0.0,0.017999999225139618,1.0,0.017049999441951513,1.0557184641807453,0.017474999511614443,1.0300429029011555,0.01922999957576394,0.9360374218533772,0.021214999789372087,0.8484562528328158,0.026854999926872552,0.6702662176188596,0.0,0.0,0.08200544709471158,1.3017961149916266,0.06849596477433582,1.0873397316259983,0.054114660064496674,0.8590435968807404,100.0,50.0,46.42857047824217,-0.00041144221225584976,-0.000677737873679646,0.0002662956614237962,0.01989604897361643,0.014203949910286597,0.33379594157392,0.019934673789281744,0.015015325233947142,0.21344277910775744,0.023005376405615462,0.01545462274591242,-0.32579538574767825,300000.0,275999.2,5.0,5.434798361734382,0.0,0.05882342628954751,0.0,-0.1428571681992541,0.0,0.058823426289547516,0.0,-0.14285716819925406,100.0,93.33333084980596,66.66665631863654,66.66665631863654,-0.0,-33.33334368136346,0.0008928568235465459,0.0009285712703352882,40.61729705471696,9.259277868685997,17.75093335878698,16.453912553641302,0.014384317128966647,-0.27777773178653753,SELL,0,2
0.01899999938905239,0.023000000044703484,0.017000000923871994,0.023000000044703484,3134521,0.0,0.0,EMP,2023-03-31 00:00:00+11:00,Energy,0.2777778352668281,0.24512250302441466,0.0040000006556510925,0.21052635706692985,0.01899999938905239,1.2105263570669298,0.01759999943897128,1.3068182260151158,0.017724999552592637,1.2976022919751935,0.019269999582320452,1.1935651553311488,0.021174999782815576,1.0861865539837678,0.026769999931566417,0.8591707173514985,0.12422602445987319,1.9720270024983084,0.11848652140137461,1.8809152160470173,0.09211786401430508,1.462325756929904,0.06701039667733064,1.063757069184035,100.0,67.85714760878913,63.8888917633414,5.4841072365585664e-05,-0.0005312220844705997,0.0005860631568361854,0.022332863359065175,0.012867135518877389,1.1409583493000737,0.021211439273468715,0.014238559831716558,1.513004931800552,0.023162483318544706,0.015377515846096198,0.9582571733494686,926904.2,425506.6,3.3817097818738984,7.36656258680829,0.2777778352668281,0.3142857112446611,0.2777778352668281,0.09523811213283606,0.2777778352668281,0.314285711244661,0.2777778352668281,0.09523811213283605,100.0,100.0,100.0,77.77777087909104,-0.0,-0.0,0.0013214281893202237,0.0011190474033355713,230.7201009992271,239.20469168331357,59.5523632536809,56.30130935710937,0.014456630770890107,-0.43478259813244724,SELL,0,2
0.020999999716877937,0.020999999716877937,0.017999999225139618,0.017999999225139618,1330000,0.0,0.0,EMP,2023-04-03 00:00:00+10:00,Energy,-0.21739133955850942,-0.2451225030244147,-0.0030000004917383194,-0.14285716819925406,0.01899999938905239,0.9473684107332675,0.017899999395012856,1.0055865828774622,0.017674999544396996,1.018387535452336,0.01918999956920743,0.9379885163740542,0.021094999769702555,0.8532827410120148,0.02667999993544072,0.674662641255448,0.175848098161298,2.7915020175508145,0.13234609465131317,2.1009291206279412,0.10524483326083588,1.6707099334957847,0.0736348438169123,1.1689169074117924,50.0,50.0,50.0,2.067730038166765e-05,-0.00042084220750014624,0.0004415195078818139,0.022266538999290583,0.013533459790735126,0.02290139084706719,0.021112792421879325,0.01423720666691467,0.09453730702375399,0.023017344918973698,0.015362654219441165,-0.31092055597765306,1192904.2,490690.8,1.1149260770479306,2.7104645124791418,0.0,0.19999997516473078,-0.052631589266732504,-0.18181821260570508,0.0,0.19999997516473078,-0.05263158926673246,-0.1818182126057051,44.444432946634386,81.48147764887814,44.444432946634386,70.37036308842364,-55.555567053365614,-55.555567053365614,0.001678571105003357,0.0013095236250332423,94.7368454074606,91.44894924250976,49.83011340642044,48.442333967543306,0.014798365541842641,-0.27777773178653753,SELL,0,2
0.017999999225139618,0.017999999225139618,0.014999999664723873,0.014999999664723873,3419009,0.0,0.0,EMP,2023-04-04 00:00:00+10:00,Energy,-0.16666664941995157,-0.18232153609789672,-0.0029999995604157448,-0.16666664941995157,0.018399999476969242,0.8152173962558503,0.017899999395012856,0.8379888364076171,0.01752499956637621,0.8559201161695406,0.019049999564886094,0.7874015751880971,0.020984999760985376,0.7147962752237615,0.02657999993301928,0.5643340745870344,0.1936092702421862,3.0734518834651365,0.14580006930421088,2.314504347089545,0.11129973220042026,1.7668284743423985,0.0772535497324747,1.226362082934531,38.46154121693044,47.49999732244766,42.00000037252904,-0.00024564103064039777,-0.00038580197212819653,0.00014016094148779876,0.022266538999290583,0.013533459790735126,-0.6641414009958745,0.02115926613455799,0.013890732998194431,-0.694775645726943,0.022968818729088798,0.015131180400683392,-1.0334745571211392,1876706.0,659771.2,1.8218138589635244,5.182113132552619,-0.16666664941995157,0.0,-0.16666664941995157,-0.3181818297271394,-0.16666664941995157,0.0,-0.16666664941995157,-0.31818182972713943,11.111103062644071,51.85184533642617,11.111103062644071,51.85184533642616,-88.88889693735592,-88.88889693735592,0.0017499997546630247,0.001404761691533384,-79.03783383969765,-102.70885014980512,37.121971012104204,36.07025597830885,0.023000000044703484,-0.13333329608042954,SELL,0,2
0.01600000075995922,0.01600000075995922,0.01600000075995922,0.01600000075995922,556091,0.0,0.0,EMP,2023-04-05 00:00:00+10:00,Energy,0.0666667411724744,0.06453859098676348,0.0,0.0,0.017999999783933164,0.8888889417788134,0.01799999950453639,0.8888889555761862,0.017424999643117188,0.9182210093346638,0.01894999958574772,0.8443272353416202,0.020894999764859676,0.7657334740375228,0.02648499993607402,0.6041155672485521,0.19769161729661133,3.1382571338939327,0.1468443438197995,2.3310816911019243,0.11239575147142158,1.7842272408816213,0.07767358770443042,1.2330299790245236,42.85714950944587,47.49999976716938,46.00000312924381,-0.0003717234985660886,-0.000382986277415775,1.1262778849686407e-05,0.022109608808424892,0.01389039020064789,-0.4866639616288529,0.021113887396230505,0.013736111890003873,-0.38629499690124997,0.02292055449414171,0.01497944467735373,-0.7429689033016584,1987924.2,682881.75,0.2797345089918418,0.8143298601844317,-0.11111103062644068,0.0666667411724744,-0.11111103062644068,-0.23809519163470083,-0.1111110306264407,0.0666667411724743,-0.1111110306264407,-0.23809519163470086,22.222226821346247,25.92592094354158,22.222226821346247,25.92592094354158,-77.77777317865376,-77.77777317865376,0.0017142855961407935,0.001404761735882078,-68.47821962354378,-90.46607197962314,39.173868134364874,38.71211063386247,0.022840000037103892,-0.18750002182787184,SELL,0,2
0.017000000923871994,0.017000000923871994,0.016499999910593033,0.017000000923871994,282885,0.0,0.0,EMP,2023-04-06 00:00:00+10:00,Energy,0.06250000727595717,0.06062462866439451,0.0,0.0,0.01780000012367964,0.9550562250421901,0.01789999967440963,0.9497207392788783,0.01732499971985817,0.9812410504334002,0.0188699996098876,0.9009009684856721,0.020814999770373106,0.8167187658617625,0.026409999933093786,0.6436956064725191,0.2002768323806852,3.179296151082367,0.13353968115034787,2.119876718896082,0.11258677162793965,1.7872595918589058,0.07821553357103904,1.2416331029471583,46.66667287548282,48.780490020993376,48.07692638339368,-0.00038649780083315974,-0.000383688582099252,-2.8092187339077155e-06,0.02205799047766719,0.013742008871152067,-0.21645039470326252,0.020941846007650533,0.013708153432065806,-0.08985695551484098,0.022833146127016243,0.014906853092758956,-0.47184697258441183,1744501.2,694710.2,0.16215809997723132,0.4071985699936463,-0.05555546357307506,-0.05555546357307506,-0.1052630804995065,-0.1904761355682828,-0.055555463573075094,-0.055555463573075094,-0.10526308049950654,-0.19047613556828286,33.33334023201937,22.222223372003242,33.33334023201937,22.22222337200324,-66.66665976798063,-66.66665976798063,0.0017499999542321479,0.0014523807913064957,-21.60490215995731,-34.90165063674577,39.92399755982221,39.9850966691003,0.022683200029656292,-0.23529414342761312,SELL,0,2
0.01600000075995922,0.01600000075995922,0.01600000075995922,0.01600000075995922,12765,0.0,0.0,EMP,2023-04-11 00:00:00+10:00,Energy,-0.05882353585690325,-0.060624628664394574,0.0,0.0,0.016400000266730785,0.9756097865691498,0.01769999982789159,0.9039548539851668,0.01722499979659915,0.9288824934046276,0.01878999963402748,0.8515168212661509,0.02071499977260828,0.7723872042285144,0.026339999940246342,0.6074411843681113,0.12958036890090274,2.0570245854467806,0.1349399288549848,2.1421049620982315,0.11274870180338739,1.7898301537028567,0.07836701911835259,1.2440378614596312,43.75000582076514,52.63158152720906,44.23077198616141,-0.00047344066838207743,-0.0004016389993558172,-7.180166902626025e-05,0.02202563367989713,0.013374365975886048,-0.3930057711990994,0.020873719523002824,0.013576280070195474,-0.3357339364203062,0.02282095121150038,0.014759048056554583,-0.692143981500611,1120150.0,680820.9,0.011395795205999197,0.01874942440809323,-0.3043477943973416,-0.11111103062644068,-0.11111103062644068,-0.19999994412064426,-0.30434779439734155,-0.1111110306264407,-0.1111110306264407,-0.19999994412064429,22.222226821346247,25.925931291570635,22.222226821346247,25.92593129157063,-77.77777317865376,-77.77777317865376,0.0016428570795272077,0.0014523807913064957,-67.47744814318888,-77.77775210417805,40.463720513828314,39.71832623410121,0.022529536022357643,-0.18750002182787184,SELL,0,2
0.01600000075995922,0.017000000923871994,0.01600000075995922,0.017000000923871994,200000,0.0,0.0,EMP,2023-04-12 00:00:00+10:00,Energy,0.06250000727595717,0.06062462866439451,0.0010000001639127731,0.06250000727595727,0.01620000060647726,1.0493827337929154,0.017599999997764827,0.9659091435244868,0.017174999881535768,0.9898108320890349,0.018729999661445618,0.9076348761962498,0.02062499977648258,0.8242424779687052,0.026264999937266113,0.6472492276594881,0.10400256213164931,1.6509894906833262,0.13656252016703105,2.167862800645242,0.11360863634300074,1.8034811913165272,0.07888761646397234,1.2523020881178926,47.058829007778954,55.000002561136775,48.07692638339368,-0.0004563908715526366,-0.0004125893737951811,-4.3801497757455475e-05,0.021941018447937416,0.013258981547592238,-0.13821619990326894,0.020806368765003625,0.013543630998067912,-0.04819090631647829,0.02277671650491263,0.014683282817978604,-0.4275067429950081,894150.0,674246.3,0.22367611698260917,0.29662750837490687,-0.05555546357307506,-0.05555546357307506,-0.05555546357307506,-0.14999993480741836,-0.055555463573075094,-0.055555463573075094,-0.055555463573075094,-0.14999993480741833,25.000014551914536,26.851860535093397,33.33334023201937,29.629635761795004,-74.99998544808547,-66.66665976798063,0.0015714284963905811,0.0014523807913064957,-42.80697400988903,-32.627074398870306,45.80281375677475,41.52107040399036,0.02237894529520497,-0.23529414342761312,SELL,0,2
0.01600000075995922,0.017000000923871994,0.01600000075995922,0.017000000923871994,910000,0.0,0.0,EMP,2023-04-13 00:00:00+10:00,Energy,0.0,0.0,0.0010000001639127731,0.06250000727595727,0.016600000858306884,1.0240963882459646,0.017500000167638065,0.9714286149156331,0.017124999966472387,0.9927007858192632,0.018669999688863754,0.9105517518573994,0.02050499979406595,0.8290661348258932,0.02618999993428588,0.6491027478628183,0.0551989591281013,0.8762563108954486,0.13656252016703105,2.167862800645242,0.11360863634300074,1.8034811913165272,0.07888761646397234,1.2523020881178926,25.000007761020186,55.000002561136775,48.07692638339368,-0.0004378317330503388,-0.0004176378456462126,-2.0193887404126203e-05,0.02184613472158011,0.013153865613696017,-0.11504458446012894,0.020736020837879312,0.013513979095065461,-0.03461598452398047,0.022728801984396828,0.014611197393330678,-0.4114511236060157,392348.2,685313.2,2.3193683569849433,1.327860020790494,0.13333342025677553,-0.05555546357307506,-0.05555546357307506,-0.14999993480741836,0.13333342025677558,-0.055555463573075094,-0.055555463573075094,-0.14999993480741833,25.000014551914536,24.074085308391787,33.33334023201937,29.629635761795004,-74.99998544808547,-66.66665976798063,0.0016428570795272077,0.0014999998467309134,-55.68624123568449,-29.02068633931297,45.80281375677475,41.52107040399036,0.022231366382595347,-0.23529414342761312,SELL,0,2
0.017000000923871994,0.017000000923871994,0.017000000923871994,0.017000000923871994,0,0.0,0.0,EMP,2023-04-14 00:00:00+10:00,Energy,0.0,0.0,0.0,0.0,0.01680000089108944,1.0119047632246634,0.017400000337511302,0.9770115283976759,0.017174999974668027,0.9898108267217383,0.01860999971628189,0.9134874359508287,0.020374999810010196,0.8343558813443487,0.026119999941438436,0.6508423032919731,0.05098246003088575,0.8093214628080845,0.13656252016703105,2.167862800645242,0.11039446961321167,1.7524578762806093,0.07888761646397234,1.2523020881178926,42.85715616174888,47.058829007778954,48.07692638339368,-0.00041830156205224095,-0.0004177705889274183,-5.309731248226359e-07,0.02174101880675409,0.013058981868268513,-0.09214414001539159,0.02074792424551846,0.013602075703817594,-0.048979221928591034,0.022677240452826264,0.014542758979737516,-0.39584546298033735,281130.0,680063.8,0.0,0.0,0.06250000727595717,-0.05555546357307506,0.06250000727595717,-0.14999993480741836,0.06250000727595727,-0.055555463573075094,0.06250000727595727,-0.14999993480741833,25.000014551914536,25.000014551914536,33.33334023201937,33.33334023201937,-74.99998544808547,-66.66665976798063,0.0014285713966403688,0.0014999998467309134,-31.417585343735293,-5.18897754294476,43.704154649377884,41.52107040399036,0.022086739048237918,-0.2941176792845164,SELL,0,2
0.017999999225139618,0.01899999938905239,0.017999999225139618,0.01899999938905239,1522654,0.0,0.0,EMP,2023-04-17 00:00:00+10:00,Energy,0.11764696214645087,0.11122554860967668,0.0010000001639127731,0.05555556705336561,0.01720000058412552,1.1046510897556687,0.01750000035390258,1.08571422884659,0.017274999897927044,1.0998552533324382,0.018549999706447124,1.024258743381482,0.020284999795258045,0.9366526783743895,0.026069999942556023,0.7288070360919818,0.06757105866431791,1.0726573023068489,0.14129386687707532,2.2429706012124466,0.11247592944812097,1.7855000268034469,0.07938305040420374,1.2601668580993712,83.3333307463262,52.6315792053525,55.76922801383859,-0.00023868913955156154,-0.000381954299052247,0.00014326515950068545,0.021947221274142063,0.013052779433663095,0.3372890760437052,0.020938115936048857,0.013611883859805232,0.47091041429574926,0.022499941342602935,0.014600058070291314,0.11392565360616788,529083.8,750696.5,2.8779070536652225,2.028321698582583,0.11764696214645087,0.05555556705336562,0.11764696214645087,-0.13636365945427886,0.11764696214645079,0.05555556705336561,0.11764696214645079,-0.13636365945427883,49.999994179234186,33.33334109435443,55.555546357307506,40.74074227378208,-50.000005820765814,-44.444453642692494,0.0015714284298675401,0.0014999998467309134,69.5970606598471,93.13304087785095,51.046747756654604,48.361476481610914,0.021945004260567638,-0.3157894375664364,SELL,0,2
0.019999999552965164,0.019999999552965164,0.019999999552965164,0.019999999552965164,205000,0.0,0.0,EMP,2023-04-18 00:00:00+10:00,Energy,0.05263158926673239,0.05129330419094626,0.0,0.0,0.018000000342726707,1.1111110651198737,0.017200000304728746,1.1627906510831063,0.017399999871850015,1.1494252701301146,0.018509999699890613,1.0804970220006733,0.020204999782145024,0.9898539850833843,0.02601999994367361,0.7686394925541834,0.049193422638210485,0.7809213746447995,0.10888819743698366,1.7285465467701573,0.11278953482547607,1.7904783578332117,0.07972940165674902,1.2656650137824343,83.33332815931827,55.00000046566126,55.76922801383859,-1.5474959108682795e-05,-0.00030865843106353416,0.00029318347195485137,0.020151458731913208,0.014248541877544284,0.9486832755111756,0.02126073307021157,0.013539266673488462,0.6734471271463557,0.022356492671431735,0.014663506728349492,0.38736580674878324,567530.8,754946.5,0.36121387596937465,0.27154242055562877,0.24999991268851285,-0.13043480373510563,0.14285711244661004,-0.09090910630285254,0.24999991268851277,-0.13043480373510563,0.14285711244660995,-0.09090910630285255,62.49999563442564,45.8333347885248,66.66665976798063,51.85184878576917,-37.50000436557436,-33.33334023201937,0.0016428570130041667,0.0014761903633673985,126.0388026873684,150.7348538842313,51.95076243183062,48.80828099030761,0.021806104168650763,-0.3999999813735481,SELL,0,2
0.019999999552965164,0.019999999552965164,0.019999999552965164,0.019999999552965164,1511871,0.0,0.0,EMP,2023-04-19 00:00:00+10:00,Energy,0.0,0.0,0.0,0.0,0.01860000006854534,1.0752687892075536,0.017400000337511302,1.1494252393690318,0.01764999986626208,1.1331444591790112,0.018469999693334103,1.0828370268020764,0.020134999770671128,0.9932952461264685,0.025969999944791197,0.7701193529257809,0.05199022715077323,0.8253192698802249,0.08044586064895293,1.2770384476901195,0.10678339520741748,1.6951338472197186,0.07972940165674902,1.2656650137824343,79.99999254941785,55.00000046566126,54.901959495286015,0.0001595842986070635,-0.00021500988512941462,0.0003745941837364781,0.020825394899892664,0.013974605775129939,0.7590364170036867,0.02150391069856558,0.013796089033958575,0.6097701241568366,0.022208437361989505,0.0147315620246787,0.4092618348191837,829905.0,820630.7,1.821739837692266,1.8423281020317666,0.17647049800335401,0.11111113410673124,0.33333333333333326,-0.09090910630285254,0.17647049800335407,0.11111113410673122,0.3333333333333333,-0.09090910630285255,62.49999563442564,58.33332848269517,66.66665976798063,62.96295529775626,-37.50000436557436,-33.33334023201937,0.0016428570130041667,0.0014523808800038836,104.40098625195871,129.1379542407752,51.95076243183062,48.388294184236486,0.021669982078572226,-0.3499999720603222,SELL,0,2
0.019999999552965164,0.019999999552965164,0.017999999225139618,0.017999999225139618,1437537,0.0,0.0,EMP,2023-04-20 00:00:00+10:00,Energy,-0.10000001862645191,-0.1053605363538842,-0.0020000003278255463,-0.10000001862645191,0.018799999728798866,0.9574467811063974,0.017700000293552877,1.0169490918989428,0.017799999844282866,1.0112359203711447,0.018369999676942826,0.9798584399395709,0.02004499975591898,0.8979795182997942,0.02590999994426966,0.6947124378176835,0.08003605622185227,1.2705330040884295,0.06515129021016705,1.0342446689465947,0.11005252252160176,1.7470296344849596,0.08072866193193558,1.281527778881452,66.66665631863654,50.0,55.99999880790717,0.0001353761775195611,-0.00014493267259961946,0.00028030885011918056,0.02068886730241591,0.014711133284689842,0.10037212451980616,0.02144763743465578,0.014152362253909954,0.05482983873853131,0.02187399122679342,0.014866008127092234,-0.10559399089275338,935412.4,822283.35,1.5367948938885136,1.7482258396695007,0.05882342628954751,0.19999997516473078,0.19999997516473078,-0.21739133955850942,0.058823426289547516,0.19999997516473078,0.19999997516473078,-0.21739133955850937,37.499992724042734,54.16666133096468,44.444432946634386,59.25925082753189,-62.500007275957266,-55.555567053365614,0.00178571417927742,0.0014285713522916748,36.78428937007588,55.752202382527784,46.34886703814377,44.246987070276454,0.02153658243029526,-0.27777773178653753,SELL,0,2
0.017999999225139618,0.019999999552965164,0.017999999225139618,0.019999999552965164,169649,0.0,0.0,EMP,2023-04-21 00:00:00+10:00,Energy,0.11111113410673124,0.1053605363538842,0.0020000003278255463,0.11111113410673122,0.0193999994546175,1.0309278409904725,0.01810000017285347,1.1049723404401581,0.01804999983869493,1.1080332261327723,0.01834999967366457,1.0899182511522674,0.019974999744445086,1.001251554885603,0.025859999945387246,0.7733951892963034,0.08996685151718506,1.4281794921236743,0.07000030974879862,1.1112204677568684,0.11205021338560586,1.7787419938202031,0.0813181903056093,1.2908862516867943,71.42856382593739,54.16666699004253,59.25925849273866,0.00027441113811777634,-6.106391045614028e-05,0.0003354750485739166,0.0211477667603861,0.01505223358532084,0.6234071165042437,0.021572857014173025,0.014527142663216837,0.5535278943023275,0.02180377571962444,0.0148962236277047,0.4777379474939369,969342.2,830765.8,0.17501456142113694,0.20420797293292525,0.17647049800335401,0.24999991268851285,0.33333333333333326,-0.04761905606641803,0.17647049800335407,0.24999991268851277,0.3333333333333333,-0.047619056066418024,62.49999563442564,54.16666133096468,62.49999563442564,57.87036278301357,-37.50000436557436,-37.50000436557436,0.0018571428954601288,0.0014285713522916748,58.39792478734499,83.44657945829415,52.57231656764036,48.54429905907555,0.02140585077498383,-0.3999999813735481,SELL,0,2
0.019999999552965164,0.019999999552965164,0.019999999552965164,0.019999999552965164,33587,0.0,0.0,EMP,2023-04-24 00:00:00+10:00,Energy,0.0,0.0,0.0,0.0,0.019599999487400054,1.0204081671442007,0.018400000035762788,1.086956495331118,0.018149999855086207,1.1019283588236795,0.01834999967366457,1.0899182511522674,0.01990499973297119,1.0047726612041403,0.025809999946504833,0.774893436436196,0.07794733086325623,1.2373755169526737,0.06903951482385338,1.09596832116284,0.10379859538076311,1.6477516188919017,0.08100055163745998,1.285843894150589,71.42856382593739,42.1052623839425,59.25925849273866,0.0003802144703458077,2.7191765704249342e-05,0.00035302270464155835,0.021555241372289785,0.015244758699235791,0.507092595003687,0.021778831230934388,0.014521168479238025,0.5098059144306616,0.02180377571962444,0.0148962236277047,0.4777379474939369,671528.8,811278.45,0.0500157253121534,0.04140008895835949,0.05263158926673239,0.17647049800335401,0.11111113410673124,0.0,0.05263158926673246,0.17647049800335407,0.11111113410673122,0.0,83.3333307463262,61.11110636826487,62.49999563442564,56.48147473849523,-16.666669253673795,-37.50000436557436,0.001428571529686451,0.0014285713522916748,94.85096430136689,111.11825606715418,33.31712334551385,48.67716806762256,0.02127773375277863,-0.3499999720603222,SELL,0,2
0.017999999225139618,0.017999999225139618,0.017000000923871994,0.017000000923871994,745530,0.0,0.0,EMP,2023-04-26 00:00:00+10:00,Energy,-0.14999993480741836,-0.16251885280062298,-0.000999998301267624,-0.055555463573075094,0.01899999976158142,0.8947369019575735,0.018500000052154065,0.9189189662673857,0.018099999940022826,0.9392265734919419,0.018289999701082707,0.9294697212524093,0.01982499973848462,0.8575032104979708,0.025749999955296518,0.6601942117819407,0.10122703129992879,1.6069293046617776,0.08464388326970781,1.3436799908065657,0.10983314874882014,1.7435471838032586,0.0838489218909815,1.3310603701465007,50.0,47.05882836326622,48.148151341984054,0.00021945976056437014,6.564536467627351e-05,0.0001538143958880966,0.021367440545621234,0.015632559558686896,-0.5231143006104185,0.0217649111978211,0.01443508868222455,-0.3001434247037307,0.021730988727616866,0.014849010674548548,-0.37489186023648235,779634.8,848554.95,0.9562554159973361,0.8785877685352022,-0.14999993480741836,0.06250000727595717,-0.05555546357307506,-0.14999993480741836,-0.14999993480741833,0.06250000727595727,-0.055555463573075094,-0.14999993480741833,40.00002607703267,61.94445081926151,25.000014551914536,50.00000194025528,-59.99997392296733,-74.99998544808547,0.0012857142303671157,0.0014285713079429808,-21.927707239752717,-40.03854297266581,36.09425576784009,44.89272903432078,0.021152179071017536,-0.23529414342761312,SELL,0,2
0.017000000923871994,0.017000000923871994,0.017000000923871994,0.017000000923871994,0,0.0,0.0,EMP,2023-04-27 00:00:00+10:00,Energy,0.0,0.0,0.0,0.0,0.018400000035762788,0.9239130918929503,0.018500000052154065,0.9189189662673857,0.018050000024959444,0.9418283047293342,0.018209999725222588,0.9335530576821135,0.019734999742358924,0.8614137900079842,0.025689999964088203,0.6617361209667625,0.10122703129992879,1.6069293046617776,0.08256850936780499,1.310734451475114,0.10983314874882014,1.7435471838032586,0.0835403854378732,1.3261625057945656,37.50000873114974,57.1428618945031,48.148151341984054,9.101137243857846e-05,7.071856622873451e-05,2.029280620984395e-05,0.021367440545621234,0.015632559558686896,-0.5231143006104185,0.02174779387273942,0.014352206177179468,-0.28395284981011915,0.021579066259680327,0.014840933190764849,-0.35914957124625213,477260.6,848554.95,0.0,0.0,-0.14999993480741836,0.0,-0.05555546357307506,-0.1904761355682828,-0.14999993480741833,0.0,-0.055555463573075094,-0.19047613556828286,25.000011641535696,49.444456154964875,25.000014551914536,37.50000824608491,-74.99998835846431,-74.99998544808547,0.0010714285474802767,0.0014285713079429808,-42.90510622684349,-54.44925628371619,57.228241774293274,44.89272903432078,0.02102913548289166,-0.23529414342761312,SELL,0,2
0.017999999225139618,0.017999999225139618,0.017500000074505806,0.017500000074505806,106000,0.0,0.0,EMP,2023-04-28 00:00:00+10:00,Energy,0.029411713144773755,0.028987486785316968,-0.000499999150633812,-0.027777731786537547,0.018300000205636026,0.9562841463311111,0.018549999967217446,0.9433962320988002,0.018025000067427754,0.9708737869094018,0.018139999732375144,0.9647188717027869,0.01965999973937869,0.8901322638094222,0.025632499968633055,0.6827270104718957,0.09446262540962384,1.4995476901446936,0.08296714709712909,1.3170626292451082,0.10998909946859825,1.746022824731145,0.0836496564509719,1.3278971293515691,33.33333333333333,55.555554022514,49.09091063028525,2.9223976408379593e-05,6.241964826466352e-05,-3.319567185628393e-05,0.021316866334984447,0.015783133599450445,-0.37949064145047307,0.02173096898757499,0.014319031147280517,-0.14166335558504622,0.02141663269423054,0.014863366770519748,-0.19532235234151377,210953.2,853854.95,0.5024811190349329,0.12414286524895125,-0.02777773178653753,0.029411713144773755,-0.02777773178653753,-0.1666666518837685,-0.027777731786537547,0.029411713144773758,-0.027777731786537547,-0.16666665188376845,37.499994179232154,34.16667729926686,31.250003637978633,27.083344247269242,-62.500005820767846,-68.74999636202136,0.0010714283479111536,0.0014761902746700105,-17.16623864550202,-16.789686103134922,53.750793068462386,45.278370507158314,0.020908552766528306,-0.2571428449786439,SELL,0,2
0.01899999938905239,0.01899999938905239,0.017999999225139618,0.017999999225139618,250000,0.0,0.0,EMP,2023-05-01 00:00:00+10:00,Energy,0.028571379914575923,0.028170829661421794,-0.0010000001639127731,-0.05263158926673246,0.017900000140070916,1.005586541021575,0.01864999979734421,0.9651474220231814,0.018025000067427754,0.9986129907242933,0.018079999722540378,0.9955751936599301,0.01957999972626567,0.9193053869655292,0.025572499968111517,0.70388109287654,0.0749798860186939,1.1902687904245979,0.08322605268779298,1.3211726280807539,0.11011485227383334,1.74801908862707,0.08374870687032535,1.3294695060127644,37.499994179232154,53.84614833536792,50.0,2.0367983256833894e-05,5.4009315263097594e-05,-3.36413320062637e-05,0.02123413863865121,0.016065860956037206,-0.2515346938076415,0.02173096898757499,0.014319031147280517,-0.006746101445217333,0.021251041704949288,0.014908957740131467,-0.025228457347633907,227023.4,866354.95,1.1012080693003452,0.2885653276408244,-0.10000001862645191,0.05882342628954751,0.0,-0.1428571681992541,-0.10000001862645191,0.058823426289547516,0.0,-0.14285716819925406,49.99997671692861,37.49999417923217,37.499992724042734,31.250003637978647,-50.00002328307139,-62.500007275957266,0.0011071425729564258,0.001547618813457943,13.33329757052835,18.264531248664948,53.655014531230535,46.19983663221781,0.020790381704492218,-0.27777773178653753,SELL,0,2
0.019999999552965164,0.019999999552965164,0.017999999225139618,0.01899999938905239,1513288,0.0,0.0,EMP,2023-05-02 00:00:00+10:00,Energy,0.05555556705336562,0.05406723216293787,-0.0010000001639127731,-0.05000000931322596,0.01770000010728836,1.0734462866601187,0.01864999979734421,1.0187667343437732,0.018075000075623394,1.0511756187861092,0.018059999719262122,1.0520487089923762,0.01949999971315265,0.9743589573612655,0.02551749996840954,0.7445870250837362,0.08216125787546043,1.3042695344562922,0.07623728927728159,1.2102294483442693,0.11066030160984533,1.756677828402308,0.08381362917467795,1.3305001156439138,57.142860944175176,61.53845933414717,51.7241382632542,9.296950616240543e-05,6.180135344295917e-05,3.116815271944626e-05,0.02123413863865121,0.016065860956037206,0.13544148097366165,0.021806444706125073,0.014343555445121715,0.24789308298127813,0.021194012780654,0.014925986657870245,0.29993482840585106,522963.6,867019.35,2.89367749495376,1.745391264912369,-0.0500000093132259,0.0,0.05555556705336562,-0.0500000093132259,-0.05000000931322596,0.0,0.05555556705336561,-0.05000000931322596,74.99998835846431,54.166653084875044,49.999994179234186,39.58333018041853,-25.000011641535696,-50.000005820765814,0.0011785711560930525,0.0016428569243067787,42.826993251255686,49.41655531743086,65.3606701000453,51.3400993876229,0.02067457406369685,-0.4210526160999013,SELL,0,2
0.01899999938905239,0.019999999552965164,0.01899999938905239,0.019999999552965164,100000,0.0,0.0,EMP,2023-05-03 00:00:00+10:00,Energy,0.05263158926673239,0.05129330419094626,0.0010000001639127731,0.05263158926673246,0.018299999833106994,1.092896160402289,0.01864999979734421,1.072386046664365,0.017925000051036477,1.1157600834600112,0.018059999719262122,1.107419704532659,0.019429999701678753,1.0293360710261443,0.025467499969527126,0.7853146000548132,0.02244642223123146,0.3563259062819401,0.07623728927728159,1.2102294483442693,0.09165278510169127,1.4549428580731252,0.08411262894445369,1.3352465898412667,50.0,61.53845933414717,53.333333954215064,0.00022856365249841748,9.515381325405084e-05,0.00013340983924436662,0.02123413863865121,0.016065860956037206,0.5224176557549648,0.02100763301789349,0.014842367084179464,0.6731257091707262,0.021194012780654,0.014925986657870245,0.6190145974827077,393857.6,715293.3,0.25389887106405973,0.1398027913864145,0.17647049800335401,0.0,-0.13043480373510563,0.0,0.17647049800335407,0.0,-0.13043480373510563,0.0,100.0,74.99998835846432,62.49999563442564,49.99999417923419,-0.0,-37.50000436557436,0.0011785711560930525,0.0016428570130041667,74.66667640209613,75.60157055879999,64.9432287629781,56.60854693585268,0.020561082575717392,-0.3999999813735481,SELL,0,2
0.017000000923871994,0.017000000923871994,0.01600000075995922,0.01600000075995922,524999,0.0,0.0,EMP,2023-05-04 00:00:00+10:00,Energy,-0.19999994412064426,-0.22314348146501753,-0.0010000001639127731,-0.05882353585690328,0.01809999980032444,0.8839779522910505,0.018249999918043613,0.8767123743458302,0.017825000127777456,0.8976157444748479,0.017979999743402003,0.8898776967908818,0.019319999702274798,0.8281574019939208,0.025397499976679682,0.6299832965705535,0.10875312160887697,1.7264022844743188,0.09966630728350176,1.5821535789857468,0.08956726392858427,1.4218362358051204,0.08890025608762249,1.4112478145868304,29.999998137354112,47.058822240383634,37.93103459349854,1.3105445741276589e-05,7.8744139751496e-05,-6.563869401021941e-05,0.021127111665276768,0.015372888170810459,-0.7820339826036161,0.02102491694384021,0.014625083311714701,-0.5703271280857085,0.021116095853518455,0.014843903633285551,-0.6313578774118818,498857.4,675043.25,1.0524029512241373,0.7777264641932202,-0.05882353585690325,-0.19999994412064426,-0.11111103062644068,-0.19999994412064426,-0.05882353585690328,-0.19999994412064429,-0.1111110306264407,-0.19999994412064429,0.0,58.33332945282145,16.666684775716572,43.055558196458804,-100.0,-83.33331522428342,0.0013928567724568503,0.0015476189021553313,-137.87878326065746,-81.65298421824845,60.37787491502389,41.360436973874855,0.020449860917497523,-0.18750002182787184,SELL,0,2
0.01600000075995922,0.01600000075995922,0.01600000075995922,0.01600000075995922,0,0.0,0.0,EMP,2023-05-05 00:00:00+10:00,Energy,0.0,0.0,0.0,0.0,0.01779999993741512,0.8988764503491739,0.018050000071525574,0.8864266313882021,0.017875000182539225,0.8951049284792985,0.017899999767541884,0.8938548026672081,0.019209999702870847,0.8328995839374268,0.02532749998383224,0.6317244406345983,0.10708981217133455,1.699998065723815,0.09536754752869325,1.513912883442329,0.08074043197760294,1.2817146225639864,0.08890025608762249,1.4112478145868304,42.85713905582483,47.058822240383634,45.83333592034086,-0.00015585019141307888,3.182527351858101e-05,-0.0001876754649316599,0.02126282046575218,0.014837179677298968,-0.6380684445511405,0.020916380278134195,0.014833620086944256,-0.6164962496123682,0.021029842397510785,0.014770157137572983,-0.6070589586165686,477657.4,504092.8,0.0,0.0,-0.08571424618059287,-0.11111103062644068,0.0666667411724744,-0.19999994412064426,-0.08571424618059292,-0.1111110306264407,0.0666667411724743,-0.19999994412064429,0.0,33.33333333333335,20.00002235174229,33.05556758729484,-100.0,-79.99997764825771,0.0013928567724568503,0.0013095236250332423,-143.37349265104288,-90.17909154597282,60.37787491502389,46.751226084719534,0.02034086369244205,-0.2500000291038291,SELL,0,2
0.01600000075995922,0.017000000923871994,0.01600000075995922,0.016499999910593033,811390,0.0,0.0,EMP,2023-05-08 00:00:00+10:00,Energy,0.031249945430320558,0.030771605750699496,0.000499999150633812,0.031249945430320485,0.017500000074505806,0.9428571337339829,0.01770000010728836,0.9322033791287266,0.017900000140070916,0.9217876972892395,0.0178499997779727,0.9243697543881432,0.019134999699890614,0.8622942340933173,0.025254999985918403,0.6533359698987545,0.10735393609671422,1.7041909030549556,0.08736026239977723,1.3868011726749436,0.07973395352669863,1.2657372724777562,0.08871995269225882,1.4083855869187936,46.666658388239995,41.93548348332037,53.48837330187918,-0.000246560798917491,-2.3851940968633418e-05,-0.0002227088579488576,0.02072581395660576,0.01467418625797096,-0.3965875815414213,0.020884167807280158,0.014915832472861674,-0.4691426171730981,0.020987982463722826,0.01471201709222257,-0.43021265652934965,589935.4,516857.75,1.3753878814527827,1.5698516661499222,-0.08333329883990315,-0.1749999860301611,0.031249945430320558,-0.13157892414985195,-0.08333329883990316,-0.17499998603016106,0.031249945430320485,-0.13157892414985195,12.499982537696457,4.166660845898838,12.499982537696457,16.388896555051783,-87.50001746230355,-87.50001746230355,0.0013214283223663057,0.001214285558533101,-93.96397067529453,-66.96010468455373,54.807634111084255,68.18704010112828,0.020234046411887686,-0.21212119159619658,SELL,0,2
0.017000000923871994,0.017000000923871994,0.017000000923871994,0.017000000923871994,668610,0.0,0.0,EMP,2023-05-09 00:00:00+10:00,Energy,0.030303091878076893,0.029853022913695175,0.0,0.0,0.017100000381469728,0.994152078633513,0.017400000244379044,0.9770115336270604,0.017900000140070916,0.9497207145722761,0.01780999980866909,0.9545199947502062,0.01906499970704317,0.8916863983791039,0.025189999993890523,0.6748710173876579,0.1039134791048356,1.6495753414734105,0.08846689016297338,1.4043683438069638,0.07882645330129597,1.2513311530108533,0.08881577523959852,1.4099067227003148,46.666671633721435,40.00000248352739,52.38095322568957,-0.0002749344328098896,-7.406843933688469e-05,-0.00020086599347300492,0.019973367126141027,0.01482663336261706,-0.1554381240164131,0.020884167807280158,0.014915832472861674,-0.3015913703805357,0.020939125094752785,0.014680874522585397,-0.25885792697385507,420999.8,536144.0,1.5881480228731701,1.2470716822346235,-0.1052630804995065,-0.14999993480741836,0.0,-0.1052630804995065,-0.10526308049950654,-0.14999993480741833,0.0,-0.10526308049950654,25.000011641535696,12.49999805974407,25.000011641535696,19.16667217699149,-74.99998835846431,-74.99998835846431,0.0012857140973210335,0.001190476030820892,-57.60515537982148,-44.96967721723344,57.68283796968065,68.69365796536736,0.02012936547694441,-0.2941176792845164,SELL,0,2
0.01600000075995922,0.01600000075995922,0.01600000075995922,0.01600000075995922,200000,0.0,0.0,EMP,2023-05-10 00:00:00+10:00,Energy,-0.05882353585690325,-0.060624628664394574,0.0,0.0,0.016300000622868537,0.9815951011383139,0.017300000227987767,0.9248555230695651,0.017900000140070916,0.8938547840645901,0.01772999983280897,0.9024253192801263,0.0189849997125566,0.8427706611645028,0.025115000000223518,0.6370695106437119,0.09691735780493833,1.53851535886399,0.07659139647300786,1.2158507258083706,0.07882645330129597,1.2513311530108533,0.08891001923859397,1.411402799803728,37.50000873114974,37.500001455191786,47.61904677431043,-0.00037380342477207756,-0.00013401543642392328,-0.00023978798834815428,0.020016205715266196,0.014583794740709336,-0.4786086598076616,0.020884167807280158,0.014915832472861674,-0.6366932397898913,0.020835031362512305,0.014624968303105636,-0.5571599052377546,440999.8,545505.75,0.4535149449047369,0.36663224906428576,-0.19999994412064426,-0.05882353585690325,0.0,-0.19999994412064426,-0.19999994412064429,-0.05882353585690328,0.0,-0.19999994412064429,0.0,12.49999805974407,0.0,12.49999805974406,-100.0,-100.0,0.00135714268045766,0.001190476030820892,-99.0503437922802,-93.74632602683779,56.11073153992771,66.28999595384538,0.0200267781607,-0.2500000291038291,SELL,0,2
0.01600000075995922,0.01600000075995922,0.014999999664723873,0.01600000075995922,450968,0.0,0.0,EMP,2023-05-11 00:00:00+10:00,Energy,0.0,0.0,0.0,0.0,0.016300000622868537,0.9815951011383139,0.01720000021159649,0.9302325908793762,0.017850000131875276,0.8963585793698423,0.017689999863505362,0.9044658498255489,0.01891499971970916,0.8458895583956816,0.02503499999642372,0.6391052830934628,0.036583995140780895,0.58075291864621,0.07659139647300786,1.2158507258083706,0.07757829875437369,1.2315173138372681,0.08774386526300527,1.3928906793448261,28.57143617406261,42.85714665846038,50.0,-0.0004470050176225461,-0.00019661335266364787,-0.00025039166495889826,0.020036272143563624,0.014363728279629357,-0.4230904089668844,0.020929643590474986,0.014770356673275566,-0.6007186860381672,0.020832142016572828,0.014547857710437895,-0.5378493464709438,426193.6,558054.15,1.0581294510288282,0.80810795869899,0.0,-0.05882353585690325,-0.05882353585690325,-0.11111103062644068,0.0,-0.05882353585690328,-0.05882353585690328,-0.1111110306264407,20.00002235174229,15.000011331092681,20.00002235174229,15.000011331092672,-79.99997764825771,-79.99997764825771,0.0012857141638440745,0.001190476075169586,-102.20389304411461,-109.10686725104675,67.4708568752585,63.45334979514949,0.019926242590780477,-0.2500000291038291,SELL,0,2
0.01600000075995922,0.01600000075995922,0.01600000075995922,0.01600000075995922,62500,0.0,0.0,EMP,2023-05-12 00:00:00+10:00,Energy,0.0,0.0,0.0,0.0,0.016300000622868537,0.9815951011383139,0.01705000028014183,0.9384164514410276,0.01780000012367964,0.8988764409430622,0.0176299998909235,0.9075440078815057,0.018854999728500844,0.8485813306999913,0.024954999992623926,0.6411541079819043,0.036583995140780895,0.58075291864621,0.0757640213450004,1.2027165528303627,0.07757829875437369,1.2315173138372681,0.08739607750315585,1.387369719815263,16.66667184068173,33.33333333333333,47.36842002069498,-0.0004992626186578371,-0.0002571432058624858,-0.0002421194127953513,0.019973087349508006,0.014126913210775652,-0.3592091153173495,0.02096892712815519,0.014631073119204089,-0.5680154074796413,0.020784587744285377,0.01447541203756162,-0.516707477088384,438693.6,515679.15,0.14246845634401778,0.1211993930722233,0.0,-0.08571424618059287,-0.05882353585690325,-0.157894669766239,0.0,-0.08571424618059292,-0.05882353585690328,-0.157894669766239,20.00002235174229,13.33334823449488,20.00002235174229,13.33334823449487,-79.99997764825771,-79.99997764825771,0.0011428569975708211,0.0011428570197451683,-76.4011867710777,-88.45055120545724,66.69317689377644,62.91363345765578,0.019827717732259345,-0.2500000291038291,SELL,0,2
0.01600000075995922,0.01600000075995922,0.014000000432133675,0.014000000432133675,546219,0.0,0.0,EMP,2023-05-15 00:00:00+10:00,Energy,-0.12500001455191456,-0.13353140925528226,-0.0020000003278255463,-0.12500001455191453,0.015800000727176668,0.8860759359367043,0.016650000400841237,0.8408408465519513,0.017650000099092723,0.7932011531746863,0.017529999911785124,0.7986309470955394,0.01879499973729253,0.7448789905729689,0.024879999998956917,0.5627009820225329,0.06182593134874817,0.981456233542439,0.08316874771652512,1.320262939863579,0.08246110056016838,1.3090293895133673,0.08917629978368932,1.41562987241151,25.000000000000014,28.57142667076981,42.85714032293129,-0.0006940597667751854,-0.0003445265180450257,-0.00034953324873015964,0.020050979839957985,0.013249020961724488,-0.7791872947622936,0.021235055805834062,0.014064944392351385,-1.0181151885856583,0.020821360874392354,0.014238638949177894,-1.0725045109774842,385659.4,542990.1,1.4163248711168455,1.0059465172569446,-0.15151512072762818,-0.2222221647331719,-0.17647060757070987,-0.2631578482997039,-0.1515151207276282,-0.22222216473317194,-0.17647060757070984,-0.2631578482997039,0.0,13.33334823449488,0.0,13.33334823449487,-100.0,-100.0,0.0012857141638440745,0.001190476075169586,-143.07119064659403,-142.03448728093522,61.27303379019626,59.877618287838274,0.019731163370908637,-0.14285716186372543,SELL,0,2
0.014000000432133675,0.014999999664723873,0.013000000268220901,0.013000000268220901,2493253,0.0,0.0,EMP,2023-05-16 00:00:00+10:00,Energy,-0.07142858093186266,-0.07410798238803556,-0.0010000001639127731,-0.07142858093186272,0.015000000596046448,0.8666666501098216,0.016050000488758088,0.8099688393982605,0.017350000143051148,0.74927954818649,0.017429999932646753,0.7458405231471992,0.018734999746084214,0.6938884678094549,0.024800000004470347,0.5241935591079667,0.05281222413379961,0.838368067453424,0.07973529263020886,1.2657585300869634,0.07824139950560535,1.2420437119289027,0.08943275428382758,1.4197009613913252,20.0,33.33332815931827,40.90908783033805,-0.0009185411948513314,-0.000459329453406287,-0.0004592117414450444,0.019715151348496985,0.01238484962901919,-0.8321622594150098,0.021429472938421734,0.013270527347680564,-1.06631422564373,0.0209583682981791,0.013901631567114403,-1.2555377459171464,750588.0,591520.05,3.321733094587177,4.2149932195874,-0.23529414342761312,-0.3157894375664364,-0.3157894375664364,-0.27777773178653753,-0.23529414342761312,-0.3157894375664364,-0.3157894375664364,-0.27777773178653753,0.0,6.6666741172474495,0.0,6.66667411724744,-100.0,-100.0,0.0012142856472304889,0.0012857141416697275,-163.5272925634713,-164.28577510680282,50.808856903908016,49.68053147909336,0.01950191685335764,-0.07692308794464564,SELL,0,2
0.014000000432133675,0.014000000432133675,0.013000000268220901,0.013000000268220901,385861,0.0,0.0,EMP,2023-05-17 00:00:00+10:00,Energy,0.0,0.0,-0.0010000001639127731,-0.07142858093186272,0.014400000497698785,0.902777765202049,0.01535000056028366,0.8469055240204283,0.017000000178813934,0.7647058900871079,0.01732999995350838,0.750144276000942,0.01866499975323677,0.6964907816817153,0.024717500004917382,0.525943168428629,0.057031147601929975,0.9053414012359465,0.07496827109102967,1.1900844091640246,0.07669231802985263,1.217452805856391,0.08943275428382758,1.4197009613913252,11.111129507599586,33.33332815931827,35.00000046566133,-0.0010839492516648251,-0.0005842534130579947,-0.0004996958386068304,0.01825784467156068,0.01244215644900664,-0.8081589666203682,0.021316430707264356,0.012683569650363513,-0.926691599512205,0.021069528939972132,0.013590470967044627,-1.1578997518032605,787760.2,600563.1,0.489820379348944,0.6424986816539344,-0.18750002182787184,-0.3499999720603222,-0.3499999720603222,-0.27777773178653753,-0.18750002182787182,-0.34999997206032213,-0.34999997206032213,-0.27777773178653753,0.0,0.0,0.0,0.0,-100.0,-100.0,0.0012857142303671157,0.0012380951749426977,-148.8506066795695,-156.1538867534287,48.7824853156241,40.145789454196105,0.019111801858249435,-0.07692308794464564,SELL,0,2
0.014000000432133675,0.014000000432133675,0.013000000268220901,0.013000000268220901,210000,0.0,0.0,EMP,2023-05-18 00:00:00+10:00,Energy,0.0,0.0,-0.0010000001639127731,-0.07142858093186272,0.01380000039935112,0.9420289776826504,0.015050000511109829,0.8637873639023714,0.016650000214576723,0.780780786827839,0.01720999997109175,0.7553747989574355,0.01859499976038933,0.6991126881277635,0.02464250000193715,0.5275438882905131,0.057031147601929975,0.9053414012359465,0.049810927790890185,0.7907239650485481,0.07669231802985263,1.217452805856391,0.08904080567659654,1.4134789701426165,0.0,30.434781904481937,31.578946852452802,-0.0012011897605453126,-0.0007076406825554584,-0.0004935490779898542,0.018262822386929195,0.011837178635290461,-0.6380684401827024,0.021075999309600652,0.012224001119552793,-0.8246725469192822,0.021112327305119267,0.01330767263706423,-1.0788433010630571,739566.6,535469.55,0.2839500864425192,0.3921791631288838,-0.18750002182787184,-0.18750002182787184,-0.3499999720603222,-0.3157894375664364,-0.18750002182787182,-0.18750002182787182,-0.34999997206032213,-0.3157894375664364,0.0,0.0,0.0,0.0,-100.0,-100.0,0.0012857143634131976,0.0012380951749426977,-127.02493949035365,-141.49935355477842,48.028019137559966,38.724882978523816,0.018745093762847723,0.15384610424909462,BUY,0,0
0.013000000268220901,0.013000000268220901,0.013000000268220901,0.013000000268220901,0,0.0,0.0,EMP,2023-05-19 00:00:00+10:00,Energy,0.0,0.0,0.0,0.0,0.013200000301003456,0.9848484827104624,0.014750000461935997,0.881355922785822,0.016400000266730785,0.7926829302919489,0.017109999991953374,0.7597896127606455,0.018524999767541885,0.7017544092496307,0.02456749999895692,0.5291543815517595,0.057031147601929975,0.9053414012359465,0.049810927790890185,0.7907239650485481,0.07430969834805727,1.1796298909751206,0.08876031374862581,1.4090262988255868,0.0,27.272731890855766,31.578946852452802,-0.001279356087895608,-0.0008219837636234884,-0.0004573723242721196,0.018124743589010717,0.011375257334861279,-0.5185580436256859,0.021063407102485825,0.011736593430975743,-0.7290807167930474,0.02118225496576411,0.01303774501814264,-1.0092687589958096,727066.6,463592.7,0.0,0.0,-0.18750002182787184,-0.18750002182787184,-0.27777773178653753,-0.27777773178653753,-0.18750002182787182,-0.18750002182787182,-0.27777773178653753,-0.27777773178653753,0.0,0.0,0.0,0.0,-100.0,-100.0,0.0011785715552312987,0.0012380951749426977,-119.00519751820345,-139.44593383184312,46.084188733838474,38.724882978523816,0.018400388153170116,0.23076926383393692,BUY,0,0
0.013000000268220901,0.013000000268220901,0.013000000268220901,0.013000000268220901,0,0.0,0.0,EMP,2023-05-22 00:00:00+10:00,Energy,0.0,0.0,0.0,0.0,0.013000000268220901,1.0,0.014400000497698785,0.902777765202049,0.016050000302493574,0.8099688487981639,0.017010000012815,0.7642563350045242,0.018454999774694444,0.7044161705190886,0.024492499995976687,0.530774737995565,0.03194383249999759,0.5070926203037779,0.047193837314824856,0.7491789416992012,0.06843880467563021,1.0864323431894525,0.08876031374862581,1.4090262988255868,0.0,20.000003725290384,35.294118291572815,-0.0013260179559005884,-0.0009227906020789085,-0.0004032273538216799,0.01769309144687324,0.011106909548524328,-0.42513257334385157,0.020625679288739075,0.011474321316248074,-0.6665677473094109,0.02123572242472906,0.01278427760090094,-0.9489501092850421,617822.8,455110.25,0.0,0.0,-0.07142858093186266,-0.21212119159619658,-0.3499999720603222,-0.27777773178653753,-0.07142858093186272,-0.21212119159619658,-0.34999997206032213,-0.27777773178653753,0.0,0.0,0.0,0.0,-100.0,-100.0,0.0010357143889580453,0.0011428570640938623,-99.4113314020733,-125.23485496459418,29.555920703339893,45.84844749993612,0.01807636488007316,0.30769235177858256,BUY,0,0
0.013000000268220901,0.013000000268220901,0.013000000268220901,0.013000000268220901,667224,0.0,0.0,EMP,2023-05-23 00:00:00+10:00,Energy,0.0,0.0,0.0,0.0,0.013000000268220901,1.0,0.014000000432133675,0.9285714190681373,0.01570000033825636,0.8280254769513388,0.01689000003039837,0.7696862193501299,0.018384999781847,0.7070982008418002,0.024402499999850988,0.5327323130130226,0.0,0.0,0.04431188594902053,0.7034293820721941,0.06843880467563021,1.0864323431894525,0.08836463221657552,1.4027450492324702,0.0,11.111113410673127,26.666664183139275,-0.001347465083757474,-0.0010077254984146218,-0.00033973958534285224,0.01682842802049592,0.011171572843771429,-0.35355339059318347,0.02006975254152993,0.011330248134982788,-0.6178840228086092,0.021224436810433546,0.012555563250363192,-0.8974637212602045,252617.0,486792.1,2.6412474219866438,1.370654946947578,0.0,-0.23529414342761312,-0.3499999720603222,-0.3157894375664364,0.0,-0.23529414342761312,-0.34999997206032213,-0.3157894375664364,0.0,0.0,0.0,0.0,-100.0,-100.0,0.0009642858058214188,0.0010476189532450267,-87.17948538337993,-113.82843577974805,28.047180050471937,44.60288173264872,0.017771783003362025,0.15384610424909462,BUY,0,0
0.013000000268220901,0.013000000268220901,0.013000000268220901,0.013000000268220901,0,0.0,0.0,EMP,2023-05-24 00:00:00+10:00,Energy,0.0,0.0,0.0,0.0,0.013000000268220901,1.0,0.013700000382959843,0.9489051025422155,0.015500000305473804,0.8387096781946494,0.016790000051259996,0.7742704126582373,0.01831499978899956,0.7098007326229413,0.024322500005364418,0.5344845416940571,0.0,0.0,0.043293092212070686,0.6872565328807574,0.061143265176020145,0.9706192440133514,0.08808270020506052,1.398269517297889,0.0,20.0,26.666664183139275,-0.0013489126616082255,-0.0010759629310533425,-0.00027294973055488306,0.016203331907357753,0.011196668858561933,-0.279627411677845,0.01998388928019906,0.011016111330748549,-0.5575517260451542,0.02124883619571103,0.01233116390680896,-0.8499975465022862,175444.8,449515.6,0.0,0.0,0.0,-0.18750002182787184,-0.23529414342761312,-0.27777773178653753,0.0,-0.18750002182787182,-0.23529414342761312,-0.27777773178653753,0.0,0.0,0.0,0.0,-100.0,-100.0,0.0006785716063209943,0.0010476189532450267,-75.78347380594356,-101.54043766020575,30.936120012303135,44.34067923545788,0.01748547603925356,0.15384610424909462,BUY,0,0
0.013000000268220901,0.014000000432133675,0.012000000104308128,0.012000000104308128,2394421,0.0,0.0,EMP,2023-05-29 00:00:00+10:00,Energy,-0.07692308794464564,-0.08004271961356928,-0.0010000001639127731,-0.07692308794464563,0.012800000235438347,0.9374999909050532,0.012900000251829625,0.9302325480657376,0.01477500032633543,0.8121827302378428,0.016510000079870225,0.7268322256969034,0.018124999813735485,0.6620689780760323,0.024077500021085142,0.49839061753917524,0.03440105073668403,0.5460997505314876,0.031302079922080714,0.4969051139573619,0.061253476640355,0.9723687967709012,0.08735310415632089,1.3866875390828863,0.0,0.0,27.999998807907033,-0.0013525155407841175,-0.0012015639823684137,-0.00015095155841570373,0.013532455887534128,0.012267544616125121,-1.4230249470683771,0.019299494911890848,0.010250505740780014,-0.6133282225348602,0.021356584774434768,0.011663415385305683,-0.9305521846384063,652329.0,561436.65,3.6705726711521334,4.264810642482994,-0.07692308794464564,-0.14285716186372543,-0.33333329883990315,-0.2500000291038291,-0.07692308794464563,-0.14285716186372543,-0.33333329883990315,-0.25000002910382907,0.0,0.0,0.0,0.0,-100.0,-100.0,0.0007142858313662666,0.0009523810197909673,-75.16778372751142,-83.84401329692032,1.1258094509192489,38.77685743910867,0.01672556467602829,0.41666673134184484,BUY,0,0
0.013000000268220901,0.013000000268220901,0.013000000268220901,0.013000000268220901,300000,0.0,0.0,EMP,2023-05-30 00:00:00+10:00,Energy,0.08333334626836897,0.08004271961356925,0.0,0.0,0.012800000235438347,1.0156250022737368,0.012900000251829625,1.0077519391038068,0.014475000370293856,0.8981001682666616,0.0164300000667572,0.7912355578454188,0.01806499982252717,0.7196236034284273,0.02400250001810491,0.5416102596985771,0.05668639558321754,0.8998686326029429,0.037796970657633405,0.6000083080302206,0.06329296493120173,1.004744669687353,0.08771572758523445,1.3924440075577111,50.0,20.0,30.76923517785825,-0.0012919645900160946,-0.00121964410389795,-7.232048611814472e-05,0.013532455887534128,0.012267544616125121,0.15811388300759624,0.01859778691170694,0.010352213828880772,-0.3577677590767042,0.021374631804062516,0.011485368329451885,-0.6936815481440793,578884.2,500772.25,0.5182383626984465,0.5990747290809345,0.0,0.0,-0.3157894375664364,-0.23529414342761312,0.0,0.0,-0.3157894375664364,-0.23529414342761312,25.0,8.333333333333352,12.500002910383246,4.166667636794425,-75.0,-87.49999708961676,0.0007142858313662666,0.0009285715364274525,-49.43502846708226,-66.54103858838292,5.4733326903096895,38.510002249643506,0.01634751951029068,0.15384610424909462,BUY,0,0
0.012000000104308128,0.012000000104308128,0.010999999940395355,0.012000000104308128,415529,0.0,0.0,EMP,2023-05-31 00:00:00+10:00,Energy,-0.07692308794464564,-0.08004271961356928,0.0,0.0,0.012600000202655792,0.9523809453414773,0.012800000235438347,0.9374999909050532,0.014075000397861004,0.8525754717656551,0.01632000006735325,0.735294121003902,0.01799499982967973,0.6668519154146445,0.023922500014305115,0.501619818042947,0.06667900286059567,1.0584963554334035,0.04506977751103586,0.7154605376352752,0.06244416660072209,0.9912704139131773,0.08823767852998814,1.400729721936072,33.33333333333333,16.666666666666657,23.076926383393683,-0.0013095732360795913,-0.0012376299303342782,-7.194330574531306e-05,0.013643274416375771,0.011956726054500922,-0.9486832980477354,0.0174196744958375,0.010730326299884508,-0.6203893810784841,0.02141004590831172,0.011229954226394778,-0.8487153353871664,661990.0,516548.7,0.6276967930029155,0.8044333477172626,-0.07692308794464564,-0.07692308794464564,-0.3999999813735481,-0.314285711244661,-0.07692308794464563,-0.07692308794464563,-0.3999999813735481,-0.314285711244661,20.0,15.00000000000002,11.111113410673124,7.8703721070188,-80.0,-88.88888658932687,0.0007857143479798521,0.0009285715364274525,-172.19251876301436,-109.78552549423283,5.612337330641836,23.798648070489264,0.015999717957812076,0.2499999611948931,BUY,0,0
0.012500000186264515,0.013000000268220901,0.012500000186264515,0.013000000268220901,115277,0.0,0.0,EMP,2023-06-01 00:00:00+10:00,Energy,0.08333334626836897,0.08004271961356925,0.0005000000819563866,0.04000000596046439,0.012600000202655792,1.0317460364390152,0.012800000235438347,1.0156250022737368,0.013925000373274089,0.9335727051879642,0.01628000007942319,0.7985258111056164,0.017934999838471414,0.7248397203960545,0.023847500011324883,0.5451305278141256,0.08014103659958727,1.2721995159206,0.053444446290555364,0.8484042830541477,0.051385772032428376,0.8157238423491813,0.08674108407309428,1.3769720214573185,50.0,28.57142857142857,23.076926383393683,-0.0012286731794801213,-0.001235838580163447,7.1654006833256605e-06,0.013643274416375771,0.011956726054500922,0.23717082451193436,0.017173887199317492,0.010676113547230685,-0.2847129354086123,0.02144329233141841,0.01111670782742797,-0.6352535651908561,645045.4,496062.6,0.17871145193811164,0.2323839773447948,0.0,0.0,-0.18750002182787184,-0.13333329608042954,0.0,0.0,-0.18750002182787182,-0.13333329608042951,40.0,28.333333333333353,33.333333333333336,18.981483218129913,-60.0,-66.66666666666667,0.0008571429311164788,0.0009285715364274525,-43.74999975746835,-59.76951183466454,6.127770188970629,23.518161184194895,0.015499746156070405,0.15384610424909462,BUY,0,0
0.013000000268220901,0.013000000268220901,0.013000000268220901,0.013000000268220901,100000,0.0,0.0,EMP,2023-06-02 00:00:00+10:00,Energy,0.0,0.0,0.0,0.0,0.012600000202655792,1.0317460364390152,0.012800000235438347,1.0156250022737368,0.013775000348687172,0.9437386525699702,0.01624000009149313,0.8004926228436777,0.017884999848902225,0.7268661100390692,0.02377250000834465,0.5468503633886898,0.08014103659958727,1.2721995159206,0.053444446290555364,0.8484042830541477,0.051385772032428376,0.8157238423491813,0.08674108407309428,1.3769720214573185,50.0,40.0,33.33333333333333,-0.0011512879706972855,-0.0012189284582702147,6.764048757292918e-05,0.013643274416375771,0.011956726054500922,0.23717082451193436,0.016894970324324285,0.01065503037305006,-0.248399852087683,0.021474266599740655,0.011005733583245605,-0.6189978706982208,665045.4,501062.6,0.15036567428328954,0.1995758613793965,0.0,0.0,-0.18750002182787184,-0.13333329608042954,0.0,0.0,-0.18750002182787182,-0.13333329608042951,50.000011641532986,36.66667054717768,33.333333333333336,25.92592669244661,-49.999988358467014,-66.66666666666667,0.0007142857648432255,0.0007380954034271694,9.655178780598153,-48.22134272989825,8.238445673635042,25.924864385530284,0.0150497715345029,0.07692308794464564,BUY,0,0
0.012000000104308128,0.012000000104308128,0.010499999858438969,0.012000000104308128,2345226,0.0,0.0,EMP,2023-06-05 00:00:00+10:00,Energy,-0.07692308794464564,-0.08004271961356928,0.0,0.0,0.012600000202655792,0.9523809453414773,0.01270000021904707,0.9448818816798835,0.013550000358372926,0.88560884036383,0.016180000100284815,0.7416563677336995,0.01782499985769391,0.6732117924325535,0.02369500000961125,0.5064359611496368,0.08014103659958727,1.2721995159206,0.05890620002521495,0.9351069356792728,0.05259996370483199,0.8349985376040547,0.08743611614217535,1.3880053135053376,40.0,40.0,30.0,-0.001157310535630304,-0.0012066048737422327,4.929433811192872e-05,0.013666092160483308,0.011733908277610831,-0.7245688373078527,0.0164861637492265,0.010613836967519356,-0.527899863779106,0.021539560971025367,0.010820439229544263,-0.7799146416633792,655206.4,577754.4,3.579369798585606,4.059209241850862,0.0,-0.07692308794464564,-0.272727262464765,-0.19999997516473078,0.0,-0.07692308794464563,-0.272727262464765,-0.19999997516473078,42.857142857142854,44.2857181662253,23.076923076923077,29.914529914529925,-57.142857142857146,-76.92307692307692,0.0007500001229345798,0.0008571430419882139,-235.47400611620807,-118.54502169816358,9.02968142996248,21.3272070539131,0.014644794375092146,0.2499999611948931,BUY,0,0
0.013000000268220901,0.013000000268220901,0.013000000268220901,0.013000000268220901,40501,0.0,0.0,EMP,2023-06-06 00:00:00+10:00,Energy,0.08333334626836897,0.08004271961356925,0.0,0.0,0.012600000202655792,1.0317460364390152,0.01270000021904707,1.0236220507086213,0.013350000325590371,0.9737827678776486,0.01608000012114644,0.8084577220322839,0.017764999866485595,0.7317759845721101,0.023625000007450582,0.5502645614442798,0.08014103659958727,1.2721995159206,0.06544534777377368,1.0389126880532389,0.05618895486480023,0.891972006005366,0.0834368530254721,1.3245189796994783,50.0,50.0,33.33333924649105,-0.001069068252509223,-0.001179097549495631,0.00011002929698640789,0.013666092160483308,0.011733908277610831,0.3105295017033649,0.015801638203867263,0.01089836244731348,-0.1427617269543346,0.021487326505908344,0.010672673736384537,-0.5695975485417566,603306.6,546348.95,0.06713170384676713,0.07413027882638011,0.0,0.0,-0.23529414342761312,-0.27777773178653753,0.0,0.0,-0.23529414342761312,-0.27777773178653753,71.42857142857143,54.76190864241577,38.46153846153846,31.62393162393163,-28.571428571428573,-61.53846153846154,0.0007500001229345798,0.0008571430419882139,39.6226415094339,-35.82295947030477,10.390153925886338,14.059005861991906,0.014147419033093765,0.15384610424909462,BUY,0,0
0.013000000268220901,0.013000000268220901,0.013000000268220901,0.013000000268220901,145306,0.0,0.0,EMP,2023-06-07 00:00:00+10:00,Energy,0.0,0.0,0.0,0.0,0.012800000235438347,1.0156250022737368,0.01270000021904707,1.0236220507086213,0.013200000301003456,0.9848484827104624,0.015980000142008066,0.8135169056755281,0.017694999873638154,0.7346708313679154,0.023555000005289914,0.5518998202208193,0.06744492521026138,1.0706549957982139,0.06544534777377368,1.0389126880532389,0.05512756336556747,0.8751229383014786,0.0834368530254721,1.3245189796994783,60.0,50.0,30.0,-0.0009877494466165333,-0.0011408279289198114,0.0001530784823032781,0.013666092160483308,0.011733908277610831,0.3105295017033649,0.015312619376436245,0.011087381225570668,-0.0946692355040784,0.02142718582972882,0.010532814454287314,-0.5470714685759275,549262.0,543614.25,0.26454770218948337,0.26729615715555655,0.08333334626836897,0.0,-0.18750002182787184,-0.27777773178653753,0.08333334626836898,0.0,-0.18750002182787182,-0.27777773178653753,71.42857142857143,61.904761904761926,45.45454545454545,35.664335664335674,-28.571428571428573,-54.54545454545455,0.0006785715397979532,0.0008333334699273109,45.30744336569571,-30.80985847597499,10.390153925886338,6.418441158358803,0.01370972873213519,0.15384610424909462,BUY,0,0
0.013000000268220901,0.013000000268220901,0.013000000268220901,0.013000000268220901,0,0.0,0.0,EMP,2023-06-08 00:00:00+10:00,Energy,0.0,0.0,0.0,0.0,0.012800000235438347,1.0156250022737368,0.01270000021904707,1.0236220507086213,0.01305000027641654,0.9961685818286152,0.01588000016286969,0.8186398069829527,0.01762499988079071,0.7375886726892665,0.023485000003129242,0.5535448271870864,0.05668639558321752,0.8998686326029427,0.06544534777377368,1.0389126880532389,0.05512756336556747,0.8751229383014786,0.0834368530254721,1.3245189796994783,50.0,50.0,33.33333333333333,-0.0009127817275083987,-0.001095218688637529,0.0001824369611291303,0.013666092160483308,0.011733908277610831,0.3105295017033649,0.014701156442028414,0.011398844110804666,-0.030281816606432047,0.021359311486628903,0.01040068883911048,-0.5256134803219938,526206.6,521065.85,0.0,0.0,0.0,0.0,-0.18750002182787184,-0.27777773178653753,0.0,0.0,-0.18750002182787182,-0.27777773178653753,71.42857142857143,71.42857142857143,45.45454545454545,43.12354312354313,-28.571428571428573,-54.54545454545455,0.0006785715397979532,0.0007857144145028931,45.30744336569571,-24.888887536746566,10.390153925886338,6.583216183989705,0.013324561267291644,0.19230764822141744,BUY,0,0
0.013000000268220901,0.013000000268220901,0.013000000268220901,0.013000000268220901,0,0.0,0.0,EMP,2023-06-09 00:00:00+10:00,Energy,0.0,0.0,0.0,0.0,0.012800000235438347,1.0156250022737368,0.01270000021904707,1.0236220507086213,0.012900000251829625,1.0077519391038068,0.015780000183731317,0.8238276373167278,0.01755499988794327,0.7405297836059384,0.02342000000178814,0.5550811386519359,0.05668639558321752,0.8998686326029427,0.06544534777377368,1.0389126880532389,0.05512756336556747,0.8751229383014786,0.0834368530254721,1.3245189796994783,66.66666666666666,50.0,33.33333333333333,-0.0008436442640760017,-0.0010449038037252235,0.00020125953964922187,0.013666092160483308,0.011733908277610831,0.3105295017033649,0.01379442758944229,0.01200557291421696,0.11180339887440027,0.021283838901375633,0.010276161466087001,-0.5051019948310326,506206.6,517940.85,0.0,0.0,0.0,0.0,-0.18750002182787184,-0.27777773178653753,0.0,0.0,-0.18750002182787182,-0.27777773178653753,71.42857142857143,71.42857142857143,45.45454545454545,45.45454545454545,-28.571428571428573,-54.54545454545455,0.0006785715397979532,0.0007380953147297813,45.30744336569571,-16.568046138927077,10.390153925886338,6.978777214362836,0.010499999858438969,-0.07692308794464564,SELL,0,2
0.012000000104308128,0.013000000268220901,0.012000000104308128,0.013000000268220901,100000,0.0,0.0,EMP,2023-06-13 00:00:00+10:00,Energy,0.0,0.0,0.0010000001639127731,0.08333334626836898,0.013000000268220901,1.0,0.012800000235438347,1.0156250022737368,0.012850000243633985,1.0116731534430303,0.015680000204592943,0.8290816389411129,0.017484999895095825,0.7434944435925979,0.023355000000447036,0.5566260016258647,0.037267805409719974,0.5916080701396,0.05938865041531064,0.9427655981919887,0.04787628563850519,0.7600124729818677,0.0834368530254721,1.3245189796994783,50.0,50.0,33.33333333333333,-0.0007798625560981876,-0.0009918955541998163,0.0002120329981016287,0.013643274416375771,0.011956726054500922,0.23717082451193436,0.013582695460802872,0.012117305026465098,0.2047236300606854,0.021200869344321204,0.010159131064864681,-0.4854308023870226,57161.4,495629.9,1.7494323092156594,0.20176345293131023,0.08333334626836897,0.08333334626836897,-0.07142858093186266,-0.27777773178653753,0.08333334626836898,0.08333334626836898,-0.07142858093186272,-0.27777773178653753,71.42857142857143,71.42857142857143,45.45454545454545,45.45454545454545,-28.571428571428573,-54.54545454545455,0.0007500001229345798,0.0007857143701541991,-13.592233009708584,-60.18099379327485,10.203791819641694,6.114451941875828,0.010549999866634607,0.0,HOLD,0,1
0.010999999940395355,0.010999999940395355,0.010999999940395355,0.010999999940395355,20000,0.0,0.0,EMP,2023-06-14 00:00:00+10:00,Energy,-0.15384617588929128,-0.16705411071414714,0.0,0.0,0.012600000202655792,0.8730158542439393,0.012600000202655792,0.8730158542439393,0.012750000227242708,0.8627450779876727,0.015540000218898058,0.7078506940442866,0.017384999897331,0.6327293647027349,0.02325500000268221,0.47301655296179856,0.06880210147336864,1.0921995010629846,0.07257412938027674,1.1520785877434305,0.056822625546154956,0.9020312162212307,0.08611736002153703,1.3670707090944176,25.000000000000014,37.5,33.33333333333333,-0.0008805479955877119,-0.0009696260424773954,8.907804688968357e-05,0.013998412229435044,0.01120158817587654,-1.1441551070934872,0.013850239616030173,0.011649760838455243,-1.590563203500619,0.021174586989530432,0.009905413448265683,-0.8057379295612791,53061.2,371967.25,0.37692325088765427,0.05376817448310302,-0.15384617588929128,-0.15384617588929128,-0.15384617588929128,-0.38888886589326876,-0.15384617588929125,-0.15384617588929125,-0.15384617588929125,-0.38888886589326876,14.285714285714286,52.3809523809524,11.111113410673124,34.006734773254685,-85.71428571428571,-88.88888658932687,0.0008928572892078332,0.0007857143701541991,-205.7017543859652,-280.9946737355502,10.172102953136175,6.547301100953106,0.010598999874666334,0.2727273189085577,BUY,0,0
0.012000000104308128,0.012000000104308128,0.012000000104308128,0.012000000104308128,120543,0.0,0.0,EMP,2023-06-15 00:00:00+10:00,Energy,0.09090910630285265,0.08701139110057793,0.0,0.0,0.012400000169873238,0.9677419306382801,0.012600000202655792,0.9523809453414773,0.01270000021904707,0.9448818816798835,0.015320000220090151,0.7832898127881041,0.0172949999012053,0.693842160905236,0.023125000009313227,0.5189189232205543,0.08823391708820984,1.4006700108989734,0.07576814566099277,1.202782024317027,0.060880566259194455,0.9664490279917105,0.07713301156954078,1.2244485989188365,50.0,44.444444444444436,44.44444444444444,-0.0008696257713361778,-0.0009496259882491521,8.000021691297423e-05,0.013998412229435044,0.01120158817587654,-0.4290581651600574,0.013842481547472987,0.011557518890621152,-0.612701579730309,0.020614432893749174,0.010025567546431129,-0.6270738189381009,48108.6,358701.35,2.5056434816228284,0.3360539345614395,-0.07692308794464564,0.0,-0.07692308794464564,-0.4782608660441491,-0.07692308794464563,0.0,-0.07692308794464563,-0.4782608660441491,42.857142857142854,42.85714285714287,42.857142857142854,33.14093390745382,-57.142857142857146,-57.142857142857146,0.0009642858723444599,0.0007380953590784754,-62.222222222222186,-104.4776119402984,11.969641260047297,11.174333982777412,0.010647019882537426,0.16666669253673794,BUY,0,0
0.013000000268220901,0.014000000432133675,0.013000000268220901,0.013000000268220901,731515,0.0,0.0,EMP,2023-06-16 00:00:00+10:00,Energy,0.08333334626836897,0.08004271961356925,0.0,0.0,0.012400000169873238,1.0483871040425798,0.012600000202655792,1.0317460364390152,0.01270000021904707,1.0236220507086213,0.015220000240951777,0.8541392945081814,0.017204999905079604,0.7555943237397392,0.02303000000305474,0.564481123165287,0.0984814150288377,1.5633439975682606,0.07576814566099277,1.202782024317027,0.06381876768234157,1.0130915295964904,0.07218305437196354,1.145870464447615,50.0,50.0,50.0,-0.0007713861150852545,-0.0009139780136163726,0.00014259189853111818,0.013998412229435044,0.01120158817587654,0.2860387767733724,0.013842481547472987,0.011557518890621152,0.26258639131298916,0.020496671792982285,0.009943328688921267,-0.420719756922638,194411.6,384777.1,3.762712718788385,1.9011396468240964,0.0,0.0,0.0,-0.27777773178653753,0.0,0.0,0.0,-0.27777773178653753,71.42857142857143,42.85714285714287,71.42857142857143,41.798942565462475,-28.571428571428573,-28.571428571428573,0.001107143038617713,0.0007857144145028931,91.1242603550296,90.54726368159209,22.435368094889427,22.435368094888545,0.010694079490251095,0.07692308794464564,BUY,0,0
0.012000000104308128,0.012000000104308128,0.012000000104308128,0.012000000104308128,982000,0.0,0.0,EMP,2023-06-19 00:00:00+10:00,Energy,-0.07692308794464564,-0.08004271961356928,0.0,0.0,0.012200000137090683,0.9836065548741667,0.012500000186264515,0.9599999940395356,0.012650000210851432,0.9486165932245819,0.015160000249743462,0.7915567220726921,0.017104999907314778,0.7015492645034421,0.02291500000283122,0.5236744535380969,0.1050662450854929,1.6678749341014587,0.07986458029769358,1.2678109081814766,0.06621734307935201,1.0511677336044563,0.06910076051286479,1.096940566334834,40.0,50.0,45.45454545454545,-0.0007653990913251765,-0.0008842622291581335,0.00011886313783295694,0.013914213980446758,0.011085786392082271,-0.35355339059290347,0.0138242863005603,0.011475714121142563,-0.553527894300828,0.020514532706036294,0.009805467793450632,-0.59015426112911,390811.6,433877.1,2.5127196838579,2.2633137356177593,-0.07692308794464564,-0.07692308794464564,-0.07692308794464564,-0.19999997516473078,-0.07692308794464563,-0.07692308794464563,-0.07692308794464563,-0.19999997516473078,42.857142857142854,52.3809523809524,42.857142857142854,52.38095238095239,-57.142857142857146,-57.142857142857146,0.0010357144554810865,0.0007857144145028931,-53.846153846153854,-89.54758190327604,28.98823508328718,19.617552879514747,0.010826316327926399,0.0,HOLD,0,1
0.013000000268220901,0.013000000268220901,0.013000000268220901,0.013000000268220901,88462,0.0,0.0,EMP,2023-06-20 00:00:00+10:00,Energy,0.08333334626836897,0.08004271961356925,0.0,0.0,0.012200000137090683,1.0655737805033332,0.012600000202655792,1.0317460364390152,0.012650000210851432,1.0276679882636865,0.015100000239908696,0.8609271564024497,0.017024999912828208,0.7635829858903846,0.022825000006705523,0.5695509425805811,0.11357315708415391,1.8029179755428695,0.079910042033129,1.2685325908582656,0.06890803122783346,1.0938810837835207,0.06947798620346818,1.102928838527721,50.0,50.0,50.0,-0.0006722138135790787,-0.0008418525460423226,0.00016963873246324387,0.013998412229435044,0.01120158817587654,0.2860387767733724,0.0138242863005603,0.011475714121142563,0.29805348154659883,0.020483269615739624,0.009716730864077767,-0.39009750860993303,388504.0,438300.2,0.22769907130943312,0.20182970484613058,0.0,0.08333334626836897,0.0,-0.18750002182787184,0.0,0.08333334626836898,0.0,-0.18750002182787182,71.42857142857143,61.904761904761926,71.42857142857143,61.904761904761905,-28.571428571428573,-28.571428571428573,0.0010357144554810865,0.0008333334699273109,53.846153846153854,48.04992199687992,25.773429870166623,20.590876118279354,0.01095326369209469,0.0,HOLD,0,1
0.012000000104308128,0.012000000104308128,0.012000000104308128,0.012000000104308128,695125,0.0,0.0,EMP,2023-06-21 00:00:00+10:00,Energy,-0.07692308794464564,-0.08004271961356928,0.0,0.0,0.012400000169873238,0.9677419306382801,0.012500000186264515,0.9599999940395356,0.012600000202655792,0.9523809453414773,0.015000000223517418,0.7999999950329464,0.016934999916702508,0.7085916836924735,0.022720000008121133,0.5281690184867428,0.08921282810188813,1.416209741486103,0.07986458029769358,1.2678109081814766,0.07115344988367571,1.129525999899022,0.0696472786159888,1.105616272261999,42.857142857142854,50.0,46.15384615384615,-0.0006713169416561852,-0.0008077454251650951,0.00013642848350890985,0.013914213980446758,0.011085786392082271,-0.35355339059290347,0.01379648648201093,0.011403513923300653,-0.5014684319414351,0.020424810690960263,0.009575189756074574,-0.5530147342868247,523529.0,439695.25,1.3277678982444143,1.580924515331926,0.09090910630285265,-0.07692308794464564,-0.07692308794464564,-0.2941176792845164,0.09090910630285255,-0.07692308794464563,-0.07692308794464563,-0.2941176792845164,42.857142857142854,52.3809523809524,42.857142857142854,52.38095238095239,-57.142857142857146,-57.142857142857146,0.0009642858723444599,0.0008809525253517288,-59.34489402697492,-77.43813682678312,24.371715416761177,18.92840562499144,0.01107513316169625,0.0,HOLD,0,1
0.012000000104308128,0.012000000104308128,0.012000000104308128,0.012000000104308128,36,0.0,0.0,EMP,2023-06-22 00:00:00+10:00,Energy,0.0,0.0,0.0,0.0,0.012400000169873238,0.9677419306382801,0.012400000169873238,0.9677419306382801,0.012550000194460153,0.9561752923004091,0.014920000210404396,0.8042895398848574,0.016854999922215938,0.7119549189965514,0.02262000000104308,0.5305039833667007,0.08014103659958727,1.2721995159206,0.07986458029769358,1.2678109081814766,0.07115344988367571,1.129525999899022,0.06920577724380798,1.098607655256294,42.857142857142854,44.444444444444436,46.15384615384615,-0.0006629639287062707,-0.0007787891258733303,0.00011582519716705965,0.013798412196652498,0.011001588143093979,-0.2860387767733711,0.013759611030392901,0.011340389358527405,-0.4546917684710652,0.0204022905479759,0.009437709872832892,-0.5326241271982219,499427.6,439697.05,7.208252006897496e-05,8.187455430960932e-05,0.0,-0.07692308794464564,-0.07692308794464564,-0.2500000291038291,0.0,-0.07692308794464563,-0.07692308794464563,-0.25000002910382907,42.857142857142854,52.38095238095239,42.857142857142854,52.38095238095239,-57.142857142857146,-57.142857142857146,0.0008928572892078332,0.0008809525253517288,-50.5555555555555,-67.96116504854379,22.588960970052383,18.92840562499144,0.011192127852513747,0.0,HOLD,0,1
0.012000000104308128,0.012000000104308128,0.012000000104308128,0.012000000104308128,0,0.0,0.0,EMP,2023-06-23 00:00:00+10:00,Energy,0.0,0.0,0.0,0.0,0.012200000137090683,0.9836065548741667,0.01230000015348196,0.975609752404035,0.012500000186264515,0.9599999940395356,0.014820000194013118,0.809716595628373,0.016774999927729368,0.7153502328469116,0.02251999999396503,0.5328596850587887,0.06667900286059565,1.0584963554334033,0.07986458029769358,1.2678109081814766,0.07115344988367571,1.129525999899022,0.06855458908529714,1.0882703637115152,60.0,44.444444444444436,46.15384615384615,-0.0006488644008542724,-0.0007528041808695188,0.00010393978001524645,0.013649897490170005,0.010950102816793915,-0.22223915924590074,0.01371395434258435,0.01128604602994468,-0.41187723552276684,0.020329768606266733,0.009310231781759503,-0.5118182614415092,353124.6,429697.05,0.0,0.0,-0.07692308794464564,-0.07692308794464564,-0.07692308794464564,-0.2941176792845164,-0.07692308794464563,-0.07692308794464563,-0.07692308794464563,-0.2941176792845164,42.857142857142854,42.857142857142854,42.857142857142854,42.857142857142854,-57.142857142857146,-57.142857142857146,0.0008928572892078332,0.0008809525253517288,-43.137254901960816,-60.29609690444136,20.951534006403733,18.92840562499144,0.011304442755698543,0.08333334626836897,BUY,0,0
0.010999999940395355,0.012000000104308128,0.010999999940395355,0.012000000104308128,941634,0.0,0.0,EMP,2023-06-26 00:00:00+10:00,Energy,0.0,0.0,0.0010000001639127731,0.09090910630285255,0.012200000137090683,0.9836065548741667,0.012200000137090683,0.9836065548741667,0.012450000178068877,0.9638554162791548,0.014720000177621841,0.8152173885535132,0.016694999933242798,0.7187780863906404,0.022419999986886978,0.5352364010404413,0.05668639558321752,0.8998686326029427,0.07986458029769358,1.2678109081814766,0.07115344988367571,1.129525999899022,0.06855458908529714,1.0882703637115152,50.0,50.0,46.15384615384615,-0.0006304232961171895,-0.0007283280039190531,9.790470780186356e-05,0.013464911408494783,0.010935088865686584,-0.15811388300821075,0.013659611014001635,0.011240389342136118,-0.37202053783995986,0.020249733976647165,0.009190266378596518,-0.4918862592975348,345051.4,476778.75,2.7289673364605966,1.9749915448203177,0.0,-0.07692308794464564,-0.07692308794464564,-0.2941176792845164,0.0,-0.07692308794464563,-0.07692308794464563,-0.2941176792845164,33.333333333333336,39.6825396825397,42.857142857142854,42.857142857142854,-66.66666666666667,-57.142857142857146,0.0007857144145028931,0.0009285715807761465,-82.66666666666659,-88.2882882882882,28.316041690546797,17.10915532904953,0.014000000432133675,0.0,HOLD,0,1
0.012000000104308128,0.012000000104308128,0.010999999940395355,0.012000000104308128,434831,0.0,0.0,EMP,2023-06-27 00:00:00+10:00,Energy,0.0,0.0,0.0,0.0,0.012000000104308128,1.0,0.012100000120699405,0.991735535917871,0.012450000178068877,0.9638554162791548,0.014620000161230565,0.8207934317353721,0.016614999938756227,0.7222389496563808,0.02226999999023974,0.5388414957147446,0.03440105073668401,0.5460997505314873,0.07986458029769358,1.2678109081814766,0.06890803122783346,1.0938810837835207,0.06855458908529714,1.0882703637115152,33.33333333333333,42.857142857142854,46.15384615384615,-0.0006087908260682777,-0.0007044205683488981,9.56297422806204e-05,0.01323529273118529,0.01096470751021352,-0.0880830329270604,0.013659611014001635,0.011240389342136118,-0.37202053783995986,0.020162267850514067,0.009077732471947063,-0.4727306950525782,414325.2,378799.25,1.0494920415171465,1.1479193794602287,-0.07692308794464564,-0.07692308794464564,0.0,-0.2941176792845164,-0.07692308794464563,-0.07692308794464563,0.0,-0.2941176792845164,33.333333333333336,36.50793650793653,42.857142857142854,42.857142857142854,-66.66666666666667,-57.142857142857146,0.0007857144145028931,0.0009761906362005643,-72.41379310344831,-79.24528301886787,27.476347452904903,17.10915532904953,0.013940000422298909,0.0,HOLD,0,1
0.012000000104308128,0.012000000104308128,0.012000000104308128,0.012000000104308128,0,0.0,0.0,EMP,2023-06-28 00:00:00+10:00,Energy,0.0,0.0,0.0,0.0,0.012000000104308128,1.0,0.012200000137090683,0.9836065548741667,0.012400000169873238,0.9677419306382801,0.01448000017553568,0.8287292789251776,0.016514999940991402,0.7266121796660305,0.022139999996870757,0.5420054248421046,0.0,0.0,0.06047193863409292,0.9599622655426129,0.06621734307935201,1.0511677336044563,0.06625567013187214,1.0517761567011825,50.0,42.857142857142854,50.0,-0.0005849045224565301,-0.0006805173591704246,9.561283671389448e-05,0.01304327431802814,0.011356725956153226,-0.2371708245119251,0.013596486449228397,0.01120351389051808,-0.3343122879609521,0.01992343819271244,0.009036562158358918,-0.4555944356125512,275300.2,363799.25,0.0,0.0,0.0,0.09090910630285265,-0.07692308794464564,-0.3684210268331688,0.0,0.09090910630285255,-0.07692308794464563,-0.36842102683316885,33.333333333333336,33.333333333333336,42.857142857142854,42.857142857142854,-66.66666666666667,-57.142857142857146,0.0007857144145028931,0.0008809525253517288,-29.16666666666659,-38.54818523153947,27.476347452904903,23.288721880491607,0.013881200412660838,0.0,HOLD,0,1
0.012000000104308128,0.012000000104308128,0.012000000104308128,0.012000000104308128,37384,0.0,0.0,EMP,2023-06-29 00:00:00+10:00,Energy,0.0,0.0,0.0,0.0,0.012000000104308128,1.0,0.012200000137090683,0.9836065548741667,0.012400000169873238,0.9677419306382801,0.014320000186562537,0.8379888231823189,0.016414999943226576,0.7310386930132012,0.02202499999664724,0.5448354191207642,0.0,0.0,0.053444446290555364,0.8484042830541477,0.06381876768234156,1.0130915295964902,0.06570648502712785,1.0430581134358166,0.0,42.857142857142854,45.45454545454545,-0.0005595246034164822,-0.0006563188080196361,9.679420460315395e-05,0.01304327431802814,0.011356725956153226,-0.2371708245119251,0.013596486449228397,0.01120351389051808,-0.3343122879609521,0.01956797333176783,0.009072027041357242,-0.4420754485708507,282769.8,344892.0,0.13220648032427793,0.10839335212182365,0.0,0.0,0.0,-0.3999999813735481,0.0,0.0,0.0,-0.3999999813735481,33.333333333333336,33.333333333333336,42.857142857142854,42.857142857142854,-66.66666666666667,-57.142857142857146,0.0007857144145028931,0.0008333334699273109,-23.333333333333336,-34.50064850843052,27.476347452904903,19.552399930760345,0.013823576403215528,0.0,HOLD,0,1
0.012000000104308128,0.014999999664723873,0.010999999940395355,0.014999999664723873,756394,0.0,0.0,EMP,2023-06-30 00:00:00+10:00,Energy,0.2499999611948931,0.22314352027012374,0.0029999995604157448,0.24999996119489307,0.012600000016391277,1.1904761623182896,0.01240000007674098,1.2096773848300038,0.012500000139698385,1.1999999597668654,0.014220000188797712,1.054852283092136,0.016344999941065908,0.9177118212791916,0.0219249999942258,0.684150498001108,0.11180338152081802,1.7748236594409534,0.09312905446836559,1.4783779077473036,0.08299970271859183,1.3175794337141138,0.07515599841443757,1.193064488036199,100.0,59.999996274709964,61.538458783069565,-0.00029394749845545846,-0.0005838445461068007,0.0002898970476513422,0.01433218340262642,0.010467816750855539,1.3456277948115616,0.014154340498312346,0.010845659781084425,1.511176047908326,0.01921043984581921,0.009229560531776215,0.15629874911496222,434048.6,376947.85,1.7426481734994654,2.006627707254465,0.2499999611948931,0.15384610424909462,0.15384610424909462,-0.25,0.24999996119489307,0.15384610424909467,0.15384610424909467,-0.25,100.0,55.55555555555557,100.0,61.904761904761905,-0.0,-0.0,0.0010714286805263587,0.0009285715364274525,177.91661675359995,136.08742821696288,41.03699338876033,30.379774494401005,0.010999999940395355,-0.19999997516473078,SELL,0,2
0.014999999664723873,0.01600000075995922,0.014999999664723873,0.01600000075995922,200000,0.0,0.0,EMP,2023-07-03 00:00:00+10:00,Energy,0.0666667411724744,0.06453859098676348,0.0010000010952353477,0.0666667411724743,0.013400000147521495,1.1940298943144885,0.01280000014230609,1.2500000454747346,0.012650000164285302,1.2648221780369586,0.014180000219494105,1.128349824562277,0.016274999948218464,0.9831029684095731,0.02182999999728054,0.7329363610605778,0.10826919564026638,1.7187201978788607,0.08779279316302434,1.3936673856785644,0.08389749428169979,1.3318314329450474,0.07445635602094172,1.181958009356991,100.0,63.63636363636363,61.53846153846154,-2.7522718893790293e-06,-0.0004676260912633163,0.0004648738193739373,0.015751459467044836,0.009848540817567345,1.0842096283798142,0.014923416497793421,0.010376583830777183,1.4735535002093159,0.019077979703609124,0.009282020735379086,0.3715819035926319,285721.8,381947.85,0.6999815904841703,0.5236316947457618,0.3333333850734759,0.3333333850734759,0.23076926383393692,-0.11111103062644068,0.33333338507347593,0.33333338507347593,0.23076926383393687,-0.1111110306264407,100.0,77.77777777777779,100.0,80.95238095238096,-0.0,-0.0,0.0010714287470493997,0.0009285715807761465,253.8666759153204,273.7623696614884,45.17912202456914,31.700048140743363,0.011079999934881925,-0.2500000291038291,SELL,0,2
0.01600000075995922,0.017000000923871994,0.01600000075995922,0.017000000923871994,279412,0.0,0.0,EMP,2023-07-04 00:00:00+10:00,Energy,0.06250000727595717,0.06062462866439451,0.0010000001639127731,0.06250000727595727,0.014400000311434269,1.1805555941810089,0.0132000002078712,1.2878788375878087,0.012900000205263495,1.3178295080131552,0.014120000246912241,1.203966050042354,0.016234999960288404,1.047120478315665,0.02174000000115484,0.7819687637060233,0.10258801970156084,1.628534325749548,0.08668764275558978,1.3761236668422032,0.08174042753309564,1.2975890598760078,0.0732892863984791,1.1634313534545861,100.0,80.0,64.28571428571428,0.0003051955941584458,-0.00031306175417896386,0.0006182573483374097,0.017177716376609163,0.009222284039133237,0.9553222388932913,0.015866479947548664,0.009933520462978327,1.382109798413841,0.018795424479319693,0.009444576014504791,0.6159870278716494,254638.0,278657.15,1.097291056323094,1.0027088843763743,0.41666673134184484,0.30769235177858256,0.41666673134184484,-0.14999993480741836,0.4166667313418449,0.3076923517785825,0.4166667313418449,-0.14999993480741833,100.0,100.0,100.0,100.0,-0.0,-0.0,0.0010000001639127731,0.0009761906362005643,219.04763890755714,277.88386837320337,49.48562962352114,34.231442703552204,0.011276799967885017,-0.17647060757070987,SELL,0,2
0.01600000075995922,0.01600000075995922,0.014999999664723873,0.014999999664723873,318000,0.0,0.0,EMP,2023-07-05 00:00:00+10:00,Energy,-0.11764712649748443,-0.12516321965115798,-0.0010000010952353477,-0.06250006548361542,0.015000000223517418,0.9999999627470976,0.013500000163912774,1.1111110727850797,0.013000000175088644,1.1538461125152708,0.014020000249147416,1.069900099726179,0.01618499996140599,0.9267840408089085,0.0216399999987334,0.6931607978559071,0.13324135411431082,2.1151409240157553,0.09300673991212695,1.4764362243621196,0.08587423416116736,1.3632112057114574,0.07513539455581023,1.1927374119203413,71.42856192528268,63.636358248548426,59.99999627471054,0.0003834430173218963,-0.0001737607998787918,0.0005572038172006881,0.017527682506992846,0.009472317820832701,0.3724224933945539,0.01611194685402015,0.009888053496157135,0.6426843696184189,0.018385729551034048,0.009654270947260781,0.22447553382500243,318238.0,292532.1,0.9992521320521119,1.087060189292047,0.2499999611948931,0.2499999611948931,0.15384610424909462,-0.25,0.24999996119489307,0.24999996119489307,0.15384610424909467,-0.25,66.6666511446263,88.88888371487546,66.6666511446263,88.88888371487543,-33.3333488553737,-33.3333488553737,0.0010714288135724409,0.0009523811528370494,113.38447081592538,158.7628630500988,44.65065989962631,45.27604578044658,0.011620192025244235,0.0,HOLD,0,1
0.014999999664723873,0.014999999664723873,0.014999999664723873,0.014999999664723873,0,0.0,0.0,EMP,2023-07-06 00:00:00+10:00,Energy,0.0,0.0,0.0,0.0,0.015600000135600567,0.9615384316883793,0.013800000119954348,1.086956487995559,0.013100000144913793,1.1450381296787828,0.013980000223964452,1.0729613322187894,0.01613499996252358,0.9296560086497709,0.021539999996311964,0.6963788146375183,0.13324135411431082,2.1151409240157553,0.09300673991212695,1.4764362243621196,0.08587423416116736,1.3632112057114574,0.07207598560052839,1.1441708003932232,71.42856192528268,59.99999441206599,57.14285334154139,0.00044037825749471994,-5.093298840408942e-05,0.0004913112458988094,0.017777716101384327,0.00982228413852437,0.30168054993663174,0.01633793339440218,0.009862066895425408,0.5867939124780575,0.018270283510981384,0.00968971693694752,0.23774640799270733,310761.2,285266.8,0.0,0.0,0.2499999611948931,0.2499999611948931,0.15384610424909462,-0.11764712649748443,0.24999996119489307,0.24999996119489307,0.15384610424909467,-0.11764712649748445,66.6666511446263,77.77776742975088,66.6666511446263,77.77776742975088,-33.3333488553737,-33.3333488553737,0.0009285716472991876,0.0009047620974126316,81.34554436772284,119.32882405885152,34.88220980115304,44.852024852659575,0.011942980559161901,-0.19999997516473078,SELL,0,2
0.013000000268220901,0.013000000268220901,0.013000000268220901,0.013000000268220901,249340,0.0,0.0,EMP,2023-07-07 00:00:00+10:00,Energy,-0.13333329608042954,-0.1431008006565545,0.0,0.0,0.015200000256299973,0.8552631611195379,0.013900000136345625,0.9352518086836985,0.013100000144913793,0.9923664217109404,0.013900000210851431,0.9352518036706273,0.01605499996803701,0.8097166175086806,0.02142999999690801,0.6066262375220058,0.0961790066280762,1.5267943972987355,0.1058437672983291,1.680217716585418,0.09171491398434148,1.4559291235094858,0.07450396645840932,1.1827138016210925,55.55555555555556,54.54545454545455,50.0,0.00032042297235359424,2.3338203747447332e-05,0.0002970847686061469,0.0177239018458415,0.010076098426849747,-0.23536166368757802,0.01633793339440218,0.009862066895425408,-0.03088385985371763,0.018108834422857843,0.009691165998845017,-0.21383592161057968,209350.4,297733.8,1.1910175476139526,0.837459502414573,-0.13333329608042954,0.08333334626836897,0.0,-0.23529414342761312,-0.13333329608042951,0.08333334626836898,0.0,-0.23529414342761312,33.333333333333336,55.55554520752867,33.333333333333336,55.55554520752866,-66.66666666666667,-66.66666666666667,0.0010000001639127731,0.0010000001639127731,-12.193184498843012,0.9396044193451633,41.25998754712194,42.80990918958026,0.012246401781044507,0.0,HOLD,0,1
0.014000000432133675,0.014000000432133675,0.013000000268220901,0.014000000432133675,219850,0.0,0.0,EMP,2023-07-10 00:00:00+10:00,Energy,0.07692308794464564,0.07410798238803563,0.0,0.0,0.014800000190734863,0.9459459629532974,0.01410000016912818,0.9929078201563817,0.013150000153109432,1.0646388037359265,0.013830000218003988,1.0122921338720139,0.015984999975189568,0.87582111065769,0.02132499999832362,0.6565064681469744,0.09868259614516582,1.56653764878198,0.10758948523052553,1.707930129632564,0.09314438434905878,1.4786212620589585,0.07522017597910978,1.1940832752914337,60.0,54.54545454545455,52.94117647058823,0.0003025614603488439,7.918285506772667e-05,0.00022337860528111726,0.017683915126268226,0.010516085211988133,-0.027902374411893076,0.01641222432927618,0.009887775976942683,0.2605585125737831,0.01790886558166219,0.009751134854345787,0.04167830976828775,213320.4,308726.3,1.030609355692189,0.7121194404234431,-0.12500001455191456,0.16666669253673794,0.07692308794464564,-0.19999997871262698,-0.12500001455191453,0.16666669253673796,0.07692308794464563,-0.19999997871262695,50.0,49.99999482598656,50.0,49.999994825986555,-50.0,-50.0,0.0010000001639127731,0.0010476192193371908,16.43193534355996,37.272739095135854,43.50261656099406,45.12581111419309,0.012531617729614156,-0.14285716186372543,SELL,0,2
0.014000000432133675,0.017000000923871994,0.014000000432133675,0.017000000923871994,160150,0.0,0.0,EMP,2023-07-11 00:00:00+10:00,Energy,0.2142857427955882,0.1941560379196769,0.0030000004917383194,0.21428574279558815,0.014800000190734863,1.1486486962692326,0.014600000251084566,1.1643836048981673,0.013350000185891987,1.2734082911727038,0.013810000251978635,1.2309920791953868,0.015944999987259508,1.0661650007811514,0.021230000010691582,0.8007536936086044,0.14416179302829193,2.2884975174601534,0.12325024888086782,1.9565370453935589,0.10390857210122004,1.6494974452059148,0.08109862940250197,1.2874008304032656,60.00000372528934,69.23076923076923,60.0,0.0005244356829299593,0.00016823342064017325,0.00035620226228978604,0.01827574705234724,0.010924253449821892,0.6529287251132181,0.017036390859453823,0.00966360951233015,0.9901285732294164,0.017814538599297557,0.009805461904659713,0.7965963602344065,189468.0,311733.8,0.8452614689551797,0.5137396073188085,0.0,0.41666673134184484,0.30769235177858256,-0.05555546357307506,0.0,0.4166667313418449,0.3076923517785825,-0.055555463573075094,100.0,61.11111111111112,100.0,61.11111111111112,-0.0,-0.0,0.0011428573301860265,0.0011904763856104442,103.58976310526738,141.42214324289537,55.36412703900269,46.95762033017096,0.012799720721269626,-0.23529414342761312,SELL,0,2
0.014999999664723873,0.01600000075995922,0.014000000432133675,0.014999999664723873,423526,0.0,0.0,EMP,2023-07-12 00:00:00+10:00,Energy,-0.11764712649748443,-0.12516321965115798,0.0,0.0,0.014800000190734863,1.0135134777980757,0.014900000207126141,1.0067113728998411,0.013550000172108412,1.1070110313061228,0.013730000257492065,1.0924981342617823,0.015894999988377095,0.9436929648123514,0.021120000006631015,0.7102272566294671,0.14416179302829193,2.2884975174601534,0.13293294152146704,2.1102450258845638,0.10102442759415141,1.6037130705406555,0.08245473912753422,1.3089284049009748,45.45454160610603,59.99999627471055,54.54545223639079,0.0005327480282916099,0.00024113634217046062,0.0002916116861211493,0.018090263641888475,0.011709736772363807,0.03134520381862505,0.017132119779199845,0.00996788056501698,0.40478812872270753,0.01746188185271303,0.0099981186622711,0.3403107453511294,210573.2,331910.1,2.0113005833600854,1.2760262492765362,0.0,0.2499999611948931,0.36363634054572125,-0.21052630804995065,0.0,0.24999996119489307,0.3636363405457212,-0.21052630804995065,66.6666511446263,72.22221704820878,66.6666511446263,72.22221704820878,-33.3333488553737,-33.3333488553737,0.0013571430795959064,0.0012857144964592798,51.39500719454155,81.25665638968627,48.208122519365006,44.03950127770942,0.013051737533425768,-0.06666661699612819,SELL,0,2
0.014999999664723873,0.017000000923871994,0.014999999664723873,0.014999999664723873,204411,0.0,0.0,EMP,2023-07-13 00:00:00+10:00,Energy,0.0,0.0,0.0,0.0,0.014800000190734863,1.0135134777980757,0.015200000163167715,0.9868420726120465,0.0137000001501292,1.0948904744780177,0.01363000025972724,1.1005135274314404,0.015844999989494683,0.9466708535606785,0.021020000004209578,0.7136060733453803,0.14416179302829193,2.2884975174601534,0.13293294152146704,2.1102450258845638,0.09971571071600853,1.5829378341637022,0.08208595915476312,1.3030742043222538,39.99999627471066,59.99999627471055,59.999997206032866,0.0005331893469847377,0.0002995469431333161,0.0002336424038514216,0.017658545923127305,0.012741454403208126,-0.08134910551639667,0.01726001220297534,0.010139988097283061,0.365167166654775,0.016917639761547903,0.010342360757906576,0.4167121742630058,251455.4,336103.5,0.8129115540966708,0.6081787306588595,0.0,0.2499999611948931,0.2499999611948931,-0.25,0.0,0.24999996119489307,0.24999996119489307,-0.25,66.6666511446263,77.77776742975088,66.6666511446263,77.77776742975088,-33.3333488553737,-33.3333488553737,0.0015000003123922007,0.0012857145408079738,68.7179393716589,99.89582507390905,51.37623270986772,46.266329175350116,0.013288633336852542,-0.06666661699612819,SELL,0,2
0.014999999664723873,0.014999999664723873,0.014999999664723873,0.014999999664723873,444517,0.0,0.0,EMP,2023-07-14 00:00:00+10:00,Energy,0.0,0.0,0.0,0.0,0.015200000070035458,0.9868420786585484,0.015200000163167715,0.9868420726120465,0.013800000119954348,1.086956487995559,0.013610000237822533,1.1021307422933393,0.01579499999061227,0.9496675956719909,0.02092000000178814,0.7170171923251313,0.12211844082854785,1.9385701495637646,0.10820655198908065,1.7177257607453336,0.09847547704830564,1.563249735049594,0.0769773153637933,1.2219769982759316,50.0,59.99999627471055,57.89473400428085,0.0005274588776191282,0.00034512933003047854,0.00018232954758864962,0.017658545923127305,0.012741454403208126,-0.08134910551639667,0.017389458564722876,0.010210541675185819,0.3343121429692184,0.01685062276878777,0.0103693777068573,0.4289297545824698,290490.8,321753.6,1.5302274633138124,1.3815447597167523,0.15384610424909462,0.0,0.15384610424909462,-0.06250006548361542,0.15384610424909467,0.0,0.15384610424909467,-0.06250006548361542,66.6666511446263,66.6666511446263,66.6666511446263,66.6666511446263,-33.3333488553737,-33.3333488553737,0.0014285717292555741,0.001238095485383556,32.68918567373753,62.38339585792278,55.99454873252538,41.977382037204464,0.01351131539207371,-0.06666661699612819,SELL,0,2
0.014999999664723873,0.017000000923871994,0.014000000432133675,0.014000000432133675,559990,0.0,0.0,EMP,2023-07-17 00:00:00+10:00,Energy,-0.06666661699612819,-0.06899281826851879,-0.0009999992325901985,-0.06666661699612825,0.015200000070035458,0.9210526557649559,0.01500000013038516,0.9333333540293903,0.013900000136345625,1.0071942658134636,0.013570000231266022,1.0316875603197786,0.015734999999403955,0.8897362842493802,0.020810000011697413,0.6727535042894858,0.12651482088262317,2.0083605193158127,0.10800209554042715,1.71448011524285,0.09801606284822505,1.5559567607164844,0.07757960548593958,1.2315380575577901,44.44444904356799,56.25,52.631578947368425,0.00043718624770874327,0.0003635407135661315,7.364553414261176e-05,0.01749443879710574,0.01250556146366458,-0.40089167618868654,0.01738832673425232,0.010411673538438929,0.028667125333980678,0.016738789594954603,0.010401210867577441,0.13569857491793555,358518.8,300653.1,1.5619543521845995,1.8625784999389663,0.0,-0.12500001455191456,0.16666669253673794,-0.12500001455191456,0.0,-0.12500001455191453,0.16666669253673796,-0.12500001455191453,50.0,61.11110076308421,50.0,61.11110076308421,-50.0,-50.0,0.0015714288955288275,0.0012857145408079738,25.118055903152626,56.58684208306857,62.54437582949843,41.091839567179434,0.013720636523981606,-0.14285716186372543,SELL,0,2
0.014000000432133675,0.014999999664723873,0.014000000432133675,0.014999999664723873,1266597,0.0,0.0,EMP,2023-07-18 00:00:00+10:00,Energy,0.0714285144088238,0.06899281826851893,0.0009999992325901985,0.07142851440882372,0.014799999818205834,1.0135135033091023,0.014800000004470348,1.0135134905535887,0.014000000106170774,1.0714285393549625,0.013540000226348638,1.1078286125530559,0.015695000002160668,0.9557183601566667,0.02071000000927597,0.7242877671658813,0.07217808163904385,1.145791524759764,0.10868587291619751,1.7253347445733742,0.09759578682034596,1.5492850856058638,0.07811392544015187,1.240020123874101,62.49999563442564,58.82352715596633,57.89473477823276,0.00044124966735642306,0.00037908250432418987,6.216716303223318e-05,0.016865591220559133,0.012734408788381566,0.09682441457716211,0.01749435663831944,0.010505643574022104,0.2861755946632619,0.016622803338930223,0.010457197113767053,0.4735947723734488,579808.2,359559.85,2.184510326000909,3.5226319067604464,-0.11764712649748443,-0.11764712649748443,0.15384610424909462,-0.09090910630285254,-0.11764712649748445,-0.11764712649748445,0.15384610424909467,-0.09090910630285255,66.6666511446263,61.11110076308421,66.6666511446263,61.11110076308421,-33.3333488553737,-33.3333488553737,0.001642857412142413,0.0012857144964592798,-4.982225362159932,37.06719722588033,47.05517324928108,38.16870723690923,0.01391739838797503,-0.06666661699612819,SELL,0,2
0.014999999664723873,0.014999999664723873,0.014999999664723873,0.014999999664723873,0,0.0,0.0,EMP,2023-07-19 00:00:00+10:00,Energy,0.0,0.0,0.0,0.0,0.014799999818205834,1.0135135033091023,0.014800000004470348,1.0135134905535887,0.014150000084191561,1.060070641376316,0.013500000201165676,1.1111110697189972,0.015655000004917385,0.9581603104447288,0.020610000006854534,0.7278020213360082,0.048841415210265145,0.7753334299608543,0.10154266370675598,1.6119398137868428,0.0954200526199745,1.5147463759268984,0.07799951119215516,1.2382038539942504,57.142851440882374,58.82352715596633,55.5555532559939,0.0004394047720107982,0.0003911469578615116,4.825781414928657e-05,0.016865591220559133,0.012734408788381566,0.09682441457716211,0.017538836407270428,0.010761163761112694,0.250823438931999,0.016448538580846328,0.010551461821485024,0.5087264503305051,495103.0,324803.6,0.0,0.0,0.0,0.0,0.2499999611948931,-0.11764712649748443,0.0,0.0,0.24999996119489307,-0.11764712649748445,66.6666511446263,61.11110076308421,66.6666511446263,61.11110076308421,-33.3333488553737,-33.3333488553737,0.001642857412142413,0.0012380954410348619,4.620412986144707,47.42161562352054,47.05517324928108,37.41497439282287,0.014102354540128847,-0.06666661699612819,SELL,0,2
0.014999999664723873,0.014999999664723873,0.014999999664723873,0.014999999664723873,0,0.0,0.0,EMP,2023-07-20 00:00:00+10:00,Energy,0.0,0.0,0.0,0.0,0.014799999818205834,1.0135135033091023,0.014800000004470348,1.0135134905535887,0.014300000062212348,1.04895102094169,0.01348000017926097,1.112759604246996,0.01560500000603497,0.9612303530229335,0.020514999995939434,0.7311722967434973,0.048841415210265145,0.7753334299608543,0.10154266370675598,1.6119398137868428,0.0954200526199745,1.5147463759268984,0.07753010171855196,1.2307522096129795,24.999982537700518,50.0,58.82352715596633,0.0004329518793951565,0.0003995079421682406,3.344393722691589e-05,0.016865591220559133,0.012734408788381566,0.09682441457716211,0.017550911018664895,0.011049089105759802,0.21532413895315583,0.016372354747448435,0.010587645611073506,0.5255232197950866,454220.8,324801.8,0.0,0.0,0.0,0.0,0.2499999611948931,-0.06250006548361542,0.0,0.0,0.24999996119489307,-0.06250006548361542,49.99997671693945,61.11109300206403,66.6666511446263,66.6666511446263,-50.00002328306055,-33.3333488553737,0.0013571431461189473,0.0011904763856104442,-5.426411298244231,42.826982587785025,38.59260314286547,41.04411735655863,0.014276213323153436,-0.13333329608042954,SELL,0,2
0.01549999974668026,0.01549999974668026,0.01549999974668026,0.01549999974668026,31251,0.0,0.0,EMP,2023-07-21 00:00:00+10:00,Energy,0.033333339542150675,0.03278982883152377,0.0,0.0,0.01489999983459711,1.0402684509223938,0.015049999952316285,1.0299003186571252,0.014475000044330954,1.0708117236069192,0.013470000158995389,1.1507052385837737,0.015580000011250377,0.9948651948323267,0.020422499985434116,0.7589668139422344,0.05091004960138769,0.8081719828754089,0.08935205235421409,1.4184198579748433,0.09542938930720621,1.5148945912418044,0.07765940974911499,1.2328049109613395,60.00000745058493,48.148144571052185,59.99999787126292,0.00046284831616979355,0.00041217601696855123,5.067229920124232e-05,0.016713330180947745,0.013386669723684824,0.27054146351576963,0.01757805471195508,0.011371945376706825,0.33031957607569407,0.01633007013701464,0.010609930180976137,0.7097726990200256,371567.6,326364.35,0.0841058262345802,0.09575494382275515,0.033333339542150675,0.19230764822141744,0.29166663432907747,-0.031250061845636834,0.03333333954215063,0.1923076482214175,0.2916666343290776,-0.031250061845636785,62.49997671693945,59.72220152616842,74.99998447795963,69.44442892240409,-37.50002328306055,-25.000015522040368,0.001321428788027593,0.001214285913322653,54.32830268950083,61.376231141255325,35.9700528712698,41.37433317385739,0.014439640579196548,-0.16129029156886276,SELL,0,2
0.014999999664723873,0.01549999974668026,0.012000000104308128,0.012000000104308128,934213,0.0,0.0,EMP,2023-07-24 00:00:00+10:00,Energy,-0.2258064322305392,-0.2559333491016474,-0.0029999995604157448,-0.19999997516473078,0.014499999769032,0.827586227272694,0.01484999991953373,0.8080808194835944,0.014475000044330954,0.8290155487086065,0.013390000145882368,0.8961911854794351,0.015510000018402935,0.7736943965228807,0.020322499978356064,0.5904785394064908,0.11648104035227501,1.8490791913571947,0.11574681724853253,1.8374237609211512,0.10981841347170596,1.7433132685307962,0.08409219621095856,1.3349222302526667,24.999996119488102,34.37499818101068,50.0,0.00020179457503567873,0.00037009972858197674,-0.000168305153546298,0.017346664513272436,0.012353335325795023,-1.141522903145665,0.01757805471195508,0.011371945376706825,-0.797601139885113,0.016184236202040524,0.01059576408972421,-0.4974526180459406,446412.2,325993.3,2.0927138640028207,2.865742946250736,-0.14285716186372543,-0.14285716186372543,0.0,-0.2500000291038291,-0.14285716186372543,-0.14285716186372543,0.0,-0.25000002910382907,0.0,37.49998447795965,16.666666666666668,52.77776742975087,-100.0,-83.33333333333333,0.0015000001793461187,0.0013809525629594212,-162.73506153702436,-58.50380437268,25.33938989900473,36.222359867083426,0.017000000923871994,0.08333334626836897,BUY,0,0
0.013000000268220901,0.013000000268220901,0.013000000268220901,0.013000000268220901,35409,0.0,0.0,EMP,2023-07-25 00:00:00+10:00,Energy,0.08333334626836897,0.08004271961356925,0.0,0.0,0.014099999889731407,0.9219858418359562,0.01444999985396862,0.899654006892638,0.014525000052526594,0.8950086210815248,0.013370000142604112,0.9723261129067464,0.01545000002719462,0.841423964099592,0.020227499972097576,0.6426894221309354,0.11901870242978192,1.8893633279688116,0.09279721670436111,1.47311014655225,0.11116334882092437,1.7646634553117464,0.08304151197327844,1.318243135056524,35.71428666461509,43.33333519597853,52.27272746514927,7.473773024232674e-05,0.0003110273289140468,-0.00023628959867172004,0.01668358148965256,0.012216418218284678,-0.6491813697705822,0.017489260993656826,0.011560739111396361,-0.5144620580279383,0.01616072823110832,0.010579272054099904,-0.13258184339325074,200174.6,306022.2,0.17689057452843668,0.1157072918239265,-0.13333329608042954,-0.23529414342761312,0.08333334626836897,-0.07142858093186266,-0.13333329608042951,-0.23529414342761312,0.08333334626836898,-0.07142858093186272,20.0,27.499992238979832,33.333333333333336,41.66666149265321,-80.0,-66.66666666666667,0.001428571529686451,0.0013809525629594212,-133.89591955861886,-74.92220680467693,27.054103227465433,40.542195928263745,0.016900000907480717,0.15384610424909462,BUY,0,0
0.014000000432133675,0.014999999664723873,0.014000000432133675,0.014000000432133675,85000,0.0,0.0,EMP,2023-07-26 00:00:00+10:00,Energy,0.07692308794464564,0.07410798238803563,0.0,0.0,0.013900000043213368,1.0071942725618286,0.0143499999307096,0.9756097909222347,0.01462500006891787,0.9572649823016075,0.013390000145882368,1.045556406243871,0.01541000003926456,0.9085009991214654,0.020097499978728593,0.6966040774699054,0.1272337237176892,2.0197727480262366,0.09094098118059267,1.44364332112832,0.1121304652731702,1.7800159530406356,0.08301827072044889,1.3178741916056567,50.0,46.87500236468625,54.347826439063326,5.411215004408158e-05,0.00025964429314005374,-0.00020553214309597216,0.01656359383290657,0.01213640602851263,-0.15811368933956424,0.01735639661555335,0.01189360352228239,-0.22882054147504394,0.016184236202040524,0.01059576408972421,0.21830664052413898,217174.6,310272.2,0.39139015336047583,0.27395299997872835,-0.06666661699612819,-0.06666661699612819,0.16666669253673794,0.07692308794464564,-0.06666661699612825,-0.06666661699612825,0.16666669253673796,0.07692308794464563,40.0,20.000000000000014,50.0,33.333333333333336,-60.0,-50.0,0.0015714286294366633,0.001428571574035145,-19.5257979580064,-10.00714412962076,28.391100776796122,41.35179910441337,0.016802000891417264,-0.07142858093186266,SELL,0,2
0.014000000432133675,0.014000000432133675,0.014000000432133675,0.014000000432133675,75000,0.0,0.0,EMP,2023-07-27 00:00:00+10:00,Energy,0.0,0.0,0.0,0.0,0.013700000196695327,1.0218978270898649,0.01425000000745058,0.9824561701623723,0.014725000085309147,0.950764030629868,0.013410000149160623,1.043997037763641,0.015370000051334501,0.9108653471291384,0.019982499978505076,0.7006130587861028,0.1272337237176892,2.0197727480262366,0.09094098118059267,1.44364332112832,0.1121304652731702,1.7800159530406356,0.08301827072044889,1.3178741916056567,41.66667313418449,53.57142904659314,54.347826439063326,3.733584476005476e-05,0.00021518260346405394,-0.00017784675870399918,0.016423067022515267,0.012076932992385896,-0.11504457689698279,0.01718467500466577,0.012265325165952521,-0.2947542569426653,0.016207156151944405,0.010612844146376843,0.21092862978892576,232174.6,312153.0,0.32303275207537774,0.24026679224611008,-0.06666661699612819,-0.06666661699612819,0.16666669253673794,0.07692308794464564,-0.06666661699612825,-0.06666661699612825,0.16666669253673796,0.07692308794464563,40.0,33.33333333333335,50.0,44.44444444444445,-60.0,-50.0,0.001428571529686451,0.001428571574035145,-59.43394080598747,-41.673350798232065,29.359000822660576,40.87216051887077,0.01670596087567508,0.0714285144088238,BUY,0,0
0.014000000432133675,0.014000000432133675,0.014000000432133675,0.014000000432133675,18889,0.0,0.0,EMP,2023-07-28 00:00:00+10:00,Energy,0.0,0.0,0.0,0.0,0.013400000333786011,1.0447761256270163,0.014150000084191561,0.9893993179388411,0.014675000123679638,0.9540034285616951,0.013430000152438878,1.042442313717419,0.015320000061765314,0.9138381446272961,0.01986249998677522,0.7048458372035296,0.12548983270357905,1.9920893364046226,0.09094098118059267,1.44364332112832,0.09736635473941586,1.5456429642323373,0.08301827072044889,1.3178741916056567,41.66667313418449,50.0,54.347826439063326,2.3766536121455975e-05,0.00017689938999553435,-0.00015313285387407837,0.016260818358610308,0.012039181809772814,-0.07106232396968977,0.017151734100959073,0.012198266146400205,-0.27253621008075185,0.01622948992078801,0.010630510384089745,0.203608631165288,229702.2,275277.75,0.08223256024539599,0.06861796857900793,-0.09677415090718633,-0.06666661699612819,-0.06666661699612819,0.07692308794464564,-0.09677415090718632,-0.06666661699612825,-0.06666661699612825,0.07692308794464563,40.0,40.0,50.0,50.0,-60.0,-50.0,0.0013571429465498244,0.001428571574035145,-64.36779254126573,-55.28005219757913,25.895156795018877,40.87216051887077,0.01661184166024774,-0.07142858093186266,SELL,0,2
0.014000000432133675,0.014000000432133675,0.012000000104308128,0.012000000104308128,542277,0.0,0.0,EMP,2023-07-31 00:00:00+10:00,Energy,-0.14285716186372543,-0.15415070200160488,-0.0020000003278255463,-0.14285716186372543,0.013400000333786011,0.8955223735369617,0.013950000051409006,0.8602150580706328,0.014475000090897083,0.8290155460416603,0.013410000149160623,0.8948545839545907,0.015260000070556999,0.7863695969085354,0.019747499986551703,0.6076718628930387,0.09111699871501085,1.4464375128630635,0.09966456566526498,1.582125931653347,0.10115169346984111,1.6057333536854144,0.08560713965450514,1.358971211864379,31.250003637978637,29.166663432907754,43.18182000982715,-0.00014667971800736215,0.00011218356839495505,-0.0002588632864023172,0.016464402645257878,0.011435597457560133,-0.7755321092458598,0.017140076423475686,0.011809923758318481,-0.9286788360745606,0.01623618964449782,0.010583810653823425,-0.4989049910413968,151315.0,292391.6,3.5837623500644353,1.8546257826832235,0.0,-0.14285716186372543,-0.2500000291038291,-0.07692308794464564,0.0,-0.14285716186372543,-0.25000002910382907,-0.07692308794464563,0.0,26.666666666666682,0.0,33.333333333333336,-100.0,-100.0,0.0012857143634131976,0.0013333335075350035,-152.12923903174374,-149.01288519990752,20.287585296571592,30.626288392282234,0.01651960482912895,0.08333334626836897,BUY,0,0
0.014000000432133675,0.014000000432133675,0.013000000268220901,0.013000000268220901,216641,0.0,0.0,EMP,2023-08-01 00:00:00+10:00,Energy,0.08333334626836897,0.08004271961356925,-0.0010000001639127731,-0.07142858093186272,0.013400000333786011,0.970149249581989,0.013750000111758708,0.9454545572769543,0.014275000058114528,0.910683027341295,0.013410000149160623,0.9694258108591158,0.015210000080987812,0.8547008677843885,0.019602499990724026,0.6631807307421272,0.09111699871501085,1.4464375128630635,0.10081459785098992,1.6003821266322364,0.10203302568894775,1.6197240689305235,0.08637494506487065,1.371159744891081,35.29412151414198,40.90909283331128,43.181817604552165,-0.00019877657391573038,4.999153993281795e-05,-0.00024876811384854833,0.016210803643614942,0.011289196579902475,-0.30477843266588084,0.01673467467655477,0.011815325439674288,-0.5183611605921054,0.01623618964449782,0.010583810653823425,-0.1450716173194196,187561.4,289253.05,1.1550404294273768,0.7489670376855145,0.0,-0.13333329608042954,-0.23529414342761312,0.0,0.0,-0.13333329608042951,-0.23529414342761312,0.0,20.0,20.000000000000014,20.0,23.33333333333334,-80.0,-80.0,0.001214285780276571,0.0013809525186107272,-80.0557845968754,-87.28179301381002,26.069155281466536,30.430672800066915,0.016429212734632534,0.0,HOLD,0,1
0.013000000268220901,0.014000000432133675,0.012000000104308128,0.012000000104308128,345960,0.0,0.0,EMP,2023-08-02 00:00:00+10:00,Energy,-0.07692308794464564,-0.08004271961356928,-0.0010000001639127731,-0.07692308794464563,0.013000000268220901,0.9230769120553544,0.013450000155717134,0.892193305976085,0.014125000080093741,0.8495575246912487,0.013390000145882368,0.8961911854794351,0.015140000088140369,0.7926023800824216,0.019457499985583125,0.6167287736450947,0.0859450773137286,1.3643358058940702,0.10294890936811103,1.6342632716000969,0.10012279649761098,1.5894001206060449,0.08712359737154748,1.3830442318226117,50.0,37.50000097012775,38.63636267425362,-0.0003171000316613045,-2.342677438600656e-05,-0.00029367325727529795,0.015964402930648058,0.01093559738078621,-0.5766777168183962,0.016758288871418614,0.011491711288768868,-0.8069756658617274,0.01624206709054273,0.010537933201222007,-0.48736585379827696,239753.4,290651.05,1.4429826646879669,1.190293308763206,-0.14285716186372543,-0.19999997516473078,-0.19999997516473078,-0.07692308794464564,-0.14285716186372543,-0.19999997516473078,-0.19999997516473078,-0.07692308794464563,0.0,6.666666666666681,0.0,6.666666666666671,-100.0,-100.0,0.0012142857137535299,0.001428571574035145,-114.28572847729941,-122.80702866584214,20.523933662676882,25.145925433096167,0.016340628482026047,0.0,HOLD,0,1
0.012000000104308128,0.012000000104308128,0.012000000104308128,0.012000000104308128,0,0.0,0.0,EMP,2023-08-03 00:00:00+10:00,Energy,0.0,0.0,0.0,0.0,0.012600000202655792,0.9523809453414773,0.01315000019967556,0.9125475225927522,0.013975000102072954,0.8586762087055823,0.013370000142604112,0.8975317858127453,0.015080000096932054,0.7957559699717419,0.019312499980442224,0.6213592293312897,0.0859450773137286,1.3643358058940702,0.10294890936811103,1.6342632716000969,0.10012279649761098,1.5894001206060449,0.08712359737154748,1.3830442318226117,40.0,37.50000097012775,42.500001280568505,-0.00040618991984759517,-9.99794034783243e-05,-0.00030621051636927087,0.015556011180782977,0.010743989218568142,-0.4779695954829429,0.016737054927696657,0.01121294527644925,-0.7150473551222316,0.016247144446058726,0.0104928558391495,-0.47616660612087236,224753.4,290651.05,0.0,0.0,-0.14285716186372543,-0.19999997516473078,-0.19999997516473078,-0.07692308794464564,-0.14285716186372543,-0.19999997516473078,-0.19999997516473078,-0.07692308794464563,0.0,6.666666666666681,0.0,6.666666666666671,-100.0,-100.0,0.0012142857137535299,0.0013333334188376153,-136.03936946576,-148.56702276069848,22.940486063914804,26.647391863721836,0.016253815914471687,0.16666669253673794,BUY,0,0
0.013000000268220901,0.013000000268220901,0.012000000104308128,0.013000000268220901,264308,0.0,0.0,EMP,2023-08-04 00:00:00+10:00,Energy,0.08333334626836897,0.08004271961356925,0.0,0.0,0.012400000169873238,1.0483871040425798,0.012900000251829625,1.0077519391038068,0.013975000102072954,0.9302325705380547,0.013370000142604112,0.9723261129067464,0.015030000107362867,0.8649368047477582,0.019182499977760017,0.6777010443525588,0.0995615555348255,1.5804906965273677,0.1068000584247596,1.6953983675944957,0.09732364811746294,1.5449650176261989,0.08787567309574641,1.3949830638225267,40.0,45.83333268658155,45.23809682197712,-0.000391588651990845,-0.00015830125318082848,-0.00023328739881001652,0.014651190610415053,0.011148809893244196,0.05710402407197714,0.016737054927696657,0.01121294527644925,-0.35299800163520884,0.016247144446058726,0.0104928558391495,-0.12859969308419772,273837.2,291399.45,0.9652012217478122,0.9070298519781008,-0.07142858093186266,-0.16129029156886276,0.0,0.0,-0.07142858093186272,-0.16129029156886276,0.0,0.0,28.57143617406261,9.523812058020885,20.0,6.666666666666671,-71.42856382593739,-80.0,0.0010714285474802767,0.0013809524742620333,-75.21367427480081,-92.84100055586144,15.392638984612447,29.53622763568903,0.016168739598268415,-0.15384617588929128,SELL,0,2
0.012000000104308128,0.012000000104308128,0.012000000104308128,0.012000000104308128,127645,0.0,0.0,EMP,2023-08-07 00:00:00+10:00,Energy,-0.07692308794464564,-0.08004271961356928,0.0,0.0,0.012400000169873238,0.9677419306382801,0.012900000251829625,0.9302325480657376,0.013875000085681677,0.8648648670418059,0.013350000139325857,0.8988764029266969,0.014970000116154552,0.8016032071608729,0.019037499972619117,0.6303348717829155,0.08014103659958725,1.2721995159205999,0.08089888703308645,1.284230018588728,0.09739047628886197,1.5460258819587689,0.088613918399332,1.4067023447016198,33.33333333333333,37.50000291038279,47.49999976716938,-0.00045545845632414574,-0.00021773269380949195,-0.00023772576251465379,0.014651190610415053,0.011148809893244196,-0.5139362166477982,0.016774636995544014,0.01097536317581934,-0.6466326783868144,0.01625144245682684,0.010448557821824874,-0.4652858431390378,190910.8,286789.2,0.6686106810091414,0.44508300870465134,0.0,0.0,-0.14285716186372543,-0.07692308794464564,0.0,0.0,-0.14285716186372543,-0.07692308794464563,0.0,9.523812058020885,0.0,6.666666666666671,-100.0,-100.0,0.0010714286140033177,0.0013333334631863095,-106.28707904254875,-128.19035336421533,22.99030027539034,30.142444409310045,0.01608536480838921,0.0,HOLD,0,1
0.012000000104308128,0.012000000104308128,0.012000000104308128,0.012000000104308128,0,0.0,0.0,EMP,2023-08-08 00:00:00+10:00,Energy,0.0,0.0,0.0,0.0,0.012200000137090683,0.9836065548741667,0.012800000235438347,0.9374999909050532,0.013625000044703484,0.8807339497200919,0.013350000139325857,0.8988764029266969,0.014930000109598041,0.8037508383267656,0.01888749997597188,0.6353408402157075,0.06667900286059564,1.058496355433403,0.07584079910249195,1.203935361945626,0.08293780342099842,1.3165968128275432,0.08787567309574641,1.3949830638225267,33.33333333333333,37.50000291038279,44.736841589295004,-0.0005003084915559449,-0.00027424785335878254,-0.00022606063819716237,0.014637873703635725,0.010962126767240968,-0.4352857500657396,0.016238225185551066,0.0110117749038559,-0.6218369458470374,0.01625144245682684,0.010448557821824874,-0.4652858431390378,147582.6,278781.7,0.0,0.0,-0.07692308794464564,-0.07692308794464564,-0.2941176792845164,0.0,-0.07692308794464563,-0.07692308794464563,-0.2941176792845164,0.0,0.0,9.523812058020885,0.0,6.666666666666671,-100.0,-100.0,0.0010714286140033177,0.0012857144077618916,-96.85534981097203,-113.63939253313241,22.99030027539034,27.52838720163969,0.01600365751430759,0.0,HOLD,0,1
0.013000000268220901,0.013000000268220901,0.012000000104308128,0.012000000104308128,273205,0.0,0.0,EMP,2023-08-09 00:00:00+10:00,Energy,0.0,0.0,-0.0010000001639127731,-0.07692308794464563,0.012200000137090683,0.9836065548741667,0.012600000202655792,0.9523809453414773,0.013475000066682697,0.890538036729102,0.013330000136047602,0.9002250549013254,0.014880000101402401,0.806451614417473,0.01873749997932464,0.6404269575743395,0.05668639558321749,0.8998686326029421,0.07026966462951095,1.1154963439295862,0.07927266156982651,1.2584144896796885,0.08712359737154748,1.3830442318226117,50.0,37.50000291038279,34.37499818101068,-0.0005297458867768029,-0.00032534746004238665,-0.00020439842673441625,0.014286548564526935,0.010913451840784648,-0.355756236768682,0.016100281716042247,0.010849718417323146,-0.5618444644727554,0.016254980545123313,0.010405019726971889,-0.45470391104593777,133031.6,271265.65,2.053684989130402,1.0071492649364193,0.0,-0.14285716186372543,-0.19999997516473078,-0.07692308794464564,0.0,-0.14285716186372543,-0.19999997516473078,-0.07692308794464563,0.0,0.0,0.0,0.0,-100.0,-100.0,0.0011428571971399443,0.0011904762969130562,-65.25423838060921,-84.84848615220346,29.83650334663487,28.24962642364207,0.0159235843661076,-0.08333334626836897,SELL,0,2
0.012000000104308128,0.012000000104308128,0.012000000104308128,0.012000000104308128,293996,0.0,0.0,EMP,2023-08-10 00:00:00+10:00,Energy,0.0,0.0,0.0,0.0,0.012200000137090683,0.9836065548741667,0.012400000169873238,0.9677419306382801,0.01332500008866191,0.9005628536181993,0.013330000136047602,0.9002250549013254,0.014825000101700425,0.8094435090716613,0.0185874999826774,0.6455951642497116,0.05668639558321749,0.8998686326029421,0.07026966462951095,1.1154963439295862,0.07927266156982651,1.2584144896796885,0.08637494506487065,1.371159744891081,33.33333333333333,34.782611512506605,39.28571547362578,-0.0005467723828982488,-0.00036963244461355913,-0.00017713993828468962,0.013798412196652489,0.011001588143093988,-0.28603877677337286,0.015926112968082183,0.010723887209241636,-0.5093973409754875,0.016254980545123313,0.010405019726971889,-0.45470391104593777,191830.8,275744.9,1.5325797525736222,1.066188350174382,0.0,-0.14285716186372543,-0.19999997516473078,0.0,0.0,-0.14285716186372543,-0.19999997516473078,0.0,0.0,0.0,0.0,0.0,-100.0,-100.0,0.0011071429055716311,0.0010476191306398029,-87.80068954861405,-94.63221188190376,26.4357074287456,29.269127211632068,0.01584511268087161,-0.08333334626836897,SELL,0,2
0.013000000268220901,0.013000000268220901,0.012000000104308128,0.012000000104308128,819229,0.0,0.0,EMP,2023-08-11 00:00:00+10:00,Energy,0.0,0.0,-0.0010000001639127731,-0.07692308794464563,0.012000000104308128,1.0,0.012200000137090683,0.9836065548741667,0.013175000110641122,0.9108159395472054,0.013310000132769347,0.9015777599253372,0.014795000106096268,0.811084827188581,0.01848249998409301,0.6492628223798699,0.03440105073668395,0.5460997505314864,0.07026966462951095,1.1154963439295862,0.07927266156982651,1.2584144896796885,0.08560713965450514,1.358971211864379,50.0,50.0,39.28571547362578,-0.0005538812059803153,-0.0004064821968869104,-0.00014739900909340484,0.013043274318028122,0.011356725956153245,-0.23717082451193028,0.015714684944596696,0.010635315276685547,-0.4626558345442116,0.01625777691501984,0.010362223350518854,-0.44440272287547256,302815.0,294480.5,2.7053778709773293,2.781946512587421,-0.07692308794464564,-0.14285716186372543,-0.19999997516473078,-0.07692308794464564,-0.07692308794464563,-0.14285716186372543,-0.19999997516473078,-0.07692308794464563,0.0,0.0,0.0,0.0,-100.0,-100.0,0.0009285715142531055,0.001000000030866691,-48.109965474068254,-69.46191562742847,54.009279420309646,34.999936872525566,0.015768210429340342,0.0,HOLD,0,1
0.012000000104308128,0.012000000104308128,0.012000000104308128,0.012000000104308128,0,0.0,0.0,EMP,2023-08-14 00:00:00+10:00,Energy,0.0,0.0,0.0,0.0,0.012000000104308128,1.0,0.012200000137090683,0.9836065548741667,0.013075000094249844,0.9177820281305786,0.013290000129491091,0.9029345362969262,0.01476500011049211,0.8127328150699332,0.01838249997701496,0.6527947841323347,0.0,0.0,0.053444446290555364,0.8484042830541477,0.07806280359205553,1.2392085896943514,0.08560713965450514,1.358971211864379,50.0,42.857142857142854,39.28571547362578,-0.0005531387601787393,-0.00043581350954527626,-0.00011732525063346303,0.013043274318028122,0.011356725956153245,-0.23717082451193028,0.015635324700891025,0.010514675487608665,-0.4198686319513129,0.01625984864671895,0.010320151612263231,-0.4343655973359493,277286.0,266481.0,0.0,0.0,0.0,0.0,-0.14285716186372543,-0.07692308794464564,0.0,0.0,-0.14285716186372543,-0.07692308794464563,0.0,0.0,0.0,0.0,-100.0,-100.0,0.0008571429311164788,0.001000000030866691,-73.06397430560978,-84.02024886291849,54.65859126684977,37.97241394989093,0.015692846222839698,0.0,HOLD,0,1
0.012000000104308128,0.014000000432133675,0.012000000104308128,0.014000000432133675,1532608,0.0,0.0,EMP,2023-08-15 00:00:00+10:00,Energy,0.16666669253673794,0.15415070200160486,0.0020000003278255463,0.16666669253673796,0.012400000169873238,1.1290322774468795,0.01230000015348196,1.1382114030438015,0.013025000132620335,1.074856068298342,0.013330000136047602,1.0502625873404328,0.014755000118166208,0.9488309264665484,0.018282499969936906,0.7657596310764271,0.07453561081944042,1.1832161402792074,0.07120549244103729,1.1303521498852451,0.0854922162465614,1.3571468593209441,0.08792328753112894,1.3957389195515602,66.66666666666666,50.0,50.0,-0.0003867093105626041,-0.0004259926697487419,3.928335918613779e-05,0.013649897490169994,0.010950102816793926,1.259355235726782,0.015463183118263083,0.010586817146977586,0.39988807454347497,0.016282757449665116,0.010377242822430088,0.22690665873425098,583807.6,279781.55,2.6251936425630635,5.477873719693097,0.16666669253673794,0.07692308794464564,-0.06666661699612819,0.16666669253673794,0.16666669253673796,0.07692308794464563,-0.06666661699612825,0.16666669253673796,100.0,33.33333333333335,57.14287234812522,19.047624116041746,-0.0,-42.85712765187478,0.0008571429976395198,0.0009523809754422732,77.77777777777777,6.650846098551243,69.81025469561445,46.21685401499299,0.015618989300469066,-0.14285716186372543,SELL,0,2
0.014000000432133675,0.014999999664723873,0.012000000104308128,0.014999999664723873,855511,0.0,0.0,EMP,2023-08-16 00:00:00+10:00,Energy,0.0714285144088238,0.06899281826851893,0.0009999992325901985,0.07142851440882372,0.013000000081956387,1.1538461207814472,0.012600000109523534,1.1904761535189459,0.013025000132620335,1.1516314404602015,0.013370000123977661,1.1219146990001132,0.014725000122562051,1.0186756903139484,0.01820749997161329,0.8238363140524442,0.07338588685451895,1.1649648381538873,0.06646898598122937,1.055162440829829,0.08696183935995787,1.380476402995181,0.08772793620875691,1.3926378134478563,100.0,55.55555095643201,50.0,-0.00017213690486683926,-0.00037522151677236136,0.0002030846119055221,0.014749935399407292,0.010450064819639776,1.116312461353244,0.015463183118263083,0.010586817146977586,0.8100292487205973,0.01635848143287612,0.010381518815079201,0.5454273834314267,700268.8,322557.1,1.2216894426825813,2.652277689748575,0.2499999611948931,0.2499999611948931,0.0,0.15384610424909462,0.24999996119489307,0.24999996119489307,0.0,0.15384610424909467,100.0,66.66666666666669,85.7142819129687,47.61905142036465,-0.0,-14.285718087031306,0.0010714286805263587,0.0010476190862911089,155.55550036607457,57.613149527195716,76.16525390986442,64.11799753797919,0.015546609516545847,-0.266666654249032,SELL,0,2
0.012000000104308128,0.012000000104308128,0.010999999940395355,0.012000000104308128,556922,0.0,0.0,EMP,2023-08-17 00:00:00+10:00,Energy,-0.19999997516473078,-0.2231435202701237,0.0,0.0,0.013000000081956387,0.9230769252812367,0.012600000109523534,0.9523809523809524,0.012875000154599548,0.9320388318613861,0.013350000120699406,0.8988764041808449,0.014665000131353736,0.818274803738471,0.01811749997548759,0.6623430451521322,0.1347122487014385,2.138490651709741,0.09749264549581793,1.5476477678382938,0.09819467694646618,1.558792171624061,0.09246855181106593,1.4678927531182304,50.0,41.6666653731631,41.66666796017024,-0.00024137915132222028,-0.0003484530436823332,0.0001070738923601129,0.014749935399407292,0.010450064819639776,-0.27907816948660186,0.015166287971188182,0.010583712338010913,-0.38188133501017596,0.016361881378232402,0.01033811886316641,-0.4482248471830692,752854.0,350403.2,0.7397476801610936,1.5893747545684513,0.0,0.0,-0.19999997516473078,-0.07692308794464564,0.0,0.0,-0.19999997516473078,-0.07692308794464563,25.000005820766493,75.00000194025552,22.222226821346247,55.026460360813395,-74.99999417923351,-77.77777317865376,0.0013571429465498244,0.001238095263640086,-106.06061067873408,-104.63918414962404,69.56070412146781,59.511780088030456,0.015475677328301093,0.0,HOLD,0,1
0.012000000104308128,0.013000000268220901,0.012000000104308128,0.013000000268220901,338120,0.0,0.0,EMP,2023-08-18 00:00:00+10:00,Energy,0.08333334626836897,0.08004271961356925,0.0010000001639127731,0.08333334626836898,0.01320000011473894,0.9848484966076082,0.012600000109523534,1.0317460440651134,0.012750000180676579,1.0196078497256191,0.013350000120699406,0.9737827828229138,0.014615000141784549,0.8894971017518958,0.01803749998100102,0.7207207363500409,0.13863195503251918,2.20071406069641,0.09749264549581792,1.5476477678382936,0.09987645592548783,1.5854895852560653,0.09316826932203613,1.4790004242503758,57.14285904351566,54.54545531514263,44.73684378215974,-0.0002131059222065003,-0.0003213836193871666,0.00010827769718066633,0.014749935399407292,0.010450064819639776,0.1860521851887896,0.01468309160324262,0.010816908758110538,0.12932657225930133,0.016361881378232402,0.01033811886316641,-0.11620639147148389,656632.2,365746.65,0.5149305806203229,0.924465063453076,0.08333334626836897,0.0,-0.16129029156886276,0.0,0.08333334626836898,0.0,-0.16129029156886276,0.0,50.000011641532986,58.33333915409984,44.444453642692494,50.79365412566915,-49.999988358467014,-55.555546357307506,0.0012857143634131976,0.0012857143190645036,21.212128909001574,-22.928703719185677,77.96734093845089,61.34237277700203,0.015296650232784863,0.0,HOLD,0,1
0.013000000268220901,0.013000000268220901,0.012000000104308128,0.012000000104308128,441880,0.0,0.0,EMP,2023-08-21 00:00:00+10:00,Energy,-0.07692308794464564,-0.08004271961356928,-0.0010000001639127731,-0.07692308794464563,0.01320000011473894,0.9090909090909092,0.012600000109523534,0.9523809523809524,0.012750000180676579,0.9411764654321243,0.01333000011742115,0.9002250561592398,0.014555000150576234,0.8244589474520237,0.01796749997884035,0.6678725542473954,0.14606956345095834,2.3187824340420327,0.09749264549581792,1.5476477678382936,0.08719464514687356,1.3841720802909148,0.09387335154352583,1.4901932575218642,50.0,45.454544684857375,41.025642127797894,-0.0002682980672033923,-0.0003107665089504118,4.2468441747019485e-05,0.014749935399407292,0.010450064819639776,-0.27907816948660186,0.01468309160324262,0.010816908758110538,-0.3879796204221313,0.016364562948889425,0.010295437285952879,-0.4382838935878952,745008.2,341130.0,0.5931209884669726,1.2953419517486002,0.0,0.0,0.0,-0.07692308794464564,0.0,0.0,0.0,-0.07692308794464563,25.000005820766493,33.33334109435534,22.222226821346247,29.629635761795,-74.99999417923351,-77.77777317865376,0.001214285780276571,0.0013095238467767125,-13.930343514611295,-46.020760371455154,71.44505440281628,57.801130966973254,0.015124784221089283,0.0,HOLD,0,1
0.012000000104308128,0.013000000268220901,0.012000000104308128,0.013000000268220901,815000,0.0,0.0,EMP,2023-08-22 00:00:00+10:00,Energy,0.08333334626836897,0.08004271961356925,0.0010000001639127731,0.08333334626836898,0.013000000081956387,1.0000000143280394,0.012700000125914813,1.023622058215096,0.012750000180676579,1.0196078497256191,0.01333000011742115,0.9752438224836196,0.014505000161007047,0.8962426834829034,0.017899999981746077,0.7262569989652481,0.1270890995652226,2.017476910780236,0.10058251835553249,1.59669797885597,0.08719464514687356,1.3841720802909148,0.09456036903681986,1.501099322123506,55.55555670533655,54.54545531514263,52.94117679284516,-0.00022871015556742008,-0.0002943552382738135,6.564508270639341e-05,0.014818699834799578,0.010581300417030048,0.1415963484811172,0.01468309160324262,0.010816908758110538,0.12932657225930133,0.016364562948889425,0.010295437285952879,-0.10874708072548919,601486.6,380109.55,1.3549761540822356,2.1441187152493275,-0.07142858093186266,0.08333334626836897,0.0,0.0,-0.07142858093186272,0.08333334626836898,0.0,0.0,50.000011641532986,41.66667636794417,50.000011641532986,38.888897368523914,-49.999988358467014,-49.999988358467014,0.0011428571971399443,0.0011904762525643622,34.82588149041198,-9.999996274709957,78.96383520939679,69.53545606011119,0.014959792849861526,0.0,HOLD,0,1
0.013000000268220901,0.014000000432133675,0.013000000268220901,0.014000000432133675,146702,0.0,0.0,EMP,2023-08-23 00:00:00+10:00,Energy,0.07692308794464564,0.07410798238803563,0.0010000001639127731,0.07692308794464563,0.012800000235438347,1.0937500136424203,0.012900000158697366,1.085271337977052,0.012750000180676579,1.0980392340191139,0.013390000127255917,1.0455564076983148,0.014465000173076987,0.9678534576301773,0.017839999981224538,0.7847533882773421,0.1279658007420229,2.0313941105078235,0.10242085328633242,1.6258806411760085,0.08719464514687356,1.3841720802909148,0.09228127994484604,1.4649199044047696,60.00000186264519,58.3333346268369,52.94117679284516,-0.00011531550909528628,-0.00025854729243810805,0.00014323178334282177,0.01510100999377594,0.010698990323618792,0.49977072155928803,0.01468309160324262,0.010816908758110538,0.646632764940734,0.01635434610075487,0.010425654153756963,0.20577905221965256,459724.8,383194.65,0.31910830131417756,0.38283937419272424,-0.06666661699612819,0.16666669253673794,0.0,0.2727273189085577,-0.06666661699612825,0.16666669253673796,0.0,0.27272731890855767,75.00001746229948,50.000011641533,75.00001746229948,49.07408530839291,-24.99998253770052,-24.99998253770052,0.001214285780276571,0.0011904762525643622,140.59830960029075,85.93751186890485,79.47289180543797,70.47327946718575,0.01480140113348288,-0.14285716186372543,SELL,0,2
0.014000000432133675,0.014000000432133675,0.014000000432133675,0.014000000432133675,228548,0.0,0.0,EMP,2023-08-24 00:00:00+10:00,Energy,0.0,0.0,0.0,0.0,0.013200000301003456,1.06060606915815,0.013100000191479921,1.0687023074426443,0.012750000180676579,1.0980392340191139,0.013430000133812427,1.042442315163212,0.01437500017695129,0.9739130615512002,0.01777499997988343,0.7876230913067763,0.0710064413243967,1.1271923113683209,0.10242085328633242,1.6258806411760085,0.08719464514687356,1.3841720802909148,0.09152812648860956,1.4529639639391465,50.0,54.54545531514263,50.0,-2.5159412752785368e-05,-0.0002118697165010435,0.00018671030374825813,0.015301010064170428,0.010898990318789414,0.408903318345227,0.01468309160324262,0.010816908758110538,0.646632764940734,0.016371678145185146,0.010488322122439707,0.19376705952099066,394050.0,390872.05,0.5799974622509834,0.5847130793823708,0.16666669253673794,0.16666669253673794,0.0,0.16666669253673794,0.16666669253673796,0.16666669253673796,0.0,0.16666669253673796,75.00001746229948,66.66668218871067,75.00001746229948,66.66668218871065,-24.99998253770052,-24.99998253770052,0.0011428571971399443,0.0010952381860642206,141.48937754037203,124.19355885357206,79.43610091054437,71.05113559806088,0.014649345085759378,-0.2142857427955881,SELL,0,2
0.014000000432133675,0.014000000432133675,0.014000000432133675,0.014000000432133675,0,0.0,0.0,EMP,2023-08-25 00:00:00+10:00,Energy,0.0,0.0,0.0,0.0,0.013400000333786011,1.0447761256270163,0.013300000224262476,1.0526315936893162,0.012750000180676579,1.0980392340191139,0.013450000137090683,1.0408922148280335,0.01433500018902123,0.9766306416135159,0.017714999979361892,0.7902907393984635,0.06593534749682145,1.0466911925112883,0.10242085328633242,1.6258806411760085,0.08719464514687356,1.3841720802909148,0.09087053963775737,1.4425250963024605,42.857148559117626,60.00000186264519,50.0,4.5762422418722803e-05,-0.00016034328871709024,0.00020610571113581304,0.015418700050366633,0.011181300398158319,0.33039140290031155,0.01468309160324262,0.010816908758110538,0.646632764940734,0.016393342705944003,0.010506657568237364,0.18686248106596154,326426.0,389927.6,0.0,0.0,0.07692308794464564,0.16666669253673794,0.0,0.07692308794464564,0.07692308794464563,0.16666669253673796,0.0,0.07692308794464563,75.00001746229948,75.00001746229948,75.00001746229948,75.00001746229948,-24.99998253770052,-24.99998253770052,0.0010714286140033177,0.0010952381860642206,111.7371020768691,124.19355885357206,80.93509699300321,71.79575415053361,0.014503371279944817,-0.14285716186372543,SELL,0,2
0.014000000432133675,0.014000000432133675,0.012000000104308128,0.012000000104308128,100000,0.0,0.0,EMP,2023-08-28 00:00:00+10:00,Energy,-0.14285716186372543,-0.15415070200160488,-0.0020000003278255463,-0.14285716186372543,0.013400000333786011,0.8955223735369617,0.013300000224262476,0.9022556317267704,0.012750000180676579,0.9411764654321243,0.013450000137090683,0.8921933072116535,0.014305000193417072,0.8388675247855175,0.017644999977201224,0.6800793493801703,0.09111699871501087,1.446437512863064,0.11480803978353474,1.8225211306682563,0.08719464514687356,1.3841720802909148,0.09255487897552271,1.4692631543694825,50.0,50.0,44.44444386955399,-5.873773198761777e-05,-0.00014002217737119576,8.128444538357799e-05,0.015418700050366633,0.011181300398158319,-0.6135839083655253,0.01468309160324262,0.010816908758110538,-0.3879796204221313,0.016393342705944003,0.010506657568237364,-0.49263719694967484,258050.0,367813.75,0.3875217981011432,0.2718767310901237,0.0,0.0,0.0,0.0,0.0,0.0,0.0,0.0,25.000005820766493,58.33334691512184,25.000005820766493,58.33334691512183,-74.99999417923351,-74.99999417923351,0.001214285780276571,0.0011904762969130562,-16.09195106992461,-5.511808005634379,79.69152196664228,70.89940246229912,0.014363236426362839,0.08333334626836897,BUY,0,0
0.014000000432133675,0.014999999664723873,0.014000000432133675,0.014000000432133675,1024934,0.0,0.0,EMP,2023-08-29 00:00:00+10:00,Energy,0.16666669253673794,0.15415070200160486,0.0,0.0,0.013600000366568565,1.0294117687340942,0.013300000224262476,1.0526315936893162,0.012800000188872219,1.0937500176214596,0.013470000140368938,1.0393467176125968,0.014285000190138817,0.9800490196561648,0.017589999977499247,0.7959067907926195,0.11409831776270814,1.811254642865696,0.11480803978353474,1.8225211306682563,0.09299649778875305,1.476273635694052,0.09473268020324395,1.5038346770903717,57.142857142857146,57.14285809318627,55.555556130446,1.960248922412526e-05,-0.00010809724405213155,0.00012769973327625682,0.015418700050366633,0.011181300398158319,0.33039140290031155,0.014810499063672449,0.010789501314071989,0.596866906170585,0.016414451893320827,0.010525548387417049,0.17999965230654488,300036.8,408228.4,3.41602763394357,2.510687644465696,0.07692308794464564,0.0,0.07692308794464564,0.07692308794464564,0.07692308794464563,0.0,0.07692308794464563,0.07692308794464563,75.00001746229948,58.33334691512183,75.00001746229948,58.33334691512183,-24.99998253770052,-24.99998253770052,0.0013571428800267832,0.00123809530798878,115.65216436625404,151.56248703970118,82.14372184985841,79.26793889961995,0.010999999940395355,-0.14285716186372543,SELL,0,2
0.014000000432133675,0.014000000432133675,0.014000000432133675,0.014000000432133675,100064,0.0,0.0,EMP,2023-08-30 00:00:00+10:00,Energy,0.0,0.0,0.0,0.0,0.013600000366568565,1.0294117687340942,0.013200000301003456,1.06060606915815,0.012900000205263495,1.0852713340594642,0.013510000146925449,1.0362694507682695,0.014255000185221434,0.9821115573641224,0.01753499997779727,0.7984032192677734,0.10962729626639556,1.7402793769516942,0.11249695852486383,1.785833853047624,0.09086999624467532,1.4425164702047049,0.09398151931139491,1.4919103676037915,66.66666666666666,57.14285809318627,52.94117679284516,8.075676522507555e-05,-7.032644219669012e-05,0.00015108320742176568,0.015037873769200825,0.011362126832806088,0.4352857500657421,0.014941671480388313,0.010858328930138678,0.5387744052004314,0.01642715563471018,0.01059284465914072,0.16797194639094448,290709.2,395933.6,0.3442065129001765,0.2527292455098532,0.0,-0.06666661699612819,0.16666669253673794,0.16666669253673794,0.0,-0.06666661699612825,0.16666669253673796,0.16666669253673796,75.00001746229948,58.33334691512183,75.00001746229948,58.33334691512183,-24.99998253770052,-24.99998253770052,0.0013571428800267832,0.0011428571971399443,74.74748672039952,108.82354246316999,84.05052413352787,77.68217510113618,0.011079999934881925,-0.14285716186372543,SELL,0,2
0.013000000268220901,0.013000000268220901,0.013000000268220901,0.013000000268220901,126923,0.0,0.0,EMP,2023-08-31 00:00:00+10:00,Energy,-0.07142858093186266,-0.07410798238803556,0.0,0.0,0.013400000333786011,0.970149249581989,0.013300000317394733,0.9774436058635676,0.012950000213459134,1.0038610080260695,0.013530000150203704,0.9608277992535852,0.014225000180304051,0.9138840143018567,0.017469999976456166,0.7441328154402199,0.11492876324197823,1.8244375561589752,0.09285231958814354,1.4739848777143147,0.09274048375938755,1.472209538970984,0.09463776235079331,1.5023279028949834,50.0,53.33333374725446,52.94117679284516,4.797726166326163e-05,-4.6665701424699764e-05,9.46429630879614e-05,0.014946545791982898,0.011653454842806568,-0.18219967429011816,0.01494736702708952,0.010952633399828748,0.02503298563917177,0.016418471286726667,0.010641529013680739,-0.18348803118759804,270384.2,402279.75,0.4694172218642953,0.3155092942162761,-0.07142858093186266,0.08333334626836897,0.08333334626836897,0.08333334626836897,-0.07142858093186272,0.08333334626836898,0.08333334626836898,0.08333334626836898,50.000011641532986,66.66668218871067,50.000011641532986,66.66668218871065,-49.999988358467014,-49.999988358467014,0.0013571428800267832,0.0010952381417155266,-15.053758789093322,14.613783896811514,80.44580891577219,79.70237107128304,0.011158399929478764,0.0,HOLD,0,1
0.013000000268220901,0.013000000268220901,0.013000000268220901,0.013000000268220901,312298,0.0,0.0,EMP,2023-09-01 00:00:00+10:00,Energy,0.0,0.0,0.0,0.0,0.013200000301003456,0.9848484827104624,0.013300000317394733,0.9774436058635676,0.012950000213459134,1.0038610080260695,0.013550000153481961,0.9594096030235302,0.01418500017374754,0.9164610580886885,0.017404999975115062,0.7469118234304944,0.11492876324197823,1.8244375561589752,0.0894049561732406,1.4192596800661414,0.0910426225461955,1.4452568277861324,0.09463776235079331,1.5023279028949834,40.0,53.33333374725446,52.94117679284516,2.1748565007558354e-05,-3.298284813824814e-05,5.4731413145806495e-05,0.014946545791982898,0.011653454842806568,-0.18219967429011816,0.01494736702708952,0.010952633399828748,0.02503298563917177,0.01640892819838744,0.01069107210857648,-0.1923797579449899,332843.8,404679.25,0.9382719461801602,0.7717173539290685,-0.07142858093186266,0.0,0.0,0.08333334626836897,-0.07142858093186272,0.0,0.0,0.08333334626836898,50.000011641532986,58.33334691512183,50.000011641532986,58.33334691512183,-49.999988358467014,-49.999988358467014,0.0013571428800267832,0.0010952381417155266,-23.809519533042852,10.606065609032683,80.44580891577219,79.70237107128304,0.011235231924183667,0.0,HOLD,0,1
0.013000000268220901,0.013000000268220901,0.013000000268220901,0.013000000268220901,0,0.0,0.0,EMP,2023-09-04 00:00:00+10:00,Energy,0.0,0.0,0.0,0.0,0.013400000333786011,0.970149249581989,0.013400000333786011,0.970149249581989,0.013000000221654772,1.0000000035820098,0.013570000156760216,0.9579955871809364,0.014145000167191028,0.9190526768867826,0.01732499998062849,0.7503607666814732,0.0881274205265628,1.3989794303933645,0.08490575644904029,1.347837098651875,0.08904650718159332,1.4135694787285382,0.09463776235079331,1.5023279028949834,40.0,46.153845602767724,50.0,9.511694510078161e-07,-2.6196044620396948e-05,2.7147214071404764e-05,0.01479841236056523,0.012001588307006792,-0.2860387767733792,0.014946657392867432,0.011053343050442112,2.3921073578484906e-08,0.016398499461723004,0.010741500851797427,-0.20152025052267555,312843.8,398297.0,0.0,0.0,0.08333334626836897,0.08333334626836897,0.08333334626836897,0.08333334626836897,0.08333334626836898,0.08333334626836898,0.08333334626836898,0.08333334626836898,50.000011641532986,50.000011641532986,50.000011641532986,50.000011641532986,-49.999988358467014,-49.999988358467014,0.0012142857137535299,0.0010476190862911089,-21.212117021597447,9.150331671024134,74.07725321450087,79.03425997788224,0.01131052727899447,-0.30769235177858245,SELL,0,2
0.014999999664723873,0.014999999664723873,0.014999999664723873,0.014999999664723873,520501,0.0,0.0,EMP,2023-09-05 00:00:00+10:00,Energy,0.15384610424909462,0.1431008006565544,0.0,0.0,0.01360000018030405,1.1029411371955233,0.013600000273436308,1.1029411296426268,0.01315000019967556,1.140684367829436,0.013630000147968531,1.1005135364550624,0.014125000154599547,1.061946867295389,0.01724999998230487,0.8695651988470111,0.08278305432969595,1.3141402471603458,0.0939972724623905,1.4921604411231912,0.09479172157062572,1.5047719297413158,0.09691143475086939,1.5384213332955792,57.142851440882374,50.0,58.82352812273692,0.00014419018553712797,7.881201411108045e-06,0.00013630898412601993,0.015286548291712424,0.011913452255160191,0.8300975579210349,0.015229979948821335,0.011070020450529783,0.889431479228626,0.016449827909078087,0.010810172386858975,0.48584510573662476,211957.2,424322.05,2.4556891674356898,1.226664982411355,0.0714285144088238,0.15384610424909462,0.2499999611948931,0.2499999611948931,0.07142851440882372,0.15384610424909467,0.24999996119489307,0.24999996119489307,100.0,66.66667442768868,100.0,66.66667442768866,-0.0,-0.0,0.0011428571306169033,0.0010952380973668326,151.35129727553357,171.85623817248242,72.23191648564644,81.67115163038268,0.01138431672670906,-0.4000000124176346,SELL,0,2
0.014999999664723873,0.014999999664723873,0.013000000268220901,0.013000000268220901,150064,0.0,0.0,EMP,2023-09-06 00:00:00+10:00,Energy,-0.13333329608042954,-0.1431008006565545,-0.0019999993965029716,-0.13333329608042951,0.013400000147521495,0.9701492630673904,0.013500000257045031,0.9629629644960042,0.0132000002078712,0.9848484896590353,0.013650000151246787,0.9523809614781202,0.014065000163391232,0.9242801363101053,0.01717499997932464,0.7569141358876492,0.10727295864641238,1.702905425883139,0.10255671280434903,1.6280373441634868,0.10046191661045444,1.5947834855050285,0.09897945274655368,1.5712501012359006,57.14285904351566,53.84615439723228,52.63157946333662,9.522718148998084e-05,2.5350397426882612e-05,6.987678406309823e-05,0.015199673341547263,0.011800327172542799,-0.29417421113693737,0.015210498946140596,0.011189501469601803,-0.09947777426732157,0.016436630038551787,0.010863370263941784,-0.2332566251395915,221957.2,418165.0,0.6760943100741944,0.35886312819102506,-0.07142858093186266,-0.07142858093186266,0.08333334626836897,0.08333334626836897,-0.07142858093186272,-0.07142858093186272,0.08333334626836898,0.08333334626836898,33.33334368136346,61.1111184409655,50.000011641532986,66.66667442768865,-66.66665631863654,-49.999988358467014,0.00099999996434365,0.001190476163866974,23.809507812316188,48.08079724131932,78.16575509363857,80.1489743308548,0.011456630385469355,-0.23076926383393692,SELL,0,2
0.014999999664723873,0.014999999664723873,0.014999999664723873,0.014999999664723873,19070,0.0,0.0,EMP,2023-09-07 00:00:00+10:00,Energy,0.15384610424909462,0.1431008006565544,0.0,0.0,0.01380000002682209,1.086956495331118,0.01360000018030405,1.1029411371955233,0.013350000185891987,1.1235954648581632,0.013710000142455101,1.0940918678967837,0.01401500016450882,1.0702818043990778,0.01710999997332692,0.8766802856871793,0.12148539969994049,1.9285209331879403,0.11391844716177255,1.808399285596212,0.10550913311278703,1.6749055635746684,0.10114284953813829,1.605592960622028,57.14285334153962,57.14285524219876,57.14285650930434,0.00021532475488928934,6.334526891936397e-05,0.00015197948596992538,0.015532183463344604,0.011667816897263497,0.7245686766406202,0.015429979817207343,0.01127002055457663,0.7932767484787553,0.01648076587559517,0.010939234409315032,0.4655750960247491,200386.6,404418.7,0.09516604403687672,0.04715410044095389,0.15384610424909462,0.0714285144088238,0.2499999611948931,0.2499999611948931,0.15384610424909467,0.07142851440882372,0.24999996119489307,0.24999996119489307,100.0,77.77778122712117,100.0,83.33333721384433,-0.0,-0.0,0.0010714284809572355,0.0012380951749426977,133.65691520038666,144.4652537481208,76.424955186795,79.57667288883125,0.011527497771054445,-0.33333333333333337,SELL,0,2
0.014999999664723873,0.014999999664723873,0.013000000268220901,0.013000000268220901,145842,0.0,0.0,EMP,2023-09-08 00:00:00+10:00,Energy,-0.13333329608042954,-0.1431008006565545,-0.0019999993965029716,-0.13333329608042951,0.01380000002682209,0.9420290031125881,0.013500000163912774,0.9629629711391829,0.013400000194087625,0.97014925969604,0.013670000154525042,0.9509875728799931,0.013945000171661377,0.932233783305297,0.01703999997116625,0.7629108151536667,0.14366294149276798,2.2805784948353187,0.12300697053705523,1.952675121410984,0.11069642419705161,1.7572512566970684,0.09698493301819006,1.5395880821183272,44.44444214488196,53.33333416117569,52.17391357163855,0.00014742034053934552,8.016028324336029e-05,6.726005729598523e-05,0.015443650475236126,0.011556349852589421,-0.2572478664392273,0.015389445883745355,0.011410554504429895,-0.2010609929922443,0.016422438772937076,0.010917561536113007,-0.24342046424660455,167095.4,370749.35,0.8728067918087512,0.3933708852085648,0.0,-0.07142858093186266,0.08333334626836897,-0.13333329608042954,0.0,-0.07142858093186272,0.08333334626836898,-0.13333329608042951,33.33334368136346,55.55556245424231,50.000011641532986,66.66667442768865,-66.66665631863654,-49.999988358467014,0.0011428569975708211,0.0013333332414428394,-2.6515281159494295,29.16665966018871,82.085012927607,80.73520886742062,0.011596947808927834,-0.23076926383393692,SELL,0,2
0.012000000104308128,0.013000000268220901,0.012000000104308128,0.013000000268220901,1511545,0.0,0.0,EMP,2023-09-11 00:00:00+10:00,Energy,0.0,0.0,0.0010000001639127731,0.08333334626836898,0.01380000002682209,0.9420290031125881,0.01360000018030405,0.955882359990547,0.013450000202283263,0.9665427563349799,0.013610000144690276,0.9551800242480265,0.01389500018209219,0.9355883481725492,0.016969999969005584,0.7660577661735071,0.14366294149276798,2.2805784948353187,0.11250473150168402,1.7859572452293015,0.11069642419705161,1.7572512566970684,0.09653284395872291,1.5324113907875083,50.0,50.0,52.17391357163855,9.253887242426789e-05,8.263600107954182e-05,9.902871344726069e-06,0.015286547854985075,0.011913452505623026,-0.3557562712815849,0.015339026512059846,0.01156097389250668,-0.23821792832286373,0.016284826047578894,0.010935174241801656,-0.2280521793252482,469404.4,446326.6,3.2201338547316554,3.386634361474311,0.0,0.08333334626836897,0.08333334626836897,-0.18750002182787184,0.0,0.08333334626836898,0.08333334626836898,-0.18750002182787182,33.33334368136346,55.55556245424231,50.000011641532986,66.66667442768865,-66.66665631863654,-49.999988358467014,0.0011428569975708211,0.0013333332414428394,-114.01515583662967,-60.93117347196777,50.43339282345399,65.5299737171127,0.011665008846043755,-0.23076926383393692,SELL,0,2
0.013000000268220901,0.013000000268220901,0.013000000268220901,0.013000000268220901,6040,0.0,0.0,EMP,2023-09-12 00:00:00+10:00,Energy,0.0,0.0,0.0,0.0,0.013400000147521495,0.9701492630673904,0.013500000163912774,0.9629629711391829,0.013400000194087625,0.97014925969604,0.013530000131577253,0.9608278005763354,0.013825000189244747,0.9403255038169431,0.016899999966844916,0.7692307866109357,0.11903619930659372,1.8896410822773975,0.09882779153710632,1.5688425541735025,0.10436686337273429,1.6567725936006645,0.09611758617015219,1.5258193777562636,50.0,46.153845051689125,52.17391357163855,4.8485997149785506e-05,7.580600029359056e-05,-2.7320003143805057e-05,0.015199672883120201,0.011800327444705347,-0.29417421956682754,0.015280649385852786,0.011519351002322464,-0.2126924721623851,0.0160241564233168,0.011035843839837706,-0.21249665272046916,366512.2,369998.2,0.01647966970812977,0.01632440374034252,-0.13333329608042954,-0.07142858093186266,-0.07142858093186266,-0.23529414342761312,-0.13333329608042951,-0.07142858093186272,-0.07142858093186272,-0.23529414342761312,33.33334368136346,33.33334368136346,50.000011641532986,50.000011641532986,-66.66665631863654,-49.999988358467014,0.0010714284144341946,0.0013333332414428394,-66.31578643979095,-37.715510946074865,48.65096051887262,65.55360363943936,0.011731708662417357,-0.23076926383393692,SELL,0,2
0.012000000104308128,0.012000000104308128,0.012000000104308128,0.012000000104308128,38538,0.0,0.0,EMP,2023-09-13 00:00:00+10:00,Energy,-0.07692308794464564,-0.08004271961356928,0.0,0.0,0.01320000011473894,0.9090909090909092,0.013300000131130219,0.9022556380447481,0.013250000216066838,0.9056603704622609,0.013470000140368938,0.8908685953420824,0.013745000194758177,0.8730447387614061,0.016824999963864683,0.7132243762306518,0.10808229406608821,1.7157532273693292,0.10152180868611695,1.6116087505976548,0.1044127574243551,1.6575011390841394,0.09527553222919839,1.51245218584667,44.44444214488196,42.85714095648435,45.45454430001323,-6.635300364405891e-05,4.737419950606066e-05,-0.00011372720315011957,0.015197366296505931,0.011402633965754506,-0.6851603293793678,0.015070931073682755,0.01142906935845092,-0.6864621501308907,0.01596415645679872,0.010975843823939156,-0.5893776690648708,344207.0,329149.55,0.11196169746693124,0.11708355669937875,-0.07692308794464564,-0.14285716186372543,-0.19999997516473078,-0.19999997516473078,-0.07692308794464563,-0.14285716186372543,-0.19999997516473078,-0.19999997516473078,0.0,22.22222912090898,25.000005820766493,41.666676367944156,-100.0,-74.99999417923351,0.0011428569975708211,0.0012857141860184215,-135.48388957481305,-116.66667852378345,44.976209535169716,57.78969360149635,0.011797074482463487,-0.08333334626836897,SELL,0,2
0.013000000268220901,0.014000000432133675,0.013000000268220901,0.014000000432133675,757327,0.0,0.0,EMP,2023-09-14 00:00:00+10:00,Energy,0.16666669253673794,0.15415070200160486,0.0010000001639127731,0.07692308794464563,0.013000000268220901,1.0769230879446456,0.013400000147521495,1.0447761401497564,0.013350000232458114,1.0486891526859454,0.013450000155717134,1.040892213386537,0.013715000189840794,1.020780185078232,0.01676999996416271,0.8348241181903107,0.11301847577159332,1.7941126826832883,0.11297869623095423,1.7934812020524917,0.10065012909888155,1.597771266133117,0.09814499959639623,1.5580035681395943,44.44444789378782,50.0,47.826088541002555,3.9737655165815455e-06,3.869411270816484e-05,-3.4720347191583297e-05,0.015332183344872206,0.011467816950170785,0.3105297082775908,0.015100188109481189,0.01159981235543504,0.3713888138576054,0.015909882258376896,0.01099011805305737,0.22358806376201906,491858.4,339169.8,1.5397256608812617,2.2328845315827057,-0.06666661699612819,0.07692308794464564,0.16666669253673794,-0.06666661699612819,-0.06666661699612825,0.07692308794464563,0.16666669253673796,-0.06666661699612825,66.66668736272692,33.333343681363466,75.00001746229948,50.000011641532986,-33.33331263727309,-24.99998253770052,0.0012857141638440745,0.0012380951749426977,17.77780137128573,31.237340258504542,54.28437407141579,57.0507657255091,0.011861132986108695,-0.28571432372745087,SELL,0,2
0.013000000268220901,0.013000000268220901,0.010999999940395355,0.010999999940395355,1673072,0.0,0.0,EMP,2023-09-15 00:00:00+10:00,Energy,-0.2142857427955881,-0.24116209310218267,-0.0020000003278255463,-0.15384617588929125,0.012600000202655792,0.8730158542439393,0.01320000011473894,0.83333332157421,0.013250000216066838,0.8301886612089899,0.013410000149160623,0.8202833570500655,0.013655000180006028,0.8055657118556332,0.016694999961182476,0.6588799021246745,0.13830327055774233,2.1954963564160055,0.1340848030810931,2.1285302612738373,0.11108522684651126,1.763423307414388,0.1010709722926718,1.604451944723456,39.99999813735481,47.058822884897836,47.82608660441491,-0.00018028847753630457,-5.102405340729054e-06,-0.00017518607219557553,0.015658545100241526,0.010741455129236356,-0.8948382833409305,0.015289091858793905,0.01121090857333977,-1.1034326405567265,0.0159630294922645,0.010856970806056746,-0.9439766978295993,797304.4,405917.4,2.0984105944981617,4.1217055489614385,-0.15384617588929128,-0.15384617588929128,-0.15384617588929128,-0.15384617588929128,-0.15384617588929125,-0.15384617588929125,-0.15384617588929125,-0.15384617588929125,0.0,22.22222912090898,0.0,33.333341094355326,-100.0,-100.0,0.0013571427469807012,0.001190476163866974,-147.47476799976482,-147.66735851467558,41.81107482512237,50.03982414112404,0.014999999664723873,-0.09090910630285254,SELL,0,2
0.013000000268220901,0.013000000268220901,0.012000000104308128,0.012000000104308128,449384,0.0,0.0,EMP,2023-09-18 00:00:00+10:00,Energy,0.09090910630285265,0.08701139110057793,-0.0010000001639127731,-0.07692308794464563,0.012400000169873238,0.9677419306382801,0.013100000098347664,0.9160305354365393,0.013250000216066838,0.9056603704622609,0.013370000142604112,0.8975317858127453,0.01360000018030405,0.8823529371482588,0.01662999995984137,0.7215875004982618,0.1480300280917266,2.3499038454036834,0.1377457848826517,2.186646545681381,0.11149694873600972,1.7699591897879952,0.10130222941972654,1.6081230378060447,33.333336782675985,43.74999854480838,47.82608660441491,-0.00024282682038485534,-5.264728834955432e-05,-0.00019017953203530102,0.01567336778434971,0.010526632412345615,-0.4274554312712622,0.015289091858793905,0.01121090857333977,-0.613018113343335,0.01594784919684515,0.010792151088363074,-0.5314508372947908,584872.2,406292.6,0.7683456317465593,1.106060016845003,-0.07692308794464564,-0.07692308794464564,0.0,-0.14285716186372543,-0.07692308794464563,-0.07692308794464563,0.0,-0.14285716186372543,25.000005820766493,30.55556439449781,25.000005820766493,33.333341094355326,-74.99999417923351,-74.99999417923351,0.0012857142303671157,0.0012380952192913917,-79.82456702182951,-84.89065995957394,34.23744793297003,50.6267088248136,0.014919999670237303,-0.16666669253673794,SELL,0,2
0.012000000104308128,0.012000000104308128,0.012000000104308128,0.012000000104308128,177067,0.0,0.0,EMP,2023-09-19 00:00:00+10:00,Energy,0.0,0.0,0.0,0.0,0.012200000137090683,0.9836065548741667,0.01280000014230609,0.9374999977262632,0.0132000002078712,0.9090909026768418,0.013270000126212836,0.9042954024245999,0.013540000189095736,0.8862629199940613,0.0165599999576807,0.7246376893100415,0.1480300280917266,2.3499038454036834,0.12691076881360278,2.0146459978608284,0.11000201025266448,1.7462277770743657,0.09656307065836839,1.5328912247688053,42.857142857142854,43.74999854480838,50.0,-0.0002890568403330386,-9.992919874625121e-05,-0.0001891276415867874,0.015070584962221361,0.010529415322390817,-0.35233215292429093,0.015312618949195247,0.011087381466547152,-0.568015458771795,0.015653703122077305,0.010886297130348367,-0.5327845054975618,619077.6,374395.95,0.2860174556469173,0.47294047919054677,-0.07692308794464564,-0.19999997516473078,-0.07692308794464564,-0.2941176792845164,-0.07692308794464563,-0.19999997516473078,-0.07692308794464563,-0.2941176792845164,25.000005820766493,16.66667054717767,25.000005820766493,16.666670547177663,-74.99999417923351,-74.99999417923351,0.0012857142303671157,0.001190476163866974,-96.622627028402,-110.52632421695418,33.888422537439624,52.24692310038467,0.014841599675640464,-0.2500000388051069,SELL,0,2
0.012000000104308128,0.012000000104308128,0.010999999940395355,0.010999999940395355,650000,0.0,0.0,EMP,2023-09-20 00:00:00+10:00,Energy,-0.08333334626836897,-0.08701139110057783,-0.0010000001639127731,-0.08333334626836898,0.012000000104308128,0.916666653731631,0.012600000109523534,0.8730158606967915,0.013050000183284283,0.8429118609887248,0.013190000131726266,0.8339651122471755,0.013460000194609165,0.8172362393279118,0.016479999953880907,0.6674757264064763,0.14881564531095262,2.362375132130256,0.1226278480943746,1.9466567392123264,0.11008123049051946,1.7474853593633715,0.09584519448994114,1.5214952938860147,37.5,43.74999854480838,45.454544684857375,-0.00040175493923325437,-0.00016029434684365187,-0.0002414605923896025,0.015129822259649182,0.010070177959397887,-0.6324555933897221,0.015341862258447851,0.010758138108120714,-0.8944692898863127,0.015605004118667028,0.010774996144785503,-0.9068308802691134,741370.0,399560.85,0.8767551964606067,1.6267860076881908,-0.08333334626836897,-0.15384617588929128,-0.2142857427955881,-0.266666654249032,-0.08333334626836898,-0.15384617588929125,-0.21428574279558815,-0.2666666542490321,0.0,16.66667054717767,0.0,16.666670547177663,-100.0,-100.0,0.0012857142303671157,0.001190476163866974,-129.62963882787724,-150.6329258972207,31.363544726528815,43.55018391547694,0.014764767680935561,-0.2727272342428686,SELL,0,2
0.012000000104308128,0.012000000104308128,0.010999999940395355,0.010999999940395355,114020,0.0,0.0,EMP,2023-09-21 00:00:00+10:00,Energy,0.0,0.0,-0.0010000001639127731,-0.08333334626836898,0.011400000005960465,0.9649122749687745,0.012200000137090683,0.9016393292450002,0.012900000158697366,0.8527131631838777,0.013110000137239695,0.8390541438019695,0.013370000198483467,0.8227374552801475,0.01639999995008111,0.6707317057242401,0.11465326901129423,1.8200642208268376,0.10869683363748374,1.7255087406296539,0.11008123049051946,1.7474853593633715,0.09584519448994114,1.5214952938860147,37.5,43.74999854480838,42.857141590037294,-0.00048547276669942685,-0.00022533003081480694,-0.00026014273588461994,0.014265591593645755,0.010134408680535612,-0.5809475019308272,0.015319221490164923,0.010480778827229809,-0.7853767630055682,0.015545201083902692,0.010674799190576699,-0.8664583511006414,612708.6,393834.45,0.18609172451635247,0.2895125096344416,-0.2142857427955881,-0.266666654249032,-0.2142857427955881,-0.266666654249032,-0.21428574279558815,-0.2666666542490321,-0.21428574279558815,-0.2666666542490321,0.0,8.33333527358884,0.0,8.333335273588832,-100.0,-100.0,0.0013571428135037422,0.001190476163866974,-105.69106400213899,-133.33334616277713,31.363544726528815,42.40623405358167,0.014689472326124758,-0.2727272342428686,SELL,0,2
0.012000000104308128,0.012000000104308128,0.012000000104308128,0.012000000104308128,100000,0.0,0.0,EMP,2023-09-22 00:00:00+10:00,Energy,0.09090910630285265,0.08701139110057793,0.0,0.0,0.011600000038743018,1.0344827641576848,0.012100000120699405,0.991735535917871,0.01280000014230609,0.9374999977262632,0.01305000014603138,0.9195402275882298,0.013330000191926957,0.9002250511275824,0.016324999947100877,0.7350689214819375,0.07337152724039808,1.1647368863465672,0.10698847658700456,1.6983894131932233,0.11220615011697387,1.7812174126889633,0.09673289080300881,1.5355870359907708,50.0,47.058822884897836,45.454544684857375,-0.0004657591111348735,-0.00027341584687882027,-0.00019234326425605322,0.014088858298723174,0.010111141942675636,-0.05028011423652227,0.01519297234049755,0.01040702794411463,-0.3343122994084837,0.015442590692069932,0.01065740959999283,-0.43885488198628625,298094.2,398834.45,0.3354644270166947,0.2507305976201404,0.09090910630285265,-0.07692308794464564,-0.14285716186372543,-0.19999997516473078,0.09090910630285255,-0.07692308794464563,-0.14285716186372543,-0.19999997516473078,25.000005820766493,8.33333527358884,25.000005820766493,8.333335273588832,-74.99999417923351,-74.99999417923351,0.0014285713966403688,0.0012380952192913917,-52.88888780717485,-77.24138370561161,32.42046569478863,41.218148106075894,0.014615682878410169,-0.33333330746326206,SELL,0,2
0.010999999940395355,0.012000000104308128,0.010999999940395355,0.012000000104308128,278855,0.0,0.0,EMP,2023-09-25 00:00:00+10:00,Energy,0.0,0.0,0.0010000001639127731,0.09090910630285255,0.011600000038743018,1.0344827641576848,0.012000000104308128,1.0,0.01280000014230609,0.9374999977262632,0.013010000139474868,0.9223674078140703,0.013290000185370444,0.9029345325004329,0.016249999944120644,0.7384615474198698,0.06163893611396759,0.9784877762169378,0.10698847658700456,1.6983894131932233,0.10717718825016273,1.701385117974507,0.09624936186134987,1.5279112520027798,33.33333333333333,40.000001241763464,45.454544684857375,-0.00044500614325797445,-0.00030773390615465113,-0.00013727223710332333,0.01388561849655026,0.010114381712065997,0.0,0.01519297234049755,0.01040702794411463,-0.3343122994084837,0.015404636938656945,0.010615363340292791,-0.4217758766221751,263988.4,407777.2,1.05631535325037,0.6838415683858734,0.0,-0.07692308794464564,0.0,-0.14285716186372543,0.0,-0.07692308794464563,0.0,-0.14285716186372543,25.000005820766493,16.66667054717767,25.000005820766493,16.666670547177663,-74.99999417923351,-74.99999417923351,0.0013571428800267832,0.0012857142747158096,-67.6844797011092,-92.38578997691192,23.79201843836134,39.87973229304836,0.014543369219649873,-0.33333330746326206,SELL,0,2
0.012000000104308128,0.012000000104308128,0.012000000104308128,0.012000000104308128,0,0.0,0.0,EMP,2023-09-26 00:00:00+10:00,Energy,0.0,0.0,0.0,0.0,0.011600000038743018,1.0344827641576848,0.011900000087916852,1.0084033626598723,0.012700000125914813,0.9448818886089372,0.012950000148266553,0.9266409240863531,0.013245000187307596,0.9060022600684804,0.016189999943599105,0.7411982795622221,0.06163893611396759,0.9784877762169378,0.10698847658700456,1.6983894131932233,0.10024237542205085,1.5912983771827196,0.09572081179333528,1.5195207797903025,66.66666666666666,46.153845602767724,50.0,-0.0004236754004113101,-0.00033092220500598293,-9.275319540532717e-05,0.013651190446502303,0.0101488097293314,0.05710402407197642,0.015048571921301261,0.010351428330528364,-0.2980534906285468,0.015290852917407878,0.010609147379125229,-0.4058350257999803,228575.0,356530.5,0.0,0.0,0.0,-0.07692308794464564,-0.14285716186372543,-0.19999997516473078,0.0,-0.07692308794464563,-0.14285716186372543,-0.19999997516473078,25.000005820766493,25.000005820766493,25.000005820766493,25.000005820766493,-74.99999417923351,-74.99999417923351,0.001214285780276571,0.001190476163866974,-36.791145899241556,-62.805871773238536,24.476152550525327,40.39037554430389,0.014472501834064783,-0.33333330746326206,SELL,0,2
0.012000000104308128,0.012000000104308128,0.010999999940395355,0.010999999940395355,313330,0.0,0.0,EMP,2023-09-27 00:00:00+10:00,Energy,-0.08333334626836897,-0.08701139110057783,-0.0010000001639127731,-0.08333334626836898,0.011600000038743018,0.948275853763473,0.011800000071525573,0.9322033791287266,0.012550000101327896,0.8764940120782518,0.012870000153779983,0.8547008398569911,0.01318500017747283,0.8342813646062253,0.016124999942258002,0.6821705413820307,0.06163893611396759,0.9784877762169378,0.10750120223258694,1.7065286804873196,0.10183807193196583,1.616629273981732,0.09644704945687277,1.5310494452929952,33.33333333333333,33.33333592034026,42.10526160999013,-0.00048190716310384484,-0.0003611191966255554,-0.00012078796647828946,0.013637873539722973,0.009962126603328174,-0.4352857500657346,0.014931949754248384,0.010168050448407408,-0.6507275076247305,0.015198264831219228,0.010541735476340738,-0.8031733812331674,161241.0,367193.8,1.9432402428662685,0.8533096147048235,0.0,-0.08333334626836897,-0.2142857427955881,-0.266666654249032,0.0,-0.08333334626836898,-0.21428574279558815,-0.2666666542490321,0.0,16.666670547177674,0.0,16.666670547177663,-100.0,-100.0,0.0011428572636629855,0.0010952380973668326,-91.30434962329866,-100.81833559296155,23.021223081239626,28.780676432591036,0.014403051796191394,-0.2727272342428686,SELL,0,2
0.012000000104308128,0.012000000104308128,0.012000000104308128,0.012000000104308128,67552,0.0,0.0,EMP,2023-09-28 00:00:00+10:00,Energy,0.09090910630285265,0.08701139110057793,0.0,0.0,0.011800000071525573,1.0169491552178185,0.011600000038743018,1.0344827641576848,0.012500000093132258,0.9600000011920928,0.012810000162571668,0.9367681461370936,0.01314500017091632,0.9128946328093981,0.01606499994173646,0.7469654620497342,0.07337152724039808,1.1647368863465672,0.09628049416498366,1.5284054620017131,0.10289570317166634,1.6334186494160952,0.09732818391514095,1.5450370211821187,50.0,45.45454545454546,44.9999990686774,-0.0004422664266322592,-0.0003773486426268962,-6.491778400536302e-05,0.012632795767022099,0.010567204310463938,0.38729833461997276,0.014884158315456171,0.010115841870808344,-0.2097176203082545,0.015067775900658534,0.010552224424484802,-0.35876019243164337,151947.4,364225.25,0.44457489894529295,0.185467646737836,0.09090910630285265,-0.14285716186372543,-0.07692308794464564,-0.19999997516473078,0.09090910630285255,-0.14285716186372543,-0.07692308794464563,-0.19999997516473078,33.333333333333336,19.44444638469995,25.000005820766493,16.666670547177663,-66.66666666666667,-74.99999417923351,0.0010714287470493997,0.0011428571527912503,-9.85915492957737,-47.70016813275501,24.496402644843215,29.90520263789928,0.014334990759075473,-0.16666669253673794,SELL,0,2
0.013000000268220901,0.013000000268220901,0.013000000268220901,0.013000000268220901,38462,0.0,0.0,EMP,2023-09-29 00:00:00+10:00,Energy,0.08333334626836897,0.08004271961356925,0.0,0.0,0.012000000104308128,1.083333346268369,0.011800000071525573,1.1016949313069102,0.012500000093132258,1.0400000137090681,0.012760000173002481,1.0188087846367126,0.013115000165998935,0.9912314223162441,0.016014999942854047,0.8117390143370903,0.07158991843757463,1.1364547233913211,0.06834530703222226,1.0849481141136843,0.10452205649783695,1.659236208085916,0.09792901026619594,1.554574843818274,75.0,50.0,50.0,-0.0003263967034819095,-0.0003671582547978989,4.076155131598939e-05,0.013064911342929676,0.01053508880012147,0.9486832980492617,0.014884158315456171,0.010115841870808344,0.2097176984341576,0.01488122441621857,0.010638775929786392,0.11314225546213116,139639.8,350533.45,0.2754372320785335,0.1097241932260673,0.08333334626836897,0.18181821260570508,0.0,-0.16129029156886276,0.08333334626836898,0.1818182126057051,0.0,-0.16129029156886276,66.66666666666667,33.33333333333334,50.000011641532986,25.000005820766493,-33.333333333333336,-49.999988358467014,0.0010714287470493997,0.0011428571527912503,116.66666666666649,27.427610669971195,33.75085588558055,30.88600705946645,0.014268290942701871,-0.23076926383393692,SELL,0,2
0.013000000268220901,0.013000000268220901,0.012000000104308128,0.012000000104308128,13998,0.0,0.0,EMP,2023-10-02 00:00:00+11:00,Energy,-0.07692308794464564,-0.08004271961356928,-0.0010000001639127731,-0.07692308794464563,0.012000000104308128,1.0,0.011800000071525573,1.0169491552178185,0.01245000008493662,0.9638554234892777,0.012760000173002481,0.9404388668973254,0.013075000159442424,0.9177820235544732,0.015964999943971634,0.7516442309064533,0.08371290003098011,1.3289010900599079,0.06930844220552758,1.100237410998714,0.10613003221667093,1.684762031283506,0.09302163047453434,1.4766726047121905,60.0,46.15384615384615,47.6190471966791,-0.00031166805365081054,-0.00035606021456848126,4.439216091767071e-05,0.013064911342929676,0.01053508880012147,0.1581138830082105,0.014831949721394299,0.01006805044847894,-0.18892086286833054,0.01488122441621857,0.010638775929786392,-0.3582836992010238,86668.4,351233.35,0.16151215437229718,0.03985384645279271,0.0,0.0,-0.07692308794464564,0.0,0.0,0.0,-0.07692308794464563,0.0,33.333333333333336,44.44444444444446,25.000005820766493,33.333341094355326,-66.66666666666667,-74.99999417923351,0.0011428573301860265,0.001190476208215668,42.42424242424252,-20.4467295750415,33.549797795226496,30.82415957243201,0.014202925122655741,-0.2500000388051069,SELL,0,2
0.012000000104308128,0.013000000268220901,0.012000000104308128,0.013000000268220901,176200,0.0,0.0,EMP,2023-10-03 00:00:00+11:00,Energy,0.08333334626836897,0.08004271961356925,0.0010000001639127731,0.08333334626836898,0.012200000137090683,1.0655737805033332,0.011900000087916852,1.092436989258595,0.01235000011511147,1.0526315908543264,0.012760000173002481,1.0188087846367126,0.013065000157803297,0.9950248841333865,0.015929999947547912,0.8160703271202444,0.09099554264126143,1.4445094574649078,0.07387946667066425,1.1728001748279762,0.10188731561504244,1.6174109932161016,0.09302163047453434,1.4766726047121905,60.0,53.846153846153854,50.0,-0.0002168046476459292,-0.00032820910118397086,0.00011140445353804166,0.013375729904554452,0.010424270271279252,0.7453940198961102,0.014429979963234812,0.010270020266988129,0.31250310126604947,0.01488122441621857,0.010638775929786392,0.11314225546213116,121908.4,334018.3,1.4453474904108332,0.5275160073564832,0.08333334626836897,0.08333334626836897,-0.13333329608042954,0.0,0.08333334626836898,0.08333334626836898,-0.13333329608042951,0.0,66.66666666666667,55.555555555555564,50.000011641532986,41.666676367944156,-33.333333333333336,-49.999988358467014,0.0011428573301860265,0.001238095263640086,75.67567567567555,6.140360990169363,36.44304184671007,32.56972844824638,0.014138866619010534,-0.30769235177858245,SELL,0,2
0.012000000104308128,0.012000000104308128,0.012000000104308128,0.012000000104308128,190128,0.0,0.0,EMP,2023-10-04 00:00:00+11:00,Energy,-0.07692308794464564,-0.08004271961356928,0.0,0.0,0.012400000169873238,0.9677419306382801,0.012000000104308128,1.0,0.012300000106915832,0.975609756097561,0.01272000016644597,0.9433962222707255,0.013055000156164169,0.9191880475498959,0.01589499995112419,0.7549543970561269,0.08921282810188812,1.4162097414861028,0.07299749242889475,1.1587992677890548,0.09879649375563729,1.568345717295372,0.0931156809655986,1.4781656099724279,50.0,41.66666666666667,42.857144124248364,-0.00021978285091553418,-0.00030652385113028355,8.674100021474938e-05,0.013333333656193404,0.010666666552422852,0.0,0.01436219115391185,0.010237809059919814,-0.1454763384045878,0.014821117556014183,0.010618882776877758,-0.34267483849905445,97268.0,336021.5,1.9546819097750545,0.565820937053135,0.09090910630285265,0.09090910630285265,-0.07692308794464564,-0.14285716186372543,0.09090910630285255,0.09090910630285255,-0.07692308794464563,-0.14285716186372543,50.0,50.00000000000001,25.000005820766493,33.33334109435532,-50.0,-74.99999417923351,0.0010714287470493997,0.0011904762525643622,4.361370716510859,-39.99999828940748,21.18234871539258,25.32466553111111,0.01407608928543823,-0.2500000388051069,SELL,0,2
0.010999999940395355,0.010999999940395355,0.010999999940395355,0.010999999940395355,69100,0.0,0.0,EMP,2023-10-05 00:00:00+11:00,Energy,-0.08333334626836897,-0.08701139110057783,0.0,0.0,0.012200000137090683,0.9016393292450002,0.012000000104308128,0.916666653731631,0.012100000120699405,0.9090908950965806,0.012660000156611204,0.8688783415734022,0.013035000152885914,0.8438818420696362,0.01584999995306134,0.6940063074429703,0.08898490165542276,1.4125915213187306,0.07892527904626367,1.2528999630767448,0.09354693983413714,1.4850116322734923,0.09388114130132437,1.4903169160933143,42.857142857142854,50.0,44.99999953433875,-0.0002993836460295999,-0.00030509581011014684,5.712164080546949e-06,0.013333333656193404,0.010666666552422852,-0.7499999999991124,0.013804483652542067,0.010395516588856743,-0.6453568836273096,0.014783147705034083,0.010536852608188325,-0.7818581508614105,97577.6,338523.0,0.7081543305020824,0.20412202420515002,-0.08333334626836897,0.0,-0.266666654249032,-0.2142857427955881,-0.08333334626836898,0.0,-0.2666666542490321,-0.21428574279558815,0.0,38.88888888888889,0.0,25.00000582076649,-100.0,-100.0,0.0009285715807761465,0.0011428572414886383,-145.6000000000002,-123.35457092712409,34.51884264695491,25.725108091914365,0.014014567498537373,0.0,HOLD,0,1
0.012000000104308128,0.012000000104308128,0.012000000104308128,0.012000000104308128,107784,0.0,0.0,EMP,2023-10-06 00:00:00+11:00,Energy,0.09090910630285265,0.08701139110057793,0.0,0.0,0.012000000104308128,1.0,0.012000000104308128,1.0,0.012050000112503767,0.9958506217652433,0.012620000150054694,0.9508716292888572,0.013025000151246786,0.9213051796517221,0.01580999995581806,0.759013291451158,0.0910981157620792,1.4461377552782093,0.07892527904626367,1.2528999630767448,0.09154451389574106,1.4532241059625652,0.09476553298366064,1.504356198811529,57.142857142857146,50.0,42.10526522176724,-0.00027856506905721105,-0.0002997896618995597,2.1224592842348643e-05,0.013333333656193404,0.010666666552422852,0.0,0.01370115627811569,0.010398843946891844,-0.030281816606431165,0.014715281619257186,0.010524718680852202,-0.2959029871927185,111442.0,336620.1,0.9671757506146695,0.3201947833774632,-0.07692308794464564,0.0,-0.07692308794464564,-0.14285716186372543,-0.07692308794464563,0.0,-0.07692308794464563,-0.14285716186372543,50.0,33.33333333333334,25.000005820766493,16.666670547177656,-50.0,-74.99999417923351,0.0008571429976395198,0.0010952382304129146,15.55555555555567,-20.588234217486665,23.62755987172453,26.630518270472933,0.013954276147374533,-0.16666669253673794,SELL,0,2
0.013000000268220901,0.013000000268220901,0.013000000268220901,0.013000000268220901,250000,0.0,0.0,EMP,2023-10-09 00:00:00+11:00,Energy,0.08333334626836897,0.08004271961356925,0.0,0.0,0.012200000137090683,1.0655737805033332,0.012100000120699405,1.0743801767391614,0.012050000112503767,1.0788381864603769,0.012640000153332949,1.0284810214019677,0.013025000151246786,0.9980806232064809,0.015774999959394336,0.8240887671431743,0.09099554264126143,1.4445094574649078,0.08289658772546182,1.3159425339445288,0.09341723901479061,1.482952695596499,0.09312314490081659,1.4782840962707602,57.142857142857146,54.54545454545455,50.0,-0.0001793075946036702,-0.0002756932484403818,9.63856538367116e-05,0.013575729937336998,0.010624270304061812,0.609867834460457,0.01370115627811569,0.010398843946891844,0.5753545155221963,0.014730210656500674,0.010549789650165224,0.17223151177470913,158642.4,273542.85,1.5758712677064897,0.9139335939506371,0.08333334626836897,0.08333334626836897,0.0,0.08333334626836897,0.08333334626836898,0.08333334626836898,0.0,0.08333334626836898,100.0,50.00000000000001,66.66666666666667,30.555557495811048,-0.0,-33.333333333333336,0.0009285715807761465,0.0010476192193371908,148.64197530864195,108.62068965517236,34.81618359103902,30.105459749814884,0.01389519062323495,-0.30769235177858245,SELL,0,2
0.012000000104308128,0.012000000104308128,0.012000000104308128,0.012000000104308128,820512,0.0,0.0,EMP,2023-10-10 00:00:00+11:00,Energy,-0.07692308794464564,-0.08004271961356928,0.0,0.0,0.012000000104308128,1.0,0.012100000120699405,0.991735535917871,0.012000000104308128,1.0,0.012620000150054694,0.9508716292888572,0.013015000149607658,0.9220130592676077,0.01573499996215105,0.7626310856798801,0.0910981157620792,1.4461377552782093,0.08748614771276815,1.3887995400662807,0.09516907075489274,1.5107621623353376,0.09316236805167107,1.478906744487544,42.857142857142854,54.54545454545455,47.368421052631575,-0.0001792704684966031,-0.00025640869245162606,7.713822395502296e-05,0.013575729937336998,0.010624270304061812,-0.06776309271782803,0.013589439193318198,0.010410561015298058,0.0,0.014715281619257186,0.010524718680852202,-0.2959029871927185,287504.8,314266.45,2.853907134767837,2.6108800350785137,-0.07692308794464564,0.0,-0.07692308794464564,-0.07692308794464564,-0.07692308794464563,0.0,-0.07692308794464563,-0.07692308794464563,50.0,66.66666666666667,33.333333333333336,41.666668606922165,-50.0,-66.66666666666667,0.0009285715807761465,0.0010476192193371908,-3.825136612021819,-14.893617021276523,31.85481677334063,33.85884898950715,0.013837286809578159,-0.16666669253673794,SELL,0,2
0.012000000104308128,0.012000000104308128,0.012000000104308128,0.012000000104308128,200000,0.0,0.0,EMP,2023-10-11 00:00:00+11:00,Energy,0.0,0.0,0.0,0.0,0.012000000104308128,1.0,0.012200000137090683,0.9836065548741667,0.012000000104308128,1.0,0.012620000150054694,0.9508716292888572,0.01300500014796853,0.9227220275105195,0.015694999964907766,0.7645747136756141,0.08371290003098011,1.3289010900599079,0.0821059645787443,1.3033917805826136,0.09341723901479061,1.482952695596499,0.09245276867811797,1.4676422036500916,50.0,54.54545454545455,47.368421052631575,-0.00017719841278882563,-0.00024056663651906597,6.336822373024034e-05,0.013464911408494772,0.010935088865686594,-0.1581138830082122,0.013589439193318198,0.010410561015298058,0.0,0.014715281619257186,0.010524718680852202,-0.2959029871927185,289479.2,322339.55,0.6908959262012607,0.6204637314905974,0.0,0.09090910630285265,0.0,0.0,0.0,0.09090910630285255,0.0,0.0,50.0,66.66666666666667,33.333333333333336,44.444444444444436,-50.0,-66.66666666666667,0.0008571429976395198,0.0010476192193371908,-12.280701754385847,-9.621993127147755,31.85481677334063,33.789154171300325,0.013780541072194502,-0.16666669253673794,SELL,0,2
0.013000000268220901,0.013000000268220901,0.013000000268220901,0.013000000268220901,38462,0.0,0.0,EMP,2023-10-12 00:00:00+11:00,Energy,0.08333334626836897,0.08004271961356925,0.0,0.0,0.012400000169873238,1.0483871040425798,0.01230000015348196,1.0569105777239183,0.01195000009611249,1.0878661224822912,0.012640000153332949,1.0284810214019677,0.01300500014796853,0.9996155417385051,0.015659999968484044,0.8301405041113393,0.07338841849629991,1.1650050267212542,0.08132589012548105,1.291008482537918,0.08746086922407229,1.3883982564986277,0.09312314490081659,1.4782840962707602,50.0,54.54545454545455,52.631578947368425,-9.378355934052708e-05,-0.00021121002108335818,0.0001174264617428311,0.013649897490169994,0.010950102816793926,0.5185580382404396,0.013322665803419533,0.010577334388805447,0.7649350941886266,0.014730210656500674,0.010549789650165224,0.17223151177470913,283351.6,286396.3,0.13573948408973163,0.13429642771222952,0.18181821260570508,0.08333334626836897,-0.07142858093186266,0.08333334626836897,0.1818182126057051,0.08333334626836898,-0.07142858093186272,0.08333334626836898,100.0,66.66666666666667,66.66666666666667,44.444444444444436,-0.0,-33.333333333333336,0.0008571429976395198,0.0010476192193371908,121.73913043478257,119.14893617021289,30.178190365949803,34.44279965174242,0.01372493024955852,-0.23076926383393692,SELL,0,2
0.013000000268220901,0.013000000268220901,0.013000000268220901,0.013000000268220901,38461,0.0,0.0,EMP,2023-10-13 00:00:00+11:00,Energy,0.0,0.0,0.0,0.0,0.012600000202655792,1.0317460364390152,0.01230000015348196,1.0569105777239183,0.012050000112503767,1.0788381864603769,0.012640000153332949,1.0284810214019677,0.01300500014796853,0.9996155417385051,0.015629999972879886,0.8317338637733601,0.06744492521026135,1.0706549957982134,0.07725993453188264,1.2264634384829576,0.07148181220224517,1.1347385901081781,0.09245276867811797,1.4676422036500916,60.0,54.54545454545455,47.05882352941176,-2.7361283170605072e-05,-0.00017444027350080755,0.00014707899033020248,0.013649897490169994,0.010950102816793926,0.5185580382404396,0.013422665819810805,0.010677334405196729,0.6920841328373326,0.014730210656500674,0.010549789650165224,0.17223151177470913,269487.0,204665.75,0.14271931484635622,0.18792103710562222,0.08333334626836897,0.0,0.18181821260570508,0.0,0.08333334626836898,0.0,0.1818182126057051,0.0,100.0,83.33333333333334,100.0,66.66666666666667,-0.0,-0.0,0.0007857144145028931,0.0009523811084883553,99.55555555555567,134.8837209302325,34.07458183035651,23.87447902599,0.013670431643375256,-0.30769235177858245,SELL,0,2
0.012000000104308128,0.012000000104308128,0.008999999612569809,0.008999999612569809,3806595,0.0,0.0,EMP,2023-10-16 00:00:00+11:00,Energy,-0.30769235177858245,-0.36772484380549403,-0.0030000004917383194,-0.25000003880510696,0.011800000071525573,0.7627118269505431,0.012000000104308128,0.7499999611948931,0.011900000087916852,0.7563024828637038,0.012580000143498183,0.7154212646985817,0.01296500014141202,0.6941765919325025,0.015579999973997474,0.5776636474705086,0.1494841224302349,2.3729868774188025,0.124003171462904,1.968489320844873,0.09845305731859728,1.5628938328739763,0.10186884385466417,1.6171177631106708,37.5,39.99999999999999,44.44444444444444,-0.000294097600204277,-0.00019837173884150146,-9.572586136277555e-05,0.014494438771028557,0.0095055614375877,-1.2026755886055034,0.013835812488317367,0.009964187687516337,-1.4980792946398314,0.014904317171516513,0.010255683115479853,-1.5402376215350522,980806.0,372526.3,3.8810886148738892,10.218325524936093,-0.30769235177858245,-0.2500000388051069,-0.2500000388051069,-0.2500000388051069,-0.3076923517785825,-0.25000003880510696,-0.25000003880510696,-0.25000003880510696,0.0,66.66666666666667,0.0,55.555555555555564,-100.0,-100.0,0.0010714287470493997,0.0010000001639127731,-220.78853046594983,-262.5,13.571696848363857,18.523521517298533,0.013617023009315658,0.11111113410673124,BUY,0,0
0.009999999776482582,0.009999999776482582,0.008999999612569809,0.008999999612569809,502996,0.0,0.0,EMP,2023-10-17 00:00:00+11:00,Energy,0.0,0.0,-0.0010000001639127731,-0.10000001862645191,0.01119999997317791,0.8035713959038636,0.011600000038743018,0.7758620329750493,0.011750000063329935,0.7659574097073852,0.012520000133663415,0.7188498016362531,0.012935000136494637,0.6957865881406008,0.01552999997511506,0.5795234788790222,0.15128750549253253,2.4016146960273566,0.11895508405087438,1.8883534175123968,0.09845305731859728,1.5628938328739763,0.10186884385466417,1.6171177631106708,28.57142857142857,42.857142857142854,41.1764705882353,-0.0004997275055702091,-0.00025864289218724304,-0.00024108461338296608,0.014611091143136256,0.00858890893434978,-0.8634745134013914,0.014078315851350803,0.009421684275309067,-1.1811114561473215,0.015051112849680456,0.009988887417646374,-1.3906929149455975,917302.8,388822.75,0.548342379419315,1.2936382966274478,-0.2500000388051069,-0.30769235177858245,-0.2500000388051069,-0.2500000388051069,-0.25000003880510696,-0.3076923517785825,-0.25000003880510696,-0.25000003880510696,0.0,33.33333333333334,0.0,33.33333333333333,-100.0,-100.0,0.0010714287470493997,0.0009523811084883553,-221.2643678160921,-252.38095238095232,13.330729026521269,11.948205885305327,0.013432342073445824,0.0,HOLD,0,1
0.008999999612569809,0.009999999776482582,0.008999999612569809,0.009999999776482582,570000,0.0,0.0,EMP,2023-10-18 00:00:00+11:00,Energy,0.11111113410673124,0.1053605363538842,0.0010000001639127731,0.11111113410673122,0.0107999999076128,0.9259259131505819,0.011400000005960465,0.8771929623907109,0.011700000055134297,0.8547008315691669,0.012480000127106905,0.8012820252110661,0.012905000131577254,0.7748934269294252,0.015484999977052211,0.6457862312755537,0.1668829664692586,2.6491849639823344,0.12518872099847028,1.987309336273212,0.1003217392455319,1.592558238822876,0.10308149923169865,1.6363680704326218,28.57142857142857,42.857142857142854,44.44444444444444,-0.0005753665635867145,-0.00032198762646713737,-0.00025337893711957715,0.014555243074132154,0.008244756937788776,-0.44370598373237696,0.014136564039830869,0.009263436070437725,-0.6977039344457922,0.015106086119962394,0.009853914134251416,-0.9443713409886022,991302.8,384822.75,0.5750008978084193,1.4812014102596585,-0.16666669253673794,-0.16666669253673794,-0.09090910630285254,-0.16666669253673794,-0.16666669253673796,-0.16666669253673796,-0.09090910630285255,-0.16666669253673796,25.0,8.333333333333343,25.0,8.333333333333329,-75.0,-75.0,0.0010714287470493997,0.0010000001639127731,-138.4444444444445,-175.3346080305928,19.224425460033814,17.934431501946463,0.013255048375010783,0.0,HOLD,0,1
0.009999999776482582,0.009999999776482582,0.009999999776482582,0.009999999776482582,0,0.0,0.0,EMP,2023-10-19 00:00:00+11:00,Energy,0.0,0.0,0.0,0.0,0.010199999809265137,0.9803921532821123,0.011299999989569187,0.8849557332489726,0.011650000046938658,0.8583690760679733,0.012440000120550394,0.8038584951428556,0.012885000128298997,0.7760962108583792,0.015439999978989363,0.6476683801872091,0.15755271533462162,2.501071818950168,0.12250415684602327,1.94469320151737,0.1003217392455319,1.592558238822876,0.10308149923169865,1.6363680704326218,33.33333333333333,38.46153846153846,47.05882352941176,-0.0006280710499120476,-0.0003832043111561195,-0.0002448667387559281,0.01457278391498979,0.008027216064148584,-0.39721541131669263,0.014186056248171805,0.009113943845705512,-0.650616602918252,0.015155338492427615,0.009724661748673173,-0.8985989994244964,983610.4,379121.75,0.0,0.0,-0.23076926383393692,-0.09090910630285254,-0.09090910630285254,-0.16666669253673794,-0.23076926383393687,-0.09090910630285255,-0.09090910630285255,-0.16666669253673796,25.0,16.666666666666675,25.0,16.66666666666666,-75.0,-75.0,0.0010000001639127731,0.0009523811084883553,-93.33333333333329,-129.0434782608696,18.635729029665555,19.629949812717584,0.013084846424513144,-0.10000001862645191,SELL,0,2
0.009999999776482582,0.009999999776482582,0.009999999776482582,0.009999999776482582,1134370,0.0,0.0,EMP,2023-10-20 00:00:00+11:00,Energy,0.0,0.0,0.0,0.0,0.009599999710917472,1.0416666747510643,0.011099999956786632,0.9009008842714904,0.01155000003054738,0.8658008441588428,0.012400000113993883,0.8064515874638737,0.012855000123381614,0.7779074041620467,0.015394999980926513,0.6495615322424154,0.15755271533462162,2.501071818950168,0.1181735515475102,1.8759469736399048,0.09804842351046217,1.556470470303729,0.10308149923169865,1.6363680704326218,33.33333333333333,41.66666666666667,47.05882352941176,-0.0006622062337861712,-0.0004390046956821299,-0.00022320153810404133,0.014426660488702576,0.007773339424870689,-0.3306619866231197,0.014183789008302819,0.008916211052791941,-0.5885058625257578,0.015199417209914797,0.00960058301807297,-0.8573214548873014,1202792.2,430840.25,0.9431138645561553,2.632924848595274,-0.23076926383393692,-0.16666669253673794,-0.16666669253673794,-0.16666669253673794,-0.23076926383393687,-0.16666669253673796,-0.16666669253673796,-0.16666669253673796,25.0,25.0,25.0,25.0,-75.0,-75.0,0.0009285715807761465,0.0009047620530639376,-77.77777777777773,-113.33333333333339,18.682742598098116,19.629949812717584,0.01292145255203541,-0.10000001862645191,SELL,0,2
0.009999999776482582,0.009999999776482582,0.009999999776482582,0.009999999776482582,0,0.0,0.0,EMP,2023-10-23 00:00:00+11:00,Energy,0.0,0.0,0.0,0.0,0.009799999743700027,1.0204081671442007,0.0107999999076128,0.9259259131505819,0.011450000014156103,0.8733624248139016,0.012360000107437373,0.809061463556565,0.012825000118464231,0.7797270708859894,0.015354999983683228,0.6512536494372477,0.049690409783949084,0.7888108009993203,0.11365903011825612,1.8042811676982355,0.09804842351046217,1.556470470303729,0.10308149923169865,1.6363680704326218,20.0,36.36363636363636,43.75,-0.0006814038139293047,-0.0004874845193315649,-0.00019391929459773984,0.013898387092444576,0.007701612722781024,-0.25819888974710353,0.0141625444191303,0.008737455609181906,-0.5345535486956624,0.015238775619926688,0.009481224594948058,-0.8197931102012421,441473.2,416897.5,0.0,0.0,0.11111113410673124,-0.23076926383393692,-0.16666669253673794,-0.16666669253673794,0.11111113410673122,-0.23076926383393687,-0.16666669253673796,-0.16666669253673796,25.0,25.0,25.0,25.0,-75.0,-75.0,0.0008571429976395198,0.0008571429976395198,-66.66666666666666,-98.24561403508773,15.941286095536782,18.37287947921584,0.012764594434456787,-0.10000001862645191,SELL,0,2
0.009999999776482582,0.009999999776482582,0.009999999776482582,0.009999999776482582,15412,0.0,0.0,EMP,2023-10-24 00:00:00+11:00,Energy,0.0,0.0,0.0,0.0,0.009999999776482582,1.0,0.010599999874830245,0.9433962164686089,0.011349999997764825,0.8810572492028105,0.01228000009432435,0.8143322231002627,0.012805000115185976,0.7809449189011074,0.015314999986439943,0.6529546056373936,0.049690409783949084,0.7888108009993203,0.11189390114849421,1.7762606139825616,0.09804842351046217,1.556470470303729,0.10030080007521214,1.5922258397989195,20.0,40.0,43.75,-0.0006886793674439617,-0.0005277234889540444,-0.00016095587848991737,0.013611090979223493,0.007588908770436997,-0.19926334924647413,0.014123939320216824,0.008576060675312826,-0.4866725852131914,0.015194846243808235,0.009365153944840464,-0.7822026278283926,343956.4,417668.1,0.044808004735483915,0.036900112792909015,0.11111113410673124,-0.16666669253673794,-0.16666669253673794,-0.28571432372745087,0.11111113410673122,-0.16666669253673796,-0.16666669253673796,-0.28571432372745087,25.0,25.0,25.0,25.0,-75.0,-75.0,0.0007857144145028931,0.0008095239422151021,-58.33333333333329,-86.66666666666666,16.510286157482085,19.186467093711627,0.012614010641581307,-0.10000001862645191,SELL,0,2
0.008999999612569809,0.010999999940395355,0.008999999612569809,0.010999999940395355,259041,0.0,0.0,EMP,2023-10-25 00:00:00+11:00,Energy,0.1000000186264518,0.09531019673746272,0.0020000003278255463,0.22222226821346244,0.010199999809265137,1.0784313868715507,0.010499999858438969,1.047619056066418,0.011349999997764825,0.9691629905340621,0.01220000009983778,0.901639331998171,0.01278500011190772,0.860383249441676,0.015274999989196658,0.7201309295041032,0.04472136787999805,0.7099297062066403,0.11735377058316421,1.8629333542726794,0.09880263256789482,1.5684431679188444,0.10080470396400287,1.6002250660454314,100.0,50.0,47.05882352941176,-0.0006067592966667468,-0.0005435306504965848,-6.3228646170162e-05,0.013367442084130921,0.007632557632747015,0.17437145811568344,0.014123939320216824,0.008576060675312826,-0.12617437394416056,0.015028427537672286,0.009371572662003273,-0.42426407812008987,281764.6,414953.65,0.9193525375437511,0.6242649028391484,0.1000000186264518,-0.08333334626836897,0.0,-0.266666654249032,0.10000001862645191,-0.08333334626836898,0.0,-0.2666666542490321,50.0,33.33333333333334,50.0,33.33333333333333,-50.0,-50.0,0.0008571429976395198,0.0009047620530639376,-36.37992831541219,-60.264900662251705,20.09537544343779,22.027348584768035,0.012469450200420847,-0.09090910630285254,SELL,0,2
0.009999999776482582,0.009999999776482582,0.009999999776482582,0.009999999776482582,95491,0.0,0.0,EMP,2023-10-26 00:00:00+11:00,Energy,-0.09090910630285254,-0.0953101967374628,0.0,0.0,0.010199999809265137,0.9803921532821123,0.010199999809265137,0.9803921532821123,0.011249999981373549,0.8888888704923935,0.012160000093281269,0.8223683963627479,0.012755000106990337,0.7840062479499403,0.015224999990314245,0.6568144356547997,0.06754246885608135,1.072203453171099,0.11631827760246405,1.8464954128049655,0.0988682710482653,1.5694851464918234,0.09753492257355782,1.5483188956414438,66.66666666666666,40.0,47.05882352941176,-0.0006154343620204707,-0.000557911392801362,-5.752296921910868e-05,0.01247058503023413,0.007929414588296144,-0.0880830329271689,0.01406910817837698,0.008430891784370117,-0.44340270665015735,0.015055739723788994,0.009264260462773543,-0.7459235264256,300862.8,416350.6,0.3173905182029816,0.22935237753950638,0.0,-0.23076926383393692,-0.16666669253673794,-0.16666669253673794,0.0,-0.23076926383393687,-0.16666669253673796,-0.16666669253673796,25.0,33.33333333333334,25.0,33.33333333333333,-75.0,-75.0,0.0008571429976395198,0.0009047620530639376,-47.83010156971374,-71.83979974968706,18.22451195744553,22.804883606017583,0.012330672176906804,-0.10000001862645191,SELL,0,2
0.009999999776482582,0.009999999776482582,0.009999999776482582,0.009999999776482582,0,0.0,0.0,EMP,2023-10-27 00:00:00+11:00,Energy,0.0,0.0,0.0,0.0,0.010199999809265137,0.9803921532821123,0.009899999760091305,1.0101010120014744,0.011099999956786632,0.9009008842714904,0.012100000083446503,0.8264462568197134,0.012725000102072954,0.7858545930269613,0.015174999991431832,0.658978568838802,0.06754246885608135,1.072203453171099,0.11631827760246405,1.8464954128049655,0.0967328141906886,1.5355858198078909,0.09681360137971205,1.536868276675547,50.0,33.33333333333333,43.75,-0.0006152175686420982,-0.0005693726279695092,-4.584494067258894e-05,0.01103529237057723,0.00876470714960538,0.08808303292705735,0.013845331371396073,0.008354668542177191,-0.40068028743281603,0.01504853862299041,0.009151461543902596,-0.712217350663749,73988.8,414427.5,0.0,0.0,0.0,-0.23076926383393692,-0.23076926383393692,-0.23076926383393692,0.0,-0.23076926383393687,-0.23076926383393687,-0.23076926383393687,25.0,33.33333333333334,25.0,33.33333333333333,-75.0,-75.0,0.0007857144145028931,0.0008571429976395198,-42.42424242424243,-65.27607361963192,13.954998810611343,21.944587005191764,0.012197445274333325,-0.10000001862645191,SELL,0,2
0.009999999776482582,0.009999999776482582,0.009999999776482582,0.009999999776482582,0,0.0,0.0,EMP,2023-10-30 00:00:00+11:00,Energy,0.0,0.0,0.0,0.0,0.010199999809265137,0.9803921532821123,0.009999999776482582,1.0,0.010999999940395355,0.9090908936971475,0.012060000076889992,0.8291873725312082,0.012695000097155571,0.7877116738835765,0.01512499999254942,0.6611570103410636,0.06754246885608135,1.072203453171099,0.056926170763302614,0.903674945585368,0.09536923235829614,1.5139396292831135,0.09618159240935356,1.5268354453039636,50.0,37.5,40.0,-0.000608036689856855,-0.0005771054403469785,-3.093124950987651e-05,0.010942808972605376,0.009057190580359788,0.0,0.013752989198093715,0.008247010682696995,-0.3632415786281799,0.015067745525534984,0.009052254628245,-0.6848984847888151,73988.8,413727.6,0.0,0.0,0.0,0.11111113410673124,-0.16666669253673794,-0.16666669253673794,0.0,0.11111113410673122,-0.16666669253673796,-0.16666669253673796,25.0,25.0,25.0,25.0,-75.0,-75.0,0.0007142858313662666,0.0008095239422151021,-38.024691358024675,-59.89782886334609,16.57707946773033,21.404314520684537,0.012069547447862783,0.0,HOLD,0,1
0.009999999776482582,0.009999999776482582,0.008999999612569809,0.008999999612569809,507143,0.0,0.0,EMP,2023-10-31 00:00:00+11:00,Energy,-0.10000001862645191,-0.1053605363538842,-0.0010000001639127731,-0.10000001862645191,0.009999999776482582,0.8999999813735481,0.009999999776482582,0.8999999813735481,0.0107999999076128,0.8333333045888092,0.01198000006377697,0.7512520504722229,0.01265500009059906,0.7111813155383208,0.015069999992847442,0.5972129805468752,0.08156528050832657,1.2948086870535367,0.06713944443313483,1.0658056387986883,0.09532490350801542,1.5132359306006244,0.09647897798072502,1.53155629489605,33.33333333333333,33.33333333333333,40.0,-0.0006752535450254837,-0.0005967350612826796,-7.851848374280414e-05,0.010942808972605376,0.009057190580359788,-1.0606601717772481,0.013522228543337268,0.008077771271888332,-0.661223040350524,0.015096513392300975,0.008863486735252963,-0.956196921711386,172335.0,430274.75,2.942774247831259,1.178649223548442,-0.10000001862645191,0.0,-0.30769235177858245,-0.30769235177858245,-0.10000001862645191,0.0,-0.3076923517785825,-0.3076923517785825,0.0,16.666666666666675,0.0,16.66666666666666,-100.0,-100.0,0.0007857144145028931,0.0008095239422151021,-87.5,-89.74358974358972,15.203769624216989,20.133217845082598,0.011946765534451065,0.0,HOLD,0,1
0.008999999612569809,0.008999999612569809,0.007000000216066837,0.00800000037997961,944917,0.0,0.0,EMP,2023-11-01 00:00:00+11:00,Energy,-0.11111103062644068,-0.11778294511113331,-0.0009999992325901985,-0.1111110306264407,0.009399999864399433,0.8510638824876974,0.009799999836832284,0.8163265829773219,0.010599999921396375,0.7547170225757646,0.011860000062733888,0.674536284794547,0.012625000094994903,0.6336633916661242,0.01500499999616295,0.5331556402549387,0.055603272359997964,0.8826745844756768,0.06370846848796796,1.0113405841677503,0.09681964422416303,1.5369642038573195,0.09698294410462649,1.5395565090943166,25.000005820766503,22.222224521784,33.33333540293884,-0.0007999931447513972,-0.0006373866779764231,-0.00016260646677497407,0.011377620898652461,0.008222378775012107,-1.1409580541324216,0.013530780616111583,0.007669219226681167,-0.887135481035852,0.015117895010194924,0.008602105115272853,-1.1848140425038807,309510.2,468014.2,3.052943004786272,2.0189921587849256,-0.2727272342428686,-0.19999994412064426,-0.33333330746326206,-0.42857141906813734,-0.2727272342428686,-0.19999994412064429,-0.33333330746326206,-0.4285714190681373,16.666669253673795,13.888889751224609,16.666669253673795,13.888889751224594,-83.3333307463262,-83.3333307463262,0.0008571429311164788,0.0008571429532908258,-258.2221789536671,-152.1738825965978,12.752967605245644,16.109579415477114,0.011828894897575815,0.12499989813659829,BUY,0,0
0.00800000037997961,0.00800000037997961,0.00800000037997961,0.00800000037997961,320000,0.0,0.0,EMP,2023-11-02 00:00:00+11:00,Energy,0.0,0.0,0.0,0.0,0.00899999998509884,0.8888889325805652,0.009599999897181988,0.833333381839718,0.010449999943375587,0.7655502797443489,0.011740000061690807,0.6814310338962163,0.012585000097751618,0.6356774189782372,0.014939999999478459,0.5354752597228167,0.057948446546971774,0.9199030705548416,0.06370846848796796,1.0113405841677503,0.09551132238072366,1.5161952384618744,0.09698294410462649,1.5395565090943166,25.000005820766503,22.222224521784,35.71428809010838,-0.0008886068693827968,-0.000687630716257698,-0.00020097615312509882,0.011532183094532763,0.007667816699831212,-0.8280785793997917,0.013593916584311876,0.007306083302439299,-0.7792826093080966,0.015116026220959238,0.008363973902422377,-1.1078112269490343,354412.0,480559.2,0.9029039648770357,0.6658909037637818,-0.19999994412064426,-0.19999994412064426,-0.2727272342428686,-0.42857141906813734,-0.19999994412064429,-0.19999994412064429,-0.2727272342428686,-0.4285714190681373,20.00000372529038,12.2222243263214,16.666669253673795,11.111112835782526,-79.99999627470962,-83.3333307463262,0.0008571429311164788,0.000809523897866408,-198.3332905506971,-141.0713862075418,16.098824774574098,19.161765241475436,0.011539161216685277,0.0,HOLD,0,1
0.00800000037997961,0.00800000037997961,0.00800000037997961,0.00800000037997961,2381,0.0,0.0,EMP,2023-11-03 00:00:00+11:00,Energy,0.0,0.0,0.0,0.0,0.008600000105798245,0.9302325908793762,0.00939999995753169,0.8510638740556228,0.010249999957159162,0.7804878452113526,0.011620000060647727,0.6884681874548692,0.012535000098869204,0.6382130288695649,0.014870000001974405,0.5379959905122655,0.057948446546971774,0.9199030705548416,0.06370846848796796,1.0113405841677503,0.09252789076649394,1.4688347298329554,0.09698294410462649,1.5395565090943166,0.0,40.00000745058077,38.461541216930435,-0.0009479070027050285,-0.0007396859735471641,-0.00020822102915786435,0.011549934900866452,0.007250065014196929,-0.6511822982794737,0.013486307265985069,0.007013692648333255,-0.6952366887543274,0.015093280173881559,0.008146719947413894,-1.0422423653293198,354888.2,475289.05,0.006709155164922361,0.0050095831157902755,-0.19999994412064426,-0.19999994412064426,-0.33333330746326206,-0.42857141906813734,-0.19999994412064429,-0.19999994412064429,-0.33333330746326206,-0.4285714190681373,25.000005820766493,20.555559599910232,16.666669253673795,16.666669253673795,-74.99999417923351,-83.3333307463262,0.0005714285985699721,0.0007619048424419903,-146.12792098479798,-129.24407673078855,37.45954693606304,19.340158915613046,0.01126681155664817,0.0,HOLD,0,1
0.00800000037997961,0.00800000037997961,0.00800000037997961,0.00800000037997961,0,0.0,0.0,EMP,2023-11-06 00:00:00+11:00,Energy,0.0,0.0,0.0,0.0,0.00820000022649765,0.9756097754885719,0.009200000017881394,0.869565257003323,0.009999999962747096,0.8000000409781934,0.011540000066161156,0.693240930165857,0.012495000101625919,0.6402561276440971,0.014800000004470348,0.540540566051568,0.057948446546971774,0.9199030705548416,0.06370846848796796,1.0113405841677503,0.0896781722286078,1.4235968504862915,0.09496016197590434,1.507445838279929,0.0,40.00000745058077,33.33333592034026,-0.0009835648621146966,-0.0007884617512606706,-0.000195103110854026,0.011470584363824119,0.006929415671938669,-0.5284981551317598,0.013111946389659054,0.006888053535835138,-0.64268445159325,0.0151587721357781,0.007921227996544213,-0.9782322893180349,354888.2,462789.05,0.0,0.0,-0.19999994412064426,-0.19999994412064426,-0.38461536808303154,-0.33333330746326206,-0.19999994412064429,-0.19999994412064429,-0.38461536808303154,-0.33333330746326206,25.000005820766493,23.333338455607798,16.666669253673795,16.666669253673795,-74.99999417923351,-83.3333307463262,0.0005000000154333455,0.0007142857870175725,-115.66950366824888,-123.9017748265748,44.78872124107155,18.041780562766817,0.01101080287621329,0.0,HOLD,0,1
0.008999999612569809,0.008999999612569809,0.00800000037997961,0.00800000037997961,155556,0.0,0.0,EMP,2023-11-07 00:00:00+11:00,Energy,0.0,0.0,-0.0009999992325901985,-0.1111110306264407,0.00800000037997961,1.0,0.009000000078231096,0.8888889233823173,0.00979999997653067,0.8163265713406375,0.011420000065118074,0.7005254233242333,0.012445000102743506,0.6428284703843439,0.014735000007785857,0.5429250339838801,0.049690363506156174,0.7888100663621327,0.06370846848796796,1.0113405841677503,0.08873531083720482,1.4086293899115518,0.09173864626869833,1.456305861844196,0.0,25.000005820766503,27.272729581791324,-0.0010002932150753804,-0.0008308280440236126,-0.00016946517105176785,0.011309400637365349,0.006690599519096844,-0.43301266828581947,0.012884767239062813,0.0067152327139985285,-0.5835122858096996,0.015103166507744547,0.0077368336224916,-0.9285487741085235,284570.8,429541.25,0.5466337375444003,0.36214449718158614,-0.11111103062644068,-0.19999994412064426,-0.33333330746326206,-0.42857141906813734,-0.1111110306264407,-0.19999994412064429,-0.33333330746326206,-0.4285714190681373,25.000005820766493,25.000005820766493,16.666669253673795,16.666669253673795,-74.99999417923351,-83.3333307463262,0.0004999999489103045,0.0007142857426688785,-72.91667223732328,-103.4782570738534,33.027535392202694,15.999342332789084,0.010770154716604502,0.0,HOLD,0,1
0.00800000037997961,0.00800000037997961,0.00800000037997961,0.00800000037997961,0,0.0,0.0,EMP,2023-11-08 00:00:00+11:00,Energy,0.0,0.0,0.0,0.0,0.00800000037997961,1.0,0.008700000122189522,0.9195402606461409,0.009599999990314245,0.8333333737553201,0.011300000064074993,0.707964631382016,0.01240500010550022,0.644901274642675,0.014670000011101365,0.5453306321694408,0.0,0.0,0.0488632024974399,0.7756792924224972,0.08873531083720482,1.4086293899115518,0.09173864626869833,1.456305861844196,0.0,25.000005820766503,30.00000279396754,-0.0010020001216391582,-0.0008650624595467217,-0.0001369376620924365,0.010597366113040834,0.0068026341313382095,-0.3689323755064433,0.012601753728577216,0.006598246252051275,-0.5330216099807406,0.015030732937638583,0.007569267190511403,-0.8845446178898431,95587.4,419541.25,0.0,0.0,0.0,-0.2727272342428686,-0.33333330746326206,-0.42857141906813734,0.0,-0.2727272342428686,-0.33333330746326206,-0.4285714190681373,25.000005820766493,25.000005820766493,16.666669253673795,16.666669253673795,-74.99999417923351,-83.3333307463262,0.0004999999489103045,0.0006666666872444607,-81.75181914426749,-110.21275044973702,33.027535392202694,18.297358702627307,0.010543945446572242,0.12499989813659829,BUY,0,0
0.008999999612569809,0.009999999776482582,0.008999999612569809,0.009999999776482582,981258,0.0,0.0,EMP,2023-11-09 00:00:00+11:00,Energy,0.24999991268851285,0.22314348146501758,0.0010000001639127731,0.11111113410673122,0.008400000259280204,1.1904761271209152,0.008700000122189522,1.1494252455212484,0.009449999965727329,1.058201038386239,0.011240000054240227,0.8896796911233233,0.012385000102221965,0.807428316023066,0.014620000012218953,0.6839945121836447,0.11180335982810534,1.7748233150798154,0.0970076668370388,1.5399489703044746,0.1048874681614569,1.6650369384145207,0.09815147335851156,1.5581063359272191,66.66667701470001,50.0,41.6666653731631,-0.0008323745253895846,-0.0008585248727152944,2.6150347325709818e-05,0.010597366113040834,0.0068026341313382095,0.6851601960620022,0.012002604165001913,0.006897395766452744,0.21546615449099238,0.014955604273236866,0.0075243958352435875,-0.3337277612663746,227839.0,466681.05,4.3068043662410735,2.1026309081973653,0.24999991268851285,0.0,-0.23076926383393692,-0.23076926383393692,0.24999991268851277,0.0,-0.23076926383393687,-0.23076926383393687,74.99999417923351,41.66666860692218,49.999992238978614,27.777776915442065,-25.000005820766493,-50.000007761021386,0.0006428570486605167,0.0007619047537446022,40.049743111044336,1.0886310732084967,54.73409048716528,28.22845185811964,0.010331308732741917,0.0,HOLD,0,1
0.009999999776482582,0.009999999776482582,0.009999999776482582,0.009999999776482582,0,0.0,0.0,EMP,2023-11-10 00:00:00+11:00,Energy,0.0,0.0,0.0,0.0,0.008800000138580798,1.1363635930686828,0.008700000122189522,1.1494252455212484,0.009299999941140414,1.0752687999755333,0.011180000044405461,0.8944543592812096,0.01236500009894371,0.8087343062242951,0.01457000001333654,0.6863417822463389,0.11180335982810534,1.7748233150798154,0.0970076668370388,1.5399489703044746,0.1048874681614569,1.6650369384145207,0.09815147335851156,1.5581063359272191,100.0,50.0,36.36363405457212,-0.0006899912288933132,-0.0008248181439508981,0.00013482691505758493,0.010597366113040834,0.0068026341313382095,0.6851601960620022,0.011257441420420938,0.00734255846185989,0.35760958514042523,0.014876440749438766,0.007483559339372156,-0.31922607775531653,227362.8,464758.0,0.0,0.0,0.24999991268851285,0.0,-0.23076926383393692,-0.23076926383393692,0.24999991268851277,0.0,-0.23076926383393687,-0.23076926383393687,74.99999417923351,58.33333139307785,49.999992238978614,38.888884577210334,-25.000005820766493,-50.000007761021386,0.0006428570486605167,0.0007142856983201844,64.42786340742963,38.003497252256956,54.73409048716528,27.76562327458288,0.010131430221741412,0.1000000186264518,BUY,0,0
0.008999999612569809,0.008999999612569809,0.008999999612569809,0.008999999612569809,50000,0.0,0.0,EMP,2023-11-13 00:00:00+11:00,Energy,-0.10000001862645191,-0.1053605363538842,0.0,0.0,0.00899999998509884,0.9999999586078855,0.008600000105798245,1.046511569982642,0.009299999941140414,0.9677418999495373,0.011100000031292438,0.8108107736214021,0.012335000094026327,0.7296310939574606,0.014515000013634562,0.620048198698982,0.1303840159162817,2.0697820863142127,0.10245441674381596,1.6264134445458542,0.08120188995301825,1.2890400408247238,0.0991585216334747,1.5740927316899536,66.66665631863654,42.85714095648435,33.33333074632621,-0.0006503463090571596,-0.0007899237769721505,0.00013957746791499082,0.010286547584139324,0.006913452627457166,0.23717061743498086,0.011257441420420938,0.00734255846185989,-0.15326145468260569,0.014808787236820027,0.007391212825764848,-0.5662229463024411,237362.8,276928.25,0.21064800381525667,0.1805521827404752,0.12499989813659829,-0.10000001862645191,0.0,-0.30769235177858245,0.12499989813659824,-0.10000001862645191,0.0,-0.3076923517785825,49.999988358467014,66.6666589056447,39.999988824128856,46.66665776736202,-50.000011641532986,-60.000011175871144,0.0007142856317971434,0.0007619047537446022,-3.703732831495283,-28.169046896038886,53.90523630789003,27.605409694407214,0.009943544421400937,0.11111113410673124,BUY,0,0
0.009999999776482582,0.009999999776482582,0.008999999612569809,0.008999999612569809,1250000,0.0,0.0,EMP,2023-11-14 00:00:00+11:00,Energy,0.0,0.0,-0.0010000001639127731,-0.10000001862645191,0.009199999831616878,0.9782608453578722,0.008600000105798245,1.046511569982642,0.009299999941140414,0.9677418999495373,0.010980000030249357,0.8196720936043037,0.012305000089108944,0.7314099591543795,0.014460000013932585,0.6224066116112086,0.1303840159162817,2.0697820863142127,0.0970076668370388,1.5399489703044746,0.08120188995301825,1.2890400408247238,0.09656687160313021,1.5329515628963266,66.66665631863654,33.33332815931827,50.0,-0.0006118741204783253,-0.0007543138456733855,0.0001424397251950602,0.010286547584139324,0.006913452627457166,0.23717061743498086,0.011257441420420938,0.00734255846185989,-0.15326145468260569,0.014559761858718812,0.007400238201779901,-0.5531095398394441,456251.6,314278.45,2.7397164196246107,3.977364658633132,0.12499989813659829,0.0,0.0,-0.4000000124176346,0.12499989813659824,0.0,0.0,-0.4000000124176346,66.66665631863654,63.888879618779036,49.999988358467014,46.666656473858154,-33.33334368136346,-50.000011641532986,0.0006428570486605167,0.0006190475874713489,30.17239932308454,4.3478063689685325,64.61125887366225,64.34749531200401,0.007000000216066837,0.22222226821346247,BUY,0,0
0.009999999776482582,0.009999999776482582,0.008999999612569809,0.008999999612569809,922532,0.0,0.0,EMP,2023-11-15 00:00:00+11:00,Energy,0.0,0.0,-0.0010000001639127731,-0.10000001862645191,0.009399999678134919,0.957446800078564,0.008700000029057265,1.034482710633399,0.009249999932944775,0.9729729381419165,0.010900000017136336,0.8256880365523432,0.012275000084191561,0.7331975194167629,0.014395000012591481,0.6252170618060021,0.1303840159162817,2.0697820863142127,0.08834903209410824,1.402497404965647,0.07711057985038562,1.2240925064166515,0.09478636444551244,1.504686888016564,66.66665631863654,39.99999627470893,50.0,-0.0005747591679395991,-0.0007184029101266283,0.00014364374218702922,0.010346544623788765,0.007053455434325765,0.18219948884012144,0.011183090823018566,0.007316909042870985,-0.12932672832854916,0.0144742847180343,0.007325715316238373,-0.5315750041089878,640758.0,331905.05,1.4397510448562483,2.779505765278353,0.12499989813659829,0.12499989813659829,-0.10000001862645191,-0.30769235177858245,0.12499989813659824,0.12499989813659824,-0.10000001862645191,-0.3076923517785825,66.66665631863654,61.11110033191338,49.999988358467014,46.66665518035429,-33.33334368136346,-50.000011641532986,0.0006428570486605167,0.0006190475874713489,36.0605939918924,4.3478063689685325,66.24559232933987,70.7895854568366,0.007060000207275152,0.22222226821346247,BUY,0,0
0.009999999776482582,0.012000000104308128,0.009999999776482582,0.010999999940395355,5921715,0.0,0.0,EMP,2023-11-16 00:00:00+11:00,Energy,0.22222226821346247,0.20067073309134703,0.0010000001639127731,0.10000001862645191,0.009599999710917472,1.145833361628725,0.00899999998509884,1.2222222176230984,0.009299999941140414,1.1827957000015292,0.010820000022649766,1.0166358518825132,0.012265000082552433,0.8968609756508193,0.014340000012889504,0.7670850718624832,0.11873824631979875,1.8849112252447071,0.10955859048958654,1.739188706557273,0.09206530699058074,1.461491440043358,0.09754455175030502,1.548471754083464,79.99999627470962,57.14285904351566,55.55555670533656,-0.00037958635369736773,-0.0006506395988407763,0.00027105324514340855,0.011108184652077182,0.006891815318120496,0.9486834747560857,0.011362190503241476,0.0072378093790393516,0.8243661039370181,0.014193123255043346,0.007446876790256185,0.05336298301140368,1628849.4,627990.8,3.635520263567645,9.429620625015525,0.1000000186264518,0.3749999272404274,0.1000000186264518,-0.266666654249032,0.10000001862645191,0.3749999272404273,0.10000001862645191,-0.2666666542490321,79.99999627470962,71.11110297066091,79.99999627470962,59.999990997214546,-20.00000372529038,-20.00000372529038,0.0008571427980703967,0.0007142856983201844,164.70592532054567,141.63426611838597,87.61524820187988,87.1410375746815,0.007118800198659301,0.0,HOLD,0,1
0.010999999940395355,0.010999999940395355,0.009999999776482582,0.009999999776482582,3496101,0.0,0.0,EMP,2023-11-17 00:00:00+11:00,Energy,-0.09090910630285254,-0.0953101967374628,-0.0010000001639127731,-0.09090910630285255,0.009599999710917472,1.0416666747510643,0.009199999924749135,1.0869565063344564,0.009299999941140414,1.0752687999755333,0.010760000012814998,0.9293680078599195,0.01221500008367002,0.8186655512062888,0.014280000012367964,0.7002800957858224,0.12985675111015907,2.0614120170017496,0.11653967308375002,1.8500099571142223,0.09471367599910016,1.5035329947021967,0.09655264255085413,1.5327256836940386,66.66666149265241,50.0,50.0,-0.00030211950258099765,-0.0005809355795888206,0.00027881607700782295,0.011265590659904954,0.007134409189593316,0.3872983346205309,0.011362190503241476,0.0072378093790393516,0.33944478662969635,0.014081175283650375,0.007438824741979621,-0.22883472697339835,2328069.6,746077.35,1.5017167012532615,4.68597659478605,0.0,0.24999991268851285,0.0,-0.23076926383393692,0.0,0.24999991268851277,0.0,-0.23076926383393687,59.99999254941924,68.88888171425513,59.99999254941924,63.33332572753195,-40.00000745058076,-40.00000745058076,0.0009285713812070233,0.0007619047537446022,104.76192098085987,81.48855520267504,64.84655271221034,65.0721051600463,0.007314048194885254,0.1000000186264518,BUY,0,0
0.009999999776482582,0.009999999776482582,0.008999999612569809,0.008999999612569809,585726,0.0,0.0,EMP,2023-11-20 00:00:00+11:00,Energy,-0.10000001862645191,-0.1053605363538842,-0.0010000001639127731,-0.10000001862645191,0.009599999710917472,0.9374999878734037,0.009299999848008157,0.9677419096407189,0.009249999932944775,0.9729729381419165,0.010679999999701976,0.8426965929607634,0.012145000072196125,0.7410456615124894,0.014210000010207295,0.6333567632726917,0.12985675111015907,2.0614120170017496,0.12331518972057554,1.9575679492643487,0.09753160375276543,1.5482662109946677,0.0975721303372632,1.5489095505790753,40.0,50.0,45.454544684857375,-0.00031775523626257143,-0.0005282995109235708,0.00021054427466099936,0.011197366187908477,0.007402633508107837,-0.15811402844540207,0.011289091191053898,0.007210908674835653,-0.1226037919493584,0.013973531242880234,0.00738646875652372,-0.5100909215942241,2435214.8,775363.65,0.24052334110321605,0.7554210208332567,0.0,0.12499989813659829,-0.10000001862645191,-0.30769235177858245,0.0,0.12499989813659824,-0.10000001862645191,-0.3076923517785825,39.999988824128856,59.999992549419254,39.999988824128856,59.99999254941923,-60.000011175871144,-60.000011175871144,0.0009285713812070233,0.00080952380916902,24.761886921053943,-2.069605992100888e-05,64.50622209310332,62.67035614275572,0.007501486271262169,0.11111113410673124,BUY,0,0
0.009999999776482582,0.009999999776482582,0.009999999776482582,0.009999999776482582,1300000,0.0,0.0,EMP,2023-11-21 00:00:00+11:00,Energy,0.11111113410673124,0.1053605363538842,0.0,0.0,0.009799999743700027,1.0204081671442007,0.009499999787658453,1.0526315789473684,0.009249999932944775,1.0810810647540234,0.01061999998986721,0.9416195655389656,0.012075000060722232,0.8281573272211198,0.014155000010505318,0.7064641306295268,0.13778239636146436,2.1872277348897926,0.12646548075838918,2.0075772691255316,0.1007065407715789,1.5986667736751072,0.09888695217248931,1.5697817001452705,50.0,62.49999563442564,50.0,-0.00024661221981762786,-0.0004719620527023822,0.00022534983288475434,0.011199672872160766,0.007800326703156138,0.29417421113692327,0.011289091191053898,0.007210908674835653,0.36781082776711616,0.01384970917761702,0.007390290802117401,-0.191967814234257,2445214.8,839593.05,0.5316506345373012,1.5483691771864951,0.11111113410673124,0.24999991268851285,0.0,-0.23076926383393692,0.11111113410673122,0.24999991268851277,0.0,-0.23076926383393687,49.999988358467014,49.99998991067171,59.99999254941924,53.333324640989105,-50.000011641532986,-40.00000745058076,0.0008571428645934377,0.0008571428645934377,68.62745549199057,58.333329883990025,71.04276178476383,65.68240293560038,0.007681426824584007,0.1000000186264518,BUY,0,0
0.008999999612569809,0.009999999776482582,0.008999999612569809,0.009999999776482582,2724083,0.0,0.0,EMP,2023-11-22 00:00:00+11:00,Energy,0.0,0.0,0.0010000001639127731,0.11111113410673122,0.009999999776482582,1.0,0.00969999972730875,1.0309278409904725,0.009199999924749135,1.0869565063344564,0.0105799999833107,0.9451795644855356,0.012025000061839819,0.8316008087365105,0.014105000011622905,0.7089684344730457,0.13778239636146436,2.1872277348897926,0.12646548075838918,2.0075772691255316,0.09816698349762804,1.5583525517526324,0.09826681761652278,1.5599373692583611,60.0,62.49999563442564,50.0,-0.00018806299360215814,-0.00041518224088233735,0.0002271192472801792,0.011049897063996849,0.008350102390620652,0.22223915924589194,0.01110290585917787,0.007297093990320401,0.42040956269003,0.013789425038708033,0.007370574927913367,-0.18071779113605524,2805525.0,962845.15,0.9709708521577958,2.829201559565419,0.11111113410673124,0.24999991268851285,-0.09090910630285254,-0.16666669253673794,0.11111113410673122,0.24999991268851277,-0.09090910630285255,-0.16666669253673796,49.999988358467014,46.666655180354304,59.99999254941924,53.333324640989105,-50.000011641532986,-40.00000745058076,0.0009285714477300644,0.0009047619200178555,34.89095842456384,30.98590751177424,59.53206251091415,56.455282725812346,0.007854169755772971,0.1000000186264518,BUY,0,0
0.009999999776482582,0.009999999776482582,0.009999999776482582,0.009999999776482582,400000,0.0,0.0,EMP,2023-11-23 00:00:00+11:00,Energy,0.0,0.0,0.0,0.0,0.009799999743700027,1.0204081671442007,0.00969999972730875,1.0309278409904725,0.009199999924749135,1.0869565063344564,0.010499999970197677,0.9523809337967377,0.011975000062957406,0.8350730458378747,0.014055000012740492,0.7114905562019098,0.0856396660267514,1.359487552016467,0.0998960080943143,1.5857999663139062,0.09583646259071081,1.5213566792829945,0.09532379740243592,1.5132183717189016,60.0,62.49999563442564,45.454544684857375,-0.00014004792470283418,-0.0003601553776464367,0.00022010745294360253,0.011049897063996849,0.008350102390620652,0.22223915924589194,0.01110290585917787,0.007297093990320401,0.42040956269003,0.013557276463887885,0.007442723476507469,-0.16354431623931476,1701182.0,978070.6,0.235130632701263,0.40896843234016034,-0.09090910630285254,0.0,0.0,-0.28571432372745087,-0.09090910630285255,0.0,0.0,-0.28571432372745087,49.999988358467014,49.999988358467014,59.99999254941924,59.99999254941924,-50.000011641532986,-40.00000745058076,0.0009285714477300644,0.00080952380916902,57.14285460864574,62.85714833104014,60.46793599907425,56.76052179040604,0.008020002969714378,0.1000000186264518,BUY,0,0
0.008999999612569809,0.008999999612569809,0.008999999612569809,0.008999999612569809,50000,0.0,0.0,EMP,2023-11-24 00:00:00+11:00,Energy,-0.10000001862645191,-0.1053605363538842,0.0,0.0,0.009599999710917472,0.9374999878734037,0.009599999710917472,0.9374999878734037,0.009149999916553497,0.9836065240052824,0.010459999963641166,0.8604206160471988,0.011935000056400896,0.7540845890271272,0.013995000012218952,0.6430867884753099,0.08770040500556343,1.3922007691461904,0.10523064645746655,1.6704847249740993,0.09862770470938675,1.565666274252908,0.09142206662952149,1.451280315871745,50.0,55.55555095643201,45.454544684857375,-0.0001806053860801335,-0.0003242453793331761,0.00014363999325304262,0.010998411737696787,0.008201587684138157,-0.4290581651600383,0.011016603506714346,0.007283396326392648,-0.0803600211498373,0.01354280296425968,0.007377196963022652,-0.4735950856342205,1011961.8,980570.6,0.04940897966701905,0.050990719077239316,-0.10000001862645191,-0.10000001862645191,-0.10000001862645191,-0.18181821260570508,-0.10000001862645191,-0.10000001862645191,-0.10000001862645191,-0.1818182126057051,24.99998253770052,41.66665308487819,39.999988824128856,53.333324640989105,-75.00001746229948,-60.000011175871144,0.001000000030866691,0.00080952380916902,-56.0000228484479,-23.09281423554053,60.311024311920896,56.91274769818707,0.008179202855098128,0.5555556705336562,BUY,0,0
0.009999999776482582,0.009999999776482582,0.009999999776482582,0.009999999776482582,107010,0.0,0.0,EMP,2023-11-27 00:00:00+11:00,Energy,0.11111113410673124,0.1053605363538842,0.0,0.0,0.009799999743700027,1.0204081671442007,0.00969999972730875,1.0309278409904725,0.009149999916553497,1.092896160402289,0.010419999957084656,0.9596928807742929,0.011895000049844385,0.8406893429658628,0.013940000012516975,0.7173600980992398,0.08902768714203012,1.4132707198624463,0.1053993812483728,1.6731633067396738,0.10176264714635688,1.6154319426292623,0.09187465679567358,1.4584649620245762,40.0,59.999996274709964,50.0,-0.0001305509010228103,-0.00028550648367110294,0.00015495558264829265,0.011049897063996849,0.008350102390620652,0.22223915924589194,0.011016603506714346,0.007283396326392648,0.45537245530307763,0.013473001295818847,0.007366998618350465,-0.1375696025001451,916218.6,985921.1,0.11679527134681615,0.10853809701405112,0.11111113410673124,0.11111113410673124,0.0,-0.16666669253673794,0.11111113410673122,0.11111113410673122,0.0,-0.16666669253673796,49.999988358467014,41.66665308487819,59.99999254941924,53.333324640989105,-50.000011641532986,-40.00000745058076,0.0010000000973897322,0.0008571428645934377,47.86324636308989,67.8350571337345,60.25918644894807,57.156270619362324,0.008332034745066528,0.30000005587935563,BUY,0,0
0.008999999612569809,0.008999999612569809,0.008999999612569809,0.008999999612569809,320000,0.0,0.0,EMP,2023-11-28 00:00:00+11:00,Energy,-0.10000001862645191,-0.1053605363538842,0.0,0.0,0.009599999710917472,0.9374999878734037,0.00969999972730875,0.9278350376888974,0.009149999916553497,0.9836065240052824,0.01035999994724989,0.8687258357524317,0.011815000036731362,0.7617435111798504,0.013880000011995434,0.6484149571175641,0.08770040500556343,1.3922007691461904,0.11158055281076712,1.7712863633303935,0.10176264714635688,1.6154319426292623,0.09296999521601454,1.4758529203946351,40.0,54.54545069701446,46.153845602767724,-0.00016961875741797194,-0.00026232893842047673,9.271018100250479e-05,0.011049897063996849,0.008350102390620652,-0.5185580382404154,0.011016603506714346,0.007283396326392648,-0.0803600211498373,0.013404164801584961,0.007315835092914819,-0.44675646680019965,720218.6,976563.95,0.4443095471291633,0.3276795134614584,-0.10000001862645191,0.0,0.0,-0.2500000388051069,-0.10000001862645191,0.0,0.0,-0.25000003880510696,0.0,24.99999029872252,39.999988824128856,46.66665673255898,-100.0,-60.000011175871144,0.0010714286805263587,0.0009047619200178555,-100.99502487562187,-19.198341484686782,59.27350274462952,56.299890241465164,0.008478753359436191,0.44444453642692494,BUY,0,0
0.009999999776482582,0.009999999776482582,0.009999999776482582,0.009999999776482582,500000,0.0,0.0,EMP,2023-11-29 00:00:00+11:00,Energy,0.11111113410673124,0.1053605363538842,0.0,0.0,0.009599999710917472,1.0416666747510643,0.009799999743700027,1.0204081671442007,0.009249999886378646,1.081081070196376,0.010339999943971634,0.9671179720182419,0.011765000037848949,0.8499787287982814,0.013830000013113021,0.7230657821403474,0.10558481210119251,1.6761069302714313,0.11641564345568539,1.8480410478078453,0.10058620492001412,1.5967565012528337,0.09353765333836991,1.4848642137233843,60.0,50.0,53.84615439723228,-0.00011852240667563699,-0.00023356763207150878,0.00011504522539587179,0.011064911015104179,0.008535088472295876,0.15811388300820423,0.011070930447889787,0.0074290693248675035,0.4118772598783399,0.013380139722775963,0.007299860165167306,-0.11183701810670446,275402.0,954318.1,1.8155278465661107,0.5239343149836517,0.0,0.11111113410673124,0.24999991268851285,-0.09090910630285254,0.0,0.11111113410673122,0.24999991268851277,-0.09090910630285255,33.333333333333336,27.777773897266787,59.99999254941924,53.333324640989105,-66.66666666666667,-40.00000745058076,0.0010000001639127731,0.0009047619200178555,40.00000000000007,68.29268654648537,58.208828737975466,58.81952822183593,0.008619603229231068,0.40000007450580766,BUY,0,0
0.009999999776482582,0.009999999776482582,0.008999999612569809,0.008999999612569809,683404,0.0,0.0,EMP,2023-11-30 00:00:00+11:00,Energy,-0.10000001862645191,-0.1053605363538842,-0.0010000001639127731,-0.10000001862645191,0.009399999678134919,0.957446800078564,0.009599999710917472,0.9374999878734037,0.009299999848008157,0.9677419096407189,0.010299999937415124,0.8737863754617108,0.011705000037327409,0.7689021430045865,0.013775000013411046,0.653357502998737,0.11563034049288269,1.8355747497473365,0.09592735693729326,1.5227995823028277,0.10384213117522657,1.6484427282035814,0.09465447582976494,1.5025932211483932,40.0,45.45454545454546,53.84615053968347,-0.00015691106339561778,-0.0002182363183363306,6.132525494071281e-05,0.01063279543919661,0.008567203982638334,-0.5809475019299255,0.011029008993484116,0.007570990702532197,-0.17350991822299694,0.013357276460946133,0.007242723413884114,-0.4252151595838886,332082.8,972488.3,2.0579325397159987,0.7027375033715059,-0.10000001862645191,-0.18181821260570508,0.12499989813659829,-0.18181821260570508,-0.10000001862645191,-0.1818182126057051,0.12499989813659824,-0.1818182126057051,0.0,11.111111111111121,24.99998253770052,41.666654637082864,-100.0,-75.00001746229948,0.0010714287470493997,0.0008571429089421318,-46.66666666666667,3.1389941818429596,56.122509851373486,59.182618972958664,0.008754819104234151,0.3333334023201937,BUY,0,0
0.008999999612569809,0.008999999612569809,0.008999999612569809,0.008999999612569809,1426602,0.0,0.0,EMP,2023-12-01 00:00:00+11:00,Energy,0.0,0.0,0.0,0.0,0.009399999678134919,0.957446800078564,0.009499999694526196,0.9473684107332675,0.009349999809637665,0.9625668230808851,0.010239999927580356,0.8789062183808481,0.011645000036805868,0.772863854368732,0.013720000013709068,0.6559766474910336,0.10558481210119251,1.6761069302714313,0.09225124073274912,1.464443046696037,0.10384213117522657,1.6484427282035814,0.0937510787213329,1.488252236644117,40.0,50.0,53.84615053968347,-0.0001851994860292694,-0.00021162895187491835,2.6429465845648962e-05,0.010554092420696956,0.008445906968355435,-0.47434164902432663,0.010975454989323272,0.00772454462995206,-0.21532442200931878,0.013278796843782187,0.007201203011378525,-0.40805632926612734,607403.2,1043699.35,2.3486902933669103,1.3668706414351988,0.0,-0.10000001862645191,0.12499989813659829,-0.2500000388051069,0.0,-0.10000001862645191,0.12499989813659824,-0.25000003880510696,0.0,11.111111111111121,24.99998253770052,36.66665254160675,-100.0,-75.00001746229948,0.0010000001639127731,0.0008571429089421318,-93.33333333333334,-37.469612228504474,52.46962172622463,54.894705653307724,0.00888462634423711,0.3333334023201937,BUY,0,0
0.008999999612569809,0.008999999612569809,0.008999999612569809,0.008999999612569809,1003844,0.0,0.0,EMP,2023-12-04 00:00:00+11:00,Energy,0.0,0.0,0.0,0.0,0.009199999645352364,0.9782608651638818,0.009499999694526196,0.9473684107332675,0.009399999771267176,0.9574467905924805,0.01017999991774559,0.884086413093302,0.01159500002861023,0.7761966011524489,0.01366500001400709,0.658616875473436,0.08770040500556343,1.3922007691461904,0.0862335023480046,1.3689144113695477,0.10384213117522657,1.6484427282035814,0.0937510787213329,1.488252236644117,40.0,50.0,53.84615053968347,-0.00020525224466214076,-0.00021035361043236282,5.1013657702220574e-06,0.010554092420696956,0.008445906968355435,-0.47434164902432663,0.010907873724197941,0.00789212581833641,-0.2652742677329961,0.013195335038385677,0.0071646647971055025,-0.39133305518800626,786770.0,1093891.55,1.275905283627998,0.9176814648581936,-0.10000001862645191,0.0,0.12499989813659829,-0.2500000388051069,-0.10000001862645191,0.0,0.12499989813659824,-0.25000003880510696,0.0,0.0,24.99998253770052,24.99998253770052,-100.0,-75.00001746229948,0.0009285715807761465,0.0008571429089421318,-85.71428571428575,-45.57293820653307,49.366238826726295,54.894705653307724,0.012000000104308128,0.44444453642692494,BUY,0,0
0.008999999612569809,0.008999999612569809,0.008999999612569809,0.008999999612569809,0,0.0,0.0,EMP,2023-12-05 00:00:00+11:00,Energy,0.0,0.0,0.0,0.0,0.009199999645352364,0.9782608651638818,0.009399999678134919,0.957446800078564,0.009449999732896685,0.9523809383020015,0.010119999907910824,0.889328033050128,0.01153500002808869,0.7802340347337717,0.013615000015124678,0.661035593284749,0.07470106503646957,1.1858426445489638,0.07752163926960455,1.230617872400595,0.10384213117522657,1.6484427282035814,0.0937510787213329,1.488252236644117,50.0,50.0,53.84615053968347,-0.00021862403852365188,-0.00021200769605062063,-6.6163424730312495e-06,0.010432795406414059,0.00836720394985578,-0.3872983346199509,0.010822665233089784,0.008077334232703586,-0.3278294094690748,0.013106773638355981,0.007133226177465667,-0.37498665664709957,722770.0,1086113.75,0.0,0.0,0.0,-0.10000001862645191,0.12499989813659829,-0.2500000388051069,0.0,-0.10000001862645191,0.12499989813659824,-0.25000003880510696,0.0,0.0,24.99998253770052,24.99998253770052,-100.0,-75.00001746229948,0.0008571429976395198,0.0008571429089421318,-78.78787878787887,-54.901976360065426,49.366238826726295,54.894705653307724,0.011940000094473362,0.3333334023201937,BUY,0,0
0.009999999776482582,0.009999999776482582,0.009999999776482582,0.009999999776482582,50014,0.0,0.0,EMP,2023-12-06 00:00:00+11:00,Energy,0.11111113410673124,0.1053605363538842,0.0,0.0,0.009199999645352364,1.0869565393444727,0.009399999678134919,1.063829799882154,0.009549999702721834,1.0471204280385993,0.010099999904632569,0.9900989971193842,0.011485000029206277,0.8707008925600915,0.01357000001706183,0.7369196583573606,0.07470106503646957,1.1858426445489638,0.0862335023480046,1.3689144113695477,0.10618355892563376,1.6856117414459986,0.09431106072652391,1.4971416753905573,50.0,44.444444444444436,57.142854291869945,-0.000146836980313576,-0.00019897355290321168,5.213657258963569e-05,0.010432795406414059,0.00836720394985578,0.5809475019299246,0.010759610538654797,0.00834038886678887,0.37202053783989664,0.013076095307146079,0.0071239045021190585,-0.03360111643784329,632772.8,1088614.45,0.07903942773772829,0.04594280371714706,0.0,0.0,0.24999991268851285,-0.09090910630285254,0.0,0.0,0.24999991268851277,-0.09090910630285255,50.0,16.666666666666675,49.999988358467014,33.33331781128934,-50.0,-50.000011641532986,0.0007142858313662666,0.0008571429532908258,66.66666666666674,61.40350806963978,20.6676630249831,54.715852553747006,0.011881200084835291,0.1000000186264518,BUY,0,0
0.008999999612569809,0.008999999612569809,0.008999999612569809,0.008999999612569809,38000,0.0,0.0,EMP,2023-12-07 00:00:00+11:00,Energy,-0.10000001862645191,-0.1053605363538842,0.0,0.0,0.009199999645352364,0.9782608651638818,0.00929999966174364,0.9677419290230829,0.009499999694526196,0.9473684107332675,0.010039999894797803,0.8964143134337216,0.011425000028684735,0.7877461347898048,0.013515000017359852,0.6659267185356581,0.07470106503646957,1.1858426445489638,0.09225124073274912,1.464443046696037,0.09375235469603607,1.4882724921145798,0.09452565423899385,1.500548241792337,50.0,44.444444444444436,53.33333043588562,-0.00016869229558575012,-0.0001929173014397194,2.422500585396928e-05,0.010266091603179976,0.008333907720307305,-0.31052950170333377,0.010713953850846246,0.008286045538206145,-0.4118772355226942,0.012980498421520603,0.007099501368075002,-0.35368161989425606,503692.0,1041451.55,0.07544292940924216,0.03648753511385143,0.0,-0.10000001862645191,-0.10000001862645191,-0.2500000388051069,0.0,-0.10000001862645191,-0.10000001862645191,-0.25000003880510696,0.0,16.666666666666675,0.0,24.999990298722505,-100.0,-100.0,0.0007142858313662666,0.0009047620087152435,-71.5053763440861,-80.76923076923067,30.117989376900752,54.62281276274722,0.011823576075389981,0.3333334023201937,BUY,0,0
0.008999999612569809,0.008999999612569809,0.008999999612569809,0.008999999612569809,0,0.0,0.0,EMP,2023-12-08 00:00:00+11:00,Energy,0.0,0.0,0.0,0.0,0.009199999645352364,0.9782608651638818,0.00929999966174364,0.9677419290230829,0.009449999686330557,0.952380942994985,0.00995999988168478,0.9036144296667821,0.011360000027343631,0.7922534851150284,0.013470000019297004,0.6681514179418329,0.07470106503646957,1.1858426445489638,0.0862335023480046,1.3689144113695477,0.09375235469603607,1.4882724921145798,0.09373513676404996,1.4879991659178233,33.33333333333333,50.0,46.15384615384615,-0.00018389298651881082,-0.0001911124384555377,7.219451936726879e-06,0.010266091603179976,0.008333907720307305,-0.31052950170333377,0.01065961052226353,0.008240388850397585,-0.3720205378398941,0.012787272457872697,0.007132727305496862,-0.3395499525586469,218371.6,1041451.55,0.0,0.0,0.0,0.0,-0.10000001862645191,-0.30769235177858245,0.0,0.0,-0.10000001862645191,-0.3076923517785825,0.0,16.666666666666675,0.0,16.666662786155662,-100.0,-100.0,0.0006428572482296399,0.0008095239422151021,-64.61538461538471,-73.45679012345683,32.37986252563442,52.3768229927995,0.011767104546133578,0.44444453642692494,BUY,0,0
0.009999999776482582,0.009999999776482582,0.009999999776482582,0.009999999776482582,400000,0.0,0.0,EMP,2023-12-11 00:00:00+11:00,Energy,0.11111113410673124,0.1053605363538842,0.0,0.0,0.009399999678134919,1.063829799882154,0.00929999966174364,1.0752688322794735,0.009499999694526196,1.0526315892667324,0.009919999875128269,1.0080645062864255,0.011340000024065376,0.8818341935856182,0.013425000021234154,0.7448789393419522,0.08902768714203012,1.4132707198624463,0.0862335023480046,1.3689144113695477,0.09392876501594463,1.4910729191256802,0.09447462710789475,1.4997382111983053,66.66666666666666,50.0,50.0,-0.00011393462033920665,-0.0001756768748322715,6.174225449306485e-05,0.010266091603179976,0.008333907720307305,0.72456883730778,0.010713953850846246,0.008286045538206145,0.4118772355226942,0.01268538369914068,0.007154616051115856,0.028929040757256566,97602.8,1058951.55,4.098243083190236,0.3777321068182959,0.11111113410673124,0.0,0.11111113410673124,-0.16666669253673794,0.11111113410673122,0.0,0.11111113410673122,-0.16666669253673796,100.0,33.33333333333334,33.333333333333336,11.111111111111102,-0.0,-66.66666666666667,0.0006428572482296399,0.0008571429976395198,86.15384615384603,62.6543209876543,22.839909565159275,53.35050509699539,0.011711762447462302,0.30000005587935563,BUY,0,0
0.008999999612569809,0.008999999612569809,0.008999999612569809,0.008999999612569809,378044,0.0,0.0,EMP,2023-12-12 00:00:00+11:00,Energy,-0.10000001862645191,-0.1053605363538842,0.0,0.0,0.009399999678134919,0.957446800078564,0.00929999966174364,0.9677419290230829,0.009499999694526196,0.9473684107332675,0.009839999862015248,0.914634119794245,0.011300000017508865,0.796460141471212,0.013375000022351742,0.6728971661704213,0.10558481210119251,1.6761069302714313,0.0862335023480046,1.3689144113695477,0.09706165602370234,1.5408060220728648,0.09476486639015679,1.5043456169677085,50.0,44.444444444444436,50.0,-0.00013759762720191165,-0.00016806102530619955,3.0463398104287894e-05,0.010266091603179976,0.008333907720307305,-0.31052950170333377,0.010713953850846246,0.008286045538206145,-0.4118772355226942,0.012469813345113472,0.007210186378917022,-0.3194143823674601,173211.6,1015353.75,2.1825559027224504,0.3723273785121688,0.0,0.0,0.0,-0.30769235177858245,0.0,0.0,0.0,-0.3076923517785825,0.0,33.33333333333334,0.0,11.111111111111102,-100.0,-100.0,0.0006428572482296399,0.0008571429976395198,-57.43589743589738,-73.45679012345683,35.656759296339146,52.557370201514146,0.011657527190764452,0.3888889693735593,BUY,0,0
0.008999999612569809,0.008999999612569809,0.008999999612569809,0.008999999612569809,0,0.0,0.0,EMP,2023-12-13 00:00:00+11:00,Energy,0.0,0.0,0.0,0.0,0.009199999645352364,0.9782608651638818,0.009199999645352364,0.9782608651638818,0.009499999694526196,0.9473684107332675,0.009779999852180482,0.9202453730674884,0.011250000009313225,0.799999964899487,0.013330000024288892,0.6751687619032789,0.08770040500556343,1.3922007691461904,0.07752163926960455,1.230617872400595,0.09706165602370234,1.5408060220728648,0.09415987186311178,1.4947416265890112,50.0,44.444444444444436,50.0,-0.00015456895591540488,-0.00016536261142804064,1.0793655512635753e-05,0.010043273826289903,0.008356725464414825,-0.23717082451190197,0.010713953850846246,0.008286045538206145,-0.4118772355226942,0.012344753196297423,0.00721524650806354,-0.304122905775655,163208.8,969227.15,0.0,0.0,-0.10000001862645191,-0.10000001862645191,0.0,-0.2500000388051069,-0.10000001862645191,-0.10000001862645191,0.0,-0.25000003880510696,0.0,33.33333333333334,0.0,11.111111111111102,-100.0,-100.0,0.0006428572482296399,0.0008095239422151021,-51.85185185185188,-69.36936936936935,28.67478501908913,49.59634041068838,0.011604376639200558,0.3333334023201937,BUY,0,0
0.00800000037997961,0.00800000037997961,0.00800000037997961,0.00800000037997961,137117,0.0,0.0,EMP,2023-12-14 00:00:00+11:00,Energy,-0.11111103062644068,-0.11778294511113331,0.0,0.0,0.008999999798834323,0.888888950977062,0.009099999722093344,0.8791209477245245,0.009349999716505408,0.8556150398440477,0.009719999860972167,0.823045318354508,0.011190000008791685,0.7149240727161951,0.013280000030063093,0.6024096658034122,0.09040375043215376,1.4351150473861614,0.0790547735236043,1.254955624175942,0.08562504868552676,1.359255508918211,0.09473402125241569,1.5038559655859975,40.00000745058077,44.44444904356799,46.66666956411438,-0.0002458761299469585,-0.00018146531513182424,-6.441081481513424e-05,0.010235291931525642,0.007964707512661047,-0.9689129661726376,0.010524285580808075,0.008175713852202742,-1.1496343246262926,0.012308514595158773,0.00713148512678556,-0.6644735138171948,183032.2,679997.25,0.7491414079052756,0.20164346252870877,-0.11111103062644068,-0.11111103062644068,-0.2727272342428686,-0.2727272342428686,-0.1111110306264407,-0.1111110306264407,-0.2727272342428686,-0.2727272342428686,0.0,0.0,0.0,0.0,-100.0,-100.0,0.0006428571817065988,0.000809523897866408,-183.8382748847667,-174.52565114641982,28.180222592857646,49.30699467177642,0.011552289098667944,0.6249999563442563,BUY,0,0
0.008999999612569809,0.008999999612569809,0.00800000037997961,0.00800000037997961,210000,0.0,0.0,EMP,2023-12-15 00:00:00+11:00,Energy,0.0,0.0,-0.0009999992325901985,-0.1111110306264407,0.008799999952316284,0.9090909571964142,0.008999999798834323,0.888888950977062,0.00924999974668026,0.8648649296288616,0.009639999866485595,0.8298755695829827,0.011130000008270144,0.7187781108746821,0.013225000035017729,0.6049149609676266,0.09040375043215376,1.4351150473861614,0.0790547735236043,1.254955624175942,0.08362328712741489,1.327478529317332,0.09378516582971017,1.4887933527141943,25.000005820766503,37.50000436557436,38.461541216930435,-0.00031461108247940635,-0.0002080944686013407,-0.00010651661387806564,0.010333332729838026,0.0076666668678306215,-0.749999790451389,0.01052733231962727,0.00797266717373325,-0.9786013393651282,0.012187828099420202,0.007092171633550986,-0.6436852631219256,225032.2,515692.2,0.9331997820756318,0.4072196554456321,-0.11111103062644068,-0.11111103062644068,-0.19999994412064426,-0.33333330746326206,-0.1111110306264407,-0.1111110306264407,-0.19999994412064429,-0.33333330746326206,0.0,0.0,0.0,0.0,-100.0,-100.0,0.0006428571151835578,0.0007142857426688785,-128.33326995165874,-131.24994276246983,29.458859196149135,23.52481255904614,0.01141019754992041,0.49999994179234175,BUY,0,0
0.00800000037997961,0.00800000037997961,0.00800000037997961,0.00800000037997961,0,0.0,0.0,EMP,2023-12-18 00:00:00+11:00,Energy,0.0,0.0,0.0,0.0,0.00840000007301569,0.952380989338197,0.008899999875575304,0.8988764597552855,0.00919999978505075,0.8695652790100016,0.00953999986872077,0.8385744748497928,0.01109000001102686,0.7213706376938827,0.013175000040791928,0.6072106531468932,0.05794844654697178,0.9199030705548417,0.0790547735236043,1.254955624175942,0.08075948044285304,1.2820170075754416,0.09294430410826217,1.475445086702524,33.33334368136346,42.857148559117626,41.666669900425326,-0.00036487794178569066,-0.0002394511632382107,-0.00012542677854747997,0.010375728934901456,0.007424270816249153,-0.6098677056658707,0.01059170425386944,0.007808295316232062,-0.8622516000755015,0.011937617687647506,0.007142382049794033,-0.6423039888110774,145032.2,486405.9,0.0,0.0,-0.19999994412064426,-0.11111103062644068,-0.11111103062644068,-0.38461536808303154,-0.19999994412064429,-0.1111110306264407,-0.1111110306264407,-0.38461536808303154,0.0,0.0,0.0,0.0,-100.0,-100.0,0.0005714285320469312,0.0006666666872444607,-155.55547872927755,-160.41659196683239,31.861666607798156,33.12684403370197,0.011273789663122778,0.3749999272404274,BUY,0,0
0.00800000037997961,0.00800000037997961,0.00800000037997961,0.00800000037997961,649775,0.0,0.0,EMP,2023-12-19 00:00:00+11:00,Energy,0.0,0.0,0.0,0.0,0.00820000022649765,0.9756097754885719,0.008799999952316284,0.9090909571964142,0.009099999815225602,0.8791209387273246,0.009459999874234199,0.8456660133547013,0.011040000012144446,0.7246377147807325,0.013125000046566129,0.60952383631211,0.04969036350615619,0.7888100663621329,0.0790547735236043,1.254955624175942,0.07620592899872605,1.2097316193556473,0.09236991188866292,1.4663268928941038,33.33334368136346,33.33333850734759,45.45454930298554,-0.0004001026555808043,-0.00027158146170672945,-0.00012852119387407487,0.010377620646817924,0.007222379257814644,-0.507092468503266,0.010536369142976848,0.0076636304874743546,-0.7658193571761448,0.01178852738616659,0.007131472362301808,-0.6270054731038883,199378.4,453894.65,3.259003984383464,1.431554657011269,-0.11111103062644068,-0.11111103062644068,-0.19999994412064426,-0.33333330746326206,-0.1111110306264407,-0.1111110306264407,-0.19999994412064429,-0.33333330746326206,0.0,0.0,0.0,0.0,-100.0,-100.0,0.0004999999489103045,0.000619047631820043,-128.50241322240552,-141.551184766996,20.621177288058774,35.30762645464755,0.011142838091797051,0.3749999272404274,BUY,0,0
0.008999999612569809,0.009999999776482582,0.008999999612569809,0.008999999612569809,1346290,0.0,0.0,EMP,2023-12-20 00:00:00+11:00,Energy,0.12499989813659829,0.1177829451111334,0.0,0.0,0.00820000022649765,1.0975608980457128,0.008699999935925008,1.0344827217073886,0.009049999807029963,0.994475116516432,0.009399999864399433,0.9574467811063974,0.011010000007227063,0.8174386563725821,0.013075000047683716,0.6883364879347891,0.08356442953327503,1.3265441939761622,0.08148198621614679,1.2934864311571037,0.08184278418117304,1.2992139212910894,0.09414901962119933,1.494569352589404,33.333322985299986,50.0,45.454544684857375,-0.00034336877284236317,-0.0002859389239338562,-5.7429848908506975e-05,0.01004989641404463,0.007350103457805385,0.22223902462705486,0.010422664914420393,0.007677334699639534,-0.03642563229075556,0.01161313308691389,0.007186866641884976,-0.18073934626274454,468636.4,385005.0,2.8727815423641867,3.496811729717796,0.0,-0.10000001862645191,-0.10000001862645191,-0.2500000388051069,0.0,-0.10000001862645191,-0.10000001862645191,-0.25000003880510696,49.99997671692861,16.66665890564288,49.99997671692861,16.66665890564286,-50.00002328307139,-50.00002328307139,0.0005714284655238901,0.0006666666428957667,60.86957576104088,27.164164343563574,51.554629715162974,34.96725776336332,0.011017124583324354,0.3333334023201937,BUY,0,0
0.00800000037997961,0.010999999940395355,0.00800000037997961,0.009999999776482582,10711920,0.0,0.0,EMP,2023-12-21 00:00:00+11:00,Energy,0.11111113410673124,0.1053605363538842,0.0019999993965029716,0.24999991268851277,0.008600000105798245,1.1627906573792293,0.008799999952316284,1.1363636171214344,0.009049999807029963,1.1049723745534963,0.009339999854564667,1.0706638043035255,0.010990000003948808,0.9099180867051402,0.013035000050440431,0.7671653040112338,0.0648478502867323,1.0294277094950537,0.08219852932689836,1.3048612004053353,0.08567316977095356,1.3600194074673577,0.094738667480875,1.503929722176224,66.66667701470001,57.14285904351566,50.0,-0.00021523402231815245,-0.00027179794361071544,5.6563921292563e-05,0.010377620646817924,0.007222379257814644,0.7606389979217212,0.010422664914420393,0.007677334699639534,0.6920842996138086,0.01130333709092966,0.007376662618199675,0.33616228006751775,2583597.0,900601.0,4.14612650502381,11.89419065712785,0.24999991268851285,0.11111113410673124,0.0,-0.23076926383393692,0.24999991268851277,0.11111113410673122,0.0,-0.23076926383393687,66.66665631863654,38.88887767852173,66.66665631863654,38.88887767852171,-33.33334368136346,-33.33334368136346,0.000785714148410729,0.0007619047093959082,95.89048175040803,71.04480844702398,96.19408319237371,82.86283905411666,0.00800000037997961,0.1000000186264518,BUY,0,0
0.012000000104308128,0.012000000104308128,0.010999999940395355,0.010999999940395355,1644857,0.0,0.0,EMP,2023-12-22 00:00:00+11:00,Energy,0.1000000186264518,0.09531019673746272,-0.0010000001639127731,-0.08333334626836898,0.009200000017881394,1.1956521651103726,0.00899999998509884,1.2222222176230984,0.00914999982342124,1.2021858090356103,0.009299999848008157,1.182795711846307,0.010970000000670553,1.002734725590061,0.013000000054016709,0.846153838052993,0.06200107797163063,0.984236599985158,0.08633730011177064,1.3705621497869653,0.08462581989075266,1.3433932435552485,0.09580403844302497,1.5208419618954947,75.0000116415357,62.500002910383245,53.84615439723228,-3.2618646041834495e-05,-0.00022396208409693926,0.00019134343805510476,0.011108184652077179,0.0068918153181204995,0.9486834747560872,0.010775454936764019,0.007524544710078461,1.1381428510625282,0.011026148983170364,0.007573850712845949,0.9848512262107922,2870568.4,980343.85,0.573007422502108,1.6778368120532403,0.3749999272404274,0.22222226821346247,0.22222226821346247,-0.15384617588929128,0.3749999272404273,0.22222226821346244,0.22222226821346244,-0.15384617588929125,74.99999417923351,63.88887573826623,74.99999417923351,63.888875738266215,-25.000005820766493,-25.000005820766493,0.0009285713146839823,0.0008571428202447437,218.09047300387743,244.18607036973867,96.68054332025166,84.30104892063183,0.008060000371187925,-0.09090910630285254,SELL,0,2
0.010999999940395355,0.010999999940395355,0.009999999776482582,0.009999999776482582,2079200,0.0,0.0,EMP,2023-12-27 00:00:00+11:00,Energy,-0.09090910630285254,-0.0953101967374628,-0.0010000001639127731,-0.09090910630285255,0.009599999897181988,1.0416666545400706,0.00899999998509884,1.111111088115492,0.00914999982342124,1.0928961715262113,0.009319999851286412,1.0729613665285962,0.010949999997392297,0.9132419889373558,0.012960000056773424,0.7716049176447476,0.09248017255990242,1.4680772267870483,0.08721911992762661,1.3845606053905073,0.08441456439794212,1.34003966657281,0.08593348716707441,1.3641518180198358,74.99999417923351,55.55555670533655,53.84615439723228,3.1055708575254345e-05,-0.00017295852556250052,0.00020401423413775487,0.011108184652077179,0.0068918153181204995,0.47434164902500786,0.010775454936764019,0.007524544710078461,0.522930437195095,0.011055111151677038,0.007584888550895784,0.3919056518409403,3286408.4,1078953.35,0.6326663478586533,1.9270527312418093,0.24999991268851285,0.0,0.0,0.11111113410673124,0.24999991268851277,0.0,0.0,0.11111113410673122,49.999988358467014,63.888879618779036,49.999988358467014,63.888879618779015,-50.000011641532986,-50.000011641532986,0.000999999897820609,0.0008571428202447437,97.0501476117546,112.52955388795388,84.2669846447166,75.23057883590378,0.008217600360512733,0.0,HOLD,0,1
0.009999999776482582,0.010999999940395355,0.009999999776482582,0.010999999940395355,892096,0.0,0.0,EMP,2023-12-28 00:00:00+11:00,Energy,0.1000000186264518,0.09531019673746272,0.0010000001639127731,0.10000001862645191,0.010199999809265137,1.0784313868715507,0.009200000017881394,1.1956521651103726,0.009249999839812516,1.1891892033393061,0.009359999857842922,1.1752136866944762,0.01093999999575317,1.0054844556366982,0.012935000052675606,0.8504058674603565,0.09000312860880985,1.4287553731000417,0.08373299918449295,1.3292201542304551,0.08336415648291837,1.32336495786285,0.08695805321834038,1.3804162998602911,79.99999627470962,55.55555670533655,53.84615439723228,0.0001603612050850977,-0.00010629457943298087,0.00026665578451807857,0.011658544801351802,0.006741455234410986,0.7321403842695658,0.011070930535916857,0.0074290691437081755,0.9610470647382408,0.011156140564651154,0.00756385915103469,0.9130688238043089,3334872.6,1107558.15,0.26750527141576563,0.8054619976386793,0.3749999272404274,0.22222226821346247,0.22222226821346247,0.22222226821346247,0.3749999272404273,0.22222226821346244,0.22222226821346244,0.22222226821346244,74.99999417923351,66.6666589056447,74.99999417923351,66.66665890564467,-25.000005820766493,-25.000005820766493,0.000999999897820609,0.0008571428202447437,113.77410852739546,136.24161793260768,85.07131477105017,76.25630460812133,0.008368896350264549,0.0,HOLD,0,1
0.010999999940395355,0.010999999940395355,0.010999999940395355,0.010999999940395355,0,0.0,0.0,EMP,2023-12-29 00:00:00+11:00,Energy,0.0,0.0,0.0,0.0,0.010599999874830245,1.0377358556875942,0.009400000050663947,1.170212753309336,0.009299999848008157,1.182795711846307,0.009379999861121178,1.1727079001342908,0.010929999994114042,1.0064043866714556,0.01290500004775822,0.852382789592179,0.0879095661614742,1.3955210995610385,0.08373299918449295,1.3292201542304551,0.08014804797842166,1.272310818109061,0.08566903139079142,1.3599537127189198,79.99999627470962,62.500002910383245,58.3333346268369,0.0002598414521502463,-3.3067373116335416e-05,0.0002929088252665817,0.012099793865469215,0.006700206235858681,0.5926378084716126,0.0112574415877187,0.007342558108297612,0.8684805569940413,0.011226783894147748,0.007533215828094607,0.8772006094395715,3065614.6,1082558.15,0.0,0.0,0.22222226821346247,0.22222226821346247,0.1000000186264518,0.1000000186264518,0.22222226821346244,0.22222226821346244,0.10000001862645191,0.10000001862645191,74.99999417923351,66.6666589056447,74.99999417923351,66.66665890564467,-25.000005820766493,-25.000005820766493,0.0009285713146839823,0.0008095237648203259,113.28502742950899,142.51497431426353,85.23661840995346,77.34857502575669,0.008514140500426292,0.0,HOLD,0,1
0.010999999940395355,0.010999999940395355,0.010999999940395355,0.010999999940395355,25909,0.0,0.0,EMP,2024-01-02 00:00:00+11:00,Energy,0.0,0.0,0.0,0.0,0.0107999999076128,1.0185185217123545,0.009700000006705522,1.134020611627954,0.009399999864399433,1.1702127764975394,0.009399999864399433,1.1702127764975394,0.010919999992474914,1.0073260025618653,0.012872500047087669,0.8545348533818062,0.08044300282848553,1.276993081196629,0.0701733505737774,1.1139674056942002,0.07608421464630477,1.2077994639106835,0.08566903139079142,1.3599537127189198,79.99999627470962,62.500002910383245,54.54545531514263,0.0003348206605101184,4.051023360895537e-05,0.000294310426901163,0.012374986675707531,0.007025013337703513,0.4859837055467798,0.011492593137828522,0.007307406590970345,0.7646015574608229,0.011295213779353967,0.0075047859494448985,0.8442319167091519,928412.4,1049683.4,0.02790677935796635,0.02468268051109506,0.1000000186264518,0.3749999272404274,0.22222226821346247,0.1000000186264518,0.10000001862645191,0.3749999272404273,0.22222226821346244,0.10000001862645191,74.99999417923351,74.99999417923351,74.99999417923351,74.99999417923351,-25.000005820766493,-25.000005820766493,0.0009285713146839823,0.0007619047093959082,94.57364656730945,128.3333354460557,85.23661840995346,76.77092628093638,0.008653574884581565,0.0,HOLD,0,1
0.010999999940395355,0.010999999940395355,0.010999999940395355,0.010999999940395355,447,0.0,0.0,EMP,2024-01-03 00:00:00+11:00,Energy,0.0,0.0,0.0,0.0,0.0107999999076128,1.0185185217123545,0.009999999962747096,1.099999998137355,0.00949999988079071,1.1578947450975965,0.009419999867677688,1.1677282478675006,0.010909999990835785,1.0082493079408954,0.012852500048466027,0.8558646099136353,0.06754246885608137,1.0722034531710993,0.0701733505737774,1.1139674056942002,0.07608421464630477,1.2077994639106835,0.08566903139079142,1.3599537127189198,75.0,57.14285904351566,60.00000186264519,0.00038974943446146854,0.00011035807377945804,0.0002793913606820105,0.012494437965717118,0.007505561959777075,0.4008918948707489,0.011700478123745667,0.007299521637835753,0.6816700253261035,0.011361595859391671,0.007478403875963706,0.8137635633059226,599530.4,978375.65,0.0007455835433866239,0.00045687972712730535,0.0,0.3749999272404274,0.22222226821346247,0.1000000186264518,0.0,0.3749999272404273,0.22222226821346244,0.10000001862645191,74.99999417923351,74.99999417923351,74.99999417923351,74.99999417923351,-25.000005820766493,-25.000005820766493,0.0008571427315473557,0.0007142856539714904,84.05797183607538,110.77441271446818,84.89329540887637,79.35243039539216,0.008787431893370628,0.0,HOLD,0,1
0.010999999940395355,0.010999999940395355,0.009999999776482582,0.009999999776482582,1500000,0.0,0.0,EMP,2024-01-04 00:00:00+11:00,Energy,-0.09090910630285254,-0.0953101967374628,-0.0010000001639127731,-0.09090910630285255,0.0107999999076128,0.9259259131505819,0.010199999902397394,0.9803921443305305,0.00954999988898635,1.047120407615418,0.009419999867677688,1.0615711164492703,0.01088999998755753,0.9182736260705394,0.012827500049024821,0.7795751111490198,0.06754246885608137,1.0722034531710993,0.08030020867430855,1.2747262942728723,0.07952778694793707,1.2624644795014197,0.08674347613967233,1.3770099943370286,50.0,57.14285904351566,54.54545531514263,0.0003485711168239123,0.0001580006823883489,0.0001905704344355634,0.012265590918097377,0.008134408886697411,-0.09682464940768365,0.01174808498744152,0.007351914790531179,0.20472359683093946,0.011361595859391671,0.007478403875963706,0.2987232726479247,483690.4,1003183.45,3.1011572691953364,1.4952399782911092,0.0,0.24999991268851285,0.11111113410673124,0.0,0.0,0.24999991268851277,0.11111113410673122,0.0,49.999988358467014,66.6666589056447,49.999988358467014,66.66665890564467,-50.000011641532986,-50.000011641532986,0.0008571427315473557,0.0007619047093959082,37.681152378152674,55.445540080893416,79.3148769571562,78.2548166450163,0.008915934621808128,0.1000000186264518,BUY,0,0
0.010999999940395355,0.010999999940395355,0.010999999940395355,0.010999999940395355,227273,0.0,0.0,EMP,2024-01-05 00:00:00+11:00,Energy,0.1000000186264518,0.09531019673746272,0.0,0.0,0.0107999999076128,1.0185185217123545,0.010499999858438969,1.047619056066418,0.009649999905377626,1.1398963780575189,0.009439999870955944,1.165254246903018,0.010859999982640147,1.01289134051372,0.012807500050403178,0.8588717467972274,0.06754246885608137,1.0722034531710993,0.08296401956797217,1.3170129812589044,0.08208297204612812,1.3030267854427298,0.08780602279197694,1.3938773995274418,50.0,62.500002910383245,58.3333346268369,0.00039210867457870925,0.000204822280826421,0.00018728639375228826,0.011914213652621273,0.009085786064256664,0.35355339059288793,0.011923415872349998,0.007376583938405256,0.5938200728024252,0.011426073610636677,0.007453926131275211,0.7854693601105598,350725.8,1014547.1,0.6480076458589588,0.22401424241417672,0.0,0.3749999272404274,0.22222226821346247,0.1000000186264518,0.0,0.3749999272404273,0.22222226821346244,0.10000001862645191,74.99999417923351,66.6666589056447,74.99999417923351,66.66665890564467,-25.000005820766493,-25.000005820766493,0.0009285713146839823,0.0008095237648203259,68.2926856415712,93.33333623078136,79.59200419905906,78.53381903434851,0.009039297241108128,0.0,HOLD,0,1
0.009999999776482582,0.010999999940395355,0.009999999776482582,0.010999999940395355,77480,0.0,0.0,EMP,2024-01-08 00:00:00+11:00,Energy,0.0,0.0,0.0010000001639127731,0.10000001862645191,0.0107999999076128,1.0185185217123545,0.010699999891221524,1.0280373880582894,0.009699999913573265,1.134020622515985,0.009439999870955944,1.165254246903018,0.010819999985396862,1.0166358553827568,0.012772500053979457,0.8612252803998341,0.06754246885608137,1.0722034531710993,0.07718455485129053,1.2252668231504324,0.07880710566293525,1.2510240187735,0.08674347613967233,1.3770099943370286,66.66666666666666,71.4285676272549,58.3333346268369,0.00042175082182729917,0.0002482079890265967,0.00017354283280070248,0.011666091832657861,0.009733907949785186,0.31052950170333293,0.012048571525295294,0.007351428301851235,0.5535279487896471,0.011426073610636677,0.007453926131275211,0.7854693601105598,366221.8,1015920.4,0.2115657778974381,0.07626581767626676,0.0,0.22222226821346247,0.1000000186264518,0.0,0.0,0.22222226821346244,0.10000001862645191,0.0,74.99999417923351,66.6666589056447,74.99999417923351,66.66665890564467,-25.000005820766493,-25.000005820766493,0.0009285713812070233,0.0008571428202447437,41.83907785516739,63.636363636363626,79.70754078517136,78.20212230329749,0.009157725355636128,0.09090910630285265,BUY,0,0
0.010999999940395355,0.010999999940395355,0.010999999940395355,0.010999999940395355,0,0.0,0.0,EMP,2024-01-09 00:00:00+11:00,Energy,0.0,0.0,0.0,0.0,0.0107999999076128,1.0185185217123545,0.0107999999076128,1.0185185217123545,0.009799999929964543,1.122448981531284,0.009459999874234199,1.1627907068324164,0.010809999983757734,1.0175763142389547,0.012737500057555735,0.8635917480424492,0.06754246885608137,1.0722034531710993,0.07081450540789502,1.1241454231519727,0.07467744834673981,1.1854677412220707,0.08566903139079142,1.3599537127189198,50.0,71.4285676272549,54.54545531514263,0.0004401684491949706,0.0002866000810602715,0.00015356836813469913,0.011643274088550343,0.009956725726675258,0.23717082451190116,0.01219297189873844,0.007407027961190646,0.5014684777296677,0.011488772285488384,0.007431227462980014,0.75907975562874,361040.0,1014020.4,0.0,0.0,0.0,0.1000000186264518,0.22222226821346247,0.1000000186264518,0.0,0.10000001862645191,0.22222226821346244,0.10000001862645191,74.99999417923351,74.99999417923351,74.99999417923351,74.99999417923351,-25.000005820766493,-25.000005820766493,0.0008571428645934377,0.0008095237648203259,59.73333674073251,79.64072150821663,79.51515128388891,78.14626455760397,0.009271416345583008,0.09090910630285265,BUY,0,0
0.008999999612569809,0.01600000075995922,0.008999999612569809,0.014000000432133675,13045765,0.0,0.0,EMP,2024-01-10 00:00:00+11:00,Energy,0.2727273189085577,0.24116209310218276,0.005000000819563866,0.5555556705336562,0.011400000005960465,1.2280702127029652,0.011099999956786632,1.2612613051024346,0.010049999970942736,1.3930348728966624,0.009539999887347222,1.467505303716166,0.010819999985396862,1.2939002265276043,0.012717500063590705,1.1008453203955293,0.1385282973999896,2.199068546793408,0.10669078694305957,1.6936637365986766,0.0945024705233155,1.5001802117154288,0.09363178704623724,1.4863585400094166,80.0,79.99999813735498,69.23077198616141,0.0006888983281066602,0.00036705973046954925,0.00032183859763711093,0.013301010186790477,0.008898989726782786,1.3175770088728647,0.013057009284511032,0.00704299065737444,1.313597681047297,0.011937617657441927,0.007142382117252518,1.8601799671389174,2970103.6,1666308.65,4.392360253022824,7.829140777730465,0.2727273189085577,0.2727273189085577,0.5555556705336562,0.40000007450580766,0.27272731890855767,0.27272731890855767,0.5555556705336562,0.40000007450580766,74.9999970896171,74.99999514936138,74.9999970896171,74.99999514936137,-25.000002910382907,-25.000002910382907,0.0013571429465498244,0.0010952380973668326,211.36026314470266,183.19561535169998,89.3241421104012,88.3897638938713,0.012000000104308128,0.0,HOLD,0,1
0.014000000432133675,0.014000000432133675,0.013000000268220901,0.013000000268220901,1199087,0.0,0.0,EMP,2024-01-11 00:00:00+11:00,Energy,-0.07142858093186266,-0.07410798238803556,-0.0010000001639127731,-0.07142858093186272,0.012000000104308128,1.083333346268369,0.011400000005960465,1.1403509001249017,0.010199999995529651,1.2745098307763143,0.009599999897181988,1.3541667091097531,0.01082999998703599,1.2003693706170362,0.012692500068806113,1.0242269212328405,0.13353468485019163,2.1197974050899484,0.10440973297261193,1.657453127401151,0.09470012382536533,1.5033178606136364,0.09434265450474079,1.49764321107139,66.66666666666666,72.72727041820868,64.28571618637255,0.0007961493788152928,0.000452877660138698,0.0003432717186765948,0.013747575972313552,0.009052424039607378,0.6815542010962079,0.013483130734816367,0.006916869256242936,0.8528445849523407,0.012187252747714154,0.0070127470466498235,1.3141353271055733,2909921.0,1706263.0,0.4120685750575359,0.7027562573882221,0.30000005587935563,0.30000005587935563,0.30000005587935563,0.30000005587935563,0.30000005587935574,0.30000005587935574,0.30000005587935574,0.30000005587935574,62.49999563442564,70.83332896775876,62.49999563442564,70.83332896775873,-37.50000436557436,-37.50000436557436,0.001428571529686451,0.0011428571527912503,226.47059437607845,177.69232821446926,89.78524317904991,88.87771117092423,0.008999999612569809,0.07692308794464564,BUY,0,0
0.014000000432133675,0.014000000432133675,0.013000000268220901,0.013000000268220901,400000,0.0,0.0,EMP,2024-01-12 00:00:00+11:00,Energy,0.0,0.0,-0.0010000001639127731,-0.07142858093186272,0.012400000169873238,1.0483871040425798,0.011600000038743018,1.1206896745518966,0.010400000028312206,1.2500000223875618,0.00967999991029501,1.3429752467657523,0.01082999998703599,1.2003693706170362,0.012667500074021518,1.026248288317067,0.1335833038508066,2.120569207797667,0.10182791665447477,1.616468063949315,0.09074236096676846,1.440490322981544,0.09302680431669366,1.4767547369102483,66.66666666666666,70.0,61.53846319169684,0.0008711050524039341,0.0005365231385917453,0.0003345819138121888,0.014129822581548743,0.009070177495937293,0.5533985905292783,0.013858018954294355,0.0069419811023300575,0.7518756535348463,0.0124335504813602,0.006926449339229819,1.2057161371260288,2944466.4,1707360.8,0.13584804363873876,0.2342797140475522,0.18181821260570508,0.18181821260570508,0.44444453642692494,0.44444453642692494,0.1818182126057051,0.1818182126057051,0.4444445364269249,0.4444445364269249,62.49999563442564,66.66666278615612,62.49999563442564,66.66666278615611,-37.50000436557436,-37.50000436557436,0.0013571430130728654,0.0011428571527912503,162.4000006814795,154.82354260006557,89.42631662834994,88.75951939242573,0.009099999628961086,0.0,HOLD,0,1
0.014000000432133675,0.014000000432133675,0.013000000268220901,0.014000000432133675,194946,0.0,0.0,EMP,2024-01-15 00:00:00+11:00,Energy,0.07692308794464564,0.07410798238803563,0.0,0.0,0.013000000268220901,1.0769230879446456,0.011900000087916852,1.1764706158573177,0.0106500000692904,1.314554022633587,0.00979999991133809,1.4285714855911786,0.01082999998703599,1.2927054892790695,0.012647500080056488,1.1069381572260204,0.13220998187365476,2.0987683972682873,0.10296115906831788,1.6344577295623914,0.09137878565621269,1.4505932517204896,0.0917650865359276,1.4567255880743164,83.33333333333333,70.0,69.23077198616141,0.0009996759772381725,0.0006291537063210308,0.0003705222709171418,0.014798275912219841,0.009001724263613863,0.724568837309284,0.01439306388816489,0.006906936250415909,0.8949888446867553,0.012769229939066016,0.006830769883610165,1.4145083006618564,2967959.6,1717108.1,0.06568350862996922,0.11353158254858851,0.2727273189085577,0.2727273189085577,0.5555556705336562,0.7499999708961709,0.27272731890855767,0.27272731890855767,0.5555556705336562,0.7499999708961709,71.42857142857143,65.47618756580758,74.9999970896171,66.66666278615611,-28.571428571428573,-25.000002910382907,0.001214285913322653,0.0011428571527912503,138.4444444444445,153.19866747747542,85.27106810500219,89.64310490574239,0.009197999645024537,-0.07142858093186266,SELL,0,2
0.012000000104308128,0.012000000104308128,0.012000000104308128,0.012000000104308128,340496,0.0,0.0,EMP,2024-01-16 00:00:00+11:00,Energy,-0.14285716186372543,-0.15415070200160488,0.0,0.0,0.013200000301003456,0.9090908962627747,0.012000000104308128,1.0,0.010850000055506825,1.1059907873657226,0.00987999990582466,1.2145749209201553,0.010809999983757734,1.1100832675613688,0.012592500080354513,0.9529481856449824,0.15979897086073633,2.5367300199693927,0.11642130903986388,1.8481309861684545,0.09412168455184373,1.4941354218158904,0.09443210655016772,1.4990632182701842,57.142857142857146,54.54545454545455,60.00000124176339,0.0009294716787804722,0.0006892173008129192,0.00024025437796755306,0.014828427692670423,0.009171572515945834,0.0,0.01442034587170074,0.007279654239312911,0.3220976644854068,0.01286677357721576,0.006893226234433562,0.7097960648273932,3036058.8,1727277.05,0.11215066058667902,0.19712876981721028,0.09090910630285265,0.09090910630285265,0.49999994179234175,0.49999994179234175,0.09090910630285255,0.09090910630285255,0.49999994179234186,0.49999994179234186,42.857142857142854,58.928569973379986,49.999994179234186,62.49999563442563,-57.142857142857146,-50.000005820765814,0.001214285913322653,0.001238095263640086,25.674217907227565,65.17241401015369,82.69844880687344,88.67861485604855,0.00929403966076672,0.0,HOLD,0,1
0.013000000268220901,0.013000000268220901,0.012000000104308128,0.012000000104308128,350000,0.0,0.0,EMP,2024-01-17 00:00:00+11:00,Energy,0.0,0.0,-0.0010000001639127731,-0.07692308794464563,0.012800000235438347,0.9374999909050532,0.012100000120699405,0.991735535917871,0.01105000004172325,1.0859728560179014,0.009959999900311232,1.2048192996400682,0.010789999980479479,1.1121408828561352,0.012562500084750355,0.9552238824559256,0.08314696708103375,1.3199171829941365,0.11642130903986388,1.8481309861684545,0.09412168455184373,1.4941354218158904,0.09443210655016772,1.4990632182701842,57.142857142857146,60.0,64.28571190989163,0.0008638760411993057,0.0007241490488901966,0.00013972699230910908,0.014840641208738802,0.009359359032660008,-0.03648781915577816,0.014388767731069908,0.007711232352376593,0.2845361375743927,0.012955506882428115,0.0069644929181943505,0.6810200130314025,496905.8,1734277.05,0.7043588543341616,0.2018131993385947,-0.14285716186372543,0.09090910630285265,0.49999994179234175,0.49999994179234175,-0.14285716186372543,0.09090910630285255,0.49999994179234186,0.49999994179234186,42.857142857142854,52.38095238095239,49.999994179234186,58.33332848269515,-57.142857142857146,-50.000005820765814,0.001214285913322653,0.00123809530798878,38.377192982456194,76.34804143623792,90.92748943121774,89.06021299792832,0.009388158876194059,0.2499999611948931,BUY,0,0
0.014000000432133675,0.014000000432133675,0.013000000268220901,0.013000000268220901,138039,0.0,0.0,EMP,2024-01-18 00:00:00+11:00,Energy,0.08333334626836897,0.08004271961356925,-0.0010000001639127731,-0.07142858093186272,0.012800000235438347,1.0156250022737368,0.012400000169873238,1.0483871040425798,0.011300000036135316,1.1504424979335661,0.010059999898076058,1.2922465606294,0.010799999982118606,1.203703730531926,0.01255250008776784,1.0356502829973402,0.09111699871501087,1.446437512863064,0.11185067911552937,1.77557448548026,0.09482273841645117,1.5052643069043625,0.09494444006158831,1.5071962606274443,62.50000000000001,60.0,66.66666459706116,0.0008824107992903025,0.0007558013989702178,0.00012660940032008466,0.014747576136226324,0.010052424203520153,0.2555828254110779,0.014418704524215127,0.008181295548055505,0.5450982093953626,0.013121545654362065,0.006998454141790051,0.9602993403278053,284696.2,1741179.0,0.4848642166632361,0.07927904023652939,0.0,0.30000005587935563,0.6249999563442563,0.6249999563442563,0.0,0.30000005587935574,0.6249999563442564,0.6249999563442564,57.142857142857146,47.61904761904763,62.49999563442564,54.166661330964665,-42.857142857142854,-37.50000436557436,0.0012857144964592798,0.0012857144077618916,87.40740740740738,116.52491070931575,90.60706726718529,89.06279806560619,0.009480395707312851,0.07692308794464564,BUY,0,0
0.012000000104308128,0.012000000104308128,0.012000000104308128,0.012000000104308128,71785,0.0,0.0,EMP,2024-01-19 00:00:00+11:00,Energy,-0.07692308794464564,-0.08004271961356928,0.0,0.0,0.012600000202655792,0.9523809453414773,0.012500000186264515,0.9599999940395356,0.011500000022351742,1.0434782679117018,0.010139999892562628,1.1834319754884566,0.010779999978840351,1.1131725536050527,0.012532500084489584,0.9575104746386169,0.09807945922734765,1.5569631470355667,0.11385134460011556,1.8073340654533336,0.0975663361139784,1.5488175701359612,0.09579492360776176,1.520697268371408,33.33333333333333,54.54545454545455,62.49999781721295,0.0008071042770347644,0.0007660619745831273,4.104230245163712e-05,0.014660247439826869,0.010339752932702161,-0.23145502494302989,0.014214484037445045,0.008785516007258439,0.184197099403144,0.013190861496500488,0.007089138288624768,0.6096639091542957,219053.2,1712279.5,0.32770578106140424,0.041923646227149246,-0.07692308794464564,0.09090910630285265,0.49999994179234175,0.49999994179234175,-0.07692308794464563,0.09090910630285255,0.49999994179234186,0.49999994179234186,42.857142857142854,47.61904761904763,49.999994179234186,54.166661330964665,-57.142857142857146,-50.000005820765814,0.0013571430795959064,0.0013333334631863095,0.0,37.32119441424616,90.24932853191135,88.86297105053976,0.009570787801809267,0.2499999611948931,BUY,0,0
0.012000000104308128,0.012000000104308128,0.010999999940395355,0.010999999940395355,950000,0.0,0.0,EMP,2024-01-22 00:00:00+11:00,Energy,-0.08333334626836897,-0.08701139110057783,-0.0010000001639127731,-0.08333334626836898,0.012000000104308128,0.916666653731631,0.012500000186264515,0.8799999821186069,0.011600000038743018,0.948275853763473,0.010199999883770943,1.0784313789941586,0.010749999973922968,1.0232558108910539,0.012502500079572201,0.8798240248259005,0.08739787141873075,1.3873981973421683,0.11797931819006759,1.872863614679267,0.09742708078066917,1.5466069602519075,0.09673601901042063,1.5356366947439373,33.33333333333333,50.0,58.82352715596633,0.0006591335781231701,0.0007446762952911359,-8.554271716796583e-05,0.014660247439826869,0.010339752932702161,-0.6943650748290897,0.014062348487359433,0.009137651590126604,-0.24366985862005086,0.013196596860742642,0.007203402906799244,0.266969520016294,370064.0,1692465.0,2.5671235245795323,0.5613114599120218,-0.2142857427955881,0.0,0.22222226821346247,0.3749999272404274,-0.21428574279558815,0.0,0.22222226821346244,0.3749999272404273,28.571428571428573,42.85714285714287,37.499992724042734,49.99999417923417,-71.42857142857143,-62.500007275957266,0.0014285716627325331,0.0013809525186107272,-46.990740740740726,-11.175617903034153,86.00514050106298,86.43896479683792,0.009659372054415756,0.36363634054572125,BUY,0,0
0.012000000104308128,0.012000000104308128,0.012000000104308128,0.012000000104308128,50000,0.0,0.0,EMP,2024-01-23 00:00:00+11:00,Energy,0.09090910630285265,0.08701139110057793,0.0,0.0,0.012000000104308128,1.0,0.012600000202655792,0.9523809453414773,0.011700000055134297,1.0256410297230882,0.010239999890327454,1.1718750227373678,0.01073999997228384,1.1173184483497118,0.012482500076293946,0.9613458867184664,0.08371290003098016,1.3289010900599085,0.12094421140076292,1.919929835275449,0.0964715237107299,1.5314379620283742,0.09116256931754406,1.4471609237514529,42.857142857142854,53.846153846153854,58.82352941176471,0.0006154627179419028,0.0007188335798212894,-0.00010337086187938663,0.014532184085525077,0.010667816319786506,-0.310529501703878,0.014048572234546641,0.009351427875721952,0.1277372063774072,0.013278796918612445,0.007201202862042462,0.57917662732939,311964.8,1159369.0,0.16027449250684694,0.04312690782658498,0.0,0.09090910630285265,0.20000003725290383,0.20000003725290383,0.0,0.09090910630285255,0.20000003725290383,0.20000003725290383,42.857142857142854,38.09523809523811,49.999994179234186,45.83332702750369,-57.142857142857146,-50.000005820765814,0.0015000002458691597,0.0013333335075350035,-6.913580246913633,24.845678327667194,86.04172124142171,86.0150095137208,0.009746184621970114,0.2499999611948931,BUY,0,0
0.013000000268220901,0.013000000268220901,0.013000000268220901,0.013000000268220901,100035,0.0,0.0,EMP,2024-01-24 00:00:00+11:00,Energy,0.08333334626836897,0.08004271961356925,0.0,0.0,0.012200000137090683,1.0655737805033332,0.012500000186264515,1.0400000059604644,0.011800000071525573,1.1016949313069102,0.01029999990016222,1.2621359606048306,0.01073999997228384,1.210428333498075,0.01246250007301569,1.0431294035752128,0.09099554264126147,1.4445094574649084,0.08581763137155281,1.3623126642824614,0.09575318725656541,1.5200347243360273,0.09178068078378857,1.4569731390846556,42.857142857142854,61.53846153846153,58.82352941176471,0.0006540059292465834,0.0007058680497063483,-5.186212045976495e-05,0.014199673636061533,0.010800326736467497,0.2941742027070544,0.014192972630230543,0.009407027512820604,0.501468431942548,0.013436357105537764,0.007163642694786676,0.8608714477518791,261971.8,1082127.9,0.38185407742360056,0.09244286188351673,0.08333334626836897,-0.07142858093186266,0.18181821260570508,0.30000005587935563,0.08333334626836898,-0.07142858093186272,0.1818182126057051,0.30000005587935574,57.142857142857146,42.85714285714287,57.142857142857146,48.214281348711346,-42.857142857142854,-42.857142857142854,0.0015000002458691597,0.0012380954410348619,55.55555555555552,83.91167192429023,92.31907932353518,80.91696397728623,0.009831260938173386,0.07692308794464564,BUY,0,0
0.013000000268220901,0.013000000268220901,0.013000000268220901,0.013000000268220901,0,0.0,0.0,EMP,2024-01-25 00:00:00+11:00,Energy,0.0,0.0,0.0,0.0,0.012200000137090683,1.0655737805033332,0.012500000186264515,1.0400000059604644,0.01195000009611249,1.0878661224822912,0.010379999913275241,1.252408514146024,0.01073999997228384,1.210428333498075,0.012442500069737435,1.0448061237981758,0.08371290003098016,1.3289010900599085,0.08249026432521446,1.3094923499310047,0.0926926149854505,1.471449645742566,0.09043094472676128,1.435546743429829,60.0,58.33333333333333,56.25,0.0006767505428984365,0.000700044548344766,-2.329400544632946e-05,0.014199673636061533,0.010800326736467497,0.2941742027070544,0.014241862504919545,0.009658137687305435,0.4581427611332703,0.013584334012665789,0.0071756658138846935,0.8176426907056836,234364.0,978167.9,0.0,0.0,0.0,0.0,0.30000005587935563,0.44444453642692494,0.0,0.0,0.30000005587935574,0.4444445364269249,57.142857142857146,52.38095238095239,57.142857142857146,54.76190282164949,-42.857142857142854,-42.857142857142854,0.0014285716627325331,0.0011428573301860265,47.058823529411704,75.87786259541986,92.22886198621615,79.55837699166537,0.009914635728052592,0.07692308794464564,BUY,0,0
0.012500000186264515,0.012500000186264515,0.012500000186264515,0.012500000186264515,70000,0.0,0.0,EMP,2024-01-29 00:00:00+11:00,Energy,-0.03846154397232282,-0.03922071888449705,0.0,0.0,0.01230000015348196,1.0162601650639767,0.012450000178068877,1.0040160648578718,0.012025000108405948,1.0395010456196605,0.010449999924749136,1.196172275241867,0.010714999977499246,1.1665889139070131,0.012420000066049397,1.0064412334774298,0.07596462962327107,1.205901110521833,0.08354279013507673,1.3262006791792393,0.09133497413493821,1.4498977653813796,0.09069184004151472,1.4396883281561863,54.54545454545455,55.99999999999999,58.064516129032256,0.0006469720935761772,0.0006894300573910483,-4.24579638148711e-05,0.014113330444027837,0.010786669912109916,0.03006018060208373,0.014283901003029044,0.009766099213782853,0.21027929068921006,0.013684066345236825,0.007215933504261448,0.633876981786368,234007.0,937063.1,0.29913635062198995,0.07470147954817558,0.041666673134184595,-0.03846154397232282,0.13636365945427875,0.3888889693735593,0.04166667313418449,-0.03846154397232281,0.13636365945427883,0.3888889693735593,50.0,54.76190476190478,50.0,54.76190476190476,-50.0,-50.0,0.0013928573711642198,0.0011190478024738176,-5.847953216374293,37.46958637469586,92.2078308074767,86.35547337826111,0.009996343022134214,0.19999995529651704,BUY,0,0
0.012000000104308128,0.012000000104308128,0.012000000104308128,0.012000000104308128,750000,0.0,0.0,EMP,2024-01-30 00:00:00+11:00,Energy,-0.04000000596046438,-0.04082200072907221,0.0,0.0,0.012500000186264515,0.9599999940395356,0.012250000145286322,0.9795918336315783,0.012075000116601587,0.9937888189176626,0.010509999934583902,1.14176976013304,0.010704999975860118,1.120971520912494,0.012385000069625675,0.9689140118568297,0.06413541687046367,1.01811817962422,0.07955769576299017,1.2629392672212545,0.09200478439123874,1.4605306735640093,0.09096223932057074,1.4439807836386265,40.0,53.846153846153854,53.33333333333333,0.0005763824518875572,0.0006668205362903502,-9.0438084402793e-05,0.013519295870985769,0.010980704419586875,-0.19695964928931792,0.014282046611001532,0.009867953622201641,-0.03398207173422027,0.01374558048484256,0.007274419384325244,0.4605047368099405,194007.0,974563.1,3.8658398923750172,0.7695756180384831,0.09090910630285265,-0.14285716186372543,0.09090910630285265,0.3333334023201937,0.09090910630285255,-0.14285716186372543,0.09090910630285255,0.3333334023201937,42.857142857142854,50.00000000000001,42.857142857142854,49.99999999999999,-57.142857142857146,-57.142857142857146,0.0014285716627325331,0.0010952382747616088,-69.28104575163394,-3.038194444444457,88.46788498507283,82.5874619803354,0.010076416170334203,0.08333334626836897,BUY,0,0
0.013000000268220901,0.013000000268220901,0.013000000268220901,0.013000000268220901,30039,0.0,0.0,EMP,2024-01-31 00:00:00+11:00,Energy,0.08333334626836897,0.08004271961356925,0.0,0.0,0.01270000021904707,1.0236220507086213,0.012350000161677598,1.0526315868853404,0.012175000132992863,1.0677618173483532,0.010549999941140413,1.2322275204501711,0.010684999981895088,1.2166588947354613,0.012350000073201955,1.052631594426414,0.062072849551521196,0.9853759384947138,0.06991614101713522,1.109884330563974,0.09349050213512726,1.4841157115765993,0.0863427713467643,1.370649002949911,60.0,45.45454545454546,56.25,0.0005942808089178641,0.000652312590815853,-5.80317818979889e-05,0.013687493890760754,0.011012506432594443,0.48598366662165554,0.01435806931101732,0.009991930954968406,0.37790837941957134,0.013858924483985109,0.007241075398295717,0.7404219393211708,190014.8,974769.6,0.15808768580131655,0.03081651294829055,0.08333334626836897,0.08333334626836897,0.18181821260570508,0.18181821260570508,0.08333334626836898,0.08333334626836898,0.1818182126057051,0.1818182126057051,66.66666666666667,53.17460317460319,57.142857142857146,49.99999999999999,-33.333333333333336,-42.857142857142854,0.0010000001639127731,0.0011428573301860265,40.522875816993526,66.17519514310501,51.43406707390151,82.61566362651897,0.010154887855570192,-0.07692308794464564,SELL,0,2
0.012000000104308128,0.012000000104308128,0.012000000104308128,0.012000000104308128,494098,0.0,0.0,EMP,2024-02-01 00:00:00+11:00,Energy,-0.07692308794464564,-0.08004271961356928,0.0,0.0,0.012500000186264515,0.9599999940395356,0.012350000161677598,0.9716599147540476,0.012225000141188502,0.9815950892203017,0.010589999947696924,1.1331444913668622,0.01067499998025596,1.1241217917098674,0.01231000007595867,0.9748172242292696,0.061038146220803384,0.9689505323318565,0.07519753114887089,1.1937237997556733,0.09558341412302813,1.5173396593921884,0.08604154143310559,1.3658671263159445,60.0,45.45454545454546,52.94117647058823,0.0005217592144965092,0.0006262019155519843,-0.00010444270105547512,0.013687493890760754,0.011012506432594443,-0.2616835127962753,0.01433948686314086,0.010110513419236144,-0.10640881994880776,0.013920073492711547,0.0072599264026823014,0.4234141191031904,268827.4,999452.15,1.837974849289916,0.494368839968977,-0.07692308794464564,0.0,0.09090910630285265,0.20000003725290383,-0.07692308794464563,0.0,0.09090910630285255,0.20000003725290383,33.333333333333336,47.61904761904763,42.857142857142854,47.61904761904761,-66.66666666666667,-57.142857142857146,0.0010000001639127731,0.0011904763856104442,-60.69364161849717,-14.730100640439193,26.066731817116803,80.6328143019893,0.010231790107101462,0.08333334626836897,BUY,0,0
0.010999999940395355,0.010999999940395355,0.010999999940395355,0.010999999940395355,27126,0.0,0.0,EMP,2024-02-02 00:00:00+11:00,Energy,-0.08333334626836897,-0.08701139110057783,0.0,0.0,0.012100000120699405,0.9090908950965806,0.012150000128895045,0.905349779728416,0.012275000149384142,0.896130330470688,0.010629999954253434,1.0348071484227872,0.010654999976977705,1.0323791613480142,0.012275000079534948,0.896130335569994,0.06718717951257377,1.0665634096927445,0.07375372593915829,1.1708041025965592,0.095182960901448,1.5109826615760942,0.08564920182587449,1.359638928134659,40.0,41.66666666666667,50.0,0.00037922223468620647,0.0005768059793788288,-0.00019758374469262233,0.013644434491950666,0.010655565765839424,-0.769522045885188,0.014207411014209212,0.010342589284559072,-0.659797681847646,0.013930031174122566,0.0073299687343843034,0.11212014720169647,274252.6,925808.45,0.09890881617895328,0.02929979738249311,-0.15384617588929128,-0.15384617588929128,0.1000000186264518,0.22222226821346247,-0.15384617588929125,-0.15384617588929125,0.10000001862645191,0.22222226821346244,0.0,33.33333333333334,28.571428571428573,42.85714285714284,-100.0,-71.42857142857143,0.0010000001639127731,0.0012380954410348619,-149.07407407407413,-95.42543458371459,25.885550199255363,80.53553980665322,0.010307154313602107,0.36363634054572125,BUY,0,0
0.010999999940395355,0.010999999940395355,0.010999999940395355,0.010999999940395355,0,0.0,0.0,EMP,2024-02-05 00:00:00+11:00,Energy,0.0,0.0,0.0,0.0,0.011800000071525573,0.9322033791287266,0.012050000112503767,0.9128630570701097,0.012275000149384142,0.896130330470688,0.010649999957531691,1.0328638482872616,0.01063499997369945,1.0343206363515334,0.0122300000814721,0.8994276260929761,0.06832249475589261,1.084585980453639,0.07041385193052757,1.1177852463738076,0.09273877159623314,1.4721823592235208,0.08433802010942332,1.3388245636625913,25.000000000000014,36.36363636363636,52.94117647058823,0.00026322634184695534,0.0005140900518724541,-0.0002508637100254987,0.013713330378462724,0.01038666984654481,-0.6312637926437634,0.014207411014209212,0.010342589284559072,-0.659797681847646,0.013946566184622608,0.007353433730440775,0.10617107582653494,260252.6,914444.8,0.0,0.0,-0.12000001788139314,-0.08333334626836897,0.0,0.1000000186264518,-0.12000001788139317,-0.08333334626836898,0.0,0.10000001862645191,0.0,11.111111111111127,28.571428571428573,33.33333333333332,-100.0,-71.42857142857143,0.0009285715807761465,0.0011904763856104442,-134.30232558139542,-101.70940170940167,20.9815008903594,85.9199010201824,0.010381011235972739,0.36363634054572125,BUY,0,0
0.010999999940395355,0.012000000104308128,0.010999999940395355,0.012000000104308128,114714,0.0,0.0,EMP,2024-02-06 00:00:00+11:00,Energy,0.09090910630285265,0.08701139110057793,0.0010000001639127731,0.09090910630285255,0.011800000071525573,1.0169491552178185,0.012150000128895045,0.9876543190950108,0.01232500015757978,0.9736308276578983,0.010689999964088202,1.122544447579113,0.01063499997369945,1.128349801032849,0.012190000084228814,0.9844134554054266,0.08371290003098016,1.3289010900599085,0.07083144752346311,1.1244143708988317,0.09474554172572815,1.5040388474302209,0.08519700940796122,1.352460596039374,40.0,50.0,52.94117647058823,0.0002491187312810752,0.00046109578775417826,-0.00021197705647310307,0.013644434491950666,0.010655565765839424,-0.10037244076763363,0.01416819562600014,0.01048180468915942,-0.17632424712403416,0.014002869415580928,0.0073771305125954765,0.39542763740046,133195.4,916306.5,0.8612459589445282,0.12519173442510775,0.0,0.09090910630285265,0.09090910630285265,0.20000003725290383,0.0,0.09090910630285255,0.09090910630285255,0.20000003725290383,33.333333333333336,11.111111111111127,42.857142857142854,33.33333333333332,-66.66666666666667,-57.142857142857146,0.0008571429976395198,0.0011904763856104442,-53.745318352059854,-50.44422507403755,26.085362693359286,85.84899451022355,0.010453391019895958,0.2499999611948931,BUY,0,0
0.010999999940395355,0.010999999940395355,0.010999999940395355,0.010999999940395355,247872,0.0,0.0,EMP,2024-02-07 00:00:00+11:00,Energy,-0.08333334626836897,-0.08701139110057783,0.0,0.0,0.011400000005960465,0.9649122749687745,0.012050000112503767,0.9128630570701097,0.01232500015757978,0.892494912759124,0.010709999967366457,1.0270774952299284,0.010604999968782067,1.037246579233951,0.01216000007931143,0.9046052523560707,0.07649876243242199,1.2143802060023947,0.07041385193052756,1.1177852463738074,0.09694181592581397,1.5389036194962271,0.086148858354609,1.367570729630547,36.36363636363636,45.45454545454546,50.0,0.00015545470729161695,0.000399967571661666,-0.00024451286437004907,0.013713330378462724,0.01038666984654481,-0.6312637926437634,0.01416819562600014,0.01048180468915942,-0.7188603921210618,0.014017937530039081,0.007402062404693833,0.0876679101508175,176762.0,928700.1,1.4022923479028297,0.26690209250542773,-0.15384617588929128,-0.08333334626836897,0.0,0.1000000186264518,-0.15384617588929125,-0.08333334626836898,0.0,0.10000001862645191,0.0,11.111111111111127,28.571428571428573,33.33333333333332,-100.0,-71.42857142857143,0.0008571429976395198,0.0011904763856104442,-109.01137357830272,-112.08459214501518,15.224772562590786,85.147613043582,0.010524323208140712,0.36363634054572125,BUY,0,0
0.009999999776482582,0.009999999776482582,0.009999999776482582,0.009999999776482582,175514,0.0,0.0,EMP,2024-02-08 00:00:00+11:00,Energy,-0.09090910630285254,-0.0953101967374628,0.0,0.0,0.010999999940395355,0.9090908936971475,0.011750000063329935,0.8510638061774269,0.012125000124797225,0.8247422411181063,0.010729999970644713,0.9319664309264422,0.01059499996714294,0.9438414164695079,0.012125000073574484,0.8247422446022761,0.07883886595123507,1.2515281977199542,0.06721449556247915,1.066997038541846,0.07571263890586874,1.201900881896173,0.08593108077519569,1.3641136177330275,33.33333333333333,36.36363636363636,47.368421052631575,5.275562493817915e-07,0.0003200795685792092,-0.0003195520123298274,0.013707890404999347,0.009792109721660523,-0.8938193572961806,0.01406827494515977,0.01018172530443468,-1.0935150942357161,0.01400769232466597,0.0074523076166234554,-0.22271772799742032,113045.2,285187.55,1.5526001988585096,0.6154335979954244,-0.16666669253673794,-0.23076926383393692,-0.28571432372745087,0.11111113410673124,-0.16666669253673796,-0.23076926383393687,-0.28571432372745087,0.11111113410673122,0.0,11.111111111111127,14.285714285714286,28.57142857142856,-100.0,-85.71428571428571,0.0007857144145028931,0.0012380954410348619,-172.46376811594192,-185.47008547008545,10.125900277613226,84.50985945307713,0.014000000432133675,0.5,BUY,0,0
0.009999999776482582,0.009999999776482582,0.009999999776482582,0.009999999776482582,613545,0.0,0.0,EMP,2024-02-09 00:00:00+11:00,Energy,0.0,0.0,0.0,0.0,0.0107999999076128,0.9259259131505819,0.011450000014156103,0.8733624248139016,0.011975000100210308,0.8350730432400547,0.010729999970644713,0.9319664309264422,0.010574999963864684,0.9456264596362263,0.012087500072084367,0.8273009072882829,0.074304253743971,1.1795434605647237,0.06721449556247915,1.066997038541846,0.07453352409055311,1.1831830144850708,0.08457363722165494,1.3425648693641676,20.0,40.0,37.5,-0.00012086012683213548,0.00023189162949694024,-0.00035275175632907576,0.0134748460191869,0.009425154009125306,-0.7161039575705749,0.014089486822162678,0.009860513378257938,-0.934032975106199,0.01400769232466597,0.0074523076166234554,-0.22271772799742032,230329.0,255910.45,2.663776597823114,2.3974988125729135,-0.09090910630285254,-0.23076926383393692,-0.23076926383393692,0.0,-0.09090910630285255,-0.23076926383393687,-0.23076926383393687,0.0,0.0,0.0,0.0,14.285714285714278,-100.0,-100.0,0.0007142858313662666,0.0009047620530639376,-136.2318840579711,-163.70967741935485,10.375259627418274,43.929455408597896,0.013920000419020653,0.40000007450580766,BUY,0,0
0.009999999776482582,0.010999999940395355,0.009999999776482582,0.010999999940395355,83421,0.0,0.0,EMP,2024-02-12 00:00:00+11:00,Energy,0.1000000186264518,0.09531019673746272,0.0010000001639127731,0.10000001862645191,0.0107999999076128,1.0185185217123545,0.011299999989569187,0.9734513230574552,0.011875000083819032,0.926315777915997,0.010769999977201223,1.0213556140836595,0.010564999962225556,1.0411736847823105,0.012052500075660645,0.9126737084705973,0.0914027159739289,1.4509731337373208,0.07736946115400123,1.228202119707358,0.07851349495582226,1.2463630932937793,0.0843121575035295,1.3384140075218847,40.0,50.0,43.75,-0.00013481502070829265,0.00015855029945589365,-0.0002933653201641863,0.013197366896673973,0.0094026330824644,-0.1581138830083239,0.013974499114986058,0.009775501052652005,-0.4167661572757665,0.014010118663887485,0.0075298812905149615,0.07098504265884094,247013.2,240081.5,0.3377187939753827,0.3474695051472104,0.0,-0.12000001788139314,-0.15384617588929128,0.22222226821346247,0.0,-0.12000001788139317,-0.15384617588929125,0.22222226821346244,33.333333333333336,11.111111111111127,25.0,13.095238095238088,-66.66666666666667,-75.0,0.0007142858313662666,0.0009047620530639376,-73.54085603112836,-100.62499999999991,18.002000580983804,26.875223873261575,0.013841600406169892,0.36363634054572125,BUY,0,0
0.010999999940395355,0.010999999940395355,0.010999999940395355,0.010999999940395355,297500,0.0,0.0,EMP,2024-02-13 00:00:00+11:00,Energy,0.0,0.0,0.0,0.0,0.010599999874830245,1.0377358556875942,0.01119999997317791,0.9821428541730785,0.011725000059232115,0.9381663014776785,0.010789999980479479,1.0194624615658752,0.010564999962225556,1.0411736847823105,0.01201250007841736,0.9157127882278939,0.07763138562261582,1.2323600417447798,0.07667851549069793,1.2172336973400035,0.07611775963428236,1.2083319740862115,0.08297681519449641,1.3172161055328189,50.0,44.444444444444436,43.75,-0.00014421198860889092,9.799784184293673e-05,-0.00024220983045182765,0.013037873441375336,0.009362126504980485,-0.10882143751643239,0.013602148259478622,0.009847851858985608,-0.3862242303199889,0.014023056551427271,0.007556943409531686,0.06495400105365731,283570.4,245209.2,1.0491221932895676,1.2132497475624895,-0.08333334626836897,-0.08333334626836897,-0.2142857427955881,0.1000000186264518,-0.08333334626836898,-0.08333334626836898,-0.21428574279558815,0.10000001862645191,33.333333333333336,22.22222222222224,25.0,16.666666666666657,-66.66666666666667,-75.0,0.0006428572482296399,0.0008571429976395198,-41.7777777777778,-66.0377358490566,25.891558502674414,31.39789458696839,0.013764768393576146,0.36363634054572125,BUY,0,0
0.010999999940395355,0.010999999940395355,0.010999999940395355,0.010999999940395355,0,0.0,0.0,EMP,2024-02-14 00:00:00+11:00,Energy,0.0,0.0,0.0,0.0,0.010599999874830245,1.0377358556875942,0.010999999940395355,1.0,0.011675000051036477,0.9421841449515714,0.01082999998703599,1.0156971332929698,0.010564999962225556,1.0411736847823105,0.011967500080354512,0.9191560364768766,0.06754246885608137,1.0722034531710993,0.07013731581801944,1.113395371680457,0.06931545043267265,1.1003486631556578,0.0815831811219238,1.295092850484899,50.0,37.5,40.0,-0.0001499308439314815,4.841210468805308e-05,-0.00019834294861953457,0.01233333349228067,0.009666666388510041,0.0,0.013574446264965912,0.009775553837107041,-0.3553667935901858,0.014021890474505036,0.007638109499566942,0.05325995801759615,233996.0,228184.4,0.0,0.0,0.0,-0.15384617588929128,-0.08333334626836897,0.22222226821346247,0.0,-0.15384617588929125,-0.08333334626836898,0.22222226821346244,33.333333333333336,33.333333333333336,25.0,25.0,-66.66666666666667,-75.0,0.0005714286650930132,0.0008095239422151021,-34.31372549019608,-58.884688090737264,22.251405953543866,27.76039395096899,0.013689473021234275,0.36363634054572125,BUY,0,0
0.010999999940395355,0.010999999940395355,0.010999999940395355,0.010999999940395355,0,0.0,0.0,EMP,2024-02-15 00:00:00+11:00,Energy,0.0,0.0,0.0,0.0,0.0107999999076128,1.0185185217123545,0.010899999924004079,1.0091743134943567,0.011625000042840838,0.9462365505254011,0.0108699999935925,1.0119595167322435,0.010554999960586429,1.0421601119346857,0.011942500076256692,0.921080164970218,0.044721367879998065,0.7099297062066405,0.06664448264435137,1.0579483639890839,0.06931545043267265,1.1003486631556578,0.0815831811219238,1.295092850484899,33.33333333333333,37.5,46.15384615384615,-0.0001527028149798746,8.189120754467532e-06,-0.00016089193573434215,0.012035292534489997,0.00976470731351816,0.08808303292705782,0.013540999477875331,0.009709000607806346,-0.3262005671907894,0.014018112721604394,0.007721887265580606,0.041294565358513474,198893.2,210684.4,0.0,0.0,0.1000000186264518,-0.08333334626836897,-0.08333334626836897,0.22222226821346247,0.10000001862645191,-0.08333334626836898,-0.08333334626836898,0.22222226821346244,33.333333333333336,33.333333333333336,25.0,25.0,-66.66666666666667,-75.0,0.0005714286650930132,0.0007142858313662666,-26.63358147229113,-53.696857670979725,22.251405953543866,30.217602139044075,0.013615683556339242,0.18181821260570508,BUY,0,0
0.010999999940395355,0.010999999940395355,0.010999999940395355,0.010999999940395355,0,0.0,0.0,EMP,2024-02-16 00:00:00+11:00,Energy,0.0,0.0,0.0,0.0,0.010999999940395355,1.0,0.010899999924004079,1.0091743134943567,0.011525000026449562,0.9544468473015753,0.010910000000149012,1.008249307080212,0.010544999958947301,1.043148409978133,0.011917500072158874,0.9230123661667147,0.044721367879998065,0.7099297062066405,0.0609604641882227,0.9677173682945774,0.06635286230306525,1.0533190345873389,0.0815831811219238,1.295092850484899,50.0,39.99999999999999,46.15384615384615,-0.0001531343841490746,-2.407558022624091e-05,-0.0001290588039228337,0.012035292534489997,0.00976470731351816,0.08808303292705782,0.01334520852573841,0.009704791527160713,-0.28842854335606233,0.014011612707076489,0.0078083872932215356,0.029017143257547066,76184.2,203782.45,0.0,0.0,0.1000000186264518,0.0,-0.15384617588929128,0.22222226821346247,0.10000001862645191,0.0,-0.15384617588929125,0.22222226821346244,33.333333333333336,33.333333333333336,25.0,25.0,-66.66666666666667,-75.0,0.0005357143735246998,0.0006666667759418488,-19.444444444444443,-48.746518105849646,23.011938547724597,23.018872710616066,0.013543369880742109,0.18181821260570508,BUY,0,0
0.010999999940395355,0.012000000104308128,0.010999999940395355,0.010999999940395355,881348,0.0,0.0,EMP,2024-02-19 00:00:00+11:00,Energy,0.0,0.0,0.0,0.0,0.010999999940395355,1.0,0.010899999924004079,1.0091743134943567,0.011475000018253922,0.9586056577688055,0.010950000006705523,1.0045662039871428,0.010534999957308173,1.044138584240298,0.011890000072307885,0.9251471718671085,0.0,0.0,0.0609604641882227,0.9677173682945774,0.06423550481691444,1.0197070265174832,0.0815831811219238,1.295092850484899,100.0,42.857142857142854,41.66666666666667,-0.00015172738695515102,-4.960594157202294e-05,-0.00010212144538312808,0.012035292534489997,0.00976470731351816,0.08808303292705782,0.013295208517542772,0.009654791518965072,-0.2609591582745314,0.014002266015838063,0.007897733997572983,0.01638125036947299,235769.6,244260.6,3.73817489616982,3.6082282611276644,0.0,0.0,-0.08333334626836897,0.22222226821346247,0.0,0.0,-0.08333334626836898,0.22222226821346244,33.333333333333336,33.333333333333336,33.333333333333336,27.77777777777777,-66.66666666666667,-66.66666666666667,0.0005714286650930132,0.0006190477205174309,28.378378378378304,-15.217391304347826,59.72293972634481,35.56571179663683,0.013472502478656919,0.18181821260570508,BUY,0,0
0.012000000104308128,0.012000000104308128,0.012000000104308128,0.012000000104308128,1272862,0.0,0.0,EMP,2024-02-20 00:00:00+11:00,Energy,0.09090910630285265,0.08701139110057793,0.0,0.0,0.01119999997317791,1.071428583307686,0.010899999924004079,1.1009174484379234,0.011525000026449562,1.0412147572033366,0.010990000013262034,1.0919017370179518,0.010544999958947301,1.1379800996704867,0.011865000068210065,1.0113780055054336,0.04065578829338638,0.6453906310775488,0.0609604641882227,0.9677173682945774,0.06449513738734684,1.0238285657991828,0.08110662872404469,1.2875278156960213,100.0,42.857142857142854,50.0,-6.91238588477229e-05,-5.3509525027162946e-05,-1.5614333820559957e-05,0.012035292534489997,0.00976470731351816,0.9689133621976422,0.01334520852573841,0.009704791527160713,0.26095915827453187,0.014043870293374823,0.007936129733149245,0.33072789555710674,430842.0,260403.7,2.9543591386169408,4.888033464962287,0.09090910630285265,0.0,0.09090910630285265,0.20000003725290383,0.09090910630285255,0.0,0.09090910630285255,0.20000003725290383,100.0,55.55555555555557,66.66666666666667,41.666666666666664,-0.0,-33.333333333333336,0.0005714286650930132,0.0006190477205174309,158.1920903954804,45.65217391304348,74.17761169151714,51.32256502130056,0.013403052424613432,0.0,HOLD,0,1
0.012000000104308128,0.013000000268220901,0.012000000104308128,0.012000000104308128,847458,0.0,0.0,EMP,2024-02-21 00:00:00+11:00,Energy,0.0,0.0,0.0,0.0,0.011400000005960465,1.0526315875468382,0.010999999940395355,1.0909091063028526,0.011525000026449562,1.0412147572033366,0.0110500000230968,1.0859728578484733,0.010544999958947301,1.1379800996704867,0.01184500006493181,1.0130856934171921,0.04065578829338638,0.6453906310775488,0.053259255398400464,0.8454644687798515,0.06134653071916568,0.9738459844769808,0.07963940408000234,1.2642363465424133,100.0,50.0,54.54545454545455,-3.61825866272876e-06,-4.3531271754276106e-05,3.9913013091547346e-05,0.01233333349228067,0.009666666388510041,0.7499999999990911,0.01334520852573841,0.009704791527160713,0.26095915827453187,0.014061881443441457,0.008038118602752142,0.31541749113835227,600333.6,300276.6,1.4116451253103275,2.8222578782362664,0.09090910630285265,0.09090910630285265,0.0,0.3333334023201937,0.09090910630285255,0.09090910630285255,0.0,0.3333334023201937,66.66666666666667,66.66666666666669,66.66666666666667,55.55555555555555,-33.333333333333336,-33.333333333333336,0.0005714286650930132,0.0006190477205174309,193.22916666666694,68.54599406528195,89.6074697757135,67.88263061059233,0.013334991371650815,0.08333334626836897,BUY,0,0
0.014000000432133675,0.014000000432133675,0.014000000432133675,0.014000000432133675,24008,0.0,0.0,EMP,2024-02-22 00:00:00+11:00,Energy,0.16666669253673794,0.15415070200160486,0.0,0.0,0.012000000104308128,1.166666692536738,0.011400000005960465,1.2280702127029652,0.0115750000346452,1.2095032734540123,0.011150000039488078,1.2556054154755363,0.010554999960586429,1.3263856451360747,0.011835000063292682,1.1829320115980342,0.07545394883693664,1.1977943043619539,0.06078761680506871,0.9649735011510149,0.06946965252883364,1.1027965455441788,0.0826936493027224,1.3127209863563596,100.0,71.42857142857143,58.33333333333334,0.0002072892121766992,6.632825031918971e-06,0.00020065638714478025,0.013549935757909625,0.009250064254011306,1.2093386622442162,0.013608276179595598,0.009541723889694802,1.1926566902931102,0.014215609334340618,0.008084390744635538,0.9296684993195409,605135.2,296475.25,0.03967377868615146,0.08097809176314043,0.2727273189085577,0.40000007450580766,0.07692308794464564,0.5555556705336562,0.27272731890855767,0.40000007450580766,0.07692308794464563,0.5555556705336562,100.0,88.88888888888891,100.0,77.77777777777777,-0.0,-0.0,0.0006428572482296399,0.0006666667759418488,258.2524271844659,181.88976377952753,90.26418089551419,67.74984364509811,0.009999999776482582,0.0714285144088238,BUY,0,0
0.014000000432133675,0.014999999664723873,0.013000000268220901,0.014000000432133675,3296127,0.0,0.0,EMP,2024-02-23 00:00:00+11:00,Energy,0.0,0.0,0.0,0.0,0.012600000202655792,1.111111127536553,0.011800000071525573,1.186440707396002,0.011625000042840838,1.2043011080034758,0.0112300000526011,1.2466607628279562,0.010574999963864684,1.32387711394538,0.011825000061653554,1.1839323770942947,0.07545394883693664,1.1977943043619539,0.06078761680506871,0.9649735011510149,0.06946965252883364,1.1027965455441788,0.08146286797513322,1.2931829384897422,100.0,71.42857142857143,54.54545454545455,0.000370167837909283,7.933982760739179e-05,0.0002908280103018912,0.014258545663124853,0.009341454479926294,0.8948381385016354,0.013846308698540175,0.009403691387141502,1.0691897243542288,0.014380704746043381,0.008079295359158817,0.8791685191245994,1264360.6,461281.6,2.6069516876751773,7.145585256381352,0.2727273189085577,0.40000007450580766,0.07692308794464564,0.40000007450580766,0.27272731890855767,0.40000007450580766,0.07692308794464563,0.40000007450580766,80.00001490116152,82.22222718927608,80.00001490116152,82.22222718927605,-19.999985098838472,-19.999985098838472,0.0007857143479798521,0.0007142857870175725,179.4871643019088,168.0692885145322,45.0770856535826,38.59513115449574,0.010079999789595603,0.0714285144088238,BUY,0,0
0.014000000432133675,0.014000000432133675,0.013000000268220901,0.013000000268220901,30000,0.0,0.0,EMP,2024-02-26 00:00:00+11:00,Energy,-0.07142858093186266,-0.07410798238803556,-0.0010000001639127731,-0.07142858093186272,0.013000000268220901,1.0,0.012000000104308128,1.083333346268369,0.011650000046938658,1.1158798468534763,0.01131000006571412,1.1494253043932297,0.010574999963864684,1.2293144503680915,0.011820000060833991,1.099830812293892,0.09248531888481147,1.4681589221623002,0.06470378274222711,1.027140708126515,0.07095397671373466,1.1263594614936594,0.08077356322715629,1.282240564845644,75.0,57.142857142857146,50.0,0.00041378876706958147,0.00014622961549982976,0.0002675591515697517,0.014494438771028587,0.00950556143758767,0.4008918628684965,0.013923416583119562,0.009376583510757755,0.5938200060557749,0.014432597290494446,0.008187402840933795,0.541216199481402,1094091.0,459281.6,0.027420022648938707,0.0653194031722586,0.18181821260570508,0.18181821260570508,0.04000000596046438,0.44444453642692494,0.1818182126057051,0.1818182126057051,0.04000000596046439,0.4444445364269249,60.000011175871144,80.00000869234424,60.000011175871144,80.00000869234421,-39.999988824128856,-39.999988824128856,0.0007857143479798521,0.0007619048424419903,105.66038151022666,116.10032677904172,44.073853158587056,38.45359150306054,0.010276799784600735,-0.07692308794464564,SELL,0,2
0.013000000268220901,0.013000000268220901,0.013000000268220901,0.013000000268220901,1226802,0.0,0.0,EMP,2024-02-27 00:00:00+11:00,Energy,0.0,0.0,0.0,0.0,0.013200000301003456,0.9848484827104624,0.012200000137090683,1.0655737805033332,0.011700000055134297,1.1111111288000488,0.011390000078827144,1.1413520788631586,0.010584999965503812,1.2281530761065187,0.011820000060833991,1.099830812293892,0.0881274205265628,1.3989794303933645,0.06470378274222711,1.027140708126515,0.07019945481909089,1.1143817977417754,0.08077356322715629,1.282240564845644,75.0,66.66666666666666,52.17391304347826,0.000443249167214322,0.00020563352584272824,0.00023761564137159374,0.014658545728689965,0.009741454545491402,0.3253956867278669,0.014048572234546641,0.009351427875721952,0.553527894302098,0.014475780673108916,0.00830421948454537,0.5217481088503935,1084879.0,483121.7,1.1308191973482757,2.5393229076648804,0.08333334626836897,0.18181821260570508,0.08333334626836897,0.44444453642692494,0.08333334626836898,0.1818182126057051,0.08333334626836898,0.4444445364269249,60.000011175871144,66.66667908430128,60.000011175871144,66.66667908430126,-39.999988824128856,-39.999988824128856,0.0007142857648432255,0.0007380953147297813,71.37255186191379,88.05031703768013,38.4954305531831,33.784663483014896,0.01046572777980566,0.15384610424909462,BUY,0,0
0.012000000104308128,0.012000000104308128,0.012000000104308128,0.012000000104308128,416666,0.0,0.0,EMP,2024-02-28 00:00:00+11:00,Energy,-0.07692308794464564,-0.08004271961356928,0.0,0.0,0.013200000301003456,0.9090908962627747,0.01230000015348196,0.975609752404035,0.011650000046938658,1.0300429232583086,0.011470000073313714,1.0462075002272686,0.01059499996714294,1.132609734924243,0.011815000060014427,1.015658065455268,0.09839957064906309,1.5620447583177088,0.07138974761918558,1.133277110160183,0.07008918957577773,1.1126313912694115,0.07986296502886057,1.2677852665836806,60.0,66.66666666666666,50.0,0.0003815073118906432,0.00024080828305231126,0.00014069902883833194,0.014619004151054025,0.009980996155909895,-0.12936590427956296,0.013923416583119562,0.009376583510757755,0.1539533349033488,0.01440055710190786,0.008539443044719567,0.18085300023957135,998720.6,502453.05,0.41719976537982695,0.8292635500968698,0.0,0.09090910630285265,-0.07692308794464564,0.49999994179234175,0.0,0.09090910630285255,-0.07692308794464563,0.49999994179234186,40.00000745058076,53.33334326744103,40.00000745058076,53.333343267441016,-59.99999254941924,-59.99999254941924,0.0007142857648432255,0.0007619048424419903,6.060607599982072,18.710693177726412,37.335697970255396,34.90945550295484,0.01064709865520239,0.0,HOLD,0,1
0.012000000104308128,0.014999999664723873,0.012000000104308128,0.014999999664723873,2054870,0.0,0.0,EMP,2024-02-29 00:00:00+11:00,Energy,0.2499999611948931,0.22314352027012374,0.0029999995604157448,0.24999996119489307,0.013400000147521495,1.1194029477304386,0.012700000125914813,1.1811023240949288,0.011800000024959446,1.2711864095759122,0.011610000059008599,1.2919896286378445,0.010624999962747097,1.4117646792768195,0.011825000056996942,1.2684989084501745,0.13365319783312196,2.1216787403697452,0.10363249247724654,1.6451148170433982,0.08756945281628857,1.390121967587426,0.08668518188239686,1.376084601691344,71.4285676272549,77.777775478216,57.142854291869945,0.0005681026059933987,0.0003062671476405288,0.0002618354583528699,0.015374987228182186,0.01002501302364744,0.8598170573830185,0.014522228430204573,0.009077771619714318,1.1755074018031484,0.014532747083082265,0.008687253034934932,1.1598676100918106,1404893.0,580491.65,1.4626523158703189,3.5398786528626207,0.0714285144088238,0.36363634054572125,0.2499999611948931,0.8749998690327692,0.07142851440882372,0.3636363405457212,0.24999996119489307,0.8749998690327692,100.0,66.66667287548398,100.0,66.66667287548397,-0.0,-0.0,0.0009285714477300644,0.0008571429089421318,112.2362604744111,145.83330277431483,50.54491576314462,47.34600417670755,0.010821214695583248,-0.13333329608042954,SELL,0,2
0.014999999664723873,0.014999999664723873,0.014000000432133675,0.014000000432133675,1726629,0.0,0.0,EMP,2024-03-01 00:00:00+11:00,Energy,-0.06666661699612819,-0.06899281826851879,-0.0009999992325901985,-0.06666661699612825,0.013400000147521495,1.0447761401497564,0.013000000175088644,1.0769230956597438,0.01195000004954636,1.171548148459224,0.01173000006005168,1.1935209173453316,0.010634999964386225,1.316408131548278,0.011830000057816505,1.1834319834075886,0.139390529206942,2.2127560523955236,0.10824195453456156,1.7182877587320604,0.08666276957128499,1.3757288172822948,0.08744800818979374,1.388194093908803,62.500002910383245,66.66667011600968,57.14285809318627,0.0006280493779072388,0.00037062359369387086,0.00025742578421336795,0.015494438509933919,0.01050556184024337,0.4008919535415408,0.01481356452274475,0.009086435576347971,0.7158911216333171,0.014538224404698805,0.008921775715404555,0.8083401087270459,1090993.4,665466.8,1.582620939778371,2.5946132849903254,0.0,0.2727273189085577,0.2727273189085577,0.7499999708961709,0.0,0.27272731890855767,0.27272731890855767,0.7499999708961709,75.00001746229948,71.6666749709601,80.00001490116152,73.3333407839141,-24.99998253770052,-19.999985098838472,0.0009285713812070233,0.0008571428645934377,110.37923835345053,142.59258636461314,57.904074507897036,56.81055642323284,0.010988366094348874,-0.14285716186372543,SELL,0,2
0.014999999664723873,0.014999999664723873,0.014999999664723873,0.014999999664723873,49438,0.0,0.0,EMP,2024-03-04 00:00:00+11:00,Energy,0.0714285144088238,0.06899281826851893,0.0,0.0,0.01380000002682209,1.086956495331118,0.013400000147521495,1.1194029477304386,0.012150000035762786,1.2345678700059495,0.011870000045746565,1.2636899416103116,0.010664999959990382,1.406469734739446,0.011840000054799021,1.2668918577111012,0.13382664801765595,2.1244321766885563,0.10845343432143766,1.721644896272407,0.08746020624806902,1.3883877320808486,0.0877838170277629,1.393524893948747,57.14285334153962,70.00000093132269,64.28571381054968,0.0007476309826855952,0.00044602507149221586,0.00030160591119337936,0.015747575549655262,0.011052424745387729,0.6815540475283988,0.015280495360391926,0.009019504711133646,0.9103989411959007,0.01461650087901302,0.00912349921248011,1.139631774753461,1094881.0,667938.7,0.045153765569043575,0.07401577420203381,0.15384610424909462,0.36363634054572125,0.36363634054572125,0.8749998690327692,0.15384610424909467,0.3636363405457212,0.3636363405457212,0.8749998690327692,100.0,91.66667248743317,100.0,93.33333830038718,-0.0,-0.0,0.000999999897820609,0.0008571428202447437,124.1829798005576,152.96909317855557,57.22891872516484,57.10247319943573,0.011148831437163874,-0.19999997516473078,SELL,0,2
0.014999999664723873,0.014999999664723873,0.014999999664723873,0.014999999664723873,13334,0.0,0.0,EMP,2024-03-05 00:00:00+11:00,Energy,0.0,0.0,0.0,0.0,0.014199999906122685,1.0563380115415528,0.01370000010356307,1.0948904781995368,0.012300000013783573,1.219512166497125,0.011990000046789646,1.2510425026011707,0.01069499995559454,1.402524518653915,0.011850000051781535,1.2658227509854538,0.13382664801765595,2.1244321766885563,0.1071791557061311,1.7014163503697535,0.08587606010825065,1.3632401917227945,0.08639227990926539,1.371434927014788,57.14285334153962,70.00000093132269,64.28571381054968,0.0008328002629799137,0.0005233801097897555,0.0003094201531901583,0.016019003405020535,0.011380996802105607,0.5605854723638255,0.015677947153713397,0.00892205287385375,0.7993019248360387,0.014748955982827473,0.009231044110751818,1.0909922766859868,852187.4,662869.7,0.015646793181875254,0.020115567207250537,0.15384610424909462,0.2499999611948931,0.2499999611948931,0.6666667011600969,0.15384610424909467,0.24999996119489307,0.24999996119489307,0.6666667011600969,100.0,91.66667248743317,100.0,93.33333830038718,-0.0,-0.0,0.000999999897820609,0.0008571428202447437,108.4967128816938,131.1546624244134,57.22891872516484,57.10247319943573,0.011302878166266274,-0.19999997516473078,SELL,0,2
0.014999999664723873,0.014999999664723873,0.014999999664723873,0.014999999664723873,100000,0.0,0.0,EMP,2024-03-06 00:00:00+11:00,Energy,0.0,0.0,0.0,0.0,0.014799999818205834,1.0135135033091023,0.014000000059604644,1.071428542918697,0.0125,1.1999999731779099,0.012090000044554471,1.2406947567779465,0.01071499994955957,1.3999066481881257,0.01186000004876405,1.2647554471373756,0.12151721088961988,1.929025920168745,0.1071791557061311,1.7014163503697535,0.08284832602178792,1.3151764031499122,0.08525825120724412,1.353432779463842,66.66666666666666,70.00000093132269,61.53846043630459,0.0008900377302990519,0.0005967116338916147,0.00029332609640743716,0.016108184726582996,0.011891815392626291,0.4743415606719697,0.0160243513987921,0.008975648601207902,0.7093502837375121,0.014916189667938652,0.00926381042117029,1.0296547677097705,788854.2,655476.1,0.12676613751945545,0.15256086377520095,0.2499999611948931,0.2499999611948931,0.36363634054572125,0.5,0.24999996119489307,0.24999996119489307,0.3636363405457212,0.5,100.0,100.0,100.0,100.0,-0.0,-0.0,0.000999999897820609,0.0008095237648203259,96.31781315774941,113.85540556761609,57.22891872516484,56.75755314000309,0.011450763026204578,-0.266666654249032,SELL,0,2
0.014999999664723873,0.014999999664723873,0.014000000432133675,0.014000000432133675,301300,0.0,0.0,EMP,2024-03-07 00:00:00+11:00,Energy,-0.06666661699612819,-0.06899281826851879,-0.0009999992325901985,-0.06666661699612825,0.014599999971687793,0.9589041410467375,0.014000000059604644,1.0000000266092164,0.012700000032782554,1.1023622359051515,0.012150000054389239,1.1522634048940696,0.010724999951198697,1.3053613515931943,0.011865000049583614,1.1799410344397754,0.05749884662479688,0.9127658930535489,0.09851798334823168,1.563924501642141,0.0813243063905319,1.2909833415250094,0.08498610585275339,1.3491126058931782,57.142860944175176,63.63636825449291,61.538464844932626,0.0008449670011795116,0.0006463627073491942,0.0001986042938303174,0.016108184726582996,0.011891815392626291,1.7670607135525725e-07,0.01607794710886451,0.009322052956700596,0.38484925017208277,0.015008928233587234,0.009291071875191244,0.6470957861779546,438140.2,661765.4,0.6876794231618099,0.4552973002214984,-0.06666661699612819,0.0,0.40000007450580766,0.2727273189085577,-0.06666661699612825,0.0,0.40000007450580766,0.27272731890855767,75.00001746229948,91.66667248743317,80.00001490116152,93.33333830038718,-24.99998253770052,-19.999985098838472,0.0010714284144341946,0.0008095237204716319,50.32681025202898,75.78740778171948,55.7044448560979,56.219820013859135,0.011592732491745349,-0.14285716186372543,SELL,0,2
0.014000000432133675,0.014000000432133675,0.014000000432133675,0.014000000432133675,586557,0.0,0.0,EMP,2024-03-08 00:00:00+11:00,Energy,0.0,0.0,0.0,0.0,0.014599999971687793,0.9589041410467375,0.014000000059604644,1.0000000266092164,0.012900000065565109,1.085271345812228,0.01223000006750226,1.144726112417177,0.010774999959394335,1.2993039893171952,0.011870000050403179,1.1794440078084203,0.048841415210265214,0.7753334299608554,0.09851798334823168,1.563924501642141,0.0813243063905319,1.2909833415250094,0.08378672441083353,1.330073015758622,66.66667701470001,63.63636825449291,66.66667184068173,0.0008000259227960594,0.0006770953504385673,0.00012293057235749207,0.016108184726582996,0.011891815392626291,1.7670607135525725e-07,0.01607224814851273,0.009727751982617487,0.3467573587581639,0.015067144531419998,0.009392855603584523,0.6238668446890675,210125.8,660416.0,2.7914563561447476,0.8881629154956876,0.0,0.0,0.40000007450580766,0.40000007450580766,0.0,0.0,0.40000007450580766,0.40000007450580766,66.66668736272692,80.55556827500882,80.00001490116152,86.66667660077434,-33.33331263727309,-19.999985098838472,0.000999999831297568,0.0007619046650472141,20.289884350683188,55.39570025666581,50.092272427894876,54.139589185689175,0.01172902317866449,-0.28571432372745087,SELL,0,2
0.013000000268220901,0.014999999664723873,0.013000000268220901,0.014999999664723873,34917,0.0,0.0,EMP,2024-03-11 00:00:00+11:00,Energy,0.0714285144088238,0.06899281826851893,0.0019999993965029716,0.15384610424909467,0.014599999971687793,1.027397239302175,0.014199999999254942,1.056338004613444,0.013100000051781534,1.1450381378192398,0.01231000006198883,1.2185214938415232,0.010834999959915876,1.384402373808623,0.011885000048205257,1.2620950445001478,0.048841415210265214,0.7753334299608554,0.09671021010268017,1.5352269910349885,0.08008404370084767,1.2712947817012301,0.08325619505458093,1.3216511233194408,50.0,63.63636517574019,69.23077253724055,0.0008354705902202525,0.0007087703983949045,0.00012670019182534802,0.016265590654255296,0.012134409344254587,0.38729825947474256,0.016272248066741185,0.009927752036821884,0.5989442199923658,0.015229952664161963,0.009390047459815698,0.9212476944773179,207221.6,657990.8,0.1685007740505816,0.0530660915015833,0.0,0.15384610424909462,0.36363634054572125,0.36363634054572125,0.0,0.15384610424909467,0.3636363405457212,0.3636363405457212,100.0,80.55556827500881,100.0,86.66667660077434,-0.0,-0.0,0.0010714283479111536,0.0008571427315473557,40.38460188319188,65.0273134106806,45.02719336310605,54.27074649728621,0.011859862238106865,-0.266666654249032,SELL,0,2
0.013000000268220901,0.013000000268220901,0.013000000268220901,0.013000000268220901,65584,0.0,0.0,EMP,2024-03-12 00:00:00+11:00,Energy,-0.13333329608042954,-0.1431008006565545,0.0,0.0,0.0142000000923872,0.9154929706789486,0.014199999999254942,0.9154929766833096,0.013200000068172813,0.9848485000818946,0.012350000068545341,1.0526315948233125,0.01086499996483326,1.196502559622457,0.011885000048205257,1.0938157522501668,0.07748889827735954,1.2300981252616483,0.10803555149962231,1.715011212130271,0.08695465957421339,1.3803624274299013,0.08566505861542492,1.359890646865113,39.99999254941507,53.84615549938962,57.14285999384529,0.0006941754850313328,0.0007058514157221902,-1.1675930690857443e-05,0.016265590654255296,0.012134409344254587,-0.5809475019307903,0.016215748117061946,0.010184252019283682,-0.06631847114203802,0.015251442484307284,0.009448557652783398,0.22402657248838242,217671.6,646395.0,0.30129791851578247,0.10146118085690638,-0.13333329608042954,0.0,0.18181821260570508,0.18181821260570508,-0.13333329608042951,0.0,0.1818182126057051,0.1818182126057051,33.33334368136346,66.66667701469682,50.000011641532986,76.6666755142315,-66.66665631863654,-49.999988358467014,0.0011428568645247392,0.0009047617426230794,-99.29077463288797,-5.017909578154825,40.519169419390195,53.773706502327656,0.011985467735171545,-0.15384617588929128,SELL,0,2
0.012000000104308128,0.012000000104308128,0.012000000104308128,0.012000000104308128,227823,0.0,0.0,EMP,2024-03-13 00:00:00+11:00,Energy,-0.07692308794464564,-0.08004271961356928,0.0,0.0,0.01360000018030405,0.8823529371482588,0.014199999999254942,0.845070429925194,0.013250000076368451,0.9056603800108867,0.012370000071823596,0.9700889276178539,0.010884999968111516,1.1024345557614235,0.011885000048205257,1.0096760669445886,0.07873341569713896,1.249854226831793,0.10803555149962231,1.715011212130271,0.08917555976184453,1.4156181249289137,0.08647600592792042,1.3727640363565485,19.99999254941646,41.666662786154774,53.33333457509702,0.0004957912672061589,0.0006638393860189841,-0.0001680481188128252,0.016265590654255296,0.012134409344254587,-1.0650706080709085,0.0161428222908908,0.010357177861846102,-0.4321039729939704,0.015247144471726577,0.009492855671920616,-0.12859972114293075,243236.2,657786.15,0.936632787389377,0.3463481254508019,-0.19999997516473078,0.0,0.09090910630285265,0.09090910630285265,-0.19999997516473078,0.0,0.09090910630285255,0.09090910630285255,0.0,44.44444789378784,25.000005820766493,58.333339154099825,-100.0,-74.99999417923351,0.0010714282813881124,0.0009523807980474972,-147.77779467956017,-62.68656580872335,39.57411690106432,52.063553090830936,0.014999999664723873,-0.08333334626836897,SELL,0,2
0.012000000104308128,0.013000000268220901,0.012000000104308128,0.013000000268220901,1333356,0.0,0.0,EMP,2024-03-14 00:00:00+11:00,Energy,0.08333334626836897,0.08004271961356925,0.0010000001639127731,0.08333334626836898,0.013400000147521495,0.9701492630673904,0.014000000059604644,0.9285714437766951,0.013350000092759728,0.9737827848609045,0.012410000078380107,1.0475423195902032,0.010914999973028899,1.1910215575212153,0.011885000048205257,1.0938157522501668,0.09370896455145683,1.487583694923133,0.0732985210276219,1.1635779486475566,0.09071928660110905,1.4401240287823718,0.0871733681640093,1.3838343186590631,33.33333333333333,46.153844500610376,56.25000218278769,0.0004144840866329696,0.0006139683261417812,-0.00019948423950881164,0.016108184726582996,0.011891815392626291,-0.474341649025005,0.01604697680009591,0.010653023385423547,-0.12977487850999014,0.015264927914207228,0.009555072242552986,0.20666028136920003,449647.4,724453.95,2.9653368394880077,1.8404979364112792,-0.07142858093186266,-0.13333329608042954,0.18181821260570508,0.18181821260570508,-0.07142858093186272,-0.13333329608042951,0.1818182126057051,0.1818182126057051,33.33334368136346,22.22222912090899,50.000011641532986,41.666676367944156,-66.66665631863654,-49.999988358467014,0.0009999997647745268,0.000999999853471915,-77.7777777777778,-32.710272955138336,65.66376697141813,56.295467448298695,0.014939999673515558,-0.15384617588929128,SELL,0,2
0.014000000432133675,0.014999999664723873,0.014000000432133675,0.014999999664723873,532142,0.0,0.0,EMP,2024-03-15 00:00:00+11:00,Energy,0.15384610424909462,0.1431008006565544,0.0009999992325901985,0.07142851440882372,0.013599999994039536,1.1029411523013173,0.014099999982863664,1.063829764748512,0.013550000078976155,1.1070110389148633,0.012510000076144934,1.19904073328721,0.010964999971911311,1.3679890290149468,0.011895000045187771,1.2610340149424595,0.1198701648378531,1.9028798746636706,0.08685445291311636,1.3787716960000522,0.0960083882817788,1.5240859150182873,0.08843194093772765,1.4038135420558762,50.0,57.142857142857146,61.111112548337594,0.0005056025256583926,0.0005922951660451035,-8.669264038671087e-05,0.016301009366599156,0.011898990599128172,0.4089031553026616,0.01610260427825058,0.010997395879701732,0.5680471677355539,0.015370640863997328,0.00964935928829254,0.8704342045155166,438764.4,751061.05,1.2128194539028234,0.7085202993817878,0.0714285144088238,0.0714285144088238,0.36363634054572125,0.5,0.07142851440882372,0.07142851440882372,0.3636363405457212,0.5,100.0,44.44444789378784,100.0,58.333339154099825,-0.0,-0.0,0.0010714282813881124,0.0010952379199720564,62.68656784190709,78.65168193651238,68.18914205147954,58.008565529229,0.012000000104308128,-0.266666654249032,SELL,0,2
0.014000000432133675,0.014999999664723873,0.013000000268220901,0.014999999664723873,99187,0.0,0.0,EMP,2024-03-18 00:00:00+11:00,Energy,0.0,0.0,0.0009999992325901985,0.07142851440882372,0.013599999994039536,1.1029411523013173,0.014099999982863664,1.063829764748512,0.01375000006519258,1.0909090613530688,0.012590000070631505,1.1914217299898304,0.011014999970793724,1.3617793649111554,0.01191000004298985,1.259445811131863,0.11636475990785135,1.8472332965274842,0.08416523199708734,1.3360816374140956,0.0960083882817788,1.5240859150182873,0.08752244557584482,1.3893757507792244,57.14285334153962,57.142857142857146,61.111112548337594,0.0005712297639186726,0.0005880820856198174,-1.6852321701144816e-05,0.016301009366599156,0.011898990599128172,0.4089031553026616,0.016078315116374156,0.011421685014011005,0.53686875360658,0.015501553448301942,0.009678446692961067,0.827736703223567,451618.4,711953.0,0.21962568398453206,0.13931678074254902,0.0,0.0,0.36363634054572125,0.36363634054572125,0.0,0.0,0.3636363405457212,0.3636363405457212,100.0,77.77778122712117,100.0,83.33333721384433,-0.0,-0.0,0.0012142853811383247,0.0011904759864721978,33.59999386668125,52.688163579377886,77.90142679373275,57.59732015957799,0.012060000095516443,-0.266666654249032,SELL,0,2
0.014999999664723873,0.014999999664723873,0.014999999664723873,0.014999999664723873,13085,0.0,0.0,EMP,2024-03-19 00:00:00+11:00,Energy,0.0,0.0,0.0,0.0,0.01399999987334013,1.071428557173634,0.014099999982863664,1.063829764748512,0.013900000043213368,1.0791366631719959,0.012670000065118075,1.1838989414073129,0.01105499996803701,1.3568520767157777,0.011920000039972366,1.2583892293979093,0.08859149437563504,1.4063463743610465,0.08416523199708734,1.3360816374140956,0.09460553065160553,1.5018162405326798,0.08752244557584482,1.3893757507792244,57.14285334153962,61.538463742776074,61.111112548337594,0.0006161373749326397,0.000593693143482382,2.2444231450257767e-05,0.016301009366599156,0.011898990599128172,0.4089031553026616,0.01613842013505971,0.011661579951367027,0.4914178645542715,0.015622757341659025,0.009717242788577125,0.789092831340106,441118.6,648964.15,0.029663224357349704,0.02016290114022477,0.15384610424909462,0.0,0.2499999611948931,0.36363634054572125,0.15384610424909467,0.0,0.24999996119489307,0.3636363405457212,100.0,100.0,100.0,100.0,-0.0,-0.0,0.0011428567980016982,0.0011428569310477801,83.41383741308483,93.48913179228838,81.953846015891,55.42046902610304,0.012118800086900592,-0.2999999937911827,SELL,0,2
0.014999999664723873,0.014999999664723873,0.014999999664723873,0.014999999664723873,0,0.0,0.0,EMP,2024-03-20 00:00:00+11:00,Energy,0.0,0.0,0.0,0.0,0.01459999978542328,1.0273972524095485,0.014099999982863664,1.063829764748512,0.014050000021234155,1.0676156328864026,0.012750000059604645,1.1764705564392754,0.011104999966919422,1.350742882431988,0.01193000003695488,1.2573344189655684,0.06957415476194076,1.104455467065693,0.08416523199708734,1.3360816374140956,0.09460553065160553,1.5018162405326798,0.08752244557584482,1.3893757507792244,50.0,50.0,58.823530056278734,0.000644299892109592,0.000603814493207824,4.0485398901768e-05,0.016301009366599156,0.011898990599128172,0.4089031553026616,0.016150124876789178,0.011949875165679132,0.4523538879018938,0.015734654663834245,0.009765345455375045,0.7538559409623875,395554.0,606591.25,0.0,0.0,0.2499999611948931,0.0,0.2499999611948931,0.36363634054572125,0.24999996119489307,0.0,0.24999996119489307,0.3636363405457212,100.0,100.0,100.0,100.0,-0.0,-0.0,0.0009285711151148592,0.0010952378756233624,74.14329327879365,89.87340164982302,74.36598800619436,51.539894194638585,0.012176424078457057,-0.2999999937911827,SELL,0,2
0.014999999664723873,0.014999999664723873,0.014999999664723873,0.014999999664723873,0,0.0,0.0,EMP,2024-03-21 00:00:00+11:00,Energy,0.0,0.0,0.0,0.0,0.014999999664723873,1.0,0.014199999906122685,1.0563380115415528,0.014099999982863664,1.063829764748512,0.01277000004425645,1.1746280041299144,0.011154999965801835,1.3446884545683326,0.011940000033937394,1.2562813753843347,0.06880206943489886,1.092198992468044,0.08058310342579629,1.2792171092307243,0.08764960483823495,1.3913943414903205,0.07887246833883811,1.252061619086288,74.99999417923351,55.55555325599282,58.823530056278734,0.000659022093406526,0.0006148560132475645,4.41660801589615e-05,0.016470584252065424,0.011929415560179946,0.3523321034211705,0.016242305203774877,0.011957694761952452,0.4201080560674738,0.015801871499417978,0.009738128589094923,0.7355191845851583,128882.8,605390.85,0.0,0.0,0.15384610424909462,0.0714285144088238,0.0714285144088238,0.0714285144088238,0.15384610424909467,0.07142851440882372,0.07142851440882372,0.07142851440882372,100.0,100.0,100.0,100.0,-0.0,-0.0,0.0008571425985012736,0.0010476188201989447,67.26726220537415,87.49998205263559,59.83913979959161,48.470500628078575,0.012232895590182393,-0.2999999937911827,SELL,0,2
0.013000000268220901,0.014000000432133675,0.013000000268220901,0.014000000432133675,400000,0.0,0.0,EMP,2024-03-22 00:00:00+11:00,Energy,-0.06666661699612819,-0.06899281826851879,0.0010000001639127731,0.07692308794464563,0.014799999818205834,0.9459459867635903,0.014199999906122685,0.9859155299076604,0.014099999982863664,0.9929078332729416,0.012790000047534705,1.0946051900001517,0.011194999972358345,1.2505583266369964,0.011945000034756958,1.1720385426033637,0.029814217486656674,0.47328603002212044,0.08416523199708734,1.3360816374140956,0.08918032026829198,1.4156936956259616,0.07878193519065223,1.2506244499132424,75.0000116415357,44.44444674400717,50.0,0.0005832743397612417,0.0006085396785503,-2.526533878905834e-05,0.016470584252065424,0.011929415560179946,-0.08808282077095507,0.016242305203774877,0.011957694761952452,-0.046678479683420336,0.01584119581476732,0.00973880428030209,0.3965659619724831,102454.4,460584.5,3.9041759065496455,0.8684617046383454,-0.06666661699612819,0.0,0.0,0.07692308794464564,-0.06666661699612825,0.0,0.0,0.07692308794464563,66.66668736272692,88.88889578757566,66.66668736272692,88.88889578757563,-33.33331263727309,-33.33331263727309,0.0009285711816379002,0.0010476187758502505,-41.29791151566509,-27.02700039350899,52.46449549011428,46.81140739200468,0.012288237671673223,-0.25000003326151954,SELL,0,2
0.013000000268220901,0.014999999664723873,0.012000000104308128,0.014999999664723873,2763823,0.0,0.0,EMP,2024-03-25 00:00:00+11:00,Energy,0.0714285144088238,0.06899281826851893,0.0019999993965029716,0.15384610424909467,0.014799999818205834,1.0135135033091023,0.014199999906122685,1.0563380115415528,0.014199999952688813,1.0563380080774984,0.012830000035464764,1.169134810854309,0.011254999972879886,1.3327409774205208,0.011955000031739473,1.2547051129151146,0.048841415210265214,0.7753334299608554,0.08416523199708734,1.3360816374140956,0.0885760561163228,1.406101299592151,0.07934550091121628,1.259570778377563,75.0000058207692,50.0,52.94117518156002,0.0005970528266587543,0.0006062423081719909,-9.18948151323656e-06,0.016470584252065424,0.011929415560179946,0.3523321034211705,0.016312618211411233,0.012087381693966393,0.3786768900306911,0.015944220145990045,0.009715779924939483,0.6968035502452304,635381.6,597275.65,4.34986313736501,4.627382683355666,0.0,0.0,0.15384610424909462,0.15384610424909462,0.0,0.0,0.15384610424909467,0.15384610424909467,100.0,88.88889578757566,100.0,88.88889578757563,-0.0,-0.0,0.0011428568645247392,0.0010952378312746684,-6.542073081365713,1.3513367590405945,73.58434585186139,72.73831240588267,0.014999999664723873,-0.266666654249032,SELL,0,2
0.014999999664723873,0.014999999664723873,0.014999999664723873,0.014999999664723873,6543,0.0,0.0,EMP,2024-03-26 00:00:00+11:00,Energy,0.0,0.0,0.0,0.0,0.014799999818205834,1.0135135033091023,0.014399999845772981,1.0416666545400706,0.014299999922513962,1.0489510311890162,0.012850000020116568,1.1673151471783267,0.011324999965727328,1.3245032856616459,0.011975000030361116,1.2526095721664507,0.048841415210265214,0.7753334299608554,0.06940509085662097,1.101771660770772,0.0885760561163228,1.406101299592151,0.07868252656700192,1.249046386935119,50.0,50.0,56.25000036379801,0.0006010439166592683,0.0006052026298694464,-4.158713210178073e-06,0.01654993478910776,0.012250064902438202,0.27907812783405794,0.016362190427568302,0.012237809417459621,0.33944475085800374,0.01600743364576084,0.009692566394472298,0.680932649587717,634073.2,536262.7,0.010318997869646596,0.01220110964271802,0.0,0.15384610424909462,0.15384610424909462,0.0714285144088238,0.0,0.15384610424909467,0.15384610424909467,0.07142851440882372,100.0,88.88889578757566,100.0,88.88889578757563,-0.0,-0.0,0.0011428568645247392,0.0010476187758502505,85.04672259448793,79.57610063174104,73.61408132560017,72.93395327180436,0.012000000104308128,-0.13333329608042954,SELL,0,2
0.013000000268220901,0.014999999664723873,0.013000000268220901,0.014999999664723873,2959632,0.0,0.0,EMP,2024-03-27 00:00:00+11:00,Energy,0.0,0.0,0.0019999993965029716,0.15384610424909467,0.014799999818205834,1.0135135033091023,0.014699999801814556,1.0204081542145522,0.014449999900534749,1.0380622676799307,0.012910000011324883,1.1618899807564371,0.011394999958574771,1.3163668029183562,0.011990000028163195,1.2510425045446638,0.048841415210265214,0.7753334299608554,0.061739577889210515,0.9800854148697188,0.08620882414292755,1.3685226570089237,0.07576877143135136,1.202791958113507,50.0,55.55555325599282,56.25000036379801,0.0005973213357005919,0.0006036263710356756,-6.30503533508367e-06,0.016049896402586816,0.013350103201042296,0.2222391424185313,0.016224081817774703,0.012675917983294795,0.31001937331326385,0.016115161545628056,0.00970483847702171,0.652073111146135,1225999.6,663411.0,2.414056252546901,4.461234438379828,0.0,0.2499999611948931,0.2499999611948931,0.2499999611948931,0.0,0.24999996119489307,0.24999996119489307,0.24999996119489307,100.0,100.0,100.0,100.0,-0.0,-0.0,0.0012142854476613657,0.0011428568423503922,23.98753761216951,18.80165055487259,51.22688580162088,62.711006638398786,0.012060000095516443,-0.13333329608042954,SELL,0,2
0.013000000268220901,0.013000000268220901,0.013000000268220901,0.013000000268220901,120000,0.0,0.0,EMP,2024-03-28 00:00:00+11:00,Energy,-0.13333329608042954,-0.1431008006565545,0.0,0.0,0.014399999938905238,0.9027778002344372,0.014699999801814556,0.8843537716657787,0.0143499999307096,0.9059233680134281,0.012930000014603139,1.00541378604321,0.011444999957457186,1.1358672185708947,0.011990000028163195,1.084236883877008,0.07748889827735954,1.2300981252616483,0.07522483414880164,1.19415722144285,0.07265666648052142,1.1533888235905336,0.0783296918664001,1.2434453097048808,24.999994179230796,45.45454314548042,52.94117808187358,0.000428053591516769,0.0005685118151318943,-0.00014045822361512532,0.016049896402586816,0.013350103201042296,-1.259355370345481,0.016216603426334245,0.012483396435084955,-0.7232385804768522,0.016124446609783512,0.009735553419422765,0.021913108118124695,1249999.6,566667.5,0.09600003072000983,0.2117643944641258,-0.13333329608042954,0.0,-0.13333329608042954,0.08333334626836897,-0.13333329608042951,0.0,-0.13333329608042951,0.08333334626836898,33.33334368136346,77.77778122712117,33.33334368136346,77.77778122712115,-66.66665631863654,-66.66665631863654,0.001357142547411578,0.0011904758534261159,-82.35293451649206,-116.40449085614073,54.09906272383624,63.87440391688498,0.012118800086900592,0.07692308794464564,BUY,0,0
0.013000000268220901,0.013000000268220901,0.013000000268220901,0.013000000268220901,446744,0.0,0.0,EMP,2024-04-02 00:00:00+11:00,Energy,0.0,0.0,0.0,0.0,0.014199999906122685,0.9154929826876708,0.01449999986216426,0.8965517511584673,0.014299999922513962,0.9090909327736193,0.012930000014603139,1.00541378604321,0.011494999956339598,1.1309265174073604,0.01199500002898276,1.0837849301217026,0.0743528078077101,1.1803142324314952,0.053407425493396055,0.8478165961184223,0.0711737443862125,1.1298481651391867,0.07750055850497639,1.2302832256366758,24.999994179230796,40.0,42.85714190681329,0.00029055830941814194,0.0005129211139891438,-0.00022236280457100187,0.016199672459606868,0.012800327264721653,-0.882522667130314,0.016257441341695007,0.012342558503332915,-0.6641320866894468,0.016124446609783512,0.009735553419422765,0.021913108118124695,1259348.4,502673.25,0.35474218254456036,0.8887363709924887,-0.07142858093186266,-0.13333329608042954,-0.07142858093186266,0.0,-0.07142858093186272,-0.13333329608042951,-0.07142858093186272,0.0,33.33334368136346,55.55556245424233,33.33334368136346,55.555562454242306,-66.66665631863654,-66.66665631863654,0.0012142854476613657,0.0010476187315015565,-69.27082961956242,-102.68594982880066,53.904609213471105,57.24045190475455,0.012176424078457057,0.07692308794464564,BUY,0,0
0.013000000268220901,0.013000000268220901,0.013000000268220901,0.013000000268220901,30000,0.0,0.0,EMP,2024-04-03 00:00:00+11:00,Energy,0.0,0.0,0.0,0.0,0.01380000002682209,0.9420290031125881,0.014299999922513962,0.9090909327736193,0.014199999952688813,0.9154929796854903,0.012950000017881394,1.0038610231869087,0.011544999955222011,1.126028611402529,0.01199500002898276,1.0837849301217026,0.0596284627399891,0.9465725008265535,0.053407425493396055,0.8478165961184223,0.06909541818226486,1.0968557594657005,0.07664348061727488,1.2166775359662514,24.999994179230796,50.0,46.15384394953146,0.00017952287974636223,0.0004462414671405875,-0.00026671858739422526,0.016197365913365288,0.012402633931662637,-0.6851601960619977,0.016210498183843614,0.012189501721534012,-0.5968668193150555,0.0161331827538784,0.009766817281884388,0.015707628020873547,712583.8,501701.35,0.042100311570372494,0.05979653034619102,-0.13333329608042954,-0.13333329608042954,-0.13333329608042954,0.08333334626836897,-0.13333329608042951,-0.13333329608042951,-0.13333329608042951,0.08333334626836898,33.33334368136346,33.33334368136346,33.33334368136346,33.33334368136346,-66.66665631863654,-66.66665631863654,0.0010714283479111536,0.0009999997204258328,-69.2708296195624,-90.3660883270306,54.296461971409016,49.2181351722268,0.012232895590182393,0.07692308794464564,BUY,0,0
0.012000000104308128,0.012000000104308128,0.012000000104308128,0.012000000104308128,385351,0.0,0.0,EMP,2024-04-04 00:00:00+11:00,Energy,-0.07692308794464564,-0.08004271961356928,0.0,0.0,0.01320000011473894,0.9090909090909092,0.013999999966472387,0.8571428666461487,0.014049999974668026,0.8540925356543757,0.01297000002115965,0.9252120342892033,0.011584999952465296,1.0358221971122685,0.01199500002898276,1.0004168466288694,0.060937221584904624,0.9673484034053693,0.05678282349067928,0.9013993781784836,0.07092820034286071,1.125950274291454,0.07649897926033784,1.2143836480388508,24.999988358464307,50.0,38.46153625722393,1.071137185951719e-05,0.00035913544808437343,-0.00034842407622485624,0.01630940052560665,0.011690599407338124,-0.866025538208932,0.016248084778764924,0.011851915170571128,-0.9326300179770172,0.016115518252739526,0.00982448178957977,-0.308375232771843,788345.4,520302.2,0.48880985415783484,0.7406291958788566,-0.19999997516473078,-0.19999997516473078,-0.19999997516473078,0.09090910630285265,-0.19999997516473078,-0.19999997516473078,-0.19999997516473078,0.09090910630285255,0.0,22.22222912090899,0.0,22.222229120908974,-100.0,-100.0,0.0010714283479111536,0.0009999997647745268,-145.83336304350183,-148.85766829060657,53.435225527038284,47.26477218653588,0.014999999664723873,0.0,HOLD,0,1
0.013000000268220901,0.014000000432133675,0.013000000268220901,0.013000000268220901,1217172,0.0,0.0,EMP,2024-04-05 00:00:00+11:00,Energy,0.08333334626836897,0.08004271961356925,0.0,0.0,0.012800000235438347,1.0156250022737368,0.01380000002682209,0.9420290031125881,0.013950000004842877,0.9318996604808477,0.012990000024437905,1.0007698417062496,0.01161499995738268,1.119242386217823,0.012000000029802322,1.0833333529945877,0.08279112935607427,1.3142684342301099,0.06556888826454906,1.04087383254587,0.07385299041017518,1.1723798772225698,0.07633169092912297,1.2117280281090252,25.000005820766503,50.0,42.857142857142854,-4.1898330609892176e-05,0.00027892869234552033,-0.0003208270229554125,0.016070584372764825,0.011529415680879352,-0.35233210342117083,0.016148084813399747,0.011751915196286005,-0.4321943052077627,0.01612303650876194,0.009856963540113868,0.003191869559461719,439853.4,576160.8,2.7672219880532922,2.112556078094865,-0.13333329608042954,-0.13333329608042954,-0.13333329608042954,0.08333334626836897,-0.13333329608042951,-0.13333329608042951,-0.13333329608042951,0.08333334626836898,33.33334368136346,22.22222912090899,33.33334368136346,22.222229120908974,-66.66665631863654,-66.66665631863654,0.0011428569310477801,0.0010952378756233624,-50.555542879216766,-39.9286840491407,53.17582673401206,52.89446427905675,0.014939999673515558,0.0,HOLD,0,1
0.013000000268220901,0.014999999664723873,0.012000000104308128,0.014999999664723873,633643,0.0,0.0,EMP,2024-04-08 00:00:00+10:00,Energy,0.15384610424909462,0.1431008006565544,0.0019999993965029716,0.15384610424909467,0.01320000011473894,1.1363636010862666,0.01380000002682209,1.086956495331118,0.013999999966472387,1.0714285500461653,0.013030000012367964,1.151189535724175,0.011664999956265092,1.2858979615055723,0.012015000027604401,1.2484394199135622,0.08859149437563504,1.4063463743610465,0.08416523199708734,1.3360816374140956,0.08026896477166802,1.2742303126946286,0.07844266550683371,1.2452387106486387,50.0,50.0,50.0,7.690482678450808e-05,0.0002385239192333179,-0.0001616190924488098,0.016070584372764825,0.011529415680879352,0.528498155131757,0.016247805410450893,0.01175219452249388,0.4448782259738346,0.016214208360407746,0.009845791664328182,0.618678000002309,542582.0,592777.95,1.1678290101772635,1.0689382086496302,0.15384610424909462,0.0,0.0714285144088238,0.15384610424909462,0.15384610424909467,0.0,0.07142851440882372,0.15384610424909467,100.0,44.44444789378784,100.0,44.44444789378782,-0.0,-0.0,0.001214285514184407,0.0012380949975479218,8.187123266279759,17.041184434834594,53.59333485992177,55.49167415572909,0.012000000104308128,-0.13333329608042954,SELL,0,2
0.014999999664723873,0.01600000075995922,0.014000000432133675,0.014999999664723873,1172993,0.0,0.0,EMP,2024-04-09 00:00:00+10:00,Energy,0.0,0.0,0.0,0.0,0.013599999994039536,1.1029411523013173,0.01389999995008111,1.0791366704023868,0.014049999928101898,1.0676156399632322,0.013070000000298024,1.1476663859511738,0.011724999956786632,1.2793176733481875,0.01203000002540648,1.246882762514129,0.08859149437563504,1.4063463743610465,0.08058310342579629,1.2792171092307243,0.08026896477166802,1.2742303126946286,0.07844266550683371,1.2452387106486387,50.0,50.0,53.3333316776483,0.0001691078153210398,0.0002246406984508623,-5.553288312982251e-05,0.01629443739126404,0.01150556250889818,0.45939797621078227,0.016341861442915426,0.01175813841328837,0.41451009604272254,0.01630255112576218,0.009837448874833867,0.5970515513961823,687831.8,622099.75,1.7053486041209491,1.8855384526356103,0.15384610424909462,0.0714285144088238,0.0714285144088238,0.15384610424909462,0.15384610424909467,0.07142851440882372,0.07142851440882372,0.15384610424909467,74.99997671693946,69.44444013276767,74.99997671693946,69.44444013276764,-25.00002328306055,-25.00002328306055,0.001214285580707448,0.0012857140973210335,85.55560245800828,93.84062005756212,60.169244019321994,61.363930828181054,0.012060000095516443,-0.13333329608042954,SELL,0,2
0.014999999664723873,0.014999999664723873,0.012000000104308128,0.012000000104308128,3997028,0.0,0.0,EMP,2024-04-10 00:00:00+10:00,Energy,-0.19999997516473078,-0.2231435202701237,-0.0029999995604157448,-0.19999997516473078,0.013399999961256981,0.8955223984330872,0.013599999994039536,0.8823529492328942,0.01389999995008111,0.8633093631225592,0.013059999998658896,0.9188361489694015,0.011754999961704015,1.0208422070099776,0.01203000002540648,0.9975062409779722,0.13803469760296547,2.1912328929327014,0.10072648781607324,1.5989834231898439,0.09094905336362086,1.4437714630612999,0.08346735743424431,1.3250032221764922,42.85714095648435,36.36363482425981,44.44444214488196,1.0326516326417123e-07,0.00017973321179334267,-0.0001796299466300785,0.016129821620591775,0.011070178367487297,-0.6324556138418199,0.016319220730436637,0.011480779169725584,-0.7853767879315915,0.01630282552433662,0.009817174472981173,-0.3268754010838238,1481237.4,820205.3,2.6984384812319755,4.873204306287706,-0.07692308794464564,-0.19999997516473078,-0.19999997516473078,-0.04000000596046438,-0.07692308794464563,-0.19999997516473078,-0.19999997516473078,-0.04000000596046439,0.0,58.333325572313164,0.0,58.33332557231315,-100.0,-100.0,0.0014285712635942868,0.0014285712192455928,-66.66668858014434,-59.75611505444208,43.454807619584315,49.04446575704559,0.01600000075995922,0.08333334626836897,BUY,0,0
0.012000000104308128,0.014999999664723873,0.012000000104308128,0.014999999664723873,2254251,0.0,0.0,EMP,2024-04-11 00:00:00+10:00,Energy,0.2499999611948931,0.22314352027012374,0.0029999995604157448,0.24999996119489307,0.01399999987334013,1.071428557173634,0.013599999994039536,1.1029411523013173,0.013999999919906258,1.0714285536098997,0.013119999989867211,1.1432926582552299,0.011814999962225556,1.2695725529142,0.012045000023208558,1.2453299822184773,0.17074735378702485,2.710530210856983,0.13174734016202744,2.0914241877777404,0.10258703436290983,1.6285186839833814,0.09025098951757475,1.4326900430460001,59.99999813735464,50.0,50.0,0.00010700732025614203,0.00016518803348590256,-5.818071322976053e-05,0.016129821620591775,0.011070178367487297,0.5533985700771809,0.016427907344225615,0.0115720924955869,0.4118772136042034,0.016393642247863455,0.009846357731870967,0.5742837875044373,1855017.4,929638.65,1.2152182507829847,2.424867984996106,0.2499999611948931,0.0,0.15384610424909462,0.2499999611948931,0.24999996119489307,0.0,0.15384610424909467,0.24999996119489307,74.99997671693946,49.99998447795966,74.99997671693946,49.999984477959636,-25.00002328306055,-25.00002328306055,0.0016428569464811257,0.0014761902746700105,23.655899893973487,18.61701012956709,51.6004230952106,55.400969821703065,0.0159200007468462,-0.06666661699612819,SELL,0,2
0.014000000432133675,0.014000000432133675,0.012000000104308128,0.012000000104308128,1348000,0.0,0.0,EMP,2024-04-12 00:00:00+10:00,Energy,-0.19999997516473078,-0.2231435202701237,-0.0020000003278255463,-0.14285716186372543,0.013799999840557575,0.8695652349966462,0.013300000037997962,0.9022556443627258,0.013999999919906258,0.8571428694971364,0.013099999986588956,0.9160305432513782,0.011824999963864683,1.014799166256086,0.012045000023208558,0.9962640167028872,0.20381709079562138,3.235496011139316,0.1473066218380504,2.3384201271391065,0.11151140223267882,1.7701886319345654,0.09425258397366125,1.4962133857172382,46.153845051689125,41.176469943721266,47.61904677431043,-4.977160231401344e-05,0.00012219610632591935,-0.0001719677086399328,0.015803330719120434,0.010796669356875491,-0.5193081135836698,0.016427907344225615,0.0115720924955869,-0.8237545614651316,0.01638881823241303,0.009811181740764882,-0.33446660777850384,1881183.0,985647.5,0.716570370878325,1.367628893696783,-0.07692308794464564,-0.19999997516473078,0.0,-0.07692308794464564,-0.07692308794464563,-0.19999997516473078,0.0,-0.07692308794464563,0.0,24.99999223897984,0.0,24.999992238979818,-100.0,-100.0,0.0018571426293679646,0.0015238093300944282,-84.4444463760767,-82.78261126293401,47.869557750842255,52.01213739636807,0.015841600733995438,0.08333334626836897,BUY,0,0
0.013000000268220901,0.014000000432133675,0.013000000268220901,0.013000000268220901,708415,0.0,0.0,EMP,2024-04-15 00:00:00+10:00,Energy,0.08333334626836897,0.08004271961356925,0.0,0.0,0.013399999961256981,0.970149276552792,0.013300000037997962,0.9774436263969952,0.013999999919906258,0.9285714530424045,0.013119999989867211,0.990853679745504,0.011854999968782066,1.096583745462166,0.012035000026226044,1.0801828200990427,0.19271450326539244,3.0592478980534406,0.14341034195540217,2.2765686014923596,0.11151140223267882,1.7701886319345654,0.09421535218715613,1.495622349429483,53.846154948310875,47.05882256264077,52.38095322568957,-9.226480091224266e-05,7.930392487828694e-05,-0.0001715687257905296,0.015803330719120434,0.010796669356875491,-0.11984024805006707,0.016427907344225615,0.0115720924955869,-0.41187717524513834,0.016393642247863455,0.009846357731870967,-0.03665633327929968,1896137.4,954400.45,0.373609528507797,0.7422618042562742,-0.13333329608042954,0.0,0.0,0.08333334626836897,-0.13333329608042951,0.0,0.0,0.08333334626836898,25.0,33.33332557231317,25.0,33.33332557231315,-75.0,-75.0,0.0018571426958910056,0.0015714283855188462,-19.811301936514937,-39.54800725568161,51.009843004849294,54.20206002655667,0.01576476872140169,0.0,HOLD,0,1
0.012000000104308128,0.012000000104308128,0.012000000104308128,0.012000000104308128,267400,0.0,0.0,EMP,2024-04-16 00:00:00+10:00,Energy,-0.07692308794464564,-0.08004271961356928,0.0,0.0,0.012800000049173832,0.9375000045474735,0.013200000021606683,0.9090909155049764,0.01384999994188547,0.8664260039465753,0.013139999993145466,0.9132420175470302,0.011884999973699451,1.0096760732741408,0.012015000022947787,0.9987515673232618,0.19444662932896983,3.0867445468752748,0.14600761889514746,2.317799094703533,0.10726011303897108,1.7027015081867636,0.09409576097041851,1.4937238977186307,46.153845051689125,41.17647091049228,47.61904677431043,-0.00020427783510147852,2.258757288233383e-05,-0.00022686540798381235,0.015833121958759123,0.010566878084454244,-0.4557327559984867,0.016386055254028895,0.011313944629742046,-0.7294792935780879,0.016372740493985936,0.009907259492304997,-0.3526419421976349,1715018.8,941163.35,0.1559166581730766,0.2841164607610358,-0.19999997516473078,-0.07692308794464564,-0.19999997516473078,0.09090910630285265,-0.19999997516473078,-0.07692308794464563,-0.19999997516473078,0.09090910630285255,0.0,8.333333333333352,0.0,8.333333333333334,-100.0,-100.0,0.0017142855961407935,0.0015714283855188462,-123.46788487246506,-141.7721783118306,40.94731024139311,50.533206675236485,0.015689473349059818,0.08333334626836897,BUY,0,0
0.012000000104308128,0.012000000104308128,0.012000000104308128,0.012000000104308128,0,0.0,0.0,EMP,2024-04-17 00:00:00+10:00,Energy,0.0,0.0,0.0,0.0,0.012800000049173832,0.9375000045474735,0.013100000005215407,0.9160305419489051,0.013699999963864683,0.8759124186831753,0.013159999996423722,0.9118541115174144,0.011904999976977707,1.007979851114165,0.011990000018849969,1.0008340354831058,0.16935551038344712,2.688435381798109,0.14600761889514746,2.317799094703533,0.10726011303897108,1.7027015081867636,0.09409576097041851,1.4937238977186307,36.36363713332452,41.17647091049228,42.1052628999106,-0.00028970938228561893,-3.987181815125674e-05,-0.0002498375641343622,0.015840640232379268,0.010359359778051545,-0.4013660348427447,0.01630364068461565,0.011096359243113718,-0.6529318142889645,0.016350802928448344,0.009969197064399101,-0.3635448245559788,915613.2,936204.0,0.0,0.0,0.0,-0.07692308794464564,-0.19999997516473078,0.09090910630285265,0.0,-0.07692308794464563,-0.19999997516473078,0.09090910630285255,0.0,8.333333333333352,0.0,8.333333333333334,-100.0,-100.0,0.0017142855961407935,0.0014761903190187045,-114.37909403228936,-125.95157446854216,40.91897625706186,48.99153387687601,0.015615683884164785,0.08333334626836897,BUY,0,0
0.012000000104308128,0.013000000268220901,0.012000000104308128,0.012000000104308128,884533,0.0,0.0,EMP,2024-04-18 00:00:00+10:00,Energy,0.0,0.0,0.0,0.0,0.012200000137090683,0.9836065548741667,0.013100000005215407,0.9160305419489051,0.013549999985843896,0.8856088647118007,0.013159999996423722,0.9118541115174144,0.011924999980255962,1.0062893185892112,0.01197500002104789,1.0020876896214026,0.10649671641862966,1.6905829625319801,0.14341034195540217,2.2765686014923596,0.10726011303897108,1.7027015081867636,0.09329668802018772,1.4810390078843745,36.36363713332452,41.17647091049228,42.1052628999106,-0.0003533413992272069,-0.00010256573436644681,-0.0002507756648607601,0.015840640232379268,0.010359359778051545,-0.4013660348427447,0.016183788100057002,0.010916211871630789,-0.5885059140373783,0.016350802928448344,0.009969197064399101,-0.3635448245559788,641669.6,979776.4,1.3784866853595683,0.9027906775464279,-0.19999997516473078,0.0,-0.19999997516473078,0.0,-0.19999997516473078,0.0,-0.19999997516473078,0.0,0.0,0.0,0.0,0.0,-100.0,-100.0,0.0016428570795272077,0.0014285713079429808,-75.26881825956316,-90.58824252556491,54.67529812637897,51.400459405444124,0.015543370208567652,0.0,HOLD,0,1
0.013000000268220901,0.013000000268220901,0.010999999940395355,0.010999999940395355,1453536,0.0,0.0,EMP,2024-04-19 00:00:00+10:00,Energy,-0.08333334626836897,-0.08701139110057783,-0.0020000003278255463,-0.15384617588929125,0.012000000104308128,0.916666653731631,0.012899999972432852,0.8527131754962965,0.01334999999962747,0.8239700330114088,0.013159999996423722,0.8358662570960977,0.01193499998189509,0.9216589825791294,0.011955000022426247,0.9201170991016798,0.06823236469542775,1.0831552100997914,0.14354272100650556,2.278670053780445,0.10864102877556023,1.7246228659100664,0.09329668802018772,1.4810390078843745,44.444443294663444,43.74999854480838,39.99999906867728,-0.00047894095379012736,-0.00017784077825118294,-0.0003011001755389444,0.015947767469900814,0.009852232474964891,-0.6234071442838037,0.016123938505700812,0.01057606149355413,-0.8471709282981423,0.016350802928448344,0.009969197064399101,-0.6769456158979422,662776.8,1052453.2,2.193100301640009,1.3810932400604607,-0.08333334626836897,-0.15384617588929128,-0.266666654249032,0.0,-0.08333334626836898,-0.15384617588929125,-0.2666666542490321,0.0,0.0,0.0,0.0,0.0,-100.0,-100.0,0.0016428571460502489,0.0015238094187918164,-118.86793102667224,-128.45119928739828,50.20754575661553,48.215563395199226,0.015472502806482461,0.18181821260570508,BUY,0,0
0.012000000104308128,0.017000000923871994,0.010999999940395355,0.012000000104308128,14814097,0.0,0.0,EMP,2024-04-22 00:00:00+10:00,Energy,0.09090910630285265,0.08701139110057793,0.0,0.0,0.011800000071525573,1.0169491552178185,0.012600000016391277,0.9523809594204277,0.013200000021606683,0.9090909155049764,0.013200000002980232,0.9090909167877899,0.011964999986812472,1.0029252083187825,0.011950000021606684,1.0041841073314677,0.07100046353783708,1.1270974169485568,0.13691867049574016,2.1735165118399515,0.11094823925968592,1.7612486968897314,0.09305740615470179,1.4772405260284343,28.571432372745093,47.058822884897836,42.857142857142854,-0.0004921150537903693,-0.00024069563335902023,-0.00025141942043134904,0.01529979395384917,0.009900206078933384,-0.22223915083241674,0.015922227879463374,0.010477772163749994,-0.440815383559905,0.01627723682849082,0.010122763177469643,-0.38996020349294847,3483913.2,1793158.05,4.252142963837331,8.261456373017426,-0.07692308794464564,-0.19999997516473078,-0.19999997516473078,0.20000003725290383,-0.07692308794464563,-0.19999997516473078,-0.19999997516473078,0.20000003725290383,16.666666666666668,5.555555555555575,16.666666666666668,5.555555555555556,-83.33333333333333,-83.33333333333333,0.0020714286448700087,0.0018095237513383229,32.11010864347661,1.3059899251426088,75.68981410798094,69.78576799496523,0.010999999940395355,0.08333334626836897,BUY,0,0
0.013000000268220901,0.013000000268220901,0.009999999776482582,0.009999999776482582,2689461,0.0,0.0,EMP,2024-04-23 00:00:00+10:00,Energy,-0.16666669253673794,-0.18232158783804064,-0.0030000004917383194,-0.23076926383393687,0.011400000005960465,0.8771929623907109,0.012100000027567148,0.8264462606363484,0.012999999988824128,0.7692307526984159,0.013200000002980232,0.757575740471578,0.011964999986812472,0.8357709809865721,0.011930000018328429,0.8382229472857731,0.09737134287011157,1.5457221483523047,0.14498532837815564,2.301570735849813,0.11600153834480544,1.8414673329676703,0.09627294729666085,1.528285659181156,33.33333333333333,42.10526160999014,39.13043372628807,-0.0006563726790439865,-0.00032383104249601355,-0.00033254163654797297,0.014673367858332436,0.00952663219680186,-0.8160513339673057,0.01604354335566078,0.009956456621987478,-0.985693269572051,0.01627723682849082,0.010122763177469643,-1.0398940373939831,3968325.4,1907631.1,0.6777319722823134,1.4098433392074599,-0.16666669253673794,-0.33333333333333337,-0.28571432372745087,0.0,-0.16666669253673796,-0.3333333333333333,-0.28571432372745087,0.0,0.0,5.555555555555575,0.0,5.555555555555556,-100.0,-100.0,0.0022857143942798886,0.0019523809176115762,-138.7387496234436,-170.5454743683101,70.30115149351387,65.6876652955261,0.017000000923871994,0.30000005587935563,BUY,0,0
0.009999999776482582,0.010999999940395355,0.009999999776482582,0.010999999940395355,882092,0.0,0.0,EMP,2024-04-24 00:00:00+10:00,Energy,0.1000000186264518,0.09531019673746272,0.0010000001639127731,0.10000001862645191,0.01119999997317791,0.9821428541730785,0.012000000011175871,0.9166666608459005,0.012800000002607703,0.8593749951683094,0.013200000002980232,0.833333328629684,0.011984999990090728,0.9178139298698559,0.011900000013411046,0.9243697418486211,0.11433323566985881,1.8149838490307146,0.13676726478833776,2.171113020746776,0.11722936009667315,1.860958399026216,0.09627294729666085,1.528285659181156,33.33333333333333,47.36842053666338,43.47825928508435,-0.0006978124273032786,-0.00039862731945746664,-0.00029918510784581197,0.014666666649282812,0.00933333337306893,-0.3750000305589054,0.015815747921467452,0.009784252083747953,-0.596866883652837,0.01627723682849082,0.010122763177469643,-0.7149271204434658,4144743.8,1813544.55,0.21282183955495634,0.48639113938502365,-0.08333334626836897,-0.08333334626836897,-0.266666654249032,0.0,-0.08333334626836898,-0.08333334626836898,-0.2666666542490321,0.0,14.285714285714286,10.317460317460338,14.285714285714286,10.317460317460318,-85.71428571428571,-85.71428571428571,0.0022857143942798886,0.0019047619065358525,-141.46342482827777,-170.0499301091223,69.50088078279707,65.17762110535601,0.016860000900924207,0.18181821260570508,BUY,0,0
0.009999999776482582,0.010999999940395355,0.009999999776482582,0.010999999940395355,595608,0.0,0.0,EMP,2024-04-26 00:00:00+10:00,Energy,0.0,0.0,0.0010000001639127731,0.10000001862645191,0.010999999940395355,1.0,0.011600000038743018,0.948275853763473,0.012600000016391277,0.8730158671496436,0.013200000002980232,0.833333328629684,0.011994999991729855,0.9170487659841168,0.011880000014789402,0.9259259197560156,0.11433323566985881,1.8149838490307146,0.10512614134492888,1.6688257577430423,0.11722936009667315,1.860958399026216,0.09627294729666085,1.528285659181156,40.0,44.444443294663444,40.90909110151294,-0.0007223271881639411,-0.00046336729319876156,-0.0002589598949651795,0.013286548400614197,0.00991345167687184,-0.3557562367686747,0.01553078024280952,0.009669219789973035,-0.5459297362434131,0.01627723682849082,0.010122763177469643,-0.7149271204434658,4086958.8,1842997.8,0.1457337911015888,0.3231734731316554,-0.08333334626836897,-0.266666654249032,-0.266666654249032,0.0,-0.08333334626836898,-0.2666666542490321,-0.2666666542490321,0.0,14.285714285714286,9.523809523809543,14.285714285714286,9.523809523809524,-85.71428571428571,-85.71428571428571,0.0022142858111432622,0.001809523840035711,-117.03704329184524,-144.90107486884284,68.27600495445817,62.30488273009966,0.016722800878435376,0.18181821260570508,BUY,0,0
0.010999999940395355,0.010999999940395355,0.010999999940395355,0.010999999940395355,312155,0.0,0.0,EMP,2024-04-29 00:00:00+10:00,Energy,0.0,0.0,0.0,0.0,0.010999999940395355,1.0,0.011500000022351742,0.9565217320882982,0.012400000030174852,0.8870967672280115,0.013200000002980232,0.833333328629684,0.01201499999500811,0.9155222592563913,0.01186000001616776,0.9274873461551402,0.10715026438318748,1.7009577148364148,0.08535597697471817,1.3549841279283577,0.11722936009667315,1.860958399026216,0.09627294729666085,1.528285659181156,40.0,37.500000727595776,40.90909110151294,-0.0007333022607680061,-0.0005173542867126105,-0.00021594797405539556,0.013199673472148737,0.009800326572554746,-0.2941742027070585,0.01518340943272187,0.009616590627627833,-0.5029802976516485,0.01627723682849082,0.010122763177469643,-0.7149271204434658,3858682.6,1710623.95,0.08089678067846265,0.18248019969555554,0.0,-0.08333334626836897,-0.266666654249032,0.0,0.0,-0.08333334626836898,-0.2666666542490321,0.0,14.285714285714286,14.285714285714286,14.285714285714286,14.285714285714286,-85.71428571428571,-85.71428571428571,0.0020000001282564233,0.001809523840035711,-84.8484863878609,-110.24465164690086,67.8433235100088,62.571062859926045,0.01658834485639632,0.09090910630285265,BUY,0,0
0.010999999940395355,0.010999999940395355,0.010999999940395355,0.010999999940395355,504190,0.0,0.0,EMP,2024-04-30 00:00:00+10:00,Energy,0.0,0.0,0.0,0.0,0.0107999999076128,1.0185185217123545,0.011299999989569187,0.9734513230574552,0.012300000013783573,0.8943089372413482,0.013200000002980232,0.833333328629684,0.012034999998286366,0.91400082608738,0.011840000017546117,0.9290540476430798,0.09603241776136595,1.5244673711810188,0.0796198488131865,1.263925916305516,0.11350597294512145,1.8018514603993023,0.09627294729666085,1.528285659181156,40.0,37.500000727595776,40.90909110151294,-0.0007335442434547468,-0.0005605922780610378,-0.00017295196539370906,0.01264989732625725,0.009950102652881123,-0.2222391592458976,0.015135860504582432,0.009464139522984714,-0.4584146778750776,0.01627723682849082,0.010122763177469643,-0.7149271204434658,996701.2,1729833.45,0.5058587267678618,0.2914673664103328,-0.08333334626836897,-0.15384617588929128,-0.15384617588929128,0.0,-0.08333334626836898,-0.15384617588929125,-0.15384617588929125,0.0,14.285714285714286,14.285714285714286,14.285714285714286,14.285714285714286,-85.71428571428571,-85.71428571428571,0.0018571429619831698,0.0017142857735355694,-76.61691694777316,-99.08676046476279,66.35855524713867,68.74477513907061,0.016456577954798046,0.09090910630285265,BUY,0,0
0.010999999940395355,0.010999999940395355,0.010999999940395355,0.010999999940395355,0,0.0,0.0,EMP,2024-05-01 00:00:00+10:00,Energy,0.0,0.0,0.0,0.0,0.010999999940395355,1.0,0.01119999997317791,0.9821428541730785,0.012199999997392297,0.9016393395693905,0.013200000002980232,0.833333328629684,0.012055000001564621,0.9124844412250238,0.011825000015087427,0.9302325519120964,0.044721367879998114,0.7099297062066413,0.07647623358143942,1.2140225715802513,0.11350597294512145,1.8018514603993023,0.09627294729666085,1.528285659181156,50.0,46.153845602767724,44.9999990686774,-0.0007253743524719379,-0.0005935486929432178,-0.00013182565952872007,0.012464911244582025,0.009935088701773795,-0.15811388300820894,0.015072739280800832,0.009327260713983761,-0.4177197923694381,0.01627723682849082,0.010122763177469643,-0.7149271204434658,458809.0,1707496.25,0.0,0.0,0.1000000186264518,-0.08333334626836897,-0.15384617588929128,0.0,0.10000001862645191,-0.08333334626836898,-0.15384617588929125,0.0,14.285714285714286,14.285714285714286,14.285714285714286,14.285714285714286,-85.71428571428571,-85.71428571428571,0.0016428572790963309,0.001619047707035428,-66.66666666666669,-89.03509000174061,76.83574137395989,68.995115512533,0.016327446391231737,0.09090910630285265,BUY,0,0
0.010999999940395355,0.010999999940395355,0.010999999940395355,0.010999999940395355,300000,0.0,0.0,EMP,2024-05-02 00:00:00+10:00,Energy,0.0,0.0,0.0,0.0,0.010999999940395355,1.0,0.011099999956786632,0.9909909894792265,0.01209999998100102,0.9090909055923269,0.013200000002980232,0.833333328629684,0.012075000004842877,0.9109730795845652,0.011805000016465783,0.9318085493479371,0.0,0.0,0.07647623358143942,1.2140225715802513,0.11350597294512145,1.8018514603993023,0.09627294729666085,1.528285659181156,33.33333333333333,30.00000279396754,44.9999990686774,-0.0007107070663461262,-0.0006169803676237995,-9.372669872232666e-05,0.012235292567272528,0.009964707346300736,-0.08808303292705963,0.014994641012922088,0.009205358949079952,-0.3800125917083525,0.01627723682849082,0.010122763177469643,-0.7149271204434658,342390.6,1720996.25,0.8761922786431637,0.17431763724063895,0.0,-0.08333334626836897,-0.15384617588929128,0.0,0.0,-0.08333334626836898,-0.15384617588929125,0.0,14.285714285714286,14.285714285714286,14.285714285714286,14.285714285714286,-85.71428571428571,-85.71428571428571,0.001428571596209492,0.001619047707035428,-58.333333333333314,-80.76923226938865,74.37878642541511,68.995115512533,0.016200897458936755,0.09090910630285265,BUY,0,0
0.010499999858438969,0.010499999858438969,0.010499999858438969,0.010499999858438969,50000,0.0,0.0,EMP,2024-05-03 00:00:00+10:00,Energy,-0.045454553151426325,-0.0465200236982919,0.0,0.0,0.010899999924004079,0.9633027460225733,0.010949999932199717,0.9589041025984418,0.012024999968707562,0.8731808636809086,0.01316999999806285,0.7972665041748971,0.012080000005662441,0.8692052858871808,0.011782500017434359,0.8911521190666075,0.02032789414669276,0.32269531553876757,0.07743086039249279,1.2291768024017826,0.11262921386452711,1.7879333414774807,0.09570477460298474,1.519266197285928,66.66666666666666,39.99999999999999,43.90243791633243,-0.0007310024234538082,-0.0006397847787898013,-9.121764466400685e-05,0.011944429021213206,0.009955570843186228,-0.4525210281279734,0.01500696319423762,0.009043036743177503,-0.5114080875351898,0.0163232941666527,0.010016705829472996,-0.8467336051992572,233269.0,1704228.7,0.21434481221251003,0.029338785340253925,-0.045454553151426325,-0.12500001940255345,-0.12500001940255345,-0.12500001940255345,-0.045454553151426276,-0.12500001940255348,-0.12500001940255348,-0.12500001940255348,7.142857142857143,11.904761904761925,7.142857142857143,11.904761904761905,-92.85714285714286,-92.85714285714286,0.0012500002048909664,0.0016428572347476369,-88.64628820960704,-101.4492793528627,78.7594555431054,68.91066304974022,0.01607687950528767,0.23809528033209015,BUY,0,0
0.010499999858438969,0.010499999858438969,0.010499999858438969,0.010499999858438969,45455,0.0,0.0,EMP,2024-05-06 00:00:00+10:00,Energy,0.0,0.0,0.0,0.0,0.0107999999076128,0.9722222174314682,0.010899999924004079,0.9633027460225733,0.011899999948218465,0.8823529331200469,0.013139999993145466,0.7990867476344243,0.012095000008121132,0.8681273130540548,0.011760000018402933,0.8928571294224301,0.02032789414669276,0.32269531553876757,0.0730778707427881,1.1600752339652418,0.11089076883897447,1.760336382244063,0.09570477460298474,1.519266197285928,0.0,30.769230769230774,46.15384541907488,-0.0007385728323164795,-0.000659542389495137,-7.903044282134243e-05,0.011932795652283161,0.009867204195724996,-0.38729833461997254,0.014919236410507967,0.008880763485928964,-0.4636934229119206,0.016366421355252875,0.009913578631038056,-0.8182440662313623,179929.0,1645642.85,0.25262742526218673,0.02762142466088556,-0.045454553151426325,-0.045454553151426325,-0.1923077198616141,-0.12500001940255345,-0.045454553151426276,-0.045454553151426276,-0.19230771986161407,-0.12500001940255348,7.142857142857143,9.523809523809545,7.142857142857143,9.523809523809526,-92.85714285714286,-92.85714285714286,0.001107143038617713,0.0015952381793232192,-83.33333333333333,-91.96078726130219,78.02062658804739,69.66170905507333,0.01595534191071157,0.04761905606641803,HOLD,0,1
0.009999999776482582,0.010499999858438969,0.009999999776482582,0.010499999858438969,1067765,0.0,0.0,EMP,2024-05-07 00:00:00+10:00,Energy,0.0,0.0,0.0005000000819563866,0.05000000931322596,0.010699999891221524,0.9813084079611404,0.010749999899417162,0.9767441820169926,0.01167499995790422,0.8993575928306748,0.013069999981671571,0.8033664784363744,0.012110000010579824,0.8670520106742948,0.011735000018961727,0.8947592536406296,0.02032789414669276,0.32269531553876757,0.06547840150499151,1.0394373997694697,0.10446249231330525,1.6582906559700126,0.09269944766280024,1.4715581111329028,0.0,36.36363636363636,43.24324188265507,-0.0007360872799175282,-0.0006748513675796154,-6.123591233791288e-05,0.011457106796510534,0.01004289300232379,-0.3535533905917777,0.014375389753100792,0.008974610162707647,-0.43512240401564606,0.01637126734804795,0.00976873261529519,-0.7784889371300908,292644.0,1667348.95,3.6486823580869587,0.6403968407453041,-0.045454553151426325,-0.12500001940255345,-0.2999999937911827,-0.25000003326151954,-0.045454553151426276,-0.12500001940255348,-0.2999999937911827,-0.2500000332615195,7.142857142857143,7.142857142857143,7.142857142857143,7.142857142857143,-92.85714285714286,-92.85714285714286,0.0010714287470493997,0.0015238095961865924,-91.84397163120566,-93.3333357194668,75.83540521053149,66.65286206362825,0.01583623506802699,0.04761905606641803,HOLD,0,1
0.010499999858438969,0.010499999858438969,0.010499999858438969,0.010499999858438969,0,0.0,0.0,EMP,2024-05-08 00:00:00+10:00,Energy,0.0,0.0,0.0,0.0,0.010599999874830245,0.9905660360781016,0.0107999999076128,0.9722222174314682,0.011449999967589974,0.9170305579178998,0.012999999970197677,0.8076922986546212,0.01211500001139939,0.8666941682673698,0.011727500017732382,0.8953314723992846,0.02032789414669276,0.32269531553876757,0.036161058470094,0.5740390071404071,0.10446249231330525,1.6582906559700126,0.09269944766280024,1.4715581111329028,0.0,36.36363636363636,36.363636876761745,-0.0007257514507739912,-0.0006850313842184906,-4.072006655550064e-05,0.011316397771755415,0.010283602043470185,-0.5809475019264991,0.013695463288157777,0.009204536647022171,-0.4230753183315334,0.016368521549411208,0.009631478390984147,-0.7421653841215404,292644.0,1608699.3,0.0,0.0,-0.045454553151426325,0.05000000931322601,-0.2999999937911827,-0.25000003326151954,-0.045454553151426276,0.05000000931322596,-0.2999999937911827,-0.2500000332615195,7.142857142857143,7.142857142857143,7.142857142857143,7.142857142857143,-92.85714285714286,-92.85714285714286,0.0010714287470493997,0.0013809524742620333,-70.62314540059346,-77.61807099533846,75.83540521053149,65.9317281320162,0.015719510362196102,0.04761905606641803,HOLD,0,1
0.010999999940395355,0.010999999940395355,0.010999999940395355,0.010999999940395355,45455,0.0,0.0,EMP,2024-05-09 00:00:00+10:00,Energy,0.04761905606641803,0.046520023698291856,0.0,0.0,0.010599999874830245,1.0377358556875942,0.0107999999076128,1.0185185217123545,0.011399999959394336,0.9649122789101982,0.012959999963641167,0.8487654298808238,0.012135000014677644,0.9064688856275671,0.011717500016093254,0.938766795416048,0.03291182875608185,0.5224590844856211,0.021942405407403845,0.34832488724729693,0.09533375131044461,1.5133763851098867,0.09239681473305271,1.4667539623089978,50.0,41.66666666666667,38.23529492328943,-0.0006694968607103245,-0.0006819244795168574,1.2427618806532892e-05,0.011316397771755415,0.010283602043470185,0.3872983346176672,0.013638420506719567,0.009161579412069104,-0.1786974389048361,0.01637568988475779,0.009544310042524545,-0.5738225859228663,241735.0,1411120.65,0.18803648623492666,0.032211986976450245,0.0,0.0,-0.08333334626836897,-0.15384617588929128,0.0,0.0,-0.08333334626836898,-0.15384617588929125,14.285714285714286,9.523809523809543,14.285714285714286,9.523809523809524,-85.71428571428571,-85.71428571428571,0.0010357144554810865,0.0013095238911254065,-1.866666666666781,-41.76610890141703,74.90020778115343,64.45027734232613,0.015605120150481832,0.09090910630285265,BUY,0,0
0.010999999940395355,0.014000000432133675,0.010999999940395355,0.013000000268220901,6559955,0.0,0.0,EMP,2024-05-10 00:00:00+10:00,Energy,0.18181821260570508,0.16705411071414708,0.0020000003278255463,0.1818182126057051,0.011099999956786632,1.1711711998946985,0.010999999940395355,1.181818212605705,0.011299999989569187,1.1504425026744205,0.012959999963641167,1.003086443263268,0.012175000021234155,1.0677618271497233,0.011712500015273691,1.1099253149428598,0.07873554610950063,1.249888046079587,0.061469585412398234,0.9757994171726968,0.08675551965482059,1.3772011792129886,0.09587642519892067,1.5219910660213831,83.33333333333333,64.28571428571428,53.12500036379787,-0.0004582489721363485,-0.0006371893780407556,0.00017894040590440714,0.012490712169743373,0.009509287711047337,1.3416407864985929,0.012967017769750238,0.009632982209388135,1.0197853309441496,0.01637568988475779,0.009544310042524545,0.011710754050724345,1543726.0,1626405.85,4.24942962676019,4.0334059300143315,0.23809528033209015,0.18181821260570508,-0.13333329608042954,0.0,0.23809528033209013,0.1818182126057051,-0.13333329608042951,0.0,42.857142857142854,21.428571428571445,42.857142857142854,21.428571428571427,-57.142857142857146,-57.142857142857146,0.001107143038617713,0.0013095239354741005,192.75362318840578,77.77778271260343,84.91443908956745,79.30655009267466,0.015493017743001847,-0.15384617588929128,SELL,0,2
0.013000000268220901,0.013000000268220901,0.012000000104308128,0.013000000268220901,2013528,0.0,0.0,EMP,2024-05-13 00:00:00+10:00,Energy,0.0,0.0,0.0,0.0,0.011600000038743018,1.1206896745518966,0.01119999997317791,1.1607143124422934,0.011349999997764825,1.1453744731965652,0.012979999966919422,1.0015408552659824,0.012225000020116568,1.0633947032171003,0.011707500014454126,1.1103993382166175,0.07873554610950063,1.249888046079587,0.061469585412398234,0.9757994171726968,0.0734050952573611,1.1652697620959056,0.09515851471657077,1.5105945904219578,83.33333333333333,58.33333333333333,42.30769533862348,-0.00028751915661957145,-0.0005672553337565189,0.0002797361771369474,0.013155050733452094,0.009244949212903726,0.920692358284627,0.01315933282611134,0.00954066716941831,0.9119385027485257,0.0163844386823087,0.009575561251530144,0.005874772017798699,1937340.6,1659682.25,1.0393257644009524,1.2132009003530646,0.23809528033209015,0.18181821260570508,0.08333334626836897,0.08333334626836897,0.23809528033209013,0.1818182126057051,0.08333334626836898,0.08333334626836898,75.0,44.047619047619065,42.857142857142854,33.333333333333336,-25.0,-57.142857142857146,0.0007500001229345798,0.001214285868973959,233.3333333333331,89.27000879507472,63.25605296979497,77.64349279337935,0.015383157383671462,-0.15384617588929128,SELL,0,2
0.013000000268220901,0.014000000432133675,0.013000000268220901,0.014000000432133675,1381508,0.0,0.0,EMP,2024-05-14 00:00:00+10:00,Energy,0.07692308794464564,0.07410798238803563,0.0010000001639127731,0.07692308794464563,0.01230000015348196,1.1382114030438015,0.011500000022351742,1.2173913395585094,0.011400000005960465,1.2280702127029652,0.012959999982267618,1.080246948401931,0.012285000020638108,1.13960117286239,0.011707500014454126,1.1958146841639306,0.07495209265500691,1.1898275844541153,0.06368457947724006,1.01096135787903,0.07306546469306369,1.1598782940313008,0.08905319151609051,1.4136755892490953,100.0,90.0,59.09090909090909,-7.07078162117368e-05,-0.0004679458302475624,0.0003972380140358256,0.014124669743906646,0.008875330300796838,0.9525009525011341,0.013441671482754729,0.009358328529166201,1.2734665962300689,0.016327552094427898,0.009592447870107339,0.3088298013594505,2000089.2,1693336.9,0.690723193745559,0.8158494626792814,0.3333333924649262,0.2727273189085577,0.07692308794464564,-0.06666661699612819,0.33333339246492616,0.27272731890855767,0.07692308794464563,-0.06666661699612825,100.0,72.61904761904763,57.142857142857146,47.61904761904762,-0.0,-42.857142857142854,0.0006071429566613265,0.0011190478024738176,214.01938851603276,153.4325889164599,83.47380283295905,82.07399880989725,0.015275494231527685,-0.14285716186372543,SELL,0,2
0.014000000432133675,0.014000000432133675,0.014000000432133675,0.014000000432133675,155500,0.0,0.0,EMP,2024-05-15 00:00:00+10:00,Energy,0.0,0.0,0.0,0.0,0.013000000268220901,1.0769230879446456,0.011800000071525573,1.186440707396002,0.011500000022351742,1.2173913395585094,0.012959999982267618,1.080246948401931,0.012345000021159649,1.1340624064914793,0.011717500016093254,1.1947941466102452,0.07495209265500691,1.1898275844541153,0.06368457947724006,1.01096135787903,0.07043434966780925,1.1181106378655288,0.08849337537254043,1.404788783474579,100.0,87.5,55.0,9.99644056600621e-05,-0.00035436378306603753,0.0004543281887260996,0.014825815425605375,0.008774184717445772,0.7270768712445629,0.013839591013304783,0.009160409031398701,1.0685630178305436,0.016327552094427898,0.009592447870107339,0.3088298013594505,2031189.2,1687741.9,0.0765561376557142,0.09213494077500832,0.3333333924649262,0.2727273189085577,0.16666669253673794,0.0,0.33333339246492616,0.27272731890855767,0.16666669253673796,0.0,100.0,91.66666666666669,57.142857142857146,52.38095238095238,-0.0,-42.857142857142854,0.0005357143735246998,0.001023809691624982,165.66666666666674,168.7350835322195,90.33908820261372,81.73751986511648,0.015169984342426782,-0.14285716186372543,SELL,0,2
0.013000000268220901,0.014000000432133675,0.013000000268220901,0.014000000432133675,75293,0.0,0.0,EMP,2024-05-16 00:00:00+10:00,Energy,0.0,0.0,0.0010000001639127731,0.07692308794464563,0.013600000366568565,1.0294117687340942,0.012100000120699405,1.1570248175604518,0.011600000038743018,1.2068965849461084,0.012939999997615814,1.0819165714616048,0.01240500002168119,1.1285772194812398,0.011722500016912819,1.1942845307686036,0.07997751523393254,1.2696036947151919,0.06368457947724006,1.01096135787903,0.07043434966780925,1.1181106378655288,0.08795525520550168,1.3962463906498603,100.0,87.5,61.11111111111111,0.00023254276290252465,-0.0002369824738723251,0.00046952523677484977,0.015359175738008574,0.008840824503390236,0.5829696016819563,0.014187419416582612,0.009012580660903425,0.9275652852977292,0.016269766684379034,0.009610233310852593,0.31834075304184745,2037156.8,1691506.55,0.036959845211718606,0.044512390448621084,0.2727273189085577,0.2727273189085577,0.16666669253673794,-0.06666661699612819,0.27272731890855767,0.27272731890855767,0.16666669253673796,-0.06666661699612825,100.0,100.0,57.142857142857146,57.142857142857146,-0.0,-42.857142857142854,0.0005357143735246998,0.001023809691624982,112.13429256594718,127.50362844702474,89.56873901349394,82.20023801648877,0.015066584651107898,-0.2142857427955881,SELL,0,2
0.012000000104308128,0.012000000104308128,0.012000000104308128,0.012000000104308128,1800319,0.0,0.0,EMP,2024-05-17 00:00:00+10:00,Energy,-0.14285716186372543,-0.15415070200160488,0.0,0.0,0.013400000333786011,0.8955223735369617,0.012250000145286322,0.9795918336315783,0.011600000038743018,1.0344827641576848,0.012880000006407499,0.93167702626851,0.012435000026598572,0.9650181004133515,0.011722500016912819,1.02367243224525,0.07977447858492231,1.266380587833314,0.08095090255556375,1.2850557394094684,0.0783144085503556,1.243202694584108,0.09032425188780509,1.4338530471185318,63.63636363636363,58.33333333333333,50.0,0.00017422044954341388,-0.00015474188918917727,0.00032896233873259116,0.015314130032678671,0.009185870257893972,-0.08158924398304455,0.014187419416582612,0.009012580660903425,0.1545942142162884,0.016166086842803316,0.009593913170011681,-0.2677956931486797,1085229.6,1737295.85,1.6589291335216068,1.0362765789142936,-0.07692308794464564,0.1428571681992541,0.0,-0.19999997516473078,-0.07692308794464563,0.14285716819925406,0.0,-0.19999997516473078,50.0,83.33333333333336,28.571428571428573,47.61904761904762,-50.0,-71.42857142857143,0.0006785715397979532,0.0011190478024738176,14.285714285714285,20.827285921625588,75.3738369517215,77.83331497881811,0.014965252953615392,-0.08333334626836897,SELL,0,2
0.013000000268220901,0.013000000268220901,0.013000000268220901,0.013000000268220901,300000,0.0,0.0,EMP,2024-05-20 00:00:00+10:00,Energy,0.08333334626836897,0.08004271961356925,0.0,0.0,0.013400000333786011,0.970149249581989,0.012500000186264515,1.0400000059604644,0.011700000055134297,1.1111111288000488,0.012840000018477439,1.0124610786225243,0.012465000031515955,1.0429201953752327,0.011727500017732382,1.108505670310335,0.0911169987150109,1.4464375128630644,0.08333492391310761,1.3229009052034342,0.07751341713306192,1.2304873500293705,0.09109778159209153,1.4461324504941115,66.66666666666666,64.28571428571428,54.166666666666664,0.0002063130040095909,-8.253091054942362e-05,0.0002888439145590145,0.015328427774626799,0.009671572597902231,0.17677669529658943,0.014343761764431742,0.009056238345836852,0.4917236710535714,0.01606895061049796,0.009611049426456918,0.04955178011669175,742524.0,1679619.05,0.40402734457068057,0.17861192988969732,0.0,0.23809528033209015,0.18181821260570508,-0.13333329608042954,0.0,0.23809528033209013,0.1818182126057051,-0.13333329608042951,75.0,75.00000000000001,42.857142857142854,42.85714285714286,-25.0,-57.142857142857146,0.0007500001229345798,0.0011190478024738176,61.38613861386138,79.79020979020979,76.04667454235508,77.44454356564576,0.014865947890072735,-0.07692308794464564,SELL,0,2
0.013000000268220901,0.013000000268220901,0.013000000268220901,0.013000000268220901,0,0.0,0.0,EMP,2024-05-21 00:00:00+10:00,Energy,0.0,0.0,0.0,0.0,0.013200000301003456,0.9848484827104624,0.012750000227242708,1.019607846001761,0.011750000063329935,1.1063829955875522,0.012820000015199184,1.0140405813423021,0.012485000034794212,1.0412495179808927,0.011727500017732382,1.108505670310335,0.0816149471166839,1.295597120018602,0.08333492391310761,1.3229009052034342,0.07523007147503247,1.1942403614193,0.09056992280123774,1.4377529519663612,50.0,64.28571428571428,59.09090909090909,0.00022910559791887962,-2.0203608855762956e-05,0.00024930920677464257,0.015210804473972998,0.010289195980512419,0.10159281922175335,0.014454772118789634,0.009045228007870236,0.4621462286878435,0.016031967340415128,0.00960803268998324,0.05604049941872186,466222.4,938914.2,0.0,0.0,-0.07142858093186266,0.23809528033209015,0.08333334626836897,-0.07142858093186266,-0.07142858093186272,0.23809528033209013,0.08333334626836898,-0.07142858093186272,75.0,66.66666666666669,42.857142857142854,38.095238095238095,-25.0,-57.142857142857146,0.0007500001229345798,0.001023809691624982,53.46534653465344,71.33464825772515,76.04667454235508,80.87630016382502,0.014768628927800932,-0.15384617588929128,SELL,0,2
0.013000000268220901,0.013000000268220901,0.013000000268220901,0.013000000268220901,686672,0.0,0.0,EMP,2024-05-22 00:00:00+10:00,Energy,0.0,0.0,0.0,0.0,0.013000000268220901,1.0,0.013000000268220901,1.0,0.011900000087916852,1.092436989258595,0.012800000011920928,1.0156250200088834,0.012515000039711595,1.0387535139408983,0.011732500018551946,1.1080332621065185,0.0816149471166839,1.295597120018602,0.08333492391310761,1.3229009052034342,0.06329537196279708,1.004782880129348,0.09056992280123774,1.4377529519663612,50.0,64.28571428571428,55.0,0.0002443521532846313,3.2707543572315906e-05,0.00021164460971231537,0.01488561866046306,0.011114381875978742,0.0,0.014527787259973439,0.009272212915860265,0.41860322327517724,0.01599438273219838,0.009605617291643477,0.06260998565713562,572456.8,838774.75,1.199517588052059,0.8186607906353881,-0.07142858093186266,0.23809528033209015,0.30000005587935563,-0.07142858093186266,-0.07142858093186272,0.23809528033209013,0.30000005587935574,-0.07142858093186272,75.0,75.0,75.0,53.57142857142858,-25.0,-25.0,0.0007500001229345798,0.0007380953590784754,46.53179190751441,73.41349365397465,76.04667454235508,60.476841380137316,0.014673256344774566,-0.15384617588929128,SELL,0,2
0.012000000104308128,0.013000000268220901,0.012000000104308128,0.013000000268220901,253244,0.0,0.0,EMP,2024-05-23 00:00:00+10:00,Energy,0.0,0.0,0.0010000001639127731,0.08333334626836898,0.012800000235438347,1.0156250022737368,0.013200000301003456,0.9848484827104624,0.012000000104308128,1.083333346268369,0.012760000023990869,1.0188087965343882,0.01253500004298985,1.0370961486746144,0.01173750001937151,1.1075612563804702,0.0816149471166839,1.295597120018602,0.08323919920521984,1.3213813225750621,0.060102366553390775,0.9540954906403095,0.09002339648434604,1.429077115649676,33.33333333333333,69.23076923076923,68.75,0.0002535128202716501,7.686859891218276e-05,0.00017664422135946732,0.014464911572407594,0.011935089029599319,-0.15811388300820597,0.014635786646990636,0.00936421356162562,0.37939345531943086,0.015891407655342315,0.009628592392639423,0.076642926276083,608047.0,807332.35,0.4164875412591461,0.3136799856961015,-0.07142858093186266,0.18181821260570508,0.18181821260570508,-0.13333329608042954,-0.07142858093186272,0.1818182126057051,0.1818182126057051,-0.13333329608042951,75.0,75.0,75.0,64.28571428571428,-25.0,-25.0,0.0007857144145028931,0.0006428572482296399,21.212121212121215,48.61111111111111,74.64378355276183,70.52239682905214,0.014579791213408726,-0.15384617588929128,SELL,0,2
0.014000000432133675,0.014000000432133675,0.014000000432133675,0.014000000432133675,1522811,0.0,0.0,EMP,2024-05-24 00:00:00+10:00,Energy,0.07692308794464564,0.07410798238803563,0.0,0.0,0.013200000301003456,1.06060606915815,0.013300000317394733,1.0526315863183424,0.012150000128895045,1.1522633978282002,0.012780000027269124,1.095461690317793,0.012565000047907234,1.1142061582773688,0.011747500021010637,1.1917429586800934,0.043946510435669044,0.6976292256113106,0.06523229214701379,1.0355305348302608,0.061859690893223684,0.9819921496967813,0.08851145850215067,1.4050758442578255,50.0,73.33333333333333,68.75,0.0003375730388753568,0.00012900948690481757,0.00020856355197053922,0.014649897654082818,0.011950102980706648,0.5185580382404201,0.014885729095704422,0.009414271162085668,0.6762366907260722,0.01593038055978873,0.009629619494749518,0.38725493389486515,552545.4,853692.5,2.7559925392555975,1.7837933447933536,0.16666669253673794,0.07692308794464564,0.2727273189085577,0.07692308794464564,0.16666669253673796,0.07692308794464563,0.27272731890855767,0.07692308794464563,100.0,83.33333333333336,100.0,83.33333333333333,-0.0,-0.0,0.0008571429976395198,0.0006428572482296399,101.70940170940172,113.16293929712457,77.88575033410044,78.09104182175959,0.014488195384670204,-0.2142857427955881,SELL,0,2
0.013000000268220901,0.013000000268220901,0.013000000268220901,0.013000000268220901,558900,0.0,0.0,EMP,2024-05-27 00:00:00+10:00,Energy,-0.07142858093186266,-0.07410798238803556,0.0,0.0,0.013200000301003456,0.9848484827104624,0.013300000317394733,0.9774436058635676,0.012250000145286322,1.061224499105265,0.012800000030547381,1.0156250185309545,0.012585000051185489,1.032975781910809,0.011752500021830202,1.1061476489320123,0.05247181555706016,0.8329642488241878,0.07010830341891974,1.1129348141227262,0.06470200497954916,1.0271124870188992,0.08841058059179216,1.4034744570762945,40.0,64.70588235294117,61.11111111111111,0.0003198131054592875,0.00016717021061571157,0.00015264289484357595,0.014649897654082818,0.011950102980706648,-0.222239159245894,0.014954772200746,0.009545228089826644,0.27728773721270816,0.01594285710315394,0.009657142957940823,0.06363644068218735,604325.4,866029.75,0.9248328797697399,0.6453588921165815,0.0,0.0,0.18181821260570508,0.08333334626836897,0.0,0.0,0.1818182126057051,0.08333334626836898,71.42857142857143,82.14285714285717,75.0,83.33333333333333,-28.571428571428573,-25.0,0.0008928572892078332,0.0006428572482296399,20.52469135802471,51.46389069616133,79.68640467659259,74.9029117374996,0.014398431472506452,-0.15384617588929128,SELL,0,2
0.014000000432133675,0.014000000432133675,0.013000000268220901,0.013000000268220901,925431,0.0,0.0,EMP,2024-05-28 00:00:00+10:00,Energy,0.0,0.0,-0.0010000001639127731,-0.07142858093186272,0.013200000301003456,0.9848484827104624,0.013200000301003456,0.9848484827104624,0.012350000161677598,1.0526315868853404,0.012800000030547381,1.0156250185309545,0.012605000054463744,1.0313367879452946,0.011757500022649765,1.105677247984484,0.05247181555706016,0.8329642488241878,0.06504690812562455,1.0325876547244148,0.06470200497954916,1.0271124870188992,0.08769520182803914,1.3921181712636506,66.66666666666666,64.70588235294117,61.11111111111111,0.00030225403391724755,0.0001941869752760188,0.00010806705864122875,0.014464911572407594,0.011935089029599319,-0.15811388300820597,0.01500766082666647,0.009692339496688726,0.24457603452020274,0.01594285710315394,0.009657142957940823,0.06363644068218735,789411.6,887091.8,1.1723047900486894,1.043218976886045,0.0,-0.07142858093186266,0.18181821260570508,0.0,0.0,-0.07142858093186272,0.1818182126057051,0.0,66.66666666666667,79.36507936507938,75.0,83.33333333333333,-33.333333333333336,-25.0,0.0009642858723444599,0.0006904763036540576,42.944785276073596,64.76377952755908,81.11612223669664,76.09890142865109,0.014310462838585974,-0.23076926383393692,SELL,0,2
0.013000000268220901,0.013000000268220901,0.013000000268220901,0.013000000268220901,0,0.0,0.0,EMP,2024-05-29 00:00:00+10:00,Energy,0.0,0.0,0.0,0.0,0.013200000301003456,0.9848484827104624,0.013100000284612178,0.9923664111283462,0.012450000178068877,1.0441767134365885,0.012760000042617322,1.0188087950471787,0.012635000059381127,1.0288880258903341,0.01176250002346933,1.10520724695281,0.05247181555706016,0.8329642488241878,0.06504690812562455,1.0325876547244148,0.06470200497954916,1.0271124870188992,0.08497989274555612,1.3490139758741004,50.0,62.50000000000001,61.11111111111111,0.0002850524361687288,0.00021236006745456082,7.269236871416796e-05,0.0142352928950981,0.011964707674126256,-0.08808303292705758,0.015043514780792458,0.009856485575345296,0.21206747383432575,0.015838828289693484,0.009681171795541158,0.07795180709787829,652077.2,887091.8,0.0,0.0,0.0,-0.07142858093186266,0.18181821260570508,-0.13333329608042954,0.0,-0.07142858093186272,0.1818182126057051,-0.13333329608042951,66.66666666666667,68.25396825396827,75.0,75.0,-33.333333333333336,-25.0,0.0009285715807761465,0.0006904763036540576,-18.08785529715769,41.51329243353784,81.06211069386238,76.09890142865109,0.014224253577343906,-0.23076926383393692,SELL,0,2
0.013000000268220901,0.013000000268220901,0.012000000104308128,0.013000000268220901,1116008,0.0,0.0,EMP,2024-05-30 00:00:00+10:00,Energy,0.0,0.0,0.0,0.0,0.013200000301003456,0.9848484827104624,0.013000000268220901,1.0,0.012550000194460153,1.035856579026938,0.012720000054687262,1.022012595308949,0.012655000062659382,1.027261967906227,0.011757500022649765,1.105677247984484,0.05247181555706016,0.8329642488241878,0.06504690812562455,1.0325876547244148,0.06470200497954916,1.0271124870188992,0.08497989274555612,1.3490139758741004,50.0,50.0,61.11111111111111,0.0002683269400846327,0.00022355344198057522,4.477349810405747e-05,0.013942809464343692,0.01205719107209811,0.0,0.015061028912919914,0.010038971476000393,0.1792094492797254,0.01573127137334118,0.009708728736033345,0.09298405354546518,824630.0,927892.2,1.3533439239416465,1.202734541792678,0.0,-0.07142858093186266,0.18181821260570508,-0.13333329608042954,0.0,-0.07142858093186272,0.1818182126057051,-0.13333329608042951,50.0,61.11111111111112,75.0,75.0,-50.0,-25.0,0.0007857144145028931,0.0007380953590784754,-68.73385012919903,17.85714285714283,55.372105268205566,70.74721251227713,0.01413976850132668,-0.23076926383393692,SELL,0,2
0.012000000104308128,0.012000000104308128,0.012000000104308128,0.012000000104308128,909091,0.0,0.0,EMP,2024-05-31 00:00:00+10:00,Energy,-0.07692308794464564,-0.08004271961356928,0.0,0.0,0.012800000235438347,0.9374999909050532,0.013000000268220901,0.9230769120553544,0.012625000206753612,0.9504950422011759,0.012660000063478947,0.9478673020646532,0.01266500006429851,0.9474930946218503,0.011742500024847686,1.0219288975018574,0.04067419360353135,0.6456828063182283,0.05149610486707964,0.8174753218007736,0.06648829780671439,1.0554690065554053,0.08568651301630431,1.3602312249206414,33.33333333333333,42.857142857142854,55.0,0.0001723929692213199,0.00021332134742872415,-4.092837820740425e-05,0.013942809464343692,0.01205719107209811,-1.0606601717772521,0.014961777497360922,0.0102882229161463,-0.2674624171322079,0.015604659704983405,0.00971534042197449,-0.2241345484782812,701886.0,970846.75,1.2952117580347806,0.9363898061151258,-0.14285716186372543,0.0,0.1428571681992541,-0.19999997516473078,-0.14285716186372543,0.0,0.14285716819925406,-0.19999997516473078,0.0,38.88888888888891,50.0,66.66666666666667,-100.0,-50.0,0.0007857144145028931,0.0007857144145028931,-151.07913669064743,-29.89130434782609,50.19892568211318,67.1053100378708,0.014056973126829799,-0.2500000388051069,SELL,0,2
0.013000000268220901,0.013000000268220901,0.013000000268220901,0.013000000268220901,38462,0.0,0.0,EMP,2024-06-03 00:00:00+10:00,Energy,0.08333334626836897,0.08004271961356925,0.0,0.0,0.012800000235438347,1.0156250022737368,0.013000000268220901,1.0,0.012750000227242708,1.019607846001761,0.012620000075548888,1.0301109501107104,0.012685000067576765,1.02483249499141,0.01174750002566725,1.1066184498673801,0.05668639558321759,0.8998686326029438,0.05149610486707964,0.8174753218007736,0.06849074935696181,1.0872569394418679,0.08650930260238063,1.3732926046771918,50.0,42.857142857142854,61.904761904761905,0.00017503852684314786,0.0002056647833116089,-3.062625646846104e-05,0.013942809464343692,0.01205719107209811,0.0,0.014865109131560115,0.010634891322925302,0.11819724292583125,0.015488264174145679,0.009751735976952097,0.13248438066003657,597798.4,970497.1,0.06433941609746698,0.039631236404518884,0.0,0.0,0.23809528033209015,-0.13333329608042954,0.0,0.0,0.23809528033209013,-0.13333329608042951,50.0,33.33333333333335,75.0,66.66666666666667,-50.0,-25.0,0.0007857144145028931,0.0008095239422151021,-3.825136612021819,34.56790123456787,40.89510996376217,67.34919547228431,0.013975833659822854,-0.23076926383393692,SELL,0,2
0.013000000268220901,0.013000000268220901,0.013000000268220901,0.013000000268220901,0,0.0,0.0,EMP,2024-06-04 00:00:00+10:00,Energy,0.0,0.0,0.0,0.0,0.012800000235438347,1.0156250022737368,0.013000000268220901,1.0,0.012875000247731805,1.009708739268655,0.012580000087618828,1.0333863416277267,0.012675000065937638,1.0256410414668682,0.01174750002566725,1.1066184498673801,0.05668639558321759,0.8998686326029438,0.05149610486707964,0.8174753218007736,0.06849074935696181,1.0872569394418679,0.08650930260238063,1.3732926046771918,33.33333333333333,42.857142857142854,61.904761904761905,0.0001751165161269965,0.00019955512987468641,-2.4438613747689903e-05,0.013942809464343692,0.01205719107209811,0.0,0.014706738290641912,0.011043262204821698,0.06824121002067927,0.015367435514258516,0.00979256466097914,0.15067620099396978,412712.2,917108.85,0.0,0.0,0.0,0.0,0.23809528033209015,-0.13333329608042954,0.0,0.0,0.23809528033209013,-0.13333329608042951,50.0,33.33333333333335,75.0,66.66666666666667,-50.0,-25.0,0.0007857144145028931,0.0008095239422151021,8.974358974358887,30.08385744234807,39.55770792497389,67.34919547228431,0.01389631698215605,-0.23076926383393692,SELL,0,2
0.013000000268220901,0.013000000268220901,0.013000000268220901,0.013000000268220901,0,0.0,0.0,EMP,2024-06-05 00:00:00+10:00,Energy,0.0,0.0,0.0,0.0,0.012800000235438347,1.0156250022737368,0.013000000268220901,1.0,0.013000000268220901,1.0,0.012560000084340573,1.035031861538672,0.012675000065937638,1.0256410414668682,0.011752500026486814,1.1061476484937312,0.05668639558321759,0.8998686326029438,0.05149610486707964,0.8174753218007736,0.06849074935696181,1.0872569394418679,0.08595953126071283,1.3645652551891718,50.0,42.857142857142854,61.904761904761905,0.00017318198902884809,0.00019428050170551878,-2.1098512676670695e-05,0.013942809464343692,0.01205719107209811,0.0,0.014450953006273437,0.011549047530168366,0.0,0.015320065202226346,0.0097999349664548,0.15941659529300223,412712.2,917108.85,0.0,0.0,0.0,0.0,0.23809528033209015,-0.07142858093186266,0.0,0.0,0.23809528033209013,-0.07142858093186272,50.0,50.0,71.42857142857143,73.80952380952381,-50.0,-28.571428571428573,0.0007142858313662666,0.0007857144145028931,19.444444444444578,22.23634053367226,39.985367731246185,71.04879238770373,0.01381839063804258,-0.30769235177858245,SELL,0,2
0.013000000268220901,0.013000000268220901,0.013000000268220901,0.013000000268220901,38462,0.0,0.0,EMP,2024-06-06 00:00:00+10:00,Energy,0.0,0.0,0.0,0.0,0.012800000235438347,1.0156250022737368,0.013000000268220901,1.0,0.013100000284612178,0.9923664111283462,0.012520000096410513,1.0383386715746117,0.012675000065937638,1.0256410414668682,0.011752500026486814,1.1061476484937312,0.05668639558321759,0.8998686326029438,0.05149610486707964,0.8174753218007736,0.06804790133807492,1.0802269450824338,0.08537674536716512,1.355313815937629,50.0,60.0,61.904761904761905,0.00016969274997441323,0.0001893629513592977,-1.967020138488447e-05,0.013942809464343692,0.01205719107209811,0.0,0.014205012968647759,0.011994987600576597,-0.09049671359976598,0.01519230714190592,0.009847693050915107,0.17962014231093093,197203.0,916759.2,0.1950376008478573,0.041954310357616265,0.0,0.0,0.18181821260570508,-0.13333329608042954,0.0,0.0,0.1818182126057051,-0.13333329608042951,50.0,50.0,66.66666666666667,71.03174603174602,-50.0,-33.333333333333336,0.0005714286650930132,0.0007857144145028931,6.965174129353166,11.627906976744233,51.725937901359906,71.04879238770373,0.01374202282081138,-0.30769235177858245,SELL,0,2
0.013000000268220901,0.014000000432133675,0.013000000268220901,0.013000000268220901,1401645,0.0,0.0,EMP,2024-06-07 00:00:00+10:00,Energy,0.0,0.0,0.0,0.0,0.013000000268220901,1.0,0.012900000251829625,1.0077519391038068,0.013100000284612178,0.9923664111283462,0.012480000108480454,1.0416666791042009,0.01266500006429851,1.0264508647628614,0.01174750002566725,1.1066184498673801,0.0372678054097201,0.591608070139602,0.044147369376373695,0.7008177624455608,0.0548239537139948,0.8703032844992771,0.08537674536716512,1.355313815937629,50.0,50.0,60.0,0.00016502519515997766,0.00018449540011943372,-1.9470204959456066e-05,0.013532455887534241,0.012267544616125009,0.158113883007568,0.014205012968647759,0.011994987600576597,-0.09049671359976598,0.015059036598961267,0.00990096361799964,0.20162574731290586,295713.8,658843.7,4.739870104134471,2.1274317413978463,0.08333334626836897,-0.07142858093186266,0.0,-0.13333329608042954,0.08333334626836898,-0.07142858093186272,0.0,-0.13333329608042951,50.0,50.0,66.66666666666667,68.25396825396825,-50.0,-33.333333333333336,0.0005714286650930132,0.0008095239422151021,93.33333333333334,55.41666666666646,59.804930907780765,73.45273873674763,0.009999999776482582,-0.30769235177858245,SELL,0,2
0.012000000104308128,0.012000000104308128,0.012000000104308128,0.012000000104308128,41666,0.0,0.0,EMP,2024-06-11 00:00:00+10:00,Energy,-0.07692308794464564,-0.08004271961356928,0.0,0.0,0.012800000235438347,0.9374999909050532,0.012800000235438347,0.9374999909050532,0.01305000027641654,0.9195402184009198,0.012420000117272139,0.9661835741547274,0.01266500006429851,0.9474930946218503,0.011737500024028123,1.022364224046231,0.03440105073668412,0.5460997505314891,0.04506977751103593,0.7154605376352763,0.05756203573840876,0.9137689891346509,0.08608070921583512,1.3664888955909933,33.33333333333333,40.0,44.44444444444444,7.971555714240616e-05,0.00016353943152402821,-8.382387438162205e-05,0.013643274416375847,0.011956726054500846,-0.9486832980476494,0.014259611112349205,0.011840389440483875,-0.8680479216266391,0.014897326032882172,0.009942674201662106,-0.16953764957510117,296354.6,560250.6,0.14059508440226676,0.07437029072347268,-0.07692308794464564,-0.07692308794464564,-0.07692308794464564,-0.19999997516473078,-0.07692308794464563,-0.07692308794464563,-0.07692308794464563,-0.19999997516473078,0.0,33.33333333333335,0.0,44.444444444444436,-100.0,-100.0,0.0006428572482296399,0.0007142858313662666,-182.00000000000034,-175.0,59.468445712178294,57.01807095814858,0.010079999789595603,-0.16666669253673794,SELL,0,2
0.012000000104308128,0.012000000104308128,0.012000000104308128,0.012000000104308128,0,0.0,0.0,EMP,2024-06-12 00:00:00+10:00,Energy,0.0,0.0,0.0,0.0,0.012600000202655792,0.9523809453414773,0.01270000021904707,0.9448818816798835,0.012950000260025263,0.926640916089427,0.012400000113993883,0.9677419349993118,0.01266500006429851,0.9474930946218503,0.011727500022388995,1.0232359907396207,0.03440105073668412,0.5460997505314891,0.04506977751103593,0.7154605376352763,0.05447116631647775,0.8647029581822302,0.08392918711818952,1.3323345411272116,50.0,40.0,44.44444444444444,1.196908226092086e-05,0.00013322536167140674,-0.00012125627941048588,0.013666092160483367,0.011733908277610772,-0.7245688373078081,0.014159611095957939,0.011740389424092588,-0.785376690995525,0.014874358576436597,0.00992564165155117,-0.16165806844771827,296354.6,491175.2,0.0,0.0,-0.07692308794464564,-0.07692308794464564,-0.14285716186372543,-0.07692308794464564,-0.07692308794464563,-0.07692308794464563,-0.14285716186372543,-0.07692308794464563,0.0,16.666666666666686,0.0,22.222222222222218,-100.0,-100.0,0.0006428572482296399,0.0006666667759418488,-135.4838709677419,-151.4184397163118,59.468445712178294,57.01807095814858,0.010158399802446365,-0.16666669253673794,SELL,0,2
0.012000000104308128,0.012000000104308128,0.012000000104308128,0.012000000104308128,0,0.0,0.0,EMP,2024-06-13 00:00:00+10:00,Energy,0.0,0.0,0.0,0.0,0.012400000169873238,0.9677419306382801,0.012600000202655792,0.9523809453414773,0.012850000243633985,0.9338521304894951,0.012380000110715628,0.9693053309362585,0.012655000062659382,0.9482418052067865,0.011727500022388995,1.0232359907396207,0.03440105073668412,0.5460997505314891,0.04506977751103593,0.7154605376352763,0.05447116631647775,0.8647029581822302,0.08392918711818952,1.3323345411272116,0.0,40.0,37.5,-4.124504002241819e-05,9.833128133264174e-05,-0.00013957632135505995,0.013632795930934893,0.01156720447437669,-0.5809475019299457,0.014024286333342798,0.011675714153925171,-0.7238441694703465,0.014850726846309378,0.009909273375121878,-0.15380090437892166,296354.6,483400.2,0.0,0.0,-0.07692308794464564,-0.07692308794464564,-0.14285716186372543,-0.07692308794464564,-0.07692308794464563,-0.07692308794464563,-0.14285716186372543,-0.07692308794464563,0.0,0.0,0.0,0.0,-100.0,-100.0,0.0005714286650930132,0.0006190477205174309,-111.73708920187799,-127.27272727272742,61.695447370953325,50.11591095485403,0.010235231815040111,-0.16666669253673794,SELL,0,2
0.012000000104308128,0.012000000104308128,0.012000000104308128,0.012000000104308128,0,0.0,0.0,EMP,2024-06-14 00:00:00+10:00,Energy,0.0,0.0,0.0,0.0,0.012200000137090683,0.9836065548741667,0.012500000186264515,0.9599999940395356,0.012750000227242708,0.9411764619947168,0.012360000107437373,0.970873786407767,0.012655000062659382,0.9482418052067865,0.011717500020749868,1.024109245407126,0.03440105073668412,0.5460997505314891,0.04506977751103593,0.7154605376352763,0.05447116631647775,0.8647029581822302,0.08392918711818952,1.3323345411272116,0.0,25.000000000000014,37.5,-8.246698722421189e-05,6.217162762127102e-05,-0.0001446386148454829,0.013554092912435237,0.011445907460093793,-0.474341649024344,0.013850239616030135,0.011649760838455281,-0.6816699443574314,0.014826427908144446,0.009893572306730299,-0.14596008163143462,288662.2,479635.55,0.0,0.0,-0.07692308794464564,-0.07692308794464564,-0.14285716186372543,-0.07692308794464564,-0.07692308794464563,-0.07692308794464563,-0.14285716186372543,-0.07692308794464563,0.0,0.0,0.0,0.0,-100.0,-100.0,0.0005000000819563866,0.0006190477205174309,-93.33333333333334,-110.75949367088604,49.00277624476496,49.17484457216702,0.010310527187381981,-0.16666669253673794,SELL,0,2
0.013000000268220901,0.013000000268220901,0.013000000268220901,0.013000000268220901,83333,0.0,0.0,EMP,2024-06-17 00:00:00+10:00,Energy,0.08333334626836897,0.08004271961356925,0.0,0.0,0.012200000137090683,1.0655737805033332,0.012600000202655792,1.0317460364390152,0.012800000235438347,1.0156250022737368,0.012380000110715628,1.0500807877189458,0.012675000065937638,1.0256410414668682,0.011712500019930303,1.10992531450158,0.05668639558321759,0.8998686326029438,0.04594763106333298,0.7293960307567521,0.04766674157553801,0.7566860641059404,0.08391842261920451,1.3321636600033966,50.0,50.0,44.44444444444444,-3.405149703058878e-05,4.2927002690899055e-05,-7.697849972148783e-05,0.013632795930934893,0.01156720447437669,0.38729833461996493,0.013846297134504935,0.011753703336371758,0.19115036368833452,0.014850726846309378,0.009909273375121878,0.250938377188151,24999.8,393786.25,3.3333466667733345,0.21161988261398157,0.0,0.08333334626836897,0.08333334626836897,0.08333334626836897,0.0,0.08333334626836898,0.08333334626836898,0.08333334626836898,50.0,16.666666666666686,50.0,16.66666666666666,-50.0,-50.0,0.0005000000819563866,0.0006190477205174309,46.66666666666667,34.99999999999991,56.07487244383054,50.09003638328364,0.010384316652277015,-0.23076926383393692,SELL,0,2
0.012000000104308128,0.012000000104308128,0.010999999940395355,0.010999999940395355,2000000,0.0,0.0,EMP,2024-06-18 00:00:00+10:00,Energy,-0.15384617588929128,-0.16705411071414714,-0.0010000001639127731,-0.08333334626836898,0.012000000104308128,0.916666653731631,0.012400000169873238,0.8870967572339804,0.01270000021904707,0.8661417126511457,0.012340000104159117,0.89141003626798,0.01266500006429851,0.8685353244808391,0.011702500018291175,0.939970085298201,0.08605039309586665,1.3660076421060756,0.061785038566650505,0.9808070807513513,0.05595704693209756,0.8882905817033998,0.08608058629534636,1.3664869442887275,25.000000000000014,33.33333333333333,44.44444444444444,-0.00015527526736605103,3.2865486795090286e-06,-0.00015856181604556005,0.013798412196652524,0.011001588143093953,-1.001135718706779,0.01401389380507774,0.0113861066330164,-1.2938645083027538,0.01483440216531041,0.009845598043007825,-0.5372029572270658,416666.6,478786.25,4.800000768000123,4.177229400384827,-0.08333334626836897,-0.15384617588929128,-0.15384617588929128,-0.15384617588929128,-0.08333334626836898,-0.15384617588929125,-0.15384617588929125,-0.15384617588929125,0.0,16.666666666666686,0.0,16.66666666666666,-100.0,-100.0,0.0005714286650930132,0.0006190477205174309,-145.8333333333333,-188.95705521472388,29.601072213783496,49.633122623676634,0.010456630327874148,-0.18181821260570508,SELL,0,2
0.010999999940395355,0.010999999940395355,0.010999999940395355,0.010999999940395355,0,0.0,0.0,EMP,2024-06-19 00:00:00+10:00,Energy,0.0,0.0,0.0,0.0,0.011800000071525573,0.9322033791287266,0.012200000137090683,0.9016393292450002,0.012600000202655792,0.8730158542439393,0.012260000109672547,0.8972267407825623,0.012645000061020255,0.8699090460508726,0.011692500016652048,0.9407739939901255,0.08605039309586665,1.3660076421060756,0.061785038566650505,0.9808070807513513,0.05595704693209756,0.8882905817033998,0.08318239350491674,1.320479560038745,25.000000000000014,33.33333333333333,37.5,-0.0002484816370890916,-4.7067088474211114e-05,-0.0002014145486148805,0.013777621671177543,0.010622378603003824,-0.7606388292550141,0.014107874519668504,0.01109212588564308,-1.0610965676703323,0.014661020521039654,0.00985897969830544,-0.5247769503799283,416666.6,478786.25,0.0,0.0,-0.08333334626836897,-0.15384617588929128,-0.15384617588929128,-0.266666654249032,-0.08333334626836898,-0.15384617588929125,-0.15384617588929125,-0.2666666542490321,0.0,16.666666666666686,0.0,16.66666666666666,-100.0,-100.0,0.0005714286650930132,0.0005714286650930132,-148.7179487179487,-187.27272727272708,29.601072213783496,47.88886440594833,0.010527497729959338,-0.18181821260570508,SELL,0,2
0.010999999940395355,0.010999999940395355,0.010999999940395355,0.010999999940395355,0,0.0,0.0,EMP,2024-06-20 00:00:00+10:00,Energy,0.0,0.0,0.0,0.0,0.011600000038743018,0.948275853763473,0.012000000104308128,0.916666653731631,0.012500000186264515,0.8799999821186069,0.012180000115185975,0.9031198552026777,0.012625000057742,0.8712871200067719,0.01168250001501292,0.9415792789436765,0.08605039309586665,1.3660076421060756,0.061785038566650505,0.9808070807513513,0.05595704693209756,0.8882905817033998,0.08318239350491674,1.320479560038745,33.33333333333333,33.33333333333333,37.5,-0.0003186748710648189,-0.00010138864499233271,-0.00021728622607248622,0.013632993533833319,0.010367006674782938,-0.6123724356953069,0.014154340841171606,0.010845659531357424,-0.9067057872390861,0.014472490354678647,0.009887509875693304,-0.514724187027184,416666.6,444452.65,0.0,0.0,-0.08333334626836897,-0.15384617588929128,-0.15384617588929128,-0.266666654249032,-0.08333334626836898,-0.15384617588929125,-0.15384617588929125,-0.2666666542490321,0.0,0.0,0.0,0.0,-100.0,-100.0,0.0005000000819563866,0.0005714286650930132,-123.66666666666673,-154.31818181818184,37.30045727295107,47.88886440594833,0.010596947784002825,-0.2727272342428686,SELL,0,2
0.012000000104308128,0.012000000104308128,0.012000000104308128,0.012000000104308128,483333,0.0,0.0,EMP,2024-06-21 00:00:00+10:00,Energy,0.09090910630285265,0.08701139110057793,0.0,0.0,0.011600000038743018,1.0344827641576848,0.011900000087916852,1.0084033626598723,0.012450000178068877,0.9638554162791548,0.012180000115185975,0.9852216741235147,0.012620000056922437,0.9508716363060379,0.011667500017210841,1.028497971854023,0.09848141502883774,1.5633439975682613,0.07029714034377596,1.1159325073718207,0.06007713237196636,0.9536949104287857,0.0791807972369787,1.2569561886052554,50.0,50.0,44.44444444444444,-0.0002902658547386302,-0.00013916408694159224,-0.00015110176779703795,0.01337572990455446,0.010424270271279243,0.06776309271782738,0.01410115634368077,0.010798844012456984,-0.27253634945788746,0.014472490354678647,0.009887509875693304,-0.07851724198297168,513333.2,455957.1,0.9415580367683212,1.0600405169696887,0.0,-0.07692308794464564,-0.07692308794464564,0.0,0.0,-0.07692308794464563,-0.07692308794464563,0.0,33.333333333333336,11.11111111111113,33.333333333333336,11.111111111111107,-66.66666666666667,-66.66666666666667,0.0005000000819563866,0.0006190477205174309,-25.66666666666674,-48.545861297539226,52.95019908463266,50.44126616495175,0.010665008836965442,-0.2500000388051069,SELL,0,2
0.012000000104308128,0.012000000104308128,0.010999999940395355,0.010999999940395355,840000,0.0,0.0,EMP,2024-06-24 00:00:00+10:00,Energy,-0.08333334626836897,-0.08701139110057783,-0.0010000001639127731,-0.08333334626836898,0.01119999997317791,0.9821428541730785,0.011700000055134297,0.9401709306461276,0.01230000015348196,0.8943089270841519,0.012100000120699405,0.9090908950965806,0.012610000055283309,0.8723235441848075,0.011657500015571714,0.9435985353379291,0.09300342888028137,1.4763836633610412,0.07437374068968443,1.1806465316310628,0.059649880555756755,0.9469124981114381,0.07164068052072511,1.1372605464796077,40.0,33.33333333333333,39.99999999999999,-0.00034447229827396127,-0.00018022572920806606,-0.0001642465690658952,0.013049897391822348,0.010350102718446245,-0.5185580382404333,0.013902629834548102,0.010697370472415818,-0.8111669392156681,0.014266536316976516,0.009933463924422294,-0.507722964515546,664666.6,421816.55,1.2637915008817955,1.99138701409416,-0.15384617588929128,-0.15384617588929128,-0.2142857427955881,-0.266666654249032,-0.15384617588929125,-0.15384617588929125,-0.21428574279558815,-0.2666666542490321,0.0,11.11111111111113,0.0,11.111111111111107,-100.0,-100.0,0.0005000000819563866,0.0006190477205174309,-81.78694158075602,-100.62500000000007,43.893832787495775,47.88852967942067,0.010731708668868805,-0.18181821260570508,SELL,0,2
0.010999999940395355,0.010999999940395355,0.010999999940395355,0.010999999940395355,1079440,0.0,0.0,EMP,2024-06-25 00:00:00+10:00,Energy,0.0,0.0,0.0,0.0,0.01119999997317791,0.9821428541730785,0.011600000038743018,0.948275853763473,0.012200000137090683,0.9016393292450002,0.01208000011742115,0.9105960127046461,0.012590000052005052,0.8737092847464701,0.01163750001695007,0.9452201868420027,0.06163893611396769,0.9784877762169394,0.0710445065295905,1.1277965777676058,0.05790660828726056,0.9192389087719399,0.06579513821180336,1.0444654391133281,40.0,33.33333333333333,33.33333333333333,-0.0003830161238554987,-0.00022078380813755262,-0.00016223231571794606,0.012998412065522285,0.010201588011963752,-0.4290581651600532,0.013867017917271678,0.010532982356909689,-0.719848468901777,0.014268653962132422,0.009891346272709878,-0.4934540834931658,480554.6,447843.55,2.2462379925194766,2.410306009766134,0.0,-0.08333334626836897,-0.15384617588929128,-0.08333334626836897,0.0,-0.08333334626836898,-0.15384617588929125,-0.08333334626836898,0.0,11.11111111111113,0.0,11.111111111111107,-100.0,-100.0,0.0005000000819563866,0.0005714286650930132,-107.69230769230771,-120.38216560509558,36.462343697578696,33.31905860785339,0.010797074504134103,-0.18181821260570508,SELL,0,2
0.012000000104308128,0.012000000104308128,0.012000000104308128,0.012000000104308128,41667,0.0,0.0,EMP,2024-06-26 00:00:00+10:00,Energy,0.09090910630285265,0.08701139110057793,0.0,0.0,0.011400000005960465,1.0526315875468382,0.011600000038743018,1.0344827641576848,0.012150000128895045,0.9876543190950108,0.012060000114142894,0.9950248748534917,0.012590000052005052,0.9531374149912762,0.011632500016130507,1.0315925284906957,0.07337152724039817,1.1647368863465686,0.07746556709638948,1.229727754245807,0.061889015188484706,0.9824576584525787,0.0659983912788387,1.0476919815248482,40.0,42.857142857142854,44.44444444444444,-0.00032907732884109205,-0.00024244251227826052,-8.663481656283152e-05,0.012998412065522285,0.010201588011963752,0.2860387767733696,0.013775455797105065,0.010524544460685025,-0.09228183057868275,0.014232556568489266,0.009887443659796522,-0.02761723853699229,488888.0,403655.35,0.08522810950565364,0.10322419856444366,0.09090910630285265,0.0,-0.07692308794464564,-0.07692308794464564,0.09090910630285255,0.0,-0.07692308794464563,-0.07692308794464563,33.333333333333336,11.11111111111113,33.333333333333336,11.111111111111107,-66.66666666666667,-66.66666666666667,0.0005714286650930132,0.0005714286650930132,8.383233532934046,-23.1788079470198,36.91212410896445,35.857165703612665,0.010861133022694093,-0.2500000388051069,SELL,0,2
0.012000000104308128,0.012000000104308128,0.012000000104308128,0.012000000104308128,0,0.0,0.0,EMP,2024-06-27 00:00:00+10:00,Energy,0.0,0.0,0.0,0.0,0.011600000038743018,1.0344827641576848,0.011600000038743018,1.0344827641576848,0.012100000120699405,0.991735535917871,0.012060000114142894,0.9950248748534917,0.01260000005364418,0.9523809566046376,0.011627500015310942,1.0320361288760853,0.07337152724039817,1.1647368863465686,0.07746556709638948,1.229727754245807,0.061889015188484706,0.9824576584525787,0.06504487407448928,1.0325553651636672,66.66666666666666,42.857142857142854,44.44444444444444,-0.00028306742016779955,-0.00025056749385616835,-3.24999263116312e-05,0.012998412065522285,0.010201588011963752,0.2860387767733696,0.013676138230356061,0.010523862011042748,-0.06344622706512723,0.014232556568489266,0.009887443659796522,-0.02761723853699229,488888.0,403655.35,0.0,0.0,0.09090910630285265,0.0,-0.07692308794464564,0.0,0.09090910630285255,0.0,-0.07692308794464563,0.0,33.333333333333336,22.222222222222243,33.333333333333336,22.222222222222218,-66.66666666666667,-66.66666666666667,0.0005714286650930132,0.0005238096096685954,18.421052631578977,-18.50961538461532,36.91212410896445,27.627979757912883,0.010923910370882885,-0.33333330746326206,SELL,0,2
0.010999999940395355,0.010999999940395355,0.010999999940395355,0.010999999940395355,513741,0.0,0.0,EMP,2024-06-28 00:00:00+10:00,Energy,-0.08333334626836897,-0.08701139110057783,0.0,0.0,0.011400000005960465,0.9649122749687745,0.011500000022351742,0.9565217320882982,0.012000000104308128,0.916666653731631,0.012040000110864639,0.9136212490952712,0.01260000005364418,0.8730158645685028,0.011617500013671815,0.9468474222035922,0.07246639986047694,1.1503684346339265,0.08214109094495518,1.3039493943593456,0.0644888694707588,1.023729065708,0.06615802359410289,1.050226065969239,50.0,37.5,39.99999999999999,-0.0003235660242240125,-0.00026516719992973717,-5.839882429427534e-05,0.012914213816533994,0.01008578622816949,-0.35355339059290136,0.013589439193318197,0.01041056101529806,-0.6291528696048311,0.014233125163187654,0.009846875058541624,-0.4742092428189122,494969.6,373542.0,1.0379243492933707,1.375323256822526,-0.08333334626836897,-0.08333334626836897,-0.15384617588929128,-0.08333334626836897,-0.08333334626836898,-0.08333334626836898,-0.15384617588929125,-0.08333334626836898,0.0,22.222222222222243,0.0,22.222222222222218,-100.0,-100.0,0.0005714286650930132,0.0005714286650930132,-92.6940639269406,-117.24137931034485,12.819397196731174,26.094720825818982,0.0109854321721079,-0.18181821260570508,SELL,0,2
0.010999999940395355,0.010999999940395355,0.010999999940395355,0.010999999940395355,300000,0.0,0.0,EMP,2024-07-01 00:00:00+10:00,Energy,0.0,0.0,0.0,0.0,0.011400000005960465,0.9649122749687745,0.011299999989569187,0.9734513230574552,0.01195000009611249,0.9205020796588793,0.012020000107586384,0.9151414177985524,0.012590000052005052,0.8737092847464701,0.011612500012852252,0.9472551068435732,0.06163893611396769,0.9784877762169394,0.07613062568053063,1.208536216238589,0.062311912624094634,0.9891709471208436,0.06615802359410289,1.050226065969239,50.0,42.857142857142854,39.99999999999999,-0.00035160833766720995,-0.00028245542747723176,-6.915291018997819e-05,0.012266091931005441,0.010333908048132933,-0.3105295017033601,0.013601156261724418,0.010298843930500562,-0.5753545155221945,0.014232764924673518,0.009807235290499249,-0.46096185157794944,386969.6,343087.45,0.775254697009791,0.8744126315316983,0.0,-0.15384617588929128,-0.08333334626836897,-0.08333334626836897,0.0,-0.15384617588929125,-0.08333334626836898,-0.08333334626836898,0.0,11.11111111111113,0.0,11.111111111111107,-100.0,-100.0,0.0005000000819563866,0.0005238096096685954,-78.78787878787887,-110.5263157894737,12.931659174125286,30.301202323142007,0.014000000432133675,-0.18181821260570508,SELL,0,2
0.012000000104308128,0.012000000104308128,0.012000000104308128,0.012000000104308128,41667,0.0,0.0,EMP,2024-07-02 00:00:00+10:00,Energy,0.09090910630285265,0.08701139110057793,0.0,0.0,0.011600000038743018,1.0344827641576848,0.011400000005960465,1.0526315875468382,0.011900000087916852,1.0084033626598723,0.012040000110864639,0.9966777403498182,0.01260000005364418,0.9523809566046376,0.011602500011213124,1.0342598657798616,0.07337152724039817,1.1647368863465686,0.06459910936802608,1.0254790698243594,0.06288123650595195,0.99820868356191,0.06624435508278527,1.0515965358654444,50.0,50.0,50.0,-0.00028979978569186257,-0.0002839242991201579,-5.875486571704661e-06,0.01243279573423953,0.0103672042776814,0.5809475019299661,0.013476138197573522,0.010323861978260181,0.06344622706512666,0.014233125163187654,0.009846875058541624,-0.0182388170314965,179415.0,343247.7,0.2322381071816738,0.12139047107963141,0.09090910630285265,0.09090910630285265,-0.07692308794464564,0.09090910630285265,0.09090910630285255,0.09090910630285255,-0.07692308794464563,0.09090910630285255,50.0,16.666666666666686,33.333333333333336,11.111111111111107,-50.0,-66.66666666666667,0.0005714286650930132,0.0005238096096685954,48.48484848484843,0.0,13.687532533625301,35.02935080704927,0.013940000422298909,-0.2500000388051069,SELL,0,2
0.010999999940395355,0.010999999940395355,0.010999999940395355,0.010999999940395355,89285,0.0,0.0,EMP,2024-07-03 00:00:00+10:00,Energy,-0.08333334626836897,-0.08701139110057783,0.0,0.0,0.011400000005960465,0.9649122749687745,0.011400000005960465,0.9649122749687745,0.011800000071525573,0.9322033791287266,0.012020000107586384,0.9151414177985524,0.012610000055283309,0.8723235441848075,0.011602500011213124,0.9480715302533516,0.07246639986047694,1.1503684346339265,0.07116107214631064,1.1296469995671798,0.06544558941726897,1.0389165240248057,0.06615802359410289,1.050226065969239,50.0,44.444444444444436,39.99999999999999,-0.0003178438131949089,-0.00029070820193510816,-2.7135611259800768e-05,0.01243279573423953,0.0103672042776814,-0.38729833461997853,0.013335544115123443,0.010264456027927703,-0.5209880722507778,0.014232764924673518,0.009807235290499249,-0.46096185157794944,188938.6,347711.95,0.4725609272006885,0.2567786353043086,-0.08333334626836897,0.0,-0.15384617588929128,-0.08333334626836897,-0.08333334626836898,0.0,-0.15384617588929125,-0.08333334626836898,0.0,16.666666666666686,0.0,11.111111111111107,-100.0,-100.0,0.0006428572482296399,0.0005238096096685954,-68.80341880341875,-96.37681159420279,13.458040141388025,34.169212586745715,0.013881200412660838,-0.18181821260570508,SELL,0,2
0.010999999940395355,0.010999999940395355,0.010999999940395355,0.010999999940395355,1555000,0.0,0.0,EMP,2024-07-04 00:00:00+10:00,Energy,0.0,0.0,0.0,0.0,0.01119999997317791,0.9821428541730785,0.011400000005960465,0.9649122749687745,0.011700000055134297,0.9401709306461276,0.012040000110864639,0.9136212490952712,0.012620000056922437,0.8716323209809762,0.01159750001039356,0.9484802699320776,0.07246639986047694,1.1503684346339265,0.07116107214631064,1.1296469995671798,0.06544558941726897,1.0389165240248057,0.06160902096968142,0.9780128880236428,50.0,44.444444444444436,39.99999999999999,-0.0003361934778973539,-0.0002998052571275573,-3.6388220769796586e-05,0.01243279573423953,0.0103672042776814,-0.38729833461997853,0.0131653904894635,0.010234609620805094,-0.4776884701443906,0.01419558173434398,0.009884418487385298,-0.48246847121966613,499938.6,425461.95,3.1103819549040623,3.6548509214513776,-0.08333334626836897,0.0,-0.15384617588929128,0.1000000186264518,-0.08333334626836898,0.0,-0.15384617588929125,0.10000001862645191,0.0,16.666666666666686,0.0,11.111111111111107,-100.0,-100.0,0.0006428572482296399,0.0005238096096685954,-61.40350877192986,-85.61151079136694,13.458040141388025,34.169212586745715,0.013823576403215528,-0.18181821260570508,SELL,0,2
0.010999999940395355,0.010999999940395355,0.010999999940395355,0.010999999940395355,700000,0.0,0.0,EMP,2024-07-05 00:00:00+10:00,Energy,0.0,0.0,0.0,0.0,0.01119999997317791,0.9821428541730785,0.011299999989569187,0.9734513230574552,0.011600000038743018,0.948275853763473,0.012040000110864639,0.9136212490952712,0.012620000056922437,0.8716323209809762,0.011592500009573996,0.9488893622006204,0.06163893611396769,0.9784877762169394,0.06402898204548557,1.0164285791578476,0.06544558941726897,1.0389165240248057,0.06002418061310843,0.9528543273162565,33.33333333333333,37.5,39.99999999999999,-0.0003467387311212357,-0.000309191951926293,-3.754677919494268e-05,0.012266091931005441,0.010333908048132933,-0.3105295017033601,0.01296111435660762,0.010238885720878417,-0.44081536023291545,0.01419558173434398,0.009884418487385298,-0.48246847121966613,537190.4,458538.85,1.3030761532596262,1.526588205121551,0.0,-0.08333334626836897,-0.15384617588929128,0.0,0.0,-0.08333334626836898,-0.15384617588929125,0.0,0.0,0.0,0.0,0.0,-100.0,-100.0,0.0005714286650930132,0.0005238096096685954,-58.333333333333336,-77.20588235294112,11.827370011882948,34.169212586745715,0.013767104873959124,-0.18181821260570508,SELL,0,2
0.010999999940395355,0.010999999940395355,0.010999999940395355,0.010999999940395355,350000,0.0,0.0,EMP,2024-07-08 00:00:00+10:00,Energy,0.0,0.0,0.0,0.0,0.01119999997317791,0.9821428541730785,0.011299999989569187,0.9734513230574552,0.011500000022351742,0.9565217320882982,0.012040000110864639,0.9136212490952712,0.012620000056922437,0.8716323209809762,0.011592500009573996,0.9488893622006204,0.06163893611396769,0.9784877762169394,0.05811374628174822,0.922527122494862,0.06544558941726897,1.0389165240248057,0.06002418061310843,0.9528543273162565,33.33333333333333,50.0,39.99999999999999,-0.00035104924312147345,-0.0003175634101653291,-3.348583295614436e-05,0.012266091931005441,0.010333908048132933,-0.3105295017033601,0.012713954178671638,0.010286045866031846,-0.4118772355227462,0.01419558173434398,0.009884418487385298,-0.48246847121966613,547190.4,405956.6,0.6396311046392626,0.8621611275688091,0.0,0.0,-0.15384617588929128,0.0,0.0,0.0,-0.15384617588929125,0.0,0.0,0.0,0.0,0.0,-100.0,-100.0,0.0004285714988197599,0.0005238096096685954,-51.85185185185188,-70.54263565891479,19.52501991396366,34.169212586745715,0.013711762775287848,-0.18181821260570508,SELL,0,2
0.010999999940395355,0.010999999940395355,0.010999999940395355,0.010999999940395355,0,0.0,0.0,EMP,2024-07-09 00:00:00+10:00,Energy,0.0,0.0,0.0,0.0,0.010999999940395355,1.0,0.011299999989569187,0.9734513230574552,0.011450000014156103,0.960698683562935,0.012040000110864639,0.9136212490952712,0.012620000056922437,0.8716323209809762,0.011592500009573996,0.9488893622006204,0.03726780540971999,0.5916080701396003,0.05811374628174822,0.922527122494862,0.06329781576264368,1.0048216742492366,0.06002418061310843,0.9528543273162565,50.0,50.0,39.99999999999999,-0.00035042586371286655,-0.0003241359008748366,-2.6289962838029932e-05,0.012266091931005441,0.010333908048132933,-0.3105295017033601,0.012659610850088923,0.010240389178223284,-0.37202053783994127,0.01419558173434398,0.009884418487385298,-0.48246847121966613,538857.0,403873.3,0.0,0.0,-0.08333334626836897,0.0,-0.08333334626836897,0.0,-0.08333334626836898,0.0,-0.08333334626836898,0.0,0.0,0.0,0.0,0.0,-100.0,-100.0,0.0004285714988197599,0.00047619055424417766,-51.85185185185188,-65.49707602339174,19.52501991396366,13.344139654465721,0.013657527518589998,-0.2727272342428686,SELL,0,2
0.009999999776482582,0.009999999776482582,0.009999999776482582,0.009999999776482582,725350,0.0,0.0,EMP,2024-07-10 00:00:00+10:00,Energy,-0.09090910630285254,-0.0953101967374628,0.0,0.0,0.0107999999076128,0.9259259131505819,0.011099999956786632,0.9009008842714904,0.011349999997764825,0.8810572492028105,0.012020000107586384,0.8319467293657605,0.012610000055283309,0.7930213903760298,0.011582500007934869,0.8633714456837335,0.04065578829338629,0.6453906310775473,0.05541765240027677,0.8797279589649242,0.06630967393675313,1.0526334405265807,0.061439116909725366,0.9753157446873393,33.33333333333333,42.857142857142854,39.99999999999999,-0.00042571609675372095,-0.00034445194005061354,-8.126415670310741e-05,0.012235292567272502,0.009964707346300762,-0.9689133621976846,0.012691641004180002,0.010008358991349648,-1.006230589872474,0.014232764924673518,0.009807235290499249,-0.9128852354778999,666070.0,440140.8,1.0889996546909484,1.6479953687547257,-0.09090910630285254,-0.16666669253673794,-0.16666669253673794,-0.09090910630285254,-0.09090910630285255,-0.16666669253673796,-0.16666669253673796,-0.09090910630285255,0.0,0.0,0.0,0.0,-100.0,-100.0,0.0005000000819563866,0.00047619055424417766,-183.83838383838383,-173.5376044568245,16.159463612200923,11.975175725557577,0.013604376967026105,-0.10000001862645191,SELL,0,2
0.009999999776482582,0.009999999776482582,0.009999999776482582,0.009999999776482582,206967,0.0,0.0,EMP,2024-07-11 00:00:00+10:00,Energy,0.0,0.0,0.0,0.0,0.010599999874830245,0.9433962164686089,0.010899999924004079,0.9174311785507899,0.011249999981373549,0.8888888704923935,0.012000000104308128,0.8333333074632621,0.01260000005364418,0.793650772532368,0.011572500006295741,0.8641175001980835,0.04065578829338629,0.6453906310775473,0.05541765240027677,0.8797279589649242,0.06630967393675313,1.0526334405265807,0.061439116909725366,0.9753157446873393,0.0,33.33333333333333,39.99999999999999,-0.00047985270558340877,-0.0003715320931571726,-0.00010832061242623615,0.012035292534489943,0.009764707313518214,-0.7927472963435646,0.01268270101503731,0.009817298947709788,-0.872478050563288,0.014267787314079494,0.009732212894536763,-0.881917103689452,396463.4,450489.15,0.5220330552580641,0.45942726922501903,-0.09090910630285254,-0.16666669253673794,-0.16666669253673794,-0.09090910630285254,-0.09090910630285255,-0.16666669253673796,-0.16666669253673796,-0.09090910630285255,0.0,0.0,0.0,0.0,-100.0,-100.0,0.0004285714988197599,0.00047619055424417766,-173.11827956989245,-158.74316939890707,2.756313508194765,11.975175725557577,0.013460201879404363,-0.10000001862645191,SELL,0,2
0.009999999776482582,0.009999999776482582,0.009999999776482582,0.009999999776482582,0,0.0,0.0,EMP,2024-07-12 00:00:00+10:00,Energy,0.0,0.0,0.0,0.0,0.010399999842047692,0.9615384546499808,0.0107999999076128,0.9259259131505819,0.011149999964982272,0.8968609693173646,0.011980000101029873,0.8347245152045468,0.012590000052005052,0.794281154501664,0.011562500004656613,0.8648648451853181,0.04065578829338629,0.6453906310775473,0.050308971099510436,0.798630157469042,0.06630967393675313,1.0526334405265807,0.061439116909725366,0.9753157446873393,0.0,40.0,39.99999999999999,-0.0005167990206997319,-0.00040058547866568447,-0.00011621354203404747,0.012064911179016882,0.009535088636208718,-0.6324555320328504,0.012640319850008819,0.009659680079955725,-0.7716465438419651,0.014300802594710373,0.009659197607349373,-0.8531533079349894,256463.4,450489.15,0.0,0.0,-0.09090910630285254,-0.09090910630285254,-0.16666669253673794,-0.09090910630285254,-0.09090910630285255,-0.09090910630285255,-0.16666669253673796,-0.09090910630285255,0.0,0.0,0.0,0.0,-100.0,-100.0,0.0003571429156831333,0.00047619055424417766,-155.55555555555557,-145.28301886792457,3.73686220652894,11.975175725557577,0.013321793795287492,-0.10000001862645191,SELL,0,2
0.009999999776482582,0.009999999776482582,0.008999999612569809,0.008999999612569809,575826,0.0,0.0,EMP,2024-07-15 00:00:00+10:00,Energy,-0.10000001862645191,-0.1053605363538842,-0.0010000001639127731,-0.10000001862645191,0.009999999776482582,0.8999999813735481,0.010599999874830245,0.8490565772496238,0.010949999932199717,0.8219177779265815,0.01195000009611249,0.7531380368354675,0.012560000047087669,0.7165604760213891,0.011552500003017486,0.7790521194736231,0.05238131951807678,0.8315276687414692,0.05784295719616439,0.9182284790256297,0.06584461353134398,1.0452508354625678,0.06273247159266704,0.9958471137757261,0.0,33.33333333333333,36.36363636363636,-0.0006196282092004388,-0.00044439402477263536,-0.0001752341844278034,0.012286548236701389,0.008913451512959102,-0.9486832980498187,0.012468309490105396,0.009431690374294038,-1.284323285377781,0.014384866287937845,0.009515133904287135,-1.211565749874388,301628.6,475113.8,1.9090563693230682,1.2119748994872386,-0.18181821260570508,-0.18181821260570508,-0.30769235177858245,-0.1428571681992541,-0.1818182126057051,-0.1818182126057051,-0.3076923517785825,-0.14285716819925406,0.0,0.0,0.0,0.0,-100.0,-100.0,0.0004285714988197599,0.0005238096096685954,-172.34848484848473,-205.55555555555554,4.935588751772428,11.071319345198134,0.013188922034535295,0.0,HOLD,0,1
0.009999999776482582,0.009999999776482582,0.009999999776482582,0.009999999776482582,95481,0.0,0.0,EMP,2024-07-16 00:00:00+10:00,Energy,0.11111113410673124,0.1053605363538842,0.0,0.0,0.009799999743700027,1.0204081671442007,0.010399999842047692,0.9615384546499808,0.010899999924004079,0.9174311785507899,0.011940000094473362,0.837520912676647,0.012540000043809413,0.7974481452589192,0.011542500001378358,0.8663634199946652,0.08563966602675144,1.3594875520164678,0.06226593213586587,0.9884410294987558,0.0632763516076236,1.004480941351525,0.06471039744791714,1.0272457133240251,33.33333333333333,33.33333333333333,36.36363636363636,-0.0006133590052441271,-0.00047818702086693376,-0.00013517198437719338,0.011798411868826936,0.009001587815268448,-0.28603877677337425,0.01247613803366082,0.009323861814347337,-0.5710160435861188,0.014403116162463913,0.009476884026482812,-0.7876203412425722,320724.8,379887.85,0.2977038258344849,0.25133996783524404,-0.09090910630285254,-0.16666669253673794,-0.09090910630285254,-0.04761905606641803,-0.09090910630285255,-0.16666669253673796,-0.09090910630285255,-0.047619056066418024,33.333333333333336,11.11111111111113,33.333333333333336,11.111111111111107,-66.66666666666667,-66.66666666666667,0.0004285714988197599,0.0005238096096685954,-79.05282331511829,-122.80701754385979,7.022667006206035,10.910520320892616,0.012937586689217366,-0.10000001862645191,SELL,0,2
0.009999999776482582,0.009999999776482582,0.009999999776482582,0.009999999776482582,50000,0.0,0.0,EMP,2024-07-17 00:00:00+10:00,Energy,0.0,0.0,0.0,0.0,0.009799999743700027,1.0204081671442007,0.010299999825656414,0.9708737811406019,0.010849999915808439,0.9216589727261281,0.011930000092834235,0.8382229420508631,0.012500000037252903,0.7999999797344208,0.011527499998919666,0.8674907636018011,0.07470106503646962,1.1858426445489645,0.05770940759301083,0.9161084447998156,0.0632763516076236,1.004480941351525,0.06471039744791714,1.0272457133240251,33.33333333333333,33.33333333333333,44.44444444444444,-0.0006014573895490802,-0.0005028410946033631,-9.86162949457171e-05,0.011649897162344438,0.00895010248896839,-0.22223915924590423,0.012475455584018549,0.009224544247598328,-0.5229303732791706,0.014420881830270627,0.009439118355397843,-0.7748261538654998,185654.8,382387.85,0.26931703354828423,0.1307572926284138,0.0,-0.09090910630285254,-0.09090910630285254,-0.04761905606641803,0.0,-0.09090910630285255,-0.09090910630285255,-0.047619056066418024,33.333333333333336,22.222222222222243,33.333333333333336,22.222222222222218,-66.66666666666667,-66.66666666666667,0.0004285714988197599,0.0004285714988197599,-65.54307116104879,-103.70370370370381,7.022667006206035,16.019094361187925,0.012701331464618514,-0.10000001862645191,SELL,0,2
0.008999999612569809,0.008999999612569809,0.008999999612569809,0.008999999612569809,1,0.0,0.0,EMP,2024-07-18 00:00:00+10:00,Energy,-0.10000001862645191,-0.1053605363538842,0.0,0.0,0.009599999710917472,0.9374999878734037,0.010099999792873859,0.8910890888255102,0.010749999899417162,0.8372092741189483,0.011900000087916852,0.7563024828637038,0.012450000029057265,0.7228915334590007,0.011512499996460973,0.7817589242420391,0.08770040500556348,1.392200769146191,0.06444414011949144,1.023019009269448,0.06688691678701686,1.0617968866939083,0.06627113197959507,1.0520216059244891,25.000000000000014,33.33333333333333,39.99999999999999,-0.0006650506394500003,-0.0005352830035726905,-0.00012976763587730972,0.011575729609511433,0.008624269976236285,-0.745394019896123,0.012570931133894079,0.008929068664940245,-0.9610468828879534,0.014495129388229503,0.0093048707876042,-1.117478221604473,144261.6,382387.9,6.931851580739434e-06,2.615145510618929e-06,-0.10000001862645191,-0.18181821260570508,-0.18181821260570508,-0.1428571681992541,-0.10000001862645191,-0.1818182126057051,-0.1818182126057051,-0.14285716819925406,0.0,22.222222222222243,0.0,22.222222222222218,-100.0,-100.0,0.0004285714988197599,0.00047619055424417766,-140.22988505747134,-173.84615384615384,9.65701991354392,16.019091383035374,0.012479251553495592,0.0,HOLD,0,1
0.008999999612569809,0.008999999612569809,0.008999999612569809,0.008999999612569809,83751,0.0,0.0,EMP,2024-07-19 00:00:00+10:00,Energy,0.0,0.0,0.0,0.0,0.009399999678134919,0.957446800078564,0.009899999760091305,0.9090908919867291,0.010599999874830245,0.8490565772496238,0.01186000008136034,0.7588532504915051,0.012410000022500754,0.7252215629534067,0.011492499993182718,0.7831193924653952,0.08770040500556348,1.392200769146191,0.06444414011949144,1.023019009269448,0.06278523471069165,0.996684702307863,0.06590054127485284,1.0461386608668486,33.33333333333333,33.33333333333333,39.99999999999999,-0.0007072954860737994,-0.0005696855000729123,-0.00013760998600088707,0.011375729576728876,0.008424269943453735,-0.6098678344604667,0.012480649567021567,0.008719350182638924,-0.8507699593942594,0.014570825386983406,0.009149174775737273,-1.0550294269638214,161011.8,362408.8,0.5201544234646157,0.23109538178984618,-0.10000001862645191,-0.18181821260570508,-0.2500000388051069,-0.18181821260570508,-0.10000001862645191,-0.1818182126057051,-0.25000003880510696,-0.1818182126057051,0.0,11.11111111111113,0.0,11.111111111111107,-100.0,-100.0,0.0004285714988197599,0.00047619055424417766,-118.82716049382718,-144.03846153846166,9.65701991354392,16.019091383035374,0.012270496437040045,0.0,HOLD,0,1
0.008999999612569809,0.008999999612569809,0.008999999612569809,0.008999999612569809,0,0.0,0.0,EMP,2024-07-22 00:00:00+10:00,Energy,0.0,0.0,0.0,0.0,0.009399999678134919,0.957446800078564,0.00969999972730875,0.9278350376888974,0.010499999858438969,0.8571428318007459,0.011780000068247318,0.7640067538564004,0.012370000015944243,0.7275666613556434,0.011477499990724028,0.7841428551377475,0.07470106503646962,1.1858426445489645,0.06444414011949144,1.023019009269448,0.06055556746828941,0.9612898321289219,0.06033968583195097,0.9578628173946587,33.33333333333333,20.0,33.33333333333333,-0.0007323329529605495,-0.0006022149906504398,-0.00013011796231010965,0.011049897063996762,0.008350102390620739,-0.5185580382404488,0.012500000186266735,0.008499999530611202,-0.7499999999991672,0.014587861214608004,0.008972138921886632,-0.9900776109533451,45846.6,320408.8,0.0,0.0,0.0,-0.18181821260570508,-0.18181821260570508,-0.30769235177858245,0.0,-0.1818182126057051,-0.1818182126057051,-0.3076923517785825,0.0,0.0,0.0,0.0,-100.0,-100.0,0.0003571429156831333,0.0004285714988197599,-112.98245614035092,-125.64102564102569,6.555586324023565,4.587716155706119,0.012074266627571831,0.0,HOLD,0,1
0.009999999776482582,0.009999999776482582,0.009999999776482582,0.009999999776482582,50000,0.0,0.0,EMP,2024-07-23 00:00:00+10:00,Energy,0.11111113410673124,0.1053605363538842,0.0,0.0,0.009399999678134919,1.063829799882154,0.009599999710917472,1.0416666747510643,0.01044999985024333,0.9569377913675022,0.011720000058412552,0.8532422974950957,0.012350000012665986,0.8097165802612731,0.011472499989904463,0.8716495781462064,0.07470106503646962,1.1858426445489645,0.07636466068942872,1.2122514068283519,0.06618568934574401,1.0506652461612955,0.06255200286022747,0.9929822614629771,50.0,40.0,44.44444444444444,-0.0006638314344205361,-0.0006145382794044592,-4.9293155016076964e-05,0.010632795439196492,0.008567203982638452,0.38729833461999563,0.012447366865108379,0.008452632835378282,-0.22529663823008123,0.01454958187150361,0.008890418245321495,-0.607863774771378,36750.4,268936.8,1.3605294092037092,0.1859172861430641,0.0,-0.09090910630285254,-0.09090910630285254,-0.23076926383393692,0.0,-0.09090910630285255,-0.09090910630285255,-0.23076926383393687,50.0,16.666666666666686,33.333333333333336,11.111111111111107,-50.0,-66.66666666666667,0.0003571429156831333,0.0004285714988197599,-2.8455284552845237,-40.110905730129446,10.330480120365621,7.3082182439737835,0.01188981060667171,-0.10000001862645191,SELL,0,2
0.009999999776482582,0.009999999776482582,0.009999999776482582,0.009999999776482582,0,0.0,0.0,EMP,2024-07-24 00:00:00+10:00,Energy,0.0,0.0,0.0,0.0,0.009399999678134919,1.063829799882154,0.009599999710917472,1.0416666747510643,0.010349999833852052,0.9661835687934299,0.01164000004529953,0.8591065066636994,0.012300000013783573,0.8130081109980833,0.011462499988265335,0.8724100141086168,0.07470106503646962,1.1858426445489645,0.07042883953219355,1.1180231671743526,0.062435646865047906,0.9911351673021978,0.06147581213786448,0.9758982633750926,66.66666666666666,40.0,44.44444444444444,-0.000602597122921435,-0.0006121500481078544,9.552925186419358e-06,0.010632795439196492,0.008567203982638452,0.38729833461999563,0.012216604148788139,0.008483395518915965,-0.18750629395253168,0.014432410039664625,0.008847590050934436,-0.5873064027583216,26750.4,266853.45,0.0,0.0,0.0,0.0,-0.16666669253673794,-0.28571432372745087,0.0,0.0,-0.16666669253673796,-0.28571432372745087,50.0,33.33333333333335,33.333333333333336,22.222222222222218,-50.0,-66.66666666666667,0.0003571429156831333,0.0004285714988197599,6.392694063926877,-36.363636363636324,10.330480120365621,11.304196290208239,0.011716421947025596,-0.10000001862645191,SELL,0,2
0.009999999776482582,0.009999999776482582,0.009999999776482582,0.009999999776482582,0,0.0,0.0,EMP,2024-07-25 00:00:00+10:00,Energy,0.0,0.0,0.0,0.0,0.009599999710917472,1.0416666747510643,0.009599999710917472,1.0416666747510643,0.010249999817460775,0.9756097516653297,0.011560000032186508,0.8650518813702062,0.012260000007227063,0.8156606664427203,0.011447499985806645,0.8735531591073363,0.04969040978394917,0.7888108009993217,0.07042883953219355,1.1180231671743526,0.062435646865047906,0.9911351673021978,0.06147581213786448,0.9758982633750926,50.0,40.0,37.5,-0.0005477543190640592,-0.0005992709022990954,5.151658323503626e-05,0.010632795439196492,0.008567203982638452,0.38729833461999563,0.011951392714790185,0.008548606920131365,-0.14693845341108783,0.014305237544897941,0.008814762519475074,-0.5682569353218311,26750.2,266853.45,0.0,0.0,0.11111113410673124,0.0,-0.16666669253673794,-0.28571432372745087,0.11111113410673122,0.0,-0.16666669253673796,-0.28571432372745087,50.0,50.0,33.333333333333336,33.333333333333336,-50.0,-66.66666666666667,0.0003571429156831333,0.00038095244339534214,17.412935323383152,-31.111111111111146,10.330480120365621,9.213873455935186,0.01155343660695825,-0.10000001862645191,SELL,0,2
0.009999999776482582,0.009999999776482582,0.009999999776482582,0.009999999776482582,4907,0.0,0.0,EMP,2024-07-26 00:00:00+10:00,Energy,0.0,0.0,0.0,0.0,0.009799999743700027,1.0204081671442007,0.009599999710917472,1.0416666747510643,0.010199999809265137,0.9803921532821123,0.011480000019073486,0.8710801184554048,0.01221000000834465,0.8190008001349964,0.011437499984167517,0.8743169215584865,0.04969040978394917,0.7888108009993217,0.07042883953219355,1.1180231671743526,0.05981463695745552,0.9495279249062428,0.06147581213786448,0.9758982633750926,50.0,40.0,37.5,-0.0004985440958816274,-0.0005791255410156018,8.058144513397442e-05,0.010632795439196492,0.008567203982638452,0.38729833461999563,0.011867017589446265,0.00853298202908401,-0.11997474481695344,0.014167537834747836,0.008792462203399137,-0.5506900159540812,10981.4,241411.75,0.4468464858761178,0.02032626829472882,0.11111113410673124,0.0,-0.09090910630285254,-0.28571432372745087,0.11111113410673122,0.0,-0.09090910630285255,-0.28571432372745087,50.0,50.0,33.333333333333336,33.333333333333336,-50.0,-66.66666666666667,0.0003571429156831333,0.00038095244339534214,30.60109289617483,-25.51252847380407,10.330480120365621,9.213873455935186,0.011400230387294943,-0.10000001862645191,SELL,0,2
0.009999999776482582,0.009999999776482582,0.009999999776482582,0.009999999776482582,0,0.0,0.0,EMP,2024-07-29 00:00:00+10:00,Energy,0.0,0.0,0.0,0.0,0.009999999776482582,1.0,0.00969999972730875,1.0309278409904725,0.010149999801069499,0.9852216721648496,0.011440000012516976,0.8741258536312212,0.012160000009462237,0.8223684020313435,0.01142749998252839,0.875082020719464,0.04969040978394917,0.7888108009993217,0.06073397743973118,0.9641220026240163,0.05981463695745552,0.9495279249062428,0.05815977160264122,0.923257751813431,100.0,40.0,42.857142857142854,-0.0004543076635206717,-0.0005541619655166158,9.985430199594412e-05,0.010666091668744961,0.00873390778587254,0.3105295017033736,0.011775455469279656,0.008524544132859342,-0.09228183057867502,0.014155338599425252,0.0087246614256087,-0.5303206911201443,10981.4,226411.75,0.0,0.0,0.11111113410673124,0.11111113410673124,-0.09090910630285254,-0.16666669253673794,0.11111113410673122,0.11111113410673122,-0.09090910630285255,-0.16666669253673796,100.0,66.66666666666669,33.333333333333336,33.333333333333336,-0.0,-66.66666666666667,0.0003571429156831333,0.0003333333879709244,46.66666666666676,-22.033898305084765,10.330480120365621,12.559170373828323,0.011256216540811435,0.0,HOLD,0,1
0.008999999612569809,0.008999999612569809,0.008999999612569809,0.008999999612569809,1575093,0.0,0.0,EMP,2024-07-30 00:00:00+10:00,Energy,-0.10000001862645191,-0.1053605363538842,0.0,0.0,0.009799999743700027,0.918367331423197,0.009599999710917472,0.9374999878734037,0.009999999776482582,0.8999999813735481,0.011359999999403953,0.7922534870635589,0.012100000008940697,0.7438016203239425,0.011407499979250134,0.7889546025808031,0.044721367879998065,0.7099297062066405,0.05921295641140702,0.9399765423449434,0.059260611554942014,0.9407330442958636,0.05845090495554441,0.9278793505142605,50.0,40.0,37.5,-0.0004942442875554617,-0.000542178429924385,4.793414236892331e-05,0.010632795439196492,0.008567203982638452,-0.5809475019299918,0.011450952514535352,0.008549047038429812,-0.6892024376030392,0.014123021573149805,0.0085969784256581,-0.8541375171510771,316000.0,303083.05,4.984471518987342,5.196902301200942,-0.10000001862645191,-0.10000001862645191,-0.2500000388051069,-0.30769235177858245,-0.10000001862645191,-0.10000001862645191,-0.25000003880510696,-0.3076923517785825,0.0,50.00000000000002,0.0,22.222222222222218,-100.0,-100.0,0.0003571429156831333,0.00038095244339534214,-103.70370370370371,-122.80701754385963,6.926007183765179,6.572864604808473,0.011120843525116938,0.11111113410673124,BUY,0,0
0.008999999612569809,0.008999999612569809,0.008999999612569809,0.008999999612569809,0,0.0,0.0,EMP,2024-07-31 00:00:00+10:00,Energy,0.0,0.0,0.0,0.0,0.009599999710917472,0.9374999878734037,0.009499999694526196,0.9473684107332675,0.009899999760091305,0.9090908919867291,0.011279999986290931,0.7978723070485723,0.012050000000745058,0.7468879346069157,0.011387499975971877,0.7903402530459014,0.044721367879998065,0.7099297062066405,0.05921295641140702,0.9399765423449434,0.05690855158187075,0.9033952497511285,0.05845090495554441,0.9278793505142605,50.0,40.0,28.57142857142857,-0.0005199012518271023,-0.0005377229943049285,1.7821742477826187e-05,0.010554092420696836,0.008445906968355555,-0.4743416490243803,0.011336369688452998,0.008463629831729613,-0.6265796364506364,0.01408058347501798,0.008479416497563882,-0.8141161950352895,316000.0,298618.8,0.0,0.0,-0.10000001862645191,-0.10000001862645191,-0.18181821260570508,-0.30769235177858245,-0.10000001862645191,-0.10000001862645191,-0.1818182126057051,-0.3076923517785825,0.0,33.33333333333335,0.0,11.111111111111107,-100.0,-100.0,0.0003571429156831333,0.0003333333879709244,-85.78431372549032,-123.76811594202879,6.926007183765179,4.9752969633899085,0.01099359289036411,-0.11111103062644068,SELL,0,2
0.00800000037997961,0.00800000037997961,0.00800000037997961,0.00800000037997961,1800927,0.0,0.0,EMP,2024-08-01 00:00:00+10:00,Energy,-0.11111103062644068,-0.11778294511113331,0.0,0.0,0.009199999831616878,0.8695652746086658,0.009399999771267176,0.8510638909197721,0.009749999782070518,0.8205128778249802,0.011179999988526106,0.7155635409829973,0.011990000000223518,0.6672227172502481,0.011382499979808926,0.7028333313569577,0.05794844654697183,0.9199030705548424,0.06118401268279958,0.9712660906302572,0.061296158644174654,0.9730463525762895,0.06031491928932504,0.9574696607189201,0.0,33.33333850734759,28.571432372745093,-0.0006138500799750188,-0.0005529484114389465,-6.090166853607224e-05,0.01079841138365522,0.008001588158879133,-1.0011354159858625,0.011322794853030078,0.008177204711110959,-1.1126684171404715,0.014085027691751548,0.008274972285300664,-1.0946537979709294,676185.4,310915.15,2.663362740455502,5.792342380228174,-0.19999994412064426,-0.11111103062644068,-0.2727272342428686,-0.38461536808303154,-0.19999994412064429,-0.1111110306264407,-0.2727272342428686,-0.38461536808303154,0.0,0.0,0.0,0.0,-100.0,-100.0,0.00042857143229671886,0.00033333334362223034,-176.81151040147574,-198.27578482788917,4.108188097156372,3.409768319519955,0.010873977293696453,0.0,HOLD,0,1
0.007000000216066837,0.008999999612569809,0.007000000216066837,0.008999999612569809,615155,0.0,0.0,EMP,2024-08-02 00:00:00+10:00,Energy,0.12499989813659829,0.1177829451111334,0.0019999993965029716,0.2857141906813729,0.008999999798834323,0.9999999793039424,0.009399999771267176,0.9574467905924805,0.00964999976567924,0.932642469544798,0.011099999975413085,0.8108107777031662,0.011929999999701978,0.754400638121931,0.011382499979808926,0.7906874261835833,0.09550865578182662,1.5161529075167068,0.07472454869114112,1.1862154360097787,0.06872077723079238,1.0909085187344798,0.0631700115145099,1.0027928447068792,33.333322985299986,50.0,37.499997089616755,-0.0006006892506537943,-0.0005624965792819162,-3.8192671371878165e-05,0.01079841138365522,0.008001588158879133,-0.28603892813382276,0.011140319433630325,0.008159680097728154,-0.4361481412931101,0.014020721559212655,0.008179278391613514,-0.7190005286677762,798235.0,306672.9,0.7706439832881294,2.005899445304753,-0.10000001862645191,0.0,-0.18181821260570508,-0.30769235177858245,-0.10000001862645191,0.0,-0.1818182126057051,-0.3076923517785825,66.66665631863654,22.222218772878865,49.999988358467014,16.666662786155666,-33.33334368136346,-50.000011641532986,0.0004999999489103045,0.00042857141012237187,-112.8205051054148,-138.07338441281382,18.71525842360785,13.77023053164352,0.010644059140599104,-0.05555546357307506,SELL,0,2
0.008999999612569809,0.008999999612569809,0.008999999612569809,0.008999999612569809,0,0.0,0.0,EMP,2024-08-05 00:00:00+10:00,Energy,0.0,0.0,0.0,0.0,0.00879999976605177,1.0227272558903455,0.009399999771267176,0.9574467905924805,0.009549999749287963,0.9424083611353852,0.010999999959021806,0.8181817860088564,0.011889999993145465,0.7569385717206283,0.011377499978989363,0.7910349047848786,0.09550865578182662,1.5161529075167068,0.07472454869114112,1.1862154360097787,0.06872077723079238,1.0909085187344798,0.062052178852887475,0.985047801326649,33.333322985299986,39.99999627470893,37.499997089616755,-0.000583532598044249,-0.0005667037830343828,-1.6828815009866218e-05,0.01079841138365522,0.008001588158879133,-0.28603892813382276,0.010922665235197342,0.008177334263378584,-0.40068038598186506,0.013857143204656627,0.008142856713386985,-0.7000000260776642,798235.0,289172.9,0.0,0.0,-0.10000001862645191,0.0,-0.18181821260570508,-0.35714290465931353,-0.10000001862645191,0.0,-0.1818182126057051,-0.3571429046593136,66.66665631863654,44.444437545757715,49.999988358467014,33.33332557231134,-33.33334368136346,-50.000011641532986,0.0004285713657736778,0.00042857141012237187,-34.865914853155125,-62.44132722781028,16.446550587098557,13.77023053164352,0.010279653248145879,-0.05555546357307506,SELL,0,2
0.007000000216066837,0.008999999612569809,0.007000000216066837,0.008999999612569809,160000,0.0,0.0,EMP,2024-08-06 00:00:00+10:00,Energy,0.0,0.0,0.0019999993965029716,0.2857141906813729,0.00879999976605177,1.0227272558903455,0.009299999754875898,0.9677419193319009,0.009449999732896685,0.9523809383020015,0.010919999945908785,0.8241757927793479,0.011859999988228082,0.7588532564505032,0.011372499978169798,0.7913826889290704,0.08356442953327506,1.3265441939761626,0.06431616899838843,1.0209875307008278,0.06872077723079238,1.0909085187344798,0.06135434823788054,0.9739700837393154,33.333322985299986,39.99999627470893,37.499997089616755,-0.0005634408320619056,-0.0005660511928398873,2.610360777981712e-06,0.010649896692942858,0.007950102816808937,-0.2222392938646753,0.010659610333796692,0.008240389131996678,-0.3720206486220068,0.01377256810122036,0.008067431790597211,-0.6730778122737832,515216.4,297172.9,0.31054912071898333,0.5384071023972913,0.0,-0.10000001862645191,-0.18181821260570508,-0.30769235177858245,0.0,-0.10000001862645191,-0.1818182126057051,-0.3076923517785825,66.66665631863654,66.66665631863654,49.999988358467014,49.999988358467014,-33.33334368136346,-50.000011641532986,0.0005714284655238901,0.0005238094766225133,-98.8235199374109,-118.30984889517073,15.829585125731896,13.39648818087673,0.009951687944937974,-0.05555546357307506,SELL,0,2
0.008999999612569809,0.008999999612569809,0.008999999612569809,0.008999999612569809,0,0.0,0.0,EMP,2024-08-07 00:00:00+10:00,Energy,0.0,0.0,0.0,0.0,0.00879999976605177,1.0227272558903455,0.009199999738484621,0.9782608552608769,0.009399999724701047,0.9574467953355223,0.010839999932795764,0.8302582719895463,0.011819999981671572,0.7614212882001239,0.011367499977350235,0.791730779019338,0.08356442953327506,1.3265441939761626,0.06431616899838843,1.0209875307008278,0.06587784763681816,1.04577841053135,0.06135434823788054,0.9739700837393154,33.333322985299986,50.0,37.499997089616755,-0.0005412784418243211,-0.0005610966426367741,1.9818200812452935e-05,0.010464910617208669,0.007935088859760573,-0.15811400572074932,0.01059648577463881,0.008203513674763283,-0.33431239098194576,0.013678798573106886,0.008001201292484642,-0.6481616181217761,515216.4,260905.4,0.0,0.0,0.0,-0.10000001862645191,-0.10000001862645191,-0.30769235177858245,0.0,-0.10000001862645191,-0.10000001862645191,-0.3076923517785825,66.66665631863654,66.66665631863654,66.66665631863654,55.555544345190185,-33.33334368136346,-33.33334368136346,0.0004999998823872634,0.0005238094766225133,-21.96080010431564,-43.07693657834446,15.829589134024658,13.39648818087673,0.00965651917205086,-0.05555546357307506,SELL,0,2
0.00800000037997961,0.00800000037997961,0.00800000037997961,0.00800000037997961,62500,0.0,0.0,EMP,2024-08-08 00:00:00+10:00,Energy,-0.11111103062644068,-0.11778294511113331,0.0,0.0,0.00879999976605177,0.9090909764386177,0.008999999798834323,0.888888950977062,0.009299999754875898,0.8602151172945235,0.010739999935030936,0.7448789970552795,0.011749999988824129,0.6808510968160608,0.01135749998036772,0.7043804000711604,0.08356442953327506,1.3265441939761626,0.07182280790331941,1.1401517290472853,0.07014137118031946,1.11345974856119,0.06313872535252583,1.0022961922823541,33.33333333333333,40.000003725291776,37.500001455191786,-0.0005975183490319926,-0.0005683809839158178,-2.913736511617475e-05,0.010333332729837918,0.007666666867830729,-0.7499997904514495,0.010613892952917628,0.007986106556834167,-0.9894254546974202,0.013620192999792126,0.007859806870269747,-0.9513249610155953,167531.0,253682.05,0.3730652834400797,0.24637139285180013,0.0,-0.19999994412064426,-0.19999994412064426,-0.38461536808303154,0.0,-0.19999994412064429,-0.19999994412064429,-0.38461536808303154,33.33334368136346,55.5555521062122,33.33334368136346,49.999996119489005,-66.66665631863654,-66.66665631863654,0.0005714283990008491,0.0005238094322738194,-118.55850255674937,-138.97052573087282,15.609995267085864,15.53169598667533,0.009390867276452459,0.06250000727595717,BUY,0,0
0.008999999612569809,0.008999999612569809,0.008999999612569809,0.008999999612569809,120000,0.0,0.0,EMP,2024-08-09 00:00:00+10:00,Energy,0.12499989813659829,0.1177829451111334,0.0,0.0,0.00879999976605177,1.0227272558903455,0.008899999782443047,1.0112359362439571,0.00924999974668026,0.9729729577343855,0.010659999921917915,0.8442776433858131,0.011689999988302589,0.7698887614692485,0.011352499979548156,0.7927768886838633,0.08356442953327506,1.3265441939761626,0.08525756351095579,1.3534218626237033,0.07626396351166809,1.2106528886878678,0.06586503578005208,1.0455750286103338,50.0,50.0,44.44444214488196,-0.0005549996099250293,-0.0005657047091176601,1.070509919263074e-05,0.010035291736659204,0.007764707828226888,0.08808291977705898,0.010527332319627299,0.00797266717373322,-0.19572047202527248,0.01350597843256287,0.007814021411272961,-0.5832792844848003,68500.0,259682.05,1.7518248175182483,0.4621035608737685,0.0,-0.10000001862645191,-0.10000001862645191,-0.30769235177858245,0.0,-0.10000001862645191,-0.10000001862645191,-0.3076923517785825,66.66665631863654,55.5555521062122,66.66665631863654,55.55555210621217,-33.33334368136346,-33.33334368136346,0.0006428569156144347,0.0005714284433495431,-12.61263394663551,-26.923094924973086,18.06511745464917,17.631153130486823,0.009151780570413897,-0.05555546357307506,SELL,0,2
0.008999999612569809,0.008999999612569809,0.008999999612569809,0.008999999612569809,0,0.0,0.0,EMP,2024-08-12 00:00:00+10:00,Energy,0.0,0.0,0.0,0.0,0.00879999976605177,1.0227272558903455,0.00879999976605177,1.0227272558903455,0.00924999974668026,0.9729729577343855,0.01059999991208315,0.8490565742656783,0.011629999987781048,0.7738606725731363,0.011342499977909029,0.7934758324971092,0.08356442953327506,1.3265441939761626,0.08525756351095579,1.3534218626237033,0.07273153489219054,1.154577322780519,0.06504849071314976,1.032612777522533,66.66666666666666,39.99999254941507,44.44444214488196,-0.0005153624256113102,-0.0005556362524163902,4.027382680507998e-05,0.009643273161628977,0.007956726370474563,0.2371708245119514,0.010527332319627299,0.00797266717373322,-0.19572047202527248,0.013457143099177685,0.007742856724988614,-0.5600000401591354,68500.0,230890.75,0.0,0.0,0.0,-0.10000001862645191,0.0,-0.2500000388051069,0.0,-0.10000001862645191,0.0,-0.25000003880510696,66.66665631863654,55.5555521062122,66.66665631863654,55.55555210621217,-33.33334368136346,-33.33334368136346,0.000571428332477808,0.0005714284433495431,-5.833356150737049,-22.950837659513446,16.946487715580872,17.631153130486823,0.007000000216066837,0.5555556705336562,BUY,0,0
0.008999999612569809,0.008999999612569809,0.008999999612569809,0.008999999612569809,0,0.0,0.0,EMP,2024-08-13 00:00:00+10:00,Energy,0.0,0.0,0.0,0.0,0.00879999976605177,1.0227272558903455,0.00879999976605177,1.0227272558903455,0.009199999738484621,0.9782608552608769,0.010519999898970128,0.8555132793728333,0.011569999987259508,0.7778737789524895,0.011337499977089464,0.7938257667701683,0.08356442953327506,1.3265441939761626,0.07878529971861915,1.2506778601389201,0.06809445226326202,1.080965918110504,0.06383061938754221,1.0132796695839281,50.0,39.99999254941507,50.0,-0.00047843457550100603,-0.0005401959170333134,6.176134153230734e-05,0.009643273161628977,0.007956726370474563,0.2371708245119514,0.010431173580589034,0.007968825896380208,-0.16244669848813315,0.01332640688708036,0.007713592910859895,-0.5416179096047116,36500.0,226116.7,0.0,0.0,0.0,0.0,-0.10000001862645191,-0.30769235177858245,0.0,0.0,-0.10000001862645191,-0.3076923517785825,66.66665631863654,66.66665631863654,66.66665631863654,66.66665631863654,-33.33334368136346,-33.33334368136346,0.000571428332477808,0.0005238093879251253,3.4313488631247107,-21.15386351281697,16.946487715580872,20.119655604011484,0.007040000203996897,0.5555556705336562,BUY,0,0
0.008999999612569809,0.008999999612569809,0.008999999612569809,0.008999999612569809,0,0.0,0.0,EMP,2024-08-14 00:00:00+10:00,Energy,0.0,0.0,0.0,0.0,0.00879999976605177,1.0227272558903455,0.00879999976605177,1.0227272558903455,0.009149999730288983,0.9836065440283421,0.010439999885857105,0.8620689378322657,0.011509999986737967,0.7819287248427257,0.011332499976269901,0.7941760098315186,0.08356442953327506,1.3265441939761626,0.07878529971861915,1.2506778601389201,0.06809445226326202,1.080965918110504,0.06383061938754221,1.0132796695839281,50.0,39.99999254941507,42.85713905582483,-0.0004440502533291004,-0.0005209667842924708,7.691653096337039e-05,0.009643273161628977,0.007956726370474563,0.2371708245119514,0.010324285435972334,0.007975714024605632,-0.12773732746059824,0.013185237263422253,0.007694762508291956,-0.5245449027670186,36500.0,223616.7,0.0,0.0,0.0,0.0,-0.10000001862645191,-0.30769235177858245,0.0,0.0,-0.10000001862645191,-0.3076923517785825,66.66665631863654,66.66665631863654,66.66665631863654,66.66665631863654,-33.33334368136346,-33.33334368136346,0.000571428332477808,0.00047619033250070756,15.053744446135399,-16.96971507276023,16.946487715580872,18.065113074975613,0.007079200192168355,0.5555556705336562,BUY,0,0
0.008999999612569809,0.008999999612569809,0.008999999612569809,0.008999999612569809,0,0.0,0.0,EMP,2024-08-15 00:00:00+10:00,Energy,0.0,0.0,0.0,0.0,0.008999999612569809,1.0,0.00889999968931079,1.0112359468258323,0.009149999730288983,0.9836065440283421,0.010359999872744084,0.8687258420000301,0.011459999978542327,0.7853402817994226,0.011327499975450336,0.7945265620900612,0.05590165388279649,0.8874112443065267,0.06804132835017092,1.080122602134246,0.06415907124408646,1.0184936811643694,0.06383061938754221,1.0132796695839281,50.0,39.99999254941507,42.85713905582483,-0.0004120505678288453,-0.0004991835409997457,8.713297317090038e-05,0.009532454735995103,0.008267544642626476,0.15811388300761556,0.010324285435972334,0.007975714024605632,-0.12773732746059824,0.013032918019706538,0.007687081725781629,-0.5088072980161402,24000.0,223616.65,0.0,0.0,0.12499989813659829,0.12499989813659829,0.0,-0.30769235177858245,0.12499989813659824,0.12499989813659824,0.0,-0.3076923517785825,66.66665631863654,66.66665631863654,66.66665631863654,66.66665631863654,-33.33334368136346,-33.33334368136346,0.000571428332477808,0.00047619033250070756,29.16665502512868,-12.068985051759405,16.946487715580872,18.065113074975613,0.007117616180576384,0.8888890728538499,BUY,0,0
0.00800000037997961,0.00800000037997961,0.00800000037997961,0.00800000037997961,62500,0.0,0.0,EMP,2024-08-20 00:00:00+10:00,Energy,-0.11111103062644068,-0.11778294511113331,0.0,0.0,0.00879999976605177,0.9090909764386177,0.00879999976605177,0.9090909764386177,0.009049999760463834,0.8839779659363871,0.010119999852031469,0.790513883097904,0.011269999984651804,0.7098491917368691,0.011332499971613287,0.7059342951704182,0.04969036350615622,0.7888100663621335,0.06614049178982476,1.0499477572043139,0.0634973604792668,1.0079893484229663,0.06478928749288392,1.0284980539634299,0.0,39.99999999999999,42.857144757802125,-0.00040865172386068613,-0.0004429815869236051,3.432986306291897e-05,0.009643273161628977,0.007956726370474563,-0.9486832980478097,0.010259610085807933,0.007840389435119735,-0.8680476335926861,0.012631687039881984,0.007608312664180954,-0.8440539420301536,12500.0,220054.1,5.0,0.2840210657288367,-0.11111103062644068,-0.11111103062644068,-0.19999994412064426,-0.33333330746326206,-0.1111110306264407,-0.1111110306264407,-0.19999994412064429,-0.33333330746326206,50.00002328307139,83.33334109435715,33.33334368136346,55.55555210621217,-49.99997671692861,-66.66665631863654,0.0005714282659547669,0.0004761902881520135,-115.66949166697303,-149.1802417747002,27.046151001737982,17.825035896408323,0.007228315385445053,1.1250000145519143,BUY,0,0
0.008999999612569809,0.008999999612569809,0.008999999612569809,0.008999999612569809,77777,0.0,0.0,EMP,2024-08-21 00:00:00+10:00,Energy,0.12499989813659829,0.1177829451111334,0.0,0.0,0.00879999976605177,1.0227272558903455,0.00879999976605177,1.0227272558903455,0.008999999752268195,0.9999999844779566,0.010059999842196703,0.8946321822808864,0.011229999978095293,0.8014247221838631,0.011337499967776239,0.793825767422259,0.08356442953327506,1.3265441939761626,0.07878529971861915,1.2506778601389201,0.07024085306126447,1.1150389744628144,0.06738504034238711,1.0697043529920662,50.0,60.0,42.85713715516429,-0.0003665663410923267,-0.00042769853775734946,6.113219666502274e-05,0.009643273161628977,0.007956726370474563,0.2371708245119514,0.010123902387034363,0.007876097117502028,-1.2429758790300483e-07,0.012531387340064764,0.007588612344328642,-0.4289089552088863,28055.4,223942.95,2.7722648759240642,0.34730720480372346,0.0,0.0,-0.10000001862645191,-0.2500000388051069,0.0,0.0,-0.10000001862645191,-0.25000003880510696,100.0,83.33334109435715,66.66665631863654,55.55555210621217,-0.0,-33.33334368136346,0.0005714282659547669,0.00047619024380331947,46.6666666666666,2.61191513784896,74.74643004888043,18.259545907067235,0.007263749069987549,0.8888890728538499,BUY,0,0
0.008999999612569809,0.008999999612569809,0.008999999612569809,0.008999999612569809,0,0.0,0.0,EMP,2024-08-22 00:00:00+10:00,Energy,0.0,0.0,0.0,0.0,0.00879999976605177,1.0227272558903455,0.00889999968931079,1.0112359468258323,0.008949999744072557,1.005586577645476,0.009999999832361937,0.8999999763444062,0.011189999971538783,0.8042895116587013,0.01134249996393919,0.7934758334743831,0.08356442953327506,1.3265441939761626,0.06804132835017092,1.080122602134246,0.07024085306126447,1.1150389744628144,0.06738504034238711,1.0697043529920662,50.0,50.0,42.85713715516429,-0.0003294160686545273,-0.00040804204393678504,7.862597528225776e-05,0.009532454735995103,0.008267544642626476,0.15811388300761556,0.009970834935084836,0.007929164553060279,0.04897937388666137,0.012424366148513147,0.007575633516210727,-0.41247901075431265,28055.4,223942.95,0.0,0.0,0.0,0.12499989813659829,-0.10000001862645191,-0.2500000388051069,0.0,0.12499989813659824,-0.10000001862645191,-0.25000003880510696,100.0,83.33334109435715,66.66665631863654,55.55555210621217,-0.0,-33.33334368136346,0.0004285711662045547,0.00047619024380331947,42.42424242424262,11.067172501454378,43.273808218222825,18.259545907067235,0.007298474080839194,1.0,BUY,0,0
0.008999999612569809,0.008999999612569809,0.008999999612569809,0.008999999612569809,0,0.0,0.0,EMP,2024-08-23 00:00:00+10:00,Energy,0.0,0.0,0.0,0.0,0.00879999976605177,1.0227272558903455,0.00889999968931079,1.0112359468258323,0.008899999735876917,1.0112359415348948,0.00993999982252717,0.9054325727625242,0.011149999964982272,0.8071748556802905,0.01134749996010214,0.7931262079060452,0.08356442953327506,1.3265441939761626,0.055728853086428394,0.8846681167052634,0.07024085306126447,1.1150389744628144,0.06738504034238711,1.0697043529920662,50.0,50.0,42.85713715516429,-0.0002965557005775686,-0.00038574477526494175,8.918907468737314e-05,0.009532454735995103,0.008267544642626476,0.15811388300761556,0.009794426481621519,0.008005572990132315,0.11180331667032485,0.012310223470291768,0.007569776174762571,-0.3965871367640315,28055.4,223697.6,0.0,0.0,0.0,0.0,-0.10000001862645191,-0.2500000388051069,0.0,0.0,-0.10000001862645191,-0.25000003880510696,100.0,100.0,66.66665631863654,66.66665631863654,-0.0,-33.33334368136346,0.0004285711662045547,0.00047619024380331947,42.42424242424262,20.588219342390243,43.273808218222825,18.259545907067235,0.007332504591473807,1.0,BUY,0,0
0.008999999612569809,0.008999999612569809,0.008999999612569809,0.008999999612569809,0,0.0,0.0,EMP,2024-08-26 00:00:00+10:00,Energy,0.0,0.0,0.0,0.0,0.00879999976605177,1.0227272558903455,0.00889999968931079,1.0112359468258323,0.008849999727681279,1.0169491400569604,0.009859999809414148,0.9127788830154716,0.011119999960064887,0.8093524860513841,0.011352499956265092,0.7927768903097849,0.08356442953327506,1.3265441939761626,0.055728853086428394,0.8846681167052634,0.07024085306126447,1.1150389744628144,0.06621400333982914,1.051114716883129,50.0,50.0,42.85713715516429,-0.0002674308458098344,-0.00036208198937392035,9.465114356408592e-05,0.009532454735995103,0.008267544642626476,0.15811388300761556,0.009582694262475242,0.008117305192887316,0.20472363006052824,0.012073502146091744,0.007646497472736552,-0.3885246392534534,28055.4,223697.6,0.0,0.0,0.0,0.0,-0.10000001862645191,-0.30769235177858245,0.0,0.0,-0.10000001862645191,-0.3076923517785825,100.0,100.0,66.66665631863654,66.66665631863654,-0.0,-33.33334368136346,0.0002857140664543424,0.00047619024380331947,38.888888888888815,31.390125444210838,64.02868431773264,18.259545907067235,0.007365854491895727,1.1111111341067312,BUY,0,0
0.008999999612569809,0.008999999612569809,0.008999999612569809,0.008999999612569809,0,0.0,0.0,EMP,2024-08-27 00:00:00+10:00,Energy,0.0,0.0,0.0,0.0,0.008999999612569809,1.0,0.00889999968931079,1.0112359468258323,0.008849999727681279,1.0169491400569604,0.009819999802857637,0.91649692395623,0.011079999953508377,0.8122743366727222,0.011347499955445529,0.793126208231516,0.05590165388279648,0.8874112443065265,0.055728853086428394,0.8846681167052634,0.06642173934503189,1.0544124237318517,0.06264199347761824,0.994410818226648,50.0,50.0,42.85713715516429,-0.00024156458243557166,-0.0003379785079862506,9.641392555067896e-05,0.009532454735995103,0.008267544642626476,0.15811388300761556,0.009582694262475242,0.008117305192887316,0.20472363006052824,0.012021669100830676,0.007618330504884599,-0.37244475863961934,15555.4,144942.95,0.0,0.0,0.12499989813659829,0.0,0.0,-0.18181821260570508,0.12499989813659824,0.0,0.0,-0.1818182126057051,100.0,100.0,100.0,77.77777087909102,-0.0,-0.0,0.0002857140664543424,0.00047619024380331947,38.888888888888815,43.749999999999936,64.02868431773264,18.259545907067235,0.007398537394309209,1.2222222682134625,BUY,0,0
0.008999999612569809,0.009999999776482582,0.008999999612569809,0.009999999776482582,520000,0.0,0.0,EMP,2024-09-09 00:00:00+10:00,Energy,0.11111113410673124,0.1053605363538842,0.0010000001639127731,0.11111113410673122,0.009199999645352364,1.0869565393444727,0.009099999628961086,1.098901119144798,0.008999999659135938,1.111111128357826,0.009419999737292527,1.061571131142808,0.010719999922439456,0.9328358067942011,0.011322499951347709,0.8831971578231086,0.049690409783949126,0.788810800999321,0.03513642571816917,0.5577734664598181,0.045615711607262965,0.7241269727403615,0.05966247913908286,0.9471124944215537,100.0,100.0,66.6666770147,-2.3217526039672615e-05,-0.00014561824732942303,0.00012240072128975041,0.009732455264665523,0.008467543993256648,1.4230249470685234,0.009648885147865867,0.00835111417040601,1.541104146594428,0.011090390215166883,0.007749609259418173,0.34722422503756734,163142.4,47799.45,3.1873994743242715,10.878786262185026,0.11111113410673124,0.11111113410673124,0.11111113410673124,-0.09090910630285254,0.11111113410673122,0.11111113410673122,0.11111113410673122,-0.09090910630285255,100.0,100.0,100.0,100.0,-0.0,-0.0,0.00021428561636379788,0.000190476088651589,466.6666666666736,385.0003080351664,69.47935560613018,65.5055851493718,0.007664784071959047,1.0,BUY,0,0
0.009999999776482582,0.009999999776482582,0.009999999776482582,0.009999999776482582,0,0.0,0.0,EMP,2024-09-10 00:00:00+10:00,Energy,0.0,0.0,0.0,0.0,0.009399999678134919,1.063829799882154,0.009199999645352364,1.0869565393444727,0.009049999667331577,1.1049723916101664,0.009379999730736017,1.0660980877979105,0.010709999920800328,0.9337068020944775,0.011322499951347709,0.8831971578231086,0.049690409783949126,0.788810800999321,0.03513642571816917,0.5577734664598181,0.045615711607262965,0.7241269727403615,0.05819757012338768,0.9238577847283584,100.0,100.0,66.6666770147,4.714126914909071e-05,-0.00010706634403372028,0.000154207613182811,0.010043273826289738,0.00835672546441499,0.9486832980477923,0.00983806846092931,0.008261930873733843,1.2054786547428364,0.01088590650605634,0.007874092955415694,0.4117121032373896,105090.4,47799.45,0.0,0.0,0.11111113410673124,0.11111113410673124,0.11111113410673124,-0.16666669253673794,0.11111113410673122,0.11111113410673122,0.11111113410673122,-0.16666669253673796,100.0,100.0,100.0,100.0,-0.0,-0.0,0.00014285709975021227,0.000190476088651589,286.0215069592372,421.35922846279203,66.64674894532934,65.5055851493718,0.007758192700139988,1.100000018626452,BUY,0,0
0.00800000037997961,0.00800000037997961,0.00800000037997961,0.00800000037997961,311759,0.0,0.0,EMP,2024-09-11 00:00:00+10:00,Energy,-0.19999994412064426,-0.22314348146501753,0.0,0.0,0.009199999831616878,0.8695652746086658,0.009099999722093344,0.8791209477245245,0.008999999705702066,0.8888889601753105,0.009319999739527702,0.8583691634722102,0.010669999923557043,0.7497657392028042,0.011317499955184758,0.7068699281341425,0.1126559115865728,1.7883571546761097,0.07568614999983378,1.201480383548949,0.06490278068124432,1.0302997024748384,0.0636125194618069,1.0098174405971845,33.33334368136346,33.33334368136346,40.000003725291776,-5.781565250837124e-05,-9.721620572865048e-05,3.9400553220279234e-05,0.010235291931525517,0.007964707512661172,-0.9689129661727438,0.00991766236428599,0.008082337047118143,-1.0897243299248858,0.010801311870975825,0.007838687608079578,-0.8911014306334386,167442.2,63387.4,1.8618902522780993,4.9183118411545514,-0.11111103062644068,-0.11111103062644068,-0.11111103062644068,-0.2727272342428686,-0.1111110306264407,-0.1111110306264407,-0.1111110306264407,-0.2727272342428686,0.0,66.66666666666669,0.0,66.66666666666667,-100.0,-100.0,0.00028571419950042454,0.0002857141551517305,-295.09782867449206,-302.8368725464257,50.08473108756241,50.96562199534495,0.007847864983193693,1.4999998253770257,BUY,0,0
0.00800000037997961,0.00800000037997961,0.00800000037997961,0.00800000037997961,0,0.0,0.0,EMP,2024-09-12 00:00:00+10:00,Energy,0.0,0.0,0.0,0.0,0.00899999998509884,0.8888889325805652,0.008999999798834323,0.888888950977062,0.008949999744072557,0.8938548166191719,0.009259999748319387,0.8639309500447389,0.010649999929592013,0.7511737495650932,0.011307499958202244,0.7074950616450424,0.1126559115865728,1.7883571546761097,0.07568614999983378,1.201480383548949,0.06490278068124432,1.0302997024748384,0.0636125194618069,1.0098174405971845,33.33334368136346,33.33334368136346,40.000003725291776,-0.0001393879911003055,-0.00010565056280298148,-3.3737428297324004e-05,0.010333332729837918,0.007666666867830728,-0.7499997904514493,0.009970834935084836,0.007929164553060279,-0.9306099284752419,0.010706176881005884,0.00781382261563289,-0.8712621295561035,166351.8,63387.4,0.0,0.0,-0.11111103062644068,-0.11111103062644068,-0.11111103062644068,-0.2727272342428686,-0.1111110306264407,-0.1111110306264407,-0.1111110306264407,-0.2727272342428686,0.0,33.33333333333335,0.0,33.33333333333333,-100.0,-100.0,0.00028571419950042454,0.0002857141551517305,-202.8985435357854,-213.6842067339476,50.08473108756241,50.96562199534495,0.007933950374925247,1.7499998544808548,BUY,0,0
0.008500000461935997,0.008500000461935997,0.008500000461935997,0.008500000461935997,115555,0.0,0.0,EMP,2024-09-13 00:00:00+10:00,Energy,0.06250000727595717,0.06062462866439451,0.0,0.0,0.008900000154972077,0.9550562150481968,0.008949999883770942,0.9497207343375579,0.008924999786540867,0.9523810269165743,0.0092099997587502,0.9229099548955308,0.01062499993480742,0.8000000483849472,0.011304999962449073,0.7518797426067916,0.11844053243954421,1.8801851639106737,0.07900933544647706,1.2542343170631525,0.06657593050211813,1.0568601324679447,0.06430935719032896,1.0208793966002034,42.85715426109391,42.85715426109391,45.45455161205219,-0.0001618234294296552,-0.00011688513612831625,-4.4938293301338954e-05,0.010320319717947087,0.007579680049594797,-0.328390066765319,0.009964989232214547,0.007885010340867186,-0.40865734394983694,0.01058157698173774,0.00783842253576266,-0.5176517114127176,189462.8,69165.15,0.6099086469744984,1.6707113336702084,-0.05555546357307506,-0.05555546357307506,-0.05555546357307506,-0.22727268109144239,-0.055555463573075094,-0.055555463573075094,-0.055555463573075094,-0.22727268109144233,25.000011641535696,8.333337213845251,25.000011641535696,8.333337213845228,-74.99998835846431,-74.99998835846431,0.0003214284910687378,0.00030952368286393936,-77.77771430982297,-83.73197906153524,54.53428980852878,54.90737307916572,0.00801659235098754,1.2352939242929017,BUY,0,0
0.008500000461935997,0.008500000461935997,0.008500000461935997,0.008500000461935997,0,0.0,0.0,EMP,2024-09-16 00:00:00+10:00,Energy,0.0,0.0,0.0,0.0,0.00860000029206276,0.98837211317085,0.00889999996870756,0.9550562350361839,0.008899999829009176,0.9550562500271744,0.009159999769181013,0.9279476720659322,0.010599999940022826,0.8018868405689532,0.011297499965876341,0.7523788880380542,0.10015610569418225,1.5899288877090385,0.07900933544647706,1.2542343170631525,0.06657593050211813,1.0568601324679447,0.06430935719032896,1.0208793966002034,42.85715426109391,42.85715426109391,45.45455161205219,-0.00017755691040644353,-0.0001290194909839417,-4.853741942250183e-05,0.010298411225903156,0.007501588711511966,-0.28603853459656176,0.00995630871707311,0.007843690940945242,-0.3786765136534273,0.010444761110201489,0.007875238428160536,-0.5137135483239114,85462.8,69165.15,0.0,0.0,-0.14999993480741836,-0.05555546357307506,-0.05555546357307506,-0.22727268109144239,-0.14999993480741833,-0.055555463573075094,-0.055555463573075094,-0.22727268109144233,25.000011641535696,16.666674427690484,25.000011641535696,16.66667442769046,-74.99998835846431,-74.99998835846431,0.0003214284910687378,0.00030952368286393936,-64.92748815283198,-73.11104756036536,54.53428980852878,54.90737307916572,0.008095928648007343,1.352940996006708,BUY,0,0
0.008500000461935997,0.008500000461935997,0.008500000461935997,0.008500000461935997,0,0.0,0.0,EMP,2024-09-17 00:00:00+10:00,Energy,0.0,0.0,0.0,0.0,0.008300000429153442,1.0240963882459646,0.00885000005364418,0.9604520237755182,0.008924999833106994,0.9523810219475326,0.009109999779611825,0.9330406879876104,0.010574999945238233,0.8037825537543782,0.011294999970123171,0.7525454169472924,0.10015610569418225,1.5899288877090385,0.07900933544647706,1.2542343170631525,0.061297668800703274,0.9730703255679825,0.06430935719032896,1.0208793966002034,42.85715426109391,42.85715426109391,45.45455161205219,-0.0001878602711671007,-0.0001407876470205735,-4.7072624146527186e-05,0.010268135975847381,0.007431864131440978,-0.24680257105710054,0.009913086309140468,0.00793691335707352,-0.43012365969939576,0.010293042962844327,0.007926956596379323,-0.5156188094580698,85462.8,66040.15,0.0,0.0,-0.14999993480741836,-0.05555546357307506,0.06250000727595717,-0.22727268109144239,-0.14999993480741833,-0.055555463573075094,0.06250000727595727,-0.22727268109144233,25.000011641535696,25.000011641535696,25.000011641535696,25.000011641535696,-74.99998835846431,-74.99998835846431,0.0003214284910687378,0.00030952368286393936,-55.4644424466966,-64.70582918049836,54.53428980852878,54.90737307916572,0.008172091493146353,1.4705880677205148,BUY,0,0
0.008500000461935997,0.008500000461935997,0.008500000461935997,0.008500000461935997,0,0.0,0.0,EMP,2024-09-18 00:00:00+10:00,Energy,0.0,0.0,0.0,0.0,0.00840000044554472,1.0119047632246634,0.008800000138580798,0.9659091281908567,0.008899999875575304,0.9550562450301776,0.009079999793320893,0.9361234201996861,0.010549999950453639,0.8056872513606511,0.011292499974370002,0.7527120195907022,0.02795085297265399,0.44370603538663744,0.07900933544647706,1.2542343170631525,0.05439480152925918,0.863490704766814,0.06304793675345009,1.000854967952148,20.000007450582146,42.85715426109391,55.55555785511804,-0.00019379184702041433,-0.00015138848702054167,-4.240335999987265e-05,0.01022984026835469,0.007370160008806907,-0.2098134402565986,0.009905248757103576,0.007894750994047031,-0.39791082685035195,0.010246889644839689,0.007913109941802098,-0.4970471982680999,23111.0,62151.3,0.0,0.0,0.06250000727595717,-0.05555546357307506,-0.05555546357307506,-0.14999993480741836,0.06250000727595727,-0.055555463573075094,-0.055555463573075094,-0.14999993480741833,25.000011641535696,25.000011641535696,25.000011641535696,25.000011641535696,-74.99998835846431,-74.99998835846431,0.0003214284910687378,0.00026190467178821564,-48.14811614588523,-75.80640596739202,54.53428980852878,57.25013059856941,0.008245207824479801,1.352940996006708,BUY,0,0
0.008500000461935997,0.008500000461935997,0.008500000461935997,0.008500000461935997,0,0.0,0.0,EMP,2024-09-19 00:00:00+10:00,Energy,0.0,0.0,0.0,0.0,0.008500000461935997,1.0,0.008750000223517417,0.9714285994062613,0.008874999918043613,0.9577465397666978,0.009049999807029963,0.9392265904064737,0.010524999955669046,0.8076009974097597,0.011289999978616834,0.7528786960172655,0.02795085297265399,0.44370603538663744,0.07900933544647706,1.2542343170631525,0.05439480152925918,0.863490704766814,0.06304793675345009,1.000854967952148,20.000007450582146,42.85715426109391,42.85715426109391,-0.00019623063896223591,-0.00016035691740888053,-3.587372155335538e-05,0.01018372054242813,0.007316279904606704,-0.17437135980004845,0.00989454521056086,0.007855454625526366,-0.36781049244192593,0.010197312208122776,0.00790268740593715,-0.4793806330081442,23111.0,62151.3,0.0,0.0,0.06250000727595717,-0.05555546357307506,-0.05555546357307506,-0.14999993480741836,0.06250000727595727,-0.055555463573075094,-0.055555463573075094,-0.14999993480741833,25.000011641535696,25.000011641535696,25.000011641535696,25.000011641535696,-74.99998835846431,-74.99998835846431,0.0003214284910687378,0.0002142856607124919,-42.25719030860748,-67.39602285571384,54.53428980852878,54.53428980852494,0.008315399502559913,1.4705880677205148,BUY,0,0
0.008999999612569809,0.014000000432133675,0.008999999612569809,0.014000000432133675,19949765,0.0,0.0,EMP,2024-09-23 00:00:00+10:00,Energy,0.6470587848585803,0.49899114264026845,0.005000000819563866,0.5555556705336562,0.009600000455975533,1.4583333090801425,0.009100000374019146,1.5384615227164407,0.009100000001490116,1.538461585696834,0.009119999837130308,1.5350877940957184,0.010534999966621399,1.3289036997143446,0.01130749998614192,1.23811633422875,0.28937348567643945,4.593661674694621,0.22025900855873537,3.4965033640083663,0.15486418878753788,2.458392783129496,0.11011754860064059,1.7480618914881818,100.0,77.77778352668281,77.77778352668281,0.00024532887753759246,-8.490747192084151e-05,0.00033023634945843395,0.012714784758843889,0.005485215989194403,1.3555442141128144,0.011625657774274281,0.00657434222870595,1.940088828916053,0.0109220394000126,0.007317960274248016,2.7080429839165108,3989953.0,1059639.55,5.0,18.826935064852947,0.6470587848585803,0.40000007450580766,0.5555556705336562,0.5555556705336562,0.6470587848585804,0.40000007450580766,0.5555556705336562,0.5555556705336562,100.0,50.00000776102382,100.0,50.000007761023795,-0.0,-0.0,0.0006428571151835578,0.0004761904211980956,311.11116078165634,451.6822932734309,99.0202036847464,98.05121423553642,0.008447472164035451,0.6428570953406865,BUY,0,0
0.014999999664723873,0.014999999664723873,0.013000000268220901,0.014000000432133675,3558523,0.0,0.0,EMP,2024-09-24 00:00:00+10:00,Energy,0.0,0.0,-0.0009999992325901985,-0.06666661699612825,0.010700000450015068,1.308411200311114,0.009500000439584256,1.4736841878237166,0.009350000042468309,1.4973262426251082,0.00919999985024333,1.5217392021765512,0.010569999972358347,1.3245033556050272,0.01133249999023974,1.2353849939723232,0.28937348567643945,4.593661674694621,0.22025900855873537,3.4965033640083663,0.15486418878753788,2.458392783129496,0.10922899904914135,1.733956604643232,100.0,77.77778352668281,77.77778352668281,0.0005882292640914753,4.971987528162188e-05,0.0005385093888098534,0.01426095272319334,0.004739048155975171,0.9451890555681334,0.012691918900740564,0.006008081184196054,1.3914163050832953,0.01145876963442979,0.006941230066056867,2.125050819917513,4701657.6,1237565.7,0.7568656211800707,2.8754214826736066,0.6470587848585803,0.40000007450580766,0.5555556705336562,0.40000007450580766,0.6470587848585804,0.40000007450580766,0.5555556705336562,0.40000007450580766,85.71429521757827,70.23810228637133,85.71429521757827,70.23810228637132,-14.285704782421737,-14.285704782421737,0.0007857142149337701,0.0005714284876982371,252.77780242620983,367.0731893055265,99.18057720192712,98.36757768052145,0.008780623860121345,0.42857135254509826,BUY,0,0
0.014000000432133675,0.014999999664723873,0.014000000432133675,0.014000000432133675,618564,0.0,0.0,EMP,2024-09-25 00:00:00+10:00,Energy,0.0,0.0,0.0,0.0,0.011800000444054604,1.1864406699397656,0.010100000444799662,1.38613859560195,0.009600000083446502,1.4583333656709225,0.009279999863356352,1.5086207584350342,0.010604999978095293,1.3201320566761698,0.011357499994337559,1.2326656781081728,0.28937348567643945,4.593661674694621,0.20337266123018133,3.2284409105066825,0.15486418878753788,2.458392783129496,0.10922899904914135,1.733956604643232,100.0,77.77778352668281,77.77778352668281,0.0008501799457038741,0.0002098118893660724,0.0006403680563378017,0.015491351528685027,0.004708649360914296,0.7233808235918878,0.013528305082210337,0.005671695084682668,1.1200760506304301,0.0119076395598574,0.006652360166855305,1.7962891088388002,4825370.4,1268493.9,0.12818995200865824,0.48763655859913874,0.6470587848585803,0.7499999708961709,0.5555556705336562,0.40000007450580766,0.6470587848585804,0.7499999708961709,0.5555556705336562,0.40000007450580766,85.71429521757827,90.47619681171886,85.71429521757827,90.47619681171885,-14.285704782421737,-14.285704782421737,0.0008571427315473557,0.0006190474987739609,183.0623390188963,262.5000118840644,99.20377084441238,98.41341503686093,0.009278173924489548,0.4999999334769609,BUY,0,0
0.014999999664723873,0.017000000923871994,0.013500000350177288,0.017000000923871994,4444735,0.0,0.0,EMP,2024-09-26 00:00:00+10:00,Energy,0.2142857427955882,0.1941560379196769,0.002000001259148121,0.13333342025677558,0.013500000536441802,1.2592592776557539,0.0110000004991889,1.5454545593089304,0.010000000149011612,1.7000000670552242,0.009439999889582395,1.8008475765590328,0.010669999988749623,1.593252196981882,0.011392500000074506,1.4922098682256586,0.281167464140218,4.463395121266128,0.2063332873089847,3.275439392484079,0.15993383667857305,2.5388709484555485,0.11169853239543458,1.7731592311752702,100.0,83.33333850734759,83.33333850734759,0.0012850395794054888,0.0004248574273739557,0.0008601821520315331,0.01768331321758769,0.00431668778079011,0.8977584436780021,0.015119622186868867,0.004880378111154359,1.367288585582801,0.012854495076264839,0.006025504702899951,2.2140904060359707,5714317.4,1490730.65,0.7778243119641901,2.981581548618458,1.0,1.1250000145519143,0.8888890728538499,0.8888890728538499,1.0,1.1250000145519146,0.8888890728538498,0.8888890728538498,100.0,90.47619681171886,100.0,90.47619681171885,-0.0,-0.0,0.001107142772525549,0.0007857141927594231,167.78627261823632,241.3793287655354,99.34984248404503,98.70258455015696,0.009735919983708295,0.23529403386025738,BUY,0,0
0.017000000923871994,0.01899999938905239,0.017000000923871994,0.01899999938905239,1150245,0.0,0.0,EMP,2024-09-27 00:00:00+10:00,Energy,0.11764696214645087,0.11122554860967668,0.001999998465180397,0.11764696214645079,0.015600000321865082,1.2179486536562338,0.01205000039190054,1.5767633834952672,0.010500000137835742,1.8095237275843186,0.009639999885112048,1.9709543169596782,0.010749999983236194,1.7674418063889714,0.011442499998956919,1.6604762412745817,0.2677495989306057,4.25039311444601,0.2061827195637146,3.273049203627364,0.1604801310936222,2.54754310344461,0.1125527514113869,1.7867195376636231,100.0,84.61538737077719,85.71428856527348,0.0017706412830390313,0.0006940141985069709,0.0010766270845320603,0.02013908739741902,0.0039609133863820565,0.8591821292576615,0.016980740869886726,0.004019259405784757,1.311578352329275,0.013992057931496805,0.005287941838727291,2.150706494302315,5944366.4,1548242.9,0.19350169935689024,0.742935749939496,1.2352939242929017,1.2352939242929017,1.1111111341067312,1.1111111341067312,1.2352939242929015,1.2352939242929015,1.1111111341067312,1.1111111341067312,100.0,95.23809840585943,100.0,95.23809840585942,-0.0,-0.0,0.0011785712226160935,0.0008809522149108705,169.5744217036988,239.84531420118154,99.37596964150231,98.76977202326684,0.010462328077724665,0.3684211248671272,BUY,0,0
0.01899999938905239,0.01899999938905239,0.017000000923871994,0.017000000923871994,1165188,0.0,0.0,EMP,2024-09-30 00:00:00+10:00,Energy,-0.1052630804995065,-0.11122554860967657,-0.001999998465180397,-0.10526308049950654,0.016200000420212746,1.0493827458585179,0.012900000438094139,1.3178294842278,0.01090000020340085,1.559633083178101,0.00979999991133809,1.7346939875176812,0.010789999989792704,1.575532987947537,0.01148250000551343,1.480513905134708,0.12304844539347824,1.9533335143455286,0.2142647482606165,3.4013474317527037,0.16381588938490205,2.6004966246798995,0.11391277167629363,1.8083091900573314,84.00000894069858,73.33334202567917,75.00000873115076,0.0019713761729023265,0.0009494865933860422,0.0010218895795162844,0.02111651481910041,0.0046834860570878715,0.49899510858955404,0.017953181787322865,0.0038468186194788355,0.8648580286627412,0.014619179515506321,0.00498082030716986,1.494030437526429,2187451.0,1606502.3,0.5326693032209636,0.7252949466676767,0.2142857427955882,1.0,0.8888890728538499,0.8888890728538499,0.21428574279558815,1.0,0.8888890728538498,0.8888890728538498,81.81819413319218,93.93939804439741,81.81819413319218,93.93939804439738,-18.18180586680782,-18.18180586680782,0.0013214282558432647,0.000976190237062318,121.26890634627894,171.83764511880568,94.50834056384498,94.01713031103557,0.011486848635083993,0.4705881772878704,BUY,0,0
0.017999999225139618,0.017999999225139618,0.017000000923871994,0.017000000923871994,622555,0.0,0.0,EMP,2024-10-01 00:00:00+10:00,Energy,0.0,0.0,-0.000999998301267624,-0.055555463573075094,0.01680000051856041,1.0119047856629901,0.013750000484287738,1.2363636600084533,0.01130000026896596,1.5044248247108785,0.00993999993428588,1.7102616736680418,0.010829999996349215,1.5697138439152984,0.011527500008232891,1.4747344100395285,0.12304844539347824,1.9533335143455286,0.2142647482606165,3.4013474317527037,0.16381588938490205,2.6004966246798995,0.11314049262169958,1.7960496401301318,84.00000894069858,84.61539343264147,75.00000873115076,0.002106181272676675,0.001180825529244169,0.000925355743432506,0.021697746431627703,0.005802254536947776,0.40892102756153154,0.018793155252865207,0.003806845285066713,0.7606943493299934,0.015171927366334602,0.004708072502237157,1.3494072846537082,1600257.4,1623117.05,0.38903428910873966,0.3835552094040291,0.2142857427955882,1.0,0.8888890728538499,0.7000001303851633,0.21428574279558815,1.0,0.8888890728538498,0.7000001303851634,81.81819413319218,87.8787960887948,81.81819413319218,87.87879608879479,-18.18180586680782,-18.18180586680782,0.001249999606183597,0.0010238092037893477,96.83060354638852,135.44520673939834,92.67864006785956,91.70395636644368,0.012388426725560201,0.41176464143096725,BUY,0,0
0.017000000923871994,0.017500000074505806,0.017000000923871994,0.017000000923871994,1229545,0.0,0.0,EMP,2024-10-02 00:00:00+10:00,Energy,0.0,0.0,0.0,0.0,0.017400000616908072,0.9770115127095232,0.014600000530481338,1.1643835826156324,0.011700000334531068,1.452991490410359,0.010079999957233667,1.686508035317238,0.0108600000012666,1.5653776171168774,0.011572500010952353,1.4689998624137386,0.12304844539347824,1.9533335143455286,0.2142647482606165,3.4013474317527037,0.16381588938490205,2.6004966246798995,0.11314049262169958,1.7960496401301318,71.42858283252552,84.61539343264147,75.00000873115076,0.0021877957380534285,0.001382219571006021,0.0008055761670474075,0.021838784944550865,0.007361216116411811,0.33154743339585313,0.01952304347048124,0.0038769571985808934,0.6774857938575326,0.015680146133786984,0.00447985378068035,1.2356822033701507,1722453.6,1684594.3,0.7138334524657152,0.7298760300922305,0.2142857427955882,1.0,0.8888890728538499,0.7000001303851633,0.21428574279558815,1.0,0.8888890728538498,0.7000001303851634,80.95239362343769,81.52959396327402,81.81819413319218,81.81819413319218,-19.047606376562317,-18.18180586680782,0.0012857138312288693,0.0009999996760771388,80.95238668315383,113.10112949271388,88.32828026303588,87.97475044153465,0.013181815445179264,0.41176464143096725,BUY,0,0
0.017000000923871994,0.017999999225139618,0.017000000923871994,0.017999999225139618,103612,0.0,0.0,EMP,2024-10-03 00:00:00+10:00,Energy,0.05882342628954751,0.05715831644673874,0.000999998301267624,0.058823426289547516,0.017600000277161597,1.0227272125953926,0.015550000406801701,1.1575561899835236,0.01215000031515956,1.4814813792787325,0.010239999946206809,1.7578124335642538,0.010899999989196657,1.6513760773376147,0.011622500005178154,1.5487200875130227,0.08271520893744887,1.3130632349474214,0.2123988588902033,3.37172735626427,0.16354302677082524,2.596165064966294,0.11327880470143596,1.7982452763279235,75.0000058207692,85.18519182836616,76.47059435817778,0.0023065784943551004,0.001567091355675837,0.0007394871386792634,0.021631849254805945,0.009468151558797457,0.4028378342782857,0.02034563459625177,0.003954366034067349,0.713794528811069,0.016271346932431825,0.0042086529599817905,1.2866113152925633,854229.0,1689502.3,0.12129300222773987,0.06132693634095674,0.05882342628954751,1.117646852579095,1.0,0.7999999627470962,0.058823426289547516,1.117646852579095,1.0,0.7999999627470962,90.47618794197913,84.41559189953635,90.90908860002646,84.8484922888036,-9.52381205802087,-9.090911399973534,0.0013214279897511005,0.0010476186428041686,79.01812800089914,107.2627955204971,88.35025688828004,88.02270554599335,0.01387999751844404,0.2777778352668281,BUY,0,0
0.017999999225139618,0.017999999225139618,0.017999999225139618,0.017999999225139618,200000,0.0,0.0,EMP,2024-10-04 00:00:00+10:00,Energy,0.0,0.0,0.0,0.0,0.017400000244379044,1.0344826995594094,0.01650000028312206,1.0909090252290428,0.01260000029578805,1.4285713335385148,0.01039999993517995,1.730769167050785,0.010939999977126717,1.6453381410213805,0.011672499999403953,1.5420860335025721,0.05939104162257801,0.9428035574305647,0.2123988588902033,3.37172735626427,0.16354302677082524,2.596165064966294,0.11327880470143596,1.7982452763279235,75.0000058207692,85.18519182836616,76.47059435817778,0.0023733561126045005,0.00172834430706157,0.0006450118055429306,0.02018178665568016,0.012818213910563963,0.4074106398996094,0.021051720571614238,0.0041482800199618645,0.6389230539014377,0.016817450844590524,0.003982549025769374,1.1842707326073971,664180.0,1699502.3,0.30112318949682315,0.11768151181672422,-0.052631589266732504,1.117646852579095,1.0,0.7999999627470962,-0.05263158926673246,1.117646852579095,1.0,0.7999999627470962,90.47618794197913,87.30158983579867,90.90908860002646,87.87879044441503,-9.52381205802087,-9.090911399973534,0.0013214279897511005,0.0010476186428041686,77.00462125977835,100.6004643836136,88.44261154477873,88.11591166611095,0.014494397742917041,0.16666670116009685,BUY,0,0
0.017999999225139618,0.01899999938905239,0.017999999225139618,0.01899999938905239,277267,0.0,0.0,EMP,2024-10-07 00:00:00+11:00,Energy,0.05555556705336562,0.05406723216293787,0.0010000001639127731,0.05555556705336561,0.01779999993741512,1.0674156997672175,0.017000000178813934,1.1176470111295018,0.01305000027641654,1.4559386196633621,0.010579999927431345,1.7958411644020953,0.01100999996997416,1.7257038547564123,0.011722499998286366,1.620814620757507,0.0313452775048934,0.49759085432553085,0.08547560010885344,1.35688308631219,0.16283681959036445,2.58495437352477,0.11338150503713285,1.7998755936148243,66.66666666666666,86.20690319612015,77.77778410157461,0.0024784000589228045,0.0018783554574338167,0.0006000446014889878,0.020527667763770154,0.013472332593857713,0.5669466189976282,0.021869237267412706,0.004230763285420373,0.6746614382525824,0.01744118935105667,0.0037188105038060216,1.2271923921278474,486595.8,1687365.65,0.5698096859857812,0.16431945263316225,0.11764696214645087,0.3571427716132356,0.8999999813735482,0.8999999813735482,0.11764696214645079,0.3571427716132356,0.8999999813735481,0.8999999813735481,100.0,93.65079196131944,100.0,93.93939240001764,-0.0,-0.0,0.001392856572887727,0.0010952376982285863,80.82625722667625,99.88491360475507,88.57285106699618,88.2473984713321,0.015035069940453283,0.1578947678001974,BUY,0,0
0.01899999938905239,0.019999999552965164,0.01899999938905239,0.019999999552965164,926202,0.0,0.0,EMP,2024-10-08 00:00:00+11:00,Energy,0.05263158926673239,0.05129330419094626,0.0010000001639127731,0.05263158926673246,0.018399999663233756,1.086956517337795,0.017600000090897083,1.1363636050950583,0.01355000026524067,1.4760146982631763,0.010799999926239251,1.851851823107328,0.011079999962821602,1.8050541173352153,0.011772499997168779,1.6988744580824,0.030570385011813816,0.4852898173485343,0.0847596559830805,1.3455178256557134,0.16253832975872773,2.580215994344416,0.11218622141765652,1.7809010543948833,60.00000745058493,87.09678078355373,77.77778410157461,0.0026122276645963085,0.0020251298988663152,0.0005870977657299933,0.020893089531745925,0.01430691065004824,0.7287987481595537,0.022766118381247313,0.004333882149234025,0.6998607446797012,0.018142912742790028,0.0034570871096884738,1.2529087375229757,547325.2,1733675.75,1.6922334290473016,0.5342417692581788,0.17647049800335401,0.42857135254509826,1.0,1.2222222682134625,0.17647049800335407,0.4285713525450983,1.0,1.2222222682134625,100.0,96.82539598065972,100.0,96.96969620000881,-0.0,-0.0,0.0014642851560243539,0.0010952376982285863,94.65407869198373,104.53539142855792,89.00876533483682,88.56966146442129,0.015510861474285176,0.1000000186264518,BUY,0,0
0.020999999716877937,0.020999999716877937,0.01899999938905239,0.019999999552965164,492820,0.0,0.0,EMP,2024-10-09 00:00:00+11:00,Energy,0.0,0.0,-0.0010000001639127731,-0.047619056066418024,0.01899999938905239,1.0526315892667324,0.01820000000298023,1.0989010741588014,0.014150000223889948,1.413427507880774,0.01101999992504716,1.8148820044460732,0.011149999955669045,1.793721940132966,0.011817499995231628,1.6924052939314729,0.030570385011813816,0.4852898173485343,0.0847596559830805,1.3455178256557134,0.15250378970090647,2.4209226092609515,0.11218622141765652,1.7809010543948833,100.0,87.09678078355373,77.77778410157461,0.0026873093765673265,0.0021575657944065177,0.0005297435821608088,0.020658543978321963,0.0157414560276385,0.7321404734014318,0.023407144838061986,0.00489285560971791,0.6319442520233808,0.01878953755089909,0.00325046229919523,1.1557958864937408,399980.2,1742728.8,1.23211098949398,0.282786397975405,0.17647049800335401,0.42857135254509826,1.4999998253770257,1.2222222682134625,0.17647049800335407,0.4285713525450983,1.4999998253770255,1.2222222682134625,91.99999821186054,97.33333273728687,92.30769065445688,97.43589688481894,-8.00000178813945,-7.692309345543117,0.0016071423222976072,0.001190475809077422,99.22806605833313,99.78401260590827,89.23105446524599,88.79919388333144,0.016139340805300374,0.1000000186264518,BUY,0,0
0.01899999938905239,0.019999999552965164,0.01850000023841858,0.019999999552965164,1430090,0.0,0.0,EMP,2024-10-10 00:00:00+11:00,Energy,0.0,0.0,0.0010000001639127731,0.05263158926673246,0.0193999994546175,1.0309278409904725,0.01849999986588955,1.0810810647540234,0.014750000182539224,1.3559321563019906,0.01125999990850687,1.7761989090120036,0.011219999948516489,1.7825311626324534,0.011867499994114041,1.6852748736367915,0.029646302724104834,0.4706204658031087,0.058707927855470445,0.9319594625609781,0.15250378970090647,2.4209226092609515,0.11060277209960998,1.7557645757395273,100.0,87.09678078355373,87.50000654836344,0.0027155094713985587,0.002269154529804926,0.00044635494159363286,0.021038589849822438,0.015961409881956663,0.5908790693138061,0.02388351216631055,0.005616488198767899,0.5748062059538853,0.019382128935852384,0.0031378708811613566,1.076072494666428,665275.8,1814233.3,2.1496197516879465,0.7882613553615183,0.11111113410673124,0.17647049800335401,1.4999998253770257,1.4999998253770257,0.11111113410673122,0.17647049800335407,1.4999998253770255,1.4999998253770255,91.6666653731631,94.55555452834123,92.30769065445688,94.87179376963792,-8.333334626836898,-7.692309345543117,0.0017142851304795062,0.001166666281365213,88.60760153634732,85.2241270274112,84.40155775182761,84.43123678014892,0.016917046231152782,0.1000000186264518,BUY,0,0
0.019999999552965164,0.019999999552965164,0.019999999552965164,0.019999999552965164,510961,0.0,0.0,EMP,2024-10-11 00:00:00+11:00,Energy,0.0,0.0,0.0,0.0,0.01979999952018261,1.0101010120014744,0.018599999882280827,1.0752687999755333,0.015325000137090683,1.3050570554031975,0.011479999907314777,1.7421602538708778,0.011289999941363931,1.7714791547243345,0.011912499992176891,1.6789086729149592,0.029646302724104834,0.4706204658031087,0.04715899986495613,0.7486259143272151,0.15298510293528708,2.428563219986323,0.1096668281791696,1.7409069266119992,100.0,80.00000745058354,87.50000654836344,0.0027066575859085104,0.002356655141025643,0.0003500024448828674,0.021299793083823095,0.01590020668073856,0.5185581139639068,0.024247325104641955,0.006402675169539412,0.5239665034479835,0.019941099351964656,0.0030189004626648974,1.0069612940239998,727468.0,1834003.6,0.7023827852221678,0.27860414232556574,0.11111113410673124,0.05263158926673239,1.352940996006708,1.2222222682134625,0.11111113410673122,0.05263158926673246,1.3529409960067083,1.2222222682134625,87.49999708961676,90.38888689154682,91.99999821186054,92.20512650692477,-12.500002910383246,-8.00000178813945,0.0013214279897511005,0.001166666281365213,105.2341702456786,86.45417907851078,71.23638866554725,84.73345405545754,0.01757031878886881,0.30000005587935563,BUY,0,0
0.019999999552965164,0.019999999552965164,0.01899999938905239,0.01899999938905239,600000,0.0,0.0,EMP,2024-10-14 00:00:00+11:00,Energy,-0.0500000093132259,-0.05129330419094627,-0.0010000001639127731,-0.05000000931322596,0.01979999952018261,0.9595959519941017,0.018799999728798866,1.0106382799541829,0.015850000083446503,1.1987381254903398,0.01167999990284443,1.626712289991143,0.011339999930933119,1.6754849651475232,0.011952499989420176,1.5896255516310687,0.036292905909606626,0.5761320203561134,0.03407109267531962,0.5408618286907803,0.1542832476316926,2.4491706281811214,0.11008791515452282,1.747591475114677,66.66666666666666,72.7272758060261,81.81818592318585,0.0025891051544471005,0.0024031451437099348,0.0001859600107371657,0.021258544108205057,0.016341455349392676,0.08134881026708597,0.0243048329398215,0.007395167227071505,0.37256789804316104,0.02037144532188006,0.0029885544838087995,0.8422073813149668,792014.6,1864003.6,0.7575617924215033,0.32188779034546927,0.0,0.11764696214645087,1.2352939242929017,1.1111111341067312,0.0,0.11764696214645079,1.2352939242929015,1.1111111341067312,73.33332671059446,84.16666305779147,83.9999964237211,89.43589509667952,-26.666673289405534,-16.0000035762789,0.001249999473137515,0.001190475809077422,65.39681778292706,70.37852352450199,61.869204443693405,82.8753768832912,0.01811906773735027,0.4210527141338596,BUY,0,0
0.01899999938905239,0.01899999938905239,0.01899999938905239,0.01899999938905239,0,0.0,0.0,EMP,2024-10-15 00:00:00+11:00,Energy,0.0,0.0,0.0,0.0,0.019599999487400054,0.9693877492836989,0.018999999575316905,0.9999999901966043,0.01637500002980232,1.1603053040899298,0.01187999989837408,1.5993265615812646,0.011399999922141434,1.6666666244576023,0.011992499986663461,1.5843234863607907,0.022360683939998405,0.35496485310331033,0.03407109267531962,0.5408618286907803,0.1542832476316926,2.4491706281811214,0.11008791515452282,1.747591475114677,66.66666666666666,72.7272758060261,81.81818592318585,0.0024675001992628363,0.0024160161548205153,5.1484044442320995e-05,0.021108184242295477,0.016891814908338333,-8.83530352661936e-08,0.02418777561051857,0.00856222444908607,0.33598806622952027,0.02077751149062551,0.0029824883061226517,0.8002236824146316,606774.2,1864003.6,0.0,0.0,-0.0500000093132259,0.11764696214645087,1.2352939242929017,1.1111111341067312,-0.05000000931322596,0.11764696214645079,1.2352939242929015,1.1111111341067312,73.33332671059446,78.05555017026857,83.9999964237211,86.66666368643423,-26.666673289405534,-16.0000035762789,0.0011785709565239294,0.001190475809077422,36.8627278078743,60.769728833298046,60.414070712420056,82.8753768832912,0.018580016854074698,0.3684211248671272,BUY,0,0
0.019999999552965164,0.019999999552965164,0.01899999938905239,0.01899999938905239,369370,0.0,0.0,EMP,2024-10-16 00:00:00+11:00,Energy,0.0,0.0,-0.0010000001639127731,-0.05000000931322596,0.0193999994546175,0.9793814393396849,0.019199999421834944,0.989583331312234,0.016899999976158143,1.124260320464902,0.012079999893903732,1.5728476453580842,0.011459999913349748,1.657940622400817,0.012032499983906746,1.5790566727167712,0.022360683939998405,0.35496485310331033,0.03407109267531962,0.5408618286907803,0.1542832476316926,2.4491706281811214,0.11008791515452282,1.747591475114677,50.0,62.4999970896154,81.81818592318585,0.002344106001334851,0.0024016341241233827,-5.752812278853178e-05,0.020777620955922,0.017622377887747887,-0.12677313820915218,0.023847925836642164,0.009952074115674123,0.3022483911116395,0.021160950890290277,0.0029990488975171845,0.7620346699263366,582084.2,1882472.1,0.6345645526884255,0.19621539145254793,-0.0500000093132259,0.11764696214645087,1.2352939242929017,1.1111111341067312,-0.05000000931322596,0.11764696214645079,1.2352939242929015,1.1111111341067312,49.99997671692861,65.55554337937252,83.9999964237211,83.9999964237211,-50.00002328307139,-16.0000035762789,0.0009999994986823627,0.0012380948645018396,49.99998965196893,63.822520529990854,45.610818282585406,83.10008983999049,0.018967214112123217,0.2631579463336624,BUY,0,0
0.01899999938905239,0.020999999716877937,0.01899999938905239,0.020999999716877937,395000,0.0,0.0,EMP,2024-10-17 00:00:00+11:00,Energy,0.10526317853346501,0.10008347723011737,0.0020000003278255463,0.10526317853346492,0.019599999487400054,1.0714285850047027,0.019499999471008778,1.0769230916185026,0.017524999938905238,1.1982881477938412,0.0123399998806417,1.7017828136142499,0.011539999907836319,1.8197573556840099,0.012087499983608722,1.7373319334316466,0.05694193119274613,0.9039251346465468,0.043160220900641734,0.6851472662022613,0.15429987481192833,2.4494345764845695,0.10908334091858053,1.731644353503841,66.66666666666666,62.50000582076784,83.78378813766662,0.00238026036242767,0.0023973593717842405,-1.709900935657066e-05,0.021199672920805962,0.017800326021211593,0.8825226081210766,0.02346748670065582,0.011582513177154655,0.5847719847421263,0.0216847352571072,0.0029952645041761965,0.92672499405882,375066.2,1902222.1,1.0531474177091937,0.20765188250099711,0.05000000931322601,0.16666670116009685,1.4705880677205148,1.62499983992894,0.05000000931322596,0.16666670116009685,1.4705880677205148,1.62499983992894,100.0,74.44443447584104,100.0,89.3333309491474,-0.0,-0.0,0.0009999996317284448,0.0013333329753506752,107.69232410220299,84.90246032882082,41.0599668191938,83.34588089846952,0.020999999716877937,0.1428571681992541,BUY,0,0
0.019999999552965164,0.020999999716877937,0.019999999552965164,0.020999999716877937,256230,0.0,0.0,EMP,2024-10-18 00:00:00+11:00,Energy,0.0,0.0,0.0010000001639127731,0.05000000931322596,0.01979999952018261,1.060606072008847,0.01979999952018261,1.060606072008847,0.018149999901652336,1.1570247840588772,0.012579999882727861,1.66931636825455,0.011619999902322889,1.8072289064890565,0.012137499982491135,1.730175056409585,0.05694193119274613,0.9039251346465468,0.043160220900641734,0.6851472662022613,0.15429987481192833,2.4494345764845695,0.10815376617021488,1.7168878118485151,66.66666666666666,83.33332815931827,83.78378813766662,0.002381460954595231,0.0023941796883464386,-1.2718733751207467e-05,0.02137762105426969,0.018222377986095533,0.760638829254907,0.022516136726387054,0.013783863076917618,0.6527509168013225,0.022187309881107627,0.0029726898843480936,0.8764159619675095,324120.0,1915033.6,0.7905405405405406,0.13379921897976096,0.05000000931322601,0.16666670116009685,1.4705880677205148,1.3333334023201937,0.05000000931322596,0.16666670116009685,1.4705880677205148,1.3333334023201937,100.0,83.33332557230955,100.0,94.66666547457369,-0.0,-0.0,0.0009285711816379002,0.001380952030775093,117.09718472493329,95.90362302670337,49.28255719187229,83.5040615817933,0.01899999938905239,0.3333333924649262,BUY,0,0
0.020999999716877937,0.020999999716877937,0.019999999552965164,0.019999999552965164,435517,0.0,0.0,EMP,2024-10-21 00:00:00+11:00,Energy,-0.04761905606641803,-0.04879017303917098,-0.0010000001639127731,-0.047619056066418024,0.019999999552965164,1.0,0.019899999536573888,1.0050251265688468,0.01844999985769391,1.084010824239919,0.01279999988153577,1.562499979536369,0.01169999989680946,1.7094016862700212,0.012182499980553985,1.6416991245548673,0.056310172892261444,0.893896282535847,0.045036627495431726,0.7149342974517965,0.06803677634435464,1.0800503412821076,0.10855739165309532,1.723295167751575,50.0,71.42856382593739,79.48718218134124,0.0022754903404588814,0.0023704418187689273,-9.495147831004589e-05,0.02137572935321174,0.018424269719936034,0.06776309271781611,0.02242227137565173,0.014477728339736092,0.39020487100743867,0.022575019937505894,0.003024979825565644,0.7365713451433762,291223.4,939321.2,1.4954739213950525,0.46365077249400954,0.05263158926673239,0.05263158926673239,0.42857135254509826,1.2222222682134625,0.05263158926673246,0.05263158926673246,0.4285713525450983,1.2222222682134625,74.99998835846431,91.66666278615479,91.6666653731631,97.22222179105437,-25.000011641535696,-8.333334626836898,0.0009285713146839823,0.0014285710861995106,86.06557857394063,86.47594929076482,49.9696851888032,82.19846569891382,0.0190399993956089,0.30000005587935563,BUY,0,0
0.019999999552965164,0.020999999716877937,0.019999999552965164,0.020999999716877937,169810,0.0,0.0,EMP,2024-10-22 00:00:00+11:00,Energy,0.05000000931322601,0.04879017303917102,0.0010000001639127731,0.05000000931322596,0.020399999618530274,1.0294117700768315,0.019999999552965164,1.050000009313226,0.018799999821931125,1.1170212721162052,0.013039999883621931,1.6104294405135433,0.01177999989129603,1.782682505149627,0.012232499979436397,1.7167381771657682,0.05816025353624593,0.9232654022722301,0.04474077016270839,0.7102377078961515,0.06817911189663634,1.0823098481264701,0.10859293875555132,1.7238594605091402,60.0,74.99999417923351,73.33333581686071,0.002246305509519351,0.002345614556919012,-9.930904739966114e-05,0.02163299298249058,0.01836700612343975,0.6123724356952229,0.022330318868310294,0.015269680775551958,0.6231731087316932,0.023021288314683266,0.0030587114525605953,0.7974922163840926,325185.4,769885.55,0.5221944158624587,0.22056525154940237,0.10526317853346501,0.05000000931322601,0.4999999334769609,1.3333334023201937,0.10526317853346492,0.05000000931322596,0.49999993347696103,1.3333334023201937,100.0,91.66666278615479,100.0,97.22222179105437,-0.0,-0.0,0.0009642856727753367,0.0012142853811383247,106.01093256589931,96.90156197897008,60.11922438143117,68.86647322677632,0.019079199402034282,0.19047622426567212,BUY,0,0
0.019999999552965164,0.019999999552965164,0.019999999552965164,0.019999999552965164,66669,0.0,0.0,EMP,2024-10-23 00:00:00+11:00,Energy,-0.04761905606641803,-0.04879017303917098,0.0,0.0,0.020599999651312827,0.9708737811406019,0.019999999552965164,1.0,0.0190999997779727,1.047120407615418,0.013259999882429839,1.5082956056029955,0.011849999884143472,1.6877636918568444,0.012262499975040555,1.630988753816411,0.0659448344161869,1.046841792687383,0.04784864728529513,0.7595737277264205,0.0698203688844461,1.1083639950902195,0.10899536250394976,1.7302477394687124,60.0,62.50000000000001,68.7500007275959,0.002118068885200247,0.0023001054225752593,-0.0001820365373750121,0.02163299298249058,0.01836700612343975,0.0,0.021845329992748228,0.01635466956319717,0.3278293336621631,0.023362009978820576,0.0031579897860391035,0.6671939154904829,264645.2,742290.8,0.2519184175643465,0.08981520449936871,0.05263158926673239,0.0,0.42857135254509826,1.2222222682134625,0.05263158926673246,0.0,0.4285713525450983,1.2222222682134625,66.66666666666667,80.55555167504367,86.66666335529723,92.77777624282011,-33.333333333333336,-13.333336644702767,0.0009642858058214188,0.001166666370062601,35.294116501256745,63.270006174503706,58.8504798061578,62.90023886498746,0.019117615408331155,0.25000004656612984,BUY,0,0
0.019999999552965164,0.02199999988079071,0.019999999552965164,0.02199999988079071,354392,0.0,0.0,EMP,2024-10-24 00:00:00+11:00,Energy,0.1000000186264518,0.09531019673746272,0.0020000003278255463,0.10000001862645191,0.020799999684095384,1.0576923180250286,0.020199999585747717,1.0891089273245826,0.019349999725818634,1.1369509143421945,0.013519999887794256,1.6272189395986703,0.01193999988026917,1.8425460721440772,0.012307499973103405,1.7875279243444344,0.06410027334840213,1.0175602935068013,0.05715956166799509,0.907379911337852,0.05650576686320482,0.8970012405662056,0.10952275038155564,1.7386197624804043,71.42857142857143,70.0,72.2222239468939,0.0021530052440337545,0.0022706853868669583,-0.00011768014283320381,0.022265591042302985,0.01813440812919245,0.8714212528961588,0.02219882169378024,0.01650117775785703,0.9302091126698981,0.02384128736238308,0.003198712413205431,0.8216029263669237,256523.6,537773.65,1.3815181137330055,0.6589984466513003,0.04761905606641803,0.1000000186264518,0.29411756971716074,1.444444536426925,0.047619056066418024,0.10000001862645191,0.29411756971716063,1.444444536426925,100.0,88.8888888888889,100.0,95.55555445176573,-0.0,-0.0,0.001107142972094672,0.0012142854698357127,165.27778252062373,129.73152143185843,60.15755972991428,62.723479941794366,0.01915526309450209,0.09090910630285265,BUY,0,0
0.019999999552965164,0.019999999552965164,0.01899999938905239,0.01899999938905239,771151,0.0,0.0,EMP,2024-10-25 00:00:00+11:00,Energy,-0.13636365945427886,-0.14660350092840918,-0.0010000001639127731,-0.05000000931322596,0.020399999618530274,0.931372536487393,0.02009999956935644,0.9452736216979297,0.019349999725818634,0.9819121270426047,0.013719999883323907,1.384839617392862,0.011999999871477485,1.583333299378864,0.012337499968707562,1.5400202178110134,0.09259917975396531,1.4699664074253564,0.07389269014643575,1.1730100909981316,0.06050005053153509,0.9604085280796978,0.111775857249103,1.7743867251730967,50.0,50.0,55.555552106212176,0.0019165250843027198,0.0021998533263541107,-0.0002833282420513909,0.02230100979936043,0.017898989339352453,-0.499770589572433,0.02219882169378024,0.01650117775785703,-0.12285791836148895,0.0240712984808112,0.0033687012858366148,0.5100808807708598,359507.8,518818.95,2.1450188285205494,1.4863585842421523,-0.09523811213283606,-0.0500000093132259,0.0,1.1111111341067312,-0.09523811213283605,-0.05000000931322596,0.0,1.1111111341067312,14.285691477812168,60.31745271482629,39.99997764825355,75.55554700118358,-85.71430852218784,-60.00002235174645,0.0012500001383679254,0.0011904759421235039,-81.35965597013373,5.447454234954178,51.95083398401111,46.44430941898199,0.02199999988079071,0.2105263570669298,BUY,0,0
0.020999999716877937,0.020999999716877937,0.019999999552965164,0.019999999552965164,813509,0.0,0.0,EMP,2024-10-28 00:00:00+11:00,Energy,0.05263158926673239,0.05129330419094626,-0.0010000001639127731,-0.047619056066418024,0.020399999618530274,0.9803921532821123,0.020199999585747717,0.9900990080750465,0.019499999657273292,1.0256410207425506,0.013939999882131815,1.4347202096178644,0.012069999864324927,1.6570008100893845,0.01236749996431172,1.617141670562213,0.09495150691136742,1.5073084433898534,0.0737100623825556,1.1701109651237955,0.05592711884002871,0.8878154879704268,0.11183111253801867,1.7752638756916481,44.444444444444436,50.0,52.94117711510216,0.001789179957027251,0.002117718652488739,-0.00032853869546148806,0.022265591042302985,0.01813440812919245,-0.096824583655128,0.022135785456086864,0.01686421385845972,0.18969671052819764,0.024349257656595878,0.003530742107667753,0.5821740418130205,435106.2,501235.0,1.8696791725790163,1.6230091673566291,0.0,0.05263158926673239,0.17647049800335401,1.2222222682134625,0.0,0.05263158926673246,0.17647049800335407,1.2222222682134625,42.85712765187478,52.380939709895664,59.999985098835694,66.66665424902975,-57.14287234812522,-40.000014901164306,0.001321428721504552,0.001190476030820892,41.72185297034372,68.94360527647561,51.344893983499205,45.30674185082643,0.021939999870955944,0.25000004656612984,BUY,0,0
0.020999999716877937,0.020999999716877937,0.020999999716877937,0.020999999716877937,23810,0.0,0.0,EMP,2024-10-29 00:00:00+11:00,Energy,0.05000000931322601,0.04879017303917102,0.0,0.0,0.020399999618530274,1.0294117700768315,0.020399999618530274,1.0294117700768315,0.01969999959692359,1.06598985515499,0.014199999868869781,1.4788732331551344,0.012159999860450625,1.7269736807463845,0.012412499962374568,1.6918428826210883,0.09495150691136742,1.5073084433898534,0.07482247888800837,1.1877700296903049,0.05658598140076645,0.8982746068737263,0.11025416119279312,1.7502305491569548,50.0,53.846153846153854,62.49999563442564,0.00174879071133123,0.002043933064257237,-0.00029514235292600697,0.022332183501399733,0.018467815735660816,0.3105295017038502,0.022136563147087195,0.017263436046759985,0.5335383597390916,0.02465300425980655,0.0037469954779330104,0.6505306602476953,405906.2,471297.75,0.05865887241929293,0.050520079928240695,0.0,0.10526317853346501,0.23529403386025738,1.62499983992894,0.0,0.10526317853346492,0.23529403386025735,1.62499983992894,71.42856382593739,42.857127651874784,79.99999254941785,59.9999850988357,-28.57143617406261,-20.000007450582153,0.0012500001383679254,0.0011428570640938623,104.76190621002533,107.16613249399512,47.6552805719755,50.25616562649821,0.021881199861317875,0.23809528033209015,BUY,0,0
0.020999999716877937,0.020999999716877937,0.019999999552965164,0.019999999552965164,427394,0.0,0.0,EMP,2024-10-30 00:00:00+11:00,Energy,-0.04761905606641803,-0.04879017303917098,-0.0010000001639127731,-0.047619056066418024,0.020399999618530274,0.9803921532821123,0.02049999963492155,0.9756097516653297,0.019849999528378248,1.007556676481149,0.01441999986767769,1.3869625337372573,0.012239999854937195,1.6339869109473766,0.012452499959617853,1.606103161439314,0.09495150691136742,1.5073084433898534,0.07719329143375672,1.2254055120975174,0.058106199105581326,0.9224073147874317,0.10973840867233424,1.742043231713821,50.0,50.0,58.823524900167705,0.0016174453836922328,0.001958635528144236,-0.0003411901444520032,0.02219967308471877,0.01880032618512433,-0.29417420270701977,0.02192997962630172,0.017770019430454774,0.0721160864648021,0.024889313349093008,0.003950686386262371,0.5329862072802437,478051.2,431190.2,0.8940339444812606,0.9911959965694953,0.0,0.05263158926673239,0.17647049800335401,1.2222222682134625,0.0,0.05263158926673246,0.17647049800335407,1.2222222682134625,33.333333333333336,49.206341603715174,59.999985098835694,66.66665424902975,-66.66666666666667,-40.000014901164306,0.001214285913322653,0.0011428571527912503,23.045267489712106,53.94265162624125,56.43576728859604,50.80640731287288,0.021823575851872567,0.30000005587935563,BUY,0,0
0.020999999716877937,0.020999999716877937,0.020999999716877937,0.020999999716877937,250642,0.0,0.0,EMP,2024-10-31 00:00:00+11:00,Energy,0.05000000931322601,0.04879017303917102,0.0,0.0,0.020199999585747717,1.0396039676998146,0.02049999963492155,1.0243902483346703,0.019999999552965164,1.050000009313226,0.014659999869763851,1.4324692976423754,0.012329999851062893,1.7031630146425067,0.012492499956861138,1.6810085883045616,0.08431507839928766,1.3384603753045745,0.07119071040816467,1.1301174923881276,0.057746656577008934,0.9166997540893084,0.10977224573657478,1.7425803784562828,50.0,53.33333333333333,61.111107086878015,0.0015758791670371398,0.0018820842559228168,-0.00030620508888567696,0.02219967308471877,0.01880032618512433,0.29417420270701977,0.021946656925618088,0.01805334218031224,0.5137011669136021,0.025172266460281183,0.004147733279246519,0.6031049338905778,457301.2,438541.7,0.5480895304888769,0.5715351584581352,-0.045454553151426325,0.0,0.16666670116009685,1.3333334023201937,-0.045454553151426276,0.0,0.16666670116009685,1.3333334023201937,66.66666666666667,57.14285460864581,79.99999254941785,73.3333233992238,-33.333333333333336,-20.000007450582153,0.0012857144964592798,0.0011666667248521531,90.05847953216379,102.08333624371605,54.26010741141366,58.37003247710246,0.021767104322616162,0.38095235983395503,BUY,0,0
0.02199999988079071,0.024000000208616257,0.02199999988079071,0.024000000208616257,585238,0.0,0.0,EMP,2024-11-01 00:00:00+11:00,Energy,0.1428571681992541,0.1335314147988697,0.0020000003278255463,0.09090910630285255,0.02119999974966049,1.1320754949065792,0.020799999684095384,1.1538461814000764,0.020299999602138998,1.1822660433001877,0.01495999988168478,1.6042781014991159,0.012449999852105976,1.9277108830291707,0.012552499957382678,1.911969750256864,0.06737572158574336,1.06955642231642,0.08387260732718432,1.331436364789821,0.06491985638595292,1.0305707708835592,0.11104342820017224,1.7627597744742747,66.66666666666666,64.70588235294117,65.0,0.001764670584474104,0.0018586015216330743,-9.393093715897032e-05,0.023596823737651807,0.01800317563053896,1.1441551070943392,0.02273656358683524,0.017863435617442754,1.5185320926175156,0.025667311618538434,0.004252688144831127,0.8442829114442019,420118.6,457803.6,1.3930304442602637,1.2783604148154362,0.2631579463336624,0.1428571681992541,0.3333334023201937,1.6666668046403874,0.2631579463336623,0.14285716819925406,0.3333334023201937,1.6666668046403874,100.0,66.66666666666669,100.0,79.99999254941785,-0.0,-0.0,0.0014285716627325331,0.0012619049243983767,264.44444444444446,272.3709405061684,66.64102731120187,60.99076165780695,0.01899999938905239,0.08333334626836897,BUY,0,0
0.023000000044703484,0.023000000044703484,0.023000000044703484,0.023000000044703484,21740,0.0,0.0,EMP,2024-11-04 00:00:00+11:00,Energy,-0.041666673134184484,-0.0425596211675102,0.0,0.0,0.021799999848008157,1.05504588096614,0.021099999733269214,1.0900474092631605,0.02049999963492155,1.1219512416733515,0.015239999890327453,1.5091863654999866,0.012549999849870801,1.8326693481944751,0.01261249995790422,1.8235877202353878,0.07857324608265702,1.2473116130267432,0.08338570638834067,1.3237070520059961,0.0654779371941087,1.039430029062708,0.11138851810697308,1.7682379069143954,54.54545454545455,61.11111111111111,61.904761904761905,0.001812701789225421,0.0018494215751515438,-3.671978592612274e-05,0.024147768086348123,0.018052231380190305,0.6234070609450536,0.023135786177603763,0.017864213092239338,0.9484836382986839,0.02604294705393396,0.004437052726720946,0.7183225130007389,261764.8,445027.25,0.08305165553198902,0.04885094115023293,0.15000002793967782,0.15000002793967782,0.2105263570669298,1.5555556705336562,0.15000002793967787,0.15000002793967787,0.21052635706692985,1.5555556705336562,80.0,82.22222222222223,83.33333333333333,87.77777529425039,-20.0,-16.666666666666668,0.0015000002458691597,0.0013095239798227947,180.08298755186718,216.12903365359475,66.31365756475859,60.06551570669183,0.019099999405443668,0.08695653582340368,BUY,0,0
0.023000000044703484,0.023000000044703484,0.019999999552965164,0.019999999552965164,1271220,0.0,0.0,EMP,2024-11-05 00:00:00+11:00,Energy,-0.13043480373510563,-0.13976196667053048,-0.0030000004917383194,-0.13043480373510563,0.0215999998152256,0.9259259131505819,0.020999999716877937,0.952380943933582,0.02049999963492155,0.9756097516653297,0.015459999889135361,1.293661041163417,0.0126399998459965,1.5822784649241761,0.012652499955147506,1.5807152439331504,0.10461927121765947,1.6607794439204673,0.09431098607746254,1.497140490373445,0.07192231009180194,1.1417312773210742,0.11346727981143735,1.8012372259442588,54.54545454545455,52.38095238095237,52.17391304347826,0.0015903592262084265,0.0017976091053629204,-0.00020724987915449384,0.024126944069307075,0.0178730553644488,-0.3198010745333322,0.023135786177603763,0.017864213092239338,-0.18969672765973677,0.02619206102688605,0.0047279387513846725,0.42303147601909136,511246.8,462278.15,2.486509451012701,2.74990284528914,-0.04761905606641803,-0.04761905606641803,0.0,1.2222222682134625,-0.047619056066418024,-0.047619056066418024,0.0,1.2222222682134625,20.0,66.66666666666669,27.272714957717955,70.2020160970171,-80.0,-72.72728504228205,0.001642857412142413,0.00140476209067163,8.484848484848396,45.738635774344054,49.74182483211889,51.28933921033386,0.01919799942150712,0.25000004656612984,BUY,0,0
0.020999999716877937,0.020999999716877937,0.019999999552965164,0.020999999716877937,3742807,0.0,0.0,EMP,2024-11-06 00:00:00+11:00,Energy,0.05000000931322601,0.04879017303917102,0.0,0.0,0.021799999848008157,0.9633027460225733,0.021099999733269214,0.9952606626703601,0.02054999964311719,1.0218978141885986,0.015699999891221523,1.3375796090686503,0.012739999843761325,1.648351646343345,0.01269249995239079,1.6545203699545672,0.10387040958058562,1.6488916339719026,0.09398044391818296,1.4918932962657887,0.07269670505273368,1.154024416220076,0.11349627312079068,1.8016974804616608,54.54545454545455,50.0,52.17391304347826,0.0014778075534307988,0.001733648794976496,-0.0002558412415456972,0.024147768086348123,0.018052231380190305,-0.03281089794447626,0.023183788620872312,0.01791621066536207,0.1708565407333046,0.026378989041989594,0.005021010740453451,0.49630163968049534,1174329.4,624777.5,3.1871866615959714,5.990623862094906,0.05000000931322601,0.05000000931322601,0.05000000931322601,1.3333334023201937,0.05000000931322596,0.05000000931322596,0.05000000931322596,1.3333334023201937,40.0,46.666666666666686,45.45453621828847,52.02019483644657,-60.0,-54.54546378171153,0.0015714288290057863,0.00140476209067163,-23.98753894080988,14.285713251342644,27.444343609404598,32.997502115131155,0.019294039437249305,0.2857143363985082,BUY,0,0
0.02199999988079071,0.02199999988079071,0.020999999716877937,0.020999999716877937,681201,0.0,0.0,EMP,2024-11-07 00:00:00+11:00,Energy,0.0,0.0,-0.0010000001639127731,-0.045454553151426276,0.021799999848008157,0.9633027460225733,0.020999999716877937,1.0,0.020599999651312827,1.019417479239599,0.015939999893307685,1.3174403925620266,0.01283999984152615,1.6355140168274251,0.012732499949634076,1.6493225839346235,0.10194528102232234,1.6183311655299448,0.08836729096950946,1.4027872556268348,0.07269670505273368,1.154024416220076,0.11349627312079068,1.8016974804616608,50.0,50.0,52.17391304347826,0.0013727849316998268,0.0016614760223211621,-0.0002886910906213353,0.023981424175571985,0.01801857525818389,0.0,0.02322778682336911,0.017972212479256545,0.15221935391826427,0.026543503003611316,0.005336496783004055,0.4772007676079571,1260441.2,587333.05,0.5404464722352776,1.1598206503107562,0.0,-0.045454553151426325,0.05000000931322601,1.3333334023201937,0.0,-0.045454553151426276,0.05000000931322596,1.3333334023201937,40.0,33.33333333333335,45.45453621828847,39.393929131431626,-60.0,-54.54546378171153,0.0015714288290057863,0.0013571430352472124,32.25806451612917,64.42125227332795,30.796995408662198,34.157549834184834,0.019388158652676644,0.19047622426567212,BUY,0,0
0.024000000208616257,0.026000000536441803,0.024000000208616257,0.026000000536441803,2633950,0.0,0.0,EMP,2024-11-08 00:00:00+11:00,Energy,0.23809528033209015,0.21357413441243897,0.0020000003278255463,0.08333334626836898,0.022199999913573264,1.1711711998946985,0.021699999831616877,1.198156716045676,0.02089999970048666,1.2440191822508202,0.016279999911785126,1.5970516386563582,0.012979999845847488,2.0030817292158614,0.012799999951384962,2.0312500496243047,0.13715666243639218,2.177294516773969,0.10281854411797585,1.6321937874113224,0.0894129768836901,1.419387004897266,0.11746792377467567,1.8647454800093013,71.42857142857143,62.5,60.71428571428572,0.0016737184423692639,0.0016639245063307826,9.793936038481228e-06,0.02570555219105856,0.017694447472175193,1.0735100477938286,0.02444816511536924,0.017351834285604082,1.437362760643424,0.027063887804415952,0.005496112019154299,0.9013447396183376,1670183.6,693482.5,1.5770421886551873,3.7981491962666687,0.08333334626836897,0.3684211248671272,0.30000005587935563,1.8888890728538499,0.08333334626836898,0.36842112486712725,0.30000005587935574,1.8888890728538499,100.0,60.00000000000002,100.0,63.636357478858976,-0.0,-0.0,0.001857143161552293,0.0015238097735813686,243.47826086956522,296.556886227545,49.76908760875591,51.463444859362475,0.019480395483795435,-0.07692308794464564,SELL,0,2
0.027000000700354576,0.027000000700354576,0.02500000037252903,0.02500000037252903,303792,0.0,0.0,EMP,2024-11-11 00:00:00+11:00,Energy,-0.03846154397232282,-0.03922071888449705,-0.0020000003278255463,-0.07407408429434897,0.022599999979138374,1.1061947077701793,0.022199999913573264,1.1261261472908306,0.02119999974966049,1.179245314516072,0.01659999992698431,1.5060241254513507,0.013119999850168824,1.9054878550328136,0.012864999952726067,1.943256934659497,0.13678469787047384,2.171389762346281,0.10522641264826021,1.6704175153365486,0.08899500544523892,1.4127519140096476,0.11777412274726096,1.8696062380082863,64.28571428571428,58.33333333333333,58.62068965517242,0.001810646753124423,0.0016932689556895105,0.00011737779743491248,0.026499871417470185,0.017900128409676343,0.6511823565932519,0.02507162455045798,0.017328374948863003,0.9815002275235468,0.02745150191907246,0.005748497934896159,0.7740864307695999,1726594.0,678672.1,0.17594871753290003,0.4476270646752681,0.08695653582340368,0.25000004656612984,0.3157895356003948,1.7777779387471186,0.08695653582340375,0.2500000465661298,0.31578953560039474,1.7777779387471186,75.0,71.66666666666669,75.0,73.48484540609616,-25.0,-25.0,0.0019285717446889197,0.0016190478844302042,175.5255255255254,239.16666666666652,50.59099440614207,51.07990765490569,0.01974117968590129,-0.04000000596046438,HOLD,0,1
0.024000000208616257,0.024000000208616257,0.023000000044703484,0.024000000208616257,986692,0.0,0.0,EMP,2024-11-12 00:00:00+11:00,Energy,-0.04000000596046438,-0.04082200072907221,0.0,0.0,0.023400000110268594,1.0256410297230882,0.022499999962747097,1.066666677704564,0.021449999790638684,1.1188811395275844,0.01689999993890524,1.4201183606732573,0.013249999852851033,1.8113207905773765,0.012919999952428042,1.8575851623053576,0.11562806030992136,1.83553855296498,0.1069024729811458,1.6970241482754809,0.08985320286757796,1.426375375741482,0.11809162112370596,1.8746463684827277,50.0,58.33333333333333,58.62068965517242,0.0018175205247928337,0.0017181192695101752,9.940125528265856e-05,0.026846135611936505,0.01815386431355769,0.34513424498126805,0.02536891542784747,0.017531084153429896,0.6506903067180565,0.027723255018005363,0.006076744859805116,0.655994912604548,1669688.4,728006.7,0.5909437952614393,1.3553336803081621,0.20000003725290383,0.1428571681992541,0.2631579463336624,1.6666668046403874,0.20000003725290383,0.14285716819925406,0.2631579463336623,1.6666668046403874,62.5,79.16666666666669,62.5,79.16666666666667,-37.5,-37.5,0.0020000003278255463,0.0016666669398546219,71.18644067796608,113.84615384615375,46.669744743012586,49.19367934814642,0.020176708946768488,0.08333334626836897,BUY,0,0
0.023000000044703484,0.024000000208616257,0.023000000044703484,0.024000000208616257,170469,0.0,0.0,EMP,2024-11-13 00:00:00+11:00,Energy,0.0,0.0,0.0010000001639127731,0.043478267911701875,0.024000000208616257,1.0,0.022900000028312207,1.0480349423119684,0.021699999831616877,1.1059908016058269,0.01719999995082617,1.3953488533273783,0.013369999853894114,1.7950636103878546,0.012979999952949583,1.8489984819424041,0.11691029443739026,1.8558933887080356,0.10467847384533085,1.6617192564991474,0.08985320286757797,1.4263753757414823,0.11809162112370596,1.8746463684827277,54.54545454545455,54.54545454545455,58.62068965517242,0.0018021934738231549,0.001734934110372771,6.725936345038379e-05,0.026949692038372327,0.018850308018252087,0.2716256390785925,0.025598718208590963,0.01780128145464279,0.5899375524488331,0.027960850827699283,0.006439149073953054,0.6319203133280508,955220.8,718061.65,0.17846030990949946,0.2374016214345941,0.1428571681992541,0.20000003725290383,0.2631579463336624,1.6666668046403874,0.14285716819925406,0.20000003725290383,0.2631579463336623,1.6666668046403874,62.5,66.66666666666669,62.5,66.66666666666667,-37.5,-37.5,0.0019285717446889197,0.0017142859952790396,60.42496679946877,96.50205761316872,45.211608654529435,49.19367934814642,0.020586106451983652,0.12500001940255356,BUY,0,0
0.02500000037252903,0.02500000037252903,0.023000000044703484,0.023000000044703484,1580000,0.0,0.0,EMP,2024-11-14 00:00:00+11:00,Energy,-0.041666673134184484,-0.0425596211675102,-0.0020000003278255463,-0.08000001192092877,0.024400000274181367,0.9426229420595835,0.02310000006109476,0.9956709949728659,0.021799999848008157,1.05504588096614,0.01747999995946884,1.3157894792925604,0.013479999853298069,1.706231475891019,0.013039999953471125,1.7638036907033194,0.1211626176756895,1.9233969274048395,0.1060596717600313,1.6836450936610976,0.08811349836489221,1.3987584229284074,0.1184215630998993,1.8798840349792605,66.66666666666666,60.0,56.66666666666667,0.0016898751903430646,0.0017259223263668298,-3.604713602376516e-05,0.02692390212780175,0.01927609799438777,-0.026151301640785243,0.025725624813253925,0.01787437488276239,0.30568386112253076,0.028097582267496212,0.006862417651441469,0.5198923752219254,1134980.6,777311.65,1.3920942789682924,2.032646751145438,0.09523811213283606,0.09523811213283606,0.09523811213283606,1.5555556705336562,0.09523811213283605,0.09523811213283605,0.09523811213283605,1.5555556705336562,42.857142857142854,55.95238095238096,50.0,58.333333333333336,-57.142857142857146,-50.0,0.001857143161552293,0.0017619050507034575,50.980392156862784,83.44827586206894,47.78821914845704,48.02744601261931,0.020970940106885907,0.34782606230904345,BUY,0,0
0.023000000044703484,0.023000000044703484,0.019999999552965164,0.020999999716877937,4474738,0.0,0.0,EMP,2024-11-15 00:00:00+11:00,Energy,-0.08695653582340379,-0.09097179363135954,-0.0020000003278255463,-0.08695653582340375,0.023400000110268594,0.8974358811076473,0.02280000001192093,0.9210526186797426,0.021799999848008157,0.9633027460225733,0.017719999961555002,1.1851015667290725,0.013579999851062894,1.546391748688737,0.013089999952353538,1.604278059076861,0.030822159808783743,0.48928661834359155,0.09971392340695631,1.582909461512093,0.09064360742663125,1.438922659131802,0.11942500096394423,1.8958131172454729,50.0,52.38095238095237,50.0,0.0014230745125723733,0.0016653527636079383,-0.00024227825103556502,0.02677771636796703,0.018822283655874832,-0.4525210281288676,0.025725624813253925,0.01787437488276239,-0.20378924074835442,0.028094930124834883,0.007345069798275124,0.3161466827923218,1503138.2,988237.05,2.976930531071594,4.52800064518933,-0.1923077198616141,-0.12500001940255345,0.0,1.3333334023201937,-0.19230771986161407,-0.12500001940255348,0.0,1.3333334023201937,14.285714285714286,39.880952380952394,25.0,45.833333333333336,-85.71428571428571,-75.0,0.0019285717446889197,0.0018095241061278752,-50.256410256410255,-20.422535211267604,31.855292023317375,35.47586979918039,0.027000000700354576,0.666666696232463,BUY,0,0
0.02199999988079071,0.02199999988079071,0.02199999988079071,0.02199999988079071,2204840,0.0,0.0,EMP,2024-11-18 00:00:00+11:00,Energy,0.04761905606641803,0.046520023698291856,0.0,0.0,0.02280000001192093,0.9649122749687745,0.02269999999552965,0.9691629905340621,0.021899999864399434,1.0045662108223954,0.017959999963641168,1.2249443165550253,0.013689999850466848,1.6070124266685424,0.01313999995123595,1.6742770138839602,0.05058834959279963,0.8030651535584608,0.10046928314832848,1.594900425668458,0.09030344197992397,1.4335227000721744,0.11880380690605752,1.8859519672869969,54.54545454545455,52.38095238095237,51.61290322580645,0.0012775973620092057,0.0015878016832881917,-0.00031020432127898596,0.02670555235497135,0.01869444763608795,-0.1747574496408547,0.02573337196470779,0.018066627764091077,0.02608669697972514,0.02815971945193892,0.007760280475343415,0.39608931616057463,1883347.8,1076703.2,1.1707025117718564,2.0477695246006515,-0.12000001788139314,-0.04347826791170184,0.1000000186264518,1.2000000372529036,-0.12000001788139317,-0.043478267911701875,0.10000001862645191,1.2000000372529038,28.571428571428573,28.571428571428584,37.5,37.49999999999999,-71.42857142857143,-62.5,0.0019285717446889197,0.0018095241061278752,-25.80645161290327,6.461538461538393,40.27515712730038,41.7876148187457,0.02686000067740679,0.40909089369714735,BUY,0,0
0.02199999988079071,0.02199999988079071,0.02199999988079071,0.02199999988079071,109842,0.0,0.0,EMP,2024-11-19 00:00:00+11:00,Energy,0.0,0.0,0.0,0.0,0.02239999994635582,0.9821428541730785,0.022900000028312207,0.960698683562935,0.02194999987259507,1.0022779047146175,0.01819999996572733,1.2087912045175393,0.013789999848231673,1.5953589646784387,0.013194999950937926,1.66729821618733,0.050628032541298634,0.8036951008365697,0.08955397038277016,1.421625207307522,0.08978529827134589,1.4252974236944322,0.11880380690605752,1.8859519672869969,16.666666666666657,55.0,53.33333333333333,0.0011490600233969306,0.0015000533513099396,-0.000350993327913009,0.02648391529728651,0.019316084759337902,-0.25112204948390726,0.025759959745393985,0.018140039999796156,0.01312349994880878,0.028197958522211762,0.008202041409242897,0.38007758219789717,1707977.8,1073704.8,0.06431114034386161,0.10230186174076897,-0.08333334626836897,0.1000000186264518,0.04761905606641803,1.2000000372529036,-0.08333334626836898,0.10000001862645191,0.047619056066418024,1.2000000372529038,28.571428571428573,23.809523809523824,37.5,33.33333333333333,-71.42857142857143,-62.5,0.001857143161552293,0.0017619050507034575,-33.918128654970836,2.9818956336529006,41.196606903493,42.64246167839748,0.026722800654917958,0.4545455315142628,BUY,0,0
0.02199999988079071,0.023000000044703484,0.02199999988079071,0.02199999988079071,250487,0.0,0.0,EMP,2024-11-20 00:00:00+11:00,Energy,0.0,0.0,0.0,0.0,0.02199999988079071,1.0,0.023000000044703484,0.9565217320882982,0.02204999988898635,0.9977324259207541,0.01847999995574355,1.1904761868764588,0.013899999847635626,1.5827338217225149,0.013254999951459467,1.6597510344289634,0.050628032541298634,0.8036951008365697,0.08864129811600398,1.4071369842293087,0.0889151686794987,1.4114845446438775,0.11447774233037676,1.8172778211498524,20.0,52.631578947368425,51.72413793103448,0.0010352594302004553,0.001407094567088043,-0.0003718351368875877,0.02639934694429575,0.019600653145111217,-0.2941742027072075,0.025747795001362962,0.01835220477660974,-0.013521573444750572,0.0280885841512885,0.008871415760198603,0.3663390832001263,1723981.4,1082895.7,0.14529565110157222,0.2313122122472183,-0.08333334626836897,0.04761905606641803,0.1000000186264518,1.7499998544808548,-0.08333334626836898,0.047619056066418024,0.10000001862645191,1.7499998544808546,28.571428571428573,28.571428571428573,37.5,37.5,-71.42857142857143,-62.5,0.001857143161552293,0.0017619050507034575,-23.899371069182415,15.283842794759893,41.247762416320406,42.917375149263044,0.026588344632878902,0.4545455315142628,BUY,0,0
0.02199999988079071,0.02199999988079071,0.02199999988079071,0.02199999988079071,0,0.0,0.0,EMP,2024-11-21 00:00:00+11:00,Energy,0.0,0.0,0.0,0.0,0.021799999848008157,1.0091743134943567,0.02310000006109476,0.9523809447015249,0.02204999988898635,0.9977324259207541,0.018759999945759772,1.172707886161975,0.01400999984703958,1.5703069322616359,0.013314999951981009,1.6522718708322297,0.04878402955972676,0.7744224609999649,0.08864129811600398,1.4071369842293087,0.08626537254240113,1.3694203350211989,0.11447774233037676,1.8172778211498524,25.000000000000014,43.75,53.57142857142858,0.0009343015930214429,0.001312535972274723,-0.0003782343792532801,0.026290263547755228,0.019909736574434293,-0.34479916311098097,0.025747795001362962,0.01835220477660974,-0.013521573444750572,0.02792791166186024,0.009592088229659306,0.3534065374278123,1407981.4,1065176.1,0.0,0.0,-0.04347826791170184,0.04761905606641803,0.0,1.7499998544808548,-0.043478267911701875,0.047619056066418024,0.0,1.7499998544808546,28.571428571428573,28.571428571428573,37.5,37.5,-71.42857142857143,-62.5,0.001642857412142413,0.0017142859952790396,-36.37992831541226,-5.645161290322639,39.058792373798696,43.04934080427977,0.02645657773128063,0.5,BUY,0,0
0.023000000044703484,0.026000000536441803,0.023000000044703484,0.026000000536441803,469188,0.0,0.0,EMP,2024-11-22 00:00:00+11:00,Energy,0.18181821260570508,0.16705411071414708,0.0030000004917383194,0.13043480373510563,0.02280000001192093,1.1403509001249017,0.02310000006109476,1.1255411457868891,0.02239999994635582,1.1607143124422934,0.01910999994724989,1.3605442495139017,0.014159999853000045,1.83615824903651,0.01338999995496124,1.941747619409687,0.07873554610950056,1.249888046079586,0.0727647007525595,1.1551038144918415,0.08844524953878038,1.4040248095479786,0.1164880748453157,1.849190860472305,62.50000000000001,57.89473684210526,56.66666666666667,0.001163644632229184,0.0012827577042656155,-0.00011911307203643141,0.026290263547755228,0.019909736574434293,0.9090159754744052,0.02620581329892804,0.0185941865937836,0.9459214776396917,0.02801147853670497,0.010208521357794808,0.7740287773487412,606871.4,1050077.95,0.7731259044337894,0.4468125437735361,0.23809528033209015,0.0,0.3684211248671272,2.0588234262895475,0.23809528033209013,0.0,0.36842112486712725,2.0588234262895475,85.71428571428571,47.61904761904763,87.5,54.166666666666664,-14.285714285714286,-12.5,0.001857143161552293,0.0018095241061278752,101.11111111111111,125.8675078864353,41.002827037861984,43.591696169115906,0.02632744616771432,0.30769235177858256,BUY,0,0
0.026000000536441803,0.027000000700354576,0.026000000536441803,0.027000000700354576,935315,0.0,0.0,EMP,2024-11-25 00:00:00+11:00,Energy,0.03846154397232282,0.03774033328952825,0.0010000001639127731,0.03846154397232281,0.023800000175833703,1.1344538025579565,0.023300000093877317,1.15879830865106,0.02275000000372529,1.1868132174036639,0.01947999995201826,1.386037000352107,0.014319999860599637,1.8854749275970997,0.013469999958761036,2.0044544011147885,0.07879168510739755,1.2507792250433127,0.07204683208352655,1.1437080026582447,0.0882207511398955,1.400461007948889,0.11642629420840277,1.8482101232656403,75.0,70.58823529411765,64.28571428571428,0.0014098405349151355,0.0013081742703955196,0.00010166626451961589,0.027193014417501063,0.01940698577025357,0.9504204965352336,0.02689855782034622,0.01860144218710436,1.024452565082239,0.028115380216578945,0.010844619687457577,0.8708360857249275,352966.4,1056168.25,2.649869789305724,0.8855738657169443,0.2272727657571314,0.08000001192092876,0.35000006519258164,2.1764704980033542,0.2272727657571314,0.08000001192092877,0.3500000651925817,2.1764704980033542,100.0,71.42857142857144,100.0,75.0,-0.0,-0.0,0.0017142859952790396,0.0017142859952790396,145.45454545454544,173.2943469785576,47.82766251404677,48.184476266142575,0.019999999552965164,0.2222221838961913,BUY,0,0
0.02800000086426735,0.02800000086426735,0.026000000536441803,0.026000000536441803,267300,0.0,0.0,EMP,2024-11-26 00:00:00+11:00,Energy,-0.037037042147174515,-0.03774033328952827,-0.0020000003278255463,-0.07142858093186272,0.02460000030696392,1.0569105777239183,0.02350000012665987,1.1063829955875522,0.023000000044703484,1.1304348037351055,0.019829999953508377,1.3111447603327813,0.014469999866560102,1.7968210626267742,0.013544999961741268,1.919527545949095,0.0854302592944712,1.3561633231976107,0.07182443735900922,1.140177595854451,0.08873564094562127,1.4086346302202055,0.1167305717366868,1.85304037928195,85.71428571428571,64.70588235294117,60.71428571428572,0.0015068904110103441,0.0013479174985184846,0.00015897291249185948,0.0277426415092028,0.01925735874411694,0.5892556509887003,0.027304221445012745,0.01869577864439422,0.6969902829633176,0.02805790158600841,0.011602098321008345,0.7498874996951905,384458.0,1068342.75,0.6952645022343142,0.25020060275599754,0.18181821260570508,0.08333334626836897,0.23809528033209015,2.0588234262895475,0.1818182126057051,0.08333334626836898,0.23809528033209013,2.0588234262895475,75.0,86.90476190476193,75.0,87.5,-25.0,-25.0,0.0017857145784156664,0.0017142859952790396,127.2727272727273,150.91743119266064,60.21554868189653,46.197220570155054,0.02013999957591295,0.3846152964428351,BUY,0,0
0.026000000536441803,0.026000000536441803,0.024000000208616257,0.024000000208616257,74049,0.0,0.0,EMP,2024-11-27 00:00:00+11:00,Energy,-0.07692308794464564,-0.08004271961356928,-0.0020000003278255463,-0.07692308794464563,0.02500000037252903,0.9599999940395356,0.02350000012665987,1.0212765991175103,0.023200000077486037,1.0344827641576848,0.020139999948441983,1.1916584046700993,0.014609999870881438,1.6427105010760215,0.013609999963082374,1.7634092780100765,0.0994551207261171,1.578801096319269,0.07697553341637567,1.2219487107376328,0.09004329580644625,1.4293930075948915,0.11761126590829415,1.8670209658370127,62.50000000000001,57.89473684210526,55.17241379310345,0.0014062099127283671,0.0013595759813604612,4.663393136790589e-05,0.0277426415092028,0.01925735874411694,0.11785113019774004,0.027283343031071102,0.01911665712390097,0.19591793788171563,0.027771941357178878,0.012508058539705089,0.5057691160672986,349170.4,1050675.5,0.21207124086119555,0.07047751660717319,0.09090910630285265,0.0,0.20000003725290383,1.8235292828619345,0.09090910630285255,0.0,0.20000003725290383,1.8235292828619345,50.0,75.00000000000001,50.0,75.0,-50.0,-50.0,0.001857143161552293,0.0017619050507034575,33.63363363363359,63.22580645161285,57.80890350596437,45.93999247039343,0.020454399627447127,0.4999999223897862,BUY,0,0
0.024000000208616257,0.024000000208616257,0.024000000208616257,0.024000000208616257,116142,0.0,0.0,EMP,2024-11-28 00:00:00+11:00,Energy,0.0,0.0,0.0,0.0,0.02540000043809414,0.9448818816798835,0.023600000143051147,1.0169491552178185,0.023350000102072953,1.027837263541836,0.020449999943375586,1.1735941454802121,0.014749999875202775,1.6271186719780442,0.013674999964423477,1.7550274421246093,0.0994551207261171,1.578801096319269,0.07542944427656126,1.1974053065255126,0.08964891495632021,1.4231324056872132,0.11761126590829415,1.8670209658370127,62.50000000000001,42.857142857142854,57.14285714285714,0.0013113039962655282,0.0013499215843414748,-3.861758807594657e-05,0.027837400459501237,0.019362599826601056,0.09439751632911866,0.027311659096389315,0.019388341107756592,0.16407270476228095,0.027378939565598667,0.013521060321152505,0.5123439456529264,372398.8,1043950.5,0.31187533364769165,0.11125240133512078,0.09090910630285265,0.04347826791170184,0.1428571681992541,1.8235292828619345,0.09090910630285255,0.043478267911701875,0.14285716819925406,1.8235292828619345,50.0,58.33333333333335,50.0,58.333333333333336,-50.0,-50.0,0.0015000002458691597,0.0017142859952790396,9.06148867313923,30.882352941176453,44.40141615427126,46.57549133583822,0.020756223676919937,0.3333333850734759,BUY,0,0
0.02500000037252903,0.02800000086426735,0.02500000037252903,0.02800000086426735,240000,0.0,0.0,EMP,2024-11-29 00:00:00+11:00,Energy,0.16666669253673794,0.15415070200160486,0.0030000004917383194,0.12000001788139317,0.02580000050365925,1.0852713301418762,0.02430000025779009,1.1522633978282002,0.02355000013485551,1.1889596901880928,0.020839999951422213,1.3435701021849813,0.014929999886080623,1.8754186924255778,0.013759999969042837,2.0348837883184285,0.09338583403048954,1.4824541569261678,0.08272621309542882,1.3132379205398372,0.09163805482023778,1.4547090221043175,0.11919596227420805,1.8921772407635487,75.0,58.82352941176471,61.29032258064516,0.0015410922451142076,0.0013881557164960214,0.00015293652861818612,0.028923611918166163,0.019676388597414017,0.8002403485106508,0.02802095978992706,0.01907904047978396,0.9953122087254944,0.027194943574340796,0.01448505632850363,1.126682050651587,326561.2,1026688.6,0.734931155324025,0.23376123977611127,0.07692308794464564,0.3333333924649262,0.16666669253673794,2.2941175697171605,0.07692308794464563,0.33333339246492616,0.16666669253673796,2.2941175697171605,100.0,66.66666666666669,100.0,66.66666666666667,-0.0,-0.0,0.001642857412142413,0.001857143161552293,136.6366366366366,143.58974358974356,44.0695240565306,46.727363633963236,0.021045974764413833,0.10714280487475514,BUY,0,0
0.02800000086426735,0.02800000086426735,0.026000000536441803,0.026000000536441803,74901,0.0,0.0,EMP,2024-12-02 00:00:00+11:00,Energy,-0.07142858093186266,-0.07410798238803556,-0.0020000003278255463,-0.07142858093186272,0.025600000470876693,1.0156250022737368,0.024700000323355197,1.0526315868853404,0.023700000159442423,1.097046428756374,0.02107999995350838,1.2333966126083686,0.015099999895319342,1.7218543520984535,0.013829999971203506,1.8799711200707434,0.10012321125715708,1.589406704709722,0.08859604527570661,1.4064186176600315,0.09278096714614907,1.4728521928125877,0.08019641926157385,1.2730786884239678,64.28571428571428,55.55555555555556,53.33333333333333,0.0015440192829313457,0.0014193284297830864,0.0001246908531482593,0.029127189773264346,0.020272810873446047,0.2936400684441648,0.0282929016125008,0.019107098706384048,0.5007728557876694,0.027285198834247994,0.014874801072768763,0.7928836250848734,154478.4,1029346.65,0.48486390330298607,0.07276557416298969,-0.037037042147174515,0.18181821260570508,0.13043480373510552,0.8571428381362747,-0.03703704214717449,0.1818182126057051,0.13043480373510563,0.8571428381362746,75.0,75.00000000000001,75.0,75.0,-25.0,-25.0,0.001642857412142413,0.0018095241061278752,99.46879150066398,113.59649122807011,48.790850473571986,44.755614863599085,0.021324135808407974,0.23076926383393692,BUY,0,0
0.026000000536441803,0.026000000536441803,0.02500000037252903,0.02500000037252903,218775,0.0,0.0,EMP,2024-12-03 00:00:00+11:00,Energy,-0.03846154397232282,-0.03922071888449705,-0.0010000001639127731,-0.03846154397232281,0.02540000043809414,0.9842519661942524,0.02500000037252903,1.0,0.023950000200420617,1.0438413429361881,0.021299999952316285,1.1737089403049688,0.015249999901279808,1.639344297335437,0.01389499997254461,1.7992083786921191,0.1002435832642326,1.5913175510829354,0.09038506442255659,1.4348184161798194,0.08758867948026024,1.3904271814158884,0.08053155170560267,1.2783987510429848,45.45454545454546,52.631578947368425,53.33333333333333,0.0014489447919867025,0.0014252517022238097,2.3693089762892843e-05,0.02900000102818083,0.02099999971687723,0.0,0.028228465948657286,0.019671534452183947,0.24541511698233448,0.0272556184703446,0.01534438143428797,0.6212621592555727,144773.4,976724.4,1.5111546734413919,0.22398846593778143,-0.03846154397232282,0.13636365945427875,0.25000004656612984,0.7857142572044118,-0.03846154397232281,0.13636365945427883,0.2500000465661298,0.7857142572044119,62.5,79.16666666666669,62.5,79.16666666666667,-37.5,-37.5,0.001642857412142413,0.0018095241061278752,41.441441441441405,56.19128949615716,47.47090247947194,44.219990247484134,0.02159117041064235,0.23999996125698142,BUY,0,0
0.02500000037252903,0.02500000037252903,0.02500000037252903,0.02500000037252903,164595,0.0,0.0,EMP,2024-12-04 00:00:00+11:00,Energy,0.0,0.0,0.0,0.0,0.025600000470876693,0.976562496589395,0.025300000421702863,0.9881422907441343,0.024150000233203173,1.035196692799912,0.02151999995112419,1.161710057124003,0.015399999907240272,1.6233766573450006,0.013949999972246586,1.7921147256104897,0.09180741148374573,1.4573974757913997,0.09038506442255659,1.4348184161798194,0.0872375422827997,1.3848530512126198,0.08053155170560267,1.2783987510429848,40.0,55.55555555555556,59.25925925925926,0.001357944039343615,0.0014117901696477709,-5.384613030415589e-05,0.02870587825315577,0.021894122590249955,-0.08808303292718425,0.028216552523100485,0.02008344794330586,0.20902230654639392,0.027180316963315018,0.015859682938933365,0.6148066290120919,162882.6,797813.8,1.010513093479598,0.2063075369215223,0.041666673134184595,0.13636365945427875,0.19047622426567212,0.7857142572044118,0.04166667313418449,0.13636365945427883,0.1904762242656721,0.7857142572044119,62.5,66.66666666666669,62.5,66.66666666666667,-37.5,-37.5,0.0015000002458691597,0.0016666669398546219,25.225225225225227,38.33034111310588,46.53619457654581,46.724172360506124,0.02184752362878735,0.28000004172325066,BUY,0,0
0.024000000208616257,0.024000000208616257,0.024000000208616257,0.024000000208616257,687737,0.0,0.0,EMP,2024-12-05 00:00:00+11:00,Energy,-0.04000000596046438,-0.04082200072907221,0.0,0.0,0.025600000470876693,0.9374999909050532,0.025500000454485416,0.9411764619947168,0.02430000025779009,0.9876543190950108,0.021659999936819076,1.1080332538607027,0.015549999913200736,1.5434083821596765,0.013999999971129001,1.7142857327221,0.094740209009084,1.5039541931779041,0.09205669087431137,1.4613546634378622,0.08798453529513155,1.3967111976630182,0.07554481514424828,1.1992367622721622,40.0,58.82352941176471,55.55555555555556,0.0011913999147744325,0.0013677121186731033,-0.00017631220389867082,0.028208013699909683,0.02279198720906115,-0.5539117094067808,0.028089182154154176,0.020510818361426004,-0.07917277591284248,0.027209186835026548,0.016110813038611605,0.42168344925507195,277201.6,798140.6,2.48099938817092,0.8616739957847026,0.0,0.09090910630285265,0.1428571681992541,0.41176464143096725,0.0,0.09090910630285255,0.14285716819925406,0.4117646414309672,33.333333333333336,52.77777777777779,50.0,58.333333333333336,-66.66666666666667,-50.0,0.0013571430795959064,0.0016666669398546219,-22.613803230543386,-8.284023668639119,74.79419614733605,55.13790806762504,0.02209362271820655,0.3333333850734759,BUY,0,0
0.02500000037252903,0.02500000037252903,0.023000000044703484,0.023000000044703484,611436,0.0,0.0,EMP,2024-12-06 00:00:00+11:00,Energy,-0.041666673134184484,-0.0425596211675102,-0.0020000003278255463,-0.08000001192092877,0.02460000030696392,0.9349593397440935,0.025200000405311583,0.9126983997927084,0.024150000233203173,0.952380945035413,0.021739999949932098,1.05795768618552,0.015689999917522072,1.4659018588660313,0.014049999970011414,1.637010682832393,0.02539016952450778,0.4030564458457121,0.0710677582164387,1.128165686853384,0.07028559094711856,1.1157491663837307,0.07424366241552911,1.1785816030447382,44.444444444444436,52.94117647058823,53.57142857142858,0.0009675673264405923,0.0012876831602266013,-0.0003201158337860089,0.028298387590143588,0.022101613220479578,-0.7100469468044821,0.027893064607322923,0.020406935859083424,-0.3072349480417721,0.0272478427355648,0.016232157164299394,0.22876471675228577,351488.8,697014.9,1.739560407045687,0.8772208456375896,-0.17857145232965677,-0.11538463191696846,-0.11538463191696846,0.2105263570669298,-0.1785714523296568,-0.11538463191696843,-0.11538463191696843,0.21052635706692985,16.666666666666668,37.500000000000014,37.5,50.0,-83.33333333333333,-62.5,0.0014285716627325331,0.0017142859952790396,-46.21578099838961,-29.661016949152504,50.78175388202729,50.84635901934266,0.02232987784404898,0.26086952648563977,BUY,0,0
0.023000000044703484,0.02500000037252903,0.023000000044703484,0.02500000037252903,569076,0.0,0.0,EMP,2024-12-09 00:00:00+11:00,Energy,0.08695653582340368,0.08338162189658237,0.0020000003278255463,0.08695653582340375,0.024400000274181367,1.0245901676887499,0.02500000037252903,1.0,0.024150000233203173,1.035196692799912,0.021899999938905238,1.1415525316105894,0.015849999925121663,1.5772870972008621,0.014109999970532954,1.7717930846731778,0.05512887049253956,0.8751436882988795,0.07621335437779045,1.209849493594016,0.07259679582042641,1.1524384063258895,0.07331316499247437,1.1638104143828023,54.54545454545455,57.89473684210526,48.0,0.0009407176913452837,0.0012182900664503378,-0.000277572375105054,0.027828427960891557,0.022171572784166503,0.0,0.027893064607322923,0.020406935859083424,0.22708670072652687,0.02730974232982559,0.016490257547984888,0.5730403057318952,450323.8,710279.1,1.263704028079351,0.8012005421530776,-0.03846154397232282,-0.07407408429434903,0.0,0.4705881772878704,-0.03846154397232281,-0.07407408429434897,0.0,0.4705881772878705,50.0,33.33333333333335,62.5,50.0,-50.0,-37.5,0.0015714288290057863,0.0015714288290057863,-25.641025641025564,3.841931942919884,56.986806300400225,41.72488391698581,0.022556682764857717,0.19999995529651704,BUY,0,0
0.02500000037252903,0.026000000536441803,0.02500000037252903,0.026000000536441803,118062,0.0,0.0,EMP,2024-12-10 00:00:00+11:00,Energy,0.04000000596046438,0.03922071888449703,0.0010000001639127731,0.04000000596046439,0.02460000030696392,1.0569105777239183,0.02500000037252903,1.0400000059604644,0.02425000024959445,1.0721649595396032,0.022079999931156634,1.177536259850877,0.01600999993272126,1.6239850497002795,0.014179999972693622,1.833568447567695,0.05497116833775328,0.8726402442021783,0.0765293069195737,1.2148650847039595,0.07234294975893166,1.1484087250258395,0.07341698891722775,1.1654585680930192,37.5,60.0,51.99999999999999,0.0009887333157696833,0.001172378716314207,-0.00018364540054452362,0.027828427960891557,0.022171572784166503,0.3535533905931486,0.028081999119659744,0.020418001379529156,0.45668079406754486,0.027422781410448425,0.016737218451864842,0.7337003432535634,430181.2,666847.6,0.27444713994939807,0.17704495000056986,0.04000000596046438,0.0,0.08333334626836897,0.5294117131447738,0.04000000596046439,0.0,0.08333334626836898,0.5294117131447738,66.66666666666667,44.44444444444446,75.0,58.333333333333336,-33.333333333333336,-25.0,0.0015714288290057863,0.0015238097735813686,37.448559670781925,68.38638858397367,55.95874999967751,40.73339945591088,0.0227744154888341,0.15384610424909462,BUY,0,0
0.026000000536441803,0.026000000536441803,0.026000000536441803,0.026000000536441803,0,0.0,0.0,EMP,2024-12-11 00:00:00+11:00,Energy,0.0,0.0,0.0,0.0,0.024800000339746477,1.0483871040425798,0.025200000405311583,1.0317460364390152,0.024350000265985727,1.0677618173483532,0.022259999923408033,1.1680144036793496,0.01616999994032085,1.6079159327396944,0.014234999977052212,1.8264840588939637,0.05497116833775328,0.8726402442021783,0.07134806315684598,1.132615389834867,0.07234294975893166,1.1484087250258395,0.07341698891722775,1.1654585680930192,50.0,60.0,54.166666666666664,0.0010150847786005446,0.0011409199287714744,-0.00012583515017092987,0.027996824458868117,0.02240317635175505,0.28603877677357414,0.02825815702047201,0.020441843511499445,0.42219398404682595,0.02750984043161961,0.017010159415196457,0.7124027115078677,397262.2,658324.15,0.0,0.0,0.04000000596046438,0.08333334626836897,0.08333334626836897,0.5294117131447738,0.04000000596046439,0.08333334626836898,0.08333334626836898,0.5294117131447738,60.0,58.88888888888891,75.0,70.83333333333333,-40.0,-25.0,0.0015714288290057863,0.0014285716627325331,46.66666666666667,76.21564482029595,55.95874999967751,44.43691183993335,0.02298343890385143,0.23076926383393692,BUY,0,0
0.026000000536441803,0.028999999165534973,0.026000000536441803,0.028999999165534973,838328,0.0,0.0,EMP,2024-12-12 00:00:00+11:00,Energy,0.1153845602767718,0.10919924255795858,0.00299999862909317,0.11538456027677187,0.025800000131130218,1.12403096969537,0.025700000301003455,1.1284046235751473,0.0246500002220273,1.1764705437860605,0.02247999992221594,1.290035554531992,0.016359999934211375,1.7726160930411339,0.014309999970719219,2.026554802576805,0.06355529622814124,1.0089090499242188,0.07848692324556553,1.2459412804702854,0.07531695388528462,1.1956195769242985,0.0745941280630646,1.184145072723439,74.99999417923351,57.89473271436005,59.25925644868386,0.0012634787238389872,0.0011654316877849772,9.804703605401002e-05,0.02923396231541634,0.02216603828659057,0.9337957938067315,0.029016138187386627,0.020283862256667975,0.9963035932488389,0.02791968849779448,0.0170403113466374,1.1985978889656557,427380.4,621240.55,1.9615499447330762,1.3494418546889766,0.2083332880607085,0.2083332880607085,0.26086952648563977,0.6111111341067312,0.20833328806070858,0.20833328806070858,0.2608695264856397,0.6111111341067312,100.0,75.55555555555557,100.0,83.33333333333333,-0.0,-0.0,0.0015000001128230775,0.0015238096848839806,146.09923366689867,146.51158265884212,60.30430940989168,49.08978653122473,0.023184101382268067,0.10344836002439672,BUY,0,0
0.029999999329447746,0.029999999329447746,0.02500000037252903,0.026000000536441803,9725187,0.0,0.0,EMP,2024-12-13 00:00:00+11:00,Energy,-0.10344823156610694,-0.10919924255795864,-0.003999998793005943,-0.13333329608042951,0.02640000022947788,0.9848484966076082,0.025500000268220902,1.019607853449477,0.024900000263005494,1.044176717342072,0.022639999948441982,1.14840992030263,0.016519999941810967,1.5738499169505211,0.014364999975077808,1.8099547916150256,0.08561297662857631,1.3590638709551877,0.06897396339685097,1.0949277245192373,0.07656294434025247,1.2153990622031297,0.07635331760158465,1.212071340891142,54.54545608483097,47.6190471966791,55.17241445754283,0.0012043746168036752,0.0011732202735887168,3.115434321495844e-05,0.028662277530474463,0.02233772300596734,0.1581139877230693,0.02894709175225445,0.020852908773756538,0.27180019931806443,0.028012037088738673,0.01726796280814529,0.6254611612410134,2250130.6,883763.0,4.322054462083223,11.004293006156628,0.13043480373510552,-0.07142858093186266,0.23809528033209015,0.44444453642692494,0.13043480373510563,-0.07142858093186272,0.23809528033209013,0.4444445364269249,42.85715426109392,67.61905142036466,60.000011175871144,78.33333705862371,-57.14284573890608,-39.999988824128856,0.0017857143123235022,0.0016666667624598457,83.3333145775324,93.63889781398991,13.130573982882765,25.34644709335855,0.023533055249264082,0.23076926383393692,BUY,0,0
0.027000000700354576,0.027000000700354576,0.024000000208616257,0.02500000037252903,2877032,0.0,0.0,EMP,2024-12-16 00:00:00+11:00,Energy,-0.03846154397232282,-0.03922071888449705,-0.0020000003278255463,-0.07407408429434897,0.02640000022947788,0.9469697028492586,0.025400000251829626,0.9842519734120166,0.02505000028759241,0.9980039954295671,0.022759999968111514,1.0984182955868158,0.01666999994777143,1.4997000870339665,0.014414999978616833,1.7343045722937187,0.08224674797387965,1.3056266476961464,0.06619203463886265,1.050765974566822,0.07695640695619377,1.221645087595019,0.07636950410635915,1.2123282936885142,54.54545608483097,47.6190471966791,57.14285809318627,0.0010645708205316504,0.0011514903829773035,-8.691956244565317e-05,0.028555242375468144,0.022244758128191107,-0.12677311712589884,0.028859959753841945,0.021240040821342877,-0.013123476904755724,0.028067830839824625,0.017452169096398403,0.4220180443870384,2711721.8,917372.6,1.0609613419783697,3.1361651743250234,0.0,-0.03846154397232282,0.13636365945427875,0.3157895356003948,0.0,-0.03846154397232281,0.13636365945427883,0.31578953560039474,28.57143617406261,57.14286347838553,37.50000873114974,65.83333996900696,-71.42856382593739,-62.49999126885026,0.0018571428954601288,0.0016666667624598457,-8.917190416963754,18.899278153712846,10.9025673309294,26.446224238902843,0.029999999329447746,0.28000004172325066,BUY,0,0
0.02500000037252903,0.02500000037252903,0.02500000037252903,0.02500000037252903,0,0.0,0.0,EMP,2024-12-17 00:00:00+11:00,Energy,0.0,0.0,0.0,0.0,0.026200000196695328,0.9541984803375057,0.025400000251829626,0.9842519734120166,0.025200000312179328,0.9920634945566394,0.02285999998450279,1.0936133153751961,0.016829999955371024,1.4854426879870954,0.01446499998215586,1.728309740986466,0.07961423603888029,1.26383681627564,0.06494165266349826,1.0309167760629108,0.07695640695619377,1.221645087595019,0.07610757704225718,1.2081703304490077,60.00000372529107,52.63157946333662,55.55555632207617,0.0009429060705118952,0.001109773520484222,-0.00016686744997232677,0.028555242375468144,0.022244758128191107,-0.12677311712589884,0.028730320269386135,0.02166968035497252,-0.05665207178800248,0.02814393859936875,0.017576061369636832,0.40500099338881634,2688109.4,911880.5,0.0,0.0,-0.03846154397232282,0.0,0.13636365945427875,0.25000004656612984,-0.03846154397232281,0.0,0.13636365945427883,0.2500000465661298,28.57143617406261,33.333342203073066,37.50000873114974,45.00000954605687,-71.42856382593739,-62.49999126885026,0.0017142857291868754,0.001619047707035428,-31.81817796974156,-3.2444916429616497,10.949126462942601,18.884148834447203,0.029879999347031116,0.3199999731779102,BUY,0,0
0.026000000536441803,0.027000000700354576,0.026000000536441803,0.027000000700354576,203311,0.0,0.0,EMP,2024-12-18 00:00:00+11:00,Energy,0.08000001192092876,0.07696105217402527,0.0010000001639127731,0.03846154397232281,0.02640000022947788,1.0227272903659577,0.02560000028461218,1.05468751563194,0.02545000035315752,1.0609037456066184,0.02300000000745058,1.1739130735481844,0.01700999996624887,1.5873016316242092,0.014529999983496964,1.8582244136972415,0.08849083972501381,1.4047485313179713,0.06945544660590584,1.1025710335089123,0.0785220712261861,1.2464992373651342,0.07679100423848285,1.2190194008515953,60.00000372529107,57.142858409962706,58.62069076257139,0.0009963835025393435,0.0010870955168952464,-9.071201435590292e-05,0.02889309037906895,0.022306910190155408,0.4251327402487425,0.028725105927284278,0.022174894779030764,0.4732672923407463,0.028345225551169938,0.017654774463731225,0.7483315082193303,2728771.6,909521.7,0.07450641893224043,0.22353617291374137,0.03846154397232282,0.08000001192092876,0.2272727657571314,0.35000006519258164,0.03846154397232281,0.08000001192092877,0.2272727657571314,0.3500000651925817,57.14287234812522,38.0952482320835,62.50001455191623,45.833344004738564,-42.85712765187478,-37.49998544808377,0.0018571428954601288,0.0017142858178842636,63.35542640147,75.18519520105396,12.141928337865181,19.805678899809223,0.02976239936426282,0.07407401530749347,BUY,0,0
0.02800000086426735,0.02800000086426735,0.024000000208616257,0.02500000037252903,5269415,0.0,0.0,EMP,2024-12-19 00:00:00+11:00,Energy,-0.07407408429434903,-0.07696105217402534,-0.0030000004917383194,-0.10714287139779408,0.025600000470876693,0.976562496589395,0.025700000301003455,0.9727626490165023,0.025600000377744438,0.9765625001421085,0.023100000023841858,1.0822510972608723,0.017179999966174364,1.455180466923832,0.01458499998319894,1.7140898458229383,0.07136083917615822,1.1328182028539402,0.07292344518790715,1.157623804279513,0.08088358413973783,1.283987092687887,0.07767367058432542,1.2330312947020687,45.454543915169026,42.10526160999014,54.83871025889024,0.0008673827920501025,0.0010431529719262176,-0.0001757701798761151,0.028834042415979737,0.022565958186027173,-0.22335370834023505,0.0284580453500868,0.022741955405402074,-0.20993371728635413,0.028403061064846073,0.017796938982837643,0.35828370331701437,3614989.0,1172992.45,1.4576572708796625,4.492283816490038,-0.13793099683119092,0.041666673134184595,0.13636365945427875,0.25000004656612984,-0.1379309968311909,0.04166667313418449,0.13636365945427883,0.2500000465661298,28.57143617406261,38.0952482320835,37.50000873114974,45.833344004738564,-71.42856382593739,-62.49999126885026,0.0018571428954601288,0.0018571429841575168,5.128215415002585,13.461544971152124,8.186589558419499,14.6526038031259,0.02964715138114989,0.19999995529651704,BUY,0,0
0.02500000037252903,0.02500000037252903,0.023000000044703484,0.024000000208616257,2126071,0.0,0.0,EMP,2024-12-20 00:00:00+11:00,Energy,-0.04000000596046438,-0.04082200072907221,-0.0010000001639127731,-0.04000000596046439,0.025200000405311583,0.9523809453414773,0.025800000317394732,0.9302325547816025,0.025500000361353158,0.9411764654321243,0.02318000003695488,1.0353753309039726,0.01732999997213483,1.3848817222854137,0.014629999985918402,1.640464814197992,0.058978766120310756,0.9362588867267043,0.07280301217663206,1.1557119894946537,0.0705423926595857,1.1198257671883922,0.07795604598748694,1.2375138652608306,41.666664079659135,44.444443294663444,53.12500036379787,0.0006766570622999575,0.0009698537900009656,-0.0002931967277010081,0.028596823423771386,0.023003177211018078,-0.6435873991009807,0.02843795526775934,0.022562045454946975,-0.5105592837610152,0.028412395892484545,0.017947604181425214,0.1567160043510069,2095165.8,1255836.6,1.0147507180577309,1.6929519333964307,-0.07692308794464564,0.04347826791170184,-0.07692308794464564,0.20000003725290383,-0.07692308794464563,0.043478267911701875,-0.07692308794464563,0.20000003725290383,14.285718087031306,33.333342203073066,14.285718087031306,38.09524712336576,-85.7142819129687,-85.7142819129687,0.0018571428954601288,0.0019523810950063524,-99.75846081587143,-101.64671008441998,7.52659080675781,13.516183914353917,0.029534208357699217,0.2083332880607085,BUY,0,0
0.024000000208616257,0.024000000208616257,0.024000000208616257,0.024000000208616257,6007,0.0,0.0,EMP,2024-12-23 00:00:00+11:00,Energy,0.0,0.0,0.0,0.0,0.02500000037252903,0.9599999940395356,0.025700000301003455,0.9338521372577252,0.025350000336766244,0.9467455577824185,0.023280000053346156,1.0309278416503531,0.017479999978095292,1.3729977253255934,0.01468499998562038,1.6343207512507436,0.05756466751700075,0.9138107673246119,0.0671143000899842,1.0654064847255484,0.06991130056569217,1.1098074907794644,0.07753582675326355,1.230843091721544,22.222226821346254,47.058822884897836,46.42857095340686,0.0005195168801618126,0.0008797864080331351,-0.0003602695278713225,0.028688868113094783,0.022711132488912128,-0.5687772759671492,0.02827178781043249,0.022428212863099997,-0.46204597025532873,0.02837565713153003,0.018184342975162283,0.14129682280871103,1520960.8,1209371.2,0.003949477198886388,0.004967044030815353,-0.04000000596046438,-0.04000000596046438,-0.11111112644152343,0.2631579463336624,-0.04000000596046439,-0.04000000596046439,-0.11111112644152346,0.2631579463336623,14.285718087031306,19.047624116041757,14.285718087031306,22.02381496840411,-85.7142819129687,-85.7142819129687,0.0017857143123235022,0.0017619048733086813,-85.27132024716863,-94.26934367181363,7.5958149005655144,11.946292671428125,0.029272840025179388,0.2083332880607085,BUY,0,0
0.02500000037252903,0.026000000536441803,0.02500000037252903,0.026000000536441803,242733,0.0,0.0,EMP,2024-12-24 00:00:00+11:00,Energy,0.08333334626836897,0.08004271961356925,0.0010000001639127731,0.04000000596046439,0.025200000405311583,1.0317460364390152,0.025700000301003455,1.0116731607752796,0.025350000336766244,1.025641033177141,0.023420000076293947,1.110162273772124,0.017649999987334013,1.473087850147304,0.014754999987781047,1.7621145752607927,0.07061537342007713,1.1209843008449083,0.07139417884967697,1.1333474537634762,0.07203254474805613,1.14348119823893,0.07826318164588716,1.2423894926861532,50.0,52.63157946333662,48.27586184748572,0.0005500251182543429,0.0008138341500773766,-0.0002638090318230336,0.028688868113094783,0.022711132488912128,0.10037253378175855,0.02827178781043249,0.022428212863099997,0.22246662549344856,0.02841942926482462,0.018420570887763273,0.5160590065095242,1569507.4,1208142.85,0.1546555307735408,0.2009141551431604,0.04000000596046438,0.0,0.0,0.3684211248671272,0.04000000596046439,0.0,0.0,0.36842112486712725,42.85715426109392,23.80953014505219,42.85715426109392,23.809530145052168,-57.14284573890608,-57.14284573890608,0.0019285714785967553,0.001809523928733099,20.15505004234275,14.736849349455998,8.599501805569403,9.320455697810303,0.02902192642596035,0.1153845602767718,BUY,0,0
0.027499999850988388,0.027499999850988388,0.027000000700354576,0.027000000700354576,968521,0.0,0.0,EMP,2024-12-27 00:00:00+11:00,Energy,0.03846154397232282,0.03774033328952825,-0.000499999150633812,-0.018181787394294886,0.025200000405311583,1.0714285819877842,0.025800000317394732,1.0465116421781897,0.025500000361353158,1.0588235418723666,0.02358000010251999,1.1450381926618012,0.01782999999821186,1.514301778074165,0.014824999989941716,1.8212479405513124,0.06224705867632982,0.9881414226168848,0.0722884983455793,1.1475443356362416,0.06993571455494337,1.1101950508438823,0.07836003108559789,1.2439269298786961,62.50000000000001,57.89473839000987,51.72413815251428,0.0006474315843283743,0.0007805536369275761,-0.00013312205259920185,0.028898386647235017,0.022701613987554447,0.38729850161122475,0.02843795526775934,0.022562045454946975,0.5105593471603946,0.02851368339405882,0.01864631681098116,0.6931941909809698,1722549.4,1252866.45,0.5622602173267136,0.7730440862232364,0.0,0.03846154397232282,0.12500001940255356,0.4210527141338596,0.0,0.03846154397232281,0.12500001940255348,0.4210527141338597,57.14287234812522,38.0952482320835,57.14287234812522,38.09524823208348,-42.85712765187478,-42.85712765187478,0.0019642857036420275,0.0017857143566721962,103.10077848457213,109.9046203294223,12.743887978046445,12.969880962853793,0.028781049370710077,0.11111105745466787,BUY,0,0
0.027000000700354576,0.03099999949336052,0.027000000700354576,0.03099999949336052,733486,0.0,0.0,EMP,2024-12-30 00:00:00+11:00,Energy,0.14814809960184228,0.13815029619854988,0.003999998793005943,0.14814809960184236,0.02640000022947788,1.1742423948446161,0.02600000035017729,1.192307656763133,0.025850000325590372,1.199226270905377,0.02378000009804964,1.3036164577603615,0.018059999989345668,1.7165005266693625,0.0149049999890849,2.0798389477398302,0.07313829655210621,1.1610344639505952,0.07828478196413637,1.2427323871081164,0.07655780402226732,1.2153174621848386,0.07964865677621745,1.2643832285412655,74.99999611948931,68.18181856666226,61.290321611526956,0.0010354572767420876,0.0008315343648904786,0.00020392291185160902,0.030109609351905008,0.02189039134844957,1.2166605487483557,0.02959306383017452,0.022106936821006225,1.3758781173396923,0.02908367665588702,0.01847632354021226,1.3613197027714101,815363.6,1283733.65,0.8995814873266357,0.5713693023471029,0.23999996125698142,0.06896553053016796,0.29166663432907747,0.4761904719667911,0.23999996125698148,0.06896553053016792,0.2916666343290776,0.476190471966791,100.0,66.6666755364064,100.0,66.66667553640637,-0.0,-0.0,0.002107142736869199,0.0018809523788236436,202.06863866425044,221.49648942058184,16.093949987312726,15.816014444467214,0.023000000044703484,0.03225813041616665,HOLD,0,1
0.032999999821186066,0.03500000014901161,0.032999999821186066,0.03500000014901161,575950,0.0,0.0,EMP,2024-12-31 00:00:00+11:00,Energy,0.12903228132335287,0.12136087760495119,0.0020000003278255463,0.06060607086856837,0.028600000217556952,1.2237762196772932,0.026900000311434268,1.3011152321115147,0.026200000289827587,1.3358778535052427,0.024060000106692313,1.454696591596287,0.01831999999471009,1.9104803580304521,0.015004999991506339,2.332555825979577,0.06161305179056304,0.9780768753214362,0.07552108188547182,1.1988600084690204,0.07302975213116929,1.1593113746865793,0.08136313781132914,1.2915997712199183,78.57142572044118,70.83333430346109,65.71428556223304,0.0016467542985797896,0.000994578351628341,0.0006521759469514487,0.03392060461930552,0.01987939600356302,1.1537468118657412,0.031690661947777525,0.020709338631877648,1.6027212032711016,0.03018002455243288,0.017939975660951745,1.787574565969806,505339.4,1300531.15,1.1397290613001876,0.4428575201755068,0.4583333268658154,0.3461538241107087,0.24999996673848046,0.666666696232463,0.4583333268658155,0.3461538241107088,0.24999996673848052,0.6666666962324631,100.0,85.71429078270842,100.0,85.7142907827084,-0.0,-0.0,0.0022499999031424522,0.0020714286005213147,283.1909045264656,336.696385020843,16.886143664284788,18.289979627986625,0.023160000033676624,-0.057142866266017056,SELL,0,2
0.03500000014901161,0.03500000014901161,0.03099999949336052,0.03099999949336052,829176,0.0,0.0,EMP,2025-01-02 00:00:00+11:00,Energy,-0.114285732532034,-0.12136087760495119,-0.0040000006556510925,-0.11428573253203404,0.030000000074505807,1.0333333138790395,0.027500000223517417,1.1272726996871067,0.02645000023767352,1.1720226546238854,0.024280000105500223,1.2767709785280434,0.018539999993517995,1.6720603831822451,0.01508499999064952,2.0550215122688735,0.1047288498731813,1.6625189511495368,0.08646663847252467,1.3726153326121808,0.07621790909811554,1.209921797537646,0.08291479562703773,1.3162315754213259,68.74999636202136,59.259257726217925,54.28571230902965,0.0017878359095564768,0.0011532298632139682,0.0006346060463425086,0.034818165916163026,0.020181834530871808,0.47826182363709363,0.03234290370976318,0.020557096765583864,0.7721150154990647,0.03059215263733832,0.017967847573662127,1.0646129595197593,669973.2,1338244.9,1.2376256244279622,0.6195995964565231,0.29166663432907747,0.23999996125698142,0.19230764822141744,0.550000009313226,0.2916666343290776,0.23999996125698148,0.1923076482214175,0.5500000093132259,66.66666149265241,88.88888716421748,66.66666149265241,88.88888716421746,-33.33333850734759,-33.33333850734759,0.002464285652552332,0.0020714286005213147,154.2433545418359,203.65134633805073,15.804711560437198,16.8556687451036,0.023633600038290025,0.06451614066167655,BUY,0,0
0.03099999949336052,0.032999999821186066,0.03099999949336052,0.03200000151991844,305583,0.0,0.0,EMP,2025-01-03 00:00:00+11:00,Energy,0.03225813041616665,0.03174876215523971,0.0010000020265579224,0.032258130416166604,0.031200000271201133,1.0256410654411354,0.02820000033825636,1.1347518133362207,0.02680000029504299,1.1940298943144885,0.02450000014156103,1.3061225034703017,0.018770000012591482,1.7048482417928543,0.015169999999925495,2.1094265998731445,0.10399899600532843,1.650932880182993,0.08602839786841933,1.3656584786949402,0.07541199405878131,1.1971282929060947,0.08278697164098281,1.3142024325491841,75.0,60.71428713977941,58.823530378535494,0.0019577679782857814,0.001314137486228331,0.0006436304920574504,0.03578946661410674,0.020610534062405983,0.5006941257191768,0.03314449633732153,0.02045550425276445,0.8196082384201379,0.031105502306435637,0.017894497976686425,1.1354172916995455,682543.2,1342585.3,0.4477123206267384,0.22760788457910272,0.23076926383393692,0.28000004172325066,0.28000004172325066,0.5238096167305983,0.23076926383393687,0.2800000417232507,0.2800000417232507,0.5238096167305982,75.00001164153208,80.55555771139485,75.00001164153208,80.55555771139483,-24.999988358467917,-24.999988358467917,0.0026071428188255857,0.0020714286005213147,112.1589282581762,157.31133303241066,15.57100640772721,16.673201878061974,0.02408825604271889,-0.06250006548361542,SELL,0,2
0.032999999821186066,0.032999999821186066,0.03200000151991844,0.03200000151991844,688886,0.0,0.0,EMP,2025-01-06 00:00:00+11:00,Energy,0.0,0.0,-0.000999998301267624,-0.03030297899049148,0.03220000043511391,0.9937888536492885,0.028700000420212746,1.1149826150309594,0.02715000035241246,1.1786372414199628,0.0247400001809001,1.293451951735362,0.01900000003166497,1.6842106035046298,0.015255000009201467,2.097672992501919,0.1061627091568359,1.6852807616272045,0.08438927208416773,1.3396381635388395,0.07541199405878131,1.1971282929060947,0.08236342488885876,1.3074788363008079,75.0,56.00000417232476,60.60606180335311,0.002068594892779843,0.0014650289675386336,0.0006035659252412095,0.0365909236255365,0.02080907721488899,0.41820215630527113,0.0338393478126707,0.020460652892154218,0.7250335247675633,0.0315470798409177,0.017932920520882495,1.066536855982609,626616.2,1368799.85,1.0993747049629423,0.503277378354476,0.18518521073587246,0.18518521073587246,0.28000004172325066,0.6000001117587115,0.18518521073587244,0.18518521073587244,0.2800000417232507,0.6000001117587115,75.00001164153208,72.2222282585722,75.00001164153208,72.22222825857217,-24.999988358467917,-24.999988358467917,0.002464285652552332,0.0020714285118239267,97.78536668018702,139.53977216326282,15.417624231537147,19.322172505478406,0.0245247258069706,-0.06250006548361542,SELL,0,2
0.03200000151991844,0.032999999821186066,0.03099999949336052,0.032999999821186066,945253,0.0,0.0,EMP,2025-01-07 00:00:00+11:00,Energy,0.031249945430320558,0.030771605750699496,0.000999998301267624,0.031249945430320485,0.032600000500679016,1.0122699176185201,0.02950000036507845,1.118644047891296,0.027600000333040952,1.1956521530067006,0.024960000179708005,1.3221153679323459,0.01924000003375113,1.7151767028740599,0.01535000000614673,2.149837121040495,0.08732546463631902,1.3862487753051935,0.07760349692793297,1.2319173224416535,0.07434838615877742,1.180244040930731,0.08144424582047884,1.2928873209491922,73.33333002196431,65.2173884874934,61.76470507671058,0.002211623309732097,0.0016143478359773266,0.0005972754737547704,0.037345735248875675,0.021654265481281226,0.4461021826439371,0.03460075214359633,0.02059924852248558,0.7713456546200185,0.03210811297638957,0.017811887383026446,1.1247723518311785,668969.6,1381675.65,1.4129984381950988,0.6841352382521905,0.06451614066167655,0.3199999731779102,0.37499998059744644,0.5,0.06451614066167646,0.31999997317791024,0.37499998059744655,0.5,83.3333307463262,77.77778467646347,83.3333307463262,77.77778467646345,-16.666669253673795,-16.666669253673795,0.002250000036188534,0.002166666622672762,81.14894314233457,118.21631210972893,23.773841825203235,18.651508923881593,0.02494373678065224,-0.030302978990491503,HOLD,0,1
0.032999999821186066,0.035999998450279236,0.032999999821186066,0.03400000184774399,909846,0.0,0.0,EMP,2025-01-08 00:00:00+11:00,Energy,0.030303091878076893,0.029853022913695175,0.0010000020265579224,0.030303091878076893,0.03240000084042549,1.0493827458585179,0.03050000052899122,1.1147541396081584,0.02815000042319298,1.2078153227923631,0.025260000228881835,1.3460016444841116,0.019490000056102873,1.7444844407323448,0.01544500001706183,2.201359780523455,0.06307299450693617,1.0012527474569766,0.07355368382487137,1.1676285324797029,0.07300522108211412,1.1589219563553823,0.07864057240210168,1.2483803852143822,73.33333333333333,69.56521739130434,64.70588396422582,0.002378251167756494,0.00176712850233316,0.000611122665423334,0.037757181158318165,0.023242819899664282,0.4822811360942204,0.03535453134899346,0.020945469497392497,0.8119892168970078,0.032642384651196815,0.017877615806566854,1.1838995531638066,735748.8,1396596.15,1.236625870133937,0.651473942556694,-0.028571379914575923,0.41666673134184484,0.4782609470287207,0.789473839000987,-0.028571379914575902,0.4166667313418449,0.47826094702872063,0.7894738390009869,84.61540886283923,80.98291708356585,84.61540886283923,80.98291708356584,-15.384591137160763,-15.384591137160763,0.0022499999031424522,0.0022619046448242096,101.92090456551736,139.89675802465092,34.41962302390556,22.319518647795007,0.025345987315386613,-0.0294118227121295,HOLD,0,1
0.03500000014901161,0.035999998450279236,0.032999999821186066,0.032999999821186066,2101646,0.0,0.0,EMP,2025-01-09 00:00:00+11:00,Energy,-0.0294118227121295,-0.02985302291369515,-0.0020000003278255463,-0.05714286626601702,0.0328000009059906,1.006097527733877,0.0314000004902482,1.050955391909461,0.02855000039562583,1.1558668778947556,0.025520000234246255,1.2931034293997425,0.019730000058189034,1.6725798136776615,0.015535000017844141,2.124235583088568,0.027253548541240857,0.43263667070490275,0.07578942212617286,1.2031197777308973,0.07220903837738876,1.146282947746138,0.07868704572203457,1.2491181262972342,58.333330746327405,66.66666149265362,64.7058804193997,0.0024019252405259005,0.001894087849971708,0.0005078373905541924,0.03715036287645195,0.02564963810404445,0.27824321729297924,0.03590491292680701,0.02119508786444465,0.605037708700742,0.03306025997905247,0.017979740489440035,0.9920082119309064,990242.8,1473224.65,2.122354234739197,1.4265617942246622,0.06451614066167655,0.37499998059744644,0.3199999731779102,0.6500000279396778,0.06451614066167646,0.37499998059744655,0.31999997317791024,0.6500000279396778,76.92308463817612,81.62394141578052,76.92308463817612,81.62394141578051,-23.07691536182388,-23.07691536182388,0.00246428551950625,0.0023095236115512393,83.75485315573397,114.67189221401532,29.048291010603393,20.79394166779953,0.025985227983480172,0.0,HOLD,0,1
0.032999999821186066,0.035999998450279236,0.032999999821186066,0.035999998450279236,10846098,0.0,0.0,EMP,2025-01-10 00:00:00+11:00,Energy,0.0909090498590599,0.08701133936043397,0.00299999862909317,0.09090904985905984,0.03360000029206276,1.0714285159927044,0.032400000281631945,1.1111110536220639,0.029050000291317702,1.239242619251839,0.02582000020891428,1.3942679379936775,0.020010000038892032,1.7991003688310128,0.015640000011771918,2.301790180510406,0.04471038361440947,0.7097553363961479,0.07636293413809755,1.2122239986756635,0.07395991746953445,1.1740772916674982,0.07929028015044542,1.2586941759763182,54.54544530920069,67.99999254942063,65.71428206502196,0.00263241706577972,0.0020417536931333106,0.0005906633726464093,0.03740666197457249,0.0273933385886914,0.7190416268235844,0.03700976729319673,0.02109023328943867,0.8731409044160306,0.03380662189094481,0.017833378526883745,1.2746313330790913,3098345.8,2009626.45,3.500609260593185,5.397071679664646,0.12499989813659829,0.3846152964428351,0.3846152964428351,0.7142856636014918,0.12499989813659824,0.384615296442835,0.384615296442835,0.7142856636014918,100.0,87.1794978336718,100.0,87.17949783367179,-0.0,-0.0,0.0025357139695967945,0.002357142578278269,89.38528152735664,117.65858427404463,60.95560992062755,44.946940447538225,0.026586114211488116,-0.08333329883990315,SELL,0,2
0.03500000014901161,0.035999998450279236,0.03500000014901161,0.035999998450279236,735976,0.0,0.0,EMP,2025-01-13 00:00:00+11:00,Energy,0.0,0.0,0.000999998301267624,0.028571379914575902,0.03439999967813492,1.0465115926486854,0.03330000005662441,1.0810810327046145,0.029550000187009574,1.2182740515211616,0.026140000186860562,1.377199624825361,0.020280000027269124,1.7751478501909521,0.01575500000268221,2.2849887936623556,0.04471038361440947,0.7097553363961479,0.07717083079584143,1.225048960524247,0.07395991746953445,1.1740772916674982,0.07882221291959235,1.2512638390381428,85.71426290639573,73.91303537980502,64.70587848585804,0.0027830027742745365,0.002190003509361556,0.0005929992649129807,0.03707712320224197,0.02952287691100685,0.7148293263320059,0.037947367680907174,0.021152632693111975,0.7680976529795677,0.034450406741124866,0.017829593632596258,1.1864640073907375,3107763.8,2046425.25,0.2368185123978856,0.3596398158202944,0.12499989813659829,0.3333332413508592,0.3846152964428351,0.7999999627470962,0.12499989813659824,0.33333324135085923,0.384615296442835,0.7999999627470962,100.0,92.30769487939206,100.0,92.30769487939205,-0.0,-0.0,0.0023214280871408327,0.002357142489580881,92.04151016901619,114.93183543415827,73.77437184098886,45.99242578582889,0.027150947265815583,-0.11111103062644068,SELL,0,2
0.035999998450279236,0.035999998450279236,0.03200000151991844,0.03200000151991844,2131470,0.0,0.0,EMP,2025-01-14 00:00:00+11:00,Energy,-0.11111103062644068,-0.11778294511113331,-0.003999996930360794,-0.1111110306264407,0.03420000001788139,0.9356725585727285,0.03340000025928021,0.9580838704043789,0.029700000304728746,1.077441117561992,0.02636000022292137,1.2139605936760502,0.02051000004634261,1.5602146000786945,0.0158500000089407,2.0189275395500204,0.07469750405679042,1.185786115749035,0.07729720063107133,1.2270550194676781,0.0757390193899966,1.2023196590989798,0.0806240070326237,1.2798664338590697,50.0,65.38461758892913,57.89473839000987,0.002550179824670193,0.0022620387724232834,0.0002881410522469095,0.03695277548297482,0.029847225035585595,-0.39405778615678205,0.03816292208005041,0.021237078529407077,0.2717738951453647,0.034697376159342534,0.018022624286500206,0.6764719907086321,3345007.2,2111082.35,0.6372093907600558,1.0096574394646423,-0.030302978990491503,0.03225813041616665,0.10344836002439672,0.5238096167305983,-0.03030297899049148,0.032258130416166604,0.1034483600243968,0.5238096167305982,66.66668736272692,88.88889578757566,69.23078906959574,89.74359635653191,-33.33331263727309,-30.769210930404263,0.002464284987321922,0.002547618533883776,41.17648544274684,65.76892593133401,71.78649663639835,43.4666389859149,0.027681890336883404,0.0,HOLD,0,1
0.03500000014901161,0.03500000014901161,0.03099999949336052,0.03099999949336052,834075,0.0,0.0,EMP,2025-01-15 00:00:00+11:00,Energy,-0.031250061845636834,-0.03174876215523972,-0.0040000006556510925,-0.11428573253203404,0.0335999995470047,0.9226190449792444,0.033000000193715094,0.9393939185268405,0.02995000025257468,1.0350584050728204,0.026500000208616255,1.1698112924271271,0.020730000045150517,1.4954172419605238,0.015940000005066395,1.9447929412488978,0.07270478871898306,1.154152740443541,0.06448207547379842,1.0236212143498082,0.07178258513417764,1.1395132123821365,0.07856951496152638,1.2472523833150044,45.45453621828847,62.962960407894414,52.777778065222996,0.0022589345620391485,0.0022614179303464565,-2.4833683073080016e-06,0.03665148269523111,0.029348517692199084,-0.5477229315830546,0.03824647970579268,0.02165352079935668,0.12655961443725022,0.03491039223908839,0.018089608178144118,0.5350522625390206,3329853.0,1666526.75,0.2504840303761157,0.5004870158849836,-0.08823535856903275,-0.114285732532034,0.19230764822141744,0.29166663432907747,-0.0882353585690328,-0.11428573253203404,0.1923076482214175,0.2916666343290776,54.545456084830974,73.73738114918598,61.538464844932626,76.92308463817612,-45.454543915169026,-38.461535155067374,0.0027499993198684286,0.0025952376780055816,5.0809536650886855,43.49154254475157,69.27250131641861,41.54004830791618,0.028180976823687153,0.03225813041616665,HOLD,0,1
0.03200000151991844,0.03200000151991844,0.03099999949336052,0.03200000151991844,487830,0.0,0.0,EMP,2025-01-16 00:00:00+11:00,Energy,0.03225813041616665,0.03174876215523971,0.0,0.0,0.03339999988675117,0.9580838810904287,0.033100000396370885,0.9667674059432021,0.030300000309944154,1.056105649920286,0.026680000238120557,1.1994003461138143,0.020960000064224004,1.5267176250890517,0.016040000012144447,1.9950125620754438,0.07508926115524972,1.1920050668902404,0.05397879775204996,0.8568868495330594,0.07094155324112776,1.1261622449800335,0.07831019887172289,1.243135868007538,45.45455469079932,61.53846153846153,58.82352941176471,0.002084780349138657,0.0022260904141048967,-0.0001413100649662398,0.036557679397816734,0.02964232139492504,-0.31813215627953695,0.038302631052912185,0.022297369566976123,0.21243029505867064,0.035169513651965335,0.01819048682427578,0.6266556188157943,3007089.8,1547066.65,0.16222661524773888,0.31532578121311067,-0.030302978990491503,0.03225813041616665,0.28000004172325066,0.3913044112053168,-0.03030297899049148,0.032258130416166604,0.2800000417232507,0.39130441120531684,55.55557855118043,58.92257399957945,69.23078906959574,66.66668099470803,-44.44442144881957,-30.769210930404263,0.0026785708697778837,0.0024047616337026867,-39.81278414981764,28.181074874250395,67.65365849058753,51.31609938778306,0.028650118121282677,0.031249945430320558,HOLD,0,1
0.03200000151991844,0.03200000151991844,0.03099999949336052,0.03099999949336052,153595,0.0,0.0,EMP,2025-01-17 00:00:00+11:00,Energy,-0.031250061845636834,-0.03174876215523972,-0.0010000020265579224,-0.031250061845636785,0.032400000095367434,0.9567901050035155,0.033000000193715094,0.9393939185268405,0.03060000026598573,1.0130718700620216,0.026900000236928463,1.1524163278929476,0.02118000006303191,1.463644919787733,0.016130000008270143,1.9218846545236365,0.053252336479975265,0.8453546343548838,0.05408864007194316,0.8586305423042663,0.07162532473210455,1.137016780892356,0.07591220272630388,1.2050688593335168,36.36363020613379,57.69230355922031,58.823526189195945,0.0018448043186890598,0.0021498331950217295,-0.0003050288763326698,0.03665148269523111,0.029348517692199084,-0.5477229315830546,0.038206091583747125,0.022993908948224333,0.05258932750922026,0.03525195222670853,0.0185480482471484,0.49090311599600367,868589.2,1554746.4,0.17683273059347274,0.09879103112893524,-0.13888886589326876,-0.031250061845636834,0.23999996125698142,0.550000009313226,-0.13888886589326876,-0.031250061845636785,0.23999996125698148,0.5500000093132259,44.444442144881954,51.51515892696447,61.538464844932626,64.10257291982033,-55.555557855118046,-38.461535155067374,0.0026428567777786937,0.0023095236115512393,-79.38144685572661,17.98079319431268,66.10090006653945,54.87320902365151,0.02909111094102247,0.09677427107784298,BUY,0,0
0.03200000151991844,0.03200000151991844,0.03200000151991844,0.03200000151991844,169175,0.0,0.0,EMP,2025-01-20 00:00:00+11:00,Energy,0.03225813041616665,0.03174876215523971,0.0,0.0,0.03160000070929527,1.0126582532166055,0.033000000193715094,0.9696970100628332,0.030850000306963922,1.0372771864347412,0.027120000272989272,1.1799410471167844,0.021410000082105397,1.4946287434470507,0.016215000017546118,1.973481436034012,0.059160013219567105,0.9391360952296092,0.05516121796242164,0.8756571884639802,0.07006135933005872,1.1121895998148215,0.07576990691016473,1.202809983280862,45.45455469079932,52.173916564545166,59.99999893563162,0.0017155377406127721,0.002062974104139938,-0.00034743636352716585,0.03665148269523111,0.029348517692199084,-0.2738610066956301,0.03828462733708498,0.023415373276842864,0.15468176255450902,0.0354169385139804,0.018823062031998142,0.5881689251125747,755229.0,1553039.6,0.22400490447268312,0.10893154302053855,-0.11111103062644068,0.0,0.18518521073587246,0.5238096167305983,-0.1111110306264407,0.0,0.18518521073587244,0.5238096167305982,20.000044703492907,40.00002179985178,69.23078906959574,66.66668099470803,-79.9999552965071,-30.769210930404263,0.0024285712944609778,0.0023571427556730454,-60.693576764977124,26.88359232819802,65.35353764512124,55.120613256383656,0.029505644191577876,0.06250000727595717,BUY,0,0
0.03200000151991844,0.03200000151991844,0.03200000151991844,0.03200000151991844,396236,0.0,0.0,EMP,2025-01-21 00:00:00+11:00,Energy,0.0,0.0,0.0,0.0,0.03160000070929527,1.0126582532166055,0.03290000036358833,0.9726444123488232,0.031200000364333392,1.0256410623795882,0.027340000309050084,1.1704462749887317,0.021640000101178884,1.4787431317144575,0.01630000002682209,1.963190274065127,0.03175489617685211,0.5040933491557585,0.054158046105610015,0.8597323289316855,0.06723714054310505,1.067356516464926,0.07576990691016473,1.202809983280862,25.000034924574564,42.10527038144602,57.57575672054884,0.0015947102194349139,0.0019693213271989333,-0.00037461110776401945,0.03660585025680165,0.02919415047037501,-0.242858958026901,0.03811603784207905,0.024283962886587733,0.11567334014011402,0.035557552507832275,0.019122448110267892,0.5670789911816991,408182.2,1309380.65,0.9707331676883509,0.3026133004180259,0.0,-0.030302978990491503,0.28000004172325066,0.5238096167305983,0.0,-0.03030297899049148,0.2800000417232507,0.5238096167305982,20.000044703492907,28.148177183955937,69.23078906959574,66.66668099470803,-79.9999552965071,-30.769210930404263,0.002142856961914471,0.0022619046448242096,-54.06498002115457,23.24040344694808,64.4042055347955,54.87284018158457,0.029895305447099958,0.06250000727595717,BUY,0,0
0.03099999949336052,0.03099999949336052,0.028999999165534973,0.028999999165534973,2698256,0.0,0.0,EMP,2025-01-22 00:00:00+11:00,Energy,-0.093750069121594,-0.09844014908535915,-0.0020000003278255463,-0.06451614066167646,0.031200000643730165,0.9294871335639765,0.032400000095367434,0.8950617000054085,0.03145000031217933,0.922098533471379,0.027400000281631948,1.0583941192502693,0.021840000096708535,1.3278387837509904,0.016385000022128223,1.7699114511058882,0.05271422026420721,0.836812304254643,0.05990792537380191,0.9510088326053764,0.07052586515608575,1.1195634012040705,0.06978215386103147,1.10775735040041,18.181842811820147,44.44444674400502,55.88234923522281,0.0012425550196503293,0.0018239680656892126,-0.0005814130460388832,0.036741017954363624,0.028058982236371245,-0.7832266625640361,0.03758788923304909,0.025312111391309566,-0.39916022890443265,0.03562142578834056,0.019178574774923334,0.19461331646165742,781018.4,1337989.9,3.4547918461332023,2.0166490046001098,-0.06451614066167644,-0.14705889442593612,0.2083332880607085,0.1153845602767718,-0.06451614066167646,-0.1470588944259361,0.20833328806070858,0.11538456027677187,0.0,13.333363135661953,46.153845051689125,61.5384743969602,-100.0,-53.846154948310875,0.0020714285118239267,0.00221428567809718,-162.31893834807275,-39.67696742353916,59.979493904969345,58.14097089611897,0.035999998450279236,0.3448276526508396,BUY,0,0
0.028999999165534973,0.029999999329447746,0.028999999165534973,0.029999999329447746,567662,0.0,0.0,EMP,2025-01-23 00:00:00+11:00,Energy,0.03448276526508387,0.033901558098595734,0.0010000001639127731,0.03448276526508396,0.030800000205636023,0.9740259457517183,0.0321000000461936,0.9345794170179488,0.031750000268220904,0.9448818606617537,0.027500000260770322,1.090909056180765,0.022050000093877316,1.3605441814840595,0.016460000020451844,1.8226002000104624,0.053189430822089705,0.8443560379939391,0.06148410880046148,0.9760299688107533,0.07064212791351666,1.1214090152614753,0.06962778185096759,1.1053067707123008,37.50000291037919,44.44444099510321,58.82352522242578,0.0010322618702776655,0.0016656268266069033,-0.0006333649563292378,0.036665570952573855,0.027534429139813348,-0.4599645388950513,0.03685417778859893,0.02664582274784288,-0.34285659771558064,0.035723907685914644,0.019276092835626,0.3039916355373554,796984.8,1366072.65,0.7122620155365572,0.4155430532922243,-0.06250006548361542,-0.09090910630285254,0.2499999611948931,0.19999995529651704,-0.06250006548361542,-0.09090910630285255,0.24999996119489307,0.1999999552965171,14.285718087031306,11.42858759684142,50.0,55.128211373761616,-85.7142819129687,-50.0,0.0019999999286873,0.002166666622672762,-140.1158722110229,-54.56733020472262,60.746050652424245,61.528373865192535,0.03585999846458435,0.16666669771075315,BUY,0,0
0.029999999329447746,0.029999999329447746,0.029999999329447746,0.029999999329447746,106586,0.0,0.0,EMP,2025-01-24 00:00:00+11:00,Energy,0.0,0.0,0.0,0.0,0.03060000017285347,0.9803921294112277,0.03150000013411045,0.9523809270388416,0.0319500002078712,0.9389671090536316,0.027620000243186952,1.0861694085918001,0.022260000091046096,1.3477088592427724,0.01655000001657754,1.812688779419808,0.05213641829036274,0.8276399822756347,0.051124598802801326,0.8115778458609769,0.06874355741778836,1.091270142992145,0.0693179457234221,1.1003882746682891,42.857150459766785,44.44444099510321,58.82352522242578,0.0008557386122759747,0.0015036491837407177,-0.000647910571464743,0.03530058496285764,0.027699415305363264,-0.3946763122656471,0.036373620792410834,0.027526379623331564,-0.4408155810737072,0.03581048750073538,0.019429512985638525,0.2905808911511786,787583.0,1359265.3,0.13533303791473406,0.07841441990757801,-0.03225807033083827,-0.16666664941995157,0.15384610424909462,0.2499999611948931,-0.03225807033083823,-0.16666664941995157,0.15384610424909467,0.24999996119489307,14.285718087031306,9.523812058020885,45.454543915169026,47.20279632228604,-85.7142819129687,-54.545456084830974,0.0019285714785967553,0.002166666622672762,-106.54494768887037,-63.952070154910864,59.742342872930074,61.66832447247644,0.03572279847860336,0.13333342025677553,BUY,0,0
0.029999999329447746,0.03200000151991844,0.029999999329447746,0.03200000151991844,5479,0.0,0.0,EMP,2025-01-28 00:00:00+11:00,Energy,0.0666667411724744,0.06453859098676348,0.0020000021904706955,0.0666667411724743,0.03060000017285347,1.045751677750217,0.03110000044107437,1.0289389410315064,0.03220000024884939,0.9937888593979717,0.027780000269412995,1.1519078909135885,0.02249000011011958,1.4228546626604839,0.01664500002283603,1.9224993376999815,0.060024246360678074,0.952855371026568,0.057511701391120454,0.9129699561426731,0.06965408281188935,1.105724285523347,0.06982441794476144,1.1084282719300471,50.0,47.36842724424575,58.82352747822377,0.00086722924171646,0.0013763651953358662,-0.0005091359536194063,0.03330101236361571,0.028898988518533026,0.4089033183450035,0.03596129888258952,0.02843870161510927,-0.05317278642458586,0.035994372984907715,0.019565627553918274,0.5137338414831464,754843.8,1311113.2,0.007258455325459386,0.004178891647189579,0.0,-0.11111103062644068,0.18518521073587246,0.3333333850734759,0.0,-0.1111110306264407,0.18518521073587244,0.33333338507347593,42.85718087031305,23.8095390147919,55.55557855118043,50.33670748878314,-57.14281912968695,-44.44442144881957,0.0019285716116428375,0.00216666671137015,-42.143882758423615,-30.664625327289585,62.303350771197415,61.402290279511355,0.03558834249234199,0.06250000727595717,BUY,0,0
0.03200000151991844,0.03200000151991844,0.03200000151991844,0.03200000151991844,10386,0.0,0.0,EMP,2025-01-29 00:00:00+11:00,Energy,0.0,0.0,0.0,0.0,0.03060000017285347,1.045751677750217,0.03110000044107437,1.0289389410315064,0.03225000035017729,0.9922480983707191,0.027960000298917292,1.1444921737414142,0.022720000129193067,1.4084507631142769,0.01674500002991408,1.9110183017469147,0.060024246360678074,0.952855371026568,0.04527451125149757,0.7187105850087495,0.06170575344934683,0.9795484685330267,0.06946604543114912,1.1027392846436113,57.14286474548308,44.44444674400502,57.575755865340284,0.0008663489172984172,0.0012743619397283766,-0.0004080130224299594,0.03330101236361571,0.028898988518533026,0.4089033183450035,0.03597049812908515,0.028529502571269436,-0.0671949951633181,0.03614121330693333,0.019778787290901254,0.4938144523364339,677673.8,1274958.2,0.015325957710036893,0.00814614941885938,0.0,0.0,0.03225813041616665,0.3913044112053168,0.0,0.0,0.032258130416166604,0.39130441120531684,42.85718087031305,33.333359942552484,55.55557855118043,52.18856700584328,-57.14281912968695,-44.44442144881957,0.0017142859952790396,0.0020952381725822177,-6.930627606161624,-13.20747710923867,60.6019664111601,60.21836613101428,0.03545657562580585,0.06250000727595717,BUY,0,0
0.03200000151991844,0.03200000151991844,0.03200000151991844,0.03200000151991844,73,0.0,0.0,EMP,2025-01-30 00:00:00+11:00,Energy,0.0,0.0,0.0,0.0,0.031200000643730165,1.0256410531949474,0.031200000643730165,1.0256410531949474,0.03210000041872263,0.9968847695482937,0.028180000334978104,1.135557173155843,0.022950000148266553,1.3943355692019657,0.016845000036992134,1.8996735796761925,0.029946915318493656,0.4753925427974692,0.04386210951866624,0.6962894025904192,0.05416576026845376,0.8598547874704311,0.06809124349585353,1.0809149805070366,50.0,47.058829974547514,51.72414058879083,0.0008557862823008293,0.0011906468082428672,-0.00033486052594203794,0.03347058761475236,0.028929413672707967,0.35233218828350965,0.03558832662318142,0.02861167421426384,-0.028666728093367195,0.03618703814711623,0.02017296252283998,0.47708044779674635,138037.2,1246164.35,0.000528842949581707,5.8579753144117786e-05,0.10344836002439672,0.03225813041616665,-0.08571424618059287,0.5238096167305983,0.1034483600243968,0.032258130416166604,-0.08571424618059292,0.5238096167305982,42.85718087031305,42.85718087031305,42.85718087031305,51.32277932422463,-57.14281912968695,-57.14281912968695,0.0015000003789152419,0.0019047620395819347,6.95387357881552e-05,-20.483391331521002,67.66268475584349,59.169344164557856,0.03532744409660043,0.0,HOLD,0,1
0.032999999821186066,0.032999999821186066,0.03200000151991844,0.03200000151991844,3419584,0.0,0.0,EMP,2025-01-31 00:00:00+11:00,Energy,0.0,0.0,-0.000999998301267624,-0.03030297899049148,0.0316000010818243,1.0126582412784857,0.031200000643730165,1.0256410531949474,0.03215000052005053,0.9953344013155291,0.028380000367760658,1.127554654871325,0.02317000016570091,1.3810963008661858,0.016945000044070183,1.8884627581406634,0.029814273020006818,0.47328691158672415,0.04272999943699158,0.6783177121932582,0.047419613696339805,0.7527630306436047,0.06789669764760796,1.0778266609086893,50.0,35.714306621512634,44.00000596046127,0.0008377581633448733,0.0011200690792632685,-0.0002823109159183952,0.03347058761475236,0.028929413672707967,0.35233218828350965,0.035600400684720965,0.028699600355380092,-0.043472928638239206,0.036255459645407266,0.02050454109011405,0.4596558784111363,708421.6,1375684.75,4.8270464932181625,2.4857322871391867,0.0666667411724744,0.0,0.03225813041616665,0.4545455315142628,0.0666667411724743,0.0,0.032258130416166604,0.4545455315142628,42.85718087031305,42.85718087031305,42.85718087031305,47.089980097268835,-57.14281912968695,-57.14281912968695,0.0013571432126419885,0.0017619047846112932,33.99560580391772,3.9326300715592466,42.39019400204717,63.21644443495946,0.03520089519797912,0.06250000727595717,BUY,0,0
0.032999999821186066,0.032999999821186066,0.032999999821186066,0.032999999821186066,60000,0.0,0.0,EMP,2025-02-03 00:00:00+11:00,Energy,0.031249945430320558,0.030771605750699496,0.0,0.0,0.03220000118017197,1.0248446773817734,0.03140000067651272,1.0509553856752032,0.03220000043511391,1.0248447010950894,0.028600000366568564,1.1538461328049772,0.023400000166147947,1.4102563926014897,0.017055000043474138,1.9349164313730425,0.029595092350344136,0.46980752632200384,0.04208054375473092,0.6680079228563413,0.0473870412913865,0.7522459597449465,0.06794919071750626,1.0786599625597206,100.0,40.00000993410213,54.545453006079164,0.0008938584114053447,0.0010748269456916837,-0.00018096853428633901,0.03392982439735952,0.028870176955665915,0.632454795758569,0.03567017380980475,0.02872982706042307,0.23053585504021928,0.03636175910623706,0.020838241626900067,0.5668817599457392,699104.4,1363405.6,0.08582409150907933,0.04400744723360385,0.1000000186264518,0.06451614066167655,0.031249945430320558,0.5,0.10000001862645191,0.06451614066167646,0.031249945430320485,0.5,57.14287234812522,47.61907802958379,57.14287234812522,47.61907802958377,-42.85712765187478,-42.85712765187478,0.0013571432126419885,0.0016190475296406518,105.72905413950036,41.96184005378192,38.020721171084,65.19999805978762,0.03507687727733024,0.030303091878076893,HOLD,0,1
0.03099999949336052,0.03099999949336052,0.028999999165534973,0.028999999165534973,1569919,0.0,0.0,EMP,2025-02-04 00:00:00+11:00,Energy,-0.12121214173713679,-0.12921175483605868,-0.0020000003278255463,-0.06451614066167646,0.03160000070929527,0.917721471980996,0.03110000044107437,0.9324758441879027,0.03205000031739473,0.9048361584506941,0.02874000035226345,1.0090465835102556,0.0236100001540035,1.2282930527900697,0.017140000038780273,1.6919486055963096,0.0592669871029234,0.9408342529824466,0.05716435604258606,0.9074560196750108,0.054897272288822026,0.8714671807921242,0.07044238935831766,1.118238263995748,42.857142857142854,40.0,43.999997615815126,0.0006085368051739412,0.0009815689175881352,-0.000373032112414194,0.033998277550725334,0.02820172333142341,-0.7245688373091075,0.03580429605462765,0.028295704580161812,-0.8124030085354287,0.03626476220925446,0.021215238495272442,0.03455243078954952,1011992.4,1407457.25,1.5513150098755681,1.115429260817691,-0.093750069121594,-0.093750069121594,-0.093750069121594,0.3181817873942949,-0.09375006912159405,-0.09375006912159405,-0.09375006912159405,0.31818178739429487,0.0,33.333351072812775,0.0,33.33335107281275,-100.0,-100.0,0.0013571434787341527,0.0017142856404894875,-121.81372614813655,-138.43291791070288,41.16963936747595,62.6146689498841,0.03495533971509433,0.17241389055456469,BUY,0,0
0.029999999329447746,0.03099999949336052,0.029999999329447746,0.029999999329447746,485385,0.0,0.0,EMP,2025-02-05 00:00:00+11:00,Energy,0.03448276526508387,0.033901558098595734,0.0,0.0,0.031200000271201133,0.9615384316883793,0.030900000222027303,0.9708737577309794,0.03190000029280782,0.9404388418206866,0.02890000034123659,1.0380622482776098,0.023830000143498183,1.258917295375384,0.0172400000365451,1.7401391685530272,0.06372285704612905,1.0115689954474647,0.05873615756901549,0.9324075953707147,0.055009405213784966,0.8732472357915294,0.07053198411113021,1.1196605366040577,50.0,46.66666832235015,46.15384339845497,0.0004578314366703133,0.0008768214214045708,-0.0004189899847342575,0.033798277303114965,0.02800172314093964,-0.3105296241178587,0.035733371850951635,0.028066628734663996,-0.4956474827814713,0.03617590406403877,0.02162409661843441,0.1511838295446153,1106992.2,1384463.85,0.4384719241924198,0.35059420294722754,-0.06250006548361542,-0.06250006548361542,-0.09090910630285254,0.36363634054572125,-0.06250006548361542,-0.06250006548361542,-0.09090910630285255,0.3636363405457212,25.0,27.38095744937509,14.285718087031306,23.809530145052168,-75.0,-85.7142819129687,0.0012142863124608994,0.0017619047846112932,-61.01297662824902,-91.51949320454905,48.14698400803531,62.30797491442477,0.03483623290410315,0.13333342025677553,BUY,0,0
0.028999999165534973,0.028999999165534973,0.028999999165534973,0.028999999165534973,326081,0.0,0.0,EMP,2025-02-06 00:00:00+11:00,Energy,-0.033333339542150675,-0.03390155809859586,0.0,0.0,0.03059999980032444,0.9477123972147051,0.030900000222027303,0.938511293111969,0.031650000158697365,0.9162716909992124,0.028960000313818453,1.001381175803974,0.02403500013053417,1.2065737053478625,0.017330000032670795,1.67339867921891,0.06401479004008306,1.0162032880564456,0.05119397858797377,0.8126792158064651,0.05480539376667183,0.8700086544694988,0.06617795711494501,1.050542500802652,28.571409564843464,39.999997516474465,42.3076945120051,0.0002547678848904382,0.0007524107141017443,-0.0004976428292113061,0.033798277303114965,0.02800172314093964,-0.6555622541718127,0.03555815632119107,0.027741843996203663,-0.6780693715860853,0.03618761173854788,0.02173238888908903,0.005534172960608085,1172193.8,1355275.6,0.2781801098077809,0.24060124745107192,-0.093750069121594,0.0,-0.14705889442593612,0.1153845602767718,-0.09375006912159405,0.0,-0.1470588944259361,0.11538456027677187,0.0,8.333333333333348,0.0,4.761906029010426,-100.0,-100.0,0.0012142861794148172,0.0017142857291868754,-120.93493435136642,-139.24732449109842,49.18738024373422,63.77036237197959,0.034719508229331786,0.13793106106033592,BUY,0,0
0.028999999165534973,0.028999999165534973,0.028999999165534973,0.028999999165534973,5000,0.0,0.0,EMP,2025-02-07 00:00:00+11:00,Energy,0.0,0.0,0.0,0.0,0.029999999329447746,0.9666666604578493,0.030800000205636023,0.9415584081791118,0.03145000012591481,0.9220985389325631,0.029000000283122062,0.9999999614625146,0.024240000117570163,1.1963695967358747,0.017420000028796494,1.6647531066358163,0.06401479004008306,1.0162032880564456,0.04984924465709877,0.7913322264425917,0.05455085956981148,0.8659680493591746,0.0659961619949348,1.0476565927399792,28.571409564843464,42.857144757800356,39.999998509884456,9.276917184477401e-05,0.0006204824056503503,-0.0005277132338055763,0.03389838867295619,0.027701611738315854,-0.5809475019308639,0.03547492268724532,0.027425077564584302,-0.6087076019594143,0.03620544038301154,0.021794560183232586,-1.5510323774141535e-07,489277.0,1250443.3,0.010219160107669071,0.00399858194289977,-0.093750069121594,-0.033333339542150675,-0.12121214173713679,0.07407401530749347,-0.09375006912159405,-0.03333333954215063,-0.12121214173713674,0.07407401530749338,0.0,8.333333333333348,0.0,4.761906029010426,-100.0,-100.0,0.0011428574632321084,0.0015714286516110103,-99.9999808959611,-123.87435515680008,50.0561971891426,62.46660279073156,0.03460511804805585,0.10344836002439672,BUY,0,0
0.02800000086426735,0.028999999165534973,0.02800000086426735,0.028999999165534973,2060545,0.0,0.0,EMP,2025-02-10 00:00:00+11:00,Energy,0.0,0.0,0.000999998301267624,0.035714223942892365,0.029199999198317526,0.9931506836207695,0.030700000189244746,0.9446253741618756,0.031100000161677598,0.932475852565097,0.029060000255703926,0.9979352687666554,0.02444500010460615,1.186336634953441,0.01751000002492219,1.6561964091524233,0.059391802411025714,0.9428156345727624,0.04984924465709877,0.7913322264425917,0.04971339147600801,0.7891756240506927,0.06573878142436262,1.043570802847776,28.571409564843464,38.46153295075569,41.666667960169825,-3.521009532029065e-05,0.0004893439054562221,-0.0005245540007765127,0.0339727854299928,0.027427214948496696,-0.5194355567679132,0.034648165830751726,0.027551834492603466,-0.5918553957179246,0.03621324982603891,0.021906750685368945,-0.008387948662909974,889386.0,811165.65,2.316817444843971,2.540227141028469,-0.12121214173713679,-0.033333339542150675,-0.19444443294663438,0.1153845602767718,-0.12121214173713674,-0.03333333954215063,-0.19444443294663438,0.11538456027677187,19.999970197671395,6.666656732557146,12.499982537696457,4.16666084589881,-80.00002980232861,-87.50001746230355,0.0011428571971399443,0.0014761905407621747,-101.77300023698162,-123.78046235418377,40.16060748049136,63.37088883403767,0.03449301567040543,0.03448276526508387,HOLD,0,1
0.02800000086426735,0.029999999329447746,0.02800000086426735,0.029999999329447746,771339,0.0,0.0,EMP,2025-02-11 00:00:00+11:00,Energy,0.03448276526508387,0.033901558098595734,0.001999998465180397,0.07142851440882372,0.029399999231100083,1.0204081671442007,0.03049999997019768,0.9836065363528362,0.030800000205636023,0.9740259457517183,0.029180000238120556,1.0281014079724355,0.02466000009328127,1.216544980371731,0.017605000021867455,1.7040613060030823,0.028439862511818743,0.45146882116284687,0.04578088049708308,0.7267489475810934,0.05065026504872738,0.8040480309506369,0.06481176379860297,1.0288548542553744,37.49998544808376,42.8571371551696,36.36364406051393,-5.530540443582713e-05,0.0003804140434778122,-0.00043571944791363933,0.03366227932674524,0.02733772061365012,-0.1581140008123165,0.03352223022423594,0.028077770187036104,-0.29387703122887754,0.03618658603705234,0.02217341443918877,0.11703261971789554,729670.0,812933.8,1.0571066372469746,0.9488337180715084,0.03448276526508387,-0.06250006548361542,-0.16666664941995157,0.2499999611948931,0.03448276526508396,-0.06250006548361542,-0.16666664941995157,0.24999996119489307,39.99997764825355,19.99998261530833,24.999988358464304,12.499990298720244,-60.00002235174645,-75.00001164153569,0.0012857142303671157,0.001428571485337757,-59.96272623758987,-84.64771497148016,44.042875809612575,37.14974888922318,0.034233295078159906,0.0,HOLD,0,1
0.03099999949336052,0.03200000151991844,0.03099999949336052,0.03200000151991844,118613,0.0,0.0,EMP,2025-02-12 00:00:00+11:00,Energy,0.0666667411724744,0.06453859098676348,0.0010000020265579224,0.032258130416166604,0.02979999966919422,1.073825566280072,0.03049999997019768,1.0491803787274248,0.030800000205636023,1.0389610813724226,0.029340000264346598,1.0906612553376227,0.024895000103861094,1.2853987301231382,0.01771000002976507,1.8068888461962886,0.03816025584767347,0.6057752816372538,0.05119397858797377,0.8126792158064651,0.04703630735022184,0.7466782310369188,0.0653585709402232,1.0375351485264215,44.444455942249746,61.53846704924431,41.666677014690364,8.912500281246447e-05,0.0003221562353447427,-0.00023303123253227823,0.03366227932674524,0.02733772061365012,0.4743418846329881,0.03352223022423594,0.028077770187036104,0.44081554684331753,0.0362281444848912,0.022451856043801996,0.38617095844743127,656315.6,712290.95,0.18072555337706434,0.1665232444691316,0.0666667411724744,0.0,0.0,0.3333333850734759,0.0666667411724743,0.0,0.0,0.33333338507347593,80.00002980232861,46.66665921608453,50.00002328307139,29.166664726410705,-19.999970197671395,-49.99997671692861,0.0012142856472304889,0.0014761907181569508,57.39751298237198,36.5361941019422,57.75435485955629,34.18091744369238,0.0339839633096042,-0.06250006548361542,SELL,0,2
0.029999999329447746,0.032999999821186066,0.029999999329447746,0.032999999821186066,257339,0.0,0.0,EMP,2025-02-13 00:00:00+11:00,Energy,0.031249945430320558,0.030771605750699496,0.0030000004917383194,0.10000001862645191,0.03059999980032444,1.0784313737425637,0.03059999980032444,1.0784313737425637,0.030900000222027303,1.0679611515880107,0.029440000243484973,1.120923897698979,0.025140000097453593,1.3126491524766781,0.017820000029169024,1.851851838786159,0.027857456799300236,0.4422234170980428,0.05205681693966521,0.8263763500078117,0.04685060140997154,0.7437302406275806,0.061324051680214105,0.9734891407963151,83.33333333333333,61.53846153846153,52.38094689016503,0.00028103900400198653,0.0003139327890761915,-3.289378507420496e-05,0.034025396392800444,0.027174603207848442,0.7006488025746582,0.033794643035372995,0.02800535740868161,0.7254779724381734,0.036393607446618355,0.02248639304035159,0.5119644342431239,642567.2,683454.15,0.40048573907911894,0.3765270867109374,0.13793106106033592,0.031249945430320558,0.06451614066167655,0.1785713858066178,0.13793106106033584,0.031249945430320485,0.06451614066167646,0.1785713858066178,100.0,73.33333581686074,71.42856382593739,48.80952515582436,-0.0,-28.57143617406261,0.0013571428135037422,0.001428571840127309,64.24237087741085,59.85124116103257,58.99376136911635,41.366893183477,0.03374460481179073,-0.060606070868568396,SELL,0,2
0.032999999821186066,0.032999999821186066,0.032999999821186066,0.032999999821186066,39560,0.0,0.0,EMP,2025-02-14 00:00:00+11:00,Energy,0.0,0.0,0.0,0.0,0.03139999993145466,1.0509554106122343,0.030699999630451204,1.0749185738899325,0.030950000137090684,1.0662358537969325,0.029580000229179858,1.115618646568923,0.025330000091344118,1.3028029886372947,0.017932500028982758,1.8402341986812214,0.027857456799300236,0.4422234170980428,0.05205681693966521,0.8263763500078117,0.046387251024765895,0.7363747812927399,0.060327988635802944,0.9576771301623922,80.0,61.53846153846153,54.99999813735585,0.0004281962527515927,0.00033678548181127174,9.141077094032096e-05,0.03435756498403728,0.027042434276865125,0.6288336552837847,0.03395701094382161,0.027942989330359762,0.6817400454652975,0.036532785606240785,0.022627214852118927,0.49188913601298373,649479.2,661040.65,0.060910341701474045,0.059845033735822444,0.13793106106033592,0.031249945430320558,0.031249945430320558,0.2692307361660631,0.13793106106033584,0.031249945430320485,0.031249945430320485,0.26923073616606313,100.0,93.33334326744288,100.0,73.80952903633626,-0.0,-0.0,0.0013571428135037422,0.001238095618429638,98.36595809727046,110.30295286218892,58.715464889319954,44.44168162880409,0.0335148206538898,-0.09090910630285254,SELL,0,2
0.03200000151991844,0.03200000151991844,0.029999999329447746,0.029999999329447746,163185,0.0,0.0,EMP,2025-02-17 00:00:00+11:00,Energy,-0.09090910630285254,-0.0953101967374628,-0.0020000021904706955,-0.06250006548361542,0.031599999964237215,0.9493670684620177,0.03039999958127737,0.9868420967980548,0.030900000128895044,0.9708737606571822,0.029680000208318232,1.010781641471816,0.02549000008031726,1.1769321002322395,0.0180300000263378,1.6638934711938131,0.060270744192445325,0.9567684027960047,0.05892531465727391,0.9354103710562559,0.05042132778247095,0.8004137645165399,0.06156999744659948,0.9773934087995044,57.142857142857146,42.85713525450983,45.45454237579443,0.0002992943855905199,0.0003292872625671214,-2.9992876976601534e-05,0.033693090932672566,0.027106908229882175,-0.12146649125301505,0.033936620239046505,0.027863380018743583,-0.29638241426333956,0.03650659885272325,0.02285340156391322,0.04687533833438135,270007.2,661520.15,0.604372772281628,0.2466818282103727,0.03448276526508387,-0.09090910630285254,-0.03225807033083827,0.19999995529651704,0.03448276526508396,-0.09090910630285255,-0.03225807033083823,0.1999999552965171,39.99997764825355,79.99999254941787,39.99997764825355,70.47618049139697,-60.00002235174645,-60.00002235174645,0.0014285712635942868,0.0013333336405810855,-11.494248148662583,-12.068962776430462,57.65450070792005,45.67191149571142,0.0332942278623049,0.0,HOLD,0,1
0.029999999329447746,0.029999999329447746,0.029999999329447746,0.029999999329447746,0,0.0,0.0,EMP,2025-02-18 00:00:00+11:00,Energy,0.0,0.0,0.0,0.0,0.031599999964237215,0.9493670684620177,0.030499999597668647,0.9836065483666722,0.03080000001937151,0.9740259516421881,0.029780000187456607,1.0073874795368136,0.0256500000692904,1.169590613972957,0.018127500023692848,1.6549441064811699,0.05847148416195469,0.9282060352883045,0.043452269845935865,0.6897833994817032,0.04983475530409357,0.7911022150943318,0.06156999744659948,0.9773934087995044,57.142857142857146,42.85713525450983,47.619048041415994,0.00019489213199605157,0.0003024082364529075,-0.00010751610445685592,0.033662278168855954,0.027337721026481337,-0.1581139222763574,0.03381574958960391,0.027784250449139108,-0.26527424485784223,0.036471938694728694,0.023088061680184516,0.03287524859232759,115739.4,653061.4,0.0,0.0,0.0,0.03448276526508387,-0.06250006548361542,0.19999995529651704,0.0,0.03448276526508396,-0.06250006548361542,0.1999999552965171,39.99997764825355,59.999985098835715,39.99997764825355,59.99998509883569,-60.00002235174645,-60.00002235174645,0.0014285712635942868,0.0012857144964592798,-37.71045292048252,-44.17477373485133,57.604822617318604,46.26204961727551,0.033082458782383396,-0.033333339542150675,HOLD,0,1
0.03200000151991844,0.03200000151991844,0.03200000151991844,0.03200000151991844,1410830,0.0,0.0,EMP,2025-02-19 00:00:00+11:00,Energy,0.0666667411724744,0.06453859098676348,0.0,0.0,0.031599999964237215,1.0126582770928456,0.030699999816715718,1.0423453326046892,0.03080000001937151,1.0389610876555908,0.029940000213682653,1.0688043183544924,0.025800000075250865,1.2403101328133346,0.018235000032000244,1.7548670942562252,0.05847148416195469,0.9282060352883045,0.046987287602571176,0.7459000666672301,0.05215106553717446,0.8278725001103684,0.061808305887481096,0.9811764380189062,66.66667356534985,50.0,50.0,0.000270418835889831,0.0002960103563402922,-2.5591520450461203e-05,0.03397278439980035,0.027427215233631088,0.3972157868017882,0.03381574958960391,0.027784250449139108,0.3979115216965637,0.036447891861418655,0.023432108565946654,0.3165389680315949,374182.8,703791.1,3.7704298540713257,2.0046147216127057,0.0,0.0666667411724744,0.0,0.3333333850734759,0.0,0.0666667411724743,0.0,0.33333338507347593,80.00002980232861,53.333328366278586,80.00002980232861,53.33332836627856,-19.999970197671395,-19.999970197671395,0.0015714285629136221,0.0013333335518836975,61.27952056759505,62.86412025490963,63.43231219500543,51.442074729263474,0.03287916046565875,-0.031250061845636834,HOLD,0,1
0.03200000151991844,0.032999999821186066,0.03200000151991844,0.032999999821186066,1263762,0.0,0.0,EMP,2025-02-20 00:00:00+11:00,Energy,0.031249945430320558,0.030771605750699496,0.000999998301267624,0.031249945430320485,0.031599999964237215,1.0443037929915595,0.031099999882280828,1.0610932458552118,0.031000000052154066,1.0645161214731362,0.030140000209212304,1.0948904974161082,0.0259400000795722,1.272166527369197,0.0183450000314042,1.7988552610899131,0.05847148416195469,0.9282060352883045,0.04515666750724357,0.7168398735635849,0.047432431491376846,0.75296650683175,0.061480381474924246,0.975970799352192,66.66666666666666,52.94117131447738,52.1739088181973,0.000406282427521526,0.000318064770576539,8.821765694498699e-05,0.034426660862129005,0.027773338902432654,0.5711432425530637,0.03404354496509277,0.027956455139215363,0.6571283901642491,0.03638676265655419,0.02389323776187042,0.45783710139173706,575467.4,632066.4,2.1960618446848597,1.9994133527743287,0.0,0.13793106106033592,0.13793106106033592,0.43478259813244713,0.0,0.13793106106033584,0.13793106106033584,0.4347825981324472,100.0,73.33333581686074,100.0,73.33333581686071,-0.0,-0.0,0.0015714285629136221,0.0013809525186107272,91.25412354855746,94.32621389604287,53.656295555587434,55.86262603534371,0.02800000086426735,-0.060606070868568396,SELL,0,2
0.032999999821186066,0.032999999821186066,0.032999999821186066,0.032999999821186066,110824,0.0,0.0,EMP,2025-02-21 00:00:00+11:00,Energy,0.0,0.0,0.0,0.0,0.031599999964237215,1.0443037929915595,0.031499999947845934,1.0476190436769415,0.03115000007674098,1.0593900398037701,0.030300000198185444,1.0891088978660242,0.02610000006854534,1.264367805920289,0.018445000029169024,1.789102725345605,0.05847148416195469,0.9282060352883045,0.04515666750724357,0.7168398735635849,0.04702833183275814,0.7465516236222028,0.060454545665503845,0.9596861607259258,57.14284573890609,50.0,60.0,0.0005080982622469622,0.00035607146891062367,0.00015202679333633856,0.03466227838814011,0.02833772150755176,0.47434149195305914,0.03428049639721225,0.028019503756269708,0.5909605235270118,0.03641788967545098,0.024182110720919907,0.441328604093616,589720.2,609224.5,0.18792640984656794,0.1819099527349934,0.0,0.13793106106033592,0.1000000186264518,0.3199999731779102,0.0,0.13793106106033584,0.10000001862645191,0.31999997317791024,100.0,93.33334326744288,100.0,93.33334326744286,-0.0,-0.0,0.0015000001128230775,0.001238095263640086,107.42570835151824,100.45918652423723,53.95428822435182,68.14933087010193,0.028100000843405724,-0.09090910630285254,SELL,0,2
0.03200000151991844,0.032999999821186066,0.03200000151991844,0.032999999821186066,263970,0.0,0.0,EMP,2025-02-24 00:00:00+11:00,Energy,0.0,0.0,0.000999998301267624,0.031249945430320485,0.032200000062584874,1.0248447129517482,0.03190000001341105,1.0344827525803313,0.0313000001013279,1.0543130899154867,0.03044000018388033,1.0840998561708748,0.02626000005751848,1.2566641183893623,0.01854500002693385,1.779455366581746,0.029595092350344125,0.4698075263220037,0.04515666750724357,0.7168398735635849,0.04702833183275814,0.7465516236222028,0.06027828796727025,0.9568881565088052,50.0,66.66666666666666,57.89473684210526,0.0005820782095418593,0.0004012728170368709,0.00018080539250498845,0.03464064116186359,0.029159358864958507,0.4013658659383827,0.03448549457496436,0.02811450562769144,0.5336690218512609,0.03647608219370936,0.024403918174051294,0.42411611259374615,609877.2,617093.7,0.43282483752466894,0.42776323919689996,0.1000000186264518,0.13793106106033592,0.1000000186264518,0.2692307361660631,0.10000001862645191,0.13793106106033584,0.10000001862645191,0.26923073616606313,100.0,100.0,100.0,100.0,-0.0,-0.0,0.0012857142303671157,0.0012380951749426977,77.77777639804088,76.70125096700124,63.14123311855807,66.62575884101854,0.028198000822961332,-0.15151512072762818,SELL,0,2
0.03200000151991844,0.03200000151991844,0.03200000151991844,0.03200000151991844,623286,0.0,0.0,EMP,2025-02-25 00:00:00+11:00,Energy,-0.030302978990491503,-0.03077160575069945,0.0,0.0,0.032600000500679016,0.9815951235722197,0.03210000023245811,0.9968847753328501,0.0313000001013279,1.0223642625023777,0.03056000020354986,1.047120461609202,0.026410000063478947,1.211662303786573,0.018635000032372773,1.7171988980052564,0.03682716834158354,0.5846131735352462,0.04650917402862554,0.7383102489766034,0.045400181075755476,0.7207055316224992,0.06049759124257129,0.9603694880776962,42.85715426109391,58.33334238785828,55.0000051222738,0.0005536343925402476,0.0004317451321375462,0.00012188926040270138,0.03449443852069418,0.029705561944222043,-0.041762910754879805,0.03448549457496436,0.02811450562769144,0.21974654936112423,0.03647311265393194,0.024646887753167784,0.24352679379123499,734534.4,647984.05,0.8485456909846564,0.9618847871332634,0.0666667411724744,0.0666667411724744,0.0,0.23076926383393692,0.0666667411724743,0.0666667411724743,0.0,0.23076926383393687,80.00002980232861,93.33334326744288,80.00002980232861,93.33334326744286,-19.999970197671395,-19.999970197671395,0.001214285514184407,0.0012857141416697275,40.91632495451962,39.073685686018486,55.24122415122572,63.05870725212397,0.028294040802925826,-0.06250006548361542,SELL,0,2
0.03200000151991844,0.03200000151991844,0.03200000151991844,0.03200000151991844,265000,0.0,0.0,EMP,2025-02-26 00:00:00+11:00,Energy,0.0,0.0,0.0,0.0,0.032600000500679016,0.9815951235722197,0.03210000023245811,0.9968847753328501,0.0313000001013279,1.0223642625023777,0.030620000250637533,1.0450686237095042,0.026550000086426735,1.2052731230037899,0.018725000037811697,1.7089453380667727,0.02176379031791338,0.34548946060412505,0.04159858600755533,0.660357080807536,0.045400181075755476,0.7207055316224992,0.05840279880327812,0.9271156890216876,75.00003492460708,63.63637441199679,50.0,0.0005250401268832583,0.0004504041310866886,7.46359957965697e-05,0.03449443852069418,0.029705561944222043,-0.041762910754879805,0.03448549457496436,0.02811450562769144,0.21974654936112423,0.03652938407979029,0.024710616421484775,0.23352710014755684,505368.4,660714.75,0.5243699447769191,0.4010807992405194,0.0,0.0,0.0,0.10344836002439672,0.0,0.0,0.0,0.1034483600243968,80.00002980232861,86.66668653488576,80.00002980232861,86.66668653488573,-19.999970197671395,-19.999970197671395,0.0011428569310477801,0.0011904759421235039,34.56795455031806,36.7133356977626,57.630335362735856,63.042942470221774,0.02838815998329103,-0.12500001455191456,SELL,0,2
0.03200000151991844,0.03200000151991844,0.03200000151991844,0.03200000151991844,281010,0.0,0.0,EMP,2025-02-27 00:00:00+11:00,Energy,0.0,0.0,0.0,0.0,0.03240000084042549,0.9876543422798937,0.03200000040233135,1.000000034924596,0.0313000001013279,1.0223642625023777,0.030740000270307065,1.0409889797830763,0.026690000109374522,1.1989509699806578,0.01881500004325062,1.7007707385787432,0.013551904188695939,0.215129809647984,0.04020707794575221,0.6382675751343007,0.045400181075755476,0.7207055316224992,0.05632671897870473,0.8941589435152488,75.00003492460708,63.63637441199679,50.0,0.0004966538489254088,0.0004596540746544327,3.6999774270976126e-05,0.034309401857632385,0.029690598947030317,4.839293271201532e-07,0.03448549457496436,0.02811450562769144,0.21974654936112423,0.03650845790097618,0.024971542639637953,0.21842948848446742,308818.0,674761.6,0.9099534353567473,0.4164581979768855,-0.030302978990491503,-0.030302978990491503,0.0,0.23076926383393692,-0.03030297899049148,-0.03030297899049148,0.0,0.23076926383393687,80.00002980232861,80.00002980232861,80.00002980232861,80.00002980232861,-19.999970197671395,-19.999970197671395,0.0011428569310477801,0.0011904759421235039,28.05912937364593,36.7133356977626,57.630335362735856,63.01238463271069,0.028480396780048933,-0.12500001455191456,SELL,0,2
0.03200000151991844,0.032999999821186066,0.03200000151991844,0.032999999821186066,836149,0.0,0.0,EMP,2025-02-28 00:00:00+11:00,Energy,0.031249945430320558,0.030771605750699496,0.000999998301267624,0.031249945430320485,0.03240000084042549,1.0185184865801595,0.03200000040233135,1.0312499814463083,0.03135000001639128,1.0526315726932085,0.030900000259280205,1.0679611503004816,0.02683000011369586,1.2299664435834503,0.01892000004183501,1.7441860332039125,0.02176379031791338,0.34548946060412505,0.04159858600755533,0.660357080807536,0.04589844245727322,0.7286151858429197,0.0560729622375848,0.8901306801321917,66.66666666666666,66.66667184068173,52.6315748196224,0.0005485259589008626,0.00047742845150371865,7.109750739714394e-05,0.034309401857632385,0.029690598947030317,0.4330123792722582,0.034612224916793236,0.02808777511598932,0.5057897156604622,0.036458593653670955,0.02534140686488946,0.3777933395928903,453883.0,545589.85,1.8422126407025599,1.5325596691360737,0.0,0.0,0.031249945430320558,0.3199999731779102,0.0,0.0,0.031249945430320485,0.31999997317791024,100.0,86.66668653488576,100.0,86.66668653488573,-0.0,-0.0,0.0011428569310477801,0.0012380949088505336,68.62742197727624,68.07778531717751,82.03676643978957,65.36591158501363,0.028570788840871678,-0.15151512072762818,SELL,0,2
0.032999999821186066,0.03400000184774399,0.03200000151991844,0.03400000184774399,798644,0.0,0.0,EMP,2025-03-03 00:00:00+11:00,Energy,0.030303091878076893,0.029853022913695175,0.0010000020265579224,0.030303091878076893,0.03260000124573707,1.0429448021015026,0.032400000654160974,1.0493827518913192,0.03140000011771917,1.082802602556604,0.031080000288784503,1.0939511432377043,0.02697000013664365,1.260660054708298,0.019025000049732625,1.7871223000717849,0.02558218996437124,0.40610467582883175,0.027009701284049375,0.42876571550241954,0.04586778885870242,0.7281285750512746,0.05615818632108278,0.891483570516086,66.66670805880001,66.66667701469518,55.000000931322596,0.0006626877342605988,0.0005144803080550948,0.00014820742620550408,0.034549936406111544,0.0302500649022104,0.7442088407206501,0.03479659404094056,0.028003406194497787,0.7654732325372983,0.036438038515482336,0.02572196206208667,0.5449758727755636,560817.8,582522.05,1.4240703486943531,1.3710107625968835,0.030303091878076893,0.13333342025677553,0.030303091878076893,0.3600000536441794,0.030303091878076893,0.13333342025677558,0.030303091878076893,0.3600000536441795,100.0,93.33334326744288,100.0,93.33334326744286,-0.0,-0.0,0.0011428570640938623,0.0012857140529723395,122.6805559348061,96.65927658016194,82.41275297462258,56.9465883085632,0.028659373060477965,-0.2647059113560648,SELL,0,2
0.03400000184774399,0.03400000184774399,0.032999999821186066,0.03400000184774399,370589,0.0,0.0,EMP,2025-03-04 00:00:00+11:00,Energy,0.0,0.0,0.0,0.0,0.033000001311302186,1.0303030453547077,0.0328000009059906,1.0365853935551026,0.031650000251829624,1.0742496548883445,0.03122000031173229,1.0890455319748025,0.027110000159591436,1.2541498210104174,0.019130000057630242,1.7773132119872974,0.01686031721521911,0.2676492382627851,0.027009701284049375,0.42876571550241954,0.03549125861411088,0.5634062640576978,0.055188135295419265,0.8760844878783932,66.66670805880001,60.00000372529107,52.63158410704994,0.0007445787236819226,0.0005604999911804604,0.00018407873250146222,0.03437762202028667,0.03122237979169452,0.7606395039209543,0.03503883771469123,0.028261162788968015,0.6934536169610128,0.036508262548709425,0.025931738074755153,0.5256928290305048,510278.4,522555.55,0.7262486517163963,0.7091858463659988,0.06250000727595717,0.13333342025677553,0.17241389055456469,0.2592592950302215,0.06250000727595727,0.13333342025677558,0.1724138905545647,0.25925929503022144,100.0,100.0,100.0,100.0,-0.0,-0.0,0.0010714284809572355,0.0012857142303671157,126.88178658858494,109.51859323661117,83.18108562856978,58.21665275370095,0.028872998211968606,-0.17647060757070987,SELL,0,2
0.03400000184774399,0.03400000184774399,0.03400000184774399,0.03400000184774399,0,0.0,0.0,EMP,2025-03-05 00:00:00+11:00,Energy,0.0,0.0,0.0,0.0,0.03340000137686729,1.0179640852138483,0.03300000093877316,1.0303030569855496,0.031850000377744436,1.0675039700000095,0.03140000034123659,1.0828025948487936,0.027250000182539223,1.247706481467472,0.019235000065527856,1.7676112155922128,0.01686031721521911,0.2676492382627851,0.01943376513246017,0.30850145746876695,0.0350014146660423,0.5556302324507808,0.053972251375538606,0.8567829290276335,66.66670805880001,55.55556705336562,66.66667494508923,0.000800253103158094,0.0006084506135759872,0.00019180248958210677,0.03463299436830023,0.031367007509246085,0.6123728919475421,0.035300402196012715,0.028399598559476158,0.6231162581170374,0.03643051983387865,0.026369480848594536,0.516845528639799,457278.4,498286.3,0.0,0.0,0.06250000727595717,0.06250000727595717,0.13333342025677553,0.3600000536441794,0.06250000727595727,0.06250000727595727,0.13333342025677558,0.3600000536441795,100.0,100.0,100.0,100.0,-0.0,-0.0,0.0008571427315473557,0.0010952380086694444,129.20120437111464,117.96876831494177,82.457376182469,66.98452651325266,0.02907807835739962,-0.17647060757070987,SELL,0,2
0.035999998450279236,0.039000000804662704,0.035999998450279236,0.039000000804662704,525508,0.0,0.0,EMP,2025-03-06 00:00:00+11:00,Energy,0.14705878485858026,0.13720108780045187,0.0030000023543834686,0.08333340232019368,0.034800001233816144,1.1206896385614291,0.03360000103712082,1.1607142738351717,0.03235000045970082,1.2055641499370595,0.03170000035315752,1.230283923349485,0.0274400001950562,1.421282818055127,0.019365000068210066,2.01394271455159,0.060863256980886946,0.9661742517170564,0.048602684940758804,0.771543704419631,0.045703724355485156,0.7255241318043572,0.057003269857349465,0.904898855760306,100.0,71.42857713054696,73.6842151700296,0.0012336132534060684,0.0007334831415420035,0.0005001301118640649,0.037731183228830775,0.029468818845410857,1.307131837075126,0.03681153295347765,0.027888467965923997,1.4905193124195875,0.036718334516190665,0.026681666190124385,1.454666073311662,506178.0,508257.65,1.0381881472525476,1.0339401679443487,0.2187499672581923,0.18181821260570508,0.3448276526508396,0.6250000194025536,0.2187499672581923,0.1818182126057051,0.3448276526508396,0.6250000194025535,100.0,100.0,100.0,100.0,-0.0,-0.0,0.001214285514184407,0.0012380950862453098,298.4495463819553,273.38118668172757,84.01618146942397,67.53525555149675,0.029274955297013395,-0.2820512747035696,SELL,0,2
0.039000000804662704,0.039000000804662704,0.03500000014901161,0.03500000014901161,217450,0.0,0.0,EMP,2025-03-07 00:00:00+11:00,Energy,-0.10256411725952752,-0.10821360101513498,-0.0040000006556510925,-0.1025641172595275,0.03520000129938126,0.9943181493469672,0.03380000106990337,1.0355029302107555,0.032650000508874656,1.071975485559279,0.031920000351965426,1.0964912206480142,0.02760000020265579,1.2681159381166875,0.019470000066794457,1.7976373923440883,0.08936585025349397,1.4186388928355014,0.06181070116389613,0.9812144618531988,0.05278547998637538,0.8379435172747582,0.05922204390441349,0.9401208018241605,63.636357478858976,66.66667080587845,63.636365945427876,0.001239993794563722,0.0008347852721463474,0.00040520852241737466,0.037995236203057815,0.029604765936748927,0.2860385749596706,0.036967651722433,0.02833234929531631,0.5442773220674832,0.036506404831918894,0.027333595872011958,0.671549971335593,382438.2,518880.15,0.568588598105524,0.41907558036282555,0.060606070868568285,0.060606070868568285,0.20689659159050366,0.4583333268658154,0.06060607086856837,0.06060607086856837,0.20689659159050375,0.4583333268658155,55.55555555555556,85.1851851851852,63.636357478858976,87.87878582628632,-44.44444444444444,-36.363642521141024,0.0012857140973210335,0.001380952252518563,155.55551634197784,173.96855033252436,82.87340335215336,67.87098998158491,0.029858458027472355,-0.19999997871262698,SELL,0,2
0.03500000014901161,0.03500000014901161,0.032999999821186066,0.03400000184774399,611865,0.0,0.0,EMP,2025-03-10 00:00:00+11:00,Energy,-0.028571379914575923,-0.028987486785316995,-0.000999998301267624,-0.028571379914575902,0.03520000129938126,0.965909107746017,0.03390000127255917,1.0029498693637444,0.03290000064298511,1.033434686421303,0.03208000037819147,1.0598504191682545,0.027750000227242708,1.2252252817773146,0.01957500007469207,1.7369094108817689,0.09070735621408368,1.4399346397596886,0.06285130834728787,0.9977335887717704,0.05347407481796718,0.8488746213456161,0.05847666908865999,0.9282883434480744,58.33333592034087,62.50001018634254,60.86957190742167,0.0011510898663717184,0.0008980461909914217,0.0002530436753802967,0.03805799186676561,0.029742010678352727,0.02405021678600132,0.036894734662895404,0.028905266623074813,0.2753628149649825,0.03637218651206079,0.027787814244322143,0.4473248385949364,345082.4,446446.15,1.7730982513162072,1.3705236342613774,0.0,0.030303091878076893,0.17241389055456469,0.30769235177858256,0.0,0.030303091878076893,0.1724138905545647,0.3076923517785825,28.57143617406261,61.37566390987274,54.54546378171153,72.72727375352349,-71.42856382593739,-45.45453621828847,0.0014285712635942868,0.0014761903633673985,29.24612523598492,66.42335808104357,75.49748741231372,63.64025691238777,0.030406950594103775,-0.20588237549916144,SELL,0,2
0.03400000184774399,0.03400000184774399,0.03400000184774399,0.03400000184774399,0,0.0,0.0,EMP,2025-03-11 00:00:00+11:00,Energy,0.0,0.0,0.0,0.0,0.03520000129938126,0.965909107746017,0.03410000130534172,0.9970674646988337,0.03310000076889992,1.027190364288139,0.03222000040113926,1.055245233533324,0.027900000251829624,1.2186380480593129,0.019680000082589685,1.7276423630619182,0.09070735621408368,1.4399346397596886,0.06169511638953143,0.9793796104433118,0.05317544123397054,0.8441339601672939,0.05830782430236074,0.9256080155597685,54.54546378171154,57.142860944175176,60.86957190742167,0.0010683179583424046,0.0009321005444616184,0.0001362174138807862,0.03803841575970548,0.030161586850977966,-0.02539079082622569,0.03687805424993232,0.029321947287867522,0.23821819446508521,0.03628658966287911,0.028153411139399412,0.4377136051953211,270964.6,407879.2,0.0,0.0,0.0,0.06250000727595717,0.13333342025677553,0.2592592950302215,0.0,0.06250000727595727,0.13333342025677558,0.25925929503022144,28.57143617406261,37.56614263456028,54.54546378171153,57.57576168076067,-71.42856382593739,-45.45453621828847,0.0012857139642749513,0.0014285713966403688,22.410595859044538,59.322087385807045,69.6319495032765,77.32651167448687,0.030922533606737312,-0.20588237549916144,SELL,0,2
0.03400000184774399,0.03400000184774399,0.03400000184774399,0.03400000184774399,0,0.0,0.0,EMP,2025-03-12 00:00:00+11:00,Energy,0.0,0.0,0.0,0.0,0.03520000129938126,0.965909107746017,0.034300001338124275,0.9912536595138018,0.033200000785291194,1.0240964169737978,0.03228000044822693,1.0532838096540835,0.028030000273138286,1.212986140436355,0.019785000090487302,1.7184736766360345,0.09070735621408368,1.4399346397596886,0.06169511638953143,0.9793796104433118,0.051335958250213566,0.8149330730715578,0.0545979499276275,0.866715585614756,50.0,53.846162663411334,59.09091563325834,0.0009912936092215247,0.0009439391574135997,4.735445180792494e-05,0.03795756546949063,0.030642437206757914,-0.08202166239754109,0.036961300169670155,0.029438701400912235,0.21269273745537953,0.036361617458654634,0.028198383437799224,0.42140195788159485,270964.6,401948.55,0.0,0.0,0.0,0.06250000727595717,0.06250000727595717,0.09677427107784298,0.0,0.06250000727595727,0.06250000727595727,0.09677427107784306,28.57143617406261,28.57143617406261,44.44446514049827,51.17846423464044,-71.42856382593739,-55.55553485950173,0.001214285514184407,0.0013333333744889213,17.635704162867313,51.82043295087005,61.121508523987664,75.29109358565302,0.031407181638612836,-0.20588237549916144,SELL,0,2
0.03200000151991844,0.03200000151991844,0.03200000151991844,0.03200000151991844,442563,0.0,0.0,EMP,2025-03-13 00:00:00+11:00,Energy,-0.05882353585690325,-0.060624628664394574,0.0,0.0,0.033800001442432406,0.9467455666953242,0.034300001338124275,0.9329446143301051,0.03315000087022781,0.9653092211125041,0.032220000475645064,0.9931719754041308,0.028140000291168688,1.137171328671278,0.01988000009674579,1.6096580163073846,0.043528850846715164,0.69099908518099,0.06521950993610723,1.0353276235226747,0.05277545525110795,0.837784379535897,0.05218086108460196,0.8283454897623895,41.666664079659135,46.666671633721435,50.0,0.0007601059179843661,0.0009071725095277531,-0.00014706659154338703,0.03795756546949063,0.030642437206757914,-0.6288337635645559,0.03694889323098774,0.029351108509467885,-0.30271964591261175,0.036225915180074925,0.028214085771215203,-0.054918532210219154,254375.6,411209.75,1.7398013016971754,1.0762463681855792,-0.1794871574440421,0.0,-0.030302978990491503,-0.08571424618059287,-0.1794871574440421,0.0,-0.03030297899049148,-0.08571424618059292,0.0,19.04762411604176,22.222242918276045,40.40405728016194,-100.0,-77.77775708172396,0.00135714268045766,0.0013333332857915334,-87.17947248406111,-56.617595245961006,54.73564457354981,70.87465135744554,0.031862750788575825,-0.15625001818989315,SELL,0,2
0.03200000151991844,0.03400000184774399,0.03200000151991844,0.03400000184774399,305234,0.0,0.0,EMP,2025-03-14 00:00:00+11:00,Energy,0.06250000727595717,0.06062462866439451,0.0020000003278255463,0.06250000727595727,0.03360000178217888,1.0119047632246634,0.034400001540780066,0.9883721024674406,0.03320000097155571,1.0240964112282311,0.032280000522732735,1.0532838072229882,0.02828000031411648,1.2022631354347004,0.01999000010546297,1.7008505086726986,0.044885498038414004,0.7125351916975258,0.06749297519618569,1.071417765677749,0.05460850114047999,0.8668830809261828,0.05026316100054786,0.7979029446927006,50.0,52.94118291572823,52.173917620867456,0.0007298579704543284,0.0008717096017130683,-0.00014185163125873985,0.03795277760332013,0.030847225478240002,-0.11258792729820906,0.03701686165997904,0.029383140283132377,0.2095965615445977,0.036301169728174064,0.028258831317291403,0.4277366201560969,271932.4,424493.45,1.1224627885459768,0.7190546756375157,-0.028571379914575923,0.030303091878076893,0.030303091878076893,0.09677427107784298,-0.028571379914575902,0.030303091878076893,0.030303091878076893,0.09677427107784306,28.57143617406261,19.04762411604176,44.44446514049827,37.03705773309085,-71.42856382593739,-55.55553485950173,0.0014285713966403688,0.0012857142303671157,-18.66664222875912,12.280744923713923,60.58708238806759,71.08832356815438,0.039000000804662704,-0.20588237549916144,SELL,0,2
0.03400000184774399,0.03400000184774399,0.03400000184774399,0.03400000184774399,181321,0.0,0.0,EMP,2025-03-17 00:00:00+11:00,Energy,0.0,0.0,0.0,0.0,0.03360000178217888,1.0119047632246634,0.034400001540780066,0.9883721024674406,0.03340000109747052,1.0179640937292935,0.032320000529289246,1.0519802379623193,0.028410000335425137,1.1967617545343194,0.020095000113360583,1.6919632573248096,0.042906165034246255,0.6811142543526644,0.06690794034263536,1.0621306252929537,0.04997684422661626,0.7933578068126448,0.05008799554682584,0.795122279319671,22.222226821346254,56.25000145519163,52.173917620867456,0.0006978419663159346,0.0008369360746336415,-0.0001390941083177069,0.03795277760332013,0.030847225478240002,-0.11258792729820906,0.036918374258629816,0.029881627936311227,0.17053357412371975,0.03636949106797318,0.028270509990605312,0.41486732773074586,185823.6,425400.25,0.9757694932182994,0.4262362328183869,0.0,0.0,0.13333342025677553,0.06250000727595717,0.0,0.0,0.13333342025677558,0.06250000727595727,28.57143617406261,19.04762411604176,44.44446514049827,37.03705773309085,-71.42856382593739,-55.55553485950173,0.0013571429465498244,0.0012857142303671157,11.594238109236919,45.02430676760258,70.55635345163756,71.61013013147728,0.038860000818967816,-0.14705889442593612,SELL,0,2
0.03400000184774399,0.03400000184774399,0.03400000184774399,0.03400000184774399,97878,0.0,0.0,EMP,2025-03-18 00:00:00+11:00,Energy,0.0,0.0,0.0,0.0,0.03360000178217888,1.0119047632246634,0.034400001540780066,0.9883721024674406,0.033600001223385335,1.0119047800534082,0.03236000053584576,1.0506798913702604,0.028550000358372928,1.1908932196483397,0.0202000001212582,1.6831683982002978,0.042906165034246255,0.6811142543526644,0.06690794034263536,1.0621306252929537,0.04997684422661626,0.7933578068126448,0.05008799554682584,0.795122279319671,40.000014901164306,56.25000145519163,60.00000745058146,0.0006648055873890932,0.0008025099771847319,-0.0001377043897956387,0.03795277760332013,0.030847225478240002,-0.11258792729820906,0.036738891370890224,0.030461111075880447,0.12743377613154583,0.03643601381332905,0.02828398725836246,0.40235426144412323,205399.2,430294.15,0.47652571188203263,0.22746765207010133,0.0,0.0,0.13333342025677553,0.06250000727595717,0.0,0.0,0.13333342025677558,0.06250000727595727,28.57143617406261,28.57143617406261,44.44446514049827,44.44446514049827,-71.42856382593739,-55.55553485950173,0.0013571429465498244,0.0011428570640938623,3.309730315921997,39.24384138932961,70.55635345163756,72.96631777642885,0.03872280083298683,-0.17647060757070987,SELL,0,2
0.03400000184774399,0.03400000184774399,0.03400000184774399,0.03400000184774399,0,0.0,0.0,EMP,2025-03-19 00:00:00+11:00,Energy,0.0,0.0,0.0,0.0,0.03360000178217888,1.0119047632246634,0.034400001540780066,0.9883721024674406,0.03370000123977661,1.0089020948644145,0.03238000057637692,1.0500309216346635,0.02867000037804246,1.1859086640885999,0.020305000129155815,1.6744644979796681,0.042906165034246255,0.6811142543526644,0.06690794034263536,1.0621306252929537,0.04800280415196377,0.7620208921190096,0.04991604495773893,0.792392648340581,50.0,56.25000145519163,60.00000745058146,0.0006313462524761629,0.0007682772322430182,-0.00013693097976685527,0.03795277760332013,0.030847225478240002,-0.11258792729820906,0.036750454194367496,0.030649548285185717,0.09834624969904307,0.03647858258159084,0.028281418571162998,0.395258962564668,205399.2,359752.65,0.0,0.0,0.0,0.0,0.06250000727595717,0.030303091878076893,0.0,0.0,0.06250000727595727,0.030303091878076893,28.57143617406261,28.57143617406261,28.57143617406261,39.153455485019705,-71.42856382593739,-71.42856382593739,0.0013571429465498244,0.0011428570640938623,-7.235105554695992,31.54073538976783,70.55635345163756,72.96631777642885,0.03858834484672546,-0.20588237549916144,SELL,0,2
0.03400000184774399,0.03400000184774399,0.032999999821186066,0.032999999821186066,317456,0.0,0.0,EMP,2025-03-20 00:00:00+11:00,Energy,-0.0294118227121295,-0.02985302291369515,-0.0010000020265579224,-0.029411822712129523,0.033800001442432406,0.9763313139909509,0.033800001442432406,0.9763313139909509,0.03370000123977661,0.9792284453163663,0.03236000053584576,1.0197774806780788,0.028810000382363796,1.145435591225719,0.02040500012692064,1.6172506550317851,0.03373551775650666,0.5355347420023217,0.0435971331690269,0.6920830334436628,0.048113708693487474,0.7637814471358457,0.0499352845832459,0.7926980679270377,39.99998509884679,50.0,52.6315748196224,0.000518164603317807,0.000718254706457976,-0.00020009010314016903,0.035377622766624546,0.03222238011824027,-0.5070935648362893,0.036750454194367496,0.030649548285185717,-0.2294745826310975,0.03643601381332905,0.02828398725836246,0.15701599621271892,180377.8,312437.35,1.7599505038868422,1.0160629002902504,0.031249945430320558,-0.15384617588929128,0.0,-0.0294118227121295,0.031249945430320485,-0.15384617588929125,0.0,-0.029411822712129523,14.285691477812168,23.80952127531248,14.285691477812168,29.100530930791006,-85.71430852218784,-85.71430852218784,0.0013571432126419885,0.0010952380086694444,-62.46728025447728,-16.203745958147298,58.52071574207689,64.29066925957657,0.03845657798018932,-0.15151512072762818,SELL,0,2
0.032999999821186066,0.032999999821186066,0.03200000151991844,0.03200000151991844,301894,0.0,0.0,EMP,2025-03-21 00:00:00+11:00,Energy,-0.030302978990491503,-0.03077160575069945,-0.000999998301267624,-0.03030297899049148,0.03340000137686729,0.9580838383462318,0.033500001579523084,0.9552238809289634,0.03365000132471323,0.9509658323970706,0.03234000056982041,0.9894867333360763,0.028930000402033328,1.10611825355071,0.02050000013317913,1.5609756737575153,0.016356606788015864,0.2596530831237657,0.0320593695359662,0.5089267138901207,0.04862367348472529,0.7718768872259311,0.04994638631186054,0.7928743024052614,33.33333333333333,43.74999854480838,47.3684251803776,0.0003438125680833015,0.0006433662787830412,-0.00029955371069973966,0.035199675272851096,0.03180032788619507,-0.8825223720840201,0.03678049641134193,0.030519506238084526,-0.5270731175533342,0.03641300860623329,0.028266992533407524,-0.08347615493570294,179709.8,321990.85,1.6798972565769925,0.9375856487847404,-0.05882353585690325,-0.08571424618059287,-0.030302978990491503,-0.030302978990491503,-0.05882353585690328,-0.08571424618059292,-0.03030297899049148,-0.03030297899049148,0.0,14.285709217291611,0.0,14.285709217291583,-100.0,-100.0,0.0012857144964592798,0.0010952380086694444,-131.0257119531357,-81.914897917378,43.5603768165451,53.68414157063909,0.0383274464509839,-0.12500001455191456,SELL,0,2
0.03099999949336052,0.03099999949336052,0.029999999329447746,0.029999999329447746,805999,0.0,0.0,EMP,2025-03-24 00:00:00+11:00,Energy,-0.06250006548361542,-0.06453859098676339,-0.0010000001639127731,-0.03225807033083823,0.032600000873208045,0.9202453535546656,0.03310000132769346,0.9063443542628482,0.033500001300126314,0.8955223332882267,0.03222000058740378,0.93109865867526,0.029020000398159027,1.0337697766313914,0.020590000129304828,1.4570179281713596,0.02599177410323338,0.41260662246314633,0.03597979091641673,0.5711614739336365,0.05056340985452104,0.8026692474869718,0.048989467051903185,0.7776836800855705,33.333322985309636,38.88888256509401,42.857141590037294,4.374954445081347e-05,0.0005234429319165957,-0.0004796933874657822,0.035840643382330714,0.030359359273056205,-1.1311225386038326,0.037024352977079816,0.02997564962317281,-0.9930910111967073,0.03620548551396744,0.028234515660840113,-0.5570216169077687,304645.4,349092.3,2.6456956185781895,2.30884210279058,-0.11764712649748443,-0.11764712649748443,-0.09090910630285254,-0.16666664941995157,-0.11764712649748445,-0.11764712649748445,-0.09090910630285255,-0.16666664941995157,0.0,4.761897159270742,0.0,4.761897159270713,-100.0,-100.0,0.0013571430795959064,0.001190476208215668,-208.51069900879193,-184.95943023136456,29.289101757599752,46.915878726227724,0.03820089755236259,-0.09999995653827887,SELL,0,2
0.029999999329447746,0.029999999329447746,0.029999999329447746,0.029999999329447746,366496,0.0,0.0,EMP,2025-03-25 00:00:00+11:00,Energy,0.0,0.0,0.0,0.0,0.031800000369548796,0.9433961943653087,0.032700001075863835,0.9174311419699315,0.03340000119060278,0.8982035407198836,0.03210000060498715,0.9345794007488853,0.029120000395923853,1.0302197431854112,0.020680000125430524,1.4506769413679197,0.02599177410323338,0.41260662246314633,0.03597979091641673,0.5711614739336365,0.05017264048111332,0.7964659759948676,0.048989467051903185,0.7776836800855705,0.0,38.88888256509401,42.857141590037294,-0.00019184113838889572,0.00038038611785549736,-0.0005722272562443931,0.0359727862913172,0.02942721586041047,-0.8249859274807532,0.03720581458438948,0.029594187796816083,-0.8933706173575974,0.035980881271677284,0.028219119938297014,-0.5411146221433336,358369.0,336252.8,1.02267774277351,1.0899418532723,-0.11764712649748443,-0.11764712649748443,-0.06250006548361542,-0.16666664941995157,-0.11764712649748445,-0.11764712649748445,-0.06250006548361542,-0.16666664941995157,0.0,0.0,0.0,0.0,-100.0,-100.0,0.0013571430795959064,0.0011428572414886383,-166.34772396582414,-176.69908719669633,26.903011298412125,46.4130840627566,0.037872861623446,-0.06666661699612819,SELL,0,2
0.029999999329447746,0.029999999329447746,0.029999999329447746,0.029999999329447746,0,0.0,0.0,EMP,2025-03-26 00:00:00+11:00,Energy,0.0,0.0,0.0,0.0,0.030999999865889548,0.9677419180397436,0.03230000082403421,0.9287925252040535,0.03330000108107924,0.9009008515165926,0.03206000056117773,0.9357454399353788,0.029210000392049552,1.0270454956109216,0.020770000121556224,1.4443909077454522,0.02599177410323338,0.41260662246314633,0.03597979091641673,0.5711614739336365,0.05017264048111332,0.7964659759948676,0.046412117061218235,0.7367695173840084,0.0,15.384615384615387,44.99999487772621,-0.0003742345094070246,0.00022946199240299296,-0.0006036965018100175,0.03583396506385367,0.028766036584214755,-0.6508276084604548,0.03735748376410217,0.02924251839805632,-0.8133125904490406,0.035986053063154,0.02813394805920146,-0.5247003779733032,358369.0,323002.8,0.0,0.0,-0.11764712649748443,-0.11764712649748443,-0.06250006548361542,-0.06250006548361542,-0.11764712649748445,-0.11764712649748445,-0.06250006548361542,-0.06250006548361542,0.0,0.0,0.0,0.0,-100.0,-100.0,0.0010000002969588553,0.0010952382747616088,-135.97515415886184,-156.7627863975613,14.209132226822007,51.01009248209667,0.037557947131686066,-0.033333339542150675,HOLD,0,1
0.03200000151991844,0.03200000151991844,0.03099999949336052,0.03099999949336052,439650,0.0,0.0,EMP,2025-03-27 00:00:00+11:00,Energy,0.033333339542150675,0.03278982883152377,-0.0010000020265579224,-0.031250061845636785,0.03059999980032444,1.0130718854786345,0.03220000062137842,0.9627328849422074,0.03325000097975135,0.9323307843581405,0.03206000056117773,0.966936960409764,0.029280000384896993,1.0587431381780557,0.020865000118501485,1.4857416399375956,0.03615353055113612,0.5739195051316928,0.03437917329695379,0.5457524569423935,0.05079422509012378,0.8063333257602295,0.04642980329643083,0.7370502776640175,19.999992549423396,30.0,47.619042972994315,-0.000433098425084516,9.694990890549114e-05,-0.0005300483339900072,0.035827061615914875,0.028572939626841966,-0.330846690978039,0.0373985592689895,0.0291014426905132,-0.5423574479422407,0.035986053063154,0.02813394805920146,-0.2699915671743136,382807.8,330934.8,1.1484875700024921,1.3285094223998202,-0.060606070868568396,-0.031250061845636834,-0.031250061845636834,0.0,-0.06060607086856837,-0.031250061845636785,-0.031250061845636785,0.0,20.0,6.666666666666686,11.11111111111111,3.703703703703694,-80.0,-88.88888888888889,0.000857143263731684,0.0011904764743078324,-61.764711145880796,-87.50000737631339,24.915857136240973,54.14684599725333,0.037255629219596534,-0.1290322212380245,SELL,0,2
0.029999999329447746,0.029999999329447746,0.029999999329447746,0.029999999329447746,283279,0.0,0.0,EMP,2025-03-28 00:00:00+11:00,Energy,-0.03225807033083827,-0.032789828831523773,0.0,0.0,0.0301999993622303,0.9933774822183379,0.031800000369548796,0.9433961943653087,0.03310000095516443,0.9063443644634395,0.032020000517368315,0.9369143924021838,0.029350000377744438,1.0221464716639728,0.02095000011380762,1.43198086713496,0.03641205738673274,0.5780234914170436,0.026612024105975532,0.42245278601080355,0.05069739416011843,0.80479618240015,0.046441694323688935,0.7372390418697657,16.66666149265481,29.999994412066513,45.45454083641735,-0.0005540533757982732,-3.325074803526177e-05,-0.0005208026277630115,0.03542706131843711,0.02817293942066048,-0.4962698629734205,0.037496172864700035,0.028703829045628827,-0.7051593271392699,0.03598906596081454,0.028050935073922093,-0.5089362260972602,379084.8,303291.3,0.7472707953471097,0.9340162411516585,-0.06250006548361542,-0.11764712649748443,-0.09090910630285254,-0.06250006548361542,-0.06250006548361542,-0.11764712649748445,-0.09090910630285255,-0.06250006548361542,0.0,6.666666666666686,0.0,3.703703703703694,-100.0,-100.0,0.0007857146805950574,0.00123809552973225,-105.37635164513915,-134.99007246632902,27.739961133418035,52.0893242050521,0.03696540402399058,-0.09999995653827887,SELL,0,2
0.028999999165534973,0.029999999329447746,0.028999999165534973,0.029999999329447746,371889,0.0,0.0,EMP,2025-03-31 00:00:00+11:00,Energy,0.0,0.0,0.0010000001639127731,0.03448276526508396,0.0301999993622303,0.9933774822183379,0.03140000011771917,0.9554139878018217,0.03290000082924962,0.9118540599785141,0.03200000051409006,0.9374999639840104,0.029450000375509263,1.018675685803925,0.02104500011075288,1.4255167104570048,0.023191934943672235,0.36816055370007306,0.026612024105975532,0.42245278601080355,0.05008110742781925,0.7950129338203163,0.046225430310622415,0.7338059570931248,20.0,29.999994412066513,42.857142857142854,-0.0006425046519894229,-0.00015510152882609404,-0.0004874031231633288,0.03482539743522881,0.027974602800209532,-0.4087119415651511,0.037483726339812666,0.028316275318686572,-0.6326734646564054,0.03600000193000373,0.027999999098176395,-0.5000001191713284,292262.8,281953.55,1.2724472632165298,1.3189725754472679,0.0,-0.11764712649748443,-0.11764712649748443,-0.03225807033083827,0.0,-0.11764712649748445,-0.11764712649748445,-0.03225807033083823,19.9999925494234,13.333330849807817,10.0,7.037037037037027,-80.0000074505766,-90.0,0.000857143263731684,0.001238095618429638,-101.53846283165832,-128.4060641326453,25.180929604121616,43.007186257500116,0.036686787836208865,-0.09999995653827887,SELL,0,2
0.029999999329447746,0.029999999329447746,0.028999999165534973,0.028999999165534973,203181,0.0,0.0,EMP,2025-04-01 00:00:00+11:00,Energy,-0.033333339542150675,-0.03390155809859586,-0.0010000001639127731,-0.03333333954215063,0.029999999329447746,0.9666666604578493,0.03089999984949827,0.9385113044266197,0.03265000069513917,0.8882082250568651,0.03194000046700239,0.9079523713687866,0.029530000369995833,0.9820521097927458,0.02113500010687858,1.3721314889464635,0.027634622899724428,0.4386860386063288,0.027010700236557952,0.4287815733818751,0.050456504905816935,0.8009721840378127,0.04623356482303363,0.7339350884743858,19.999992549423396,27.272722654600344,38.09523260444782,-0.0007842541874143946,-0.0002809320605437542,-0.0005033221268706404,0.03409026442601841,0.02770973527297813,-0.5955621041424001,0.03751772624825282,0.027782275142025508,-0.7498371651765487,0.036029011590093744,0.027850989343911038,-0.7190005634527922,259599.8,273583.15,0.7826700945070066,0.7426663520761421,-0.033333339542150675,-0.14705889442593612,-0.14705889442593612,-0.093750069121594,-0.03333333954215063,-0.1470588944259361,-0.1470588944259361,-0.09375006912159405,0.0,6.666664183141152,0.0,3.3333333333333237,-100.0,-100.0,0.0009285718468683106,0.0011904765630052203,-98.50745134500606,-121.17552867450699,23.985612780367433,33.507937055270844,0.03622558051596843,-0.10344823156610694,SELL,0,2
0.03200000151991844,0.03200000151991844,0.03099999949336052,0.03099999949336052,52164,0.0,0.0,EMP,2025-04-02 00:00:00+11:00,Energy,0.06896553053016796,0.06669138693011958,-0.0010000020265579224,-0.031250061845636785,0.0301999993622303,1.0264900711266485,0.030599999614059924,1.0130718916452799,0.032500000577419995,0.953846121310483,0.03192000042647123,0.9711779160144448,0.02963000036776066,1.046236891953957,0.021235000104643405,1.4598539835458642,0.04401580121383749,0.6987291826144136,0.03797291860184807,0.6028013950547312,0.05322242852827724,0.8448798603403859,0.04727828536786536,0.7505195129814938,60.0,45.45453775766724,43.478256292176766,-0.0007268299603861716,-0.00037011164051223777,-0.0003567183198739339,0.032947576074105735,0.028252423154014113,0.1703884350982077,0.03737744754623453,0.02762255360860546,-0.30753816364384806,0.03601758705507227,0.027822413797870187,-0.2245226316117711,270032.6,276191.35,0.19317667570508154,0.18886905762979184,0.033333339542150675,-0.08823535856903275,-0.08823535856903275,-0.031250061845636834,0.03333333954215063,-0.0882353585690328,-0.0882353585690328,-0.031250061845636785,39.9999850988468,19.99999254942342,20.0,9.999999999999991,-60.0000149011532,-80.0,0.0010000005630510195,0.0012857146738540558,-12.962962962962997,-45.519427681473296,28.09018160282008,29.408666269465925,0.03579204563494242,-0.16129029156886276,SELL,0,2
0.03099999949336052,0.03099999949336052,0.03099999949336052,0.03099999949336052,0,0.0,0.0,EMP,2025-04-03 00:00:00+11:00,Energy,0.0,0.0,0.0,0.0,0.0301999993622303,1.0264900711266485,0.03039999958127737,1.0197368394851123,0.03210000051185489,0.965732056045042,0.03196000043302774,0.9699624240719613,0.029680000357329844,1.0444743638860734,0.021330000101588666,1.453352055589143,0.04155015670778857,0.6595882895074249,0.03731086796763268,0.592291667053932,0.03983061550270096,0.632291419120684,0.045282381503073614,0.718835521379304,60.0,33.33332643465016,43.478256292176766,-0.0006735565066132224,-0.00043080061373243473,-0.00024275589288078763,0.03208654872850966,0.028713450434045076,0.3557559606654671,0.035933373952231396,0.02826662707147838,-0.2869537851199619,0.035979545970525606,0.02794045489552988,-0.23883320408028394,182102.6,249915.95,0.0,0.0,0.0,-0.060606070868568396,-0.20512823451905504,0.06896553053016796,0.0,-0.06060607086856837,-0.205128234519055,0.06896553053016792,39.9999850988468,26.66665673256455,20.0,13.333333333333323,-60.0000149011532,-80.0,0.0008571433967777661,0.0012857146738540558,-21.604957312179312,-52.015826429123955,20.976672130695306,29.408666269465925,0.035384522846777976,-0.16129029156886276,SELL,0,2
0.03099999949336052,0.03099999949336052,0.029999999329447746,0.029999999329447746,217868,0.0,0.0,EMP,2025-04-04 00:00:00+11:00,Energy,-0.03225807033083827,-0.032789828831523773,-0.0010000001639127731,-0.03225807033083823,0.0301999993622303,0.9933774822183379,0.0301999993622303,0.9933774822183379,0.031850000470876695,0.941915192650607,0.03196000043302774,0.9386733079779777,0.029730000346899033,1.0090817012915667,0.021425000098533927,1.4002333344913538,0.04155015670778857,0.6595882895074249,0.03745946512317582,0.5946505737685245,0.03396158932267719,0.5391235168578623,0.04529928189024058,0.7191038067083309,50.0,29.999994412066513,26.31578947368422,-0.0007039142809025199,-0.00048542334716645175,-0.00021849093373606818,0.0314649106336354,0.028935088090825203,-0.15811388300808463,0.03553639304055336,0.02816360790120003,-0.5018459392107593,0.035979545970525606,0.02794045489552988,-0.48761758892774754,169020.4,249936.85,1.2890041675442727,0.8716921894470543,0.0,-0.06250006548361542,-0.14285716566504258,0.0,0.0,-0.06250006548361542,-0.14285716566504256,0.0,19.9999925494234,33.333320915705684,10.0,16.666666666666657,-80.0000074505766,-90.0,0.0009285719799143928,0.001095238540853773,-45.43860205336173,-69.50791770300796,14.918386136318503,19.537946250187858,0.0350014514259034,-0.13333329608042954,SELL,0,2
0.029999999329447746,0.029999999329447746,0.02800000086426735,0.02800000086426735,559092,0.0,0.0,EMP,2025-04-07 00:00:00+10:00,Energy,-0.06666661699612819,-0.06899281826851879,-0.001999998465180397,-0.06666661699612825,0.02979999966919422,0.9395973548688451,0.02999999951571226,0.9333333772089754,0.03155000042170286,0.8874802057056864,0.03192000046372414,0.8771929967885896,0.029770000353455544,0.9405441898497411,0.02151000010315329,1.3017201641092808,0.05135948994819322,0.8153066271962452,0.03817645164361302,0.6060323819272986,0.03622043987659139,0.5749816577449671,0.04629960665890053,0.7349834701173656,28.57143617406261,25.0,29.41176792845164,-0.0008792210838398373,-0.000564182894501129,-0.00031503818933870836,0.03188561702989588,0.02811438200152864,-1.060659776651901,0.035468917264662884,0.027631083578742836,-0.9058624358954596,0.03605723936256561,0.027782761564882668,-0.9474917197927553,206461.0,247298.2,2.707978746591366,2.2608009277867773,-0.06666661699612819,-0.06666661699612819,-0.17647060757070987,-0.06666661699612819,-0.06666661699612825,-0.06666661699612825,-0.17647060757070984,-0.06666661699612825,0.0,19.999992549423414,0.0,9.999999999999991,-100.0,-100.0,0.001071429013141564,0.0010000003413075493,-121.33325505260122,-124.6574689357745,12.914582316589588,18.607402016810852,0.03464136429028129,-0.14285716186372543,SELL,0,2
0.02800000086426735,0.029999999329447746,0.02800000086426735,0.029999999329447746,1432058,0.0,0.0,EMP,2025-04-08 00:00:00+10:00,Energy,0.0714285144088238,0.06899281826851893,0.001999998465180397,0.07142851440882372,0.029999999701976775,0.9999999875823656,0.02999999951571226,0.9999999937911828,0.03135000029578805,0.9569377686251034,0.03188000041991472,0.941028824789708,0.02983000034466386,1.0056989266785006,0.021600000099278985,1.3888888514611235,0.0612359299573908,0.972090251814157,0.04545769628680812,0.7216185572927913,0.0404348251613712,0.6418829501001921,0.04644488917476144,0.7372897585582482,50.0,35.71427716132355,38.88888256509401,-0.0008470060680203229,-0.0006207475292049678,-0.0002262585388153551,0.03188561702989588,0.02811438200152864,-9.87817056365483e-08,0.03514889387974918,0.027551106711826923,-0.3553668815678299,0.03605260435325994,0.0277073964865695,-0.4505582414479864,452236.4,318901.1,3.1666137444929245,4.490602258819427,0.03448276526508387,0.0,-0.11764712649748443,-0.06250006548361542,0.03448276526508396,0.0,-0.11764712649748445,-0.06250006548361542,33.3333022892526,17.77776494622535,33.3333022892526,14.444434096417524,-66.6666977107474,-66.6666977107474,0.0012142860463687352,0.001000000252610161,-79.67476306302261,-90.0925644933996,35.589725927310695,38.44848279696911,0.034110055216200176,-0.19999997516473078,SELL,0,2
0.02800000086426735,0.02800000086426735,0.02800000086426735,0.02800000086426735,101923,0.0,0.0,EMP,2025-04-09 00:00:00+10:00,Energy,-0.06666661699612819,-0.06899281826851879,0.0,0.0,0.029399999976158143,0.9523809825501319,0.02979999966919422,0.9395973548688451,0.031050000246614216,0.9017713572263354,0.0318000004068017,0.8805031605684644,0.029880000352859495,0.9370816778316325,0.021680000103078783,1.2915129488533104,0.05757205314788104,0.9139280105801193,0.05024432580137675,0.7976039451752939,0.042647820771457276,0.6770131663207847,0.04738551887311579,0.7522217921041321,40.000003725291776,33.33333333333333,34.999997206032205,-0.0009716579295662026,-0.0006909296092772148,-0.00028072832028898777,0.03207058357762444,0.027529415760764005,-0.7927470983317737,0.034914822747378726,0.027185177745849703,-0.7891693297023439,0.03611419279078629,0.02748580802281711,-0.8808136504623535,462188.2,323997.25,0.22052272212921056,0.3145798305386851,-0.09677415090718633,-0.06666661699612819,-0.17647060757070987,-0.12500001455191456,-0.09677415090718632,-0.06666661699612825,-0.17647060757070984,-0.12500001455191453,0.0,11.111100763084215,0.0,11.11110076308419,-100.0,-100.0,0.0012857143634131976,0.0010952382747616088,-166.13322702250304,-132.99342711694655,37.380306349652784,37.88487819970854,0.03362125086804555,0.035714223942892476,HOLD,0,1
0.02800000086426735,0.02800000086426735,0.02800000086426735,0.02800000086426735,1068927,0.0,0.0,EMP,2025-04-10 00:00:00+10:00,Energy,0.0,0.0,0.0,0.0,0.02880000025033951,0.972222243780615,0.029499999806284906,0.9491525779027976,0.030850000213831663,0.9076175257760124,0.03172000039368868,0.8827238498344566,0.02995000036433339,0.9348915032939953,0.02176500010769814,1.286469135112199,0.05757205314788104,0.9139280105801193,0.048436868644544405,0.7689114523210003,0.04101343441479523,0.6510680872452365,0.04738551887311579,0.7522217921041321,44.44445134313334,35.71428191296869,34.999997206032205,-0.001058246619614213,-0.0007643930113446145,-0.0002938536082695984,0.03185702121608094,0.027142978396488878,-0.6363959766268575,0.03491655300516296,0.026783447422500363,-0.7008391371777288,0.03616540738882499,0.027274593398552364,-0.8368186610340408,675973.6,355315.45,1.5813147140657564,3.0083887430169445,-0.09677415090718633,-0.09677415090718633,-0.12500001455191456,-0.12500001455191456,-0.09677415090718632,-0.09677415090718632,-0.12500001455191453,-0.12500001455191453,0.0,11.111100763084215,0.0,11.11110076308419,-100.0,-100.0,0.001214285913322653,0.0010952382747616088,-144.17339769526296,-122.33637948229284,39.91697282618429,37.88487819970854,0.033171550867743295,-0.03571429046593133,HOLD,0,1
0.02800000086426735,0.02800000086426735,0.02800000086426735,0.02800000086426735,0,0.0,0.0,EMP,2025-04-11 00:00:00+10:00,Energy,0.0,0.0,0.0,0.0,0.028400000557303427,0.9859155040427204,0.029299999959766863,0.9556314301268054,0.03055000016465783,0.9165303015827646,0.031640000380575656,0.8849557688835249,0.030010000374168157,0.9330223430576507,0.021850000112317504,1.2814645638597917,0.05749884662479673,0.9127658930535466,0.0477915197507897,0.7586668562305268,0.037784748400475784,0.599814285712827,0.04738551887311579,0.7522217921041321,28.57142477010953,41.66667054717856,38.88888658932687,-0.0011140269708528085,-0.0008343198032462535,-0.00027970716760655496,0.03180332976454478,0.026796670154988947,-0.5193079605485079,0.03452227329172333,0.02657772703759233,-0.6419496391161505,0.036207142360380605,0.027072858400770707,-0.7969972320553433,632400.0,340053.75,0.0,0.0,-0.06666661699612819,-0.06666661699612819,-0.17647060757070987,-0.12500001455191456,-0.06666661699612825,-0.06666661699612825,-0.17647060757070984,-0.12500001455191453,0.0,0.0,0.0,0.0,-100.0,-100.0,0.0010714286140033177,0.0010000001639127731,-117.51822645473383,-110.06283556899142,48.09095241729303,40.856926563815506,0.03275782686746522,-0.1071428713977941,SELL,0,2
0.028999999165534973,0.028999999165534973,0.024000000208616257,0.02500000037252903,1489227,0.0,0.0,EMP,2025-04-14 00:00:00+10:00,Energy,-0.1071428713977941,-0.1133287012725327,-0.003999998793005943,-0.1379309968311909,0.027800000458955764,0.8992805740934902,0.028800000064074995,0.8680555665593186,0.030100000090897083,0.8305647939213658,0.031480000391602515,0.794155021014483,0.03004000037908554,0.8322237036299952,0.021915000113658607,1.1407711723874319,0.06879260973552424,1.092048824395908,0.057381445274700106,0.9109022043979133,0.043592994420756474,0.692017332851687,0.04942752467917556,0.7846376293356369,19.99999254941646,33.33333333333333,26.315784829970397,-0.0013843503397299485,-0.0009443259105429925,-0.00044002442918695595,0.0324270578632422,0.025172942264907787,-1.0476810412060331,0.03444801876326951,0.02575198141852466,-1.172947979909508,0.03639959991599648,0.026560400867208553,-1.3171803897740533,818427.0,405449.05,1.8196210535576172,3.673031173707276,-0.1071428713977941,-0.1666666356225801,-0.2647059113560648,-0.24242422703048083,-0.10714287139779408,-0.16666663562258016,-0.26470591135606475,-0.24242422703048078,12.5,4.166666666666681,10.0,3.3333333333333237,-87.5,-90.0,0.0014285713966403688,0.0011428572414886383,-191.83679179122174,-173.13826167679483,39.028003104730814,30.411953170587523,0.03237720078720939,0.0,HOLD,0,1
0.027000000700354576,0.02800000086426735,0.027000000700354576,0.02800000086426735,27858,0.0,0.0,EMP,2025-04-15 00:00:00+10:00,Energy,0.12000001788139314,0.11332870127253264,0.0010000001639127731,0.03703704214717449,0.027400000765919686,1.0218978131961933,0.028700000233948232,0.9756097782587166,0.02980000004172325,0.939597343122963,0.031460000425577166,0.8900190872694071,0.030100000388920307,0.9302325748332562,0.022000000118277966,1.272727305169625,0.0862336146482905,1.3689161940813197,0.07122117909185331,1.1306011677470216,0.05292914603415903,0.8402241450804326,0.049558238119521814,0.7867126408726561,41.66667054717856,44.44444789378782,36.36363405457212,-0.0013410498021619137,-0.001023670688866777,-0.00031737911329513674,0.03235756366366957,0.025042436804226895,-0.19138406841907177,0.03383145525087206,0.025768544832574437,-0.44648869553878673,0.03642863773173714,0.02649136311941719,-0.6963679069551334,537587.0,401948.05,0.05182044952723931,0.06930746398695055,-0.06666661699612819,-0.03448270103593898,-0.17647060757070987,-0.03448270103593898,-0.06666661699612825,-0.034482701035939034,-0.17647060757070984,-0.034482701035939034,50.0,20.833333333333346,40.0,16.666666666666657,-50.0,-60.0,0.0016428571460502489,0.0012857144077618916,-80.72071138708247,-102.16568583942338,39.34576526818114,28.56897007200466,0.031539480729350075,-0.1071428713977941,SELL,0,2
0.027000000700354576,0.02800000086426735,0.027000000700354576,0.02800000086426735,202122,0.0,0.0,EMP,2025-04-16 00:00:00+10:00,Energy,0.0,0.0,0.0010000001639127731,0.03703704214717449,0.027400000765919686,1.0218978131961933,0.028400000371038913,0.9859155105089553,0.02949999999254942,0.9491525719097995,0.03142000045627356,0.8911521469655693,0.030160000398755073,0.9283819792463636,0.022085000122897328,1.2678288751847213,0.08038429252621221,1.276061084041353,0.06687470027602135,1.0616029555940103,0.05292914603415903,0.8402241450804326,0.049314899988676004,0.7828497678003522,50.0,41.176473166291295,36.36363405457212,-0.0012918422607378147,-0.0010773050032409845,-0.00021453725749683017,0.031693089862165506,0.025106910879912316,-0.12146633362056622,0.033083587698487085,0.025916412286611755,-0.4185746942363692,0.036468177441579125,0.02637182347096799,-0.6774722047109835,557626.8,412054.15,0.3624682314408131,0.4905229082148547,0.0,-0.09677415090718633,-0.17647060757070987,-0.06666661699612819,0.0,-0.09677415090718632,-0.17647060757070984,-0.06666661699612825,50.0,37.500000000000014,40.0,29.99999999999999,-50.0,-60.0,0.0015714284298675401,0.0013333334631863095,-69.28103763552936,-94.91523341602525,33.115537874599895,28.56897007200466,0.030785532677276694,-0.1071428713977941,SELL,0,2
0.02800000086426735,0.02800000086426735,0.02800000086426735,0.02800000086426735,0,0.0,0.0,EMP,2025-04-17 00:00:00+10:00,Energy,0.0,0.0,0.0,0.0,0.027400000765919686,1.0218978131961933,0.028100000508129597,0.9964412938770831,0.029250000044703482,0.9572649853495477,0.0314000004902482,0.8917197588249473,0.03018000040203333,0.9277667492138567,0.022170000127516687,1.2629680064599844,0.08038429252621221,1.276061084041353,0.06687470027602135,1.0616029555940103,0.052721070891849124,0.8369210545970343,0.049082575357916734,0.7791617286218087,37.50000873114974,43.75000363797948,36.36363405457212,-0.0012385674945424377,-0.0011095575015012751,-0.00012900999304116256,0.030840640448335552,0.025359360567923643,-0.036487698509835416,0.03248630652050132,0.026013693568905646,-0.3862425236250143,0.03649501689685064,0.026304984083645764,-0.6673186805787165,343841.4,396181.35,0.0,0.0,0.0,-0.09677415090718633,-0.15151512072762818,-0.03448270103593898,0.0,-0.09677415090718632,-0.1515151207276282,-0.034482701035939034,50.0,50.0,40.0,40.0,-50.0,-60.0,0.0014999998467309134,0.0013333334631863095,-44.252856078610336,-73.16808408544271,35.355946221209166,28.56897007200466,0.03010697943041065,-0.1071428713977941,SELL,0,2
0.027000000700354576,0.02800000086426735,0.027000000700354576,0.02800000086426735,540058,0.0,0.0,EMP,2025-04-22 00:00:00+10:00,Energy,0.0,0.0,0.0010000001639127731,0.03703704214717449,0.027400000765919686,1.0218978131961933,0.02790000066161156,1.003584236569334,0.02905000001192093,0.9638554510422478,0.03138000052422285,0.8922880942163652,0.030190000403672458,0.9274594398766982,0.022255000132136046,1.2581442686147446,0.08038429252621221,1.276061084041353,0.06635756764535361,1.0533937295805096,0.05244691431033848,0.8325689537872217,0.049082575357916734,0.7791617286218087,50.0,43.75000363797948,38.095239362343776,-0.0011827132760754908,-0.0011241886564161182,-5.8524619659372544e-05,0.03029443832752321,0.025505562995699907,0.04176354393327548,0.03205700823658819,0.026042991787253666,-0.3491839959199868,0.036521112096353774,0.026238888952091925,-0.6574453039062396,451853.0,408089.55,1.19520729086672,1.3233811059361849,0.0,-0.06666661699612819,-0.12500001455191456,-0.03448270103593898,0.0,-0.06666661699612825,-0.12500001455191453,-0.034482701035939034,50.0,50.0,44.444453642692494,41.48148454756416,-50.0,-55.555546357307506,0.0014999998467309134,0.0013333333744889213,-55.945413276905285,-81.54555444631814,34.28893706827654,27.97025740077254,0.02949628150823121,-0.1071428713977941,SELL,0,2
0.027000000700354576,0.027000000700354576,0.027000000700354576,0.027000000700354576,87000,0.0,0.0,EMP,2025-04-23 00:00:00+10:00,Energy,-0.03571429046593133,-0.03636764909850735,0.0,0.0,0.027800000831484796,0.9712230177265253,0.02780000064522028,0.9712230242338772,0.02890000008046627,0.9342560769957949,0.03134000055491924,0.8615188328743203,0.030200000405311584,0.8940397462910566,0.022335000135935843,1.20886503407327,0.05969652013691576,0.9476528785094317,0.06383036235375271,1.0132755892990148,0.05123893822762562,0.8133929279597883,0.04934868698773484,0.7833861197826933,42.857142857142854,43.75000363797948,38.09523598339549,-0.001205246727377044,-0.0011404002706083035,-6.484645676874058e-05,0.030258545496035336,0.02534145579440522,-0.3253957090107532,0.032005172898291794,0.02579482726264075,-0.611882008371508,0.0365867300515071,0.026093271058331386,-0.8271819344578616,171407.6,372139.6,0.507562091762559,0.23378323618341076,0.08000001192092876,-0.03571429046593133,-0.09999995653827887,-0.06896546630102296,0.08000001192092877,-0.03571429046593136,-0.09999995653827888,-0.06896546630102299,37.5,45.83333333333335,37.5,40.64815121423082,-62.5,-62.5,0.0014999998467309134,0.0013333334631863095,-83.14177430948374,-104.58824992252725,35.27229026996153,29.003650499808316,0.028946653378269713,-0.07407408429434903,SELL,0,2
0.027000000700354576,0.027000000700354576,0.027000000700354576,0.027000000700354576,525335,0.0,0.0,EMP,2025-04-24 00:00:00+10:00,Energy,0.0,0.0,0.0,0.0,0.02760000079870224,0.9782608666309939,0.027500000782310963,0.98181817935518,0.028750000149011613,0.9391304542752429,0.03128000058233738,0.8631713618189778,0.03023000041022897,0.8931525085662436,0.022420000140555202,1.2042819148566677,0.01597191624999777,0.2535463101518727,0.05849795549145242,0.9286262546166498,0.05123893822762562,0.8133929279597883,0.04909374317383086,0.7793390122033879,42.857142857142854,35.71428666461509,42.105265737736005,-0.0012091661353497464,-0.001154153443556592,-5.5012691793154345e-05,0.02944365173251692,0.025556349832105005,-0.25724787771353913,0.031920587552453604,0.02557941274556962,-0.5519480228670675,0.036656290807320774,0.02590371035735399,-0.796087953379791,270903.0,380081.55,1.9391996397234434,1.3821639066668718,-0.03571429046593133,-0.09999995653827887,-0.09999995653827887,-0.09999995653827887,-0.03571429046593136,-0.09999995653827888,-0.09999995653827888,-0.09999995653827888,42.85715426109392,43.45238475369799,37.5,39.814817880897486,-57.14284573890608,-62.5,0.0012857139642749513,0.001238095263640086,-81.6666823439366,-94.4636804234065,34.42100884556069,33.028642303356534,0.02845198806130437,-0.037037042147174515,HOLD,0,1
0.027000000700354576,0.027000000700354576,0.027000000700354576,0.027000000700354576,598416,0.0,0.0,EMP,2025-04-28 00:00:00+10:00,Energy,0.0,0.0,0.0,0.0,0.027400000765919686,0.9854014578692044,0.027400000765919686,0.9854014578692044,0.028600000217556952,0.9440559613625398,0.031180000565946102,0.86593971168311,0.03026000041514635,0.8922670300704949,0.022505000145174564,1.1997334159601778,0.01597191624999777,0.2535463101518727,0.05487649246087985,0.8711373112499939,0.05123893822762562,0.8133929279597883,0.04811583946545276,0.7638152720921701,75.0,35.71428666461509,42.105265737736005,-0.001198457225523808,-0.0011630141999500352,-3.544302557377272e-05,0.029332184648789547,0.025467816883049825,-0.20701966780252432,0.031805257964778566,0.025394742470335335,-0.49917967395579593,0.03668606461162785,0.02567393652026435,-0.759162957588512,350161.8,410002.35,1.7089699675978363,1.4595428538397404,-0.03571429046593133,-0.03571429046593133,-0.09999995653827887,-0.15625001818989315,-0.03571429046593136,-0.03571429046593136,-0.09999995653827888,-0.15625001818989318,42.85715426109392,41.071436174062626,37.5,37.5,-57.14284573890608,-62.5,0.0012857139642749513,0.001238095263640086,-79.56988833821383,-86.30138071009809,34.42100884556069,35.227137623715365,0.028006789276035556,-0.037037042147174515,HOLD,0,1
0.027000000700354576,0.027000000700354576,0.027000000700354576,0.027000000700354576,218519,0.0,0.0,EMP,2025-04-29 00:00:00+10:00,Energy,0.0,0.0,0.0,0.0,0.02720000073313713,0.9926470578164766,0.02730000074952841,0.9890109875114558,0.028400000277906658,0.9507042407094204,0.031060000583529472,0.869285260563458,0.030250000413507224,0.8925619944222725,0.022590000149793923,1.195219146583356,0.01597191624999777,0.2535463101518727,0.05487649246087985,0.8711373112499939,0.05049688454506152,0.8016131909386428,0.04787392058675874,0.7599749289493142,0.0,38.46154066585283,42.105265737736005,-0.00117640942180805,-0.0011656932443216382,-1.0716177486411876e-05,0.029197367656633787,0.02540263384242303,-0.1581138830082755,0.03147108680732492,0.025328913748488398,-0.45586458217355297,0.03666480961498539,0.02545519155207356,-0.7243779155344859,393865.6,398945.8,0.5548060048910085,0.5477410715941865,-0.03571429046593133,-0.03571429046593133,-0.1290322212380245,-0.18181815616191244,-0.03571429046593136,-0.03571429046593136,-0.12903222123802455,-0.1818181561619124,50.00001552204518,45.23810801474435,37.5,37.5,-49.99998447795482,-62.5,0.0012142853811383247,0.001238095263640086,-71.1864255290009,-79.3814521369743,36.354194344699515,35.227137623715365,0.027606110369293627,-0.037037042147174515,HOLD,0,1
0.027000000700354576,0.02800000086426735,0.027000000700354576,0.027000000700354576,785528,0.0,0.0,EMP,2025-04-30 00:00:00+10:00,Energy,0.0,0.0,0.0,0.0,0.027000000700354576,1.0,0.02720000073313713,0.9926470578164766,0.028250000346451996,0.9557522254595507,0.030940000601112842,0.8726567606913184,0.03026000041514635,0.8922670300704949,0.022680000155232846,1.1904762132078293,0.01597191624999777,0.2535463101518727,0.05487649246087985,0.8711373112499939,0.050117104356997656,0.7955843673557248,0.04787392058675874,0.7599749289493142,0.0,45.454543915169026,38.88889061356057,-0.001145729126340634,-0.0011617004207254374,1.5971294384803467e-05,0.029037874201335162,0.025362127264939097,-0.10882143751639538,0.03128488425133512,0.02521511644156887,-0.41187725305939116,0.036631527311677514,0.025248473890548167,-0.6922571220556331,442959.6,424058.25,1.7733626272012166,1.8524058899927074,-0.03571429046593133,-0.03571429046593133,-0.09999995653827887,-0.18181815616191244,-0.03571429046593136,-0.03571429046593136,-0.09999995653827888,-0.1818181561619124,50.00001552204518,47.61906176839477,37.5,37.5,-49.99998447795482,-62.5,0.0011428569310477801,0.00119047611951828,-25.301190245817796,-58.113207417202275,52.18681652123516,38.11045711520431,0.024000000208616257,-0.07407408429434903,SELL,0,2
0.027000000700354576,0.03099999949336052,0.027000000700354576,0.028999999165534973,1046396,0.0,0.0,EMP,2025-05-01 00:00:00+10:00,Energy,0.07407401530749347,0.07145890926843047,0.001999998465180397,0.07407401530749338,0.027400000393390654,1.0583941149333074,0.027600000612437725,1.0507245841315798,0.02820000033825636,1.0283687524000957,0.030920000597834587,0.9379042239593592,0.03030000040307641,0.9570956692987553,0.022775000152178107,1.2733259702200939,0.033126906718782594,0.5258733412964006,0.04552739561976382,0.7227249999020786,0.05308297491041986,0.8426661027867127,0.04736668312107529,0.7519227838101958,66.6666459706,45.454543915169026,47.36842002069498,-0.0009490910785231003,-0.0011191785522849701,0.00017008747376186977,0.02899841181043561,0.02620158941443984,1.001135113263994,0.031145111301166786,0.025254889375345934,0.2716362260551421,0.036632000767987484,0.02520800042768169,-0.3361346945212399,634838.8,457783.6,1.6482861476015642,2.2857874331889567,0.07407401530749347,0.15999994933605266,-0.033333339542150675,-0.033333339542150675,0.07407401530749338,0.1599999493360527,-0.03333333954215063,-0.03333333954215063,71.42856382593739,57.14286495667593,62.49997671693945,45.833325572313136,-28.57143617406261,-37.50002328306055,0.0012857140973210335,0.0013333331970941452,180.83320593618126,38.88887384591525,47.18396774796142,49.418613479020145,0.024080000221729278,-0.13793099683119092,SELL,0,2
0.028999999165534973,0.028999999165534973,0.02800000086426735,0.02800000086426735,119979,0.0,0.0,EMP,2025-05-02 00:00:00+10:00,Energy,-0.03448270103593898,-0.035091260169922964,-0.000999998301267624,-0.034482701035939034,0.02760000042617321,1.0144927692723806,0.027600000612437725,1.014492762425859,0.02815000042319298,0.9946714189459819,0.03088000062853098,0.9067357608275853,0.030330000407993794,0.9231783873266171,0.022865000157617034,1.224579080308455,0.039882709227680314,0.6331183813676583,0.029720968704556056,0.47180575149713316,0.05312115287067678,0.8432721591171338,0.0476230574605016,0.7559926002781586,50.0,50.0,45.00000232830713,-0.0008639860214620688,-0.0010681400461203898,0.00020415402465832097,0.02899841181043561,0.02620158941443984,0.28603907949414875,0.031071787011067054,0.025228213835318904,-0.051338300869801304,0.036646052466624404,0.025113948790437553,-0.4994751773192377,553767.6,453623.5,0.2166594795361809,0.2644902656057281,0.037037042147174404,0.0,-0.03448270103593898,-0.06666661699612819,0.03703704214717449,0.0,-0.034482701035939034,-0.06666661699612825,57.14287234812522,59.523817232035945,50.0,49.99999223897981,-42.85712765187478,-50.0,0.001214285514184407,0.0013333331083967572,92.77104238344788,3.9772694125014576,46.95412519347092,51.43491663556097,0.02435680019259453,-0.1071428713977941,SELL,0,2
0.02800000086426735,0.02800000086426735,0.027000000700354576,0.027000000700354576,963027,0.0,0.0,EMP,2025-05-05 00:00:00+10:00,Energy,-0.03571429046593133,-0.03636764909850735,-0.0010000001639127731,-0.03571429046593136,0.02760000042617321,0.9782608798349999,0.02750000059604645,0.9818181860052848,0.02795000048354268,0.9660107417977515,0.030780000612139702,0.8771929877644549,0.030360000412911176,0.889328074214133,0.022955000163055957,1.1762143545443615,0.04457723829286538,0.7076417199419236,0.03184280198907456,0.5054888106633851,0.05104077946253647,0.810247255084587,0.04688092069404636,0.7442115443411296,50.0,45.454543915169026,45.00000232830713,-0.0008672343685045998,-0.0010279589105972318,0.00016072454209263196,0.028914213512170415,0.026085787679922482,-0.353553478398612,0.030583788240427557,0.025316212726657805,-0.3606971673039138,0.0366394432360946,0.0249205579881848,-0.6451125396008691,626689.8,499166.65,1.5366884860739713,1.9292695134981472,0.0,-0.03571429046593133,-0.1290322212380245,-0.15625001818989315,0.0,-0.03571429046593136,-0.12903222123802455,-0.15625001818989318,42.85715426109392,57.14286347838552,37.5,49.99999223897981,-57.14284573890608,-62.5,0.0012857140973210335,0.0013333331083967572,-20.2898367629089,-54.63917478261779,38.0186030631546,46.386227779986385,0.02462252816462517,-0.037037042147174515,HOLD,0,1
0.02800000086426735,0.02800000086426735,0.02800000086426735,0.02800000086426735,865,0.0,0.0,EMP,2025-05-06 00:00:00+10:00,Energy,0.037037042147174404,0.0363676490985073,0.0,0.0,0.027800000458955764,1.0071942590650984,0.02750000059604645,1.0181818275412249,0.027800000552088023,1.007194255690916,0.030680000633001327,0.9126466846988522,0.030410000421106816,0.9207497690408861,0.023050000169314445,1.2147505708716932,0.04740379017137527,0.7525118399720813,0.03431241470498016,0.5446926971489592,0.05192112714399388,0.8242223412790386,0.04697257312995195,0.7456664816558864,60.00000745058493,50.0,42.105264189831445,-0.0007801242641545109,-0.0009783919813086876,0.00019826771715417677,0.028914213512170415,0.026085787679922482,0.3535537418165346,0.030010024926517033,0.025589976177659013,0.09049688071019536,0.036555443012493735,0.024804558253508923,-0.45613582699546623,583159.0,499209.9,0.001483300437787979,0.0017327380727024844,0.037037042147174404,0.0,-0.09677415090718633,-0.15151512072762818,0.03703704214717449,0.0,-0.09677415090718632,-0.1515151207276282,57.14287234812522,52.380966319114805,57.14287234812522,48.214290782708396,-42.85712765187478,-42.85712765187478,0.00135714268045766,0.0012380949088505336,60.86959667226792,-1.2962656852813434,38.02945418353738,45.96681829009225,0.024877627017774583,-0.03571429046593133,HOLD,0,1
0.02800000086426735,0.02800000086426735,0.02800000086426735,0.02800000086426735,32577,0.0,0.0,EMP,2025-05-07 00:00:00+10:00,Energy,0.0,0.0,0.0,0.0,0.02800000049173832,1.0000000133046079,0.02750000059604645,1.0181818275412249,0.027700000628829,1.0108303331634627,0.030580000653862953,0.9156311401429061,0.030440000426024197,0.919842328265186,0.02314500017557293,1.2097645561402222,0.04740379017137527,0.7525118399720813,0.03431241470498016,0.5446926971489592,0.05148998677396672,0.8173782000835252,0.04697257312995195,0.7456664816558864,60.00000745058493,66.66667356535413,42.105264189831445,-0.0007029853018955604,-0.0009233106454260622,0.00022032534353050184,0.028914213512170415,0.026085787679922482,0.3535537418165346,0.029657442168208002,0.02574255908945,0.153261402398522,0.036464467140049264,0.024695534167676645,-0.43844243070329525,432568.8,489945.35,0.07531056331385898,0.0664910892612819,0.037037042147174404,0.0,-0.06666661699612819,-0.15151512072762818,0.03703704214717449,0.0,-0.06666661699612825,-0.1515151207276282,25.000011641535696,41.66667941691829,57.14287234812522,50.59524823208347,-74.99998835846431,-42.85712765187478,0.000999999897820609,0.0012380949088505336,52.23883850108991,12.584303124226487,52.80995334199263,45.96681829009225,0.02512252191679802,-0.03571429046593133,HOLD,0,1
0.029999999329447746,0.029999999329447746,0.027000000700354576,0.027000000700354576,18196,0.0,0.0,EMP,2025-05-08 00:00:00+10:00,Energy,-0.03571429046593133,-0.03636764909850735,-0.00299999862909317,-0.09999995653827888,0.02760000079870224,0.9782608666309939,0.02750000059604645,0.9818181860052848,0.027650000620633365,0.9764918659787032,0.030460000671446323,0.8864084079178893,0.030450000427663326,0.8866995179358197,0.023230000180192292,1.1622901631906521,0.03226099838249478,0.5121274726004292,0.03431241470498016,0.5446926971489592,0.04989043023546257,0.7919860272303096,0.04720914722347537,0.7494219789645075,50.0,42.85713905582483,42.105264189831445,-0.0007143096573393286,-0.0008815104478087155,0.00016720079046938694,0.028914213512170415,0.026085787679922482,-0.353553478398612,0.02962617407869345,0.02567382716257328,-0.32891845481866905,0.03638759157342284,0.02453240976946981,-0.5837109929327332,226928.8,462900.55,0.08018374045074932,0.03930865927897472,-0.06896546630102296,0.0,-0.03571429046593133,-0.18181815616191244,-0.06896546630102299,0.0,-0.03571429046593136,-0.1818181561619124,0.0,27.380961329886986,42.85715426109392,52.38096631911478,-100.0,-57.14284573890608,0.0009999997647745268,0.001333332931001981,46.66661947964871,27.999963005378987,52.17312499004891,47.37042814740904,0.02535762101986052,0.0,HOLD,0,1
0.02800000086426735,0.02800000086426735,0.02800000086426735,0.02800000086426735,17881,0.0,0.0,EMP,2025-05-09 00:00:00+10:00,Energy,0.037037042147174404,0.0363676490985073,0.0,0.0,0.02760000079870224,1.0144927555793375,0.027600000612437725,1.014492762425859,0.027550000697374344,1.0163339439383714,0.030380000658333302,0.9216589946513674,0.03047000043094158,0.9189366743767419,0.023320000185631216,1.2006861338500223,0.036376868788368245,0.5774648897354993,0.03619718774698861,0.5746125416306775,0.04782548719373881,0.7592060726708235,0.047372558677927765,0.7520160553836698,57.142860944175176,50.0,50.0,-0.0006352696417499318,-0.0008322622865969589,0.00019699264484702712,0.02899841181043561,0.02620158941443984,0.28603907949414875,0.029201156518622564,0.025898844876126124,0.27253646270212073,0.0363306829146921,0.024429318401974504,-0.3999541046781191,206509.2,392191.7,0.08658694140503183,0.04559249979028113,0.0,0.037037042147174404,-0.06666661699612819,-0.12500001455191456,0.0,0.03703704214717449,-0.06666661699612825,-0.12500001455191453,25.000011641535696,16.666674427690477,57.14287234812522,52.38096631911478,-74.99998835846431,-42.85712765187478,0.0009999997647745268,0.0012857139642749513,41.26987956459415,33.52116108851481,52.412905657919794,51.63484331263734,0.02558331615880052,-0.07142858093186266,SELL,0,2
0.028999999165534973,0.028999999165534973,0.028999999165534973,0.028999999165534973,119999,0.0,0.0,EMP,2025-05-12 00:00:00+10:00,Energy,0.035714223942892476,0.03509126016992313,0.0,0.0,0.02800000049173832,1.035714237722664,0.027800000458955764,1.043165420387345,0.027600000612437725,1.0507245841315798,0.030320000611245634,0.9564643331431506,0.03047000043094158,0.9517557845547696,0.023415000182576477,1.2385222694601725,0.032392550438311185,0.5142157967453262,0.03747353404893764,0.594873911041202,0.046025948701803765,0.7306392847247335,0.04766525621348091,0.7566624847142804,50.0,55.55554865686666,47.05882224038363,-0.000486332219272502,-0.0007630762731320675,0.00027674405385956556,0.02937762073366567,0.026222380184245858,0.7606384919209186,0.02936516018005918,0.02583484104481627,0.793128609320991,0.03626450647916949,0.024375494743321777,-0.22205402350316394,37903.6,393095.5,3.1658998089891197,0.3052667863152847,0.07407401530749347,0.07407401530749347,0.035714223942892476,-0.093750069121594,0.07407401530749338,0.07407401530749338,0.035714223942892365,-0.09375006912159405,49.99997671692861,24.999996119488117,71.42856382593739,57.1428634783855,-50.00002328307139,-28.57143617406261,0.0010714282148650714,0.0012380949088505336,144.44434182645517,164.34767057777577,54.01534235561842,38.844734438465544,0.025799983492182918,-0.10344823156610694,SELL,0,2
0.028999999165534973,0.028999999165534973,0.027000000700354576,0.027000000700354576,525828,0.0,0.0,EMP,2025-05-13 00:00:00+10:00,Energy,-0.06896546630102296,-0.07145890926843038,-0.001999998465180397,-0.06896546630102299,0.027800000458955764,0.9712230307412291,0.027800000458955764,0.9712230307412291,0.027550000604242085,0.980036301567165,0.030220000594854354,0.8934480532390175,0.03048000043258071,0.8858267820591534,0.02350000018719584,1.148936190862915,0.046030176691698996,0.7307064019835843,0.04471414114020866,0.7098149852690053,0.04874625627888461,0.773822828756097,0.04862773580598043,0.7719413745766516,42.85713905582483,45.454542375791554,47.05882224038363,-0.0005236451451034671,-0.0007151900475263475,0.00019154490242288044,0.02937762073366567,0.026222380184245858,-0.5070927215031462,0.029324082670680728,0.025775918537803442,-0.31001942598495363,0.03621714334214954,0.02422285784755917,-0.5369223362162012,142896.2,365940.55,3.6797899454289196,1.4369219262527753,-0.03571429046593133,0.0,-0.03571429046593133,-0.15625001818989315,-0.03571429046593136,0.0,-0.03571429046593136,-0.15625001818989318,0.0,24.999996119488117,42.85715426109392,57.14286347838549,-100.0,-57.14284573890608,0.001142856664955616,0.0012380949088505336,-11.111147329221817,-4.154350407380519,54.22190556333402,35.95843132772774,0.026007984132230023,0.0,HOLD,0,1
0.027000000700354576,0.027000000700354576,0.027000000700354576,0.027000000700354576,0,0.0,0.0,EMP,2025-05-14 00:00:00+10:00,Energy,0.0,0.0,0.0,0.0,0.02760000042617321,0.9782608798349999,0.027800000458955764,0.9712230307412291,0.02750000059604645,0.9818181860052848,0.030100000612437724,0.8970099717937485,0.030500000435858966,0.8852459119512199,0.023585000191815197,1.1447954412026886,0.046030176691698996,0.7307064019835843,0.04471414114020866,0.7098149852690053,0.04874625627888461,0.773822828756097,0.048388648009638935,0.7681459734728713,50.0,50.0,47.05882224038363,-0.0005469114528615891,-0.0006815343285933959,0.00013462287573180677,0.02937762073366567,0.026222380184245858,-0.5070927215031462,0.029277046858604716,0.02572295433348818,-0.28136571693528284,0.03611019662739638,0.02408980459747907,-0.5157901513307754,136380.8,365940.55,0.0,0.0,-0.03571429046593133,0.0,-0.03571429046593133,-0.18181815616191244,-0.03571429046593136,0.0,-0.03571429046593136,-0.1818181561619124,0.0,16.666658905642883,42.85715426109392,52.38095744937507,-100.0,-57.14284573890608,0.0010714280818189894,0.0012380949088505336,-88.8888888888884,-82.23494578004833,55.487969344912656,35.95843132772774,0.026207664746675245,-0.037037042147174515,HOLD,0,1
0.027000000700354576,0.027000000700354576,0.027000000700354576,0.027000000700354576,0,0.0,0.0,EMP,2025-05-15 00:00:00+10:00,Energy,0.0,0.0,0.0,0.0,0.02760000042617321,0.9782608798349999,0.027600000612437725,0.9782608732329968,0.027600000612437725,0.9782608732329968,0.029960000589489937,0.9012016077805507,0.03052000043913722,0.8846658031410516,0.02367500019725412,1.1404435258879573,0.043013420489899104,0.6828168819271385,0.03665401838075895,0.5818645031200715,0.041828472962548637,0.664006423082957,0.04815384582090483,0.7644186042807667,39.99999254941507,50.0,47.05882224038363,-0.0005589074324115519,-0.0006570089493570272,9.810151694547532e-05,0.02899841181043561,0.02620158941443984,-0.4290582862481178,0.02896111412362379,0.02623888710125166,-0.440815484639714,0.035925343196901244,0.023994657982078626,-0.49619947820899213,132741.6,291479.2,0.0,0.0,0.0,-0.06896546630102296,0.08000001192092876,-0.20588237549916144,0.0,-0.06896546630102299,0.08000001192092877,-0.20588237549916147,0.0,0.0,42.85715426109392,42.85715426109392,-100.0,-57.14284573890608,0.0010714280818189894,0.0012380949088505336,-88.8888888888884,-73.27822714825406,55.487969344912656,35.95843132772774,0.026399358136542657,-0.037037042147174515,HOLD,0,1
0.027000000700354576,0.027000000700354576,0.024000000208616257,0.026000000536441803,320301,0.0,0.0,EMP,2025-05-16 00:00:00+10:00,Energy,-0.037037042147174515,-0.03774033328952827,-0.0010000001639127731,-0.03703704214717449,0.0272000003606081,0.955882359990547,0.027400000579655172,0.9489051089928485,0.02750000059604645,0.9454545444693447,0.029800000563263894,0.8724832229866948,0.030510000437498092,0.8521796186042231,0.02376000020187348,1.094276107556249,0.04004808121880585,0.6357435803416607,0.03687883360093902,0.5854333341013037,0.03280421447692952,0.5207507607646819,0.04838355814589003,0.7680651743907504,33.333322985299986,45.454542375791554,53.33333498901846,-0.0006417087692666863,-0.000653948913338959,1.2240144072272726e-05,0.029086548156167107,0.025713453003143236,-0.8300981618963903,0.029021771892940557,0.02597822929915234,-0.9856934893345025,0.035752191496023676,0.023847809630504115,-0.6384203849892617,193225.6,306101.35,1.6576530232018944,1.0463887205985862,-0.07142858093186266,-0.07142858093186266,-0.07142858093186266,-0.23529414342761312,-0.07142858093186272,-0.07142858093186272,-0.07142858093186272,-0.23529414342761312,28.57143617406261,9.523812058020882,28.57143617406261,38.09524823208347,-71.42856382593739,-71.42856382593739,0.0012857138312288693,0.0011428568866990862,-200.00004434870414,-225.86671962739067,51.29608069571578,44.601726498134596,0.03099999949336052,0.03846154397232282,HOLD,0,1
0.023000000044703484,0.026000000536441803,0.019999999552965164,0.026000000536441803,923023,0.0,0.0,EMP,2025-05-19 00:00:00+10:00,Energy,0.0,0.0,0.0030000004917383194,0.13043480373510563,0.026600000634789466,0.9774436058635676,0.027300000563263892,0.9523809523809524,0.027400000579655172,0.9489051089928485,0.029640000537037848,0.8771929846611326,0.03052000043913722,0.8519003985039525,0.02385000020265579,1.0901467637533437,0.03114751865585323,0.4944515299207949,0.0354660032813741,0.5630053480794996,0.03280421447692952,0.5207507607646819,0.04838355814589003,0.7680651743907504,39.99999254941507,45.454542375791554,41.66666149264999,-0.000699268691084616,-0.0006630128688880905,-3.62558221965255e-05,0.029197366728640456,0.025402634397887328,-0.6851603293790584,0.02904156544765343,0.025758435711656914,-0.8528447888389227,0.03556139072143823,0.023718610352637472,-0.6147205111031956,353830.4,342146.4,2.608659402922982,2.697742837568947,-0.10344823156610694,-0.037037042147174515,-0.07142858093186266,-0.23529414342761312,-0.10344823156610695,-0.03703704214717449,-0.07142858093186272,-0.23529414342761312,54.54546378171153,27.705633318591396,54.54546378171153,41.99135140562268,-45.45453621828847,-45.45453621828847,0.0017142853300486291,0.0012857140529723395,-252.48762047366125,-306.5173833886571,42.62005370895604,37.649726693015545,0.030859999507665634,0.07692308794464564,BUY,0,0
0.028999999165534973,0.029999999329447746,0.026000000536441803,0.026000000536441803,452147,0.0,0.0,EMP,2025-05-20 00:00:00+10:00,Energy,0.0,0.0,-0.00299999862909317,-0.10344823156610695,0.026400000602006913,0.9848484827104624,0.02710000053048134,0.9594095951104398,0.027300000563263892,0.9523809523809524,0.02938000053167343,0.8849557544565807,0.030540000442415477,0.8513425068695056,0.023935000207275153,1.0862753420214712,0.016563468785320192,0.2629369155272299,0.03261750107551007,0.5177867774050888,0.03280421447692952,0.5207507607646819,0.043190985788279485,0.6856356436530753,24.999976716917757,45.454542375791554,41.66666149264999,-0.0007363966219552549,-0.0006776896195015235,-5.870700245373141e-05,0.029088857917649796,0.02511114314331288,-0.5530813828766321,0.029029009527300618,0.025570991599227166,-0.7518758166452608,0.03473880066294605,0.02402120040040081,-0.6307382086349498,339094.2,364753.75,1.3333964426404226,1.2395952063549724,-0.037037042147174515,-0.07142858093186266,-0.07142858093186266,-0.33333333333333337,-0.03703704214717449,-0.07142858093186272,-0.07142858093186272,-0.3333333333333333,54.54546378171153,45.887454579161904,54.54546378171153,45.88745457916189,-45.45453621828847,-45.45453621828847,0.001928570946412427,0.0014285711305482046,-8.706486299210187,-5.773229865954518,38.32938812003638,42.44706663893605,0.030425599509477614,0.15384610424909462,BUY,0,0
0.026000000536441803,0.026000000536441803,0.026000000536441803,0.026000000536441803,0,0.0,0.0,EMP,2025-05-21 00:00:00+10:00,Energy,0.0,0.0,0.0,0.0,0.026200000569224356,0.9923664111283462,0.026900000497698785,0.9665427529886487,0.027200000546872615,0.955882353444703,0.029200000539422035,0.8904109608265244,0.030560000445693732,0.8507853454598202,0.024020000211894512,1.0824313200283324,0.016563468785320192,0.2629369155272299,0.03261750107551007,0.5177867774050888,0.03280421447692952,0.5207507607646819,0.04094463376570355,0.649975910800018,0.0,33.33333333333333,41.66666149264999,-0.0007570934723871749,-0.0006935703900786539,-6.352308230852101e-05,0.02888885780161919,0.02491114319377838,-0.4525211333577903,0.028988854432932178,0.025411146660813053,-0.6708205850585918,0.03439025872405216,0.02400974235479191,-0.6165396574020864,339094.2,337750.85,0.0,0.0,-0.037037042147174515,-0.07142858093186266,-0.07142858093186266,-0.2571428449786439,-0.03703704214717449,-0.07142858093186272,-0.07142858093186272,-0.257142844978644,60.000011175871144,56.363646246431415,54.54546378171153,54.54546378171153,-39.999988824128856,-45.45453621828847,0.0016428567469120026,0.0014285711305482046,-88.564475750995,-113.21500068355795,17.880391844332053,42.44706663893605,0.030008575511217116,0.2692307361660631,BUY,0,0
0.026000000536441803,0.026000000536441803,0.023000000044703484,0.024000000208616257,184828,0.0,0.0,EMP,2025-05-22 00:00:00+10:00,Energy,-0.07692308794464564,-0.08004271961356928,-0.0020000003278255463,-0.07692308794464563,0.025600000470876693,0.9374999909050532,0.026600000448524952,0.9022556317267704,0.0270500005222857,0.8872458316162827,0.029000000506639482,0.8275861996320143,0.030540000442415477,0.7858546123425676,0.024095000214874745,0.9960572730686327,0.03424734186707843,0.5436596978718,0.03869905176724766,0.6143284017009117,0.036084830541869714,0.5728289262941723,0.04206570783565035,0.6677724099421917,0.0,29.99999254941784,35.71427811164965,-0.0009242252933511184,-0.0007397013707331468,-0.00018452392261797163,0.029299794385983385,0.02390020651106652,-0.9630365502473556,0.02934186226380533,0.024758138780766065,-1.3307959456782594,0.03420596290866179,0.023794038104617176,-0.9604372663315677,376059.8,342642.25,0.4914856626525888,0.5394197592386811,-0.11111112644152343,-0.11111112644152343,-0.11111112644152343,-0.2941176792845164,-0.11111112644152346,-0.11111112644152346,-0.11111112644152346,-0.2941176792845164,40.00000745058076,51.51516080272116,36.363642521141024,48.48485669485469,-59.99999254941924,-63.636357478858976,0.0017857140462313379,0.0015238092413970403,-156.50407047013314,-208.58589769742045,17.668395041979522,45.39901181164176,0.029608232472887037,0.6250000194025536,BUY,0,0
0.024000000208616257,0.024000000208616257,0.024000000208616257,0.024000000208616257,20307,0.0,0.0,EMP,2025-05-23 00:00:00+10:00,Energy,0.0,0.0,0.0,0.0,0.025200000405311583,0.9523809453414773,0.026200000382959842,0.9160305289241737,0.026900000497698785,0.8921932997982429,0.028800000473856925,0.8333333268658156,0.030510000437498092,0.7866273308576959,0.024170000217854978,0.9929664870622079,0.03440105073668382,0.5460997505314843,0.035203419130110665,0.5588369539046795,0.036084830541869714,0.5728289262941723,0.04206570783565035,0.6677724099421917,0.0,33.33332643464587,38.46153184859439,-0.001044636545749069,-0.0008006884057363314,-0.00024394814001273764,0.029151459230873256,0.02324854153504643,-0.7453941551307465,0.029567544032955063,0.024232456962442507,-1.0871426279473706,0.03399025849443064,0.023609742453283216,-0.9248095655772612,316061.0,317390.85,0.06425025548865568,0.0639810504934216,-0.07692308794464564,-0.14285716186372543,-0.11111112644152343,-0.2941176792845164,-0.07692308794464563,-0.14285716186372543,-0.11111112644152346,-0.2941176792845164,40.00000745058076,46.6666753590109,36.363642521141024,42.424249607997844,-59.99999254941924,-63.636357478858976,0.0017142854630947113,0.0014761901859726226,-132.3383138795342,-190.90909706659508,24.503879228795583,45.96884273710705,0.02922390315609016,0.4583333268658154,BUY,0,0
0.028999999165534973,0.028999999165534973,0.028999999165534973,0.028999999165534973,334719,0.0,0.0,EMP,2025-05-26 00:00:00+10:00,Energy,0.2083332880607085,0.18924196217152783,0.0,0.0,0.025800000131130218,1.12403096969537,0.026200000382959842,1.1068701809789367,0.027000000420957803,1.0740740264220419,0.028700000420212746,1.0104529178024313,0.030490000434219837,0.9511314776167537,0.024275000211782752,1.1946446513915485,0.10708196887690404,1.6998735572846793,0.0784455531822806,1.2452845510752357,0.05989454561525581,0.950796435523086,0.0518579784921601,0.8232198875087516,62.49999126885026,53.84614833536792,55.555553255992834,-0.0007282108404291707,-0.0007861928926748994,5.798205224572873e-05,0.029151459230873256,0.02324854153504643,0.9486829825035982,0.029828427177474845,0.02417157366444076,0.707106429384791,0.0336692940428549,0.02373070679757059,0.060370500941081116,198400.2,304206.0,1.6870900331753698,1.1003037415435593,0.1153845602767718,0.0,0.07407401530749347,-0.14705889442593612,0.11538456027677187,0.0,0.07407401530749338,-0.1470588944259361,89.99999813735481,56.66667101283878,81.81817873942948,51.51515459390384,-10.00000186264519,-18.181821260570512,0.001999999662595136,0.0017142853743973233,104.07669074070846,112.44974046131655,34.06419363245911,49.28776348277062,0.019999999552965164,0.20689659159050366,BUY,0,0
0.027000000700354576,0.027000000700354576,0.027000000700354576,0.027000000700354576,1,0.0,0.0,EMP,2025-05-27 00:00:00+10:00,Energy,-0.06896546630102296,-0.07145890926843038,0.0,0.0,0.026000000163912775,1.0384615588514408,0.026200000382959842,1.0305343628130268,0.027000000420957803,1.0000000103480284,0.02860000040382147,0.9440559552141438,0.030410000439733267,0.8878658437990933,0.024365000217221676,1.108146950939505,0.11542994299465476,1.8323935380853127,0.0784455531822806,1.2452845510752357,0.062150503822814514,0.9866086618352181,0.05210438458254856,0.827131462928949,55.55555785511804,46.66666501098154,50.0,-0.0006315443011139649,-0.0007552631743627126,0.0001237188732487477,0.029151459230873256,0.02324854153504643,0.2710525061056869,0.029828427177474845,0.02417157366444076,9.878168930299102e-08,0.03349897997852708,0.023701020829115866,-0.3265985658989082,107971.0,293280.1,9.261746209630364e-06,3.4097096939069513e-06,0.03846154397232282,0.0,0.0,-0.15625001818989315,0.03846154397232281,0.0,0.0,-0.15625001818989318,70.00001303851634,66.66667287548398,63.63637441199679,60.60606522418909,-29.999986961483664,-36.36362558800321,0.002142856695822307,0.0018095233965487708,13.930370623727237,-5.622470528555799,34.064181603836374,49.287755061510644,0.02017999954521656,0.2222221838961913,BUY,0,0
0.027000000700354576,0.027000000700354576,0.02500000037252903,0.02500000037252903,97728,0.0,0.0,EMP,2025-05-28 00:00:00+10:00,Energy,-0.07407408429434903,-0.07696105217402534,-0.0020000003278255463,-0.07407408429434897,0.025800000131130218,0.9689922575761575,0.02600000035017729,0.9615384629161576,0.026900000404566526,0.9293680296110719,0.02842000037431717,0.8796622112335103,0.030350000448524952,0.823723229096165,0.024445000221021473,1.0227040354464911,0.12200007942699814,1.9366912205637872,0.08212323165231211,1.3036658868777953,0.06442392650678581,1.0226981281155445,0.05222773367580449,0.829089569080152,45.454543915169026,43.74999708961607,45.45454314548042,-0.0007081555081309976,-0.0007458416411163696,3.7686132985372055e-05,0.028981423975871442,0.023018576724483136,-0.3354102278623465,0.029866479452859376,0.023933521356273676,-0.6404899549622334,0.03316819010282015,0.023671810645814185,-0.7202745040405961,127516.6,258890.1,0.7663943361099652,0.37748836282268033,-0.03846154397232282,-0.07407408429434903,-0.07407408429434903,-0.2647059113560648,-0.03846154397232281,-0.07407408429434897,-0.07407408429434897,-0.26470591135606475,50.00000931322595,70.00000682969905,45.454553151426275,63.63636876761751,-49.99999068677405,-54.545446848573725,0.0020714282457317624,0.0019047615073976062,-42.73926617321794,-75.72326992038198,33.19636529727059,48.517628256845356,0.02035639953762293,0.39999998509883894,BUY,0,0
0.02500000037252903,0.02500000037252903,0.02500000037252903,0.02500000037252903,0,0.0,0.0,EMP,2025-05-29 00:00:00+10:00,Energy,0.0,0.0,0.0,0.0,0.026000000163912775,0.9615384698046381,0.025800000317394732,0.9689922505804649,0.02670000046491623,0.9363295856634536,0.02824000034481287,0.8852691241953556,0.030280000437051056,0.825627477268417,0.02452500022482127,1.0193679976902517,0.11488397406722077,1.8237265500519588,0.08212323165231211,1.3036658868777953,0.06190109443226668,0.9826494105030156,0.05222773367580449,0.829089569080152,45.454543915169026,39.999995032944625,45.45454314548042,-0.0007601083853308807,-0.0007486949899592719,-1.1413395371608764e-05,0.0287514590531138,0.022848541581675662,-0.2710523901906414,0.029609151038800872,0.023790849891031585,-0.5843630466047539,0.03280356481129243,0.02367643587833331,-0.709971338431262,90551.0,206570.3,0.0,0.0,0.041666673134184595,-0.07407408429434903,-0.13793099683119092,-0.2647059113560648,0.04166667313418449,-0.07407408429434897,-0.1379309968311909,-0.26470591135606475,50.00000931322595,56.666677221656094,45.454553151426275,51.51516023828311,-49.99999068677405,-54.545446848573725,0.001999999662595136,0.0018571424519731885,-64.36781550134101,-97.58064472518716,32.767346131758245,40.56879202038244,0.02052927153018117,0.43999991655349846,BUY,0,0
0.028999999165534973,0.028999999165534973,0.02500000037252903,0.02500000037252903,577985,0.0,0.0,EMP,2025-05-30 00:00:00+10:00,Energy,0.0,0.0,-0.003999998793005943,-0.1379309968311909,0.026200000196695328,0.9541984803375057,0.025700000301003455,0.9727626490165023,0.026550000440329312,0.9416195841019332,0.028060000315308573,0.8909479719032608,0.030210000425577165,0.8275405501604326,0.024605000228621065,1.0160536533321585,0.11488397406722077,1.8237265500519588,0.08134262358145788,1.2912741179164542,0.06153600239768031,0.9768537541280189,0.05222773367580449,0.829089569080152,45.454543915169026,35.71428666461509,39.99999999999999,-0.000792150002677447,-0.0007573859925029071,-3.4764010174539875e-05,0.028688868113094894,0.022711132488912017,-0.23420237109268674,0.02948616317676881,0.023613837703889813,-0.5278999179997325,0.03240078891865516,0.023719211711961986,-0.7049410193392961,202086.6,229470.6,2.860085725624559,2.5187758257484836,0.041666673134184595,-0.03846154397232282,-0.1071428713977941,-0.2647059113560648,0.04166667313418449,-0.03846154397232281,-0.10714287139779408,-0.26470591135606475,50.00000931322595,50.00000931322595,50.00000931322595,46.969705205359496,-49.99999068677405,-49.99999068677405,0.002214285412005016,0.0018571424519731885,10.6666491826364,-24.13795011993173,41.5669748164281,33.31583853201218,0.02069868608288825,0.3600000536441794,BUY,0,0
0.02500000037252903,0.02500000037252903,0.02500000037252903,0.02500000037252903,0,0.0,0.0,EMP,2025-06-02 00:00:00+10:00,Energy,0.0,0.0,0.0,0.0,0.02540000043809414,0.9842519661942524,0.02560000028461218,0.9765625036948222,0.026450000423938035,0.9451795830560096,0.02788000028580427,0.8967001476416175,0.030130000431090594,0.8297378033467264,0.024685000232420862,1.0127607914580634,0.03921461111390265,0.622512652604976,0.08134262358145788,1.2912741179164542,0.06108266226294904,0.9696572025930782,0.05222773367580449,0.829089569080152,55.55555785511804,41.666664079659135,42.105260062084916,-0.000808226483474013,-0.0007675540906971283,-4.0672392776884645e-05,0.02861109045424031,0.022588910114984047,-0.1992633492464454,0.02945700960709866,0.02344299124077741,-0.4822067253831699,0.031953608130890425,0.023806392440718114,-0.7069899761581812,135142.8,181319.25,0.0,0.0,-0.13793099683119092,-0.03846154397232282,-0.07407408429434903,-0.2647059113560648,-0.1379309968311909,-0.03846154397232281,-0.07407408429434897,-0.26470591135606475,50.00000931322595,50.00000931322595,50.00000931322595,48.48485725929272,-49.99999068677405,-49.99999068677405,0.0020714283787778448,0.0018095234852461587,-55.5555533997162,-83.4490713964916,49.61343165750066,34.25541249985706,0.020864712344541184,0.3199999731779102,BUY,0,0
0.02500000037252903,0.02500000037252903,0.02500000037252903,0.02500000037252903,0,0.0,0.0,EMP,2025-06-03 00:00:00+10:00,Energy,0.0,0.0,0.0,0.0,0.02500000037252903,1.0,0.025500000268220902,0.9803921611595043,0.02630000039935112,0.9505703419360343,0.02772000029683113,0.9018759056574381,0.030040000416338444,0.8322237025979463,0.024765000236220656,1.009489203879137,0.03312693757064213,0.5258738310544876,0.08134262358145788,1.2912741179164542,0.060388690984681685,0.958640750077176,0.052110883934135294,0.8272346369368391,55.55555785511804,41.666664079659135,44.44444214488196,-0.0008116114586454067,-0.0007763655642867841,-3.524589435862258e-05,0.028518461515790124,0.02248153902065168,-0.1656472800817052,0.02928063945897018,0.02331936133973206,-0.4361480879836001,0.03159645928652506,0.0238435413071372,-0.7016712756496523,135142.6,181276.0,0.0,0.0,-0.07407408429434903,-0.03846154397232282,-0.1071428713977941,-0.24242422703048083,-0.07407408429434897,-0.03846154397232281,-0.10714287139779408,-0.24242422703048078,50.00000931322595,50.00000931322595,50.00000931322595,50.00000931322595,-49.99999068677405,-49.99999068677405,0.0020714283787778448,0.001761904429821741,-48.3739814775527,-74.91638571388273,49.61343165750066,43.82604575492581,0.02102741808096106,0.3600000536441794,BUY,0,0
0.02500000037252903,0.02500000037252903,0.02500000037252903,0.02500000037252903,0,0.0,0.0,EMP,2025-06-04 00:00:00+10:00,Energy,0.0,0.0,0.0,0.0,0.02500000037252903,1.0,0.025400000251829626,0.9842519734120166,0.026150000374764205,0.9560229450954436,0.027580000273883343,0.9064539566449017,0.029960000421851873,0.8344459285886666,0.024845000240020454,1.006238685087992,0.0,0.0,0.08134262358145788,1.2912741179164542,0.060388690984681685,0.958640750077176,0.05197781425554639,0.8251222212773017,0.0,41.666664079659135,41.176466721150874,-0.0008050143712880105,-0.0007820953256870293,-2.291904560098115e-05,0.028411090366471527,0.022388910137187724,-0.13284221463699578,0.029071787573298077,0.023228213176230333,-0.39359471586850536,0.031329067466245274,0.023830933081521413,-0.6881711553771594,115597.0,179647.15,0.0,0.0,0.0,-0.03846154397232282,-0.1071428713977941,-0.21875002546585043,0.0,-0.03846154397232281,-0.10714287139779408,-0.21875002546585043,50.00000931322595,50.00000931322595,50.00000931322595,50.00000931322595,-49.99999068677405,-49.99999068677405,0.0020714283787778448,0.0017142853743973233,-42.42423729298851,-68.12080341637447,49.61343165750066,43.81160129835733,0.021186869702652537,0.3199999731779102,BUY,0,0
0.02500000037252903,0.02500000037252903,0.02500000037252903,0.02500000037252903,0,0.0,0.0,EMP,2025-06-05 00:00:00+10:00,Energy,0.0,0.0,0.0,0.0,0.02500000037252903,1.0,0.025500000268220902,0.9803921611595043,0.026050000358372925,0.9596928993704829,0.02748000029474497,0.9097525511056784,0.029850000441074373,0.8375209381279735,0.0249300002399832,1.002807867303329,0.0,0.0,0.07689793900224062,1.2207169376000584,0.05992874664510102,0.9513393600404023,0.05128050432840374,0.8140527693535656,0.0,45.454543915169026,41.176466721150874,-0.0007906717601528605,-0.0007838106125801956,-6.861147572664959e-06,0.02836744148344882,0.022632559052992985,-0.17437145460439032,0.028986162961258576,0.023113837755487275,-0.3576096176730673,0.031232332230673503,0.023727668358816435,-0.6609223183242318,115597.0,178737.35,0.0,0.0,0.0,0.041666673134184595,-0.07407408429434903,-0.1666666356225801,0.0,0.04166667313418449,-0.07407408429434897,-0.16666663562258016,50.00000931322595,50.00000931322595,50.00000931322595,50.00000931322595,-49.99999068677405,-49.99999068677405,0.0018571426293679646,0.0017142853743973233,-37.91666191304072,-62.116040601250866,55.70733993577725,43.81160129835733,0.021343132291910188,0.3199999731779102,BUY,0,0
0.027000000700354576,0.027000000700354576,0.026000000536441803,0.026000000536441803,221446,0.0,0.0,EMP,2025-06-06 00:00:00+10:00,Energy,0.04000000596046438,0.03922071888449703,-0.0010000001639127731,-0.03703704214717449,0.025200000405311583,1.0317460364390152,0.025700000301003455,1.0116731607752796,0.02595000034198165,1.0019267897418584,0.02740000031888485,0.9489051180237349,0.029750000461936,0.8739495842935472,0.02501500024460256,1.039376385457033,0.017888546485598032,0.28397187190386525,0.07755806975473671,1.2311961884234017,0.06003453208031661,0.9530186517638813,0.05162952917251078,0.8195933669869075,100.0,50.0,47.05882224038363,-0.0006906520744197134,-0.0007651789049480992,7.452683052838586e-05,0.028374986737899437,0.023025013864107473,0.11215018936188093,0.028739076377967108,0.02316092430599619,0.017927153586003896,0.03110328008500955,0.02369672055276015,-0.3780432132752632,44289.2,188915.6,5.0,1.1721954142484792,0.04000000596046438,0.08333334626836897,-0.07142858093186266,-0.13333329608042954,0.04000000596046439,0.08333334626836898,-0.07142858093186272,-0.13333329608042951,42.85715426109392,47.61905762918195,60.000011175871144,53.333343267441016,-57.14284573890608,-39.999988824128856,0.001571428296821458,0.0016666664076702936,35.07627546696206,9.344676526502544,85.19430497411498,47.328534217639785,0.021496269629382683,0.2692307361660631,BUY,0,0
0.027000000700354576,0.027000000700354576,0.026000000536441803,0.026000000536441803,308666,0.0,0.0,EMP,2025-06-10 00:00:00+10:00,Energy,0.0,0.0,-0.0010000001639127731,-0.03703704214717449,0.02540000043809414,1.0236220507086213,0.02540000043809414,1.0236220507086213,0.02580000041052699,1.007751942741567,0.02732000034302473,0.9516837558561764,0.02969000045210123,0.8757157339349829,0.02510000024922192,1.0358565847921766,0.017888546485598032,0.28397187190386525,0.03461131993236419,0.5494376705323712,0.05937825632488941,0.9426005971218329,0.05162952917251078,0.8195933669869075,100.0,50.0,43.74999708961607,-0.0006044183938661678,-0.000733026802731713,0.00012860840886554526,0.026798412464874178,0.0240015884113141,0.4290581651598163,0.028192972444848207,0.023407028376205775,0.08357812922437412,0.030966412583646807,0.023673588102402655,-0.36199960933592545,106022.4,198348.95,2.9113281721598456,1.5561766271008743,0.04000000596046438,-0.10344823156610694,-0.10344823156610694,-0.13333329608042954,0.04000000596046439,-0.10344823156610695,-0.10344823156610695,-0.13333329608042951,50.00001552204518,47.61905969878836,60.000011175871144,56.66667722165607,-49.99998447795482,-39.999988824128856,0.00135714268045766,0.0016666664076702936,43.02602615184716,14.564388062890144,80.41076282739957,47.06219342124174,0.02164634422010573,0.2692307361660631,BUY,0,0
0.026000000536441803,0.026000000536441803,0.026000000536441803,0.026000000536441803,54000,0.0,0.0,EMP,2025-06-11 00:00:00+10:00,Energy,0.0,0.0,0.0,0.0,0.025600000470876693,1.0156250022737368,0.025300000421702863,1.0276679882636865,0.02575000040233135,1.0097087429205562,0.027220000363886356,0.9551800216335351,0.029640000462532044,0.8771929868661248,0.02518500025384128,1.0323605429575573,0.017888546485598032,0.28397187190386525,0.027830571039482704,0.4417966188923256,0.05736820755997642,0.910692062191399,0.05138387231245923,0.8156936852295872,100.0,50.0,40.00000248352739,-0.0005299684345280199,-0.0006924151290909745,0.00016244669456295458,0.026266092363140234,0.024333908480265492,0.7245688373070004,0.028078315642985425,0.023421685161677277,0.10737383398316014,0.030726029611018217,0.023713971116754495,-0.3479719481640333,116822.4,174757.55,0.46224011833347034,0.30899952534239583,0.04000000596046438,-0.037037042147174515,-0.037037042147174515,-0.16129029156886276,0.04000000596046439,-0.03703704214717449,-0.03703704214717449,-0.16129029156886276,50.00001552204518,47.61906176839477,60.000011175871144,60.000011175871144,-49.99998447795482,-39.999988824128856,0.00135714268045766,0.0016190474409432639,19.858172555234425,4.154314966452836,77.56384457893678,44.48010385801692,0.021793417319014314,0.2692307361660631,BUY,0,0
0.02500000037252903,0.02500000037252903,0.02500000037252903,0.02500000037252903,83365,0.0,0.0,EMP,2025-06-12 00:00:00+10:00,Energy,-0.03846154397232282,-0.03922071888449705,0.0,0.0,0.025600000470876693,0.976562496589395,0.025300000421702863,0.9881422907441343,0.025650000385940074,0.9746588692541565,0.027120000384747982,0.9218289092130243,0.029570000451058148,0.8454514707873269,0.025265000257641078,0.9895111861306274,0.02774354640503879,0.44041514564827616,0.0184964085253907,0.2936213826362323,0.057994149940707826,0.9206285894382251,0.051465191567271765,0.8169845883797975,50.0,54.54545608483097,42.85714095648435,-0.0005453712608341592,-0.0006630063554396115,0.00011763509460545232,0.026266092363140234,0.024333908480265492,-0.31052950170300225,0.02792341634428743,0.023376584427592717,-0.2859133679538159,0.03058739909416224,0.023652601675333722,-0.6114093560867359,133495.4,178925.8,0.624478446448342,0.4659193922843995,0.0,0.0,-0.07407408429434903,-0.1666666356225801,0.0,0.0,-0.07407408429434897,-0.16666663562258016,20.000007450582153,40.00001283155751,50.00000931322595,56.66667722165607,-79.99999254941785,-49.99999068677405,0.001214285514184407,0.0015714284742162341,-55.30864130758417,-55.348835892992604,82.5900826042233,51.04309705898008,0.021937548955944727,0.3600000536441794,BUY,0,0
0.02500000037252903,0.02500000037252903,0.02500000037252903,0.02500000037252903,0,0.0,0.0,EMP,2025-06-13 00:00:00+10:00,Energy,0.0,0.0,0.0,0.0,0.025600000470876693,0.976562496589395,0.025300000421702863,0.9881422907441343,0.025550000369548798,0.978473581641303,0.027020000405609607,0.9252405624442105,0.029510000459849833,0.8471704501171752,0.025345000261440872,0.9863878522251699,0.02774354640503879,0.44041514564827616,0.0184964085253907,0.2936213826362323,0.057994149940707826,0.9206285894382251,0.051465191567271765,0.8169845883797975,50.0,54.54545608483097,42.85714095648435,-0.000551223945138582,-0.0006406498733794057,8.942592824082369e-05,0.026266092363140234,0.024333908480265492,-0.31052950170300225,0.027748085405563706,0.02335191533353389,-0.25021779776860176,0.030436406985533886,0.023603593825685328,-0.5912645306769515,133495.4,178925.8,0.0,0.0,0.0,0.0,-0.07407408429434903,-0.1666666356225801,0.0,0.0,-0.07407408429434897,-0.16666663562258016,0.0,23.333340990875787,50.00000931322595,53.333343267441016,-100.0,-49.99999068677405,0.001214285514184407,0.0015714284742162341,-64.81481634785649,-50.480767824370965,83.6852185633438,51.04309705898008,0.022078797960136533,0.28000004172325066,BUY,0,0
