Open,High,Low,Close,Volume,Dividends,Stock Splits,Ticker,Date,Sector,Returns,Log_Returns,Price_Change,Price_Change_Pct,MA_5,MA_Ratio_5,MA_10,MA_Ratio_10,MA_20,MA_Ratio_20,MA_50,MA_Ratio_50,MA_100,MA_Ratio_100,MA_200,MA_Ratio_200,Volatility_5,Volatility_Annualized_5,Volatility_10,Volatility_Annualized_10,Volatility_20,Volatility_Annualized_20,Volatility_50,Volatility_Annualized_50,RSI_7,RSI_14,RSI_21,MACD,MACD_Signal,MACD_Histogram,BB_Upper_10,BB_Lower_10,BB_Position_10,BB_Upper_20,BB_Lower_20,BB_Position_20,BB_Upper_50,BB_Lower_50,BB_Position_50,Volume_MA_5,Volume_MA_20,Volume_Ratio_5,Volume_Ratio_20,Momentum_5,Momentum_10,Momentum_20,Momentum_50,ROC_5,ROC_10,ROC_20,ROC_50,Stoch_K_14,Stoch_D_14,Stoch_K_21,Stoch_D_21,Williams_R_14,Williams_R_21,ATR_14,ATR_21,CCI_14,CCI_21,MFI_14,MFI_21,PSAR,Future_Return,Target,Sector_Encoded,Target_Encoded
0.03799999877810478,0.03799999877810478,0.03799999877810478,0.03799999877810478,0,0.0,0.0,FSG,2020-10-13 00:00:00+11:00,Telecommunication Services,0.0,0.0,0.0,0.0,0.041000000387430194,0.926829229732272,0.0426000002771616,0.8920187448561371,0.042199999839067456,0.9004739081284441,0.044799999371171,0.8482142703456812,0.04179999971762299,0.9090908860002667,0.03256999984383583,1.1667178065798065,0.05783743022628462,0.9181407410987958,0.04358319070199126,0.6918617036410287,0.06953462111407892,1.1038278898617233,0.057329877280685365,0.9100835878712724,12.500017462287275,31.250004365572835,43.33333416117539,-0.0009886224845303063,-0.0004957899450294316,-0.0004928325395008747,0.048577738227934084,0.03662226232638911,-0.7695221063449881,0.04813295994492332,0.03626703973321159,-0.707909877367496,0.05173997501936028,0.037860023722981716,-0.979830612927354,127786.2,171036.6,0.0,0.0,-0.15555561626398762,-0.13636365945427886,-0.0500000093132259,-0.24000003576278628,-0.15555561626398764,-0.13636365945427883,-0.05000000931322596,-0.24000003576278633,0.0,0.0,20.0,23.333339542149478,-100.0,-80.0,0.0013571432126419885,0.0018571432502496811,-156.83061580984258,-126.59575320251437,21.80148706440707,47.81289829044817,0.037141574828758156,0.05263158926673239,BUY,0,0
0.04399999976158142,0.04399999976158142,0.039000000804662704,0.04399999976158142,102793,0.0,0.0,FSG,2020-10-14 00:00:00+11:00,Telecommunication Services,0.1578947678001974,0.14660350092840915,0.0,0.0,0.040799999982118605,1.0784313671780705,0.0426000002771616,1.0328638374486203,0.042399999871850017,1.0377358465699824,0.044739999398589136,0.9834599989504905,0.04194999972358346,1.0488677008702219,0.03266499984078109,1.3470074996494867,0.104122249774483,1.652889473110999,0.06978990187437639,1.1078803462992028,0.07802492268786981,1.2386072489828692,0.06113397255494166,0.9704717282269416,50.0,50.0,55.88235229666276,-0.0007362016069118946,-0.0005438722774059242,-0.00019232932950597034,0.048577738227934084,0.03662226232638911,0.23420221761961055,0.048290224966591896,0.03650977477710814,0.2716364593875542,0.05165416683159705,0.03782583196558122,-0.1070265717713158,147458.6,139476.15,0.6970973547829695,0.7369933856075035,-0.022222266373809196,0.0,0.1000000186264518,-0.06382976025140474,-0.02222226637380919,0.0,0.10000001862645191,-0.06382976025140479,75.0,24.99999999999999,80.0,40.0,-25.0,-20.0,0.0017857147114617483,0.002047619471947352,-13.81578644505913,-1.9457884453184633,27.20611553548804,52.68624310339581,0.03731874333397113,-0.09090910630285254,SELL,0,2
0.04100000113248825,0.04100000113248825,0.04100000113248825,0.04100000113248825,16500,0.0,0.0,FSG,2020-10-15 00:00:00+11:00,Telecommunication Services,-0.06818178739429492,-0.07061753417368505,0.0,0.0,0.039999999850988385,1.025000032130629,0.04230000041425228,0.9692671567604519,0.04254999998956919,0.9635722947717765,0.04461999945342541,0.9188704983128534,0.042079999726265666,0.9743346340113378,0.03273499984294176,1.2524820934535172,0.10846120419482443,1.721768239188606,0.07326872106507999,1.163104888907767,0.07883207812477153,1.2514204443153631,0.061899966143908636,0.9826314994806004,37.5,52.38095660463646,51.35135380040947,-0.000769362290935445,-0.0005889702801118284,-0.00018039201082361656,0.04826657543393433,0.03633342539457023,-0.21788032120197937,0.048112090784564084,0.036987909194574294,-0.2786719804135021,0.05158217103329357,0.037657827873557245,-0.5199524716404226,146758.6,126301.15,0.11242952712822281,0.1306401406479672,-0.08888889992678561,-0.06818178739429492,0.07894743291707784,-0.1276595205028096,-0.08888889992678563,-0.06818178739429488,0.07894743291707788,-0.12765952050280957,37.50002328306055,37.50000776102018,50.00001862644844,50.00000620881614,-62.49997671693945,-49.99998137355156,0.0017142859952790396,0.0019047622169767106,-58.430682861258724,-40.25706476209027,41.01239896163168,39.29325142913892,0.03749236846907985,-0.09756098890644926,SELL,0,2
0.041999999433755875,0.041999999433755875,0.03999999910593033,0.03999999910593033,143773,0.0,0.0,FSG,2020-10-16 00:00:00+11:00,Telecommunication Services,-0.02439029265698056,-0.024692662563777824,-0.0020000003278255463,-0.047619056066418024,0.04019999951124191,0.9950248654790244,0.04190000034868717,0.9546539086647914,0.04275000002235174,0.9356724932167583,0.044379999414086345,0.901306886751202,0.042199999708682295,0.9478672839350912,0.03279999983496964,1.2195121739995995,0.08734549071830201,1.3865666795011655,0.07350219264947784,1.1668111354108688,0.07796326947646631,1.2376285345934563,0.060007943365028946,0.9525965689938902,35.29411377997653,38.888891188449946,52.77777749033262,-0.0008663474514097047,-0.0006444457143714037,-0.00022190173703830098,0.047896297243353016,0.03590370345402132,-0.3168624362891425,0.047556794350460126,0.03794320569424336,-0.5721070486291477,0.051127818012053836,0.037632180816118854,-0.6490987042057292,135513.2,119189.05,1.0609519958203333,1.2062601388298673,0.02564098155475092,-0.09090910630285254,0.11111113410673124,-0.23076926383393692,0.02564098155475083,-0.09090910630285255,0.11111113410673122,-0.23076926383393687,25.0,45.83334109435351,40.0,56.66667287548281,-75.0,-60.0,0.0015714288290057863,0.0019047622169767106,-58.704905382088604,-57.02957637048925,35.22801308175211,41.09307991775598,0.03766252110148639,-0.10000001862645191,SELL,0,2
0.03999999910593033,0.03999999910593033,0.03999999910593033,0.03999999910593033,40000,0.0,0.0,FSG,2020-10-19 00:00:00+11:00,Telecommunication Services,0.0,0.0,0.0,0.0,0.040599999576807023,0.9852216631248576,0.04150000028312206,0.9638553935672675,0.04254999998956919,0.9400704845061346,0.04427999936044216,0.9033423596131439,0.042319999691098925,0.9451795698936039,0.03286499982699752,1.2171002378363514,0.08561686384688429,1.359125578632796,0.07350219264947784,1.1668111354108688,0.05947112455315482,0.9440748345419696,0.05694816910883393,0.9040241584945523,35.29411377997653,38.888891188449946,55.88235229666276,-0.0009324600702017016,-0.0007020485855374634,-0.00023041148466423824,0.047406684018011014,0.03559331654823311,-0.2539498040722397,0.047469350525767506,0.03763064945337087,-0.5183612887260329,0.05113761799363804,0.03742238072724628,-0.6241233996001917,60613.2,107214.05,0.6599222611576356,0.37308543050094645,0.05263158926673239,-0.09090910630285254,-0.09090910630285254,-0.11111116630059481,0.05263158926673246,-0.09090910630285255,-0.09090910630285255,-0.11111116630059482,25.0,29.166674427686843,25.0,38.33333954214948,-75.0,-75.0,0.0015714288290057863,0.0018095241061278752,-67.78799023586782,-91.88546076278458,34.06975541936353,44.827468172491834,0.0378292706812448,-0.07499996740370918,SELL,0,2
0.03999999910593033,0.03999999910593033,0.03999999910593033,0.03999999910593033,339180,0.0,0.0,FSG,2020-10-20 00:00:00+11:00,Telecommunication Services,0.0,0.0,0.0,0.0,0.04099999964237213,0.9756097428008674,0.04100000001490116,0.9756097339364052,0.042349999956786635,0.9445100152714471,0.04409999936819076,0.9070294711791367,0.042439999673515555,0.9425070549869043,0.0329299998190254,1.2146978234363737,0.08561686384688429,1.359125578632796,0.07282595874757584,1.1560762550156076,0.05947112455315482,0.9440748345419696,0.05545812941859078,0.8803705117105578,54.54544530920069,38.888891188449946,42.307693409848866,-0.0009736313801064767,-0.0007563651444512661,-0.00021726623565521054,0.04641602742285115,0.03558397260695117,-0.18463734276952984,0.047345788730100195,0.037354211183473075,-0.4703963593115688,0.05092432525418085,0.03727567348220068,-0.6007919801540366,128449.2,107373.05,2.6405769751777357,3.1588932232063818,0.05263158926673239,-0.11111116630059481,-0.09090910630285254,-0.18367346628463943,0.05263158926673246,-0.11111116630059482,-0.09090910630285255,-0.1836734662846394,25.0,25.0,25.0,30.0,-75.0,-75.0,0.0015714288290057863,0.0014285716627325331,-58.24563021584631,-81.40742324249508,34.06975541936353,37.16523139368876,0.03799268526940804,-0.07499996740370918,SELL,0,2
0.03999999910593033,0.03999999910593033,0.03999999910593033,0.03999999910593033,13000,0.0,0.0,FSG,2020-10-21 00:00:00+11:00,Telecommunication Services,0.0,0.0,0.0,0.0,0.04019999951124191,0.9950248654790244,0.04049999974668026,0.9876543050894484,0.042149999924004075,0.94899167682206,0.04391999937593937,0.9107468049702084,0.042559999655932185,0.9398496106509007,0.03299499981105328,1.2123048745261815,0.02970574232017314,0.4715640401384699,0.07282595874757584,1.1560762550156076,0.05947112455315482,0.9440748345419696,0.05545812941859078,0.8803705117105578,60.0,38.888891188449946,42.307693409848866,-0.0009947925898179458,-0.0008040506335246021,-0.0001907419562933437,0.04514279722416305,0.035857202269197475,-0.10769382967378985,0.0471877532944509,0.03711224655355725,-0.42677770426126527,0.05069136736954941,0.03714863138232933,-0.5789081724266413,110490.6,108023.05,0.11765706766005433,0.12034468569439577,-0.09090910630285254,-0.11111116630059481,-0.09090910630285254,-0.18367346628463943,-0.09090910630285255,-0.11111116630059482,-0.09090910630285255,-0.1836734662846394,25.0,25.0,25.0,25.0,-75.0,-75.0,0.0015714288290057863,0.0014285716627325331,-50.81801068134147,-73.0741672662129,34.06975541936353,24.097137790721717,0.038152831565808024,-0.10000001862645191,SELL,0,2
0.03999999910593033,0.03999999910593033,0.039000000804662704,0.03999999910593033,1207565,0.0,0.0,FSG,2020-10-22 00:00:00+11:00,Telecommunication Services,0.0,0.0,0.0,0.0,0.03999999910593033,1.0,0.03999999947845936,0.9999999906867741,0.04194999989122152,0.9535160717437987,0.04373999938368797,0.9144947341002385,0.04265999965369702,0.9376464939203025,0.03305999980308116,1.209921335274853,0.010907670474425205,0.17315390075022608,0.07282595874757584,1.1560762550156076,0.05947112455315482,0.9440748345419696,0.05545812941859078,0.8803705117105578,60.0,38.888891188449946,42.307693409848866,-0.0010000352172544746,-0.0008432475502705767,-0.00015678766698389794,0.04339934637805154,0.036600652578867174,-1.0958841196910633e-07,0.0469961043649361,0.036903895417506945,-0.3864368634158985,0.050438277926599696,0.03704172084077625,-0.5583524563509529,348703.6,166751.3,3.4630127133760595,7.241712658312109,-0.02439029265698056,-0.11111116630059481,-0.09090910630285254,-0.18367346628463943,-0.024390292656980547,-0.11111116630059482,-0.09090910630285255,-0.1836734662846394,25.0,25.0,25.0,25.0,-75.0,-75.0,0.0016428572790963309,0.0014761906294595627,-54.19354370173499,-75.15788888480083,17.169545892159334,14.396324948899746,0.03830977493628,-0.10000001862645191,SELL,0,2
0.039000000804662704,0.039000000804662704,0.039000000804662704,0.039000000804662704,80000,0.0,0.0,FSG,2020-10-23 00:00:00+11:00,Telecommunication Services,-0.024999958090483165,-0.02531776500017097,0.0,0.0,0.039799999445676804,0.9798995313528579,0.03999999947845936,0.9750000328291212,0.04189999997615814,0.9307876092328022,0.043579999431967734,0.8949059502753134,0.04274999966844916,0.9122807276521672,0.033119999803602695,1.1775362631620667,0.011180321144993928,0.1774820959649451,0.05910001678199322,0.9381836813093872,0.056078117200252735,0.8902125126276147,0.05528057382627186,0.8775519040635701,0.0,36.8421114547745,40.740744828849856,-0.0010725182119526167,-0.0008891016826069847,-0.00018341652934563194,0.04339934637805154,0.036600652578867174,-0.2941737643535648,0.047046282250541124,0.03675371770177516,-0.5635134290886004,0.05034231972508336,0.03681767913885211,-0.6772821204531962,335949.0,143859.7,0.23813138303730627,0.5560973643070296,-0.024999958090483165,0.0,-0.024999958090483165,-0.17021272042424562,-0.024999958090483207,0.0,-0.024999958090483207,-0.1702127204242456,14.285737093604265,21.428579031201412,12.50002328306055,20.833341094353518,-85.71426290639573,-87.49997671693946,0.0015714285629136221,0.0015238095961865924,-70.29637710078225,-86.59789882600681,9.788830979744745,14.028474331281942,0.03846357943934254,-0.07692313570477671,SELL,0,2
0.039000000804662704,0.039000000804662704,0.03799999877810478,0.03799999877810478,48724,0.0,0.0,FSG,2020-10-26 00:00:00+11:00,Telecommunication Services,-0.025641077075012952,-0.025975539190775346,-0.0010000020265579224,-0.02564107707501292,0.0393999993801117,0.9644669892377307,0.03999999947845936,0.9499999818392096,0.04159999992698431,0.9134615106923512,0.04339999943971634,0.8755760200155696,0.042829999662935735,0.8872285565528327,0.033174999793991446,1.1454408142901398,0.013870470878507759,0.22018689907137076,0.05910001678199322,0.9381836813093872,0.05112921350440392,0.8116511019778683,0.05537771921243629,0.8790940392604205,0.0,31.578944272612745,45.83333398008491,-0.001196856686761158,-0.0009506526834378194,-0.00024620400332333854,0.04339934637805154,0.036600652578867174,-0.5883485150028415,0.046927190567703496,0.03627280928626512,-0.6757785466437736,0.050269036549291934,0.03653096233014075,-0.7861364810628023,337693.8,145670.9,0.14428455600902357,0.3344799819318752,-0.0500000093132259,0.0,-0.13636365945427886,-0.19148936001571282,-0.05000000931322596,0.0,-0.13636365945427883,-0.1914893600157128,0.0,13.09524569786808,0.0,12.500007761020184,-100.0,-100.0,0.0015714285629136221,0.0013809525186107272,-89.81867875576468,-98.68852506110629,5.083586338196099,16.776987557898806,0.04600000008940697,-0.07894733488311956,SELL,0,2
0.03799999877810478,0.03799999877810478,0.03799999877810478,0.03799999877810478,110851,0.0,0.0,FSG,2020-10-27 00:00:00+11:00,Telecommunication Services,0.0,0.0,0.0,0.0,0.038999999314546584,0.9743589601533964,0.03999999947845936,0.9499999818392096,0.04129999987781048,0.9200968254365852,0.04317999944090843,0.8800370372887001,0.042929999642074106,0.8851618703686731,0.033229999784380196,1.1435449601166332,0.013870470878507759,0.22018689907137076,0.05910001678199322,0.9381836813093872,0.05112921350440392,0.8116511019778683,0.05499204945886656,0.8729717217235501,0.0,31.578944272612745,35.00000279396674,-0.001280633477975572,-0.00101664884234537,-0.000263984635630202,0.04339934637805154,0.036600652578867174,-0.5883485150028415,0.04673284480585733,0.035867154949763634,-0.607416766613303,0.05002152918215934,0.036338469699657525,-0.7571407066420995,292028.0,150530.65,0.3795903132576328,0.7364015235435442,-0.0500000093132259,0.0,-0.13636365945427886,-0.2244898005730409,-0.05000000931322596,0.0,-0.13636365945427883,-0.22448980057304088,0.0,4.761912364534745,0.0,4.16667442768685,-100.0,-100.0,0.0015714285629136221,0.0011904762969130562,-106.06062085068545,-98.77024234385937,4.652310864804861,15.676013594385353,0.045840000063180925,-0.052631589266732504,SELL,0,2
0.03799999877810478,0.03799999877810478,0.03799999877810478,0.03799999877810478,6577,0.0,0.0,FSG,2020-10-28 00:00:00+11:00,Telecommunication Services,0.0,0.0,0.0,0.0,0.03859999924898148,0.9844559460479128,0.0393999993801117,0.9644669892377307,0.04099999982863665,0.9268292423641304,0.04295999944210052,0.8845437446832234,0.042969999611377714,0.884337889731864,0.033294999776408075,1.141312480351195,0.013870470878507759,0.22018689907137076,0.022298743385764232,0.35398157728787155,0.05112921350440392,0.8116511019778683,0.05499204945886656,0.8729717217235501,0.0,31.578944272612745,35.00000279396674,-0.001331676451133905,-0.001079654364103077,-0.0002520220870308278,0.041549935594126286,0.03725006316609711,-0.6511823899150402,0.046467609262067604,0.03553239039520569,-0.5486860550405751,0.04974485651882514,0.036175142365375904,-0.7310398152690597,290743.4,150859.5,0.022621321756572978,0.043596856677902286,-0.0500000093132259,-0.13636365945427886,-0.13636365945427886,-0.2244898005730409,-0.05000000931322596,-0.13636365945427883,-0.13636365945427883,-0.22448980057304088,0.0,0.0,0.0,0.0,-100.0,-100.0,0.0015714285629136221,0.0011904762969130562,-99.55558043496934,-91.56312696604955,4.652310864804861,15.676013594385353,0.0456832000374794,0.05263158926673239,BUY,0,0
0.03799999877810478,0.03799999877810478,0.03799999877810478,0.03799999877810478,0,0.0,0.0,FSG,2020-10-29 00:00:00+11:00,Telecommunication Services,0.0,0.0,0.0,0.0,0.038199999183416364,0.9947643871835891,0.039099999144673346,0.9718669976820595,0.040699999779462814,0.9336609086980769,0.04273999944329262,0.8890968477555349,0.04298999961465597,0.8839264740339746,0.033359999768435955,1.1390887002960661,0.013870470878507759,0.22018689907137076,0.012084788870980079,0.19184007599600592,0.05112921350440392,0.8116511019778683,0.05499204945886656,0.8729717217235501,0.0,46.15383954090683,35.00000279396674,-0.0013564915842787933,-0.0011350218081382204,-0.000221469776140573,0.041088857281072956,0.037111141008273736,-0.5530813618310021,0.0461328449673531,0.03526715459157253,-0.49697734943308985,0.04943827831672012,0.03604172056986512,-0.7076445688147925,49230.4,150859.5,0.0,0.0,-0.0500000093132259,-0.0731707871102052,-0.13636365945427886,-0.2244898005730409,-0.05000000931322596,-0.07317078711020517,-0.13636365945427883,-0.22448980057304088,0.0,0.0,0.0,0.0,-100.0,-100.0,0.0011428570640938623,0.0011904762969130562,-83.68796372424002,-85.84906426256501,5.083471196539577,15.676013594385353,0.045529536012291906,0.0,HOLD,0,1
0.03999999910593033,0.04100000113248825,0.03999999910593033,0.04100000113248825,600000,0.0,0.0,FSG,2020-10-30 00:00:00+11:00,Telecommunication Services,0.07894743291707784,0.0759859667547241,0.0010000020265579224,0.02500005122274275,0.03859999924898148,1.0621762158083488,0.03919999934732914,1.045918413651243,0.04054999984800815,1.0110974423222396,0.04257999949157238,0.9628934152665537,0.04303999964147806,0.9526022647308797,0.03343999977223575,1.2260765972411682,0.03975502635872336,0.6310914786599982,0.028742215732500017,0.4562685297429794,0.05455587351662932,0.866047643297376,0.05621887433701698,0.8924469629024289,60.0000149011532,60.0000049670523,43.47826650327226,-0.0011211586361684692,-0.0011322491737442702,1.109053757580099e-05,0.04147058515164902,0.03692941354300926,0.7927477489441449,0.04576031519981645,0.035339684496199855,0.08636737972566665,0.04904611220784561,0.03611388677529915,-0.24435057482183317,153230.4,180859.5,3.915672085956834,3.317492307564712,0.05128205862976376,0.025000051222742847,-0.06818178739429492,-0.16326526112727135,0.05128205862976375,0.02500005122274275,-0.06818178739429488,-0.16326526112727135,50.000031044080735,16.66667701469357,37.50002328306055,12.500007761020184,-49.999968955919265,-62.49997671693945,0.001214285780276571,0.0013333335518836975,65.66870325491337,-2.061836190431561,30.594911487755624,31.483081810433063,0.04537894526760816,-0.0731707871102052,SELL,0,2
0.04100000113248825,0.04100000113248825,0.04100000113248825,0.04100000113248825,123725,0.0,0.0,FSG,2020-11-02 00:00:00+11:00,Telecommunication Services,0.0,0.0,0.0,0.0,0.03919999971985817,1.0459184037115752,0.039299999549984935,1.0432570382180568,0.0403999999165535,1.0148515152765856,0.04245999954640865,0.965614733171991,0.043089999668300155,0.9514969006289076,0.03351999977603555,1.2231503999531759,0.035306365330338346,0.5604711741700086,0.028742215732500017,0.4562685297429794,0.05455587351662932,0.866047643297376,0.055940535164021886,0.8880284655111944,60.0000149011532,60.0000049670523,43.47826650327226,-0.000924004233696582,-0.0010906001857347327,0.00016659595203815064,0.041803332099541374,0.036796667000428496,0.6790953853911796,0.04535877918003684,0.035441220653070156,0.12099776659815978,0.048813016008378105,0.0361069830844392,-0.22981184177001163,168230.6,178580.95,0.7354488422439199,0.6928230586745114,0.07894743291707784,0.025000051222742847,-0.06818178739429492,-0.1276595205028096,0.07894743291707788,0.02500005122274275,-0.06818178739429488,-0.12765952050280957,50.000031044080735,33.333354029387145,37.50002328306055,25.000015522040368,-49.999968955919265,-62.49997671693945,0.001214285780276571,0.0013333335518836975,76.31034281534265,14.653821210491822,34.149489921994075,34.05315630887719,0.045231366337818095,-0.12195128156342983,SELL,0,2
0.04100000113248825,0.04100000113248825,0.03999999910593033,0.03999999910593033,44000,0.0,0.0,FSG,2020-11-03 00:00:00+11:00,Telecommunication Services,-0.02439029265698056,-0.024692662563777824,-0.0010000020265579224,-0.024390292656980547,0.03959999978542328,1.0101009929968305,0.039299999549984935,1.0178116937394637,0.04014999978244305,0.9962639930927644,0.04231999956071377,0.9451795728056404,0.04311999965459108,0.9276437714829954,0.03359499976970255,1.1906533525862406,0.039472418311454344,0.6266052149905217,0.03001576010156291,0.4764854198478618,0.054443147222331796,0.8642581688518013,0.05603557495881816,0.8895371754813078,59.999970197715804,30.000007450576604,41.66666925367259,-0.000838780807604203,-0.0010402363101086269,0.00020145550250442383,0.041803332099541374,0.036796667000428496,0.2796270739456588,0.04461153286949483,0.03568846669539126,-0.03362088178793261,0.04857237893079368,0.036067620190633864,-0.37105881096811816,154860.4,175780.95,0.28412686522829594,0.2503115383094698,0.05263158926673239,0.0,-0.11111116630059481,-0.1489361600942768,0.05263158926673246,0.0,-0.11111116630059482,-0.1489361600942768,50.0,50.00002069605381,28.571420968798577,34.52382251163989,-50.0,-71.42857903120142,0.0008571429976395198,0.0012857145851566678,49.29577012152371,-1.9283801506572893,30.55091936198967,29.733964260883397,0.045086738986623826,-0.14999993480741836,SELL,0,2
0.04100000113248825,0.04100000113248825,0.04100000113248825,0.04100000113248825,196120,0.0,0.0,FSG,2020-11-04 00:00:00+11:00,Telecommunication Services,0.025000051222742847,0.024692662563777907,0.0,0.0,0.040200000256299974,1.019900519181288,0.039399999752640726,1.040609172332299,0.03994999974966049,1.026282888345617,0.04219999961555004,0.9715640167299999,0.04315999966114759,0.9499536944944936,0.03367499977350235,1.2175204575576473,0.03932784242080298,0.6243101438770866,0.031004362470295546,0.4921789959270374,0.05483715667319727,0.8705128749789962,0.05616289169782289,0.8915582660561612,79.9999850988579,50.0,41.66666925367259,-0.00068267932442867,-0.0009687249129726354,0.0002860455885439655,0.042099795775193606,0.036700203730087845,0.5926378757809239,0.043814822225058836,0.03608517727426215,0.2716816592512532,0.048314552632776384,0.0360854465983237,-0.19625285440833937,192769.0,185365.4,1.0173835004590988,1.0580183788344535,0.07894743291707784,0.025000051222742847,-0.08888889992678561,-0.1276595205028096,0.07894743291707788,0.02500005122274275,-0.08888889992678563,-0.12765952050280957,75.0000465661211,58.3333592034006,42.857158062402846,36.30953410475399,-24.9999534338789,-57.142841937597154,0.0007142860974584307,0.0012857145851566678,95.30524126742417,36.687669054736844,36.12804480362632,31.6219678355651,0.044945004182453445,-0.12195128156342983,SELL,0,2
0.04100000113248825,0.04100000113248825,0.03999999910593033,0.03999999910593033,231233,0.0,0.0,FSG,2020-11-05 00:00:00+11:00,Telecommunication Services,-0.02439029265698056,-0.024692662563777824,-0.0010000020265579224,-0.024390292656980547,0.04060000032186508,0.985221645044874,0.039399999752640726,1.015228410077576,0.03969999961555004,1.0075566622993815,0.042059999629855155,0.9510223361375736,0.04317999966442585,0.9263547803795981,0.03374999976716936,1.1851851668704518,0.043124225013065835,0.68457584920178,0.03219366202466995,0.5110585410584451,0.05503224478903775,0.8736098028085447,0.05625766375306302,0.8930627257925844,66.66664597063854,50.0,39.99999999999999,-0.0006323700085494877,-0.000901453932088006,0.0002690839235385184,0.042099795775193606,0.036700203730087845,0.2222387722174115,0.04275045354712073,0.03664954568397935,0.09834585183386664,0.048045151714310105,0.036074847545400204,-0.34418515935045335,239015.6,195927.05,0.9674389454077474,1.1801994670975755,0.05263158926673239,0.0,-0.11111116630059481,-0.1489361600942768,0.05263158926673246,0.0,-0.11111116630059482,-0.1489361600942768,66.66662527458472,63.8888906135686,28.571420968798577,33.333333333333336,-33.333374725415275,-71.42857903120142,0.0006428576473678861,0.0013333337292784737,51.85184215907726,19.518368456671915,34.95661176676221,29.451356161807567,0.04480610407436647,-0.0500000093132259,SELL,0,2
0.03999999910593033,0.03999999910593033,0.03999999910593033,0.03999999910593033,0,0.0,0.0,FSG,2020-11-06 00:00:00+11:00,Telecommunication Services,0.0,0.0,0.0,0.0,0.0403999999165535,0.9900989898156095,0.03949999958276749,1.0126582159099813,0.03974999953061342,1.006289297566516,0.04191999964416027,0.9541984600541996,0.043209999650716785,0.9257116276155025,0.03382499976083636,1.182557262047451,0.020625666974630346,0.3274223126382592,0.030943963503373702,0.4912201920515149,0.045919887456470666,0.7289556146513743,0.05625766375306302,0.8930627257925844,66.66664597063854,50.0,39.99999999999999,-0.0005857473820192541,-0.0008383126220742557,0.00025256524005500165,0.04220801420384597,0.036791984961689006,0.18463693632633052,0.04278488547054504,0.0367151135906818,0.08237527876337214,0.04775920612966296,0.03608079315865759,-0.328811893019511,119015.6,185927.05,0.0,0.0,-0.02439029265698056,0.02564098155475092,0.02564098155475092,-0.1489361600942768,-0.024390292656980547,0.02564098155475083,0.02564098155475083,-0.1489361600942768,66.66662527458472,69.44443237176351,33.333333333333336,34.92063745484492,-33.333374725415275,-66.66666666666667,0.0006428576473678861,0.0013333337292784737,28.43483615951037,17.125336939322082,35.485681828252126,29.451356161807567,0.044669981968441234,-0.0500000093132259,SELL,0,2
0.03999999910593033,0.04399999976158142,0.03999999910593033,0.04399999976158142,122843,0.0,0.0,FSG,2020-11-09 00:00:00+11:00,Telecommunication Services,0.1000000186264518,0.09531019673746272,0.0040000006556510925,0.10000001862645191,0.04099999964237213,1.0731707352531021,0.04009999968111515,1.0972568606354118,0.040049999579787256,1.0986267221782364,0.04191999964416027,1.0496183238329513,0.04327999964356422,1.0166358623832443,0.03391999975778162,1.2971698135548286,0.05160643630801665,0.8192267791278381,0.04168639396366917,0.6617509888975964,0.050294873815486876,0.7984063700229154,0.05732815530434609,0.9100562523443289,79.99997764827853,66.66665631864618,60.869556766832105,-0.0002234561421000092,-0.0007153413260794064,0.0004918851839793972,0.04380585212094946,0.03639414724128084,1.0523894687616444,0.043512582397774155,0.036587416761800357,1.1407669908356581,0.04775920612966296,0.03608079315865759,0.35621280435711183,118839.2,171344.2,1.0336909033382924,0.7169370191696013,0.0731706962494687,0.1578947678001974,0.1578947678001974,0.0,0.07317069624946869,0.15789476780019737,0.15789476780019737,0.0,100.0,77.77775018305647,100.0,53.96825143404397,-0.0,-0.0,0.0009285719799143928,0.001238095618429638,174.2797751102663,169.90285763217102,38.53318199574526,33.7781972497971,0.0445365823046345,-0.18181821260570508,SELL,0,2
0.04100000113248825,0.04100000113248825,0.03999999910593033,0.03999999910593033,82606,0.0,0.0,FSG,2020-11-10 00:00:00+11:00,Telecommunication Services,-0.09090910630285254,-0.0953101967374628,-0.0010000020265579224,-0.024390292656980547,0.04099999964237213,0.9756097428008674,0.04029999971389771,0.9925558161266209,0.04014999959617853,0.9962639977146481,0.041779999658465385,0.957395869624561,0.04331999965012073,0.9233610209832688,0.03399499975144863,1.176643606365251,0.0697594754638506,1.1073973420059653,0.05364392394072514,0.8515708925809363,0.05499149829479386,0.8729629722651424,0.05796529548754462,0.9201705391945055,45.454539297044974,50.0,53.84615274399745,-0.00025615157870519795,-0.0006235033766045648,0.00036735179789936683,0.043705878055782584,0.03689412137201283,-0.08808318379374452,0.04347613297987476,0.0368238662124823,-0.04509755711645865,0.04745543966954076,0.03610455964739001,-0.3136321675608346,126560.4,175474.5,0.652700212704764,0.47075785940407294,0.0,0.05263158926673239,0.05263158926673239,-0.1489361600942768,0.0,0.05263158926673246,0.05263158926673246,-0.1489361600942768,33.333333333333336,66.666652869306,33.333333333333336,55.555555555555564,-66.66666666666667,-66.66666666666667,0.0012142863124608994,0.0013333337292784737,31.111101277350578,23.711339849849786,37.409844861624926,37.16115396712563,0.04440585063410391,-0.07499996740370918,SELL,0,2
0.03999999910593033,0.03999999910593033,0.03999999910593033,0.03999999910593033,156302,0.0,0.0,FSG,2020-11-11 00:00:00+11:00,Telecommunication Services,0.0,0.0,0.0,0.0,0.04079999923706055,0.9803921532821123,0.04049999974668026,0.9876543050894484,0.039949999563395976,1.0012515530182926,0.0416399996727705,0.9606147795454327,0.04333999965339899,0.9229349198389595,0.034094999749213456,1.1731925326338533,0.06857940926810718,1.0886643718987783,0.05364392394072514,0.8515708925809363,0.04137527233521148,0.6568120861592416,0.05796529548754462,0.9201705391945055,45.454539297044974,50.0,53.84615274399745,-0.0002788485551746128,-0.0005545724123185744,0.00027572385714396156,0.04351846236554757,0.03748153712781295,-0.1656474516611904,0.04273907691396305,0.0371609222128289,0.017926911393901204,0.04713225843315236,0.03614774091238865,-0.29860220328114195,118596.8,178149.95,1.3179276337978765,0.8773620200286332,-0.02439029265698056,0.05263158926673239,-0.09090910630285254,-0.1489361600942768,-0.024390292656980547,0.05263158926673246,-0.09090910630285255,-0.1489361600942768,33.333333333333336,55.55555555555555,33.333333333333336,55.555555555555564,-66.66666666666667,-66.66666666666667,0.0011428578623703548,0.0013333337292784737,9.92903731538477,-4.582692463822885,58.85871678262818,35.41447335474692,0.04427773359698393,0.025000051222742847,HOLD,0,1
0.03999999910593033,0.03999999910593033,0.03999999910593033,0.03999999910593033,71092,0.0,0.0,FSG,2020-11-12 00:00:00+11:00,Telecommunication Services,0.0,0.0,0.0,0.0,0.04079999923706055,0.9803921532821123,0.040699999779462814,0.9828009661590783,0.039899999462068084,1.0025062567721914,0.041499999687075614,0.9638554074107034,0.04334999963641167,0.9227220171031439,0.03419499974697828,1.1697616435708562,0.06754246885608164,1.0722034531711038,0.05364392394072514,0.8515708925809363,0.0385141720273593,0.6113935268157183,0.05796529548754462,0.9201705391945055,50.0,53.33332505491695,40.0000037252883,-0.0002934533252575075,-0.000502348594906361,0.00020889526964885355,0.043203331601487684,0.038196667957437945,-0.2796276016522162,0.04264533121948624,0.037154667704649924,0.036425340431820594,0.046787645032157356,0.03621235434199387,-0.2836802552464113,86568.6,180879.55,0.8212215514632326,0.39303503353474734,0.0,0.05263158926673239,-0.02439029265698056,-0.1489361600942768,0.0,0.05263158926673246,-0.024390292656980547,-0.1489361600942768,33.333333333333336,33.333333333333336,33.333333333333336,33.333333333333336,-66.66666666666667,-66.66666666666667,0.0010714294122798102,0.001047619396731967,6.100182514808817,3.825091371039292,61.5002488932025,33.230101793139795,0.04415217890060635,0.07500006053596864,BUY,0,0
0.03999999910593033,0.0430000014603138,0.03999999910593033,0.0430000014603138,250908,0.0,0.0,FSG,2020-11-13 00:00:00+11:00,Telecommunication Services,0.07500006053596864,0.0723207178921535,0.0030000023543834686,0.07500006053596871,0.04139999970793724,1.0386473855957492,0.04089999981224537,1.0513447838070575,0.040049999579787256,1.0736579753178168,0.041479999721050265,1.0366442080396678,0.04341999966651201,0.990327079469737,0.034309999756515025,1.2532789788827863,0.07495868874116489,1.1899322940757175,0.05306235202827797,0.8423387246819237,0.04156590609720301,0.6598383033135752,0.05824999221144007,0.9246899595775185,58.333330746327405,64.70587977488744,54.999997206034294,-6.223519217035678e-05,-0.00041432591435916017,0.0003520907221888034,0.043798276293503795,0.03800172333098694,0.7245691229418576,0.043126225306598764,0.03697377385297575,0.9589679505034893,0.04673652237766057,0.03622347706443996,0.2891648792480831,136750.2,186236.3,1.8347907352237876,1.3472561471635767,0.07500006053596864,0.04878049445322463,0.07500006053596864,-0.0227272342428686,0.07500006053596871,0.04878049445322462,0.07500006053596871,-0.02272723424286861,83.33336437741407,50.000010348026905,83.33336437741407,50.00001034802691,-16.666635622585936,-16.666635622585936,0.0012142865785530635,0.0010476195741267432,122.22220617222939,155.55555402251494,68.15814180235182,38.471832579251604,0.044029135298156316,0.023255773658299894,HOLD,0,1
0.0430000014603138,0.0430000014603138,0.0430000014603138,0.0430000014603138,0,0.0,0.0,FSG,2020-11-16 00:00:00+11:00,Telecommunication Services,0.0,0.0,0.0,0.0,0.04120000004768372,1.0436893546249224,0.04109999984502792,1.0462287499379572,0.04019999969750643,1.0696517856685719,0.0414199997484684,1.0381458648343864,0.0434699996933341,0.9891879862816659,0.03442499976605177,1.2490922803932238,0.05881933173230507,0.9337279442801354,0.05306235202827797,0.8423387246819237,0.04156590609720301,0.6598383033135752,0.057897820358533365,0.9190994047282308,63.63636979386621,64.70587977488744,57.89473787404096,0.0001196278486951044,-0.00030753516174830724,0.00042716301044341164,0.04429026429180241,0.03790973539825343,0.5955624202899137,0.043546641148976675,0.03685335824603618,0.8366602169399624,0.04653245053665753,0.03630754896027927,0.3090497644486956,112181.6,184236.3,0.0,0.0,-0.0227272342428686,0.04878049445322463,0.07500006053596864,-0.06521736137526701,-0.02272723424286861,0.04878049445322462,0.07500006053596871,-0.06521736137526704,83.33336437741407,66.66668736272048,83.33336437741407,66.6666873627205,-16.666635622585936,-16.666635622585936,0.0012142865785530635,0.0009523814632779075,160.70639135852994,195.69892654020208,72.03909440536486,40.16718229731725,0.043908552567755284,0.023255773658299894,HOLD,0,1
0.04399999976158142,0.04399999976158142,0.0430000014603138,0.0430000014603138,58512,0.0,0.0,FSG,2020-11-17 00:00:00+11:00,Telecommunication Services,0.0,0.0,-0.000999998301267624,-0.02272723424286861,0.04180000051856041,1.028708156145131,0.04140000008046627,1.0386473762497033,0.0403499998152256,1.0656753818394877,0.04133999980986118,1.0401548538482732,0.04350999969989061,0.988278597032992,0.03453999977558851,1.24493346090594,0.03354104673500528,0.5324476102417135,0.052059737013365914,0.826422704740744,0.04156590609720301,0.6598383033135752,0.05781453213917762,0.9177772452348907,63.63636979386621,64.70587977488744,57.89473787404096,0.00026074985673713025,-0.00019387815805121974,0.00045462801478835,0.04469309213574658,0.038106908025185966,0.4858659742845644,0.043920347040005615,0.036779652590445584,0.7422251893865804,0.04621576366259852,0.03646423595712384,0.3404598131881763,107362.8,170202.9,0.5449932378812773,0.343777926228049,0.07500006053596864,0.07500006053596864,0.07500006053596864,-0.08510632058137357,0.07500006053596871,0.07500006053596871,0.07500006053596871,-0.08510632058137357,83.33336437741407,83.33336437741407,83.33336437741407,83.33336437741407,-16.666635622585936,-16.666635622585936,0.001285715028643608,0.0010000004300049373,149.6854970450772,179.17768617905347,72.96566835493181,41.78359448135625,0.03799999877810478,0.023255773658299894,HOLD,0,1
0.0430000014603138,0.0430000014603138,0.0430000014603138,0.0430000014603138,0,0.0,0.0,FSG,2020-11-18 00:00:00+11:00,Telecommunication Services,0.0,0.0,0.0,0.0,0.0424000009894371,1.0141509541715852,0.041600000113248825,1.0336538784435987,0.04049999993294477,1.0617284328767467,0.04129999980330467,1.0411622679202313,0.043559999726712706,0.9871442086797008,0.03463999978266656,1.2413395418619626,0.03354104673500528,0.5324476102417135,0.05177724475385029,0.8219382791448696,0.04156590609720301,0.6598383033135752,0.057490782813168745,0.9126378840124251,42.85715806240284,64.70587977488744,57.89473787404096,0.00036834402416464906,-8.143372160804596e-05,0.000449777745772695,0.04502539738242236,0.03817460284407529,0.4087121104650024,0.044255699018958365,0.03674430084693118,0.6656554399363765,0.04608518217912766,0.03651481742748168,0.3552637127475732,76102.4,169552.9,0.0,0.0,0.07500006053596864,0.04878049445322463,0.07500006053596864,-0.04444444996339281,0.07500006053596871,0.04878049445322462,0.07500006053596871,-0.044444449963392814,75.0000465661211,80.55559177364974,83.33336437741407,83.33336437741407,-24.9999534338789,-16.666635622585936,0.001285715028643608,0.0010000004300049373,105.4695914698219,135.51069516994167,72.96566835493181,41.78359448135625,0.038119998797774314,0.023255773658299894,HOLD,0,1
0.04100000113248825,0.0430000014603138,0.03999999910593033,0.0430000014603138,130936,0.0,0.0,FSG,2020-11-19 00:00:00+11:00,Telecommunication Services,0.0,0.0,0.0020000003278255463,0.04878049445322462,0.0430000014603138,1.0,0.04190000034868717,1.02625300960555,0.04065000005066395,1.0578106127114622,0.04131999984383583,1.0406583161381253,0.04358999975025654,0.9864648246542082,0.03473999978974462,1.2377663131997936,0.03354104673500528,0.5324476102417135,0.050752503214484344,0.8056710115171909,0.04156590609720301,0.6598383033135752,0.056665039173242795,0.8995296101048011,100.0,57.14285334154315,57.89473787404096,0.0004484437960474569,2.454178192305464e-05,0.00042390201412440226,0.045226662249283046,0.03857333844809129,0.33066213053679827,0.0445581579239165,0.0367418421774114,0.6013066733391881,0.04612544015453518,0.03651455953313648,0.34960409616105953,88071.2,115721.45,1.4867062104297433,1.131475625305421,0.07500006053596864,0.07500006053596864,0.07500006053596864,0.02380957238190362,0.07500006053596871,0.07500006053596871,0.07500006053596871,0.023809572381903638,75.0000465661211,77.77781916988543,83.33336437741407,83.33336437741407,-24.9999534338789,-16.666635622585936,0.001285715028643608,0.0011428576849755786,38.18182756858837,74.09909354336719,54.551391524842515,40.131836415049825,0.03823759881705045,0.06976740760955491,BUY,0,0
0.04399999976158142,0.04399999976158142,0.04399999976158142,0.04399999976158142,33448,0.0,0.0,FSG,2020-11-20 00:00:00+11:00,Telecommunication Services,0.023255773658299894,0.022989478845309223,0.0,0.0,0.04320000112056732,1.0185184865801595,0.04230000041425228,1.0401891094723572,0.040899999998509885,1.0757946152367843,0.04135999985039234,1.0638297853176621,0.04362999975681305,1.008480403548721,0.03484499978832901,1.2627349699774941,0.010400298153862255,0.16509961485626223,0.050857073171478424,0.8073310081220811,0.0411662494209599,0.6534939502626996,0.056743885051432984,0.9007812496183635,100.0,59.99999006589787,59.9999962747117,0.0005858614994188674,0.0001368057254222172,0.00044905577399665015,0.045572785224989275,0.03902721560351529,0.5194351127981183,0.044998782009987165,0.036801217987032606,0.7563221841003047,0.046221511693781865,0.03649848800700282,0.5430409297014959,44579.2,113393.85,0.7503050750125619,0.2949719054428437,0.023255773658299894,0.1000000186264518,0.12820509881427844,0.04761905606641803,0.023255773658299925,0.10000001862645191,0.12820509881427833,0.047619056066418024,100.0,83.33336437741406,100.0,88.88890958494272,-0.0,-0.0,0.0013571434787341527,0.0011428576849755786,125.92585847213466,147.70634827136533,51.521294910934905,61.822882869877795,0.03835284683594107,0.045454553151426325,HOLD,0,1
0.04100000113248825,0.04399999976158142,0.03999999910593033,0.0430000014603138,148714,0.0,0.0,FSG,2020-11-23 00:00:00+11:00,Telecommunication Services,-0.0227272342428686,-0.022989478845309243,0.0020000003278255463,0.04878049445322462,0.04320000112056732,0.9953703783549601,0.04220000058412552,1.0189573664719145,0.04115000013262034,1.0449575047808306,0.0413799998909235,1.0391493855403715,0.04357999976724386,0.9866911815046404,0.03494499979540706,1.230505128403676,0.016258092707891837,0.25808922058388695,0.04072015181754597,0.6464123703481286,0.04105022407782242,0.6516521050403633,0.0568547507255712,0.902541187634583,80.00002980232861,60.0000049670523,59.9999962747117,0.0006070765152382945,0.00023085988338543268,0.0003762166318528619,0.045298389051445134,0.039101612116805906,0.2581990233394945,0.045111660181102645,0.03718834008413803,0.4669762940417327,0.04626044942629591,0.036499550355551094,0.331936957374292,74322.0,118393.35,2.0009418476359624,1.2561009549945161,0.0,-0.0227272342428686,0.13157902218381023,0.02380957238190362,0.0,-0.02272723424286861,0.13157902218381035,0.023809572381903638,75.0000465661211,83.33336437741406,83.33336437741407,88.88890958494272,-24.9999534338789,-16.666635622585936,0.0015714290950979506,0.0012857149399462201,33.517479237602785,65.51370966663988,47.54194336574255,59.7748771751246,0.03846578989445388,0.06976740760955491,BUY,0,0
0.039000000804662704,0.03999999910593033,0.03799999877810478,0.03999999910593033,507752,0.0,0.0,FSG,2020-11-24 00:00:00+11:00,Telecommunication Services,-0.06976749424421014,-0.07232071789215361,0.000999998301267624,0.02564098155475083,0.04260000064969063,0.93896710084254,0.04220000058412552,0.9478672642714898,0.04125000014901161,0.9696969445196175,0.0413799998909235,0.9666505367658091,0.04349999975413084,0.9195402145291244,0.03502999979071319,1.1418783712506542,0.03523512049339378,0.5593401974454925,0.035818293718890275,0.5685977854011033,0.04449522735707558,0.7063398366965986,0.057333387354507756,0.9101393085657775,19.999970197671402,47.05881837330204,54.545453006079164,0.0003774632929007815,0.00026018056528850247,0.00011728272761227904,0.045298389051445134,0.039101612116805906,-0.7100470136007168,0.04497049977239674,0.03752950052562648,-0.3359766616355566,0.04626044942629591,0.036499550355551094,-0.28276099875456884,164170.0,138238.4,3.092842784918073,3.6730170488084353,-0.06976749424421014,0.0,0.05263158926673239,0.0,-0.0697674942442101,0.0,0.05263158926673246,0.0,33.333333333333336,69.44445996648481,33.333333333333336,72.22223257024915,-66.66666666666667,-66.66666666666667,0.001857143427644457,0.0014761911616438912,-110.28192446779009,-73.45226604278201,28.080787171672696,50.27930227783366,0.04399999976158142,0.20000003725290383,BUY,0,0
0.03999999910593033,0.03999999910593033,0.03999999910593033,0.03999999910593033,17901,0.0,0.0,FSG,2020-11-25 00:00:00+11:00,Telecommunication Services,0.0,0.0,0.0,0.0,0.04200000017881393,0.9523809270388417,0.04220000058412552,0.9478672642714898,0.04135000016540289,0.967351848752782,0.0413799998909235,0.9666505367658091,0.04344999972730875,0.9205983741534971,0.03511499978601933,1.1391143200819813,0.03523512049339378,0.5593401974454925,0.035818293718890275,0.5685977854011033,0.04449522735707558,0.7063398366965986,0.057333387354507756,0.9101393085657775,19.999970197671402,50.0,54.545453006079164,0.00019326531767509258,0.0002467975157658205,-5.353219809072792e-05,0.045298389051445134,0.039101612116805906,-0.7100470136007168,0.04480040217119219,0.03789959815961359,-0.3912590640764315,0.04626044942629591,0.036499550355551094,-0.28276099875456884,167750.2,138804.6,0.10671224236990477,0.12896546656234736,-0.06976749424421014,0.0,0.05263158926673239,0.0,-0.0697674942442101,0.0,0.05263158926673246,0.0,33.333333333333336,47.22223774426258,33.333333333333336,50.00001034802691,-66.66666666666667,-66.66666666666667,0.0017857147114617483,0.0014761911616438912,-75.12195701095843,-50.055892447250216,33.147470216318865,52.51882896565936,0.04387999974191189,0.20000003725290383,BUY,0,0
0.0430000014603138,0.0430000014603138,0.03700000047683716,0.03700000047683716,3871441,0.0,0.0,FSG,2020-11-26 00:00:00+11:00,Telecommunication Services,-0.07499996740370918,-0.07796150623047916,-0.006000000983476639,-0.13953490185376505,0.040799999982118605,0.9068627571826747,0.041900000721216205,0.883054888781949,0.04130000025033951,0.8958837833550134,0.041359999924898146,0.894584152418329,0.04336999971419573,0.8531242960724862,0.035184999788179995,1.0515845019066021,0.042979306680924194,0.6822753419982138,0.04307030896871566,0.6837199585316187,0.04784050634348406,0.7594444942816009,0.05789828821034782,0.9191068316455397,12.499982537696468,42.105267285639954,48.00000417232352,-0.00019256791506074011,0.00015892442960050834,-0.00035149234466124845,0.046266541197597676,0.037533460244834733,-1.122169889614684,0.044976384047751,0.03762361645292802,-1.1696275499119402,0.046304757085212,0.03641524276458429,-0.881741874617003,915851.2,332376.65,4.227150655040907,11.647752632442742,-0.13953490185376505,-0.07499996740370918,-0.026315745616387054,-0.026315745616387054,-0.13953490185376505,-0.07499996740370916,-0.026315745616387044,-0.026315745616387044,0.0,22.222222222222218,0.0,22.22222222222223,-100.0,-100.0,0.002214286210281508,0.0017619054941903976,-112.90315344565354,-104.47754531445464,9.632956663516893,22.189896299886584,0.04376239972263575,0.2972972918549448,BUY,0,0
0.03700000047683716,0.04100000113248825,0.03500000014901161,0.035999998450279236,2862524,0.0,0.0,FSG,2020-11-27 00:00:00+11:00,Telecommunication Services,-0.02702708145055155,-0.0273990301234051,-0.0010000020265579224,-0.027027081450551504,0.03919999971985817,0.9183673139681717,0.04120000042021275,0.8737863612403658,0.04105000011622906,0.8769792533093487,0.041359999924898146,0.8704061536665463,0.043279999680817124,0.8317929462979043,0.035249999780207875,1.0212765581488732,0.032294520819063206,0.5126596247834352,0.03222682677940594,0.5115850152183884,0.04434851005525902,0.7040107717347764,0.05752590339433926,0.9131954059544884,11.111092714615026,25.000000000000014,46.15384725600254,-0.0005724366433769723,1.2652215005012168e-05,-0.0005850888583819845,0.0468411209296199,0.03555887991080559,-0.9218030285405123,0.04542577211889404,0.03667422811356408,-1.1540824482798049,0.046304757085212,0.03641524276458429,-1.0839766849700458,1481666.4,445502.85,1.9319625524342052,6.425377525643214,-0.18181821260570508,-0.16279076214672017,-0.12195128156342983,0.0,-0.1818182126057051,-0.1627907621467201,-0.12195128156342978,0.0,11.111092714615019,14.814808682649447,11.111092714615019,14.814808682649456,-88.88890728538499,-88.88890728538499,0.0023571433765547617,0.0020476198267369043,-149.2957314904031,-183.87820632180419,4.853126746827712,15.751553165995773,0.043491903752803804,0.3333334023201937,BUY,0,0
0.035999998450279236,0.03799999877810478,0.035999998450279236,0.03700000047683716,1026137,0.0,0.0,FSG,2020-11-30 00:00:00+11:00,Telecommunication Services,0.027777835266828088,0.027399030123405072,0.0010000020265579224,0.027777835266828067,0.03799999952316284,0.973684235292789,0.04060000032186508,0.9113300537810798,0.040850000083446504,0.9057527638006183,0.041219999939203264,0.8976225262350722,0.04318999968469143,0.8566798042823719,0.03531999978236854,1.0475651388680716,0.044289974036417726,0.7030815412432133,0.034949236781925026,0.5548019342189098,0.04496212137029527,0.7137515493822237,0.04810481511839107,0.7636402660080175,20.0,38.461547278790896,41.66666925367259,-0.000783758858015085,-0.00014662999959900734,-0.0006371288584160777,0.04665163135833558,0.03454836928539458,-0.5948809210826493,0.04558620008945055,0.03611380007744246,-0.8128878851671655,0.04625522388766706,0.036184775990739465,-0.8380956846325751,1657151.0,490623.45,0.6192175607412963,2.091496034280465,-0.13953490185376505,-0.13953490185376505,-0.09756098890644926,-0.15909089369714746,-0.13953490185376505,-0.13953490185376505,-0.09756098890644924,-0.15909089369714743,22.222226821346247,11.111106511987083,22.222226821346247,11.111106511987094,-77.77777317865376,-77.77777317865376,0.002214286210281508,0.0020000006826150986,-134.15636467097093,-171.29906460998055,4.371634064453048,8.80266094762814,0.04298238953657627,0.2972972918549448,BUY,0,0
0.039000000804662704,0.039000000804662704,0.03700000047683716,0.03700000047683716,516667,0.0,0.0,FSG,2020-12-01 00:00:00+11:00,Telecommunication Services,0.0,0.0,-0.0020000003278255463,-0.05128205862976375,0.03739999979734421,0.9893048309445324,0.04000000022351742,0.9250000067520886,0.04070000015199184,0.9090909174118613,0.041079999953508375,0.9006816095109861,0.04309999968856573,0.8584686947608754,0.03538999978452921,1.045493096979666,0.03880875297768805,0.616069854429,0.034949236781925026,0.5548019342189098,0.04471459024006637,0.7098221145082293,0.04810481511839107,0.7636402660080175,11.111129507599586,38.461547278790896,41.66666925367259,-0.0009403929707699141,-0.00030538259383318877,-0.0006350103769367253,0.046182413567224745,0.033817586879810096,-0.4852473589029385,0.04573043490521423,0.035669565398769455,-0.7355228437829445,0.046188457360650866,0.035971542546365885,-0.7986754418205941,1658934.0,514256.8,0.3114451810620555,1.004686763500259,-0.07499996740370918,-0.13953490185376505,-0.07499996740370918,-0.15909089369714746,-0.07499996740370916,-0.13953490185376505,-0.07499996740370916,-0.15909089369714743,22.222226821346247,18.51851545243583,22.222226821346247,18.518515452435842,-77.77777317865376,-77.77777317865376,0.0023571433765547617,0.002095238793463934,-96.96966053780366,-124.4878350908424,9.583657625972208,12.113940264811276,0.04250344617332239,0.2972972918549448,BUY,0,0
0.035999998450279236,0.03799999877810478,0.035999998450279236,0.035999998450279236,1149711,0.0,0.0,FSG,2020-12-02 00:00:00+11:00,Telecommunication Services,-0.02702708145055155,-0.0273990301234051,0.0,0.0,0.03659999966621399,0.9836065240052824,0.03929999992251396,0.9160304967241427,0.04045000001788139,0.8899876003551302,0.04091999992728233,0.8797653595858681,0.04299999967217445,0.8372092726683215,0.03545499977655709,1.0153715604895448,0.03809905484002807,0.604803745759956,0.034760843073009834,0.5518112768047576,0.04451656243638796,0.706678520580973,0.04822973823523601,0.7656233590090662,11.111124908471766,35.71428951560071,41.66666925367259,-0.0011321675164038397,-0.00047073957834731906,-0.0006614279380565207,0.04555744103047469,0.03304255881455324,-0.5273723580133197,0.045897356975201996,0.035002643060560786,-0.8169102194821067,0.046154735912370064,0.0356852639421946,-0.939875762792771,1885296.0,561936.35,0.6098304987651807,2.0459808303912,-0.10000001862645191,-0.16279076214672017,-0.12195128156342983,-0.18181821260570508,-0.10000001862645191,-0.1627907621467201,-0.12195128156342978,-0.1818182126057051,11.111092714615019,18.51851545243583,11.111092714615019,18.518515452435842,-88.88890728538499,-88.88890728538499,0.002500000542828015,0.0021428577601909637,-108.84355701630825,-145.01279632054994,8.584786415820233,10.993664241584327,0.042053239411863744,0.3333334023201937,BUY,0,0
0.03700000047683716,0.03700000047683716,0.035999998450279236,0.035999998450279236,510298,0.0,0.0,FSG,2020-12-03 00:00:00+11:00,Telecommunication Services,0.0,0.0,-0.0010000020265579224,-0.027027081450551504,0.036399999260902406,0.9890109665179907,0.038599999621510506,0.9326424560433836,0.04024999998509884,0.8944098997169437,0.04075999990105629,0.8832188061253233,0.04295999966561794,0.8379887972646102,0.03551999976858497,1.0135134764870914,0.022882555128262223,0.3632493013866453,0.034760843073009834,0.5518112768047576,0.044306594243492745,0.7033453788511667,0.04822973823523601,0.7656233590090662,16.666687362707634,18.181815103066896,39.13043337418193,-0.0012695160348307408,-0.0006304948696440035,-0.0006390211651867373,0.044577737018332654,0.03262226222468836,-0.4349473719962119,0.046049275393846,0.03445072457635168,-0.7328504399720768,0.04609850202489311,0.03542149777721947,-0.8916361444389589,1213067.4,575889.6,0.42066747486578243,0.8861038643517786,-0.02702708145055155,-0.16279076214672017,-0.10000001862645191,-0.18181821260570508,-0.027027081450551504,-0.1627907621467201,-0.10000001862645191,-0.1818182126057051,11.111092714615019,14.814804083525424,11.111092714615019,14.814804083525432,-88.88890728538499,-88.88890728538499,0.0023571433765547617,0.0021428577601909637,-101.19705452136702,-138.9991964944454,5.863330577838852,8.93729059250282,0.041630045056092614,0.3333334023201937,BUY,0,0
0.03700000047683716,0.03799999877810478,0.035999998450279236,0.035999998450279236,586530,0.0,0.0,FSG,2020-12-04 00:00:00+11:00,Telecommunication Services,0.0,0.0,-0.0010000020265579224,-0.027027081450551504,0.036399999260902406,0.9890109665179907,0.037799999490380286,0.9523809242230511,0.040049999952316284,0.8988763668699377,0.04067999988794327,0.8849557165546824,0.04289999965578318,0.8391608097699884,0.03558499976061284,1.0116621804821742,0.019377554912754825,0.30760914789388305,0.03246680181318395,0.515394500779834,0.044306594243492745,0.7033453788511667,0.046526749286963605,0.7385892475533448,16.666687362707634,18.181815103066896,40.90909244846655,-0.0013626578536753697,-0.0007769274664502769,-0.0005857303872250928,0.04258887675832004,0.03301112222244053,-0.3758711989032528,0.04615349489348248,0.03394650501115009,-0.6635544947733202,0.04618235688082,0.03517764289506654,-0.8505448562720835,757868.6,605216.1,0.773920439506268,0.9691249125725506,0.0,-0.18181821260570508,-0.10000001862645191,-0.10000001862645191,0.0,-0.1818182126057051,-0.10000001862645191,-0.10000001862645191,11.111092714615019,11.111092714615019,11.111092714615019,11.111092714615019,-88.88890728538499,-88.88890728538499,0.002500000542828015,0.0021904767269179935,-81.27342936425447,-112.53688417578633,10.528378272987894,13.38228869320777,0.041232242361667754,0.3333334023201937,BUY,0,0
0.03500000014901161,0.03500000014901161,0.03500000014901161,0.03500000014901161,131282,0.0,0.0,FSG,2020-12-07 00:00:00+11:00,Telecommunication Services,-0.02777773178653753,-0.028170829661421756,0.0,0.0,0.03599999919533729,0.9722222480922944,0.036999999359250066,0.9459459663547684,0.039599999971687797,0.8838383882332077,0.04049999989569187,0.8641975367692455,0.042869999669492245,0.81642174991475,0.03564499976113439,0.9819049062576779,0.015011262473133134,0.2382964042141601,0.03256384398966694,0.5169349975737846,0.037098263960568034,0.5889166830713588,0.0443196307751643,0.7035523273757371,25.00002328303887,16.666666666666657,39.13043971210316,-0.0014998752922060973,-0.000921517031601441,-0.0005783582606046563,0.0403993457717827,0.03360065294671743,-0.5883481609479101,0.04580356583468976,0.033396434108685834,-0.7415089843908261,0.04614602194381555,0.03485397784756819,-0.9741371358101674,578897.6,605638.05,0.22677931295621195,0.21676643335074472,-0.05405406221758269,-0.18604653580502006,-0.20454544684857368,-0.20454544684857368,-0.05405406221758272,-0.18604653580502004,-0.20454544684857373,-0.20454544684857373,0.0,7.407395143076674,0.0,7.407395143076684,-100.0,-100.0,0.002500000542828015,0.002238095693645023,-113.64071040986612,-142.5925668183395,9.897157757243363,13.249748220918178,0.04085830782890838,0.2571428449786439,BUY,0,0
0.03400000184774399,0.03700000047683716,0.03400000184774399,0.035999998450279236,758972,0.0,0.0,FSG,2020-12-08 00:00:00+11:00,Telecommunication Services,0.028571379914575923,0.028170829661421794,0.001999996602535248,0.058823426289547516,0.03579999879002571,1.0055865828774622,0.03659999929368496,0.9836065340168122,0.039399999938905236,0.9137055458401487,0.04033999986946583,0.8924144414171993,0.042849999666213986,0.8401399937154309,0.03570999975316227,1.0081209380879732,0.0233492540586702,0.3706579172286414,0.030615499717486935,0.486005991098632,0.03288474101389333,0.5220290799091668,0.044550739589416556,0.7072210660655761,50.0,23.07691205535437,30.0,-0.0015105172928498861,-0.0010393170838511304,-0.00047120020899875576,0.0392997938444064,0.03390020474296352,-0.22223944531090034,0.04580394775277844,0.03299605212503203,-0.5309227350760729,0.04603439514032526,0.0346456045986064,-0.7621531721544111,627358.6,639456.35,1.2097897438562253,1.1869019675854342,-0.02702708145055155,-0.10000001862645191,-0.10000001862645191,-0.18181821260570508,-0.027027081450551504,-0.10000001862645191,-0.10000001862645191,-0.1818182126057051,19.999970197671395,10.370354304095466,19.999970197671395,10.370354304095477,-80.00002980232861,-80.00002980232861,0.0027142861591918127,0.0021904765495232175,-84.39713990425868,-109.3749772366496,15.163974605651518,17.148050379591268,0.04050680936811458,0.22222226821346247,BUY,0,0
0.035999998450279236,0.03999999910593033,0.035999998450279236,0.03999999910593033,263712,0.0,0.0,FSG,2020-12-09 00:00:00+11:00,Telecommunication Services,0.11111113410673124,0.1053605363538842,0.0040000006556510925,0.11111113410673122,0.03659999892115593,1.0928961826501338,0.03659999929368496,1.0928961715262113,0.039399999938905236,1.0152284052780576,0.040259999856352806,0.9935419584860865,0.042809999659657476,0.9343611171206061,0.0357949997484684,1.117474490487791,0.05345342411508753,0.8485468016003066,0.049193318525589155,0.7809197219081732,0.04188177555086228,0.6648525754404409,0.047386407107454565,0.7522358923871302,71.42856382593739,41.176464143096716,50.0,-0.0011825528015537781,-0.00106796422739166,-0.00011458857416211813,0.0392997938444064,0.03390020474296352,1.2593550169722447,0.04580394775277844,0.03299605212503203,0.09369207627290192,0.04585606396583551,0.0346639357468701,-0.04646136022314292,450158.8,644826.85,0.5858199373198969,0.40896560061045845,0.11111113410673124,0.0,0.0,-0.09090910630285254,0.11111113410673122,0.0,0.0,-0.09090910630285255,59.999985098835694,26.666651765502355,59.999985098835694,26.666651765502365,-40.000014901164306,-40.000014901164306,0.0027857146092823575,0.0021904765495232175,13.725466665002877,-22.75337063873482,17.191442802011252,18.978977587159406,0.03400000184774399,0.1000000186264518,BUY,0,0
0.04100000113248825,0.04100000113248825,0.03799999877810478,0.03799999877810478,908374,0.0,0.0,FSG,2020-12-10 00:00:00+11:00,Telecommunication Services,-0.0500000093132259,-0.05129330419094627,-0.0030000023543834686,-0.07317078711020517,0.03699999898672104,1.0270270221289097,0.03669999912381172,1.035422334750128,0.03929999992251396,0.9669210904078286,0.040139999836683274,0.9466865703217373,0.04274999964982271,0.8888888675876836,0.035864999741315844,1.0595287620852667,0.06258428517835173,0.9934947273759859,0.04538625216645862,0.720484417042296,0.04339811310905708,0.688923687936103,0.04789364751531296,0.7602880842318279,55.55554635730751,33.33333333333333,45.45454545454545,-0.0010716683640764335,-0.0010687050547286147,-2.9633093478187694e-06,0.03953627225247393,0.033863725995149516,0.4583478372219517,0.04572691872749436,0.032873081117533565,-0.20227439988844628,0.045665600300388985,0.03461439937297756,-0.38728841736474623,529774.0,686690.95,1.7146443577827526,1.322827976690242,0.05555556705336562,0.02702698076703114,-0.0500000093132259,-0.13636365945427886,0.05555556705336561,0.027026980767031222,-0.05000000931322596,-0.13636365945427883,39.99997764825355,39.99997764825354,39.99997764825355,39.99997764825355,-60.00002235174645,-60.00002235174645,0.002928572041647775,0.0023333338044938586,46.870450889178336,-12.092137982784786,22.795265327192382,24.707129749515758,0.034120001792907716,0.1578947678001974,BUY,0,0
0.03799999877810478,0.03799999877810478,0.035999998450279236,0.03799999877810478,685790,0.0,0.0,FSG,2020-12-11 00:00:00+11:00,Telecommunication Services,0.0,0.0,0.0,0.0,0.03739999905228615,1.0160427738241333,0.036899999156594275,1.0298102885271727,0.03904999978840351,0.9731113696289816,0.04001999981701374,0.9495252111907758,0.04263999965041876,0.891181967393182,0.03594499973580241,1.057170651200632,0.06258428517835173,0.9934947273759859,0.04415013646386485,0.7008616885977061,0.039487633204754596,0.6268467439339028,0.04789364751531296,0.7602880842318279,62.50000582076784,35.29411377997653,45.45454545454545,-0.0009725803476528239,-0.0010494801133134567,7.689976566063283e-05,0.0397982744953218,0.03400172381786675,0.3795359284233697,0.04525611045370309,0.03284388912310393,-0.16918825121337777,0.04546343957443043,0.034576560059597056,-0.3710890776657735,549626.0,708435.05,1.2477393718637764,0.9680351078055779,0.05555556705336562,0.05555556705336562,-0.11627912819546515,-0.13636365945427886,0.05555556705336561,0.05555556705336561,-0.11627912819546511,-0.13636365945427883,44.444412250576285,48.14812499922184,39.99997764825355,46.6666467984476,-55.555587749423715,-60.00002235174645,0.0027857148753745215,0.002428571915342694,-11.931860414436645,-54.488411055281865,21.95061956307903,23.551543766816266,0.03439520176649094,0.39473687048351436,BUY,0,0
0.035999998450279236,0.035999998450279236,0.035999998450279236,0.035999998450279236,91282,0.0,0.0,FSG,2020-12-14 00:00:00+11:00,Telecommunication Services,-0.052631589266732504,-0.05406723216293791,0.0,0.0,0.037599998712539676,0.957446800078564,0.036799998953938484,0.9782608552608769,0.038699999637901786,0.9302325267988313,0.0398599997907877,0.903161029584336,0.04249999962747097,0.8470587944901936,0.03599999972619116,0.9999999645580018,0.06737495626299772,1.069544273194474,0.04702557037165726,0.7465077867862343,0.04083737718019453,0.6482732652896332,0.04842826552105686,0.7687748819695218,50.0,37.5,33.33332742017457,-0.001043407934281343,-0.001048265677507034,4.857743225691099e-06,0.03975145813843438,0.03384853976944259,-0.2710525383043331,0.044755881309548405,0.032644117966255166,-0.44584774505483504,0.045296236535492196,0.0344237630460832,-0.7100502648764397,541626.0,712999.15,0.16853326834383875,0.12802539806674385,0.028571379914575923,-0.02702708145055155,-0.16279076214672017,-0.18181821260570508,0.028571379914575902,-0.027027081450551504,-0.1627907621467201,-0.1818182126057051,22.222185429230038,35.55552510935328,19.999970197671395,33.3333084980595,-77.77781457076996,-80.00002980232861,0.0025714289929185596,0.0023809527712208883,-78.01422622024202,-84.87558098352739,22.676771843058646,21.916784961611157,0.034659393741130834,0.47222226821346247,BUY,0,0
0.035999998450279236,0.035999998450279236,0.03400000184774399,0.03400000184774399,558039,0.0,0.0,FSG,2020-12-15 00:00:00+11:00,Telecommunication Services,-0.05555546357307506,-0.05715831644673871,-0.001999996602535248,-0.055555463573075094,0.037199999392032626,0.9139785592315358,0.03649999909102917,0.9315069231357975,0.03824999965727329,0.8888889451605221,0.03963999979197979,0.8577195263916999,0.04238999962806702,0.8020760119382522,0.0360499997343868,0.9431345935715114,0.07116696947159533,1.1297406167038022,0.04998126515016544,0.7934279867983028,0.04212914818356435,0.6687794942441988,0.048847401734393066,0.7754284630852153,41.6666770147,33.33334023201937,30.434781904481923,-0.0012465528320432656,-0.0010879231084142803,-0.00015862972362898527,0.03993187479928139,0.03306812338277695,-0.7284638069128597,0.04429805375587409,0.03220194555867249,-0.7027049924226915,0.04511737561388088,0.0341626239700787,-1.0296897871576518,501439.4,737975.5,1.1128742575872577,0.7561755098915885,-0.05555546357307506,-0.08108104298461394,-0.20930230946331996,-0.24444443340654776,-0.055555463573075094,-0.08108104298461395,-0.20930230946331996,-0.2444444334065477,0.0,22.2221992266021,0.0,19.99998261530832,-100.0,-100.0,0.002714285893099649,0.002476190704674948,-140.74064998470845,-113.03497813803249,21.732126557267378,21.15898343037624,0.04100000113248825,0.6176469621464509,BUY,0,0
0.03700000047683716,0.03700000047683716,0.035999998450279236,0.035999998450279236,152501,0.0,0.0,FSG,2020-12-16 00:00:00+11:00,Telecommunication Services,0.05882342628954751,0.05715831644673874,-0.0010000020265579224,-0.027027081450551504,0.036399999260902406,0.9890109665179907,0.03649999909102917,0.9863013519670794,0.037899999506771566,0.9498680453504265,0.039459999725222586,0.9123162367197956,0.04231999959796667,0.850661597170925,0.036109999725595116,0.9969537170824759,0.04960358784131341,0.7874325453879754,0.053473329129791546,0.8488627839128061,0.04488869302274122,0.7125859105013611,0.049658078545006375,0.7882975584923942,53.846149437523835,47.05881708427177,35.99999105930142,-0.0012319623220390027,-0.001116730951139225,-0.00011523137089977783,0.03993187479928139,0.03306812338277695,-0.14569310874156685,0.043590250421573516,0.032209748591969616,-0.3339046177295786,0.044808431876743014,0.03411156757370216,-0.6469187935682715,479197.2,745600.55,0.31824267754486046,0.20453445212721474,-0.10000001862645191,0.0,-0.16279076214672017,-0.20000006622738042,-0.10000001862645191,0.0,-0.1627907621467201,-0.20000006622738045,28.571382955624337,16.93118946161812,19.999970197671395,13.333313465114268,-71.42861704437566,-80.00002980232861,0.0025000000106436865,0.0025714288155237832,-28.743980203412647,-60.04185064442052,31.57136005435497,21.580216643257074,0.04086000114679336,0.7500001034802906,BUY,0,0
0.03700000047683716,0.03799999877810478,0.03700000047683716,0.03799999877810478,431600,0.0,0.0,FSG,2020-12-17 00:00:00+11:00,Telecommunication Services,0.05555556705336562,0.05406723216293787,0.000999998301267624,0.027026980767031222,0.036399999260902406,1.0439560315848948,0.03669999912381172,1.035422334750128,0.037649999372661114,1.0092961331016068,0.03931999966502189,0.9664292752247566,0.04226999957114458,0.8989827102824318,0.03617999971844256,1.0503040097795935,0.055667410140910534,0.883692740183306,0.05614762801157403,0.8913159625487336,0.0470691733591395,0.747199962754019,0.05034923917615782,0.7992693933685453,57.142860944175176,55.55555785511804,40.740734097560676,-0.0010469473692364603,-0.001102774234758672,5.582686552221177e-05,0.040233960248062,0.03316603799956144,0.36785907048393246,0.04281159882052096,0.032488399924801264,0.0678083235592387,0.04443803602666124,0.03420196330338254,-0.25791158828232774,383842.4,760633.75,1.1244198139653148,0.5674215744436794,0.0,0.05555556705336562,-0.11627912819546515,-0.15555561626398762,0.0,0.05555556705336561,-0.11627912819546511,-0.15555561626398764,57.14281912968695,28.57140069510376,39.99997764825355,19.99998261530832,-42.85718087031305,-60.00002235174645,0.00221428567809718,0.002666666926372619,62.441312139929444,-12.727279023990128,47.20602974622864,23.78297086861997,0.04072280116081237,0.8421053302337609,BUY,0,0
0.03799999877810478,0.03799999877810478,0.03799999877810478,0.03799999877810478,0,0.0,0.0,FSG,2020-12-18 00:00:00+11:00,Telecommunication Services,0.0,0.0,0.0,0.0,0.036399999260902406,1.0439560315848948,0.036899999156594275,1.0298102885271727,0.03734999932348728,1.0174029308270631,0.03929999962449074,0.9669210977402699,0.04221999954432249,0.90004735168726,0.036249999711290004,1.0482758367104137,0.055667410140910534,0.883692740183306,0.05614762801157403,0.8913159625487336,0.04661633988685119,0.7400114542360147,0.04665483233680325,0.7406225029355752,39.99999254941507,52.94117260350339,40.740734097560676,-0.0008900616099836514,-0.001060231709803668,0.0001701700998200165,0.04048391264695884,0.03331608566622971,0.30692694577251417,0.04156900422337679,0.03313099442359777,0.15406463610282245,0.04443093924030035,0.034169060008681126,-0.2533650644377794,246684.4,758961.35,0.0,0.0,0.0,0.05555556705336562,-0.13636365945427886,-0.025641077075012952,0.0,0.05555556705336561,-0.13636365945427883,-0.02564107707501292,57.14281912968695,47.61900707166607,39.99997764825355,33.3333084980595,-42.85718087031305,-60.00002235174645,0.0020714285118239267,0.0025238096714019775,74.24239063271067,6.311965491813648,54.40436552468158,24.011121990472247,0.040588345174551003,0.9736843524175713,BUY,0,0
0.03799999877810478,0.03799999877810478,0.035999998450279236,0.035999998450279236,425863,0.0,0.0,FSG,2020-12-21 00:00:00+11:00,Telecommunication Services,-0.052631589266732504,-0.05406723216293791,-0.0020000003278255463,-0.05263158926673246,0.036399999260902406,0.9890109665179907,0.03699999898672104,0.9729729577343855,0.036999999172985555,0.9729729528362682,0.03925999961793423,0.9169638003214395,0.042149999514222145,0.854092499766986,0.03630999970249832,0.9914623724935544,0.055667410140910534,0.883692740183306,0.05835543273421045,0.926363775985673,0.04763987842783672,0.7562596248564403,0.04711752256932254,0.7479674826714033,39.99999254941507,47.36841486101133,35.71428191296869,-0.0009165464495766162,-0.0010314946577582576,0.00011494820818164133,0.040399344425134286,0.03360065354830779,-0.29417443874388455,0.04030867953465716,0.03369131881131395,-0.30223551790935177,0.0444629825688824,0.03405701666698606,-0.6265638766048438,313600.6,772818.8,1.3579789069281119,0.5510515530936877,0.0,0.028571379914575923,-0.16279076214672017,-0.052631589266732504,0.0,0.028571379914575902,-0.1627907621467201,-0.05263158926673246,28.571382955624337,47.61900707166607,19.999970197671395,33.3333084980595,-71.42861704437566,-80.00002980232861,0.0020714285118239267,0.0025714288155237832,-6.481525496538225,-40.579747305737065,47.31912310422613,23.18244665949743,0.040456578308014864,0.9444445364269249,BUY,0,0
0.03700000047683716,0.03700000047683716,0.03700000047683716,0.03700000047683716,60000,0.0,0.0,FSG,2020-12-22 00:00:00+11:00,Telecommunication Services,0.027777835266828088,0.027399030123405072,0.0,0.0,0.03699999898672104,1.0000000402734097,0.03709999918937683,0.9973046168537841,0.036849999241530894,1.0040705899157036,0.03923999965190887,0.9429154129729268,0.04201999951153994,0.8805331010695481,0.03637499970383942,1.0171821519748843,0.046057993703675824,0.7311479833590299,0.058319325179306714,0.9257905863213176,0.045921872924354096,0.7289871329769083,0.04728126774390766,0.7505668567334378,45.45455161205219,52.63158513898866,39.28571286022059,-0.000847079465126091,-0.0009946116192318243,0.0001475321541057333,0.04042665815353247,0.03377334022522119,-0.030059802828346503,0.039842973050769136,0.03385702543229265,0.050117790821711854,0.04447036726704223,0.03400963203677551,-0.4282680185978855,213992.8,750431.2,0.2803832652313536,0.07995403176200563,0.08823524900167712,0.027777835266828088,-0.07499996740370918,-0.026315745616387054,0.08823524900167704,0.027777835266828067,-0.07499996740370916,-0.026315745616387044,42.85712765187478,42.857109912395345,33.333319535961266,31.11108912729541,-57.14287234812522,-66.66668046403873,0.002000000061733382,0.002428571737947918,14.383639000644475,-14.344198215035584,57.6101342859682,23.72499123149221,0.04032744677880944,1.0810810429846138,BUY,0,0
0.03799999877810478,0.04100000113248825,0.03799999877810478,0.04100000113248825,775507,0.0,0.0,FSG,2020-12-23 00:00:00+11:00,Telecommunication Services,0.10810812443516538,0.10265416879425689,0.0030000023543834686,0.07894743291707788,0.03799999952316284,1.0789474117623807,0.037199999392032626,1.1021505860903185,0.03689999934285879,1.1111111615893003,0.03917999967932701,1.046452309036683,0.04195999953895807,0.9771211054094864,0.036479999711737036,1.12390354869704,0.060128695668632416,0.954513452387328,0.05771247600774316,0.9161571543736212,0.052213093534275536,0.8288571640382856,0.04433189694481188,0.703747046782298,69.23078466096985,60.869573667957354,51.724141474711445,-0.0004639120676346864,-0.0008884717089123967,0.0004245596412777103,0.04094759120714057,0.033452407576924685,1.0139849609918565,0.04013793254995934,0.03366206613575824,1.266240384649831,0.044253984028105146,0.034106015330548876,0.35869276057178096,338594.0,788311.5,2.290374312598569,0.9837570554279622,0.13888896937355932,0.025000051222742847,0.025000051222742847,-0.06818178739429492,0.1388889693735593,0.02500005122274275,0.02500005122274275,-0.06818178739429488,100.0,57.142836869166366,77.77777317865376,43.70368763742881,-0.0,-22.222226821346247,0.00221428567809718,0.0023809525938261124,164.39400932331645,159.68173286733327,68.55769601917305,28.50293367438178,0.03400000184774399,0.829268314844082,BUY,0,0
0.0430000014603138,0.0430000014603138,0.041999999433755875,0.0430000014603138,341200,0.0,0.0,FSG,2020-12-24 00:00:00+11:00,Telecommunication Services,0.04878049445322463,0.04762805532837576,0.0,0.0,0.03900000005960465,1.1025641383229705,0.03769999966025352,1.140583603390532,0.037199999392032626,1.1559140366417155,0.03921999968588352,1.0963794442810975,0.04191999956965446,1.0257634041447161,0.03659499972127378,1.1750239592245877,0.059417914848173714,0.9432301566616789,0.05587788350858508,0.8870339013141206,0.049824200912520156,0.7909346693222746,0.043767912532377024,0.6947940717905811,84.61538241107087,64.00000894069858,54.838713553892156,1.1212416519065793e-06,-0.000710553118799536,0.0007116743604514426,0.042953570814795686,0.03244642850571136,1.0088379207499585,0.0414351910404865,0.03296480774357875,1.3694780660985102,0.04438329355344017,0.03405670581832687,0.7320911556442224,320514.0,611799.45,1.0645400824924964,0.5576990956758788,0.13157902218381023,0.13157902218381023,0.16216218665274829,0.04878049445322463,0.13157902218381035,0.13157902218381035,0.16216218665274817,0.04878049445322462,100.0,80.95237588395825,100.0,70.37036423820501,-0.0,-0.0,0.00221428567809718,0.002476190704674948,217.37896338376135,273.41177592351596,67.52099160313898,30.130062698326782,0.03414000183343888,0.744186056585425,BUY,0,0
0.0430000014603138,0.04399999976158142,0.0430000014603138,0.04399999976158142,1238694,0.0,0.0,FSG,2020-12-29 00:00:00+11:00,Telecommunication Services,0.023255773658299894,0.022989478845309223,0.000999998301267624,0.023255773658299925,0.040200000256299974,1.0945273502749773,0.03829999975860119,1.148825066289985,0.03759999945759773,1.1702127764975394,0.03929999969899654,1.119592877826533,0.04183999955654144,1.0516252444534808,0.036714999722316864,1.19842026676733,0.057719992319030626,0.9162764721162803,0.05572240167538164,0.8845657037298523,0.0491915293829767,0.7808913201496976,0.04370297942857881,0.6937632907235473,83.33333333333333,68.00000298023286,62.06896463132213,0.00044522274429105446,-0.00047939794618141794,0.0009246206904724724,0.0449030301351777,0.03169696938202468,0.8632400091934044,0.042766695055111464,0.032433303860084,1.2387028001153073,0.04463375929633659,0.0339662401016565,0.8811795838959022,568252.8,530607.95,2.1798291183079077,2.334480665055999,0.1578947678001974,0.1578947678001974,0.22222226821346247,0.1000000186264518,0.15789476780019737,0.15789476780019737,0.22222226821346244,0.10000001862645191,100.0,100.0,100.0,92.59259105955125,-0.0,-0.0,0.00221428567809718,0.002238095338855471,192.25351878813936,258.4302302443144,75.46412323617184,46.41816288708446,0.034494401818513876,0.6363635747885898,BUY,0,0
0.04399999976158142,0.04399999976158142,0.04399999976158142,0.04399999976158142,0,0.0,0.0,FSG,2020-12-30 00:00:00+11:00,Telecommunication Services,0.0,0.0,0.0,0.0,0.04180000051856041,1.0526315601848892,0.03909999988973141,1.1253196901705584,0.03794999942183495,1.1594203012363036,0.039379999712109565,1.1173184378681238,0.041829999536275864,1.0518766495185754,0.03683499972335994,1.1945160877435161,0.04102746575393175,0.6512908278487352,0.05076959378055118,0.8059423158426599,0.04909107717022747,0.779296690708214,0.04370297942857881,0.6937632907235473,80.0,66.66667184068173,64.28571808703131,0.0007880917535301804,-0.00022590000623909823,0.0010139917597692786,0.046369418780279836,0.031830580999182984,0.6740566124509492,0.04384290392867962,0.03205709491499027,1.0266584725273138,0.044874190681360594,0.033885808742858535,0.8408881444653633,483080.2,479301.1,0.0,0.0,0.22222226821346247,0.22222226821346247,0.18918916741977942,0.1000000186264518,0.22222226821346244,0.22222226821346244,0.1891891674197794,0.10000001862645191,100.0,100.0,100.0,100.0,-0.0,-0.0,0.002000000061733382,0.0019523810063089644,156.02196553617864,207.60868614529008,72.61547449696965,58.6830706202557,0.03506473769509793,0.5454546378171152,BUY,0,0
0.04399999976158142,0.04399999976158142,0.04399999976158142,0.04399999976158142,0,0.0,0.0,FSG,2020-12-31 00:00:00+11:00,Telecommunication Services,0.0,0.0,0.0,0.0,0.043200000375509265,1.0185185041462566,0.04009999968111515,1.0972568606354118,0.03829999938607216,1.1488250774641544,0.039459999725222586,1.1150532201716385,0.04177999954670668,1.0531354772369723,0.036954999724403026,1.190637263962047,0.04504812366579002,0.7151167934985826,0.043999838398692814,0.6984757807798299,0.04909107717022747,0.779296690708214,0.04370297942857881,0.6937632907235473,80.0,60.00000372529107,62.96296398499066,0.0010477402165552027,2.8828038319762035e-05,0.0010189121782354406,0.046992831308643346,0.03320716805358695,0.565805214926573,0.04475959108521666,0.03184040768692766,0.8824087714807364,0.04510544323799426,0.033814556212450914,0.8041883735242422,471080.2,453467.75,0.0,0.0,0.18918916741977942,0.29411756971716074,0.18918916741977942,0.1000000186264518,0.1891891674197794,0.29411756971716063,0.1891891674197794,0.10000001862645191,100.0,100.0,100.0,100.0,-0.0,-0.0,0.0017142857291868754,0.0018571428954601288,121.20450199534591,166.3594355413258,71.3630775611328,64.76247348535176,0.03560085341908694,0.6136364252114102,BUY,0,0
0.04500000178813934,0.04500000178813934,0.04399999976158142,0.04399999976158142,126978,0.0,0.0,FSG,2021-01-04 00:00:00+11:00,Telecommunication Services,0.0,0.0,-0.0010000020265579224,-0.02222226637380919,0.043800000101327896,1.0045662022783297,0.04089999981224537,1.0757946201361086,0.03869999945163727,1.1369509143421945,0.03953999973833561,1.1127971687597575,0.04172999955713749,1.0543973215560618,0.0370749997254461,1.1867835492223189,0.021694024885092963,0.34438196869201537,0.043192380148859524,0.6856577784410718,0.048390436476918944,0.7681743645107766,0.04370297942857881,0.6937632907235473,100.0,66.66667356535413,62.96296398499066,0.0012392284400922216,0.000270908118674254,0.0009683203214179675,0.047529899294941294,0.03427010032954944,0.4675787253527853,0.04553951378181697,0.03186048512145757,0.7749088683910834,0.045328236567466346,0.03375176290920487,0.7705282549600863,341374.4,402331.1,0.37196110780421726,0.31560572871448417,0.0731706962494687,0.22222226821346247,0.22222226821346247,0.1000000186264518,0.07317069624946869,0.22222226821346244,0.22222226821346244,0.10000001862645191,90.90907243657693,96.96969081219231,90.90907243657693,96.96969081219231,-9.090927563423067,-9.090927563423067,0.0015714285629136221,0.001809523928733099,103.75994246967454,145.5485395882774,66.94558890150297,63.38039628897278,0.03610480219963661,0.6363635747885898,BUY,0,0
0.04800000041723251,0.04800000041723251,0.04600000008940697,0.04600000008940697,75737,0.0,0.0,FSG,2021-01-05 00:00:00+11:00,Telecommunication Services,0.045454553151426325,0.04445176993306769,-0.0020000003278255463,-0.04166667313418449,0.04439999982714653,1.0360360420830945,0.04169999994337559,1.1031175096371786,0.039199999533593655,1.173469403997973,0.03965999975800514,1.1598588091297741,0.04169999957084656,1.103117519491934,0.03720499972812832,1.236392969373665,0.02038826628591863,0.32365369353781925,0.042407650961288325,0.6732005887799888,0.04890294677475704,0.776310213265412,0.04411374711706605,0.7002840256256959,100.0,70.00000745058216,67.85714998461322,0.0015346767499331629,0.0005236618449260358,0.0010110149050071271,0.04869523707921514,0.03470476280753604,0.6147039853732288,0.04664382487389678,0.03175617419329053,0.9135088808433005,0.04572912640304255,0.033590873112967726,1.0446314111085329,288281.8,380603.05,0.26271863156120157,0.19899209951155147,0.06976740760955491,0.2105263570669298,0.2777778352668281,0.15000002793967782,0.06976740760955494,0.21052635706692985,0.2777778352668281,0.15000002793967787,85.7142819129687,92.20778478318186,85.7142819129687,92.20778478318188,-14.285718087031306,-14.285718087031306,0.0017142857291868754,0.0019047620395819347,124.11347016916457,166.89894519262774,77.6461632289222,72.3007595602042,0.03681641816671683,0.5434783084039876,BUY,0,0
0.04600000008940697,0.04600000008940697,0.04600000008940697,0.04600000008940697,0,0.0,0.0,FSG,2021-01-06 00:00:00+11:00,Telecommunication Services,0.0,0.0,0.0,0.0,0.04479999989271164,1.0267857187403822,0.04250000007450581,1.082352941382715,0.03969999961555004,1.1586901897950972,0.03979999974370003,1.1557789041616349,0.041689999587833884,1.1033821190737272,0.037334999730810524,1.2320878644990505,0.02032789414669371,0.3226953155387826,0.042407650961288325,0.6732005887799888,0.04890294677475704,0.776310213265412,0.04392262921707926,0.6972501230189482,100.0,77.77778927559021,67.85714998461322,0.0017486641522179713,0.0007686623063844231,0.0009800018458335483,0.049444222656534226,0.03555577749247739,0.5040161045469838,0.047569996519811864,0.03183000271128822,0.8005086343103007,0.04612455609109574,0.033475443396304316,0.9803059701191431,40543.0,351276.55,0.0,0.0,0.045454553151426325,0.2105263570669298,0.2777778352668281,0.17948715744404198,0.045454553151426276,0.21052635706692985,0.2777778352668281,0.1794871574440421,85.7142819129687,87.44587875417143,85.7142819129687,87.44587875417146,-14.285718087031306,-14.285718087031306,0.0015714285629136221,0.0018571428954601288,94.55337278991689,128.9972824431235,79.16667802717205,76.83729872948864,0.0379347763917684,0.49999995950771425,BUY,0,0
0.04699999839067459,0.04699999839067459,0.04600000008940697,0.04600000008940697,98000,0.0,0.0,FSG,2021-01-07 00:00:00+11:00,Telecommunication Services,0.0,0.0,-0.000999998301267624,-0.02127656032996879,0.04519999995827675,1.0176991179616965,0.04350000023841858,1.0574712606272683,0.04024999961256981,1.1428571560791139,0.03995999976992607,1.1511511600164375,0.0416799996048212,1.103646845622476,0.03746499973349273,1.2278126362372337,0.02032789414669371,0.3226953155387826,0.03500076100367524,0.5556198558823929,0.0480578059414012,0.7628940184580995,0.04371584452079021,0.693967517731059,100.0,87.49999708961676,67.85714998461322,0.0018963903032594223,0.0009942079057594232,0.0009021823974999991,0.04901764816991174,0.03798235230692542,0.4530915857677509,0.04827299360153194,0.032227005623607675,0.716690114033226,0.04649980042553775,0.03342019911431439,0.9235756007789143,60143.0,349612.45,1.6294498112831086,0.2803103836834186,0.045454553151426325,0.2777778352668281,0.3142857112446611,0.2105263570669298,0.045454553151426276,0.2777778352668281,0.314285711244661,0.21052635706692985,83.33333333333333,84.92063238642358,85.7142819129687,85.7142819129687,-16.666666666666668,-14.285718087031306,0.0015000001128230775,0.0018095237513383229,89.49770268076033,117.54826348870601,89.79446563206261,75.426432449306,0.03894129879431481,0.5434783084039876,BUY,0,0
0.04699999839067459,0.04800000041723251,0.04699999839067459,0.04800000041723251,667740,0.0,0.0,FSG,2021-01-08 00:00:00+11:00,Telecommunication Services,0.04347826791170184,0.04255962116751017,0.0010000020265579224,0.021276639591467215,0.04600000008940697,1.0434782679117018,0.044600000232458116,1.0762331876020936,0.040849999710917476,1.175030618284292,0.040159999802708624,1.1952191397669059,0.04166999962180853,1.1519078678395547,0.03760499973781407,1.276426027174404,0.024365276780432613,0.3867867779176873,0.035471358885775864,0.5630903656637046,0.0483965305523037,0.7682711049584102,0.04405053685942105,0.699280593893474,100.0,87.5,72.41379709008537,0.0021500630650628377,0.0012253789376201062,0.0009246841274427316,0.048510100652066346,0.040689899812849886,0.8695429323820437,0.04931727485616548,0.03238272456566947,0.8444275854585583,0.047057027647651864,0.03326297195776538,1.1367216126685666,193691.0,345050.85,3.447449804069368,1.9351930302446727,0.09090910630285265,0.2972972918549448,0.3333334023201937,0.2631579463336624,0.09090910630285255,0.29729729185494486,0.3333334023201937,0.2631579463336623,100.0,89.68253841543401,100.0,90.47618794197912,-0.0,-0.0,0.0014285716627325331,0.0018571428954601288,105.09640787551663,123.74156798955973,91.29080807797982,79.11795184192965,0.03984716895660658,0.4791667022380146,BUY,0,0
0.04800000041723251,0.04800000041723251,0.04500000178813934,0.04800000041723251,994300,0.0,0.0,FSG,2021-01-11 00:00:00+11:00,Telecommunication Services,0.0,0.0,0.0,0.0,0.04680000022053719,1.0256410297230882,0.04530000016093254,1.0596026544527146,0.04124999977648258,1.163636380056376,0.040359999835491184,1.189296348188361,0.04165999963879585,1.152184369500871,0.0377449997421354,1.2716916345252818,0.024365276780432613,0.3867867779176873,0.021821852104339585,0.3464111628894843,0.04292018139006301,0.6813367571033355,0.04405053685942105,0.699280593893474,100.0,85.71428571428571,71.42857713054696,0.0023243073876600615,0.0014451646276280974,0.0008791427600319641,0.048833962409598156,0.04176603791226692,0.7640150251518577,0.05028502009630507,0.032214979456660096,0.7470930226842644,0.04757404605473707,0.0331459536162453,1.0590451391008653,367155.4,381580.25,2.7081175981614325,2.6057428286710334,0.09090910630285265,0.17073168515591797,0.20000003725290383,0.2631579463336624,0.09090910630285255,0.17073168515591794,0.20000003725290383,0.2631579463336623,100.0,94.44444444444444,100.0,95.23809397098957,-0.0,-0.0,0.0015000001128230775,0.0018571428954601288,84.18709834122947,100.11597373286124,70.27811133648848,66.01926283619213,0.040662452102669173,0.4374999514936164,BUY,0,0
0.04800000041723251,0.04800000041723251,0.04800000041723251,0.04800000041723251,0,0.0,0.0,FSG,2021-01-12 00:00:00+11:00,Telecommunication Services,0.0,0.0,0.0,0.0,0.047200000286102294,1.0169491552178185,0.045800000056624414,1.0480349423119684,0.04174999985843897,1.149700612694259,0.04055999986827374,1.1834319667929385,0.04164999965578318,1.1524610039358698,0.03788499974645674,1.26699223276943,0.019444072518903042,0.3086650821559362,0.01896979796262937,0.3011362069815423,0.040635490918798374,0.6450684202449845,0.04405053685942105,0.699280593893474,100.0,85.71428571428571,66.66667184068173,0.0024343357613356223,0.0016429988543696023,0.00079133690696602,0.049302380773793106,0.04229761933945572,0.6281442647921404,0.05112802639727364,0.0323719733196043,0.6664515751701188,0.048055958905889894,0.03306404083065758,0.9925348459914778,352008.0,336161.55,0.0,0.0,0.04347826791170184,0.11627904156080993,0.2631579463336624,0.2631579463336624,0.043478267911701875,0.11627904156080995,0.2631579463336623,0.2631579463336623,100.0,100.0,100.0,100.0,-0.0,-0.0,0.0015000001128230775,0.0016666666737624577,100.2469215929427,104.53539834177202,70.27811133648848,64.92006443951982,0.041396206934125504,0.41666673134184484,BUY,0,0
0.04800000041723251,0.04800000041723251,0.04699999839067459,0.04800000041723251,282941,0.0,0.0,FSG,2021-01-13 00:00:00+11:00,Telecommunication Services,0.0,0.0,0.0,0.0,0.04760000035166741,1.0084033626598723,0.04620000012218952,1.038961045244207,0.042249999940395355,1.1360946860342966,0.04069999985396862,1.1793611938441342,0.0416399996727705,1.1527377712402094,0.03802499975077808,1.2623274354196496,0.019444072518903042,0.3086650821559362,0.018754470627242656,0.29771799150209766,0.040635490918798374,0.6450684202449845,0.04276472330797216,0.6788689365562908,100.0,100.0,72.72728042415486,0.002492798609519238,0.0018129588053995296,0.0006798398041197085,0.04970238083935821,0.04269761940502083,0.5139362166481162,0.05184989095532441,0.0326501089254663,0.5989651828229269,0.0484853874248494,0.03291461228308784,0.9376540983736831,408596.2,316019.1,0.6924709529848785,0.8953287950000491,0.04347826791170184,0.09090910630285265,0.2631579463336624,0.17073168515591797,0.043478267911701875,0.09090910630285255,0.2631579463336623,0.17073168515591794,100.0,100.0,100.0,100.0,-0.0,-0.0,0.0014285716627325331,0.0015714285629136221,83.82837402506212,90.0143587582033,70.99839793478526,57.69734986061253,0.042056586282436206,0.5208332977619854,BUY,0,0
0.04800000041723251,0.04800000041723251,0.04500000178813934,0.04800000041723251,1236000,0.0,0.0,FSG,2021-01-14 00:00:00+11:00,Telecommunication Services,0.0,0.0,0.0,0.0,0.04800000041723251,1.0,0.046600000187754634,1.0300429232583086,0.04285000003874302,1.12018670650719,0.04083999983966351,1.1753183302076133,0.04164999969303608,1.152461002905077,0.03816499975509942,1.2576968616597197,0.019444072518903042,0.3086650821559362,0.018754470627242656,0.29771799150209766,0.03779936986063652,0.6000463941971667,0.04276472330797216,0.6788689365562908,100.0,100.0,72.72728042415486,0.0025101948739348068,0.0019524060191065853,0.0005577888548282215,0.04989309113692868,0.04330690923858059,0.4251325733439033,0.05230404451009334,0.03339595556739271,0.5447404435314573,0.048894508974100435,0.03278549070522658,0.88894313210926,636196.2,373255.0,1.9427968919022152,3.311409090300197,0.04347826791170184,0.09090910630285265,0.3333334023201937,0.17073168515591797,0.043478267911701875,0.09090910630285255,0.3333334023201937,0.17073168515591794,100.0,100.0,100.0,100.0,-0.0,-0.0,0.0015714285629136221,0.0016190475296406518,56.89048329560689,73.77892966595988,55.10226803343042,51.943282298746695,0.04265092769591584,0.4583333268658154,BUY,0,0
0.04800000041723251,0.04800000041723251,0.04800000041723251,0.04800000041723251,0,0.0,0.0,FSG,2021-01-15 00:00:00+11:00,Telecommunication Services,0.0,0.0,0.0,0.0,0.04800000041723251,1.0,0.04700000025331974,1.0212765991175103,0.043549999967217444,1.1021814110990777,0.04099999986588955,1.1707317213229238,0.04165999971330166,1.1521843674402752,0.038304999759420755,1.2531001362407623,0.0,0.0,0.018754470627242656,0.29771799150209766,0.03419967164197619,0.542902956508422,0.04257245593300828,0.675816786599977,100.0,100.0,80.00001117587323,0.002495218216431526,0.0020609684585715738,0.00043424975785995214,0.049828427841681504,0.04417157266495798,0.3535533905932438,0.05229131244286406,0.03480868749157083,0.5090769220769553,0.049300480278484396,0.032699519453294704,0.8433247478930758,502648.2,345353.05,0.0,0.0,0.0,0.09090910630285265,0.41176464143096725,0.20000003725290383,0.0,0.09090910630285255,0.4117646414309672,0.20000003725290383,100.0,100.0,100.0,100.0,-0.0,-0.0,0.0012857142303671157,0.0015238094187918164,88.0694232495045,84.83211392745214,49.11177670062858,52.472580545316674,0.0431858349680475,0.4374999514936164,BUY,0,0
0.04800000041723251,0.04800000041723251,0.04800000041723251,0.04800000041723251,0,0.0,0.0,FSG,2021-01-18 00:00:00+11:00,Telecommunication Services,0.0,0.0,0.0,0.0,0.04800000041723251,1.0,0.04740000031888485,1.012658229837788,0.04415000006556511,1.087202725842581,0.04113999985158443,1.1667477051627622,0.04166999973356724,1.1519078647501442,0.03844499976374209,1.2485368893798732,0.0,0.0,0.018754470627242656,0.29771799150209766,0.03300633951016799,0.5239593961948197,0.042473831009498614,0.6742511644759009,100.0,100.0,88.88888658932687,0.002455048832724953,0.0021397845334022495,0.00031526429932270334,0.04933218420175336,0.045467816436016335,0.31052950170400434,0.05233921070517178,0.03596078942595844,0.4701308247033101,0.049673344783457606,0.03260665491971126,0.8039052236157794,303788.2,337728.0,0.0,0.0,0.0,0.09090910630285265,0.3333334023201937,0.17073168515591797,0.0,0.09090910630285255,0.3333334023201937,0.17073168515591794,100.0,100.0,100.0,100.0,-0.0,-0.0,0.0011428570640938623,0.001428571485337757,82.62677307705418,81.79104694706139,45.71247165919396,55.82114631198897,0.04366725151296601,0.4791667022380146,BUY,0,0
0.04800000041723251,0.04800000041723251,0.04399999976158142,0.04399999976158142,1101225,0.0,0.0,FSG,2021-01-21 00:00:00+11:00,Telecommunication Services,-0.08333334626836897,-0.08701139110057783,-0.0040000006556510925,-0.08333334626836898,0.047200000286102294,0.9322033791287266,0.04760000035166741,0.9243697360611495,0.04555000029504299,0.9659714484429927,0.041459999904036524,1.061263865495031,0.041689999774098395,1.0554089709762533,0.03885499977506697,1.1324153909741101,0.03726780540972049,0.5916080701396081,0.03104828435733257,0.49287623426831323,0.035541443012934826,0.5642029166915985,0.04177752178353516,0.6631975981909058,0.0,50.0,66.66666666666666,0.0019182938148802828,0.0021573406469754942,-0.00023904683209521145,0.05012982289447254,0.04507017780886227,-1.4230249470756204,0.05147852183665938,0.0396214787534266,-0.2614480731125026,0.05039705970037242,0.032522940107700626,0.2842097865996455,370245.0,387416.1,2.9743143053923755,2.842486411896666,-0.08333334626836897,-0.04347826791170184,0.22222226821346247,0.0,-0.08333334626836898,-0.043478267911701875,0.22222226821346244,0.0,0.0,66.66666666666667,66.66666666666667,88.88888888888887,-100.0,-33.333333333333336,0.0014285716627325331,0.0014285716627325331,-123.37164858143178,7.561110145632448,23.05023763714688,43.42686204582998,0.04800000041723251,1.0,BUY,0,0
0.04399999976158142,0.04399999976158142,0.04100000113248825,0.04399999976158142,354815,0.0,0.0,FSG,2021-01-22 00:00:00+11:00,Telecommunication Services,0.0,0.0,0.0,0.0,0.046400000154972074,0.948275853763473,0.047200000286102294,0.9322033791287266,0.045900000259280205,0.9586056538787353,0.041539999917149545,1.0592200252609119,0.04165999978780746,1.0561689866944934,0.038984999777749184,1.1286392205315483,0.03726780540972049,0.5916080701396081,0.026352317925154006,0.41833007820040274,0.035380352700311334,0.5616456872566581,0.039625331313792936,0.6290326336490186,0.0,50.0,75.0,0.0015803568560622608,0.0020419438887928475,-0.00046158703273058675,0.05057309700984231,0.043826903562362275,-0.948683298050457,0.050343801422409434,0.041456199096150975,-0.4275619965770125,0.050495309412507426,0.032584690421791664,0.274697356434979,441208.0,402156.85,0.8041898605646316,0.8822801352258454,-0.08333334626836897,-0.08333334626836897,0.18918916741977942,0.1000000186264518,-0.08333334626836898,-0.08333334626836898,0.1891891674197794,0.10000001862645191,42.85712765187478,47.61904255062492,63.636357478858976,76.7676747151752,-57.14287234812522,-36.363642521141024,0.0015714285629136221,0.0014761906294595627,-256.1166869138894,-68.05555591486215,20.022564356946063,43.46924526236423,0.04792000040411949,0.9318182126057051,BUY,0,0
0.04399999976158142,0.04500000178813934,0.0430000014603138,0.04399999976158142,288786,0.0,0.0,FSG,2021-01-25 00:00:00+11:00,Telecommunication Services,0.0,0.0,0.0,0.0,0.04560000002384186,0.9649122749687745,0.04680000022053719,0.9401709306461276,0.046050000190734866,0.9554831613319754,0.041619999930262566,1.0571840421745968,0.041629999801516535,1.0569300977988125,0.03911499978043139,1.124888150545099,0.03726780540972049,0.5916080701396081,0.026352317925154006,0.41833007820040274,0.02667536316706198,0.4234582624342699,0.039625331313792936,0.6290326336490186,0.0,33.33333333333333,73.33333002196431,0.0012975816677458507,0.0018930714445834483,-0.0005954897768375975,0.050664367986273676,0.0429356324548007,-0.7245688373094398,0.049968915522752996,0.042131084858716736,-0.5231040365696683,0.05059061047787437,0.03264938938265076,0.2653107967051884,498965.2,377820.8,0.5787698220236601,0.7643464838357232,-0.08333334626836897,-0.08333334626836897,0.0731706962494687,0.1000000186264518,-0.08333334626836898,-0.08333334626836898,0.07317069624946869,0.10000001862645191,42.85712765187478,28.57141843458318,60.0,63.434341381841875,-57.14287234812522,-40.0,0.0014285713966403688,0.0015238095961865924,-142.9087154101257,-58.33330798066266,22.755683065872816,45.04073358294458,0.04764320043325424,0.9318182126057051,BUY,0,0
0.04399999976158142,0.04399999976158142,0.04399999976158142,0.04399999976158142,0,0.0,0.0,FSG,2021-01-27 00:00:00+11:00,Telecommunication Services,0.0,0.0,0.0,0.0,0.04479999989271164,0.9821428541730785,0.046400000154972074,0.948275853763473,0.04610000010579825,0.9544468473015753,0.04169999994337559,1.055155871015084,0.0415999998152256,1.0576923066590356,0.0392449997831136,1.1211619315771741,0.03726780540972049,0.5916080701396081,0.026352317925154006,0.41833007820040274,0.02449502905893502,0.3888465314834555,0.039625331313792936,0.6290326336490186,0.0,33.33333333333333,63.636357478858976,0.001061246900059619,0.0017267065356786826,-0.0006654596356190636,0.05053118306808035,0.0422688172418638,-0.5809475019310893,0.04987805369062301,0.042321946520973486,-0.555841863294861,0.050682977964116534,0.03271702192263464,0.2560397913582028,398965.2,360760.8,0.0,0.0,-0.08333334626836897,-0.08333334626836897,0.023255773658299894,0.1000000186264518,-0.08333334626836898,-0.08333334626836898,0.023255773658299925,0.10000001862645191,42.85712765187478,42.85712765187478,42.85712765187478,55.49782837691125,-57.14287234812522,-57.14287234812522,0.0014285713966403688,0.0013333333744889213,-118.04571929017612,-73.38711510937115,22.755683065872816,40.116418826816464,0.047377472461223605,0.8863635747885898,BUY,0,0
0.05299999937415123,0.07000000029802322,0.050999999046325684,0.05299999937415123,23851937,0.0,0.0,FSG,2021-01-28 00:00:00+11:00,Telecommunication Services,0.20454544684857368,0.18610227324399728,0.0,0.0,0.045799999684095385,1.157205234491653,0.04690000005066395,1.130063951319781,0.046550000086426735,1.1385606718743104,0.041899999901652336,1.2649164558127162,0.0416899998113513,1.2712880694166004,0.039419999783858656,1.3444951716071087,0.10705700789924204,1.6994773140484312,0.07250597607098791,1.1509966874990045,0.05157096194613287,0.8186636410910589,0.04783576119691323,0.7593691674150351,69.23076482214175,73.33333002196431,77.77777317865376,0.0015819390375596473,0.0016977530360548754,-0.0001158139984952281,0.05274617648338068,0.04105382361794722,1.043416905680453,0.05129508088620095,0.04180491928665252,1.3593023090421137,0.05142976074842614,0.032370239054878534,1.164772091448305,5119352.6,1491422.95,4.659170575591922,15.992738344277189,0.10416664403035436,0.10416664403035436,0.20454544684857368,0.23255808312161985,0.10416664403035429,0.10416664403035429,0.20454544684857373,0.2325580831216199,41.37930547227177,42.36452025867377,41.37930547227177,48.07881104138218,-58.62069452772823,-58.62069452772823,0.003214285842009953,0.002476190527280172,355.1763492204942,376.72152525447956,87.41412403798633,87.91162550927096,0.04100000113248825,0.5660376947369168,BUY,0,0
0.054999999701976776,0.06499999761581421,0.05299999937415123,0.05299999937415123,9343204,0.0,0.0,FSG,2021-01-29 00:00:00+11:00,Telecommunication Services,0.0,0.0,-0.0020000003278255463,-0.03636364252114102,0.04759999960660934,1.113445374205257,0.04739999994635582,1.1181434479774919,0.04700000006705522,1.127659559543314,0.042099999859929085,1.2589073527431718,0.04175999980419874,1.269157079086537,0.039594999784603714,1.338552839057218,0.09147550472829627,1.45212861939111,0.07250597607098791,1.1509966874990045,0.05157096194613287,0.8186636410910589,0.04783576119691323,0.7593691674150351,69.23076482214175,69.23076482214175,76.47058565723869,0.0019718609226319975,0.0017525746133703,0.00021928630926169737,0.05440476005704543,0.04039523983566621,0.7994562753476078,0.05239004938889687,0.04160995074521358,1.1131622270658486,0.052130566095007005,0.032069433624851165,1.086678384726051,6767748.4,1958583.15,1.3805483667211977,4.770389247962233,0.20454544684857368,0.10416664403035436,0.20454544684857368,0.23255808312161985,0.20454544684857373,0.10416664403035429,0.20454544684857373,0.2325580831216199,41.37930547227177,41.871912865472765,41.37930547227177,41.87191286547277,-58.62069452772823,-58.62069452772823,0.003928571407284055,0.003000000048251379,220.99075309972895,273.7777578433344,65.55472978093596,66.26974292786363,0.04158000111579895,0.5660376947369168,BUY,0,0
0.05700000002980232,0.05700000002980232,0.05000000074505806,0.054999999701976776,1330162,0.0,0.0,FSG,2021-02-01 00:00:00+11:00,Telecommunication Services,0.03773585568759397,0.03704127807021234,-0.0020000003278255463,-0.035087725031225446,0.049799999594688414,1.1044176736869489,0.04809999987483025,1.1434511402308165,0.04755000006407499,1.1566771740875437,0.042339999824762345,1.2990080285690104,0.04183999981731176,1.3145315473739538,0.0397799997869879,1.3826043236925145,0.08877329091460064,1.4092323049489377,0.07278647306491816,1.1554494392356485,0.05185582920363262,0.8231857686111149,0.04804828575281867,0.7627428901495565,73.33333002196431,73.33333002196431,78.94736635718003,0.0024144281130833584,0.0018849453133129121,0.0005294827997704462,0.05660881859922667,0.03959118115043383,0.8109233550084809,0.05382358701636824,0.04127641311178174,1.187518351870219,0.05301218440916118,0.03166781524036351,1.186261329823838,6962817.8,2025091.25,0.19103788698879928,0.6568405250874497,0.25,0.14583331716453873,0.25,0.27906971707287487,0.25,0.1458333171645388,0.25,0.2790697170728749,48.275858525288555,43.67815648994402,48.275858525288555,43.67815648994403,-51.724141474711445,-51.724141474711445,0.004214285739830562,0.0033333333475249155,108.93646882852154,162.70492265060517,64.79765342285611,64.16850621610267,0.042148401099443435,0.4909091401691281,BUY,0,0
0.05700000002980232,0.06300000101327896,0.05700000002980232,0.06300000101327896,1354487,0.0,0.0,FSG,2021-02-02 00:00:00+11:00,Telecommunication Services,0.1454545700845642,0.13580156266145885,0.006000000983476639,0.10526317509367634,0.053599999845027925,1.1753731566311376,0.04959999993443489,1.2701613124305893,0.04850000012665987,1.2989690896649835,0.04273999981582165,1.4740290426945064,0.04201999980956316,1.4992860851689258,0.039999999795109036,1.575000033399556,0.09267152368183415,1.4711148316773959,0.08306505040211745,1.3186167960302912,0.059641540890557766,0.9467801100306337,0.051923669745776946,0.824262703831045,100.0,82.6086942437467,85.18518416315777,0.003371830681495297,0.002182322386949389,0.0011895082945459078,0.06229120464805101,0.03690879522081877,1.0558494154985536,0.05761909539263768,0.03938090486068206,1.5900701181088395,0.05490760556659246,0.030572394065050836,1.6650770589089683,7175958.0,2086466.7,0.18875347375221538,0.6491773868233794,0.4318182126057051,0.31250000970127667,0.4318182126057051,0.46511625287789493,0.43181821260570513,0.3125000097012767,0.43181821260570513,0.46511625287789493,75.86207073735572,55.17241157830534,75.86207073735572,55.17241157830535,-24.137929262644278,-24.137929262644278,0.0047857144049235755,0.0037142857909202576,167.5568893028839,243.11564205725998,66.08706053227588,65.4293845676846,0.04270543308341503,0.2539682915121213,BUY,0,0
0.06300000101327896,0.07400000095367432,0.06300000101327896,0.07000000029802322,9147815,0.0,0.0,FSG,2021-02-03 00:00:00+11:00,Telecommunication Services,0.11111109797075747,0.10536050383150795,0.006999999284744263,0.11111109797075754,0.05879999995231629,1.1904761965100263,0.05179999992251396,1.3513513591261408,0.04970000013709068,1.4084507063367757,0.04327999979257584,1.6173752456909873,0.042299999818205834,1.654846349854956,0.040254999799653884,1.7389144366267042,0.0821521190658663,1.3041244603515005,0.08592298365537765,1.3639850799407809,0.06285600553551407,0.9978081543232171,0.05387493550323756,0.8552380874472663,100.0,86.66666501098216,88.23529282861935,0.004641911489064711,0.002674240207372454,0.001967671281692257,0.06978270816423487,0.03381729168079304,1.0120833931612265,0.06285654763185207,0.0365434526423293,1.5429579963144213,0.057685441623145525,0.02887455796200615,1.8548546320005996,9005521.0,2540070.6,1.015800751561181,3.601401866546544,0.5909091063028526,0.4583333268658154,0.521739133955851,0.6279069283899599,0.5909091063028525,0.4583333268658155,0.5217391339558509,0.6279069283899599,87.87878582628633,70.67223836297687,87.87878582628633,70.67223836297687,-12.121214173713675,-12.121214173713675,0.005499999970197678,0.0041904761677696595,190.90910129988038,267.3046879240922,73.846799798606,72.70225960178573,0.0432513244277072,0.18571423553690636,BUY,0,0
0.07100000232458115,0.07599999755620956,0.07100000232458115,0.07500000298023224,1880951,0.0,0.0,FSG,2021-02-04 00:00:00+11:00,Telecommunication Services,0.07142860944173757,0.06899290696590589,0.0040000006556510925,0.05633803555899658,0.06320000067353249,1.186708895268121,0.054500000178813936,1.3761468391588625,0.05115000028163195,1.4662757100152914,0.043899999856948854,1.708428319467537,0.042629999853670594,1.759324495371174,0.04053499981760979,1.8502529497397378,0.05761302595367452,0.914578433707996,0.08504950298788969,1.3501190042136058,0.06350926160367466,1.0081782729159978,0.0545227575215465,0.8655219431729305,100.0,88.57142796321799,89.189188644954,0.005982950381250449,0.0033359822421480533,0.0026469681391023954,0.07738619370861827,0.03161380664900961,0.8957366708763288,0.06835801652584853,0.03394198403741537,1.385982112064545,0.06087176618083439,0.02692823353306332,1.832455298392496,4611323.8,2634118.15,0.407898269906789,0.7140723737088255,0.41509441256353474,0.5625000485063836,0.6304348442273915,0.7045455315142628,0.41509441256353463,0.5625000485063837,0.6304348442273914,0.7045455315142628,97.14287234812522,86.96124297058908,97.14287234812522,86.96124297058911,-2.8571276518747792,-2.8571276518747792,0.005714285586561475,0.004285714101223718,177.40550559738898,240.12302754074074,76.53086986263489,73.89326752695139,0.04448127148874588,0.13333330021964307,BUY,0,0
0.07500000298023224,0.07500000298023224,0.07000000029802322,0.07000000029802322,2726171,0.0,0.0,FSG,2021-02-05 00:00:00+11:00,Telecommunication Services,-0.06666669978035689,-0.06899290696590589,-0.005000002682209015,-0.06666669978035689,0.06660000085830689,1.0510510419804635,0.05710000023245811,1.2259194398082014,0.05235000029206276,1.3371537709167223,0.04443999983370304,1.5751575283520958,0.042909999862313274,1.6313213824897348,0.040769999818876385,1.7169487517538187,0.08152516562647845,1.2941718830460796,0.08229340959243864,1.3063673779270193,0.06664654005719928,1.0579810244055226,0.05544206944655214,0.8801155675580965,86.11110593709766,77.4999953433879,78.5714241365599,0.006566579494589116,0.003982101692636266,0.0025844778019528496,0.08058427548475157,0.03361572498016466,0.5493037331141528,0.07130451736335551,0.03339548322077,0.9311764546453142,0.06294387800643711,0.02593612166096897,1.3813320767526178,3287917.2,2765526.7,0.8291483131022885,0.9857691845824522,0.3207547382003011,0.5909091063028526,0.521739133955851,0.6279069283899599,0.320754738200301,0.5909091063028525,0.5217391339558509,0.6279069283899599,82.8571489392501,89.29293570455388,82.8571489392501,89.29293570455388,-17.142851060749912,-17.142851060749912,0.006071428635290691,0.004523809467043195,126.37418666902624,171.94951666344016,71.78398645274265,69.52451660168155,0.046372395052793704,0.2571428449786439,BUY,0,0
0.07500000298023224,0.07699999958276749,0.0729999989271164,0.07699999958276749,2509539,0.0,0.0,FSG,2021-02-08 00:00:00+11:00,Telecommunication Services,0.09999998935631349,0.09531017012824616,0.001999996602535248,0.02666662030750035,0.07100000083446503,1.0845070236307648,0.06040000021457672,1.2748344256492996,0.05380000025033951,1.4312267513842916,0.04517999984323978,1.7042939320480959,0.04327999986708164,1.7791127499825377,0.041039999816566704,1.8762183218062476,0.08206351028779342,1.3027178396069519,0.081566379860734,1.2948261387319766,0.06871839991484077,1.090870780013705,0.055578603020218977,0.8822829708472967,85.29411216869164,80.85105910782637,81.63264856170741,0.007507410457780944,0.004687163445665202,0.002820247012115742,0.08495289212180293,0.03584710830735051,0.676091412405281,0.07557975969137162,0.03202024080930739,1.065209163362943,0.06579776599339449,0.024562233693085085,1.5433291612577997,3523792.6,2857616.65,0.7121698933132443,0.878193021446736,0.3999999999999999,0.75,0.6041666440303544,0.9250000325962908,0.4,0.75,0.6041666440303542,0.9250000325962908,100.0,93.33334042912509,100.0,93.3333404291251,-0.0,-0.0,0.0065714285842009956,0.004809523799589702,126.8408496197318,168.77709735143708,73.38824260339078,71.1430438752793,0.04815005120299866,0.19480520360163012,BUY,0,0
0.07900000363588333,0.07900000363588333,0.07500000298023224,0.07500000298023224,353045,0.0,0.0,FSG,2021-02-09 00:00:00+11:00,Telecommunication Services,-0.02597398199184986,-0.026317263162340284,-0.0040000006556510925,-0.05063291736146471,0.07340000122785569,1.0217983886323063,0.06350000053644181,1.1811023991596776,0.055150000378489494,1.359927515240507,0.04587999992072582,1.6346992831260176,0.04362999990582466,1.7190007596176877,0.04129999983124435,1.8159807091208051,0.07961546588303632,1.2638563394463693,0.08407699980150575,1.334680994731267,0.06947715615152203,1.1029156618615723,0.05583887908105463,0.8864147252224646,80.555558717453,77.55102164940945,77.55102164940945,0.007999430310184387,0.0053496168185690396,0.0026498134916153474,0.08663727371882121,0.040362727354062405,0.4970336112272927,0.07869190137485252,0.03160809938212647,0.8431775583802413,0.068094686396767,0.023665313444684637,1.3108446563453735,3323504.2,2825553.9,0.10622673502263062,0.12494718292225819,0.19047621863409092,0.7045455315142628,0.5625000485063836,0.8750001164153245,0.190476218634091,0.7045455315142628,0.5625000485063837,0.8750001164153244,89.47368317859001,90.77694403928002,89.47368317859001,90.77694403928002,-10.526316821409987,-10.526316821409987,0.006785714200564793,0.004904761910438538,108.89867188867477,145.31155330321732,74.1259965359524,71.10263790481139,0.05045804707338016,0.17333328035142892,BUY,0,0
0.07599999755620956,0.07599999755620956,0.0729999989271164,0.07500000298023224,237991,0.0,0.0,FSG,2021-02-10 00:00:00+11:00,Telecommunication Services,0.0,0.0,-0.0009999945759773254,-0.013157823791214334,0.07440000176429748,1.0080645322810018,0.06660000085830689,1.1261261563614173,0.05650000050663948,1.327433669162866,0.046639999970793725,1.6080618144767953,0.04399999994784594,1.7045455242984366,0.04155999984592199,1.804619905156027,0.0688832954066261,1.093488414795183,0.08407699980150575,1.334680994731267,0.06947715615152203,1.1029156618615723,0.05438477992429085,0.8633316167199105,79.41176792845164,77.55102164940945,77.55102164940945,0.00829375435054841,0.0059384443249649145,0.0023553100255834956,0.08615505339374147,0.047044948322872315,0.4295566123744332,0.08137442336227796,0.031625577651001,0.743735948406104,0.07017550645296315,0.023104493488624298,1.2049880052899706,1541539.4,2837453.45,0.15438528525446707,0.0838748561672439,0.07142860944173757,0.7045455315142628,0.5625000485063836,1.0270270814505515,0.07142860944173758,0.7045455315142628,0.5625000485063837,1.0270270814505515,89.47368317859001,92.98245545239332,89.47368317859001,92.98245545239335,-10.526316821409987,-10.526316821409987,0.006999999816928591,0.004904761910438538,83.93488345740889,116.16508572218815,73.63992330988845,71.69847808192111,0.05331224272963048,0.27999996026357166,BUY,0,0
0.0729999989271164,0.0729999989271164,0.07000000029802322,0.07199999690055847,1474563,0.0,0.0,FSG,2021-02-11 00:00:00+11:00,Telecommunication Services,-0.04000007947285655,-0.04082207730448413,-0.0010000020265579224,-0.013698658099383398,0.07380000054836273,0.9756097068505483,0.0685000006109476,1.0510948358889722,0.05770000033080578,1.2478335613131355,0.04735999993979931,1.5202702067584415,0.04435999993234873,1.6230837919378303,0.04180499983020127,1.7222819565362937,0.06423787206803362,1.0197446054639965,0.07122187372365274,1.1306121946849859,0.07078940057621287,1.12374689630395,0.05462275523845553,0.8671093577166237,65.5172307482822,79.16665890564649,73.07691591290444,0.008190517665340652,0.006388858993040063,0.0018016586723005887,0.08573691326992924,0.05126308795196596,0.20305238872270578,0.0831566724126284,0.032243328248983155,0.5617386484686514,0.07175391121585117,0.022966088663747445,1.0100879962185028,1460261.8,2897034.55,1.0097935863281502,0.50899047786641,-0.04000007947285655,0.35849052359939804,0.4999999223897862,1.0,-0.04000007947285654,0.35849052359939804,0.49999992238978613,1.0,81.57893085744021,86.84209907154006,81.57893085744021,86.84209907154008,-18.42106914255979,-18.42106914255979,0.0070714285331113,0.0051428572762580145,56.725135014742555,86.54824745028544,72.43391609911419,69.57120148791142,0.055881018820255764,0.2777778352668281,BUY,0,0
0.07199999690055847,0.07199999690055847,0.06800000369548798,0.06800000369548798,671300,0.0,0.0,FSG,2021-02-12 00:00:00+11:00,Telecommunication Services,-0.05555546357307506,-0.05715831644673871,-0.003999993205070496,-0.055555463573075094,0.07340000122785569,0.9264305525608304,0.07000000104308128,0.9714286097458426,0.05870000049471855,1.1584327618805756,0.047980000004172324,1.417257267394221,0.044599999971687794,1.5246637609563805,0.04202999984845519,1.6178920756762103,0.061782597309230226,0.9807683269912292,0.07610792996025771,1.2081759328485833,0.07278939603681243,1.1554958399759774,0.0555000356007643,0.8810357517291216,46.153852766787374,73.0769263833937,67.85714523296568,0.00769720721290907,0.006650528637013866,0.0010466785758952036,0.0834329630088468,0.056567039077315764,-0.14888729326342057,0.08412357137923232,0.03327642961020478,0.3658023982159926,0.07286993039515705,0.0230900696131876,0.8043414897844395,1049287.6,2868799.55,0.6397674002818674,0.23400031556753417,-0.028571379914575923,0.2830189528012039,0.41666673134184484,0.8378379140307721,-0.028571379914575902,0.283018952801204,0.4166667313418449,0.8378379140307721,69.444446456561,80.16568683086373,71.05263364281997,80.70174922628338,-30.555553543439004,-28.947366357180027,0.00714285671710968,0.005285713999044327,34.549713598210325,64.96212601465399,71.77431830381639,68.93145297362413,0.05819291730181852,0.3382351942179991,BUY,0,0
0.06800000369548798,0.0820000022649765,0.06800000369548798,0.07100000232458115,3093222,0.0,0.0,FSG,2021-02-15 00:00:00+11:00,Telecommunication Services,0.04411762450083856,0.043172150260377816,0.00299999862909317,0.04411762450083852,0.07220000177621841,0.98337950938898,0.07160000130534172,0.9916201261198048,0.05985000059008598,1.1862991081798275,0.04866000004112721,1.4591040333861955,0.04486999999731779,1.5823490601476562,0.042274999860674144,1.679479658393284,0.039079751642685116,0.6203718248682765,0.07622759698626345,1.2100755879942586,0.07282188120492401,1.1560115260327055,0.05562864368986482,0.883077341851229,41.666664079659135,74.54545700845641,69.49152692197828,0.007462309088465034,0.0068128847273041,0.0006494243611609345,0.07993733381449361,0.06326266879618983,-0.07196534144487532,0.08531638847868195,0.03438361270149001,0.4378320860921237,0.07417545496847601,0.023144545113778402,0.8755478727329589,1166024.2,3023460.65,2.652793998615123,1.0230733447779452,-0.07792204273633696,0.29090914016912817,0.4791667022380146,0.918918957015386,-0.07792204273633702,0.29090914016912817,0.4791667022380147,0.9189189570153861,71.05263364281997,74.02533698560705,73.17073259376328,75.26743236467449,-28.947366357180027,-26.829267406236717,0.007999999448657036,0.005809523520015535,58.09447257507962,81.48590643228613,73.43776556025269,71.87568417945943,0.060273625935225,0.25352110754660884,BUY,0,0
0.07199999690055847,0.07400000095367432,0.07199999690055847,0.07199999690055847,844796,0.0,0.0,FSG,2021-02-16 00:00:00+11:00,Telecommunication Services,0.01408443018643557,0.013986166186360983,0.0,0.0,0.07160000056028366,1.005586541021575,0.07250000089406967,0.9931033932779979,0.06105000041425228,1.1793611205897696,0.04938000001013279,1.458080131344351,0.04514999996870756,1.5946843178396464,0.04252499984577298,1.6931216263770388,0.04047250683308261,0.6424811280941936,0.06417939691610147,1.0188163412046614,0.07266440730816845,1.1535117054199087,0.05530424826369329,0.8779277241066488,54.99999441206131,75.0,69.99999875823646,0.0072730031840296805,0.006904908418649216,0.0003680947653804641,0.07825422654653957,0.06674577524159978,-0.0868933586740008,0.08642694912190682,0.03567305170659773,0.43149381797045216,0.07546272665359739,0.023297273366668193,0.8672404998000256,1264374.4,3065700.45,0.6681533571068823,0.2755637785811722,-0.04000007947285655,0.1428570752781817,0.4999999223897862,1.0,-0.04000007947285654,0.14285707527818162,0.49999992238978613,1.0,68.74998472048973,69.74902160662356,75.60974368731404,73.27770330796575,-31.250015279510265,-24.390256312685956,0.008214285065020834,0.0059523805975914,44.540827908039596,68.76736306809819,72.22335310234797,70.72243117718627,0.06288079109479518,0.2777778352668281,BUY,0,0
0.07400000095367432,0.07400000095367432,0.07100000232458115,0.07100000232458115,991859,0.0,0.0,FSG,2021-02-17 00:00:00+11:00,Telecommunication Services,-0.013888814153123485,-0.013986166186360944,-0.00299999862909317,-0.040540521492306976,0.07080000042915344,1.002824885511517,0.07260000109672546,0.9779614497524233,0.06220000050961971,1.141479127698728,0.05008000008761883,1.4177316733298952,0.04541999999433756,1.563188074271964,0.042714999858289956,1.6621796221497998,0.04030786617140001,0.6398675386151859,0.0549437243861311,0.8722045849762673,0.07296001304200926,1.158204300967114,0.05541786421565496,0.8797313214298115,28.5714133661443,68.75000727595925,68.85246382192865,0.006962031717996843,0.006916333078518742,4.569863947810095e-05,0.07819364813826161,0.0670063540551893,-0.2860385648689254,0.08716819198274407,0.03723180903649535,0.3524485073111408,0.07657247997568942,0.023587520199548243,0.7896581341327158,1415148.0,3090293.4,0.7008871156939063,0.32095949206635205,-0.05333333995607137,0.014285743175720622,0.4791667022380146,0.972222371693753,-0.053333339956071375,0.01428574317572056,0.4791667022380147,0.972222371693753,65.62500181898932,68.47587339409968,73.17073259376328,73.98373629161354,-34.37499818101068,-26.829267406236717,0.006571427785924503,0.006095237675167266,31.79093239195795,58.97505368627173,54.06533010789439,69.4265547637559,0.06517509643521693,0.267605642670796,BUY,0,0
0.07100000232458115,0.07100000232458115,0.06800000369548798,0.0689999982714653,1374296,0.0,0.0,FSG,2021-02-18 00:00:00+11:00,Telecommunication Services,-0.028169070248374006,-0.028573430235862847,-0.0020000040531158447,-0.028169070248374017,0.0702000007033348,0.9829059484352327,0.07200000062584877,0.9583333009957442,0.06325000040233135,1.0909090566412394,0.05074000008404255,1.3598738304528584,0.04570999998599291,1.5095164798208103,0.04289999984204769,1.6083915740213162,0.03842815103415479,0.6100279858824189,0.049908240240278484,0.7922687522918602,0.07367852823467835,1.1696103760452583,0.05571696038524665,0.8844793259268011,28.571398160876228,66.00000104308143,66.66666666666666,0.00647950922937373,0.006828968308689739,-0.00034945907931600937,0.07773488421112139,0.06626511704057615,-0.5231147781425898,0.08745852544393284,0.039041475360729855,0.23751954566636277,0.07744415499350225,0.02403584517458285,0.6837886557104382,1395094.6,3146508.2,0.9850916203101925,0.43676860591051375,-0.041666649419951574,-0.0800000596046424,0.4374999514936164,0.9166667011600969,-0.04166664941995158,-0.0800000596046424,0.4374999514936163,0.9166667011600969,59.374989449861964,64.58332532978034,68.29267406236717,72.35771678114816,-40.625010550138036,-31.707325937632827,0.005928570670740945,0.006190475608621325,-16.407730098376167,38.75806448560626,66.1089292641623,68.17667213877398,0.06719408513478808,0.3768116114170108,BUY,0,0
0.0689999982714653,0.07100000232458115,0.0689999982714653,0.07100000232458115,141615,0.0,0.0,FSG,2021-02-19 00:00:00+11:00,Telecommunication Services,0.028985566713310096,0.02857343023586277,0.0020000040531158447,0.028985566713310183,0.07080000042915344,1.002824885511517,0.07210000082850457,0.9847434328532138,0.06460000053048134,1.0990712343892315,0.05146000012755394,1.3797124397317022,0.045980000011622904,1.5441496804400532,0.04311499984934926,1.6467587283466676,0.029849439223718556,0.4738451577641771,0.046280136454722766,0.7346743902079855,0.06948946274765924,1.1031110230187609,0.055414499134047765,0.879677902415367,37.499994179232154,66.0000035762789,67.69230980844901,0.006187168466372281,0.006700608340226248,-0.0005134398738539667,0.07771347655090054,0.0664865251061086,-0.1959567580447139,0.08724973737330105,0.04195026368766164,0.2825640685590877,0.07837243672644938,0.024547563528658504,0.7260584572200789,1289157.6,3098527.7,0.10985080489770994,0.045703964499010284,0.04411762450083856,0.014285743175720622,0.6136364252114102,1.0285714863514412,0.04411762450083852,0.01428574317572056,0.6136364252114103,1.028571486351441,56.000004172324765,60.333331813725344,73.17073259376328,71.5447130832979,-43.999995827675235,-26.829267406236717,0.005571428154196058,0.0062857138968649365,-29.838020095795393,40.72310815228423,68.78422315824284,68.16030853849249,0.06897079519041069,0.4788731448448438,BUY,0,0
0.0729999989271164,0.0729999989271164,0.07100000232458115,0.07100000232458115,64671,0.0,0.0,FSG,2021-02-22 00:00:00+11:00,Telecommunication Services,0.0,0.0,-0.001999996602535248,-0.027397214136017395,0.07080000042915344,1.002824885511517,0.07150000110268592,0.9930070102042838,0.06595000065863132,1.076573185982052,0.052160000205039976,1.361196358233924,0.0462500000372529,1.5351351841598466,0.04332999985665083,1.6385876427295483,0.02249847247183909,0.3571521782359133,0.031178100558876046,0.4949370025808997,0.06948946274765924,1.1031110230187609,0.055426157370656655,0.879862971184123,46.15386378837125,59.523812058020866,72.13115074467336,0.005887617515684382,0.006538010175317874,-0.0006503926596334924,0.07594722290713223,0.06705277929823962,-0.11242946722488206,0.08655633711306553,0.04534366420419712,0.24507032956181451,0.07925126058323795,0.025068739826842004,0.695427302256594,683447.4,3084020.5,0.09462469240500439,0.02096970496791445,0.0,-0.07792204273633696,0.6136364252114102,0.972222371693753,0.0,-0.07792204273633702,0.6136364252114103,0.972222371693753,42.10526728563995,52.49342030260889,73.17073259376328,71.5447130832979,-57.89473271436005,-26.829267406236717,0.005142856389284134,0.006190475608621325,-21.744314183008004,45.51724403411491,67.44889925508849,69.06563848097339,0.07053430003935858,0.619718286211211,BUY,0,0
0.07100000232458115,0.07100000232458115,0.0689999982714653,0.0689999982714653,162553,0.0,0.0,FSG,2021-02-23 00:00:00+11:00,Telecommunication Services,-0.028169070248374006,-0.028573430235862847,-0.0020000040531158447,-0.028169070248374017,0.0702000007033348,0.9829059484352327,0.07090000063180923,0.9732016594723203,0.06720000058412552,1.0267856796382973,0.05274000018835068,1.3083048544756388,0.046500000022351745,1.4838709298558752,0.04354499984532595,1.5845676545311012,0.02387406991801298,0.3789891107161833,0.031328885626755676,0.49733064132708865,0.07033223558465283,1.1164896270491933,0.053983977830826584,0.8569690807343474,54.54542991543591,48.64864592747242,69.84126833951515,0.005426286760755988,0.006315665492405497,-0.0008893787316495089,0.07483841567472696,0.06696158558889151,-0.48242816961625734,0.08504848679227259,0.04935151437597845,0.10084875918038123,0.08000980957362329,0.025470190803078066,0.5962637234969465,546998.8,3077708.85,0.29717249836745524,0.05281623698745903,-0.041666649419951574,-0.0800000596046424,0.5681817873942949,0.724999995343387,-0.04166664941995158,-0.0800000596046424,0.5681817873942949,0.724999995343387,7.142819129686948,35.08269686255054,66.66665711464046,71.00270743405567,-92.85718087031306,-33.33334288535954,0.0044999995401927406,0.006142856819289071,-95.72653883307721,25.775184851658608,49.73874584476587,69.13496712558641,0.0820000022649765,0.6666667386529543,BUY,0,0
0.0689999982714653,0.07199999690055847,0.06800000369548798,0.06800000369548798,1370745,0.0,0.0,FSG,2021-02-24 00:00:00+11:00,Telecommunication Services,-0.01449267537722343,-0.014598720024514903,-0.0009999945759773254,-0.014492675377223445,0.06960000097751617,0.9770115336270604,0.0702000007033348,0.9686610115982189,0.06840000078082084,0.9941520894624752,0.053340000286698344,1.274840707348955,0.04674000006169081,1.4548567309742553,0.04375499986112118,1.5541081913226076,0.023911235743544753,0.3795790999059482,0.03126004823602544,0.49623788162643995,0.07067666261534056,1.1219572366572421,0.053377548304931695,0.8473423104551193,33.33333333333333,39.39393802560472,68.75000436557487,0.004923235613258886,0.006037179516576176,-0.00111394390331729,0.07329838510944695,0.06710161629722267,-0.7100465014950768,0.08251829903821303,0.05428170252342865,-0.028331820028198566,0.0806062173034397,0.026073783269956994,0.5376618032412948,622776.0,3146246.1,2.201024124243709,0.4356763445809277,-0.04225350043480958,-0.09333332008785722,0.5454546378171152,0.789473839000987,-0.04225350043480957,-0.09333332008785725,0.5454546378171153,0.7894738390009869,0.0,16.41602880510896,63.157900928459924,67.66509687895456,-100.0,-36.842099071540076,0.004357142107827323,0.0062380945753483545,-95.72646992786095,15.827871186762012,39.62502762420522,67.3942727577806,0.08174000218510628,0.6911764093594188,BUY,0,0
0.0689999982714653,0.0729999989271164,0.0689999982714653,0.0729999989271164,258603,0.0,0.0,FSG,2021-02-25 00:00:00+11:00,Telecommunication Services,0.07352933764561231,0.07095166692983872,0.0040000006556510925,0.05797102544718872,0.07040000110864639,1.0369317866125811,0.0703000009059906,1.0384067992365518,0.06940000075846911,1.0518731718919754,0.05404000028967857,1.3508511942228674,0.047030000053346156,1.5522006983693908,0.04397499985992909,1.6600340911799634,0.040415902218280265,0.6415825576912398,0.0386235606270188,0.6131300170015062,0.058022879073241676,0.9210846502786282,0.05402018663068074,0.8575438776124646,53.846162663411334,54.54545454545454,71.01449494451045,0.004871861990608503,0.005804116011382642,-0.0009322540207741389,0.07370587633112394,0.06689412548085727,0.7927471454773176,0.08163283046525072,0.057167171051687504,0.29428989489255497,0.08149522637484541,0.02658477420451174,0.6905788565944936,399637.4,1966579.4,0.647094090793304,0.1314988858319171,0.057971025447188795,0.013888917633414044,0.37735848658744353,0.9210526651168804,0.05797102544718872,0.013888917633414034,0.3773584865874436,0.9210526651168804,35.71425530374956,14.285691477812165,71.87499090505341,67.23318298271793,-64.28574469625045,-28.125009094946584,0.004357141575642994,0.0064761895863782795,-11.965879401477736,37.21636101084088,48.645638417806666,67.54465077464519,0.08119040224552156,0.712328792289445,BUY,0,0
0.0729999989271164,0.0729999989271164,0.07000000029802322,0.07000000029802322,433685,0.0,0.0,FSG,2021-02-26 00:00:00+11:00,Telecommunication Services,-0.04109587223540079,-0.04196418014452171,-0.00299999862909317,-0.041095872235400795,0.0702000007033348,0.9971509914058722,0.07050000056624413,0.9929077976708512,0.0702500008046627,0.9964412739676027,0.054720000326633454,1.2792397638921915,0.04729000005871058,1.48022838255695,0.0441699998639524,1.584786065511197,0.0449389720187429,0.7133840648189038,0.036436324853211736,0.5784087255045617,0.059393305494901204,0.9428394952895677,0.05375157589573318,0.8532798143875434,46.66666004392862,37.93102916724045,63.49206640171373,0.004536776076663529,0.00555064802443882,-0.001013871947775291,0.07351846126529675,0.0674815398671915,-0.1656474336001241,0.0797396076956175,0.06076039391370791,-0.02634466416915263,0.08203536277386034,0.027404637879406578,0.5593921735767059,458051.4,1521103.45,0.9468042232814919,0.28511210069242826,-0.014084535124187059,0.029411713144773755,0.3207547382003011,0.9444445364269249,-0.014084535124187008,0.029411713144773758,0.320754738200301,0.9444445364269249,14.285691477812168,16.66664892718724,62.49999563442564,65.84429582264632,-85.71430852218784,-37.50000436557436,0.004071427243096488,0.005380951400314059,-28.28285496534069,21.279987873554084,34.97970114355337,49.92211979699395,0.08066278630352021,0.7857142781116524,BUY,0,0
0.0729999989271164,0.0729999989271164,0.06700000166893005,0.0689999982714653,1170508,0.0,0.0,FSG,2021-03-01 00:00:00+11:00,Telecommunication Services,-0.014285743175720511,-0.014388766760802004,-0.0040000006556510925,-0.05479453033478419,0.06979999989271164,0.9885386587037821,0.07030000016093255,0.9815077967782184,0.07095000073313713,0.9725158218249167,0.055420000255107876,1.2450378555367438,0.047530000023543836,1.4517146694148195,0.04437499985098839,1.5549295437333601,0.04522959030644934,0.7179974871132159,0.03378485323462359,0.5363179184377809,0.05951286636610215,0.9447374652799594,0.05296125765963781,0.840733901331698,50.0,39.28570193143069,62.500000727595854,0.004142770984407754,0.005269072616432607,-0.0011263016320248532,0.07343404190610835,0.06716595841575675,-0.41480043827377944,0.07722358796670889,0.06467641349956538,-0.31082734471863416,0.08235935856940912,0.028480641940806625,0.5040950811789839,679218.8,1513120.75,1.7233150790290255,0.7735721025569176,-0.028169070248374006,-0.028169070248374006,0.25454542991543594,1.029411603577418,-0.028169070248374017,-0.028169070248374017,0.2545454299154359,1.029411603577418,13.333310153750174,21.111085645103962,59.374989449861964,64.58332532978034,-86.66668984624982,-40.625010550138036,0.004214284143277577,0.005095237067767552,-73.56326770698227,-16.019921778168225,29.733842529737544,60.08802687825136,0.08015627499919892,1.02898556671331,BUY,0,0
0.0729999989271164,0.08500000089406967,0.07100000232458115,0.07100000232458115,1716271,0.0,0.0,FSG,2021-03-02 00:00:00+11:00,Telecommunication Services,0.028985566713310096,0.02857343023586277,-0.001999996602535248,-0.027397214136017395,0.0702000007033348,1.0113960343765116,0.0702000007033348,1.0113960343765116,0.07135000079870224,0.9950946255052114,0.05612000033259392,1.2651461493906135,0.04779000002890825,1.4856665051607685,0.04458999985828996,1.5922853229473866,0.045101650340930236,0.7159665031241574,0.034900454193753865,0.5540275346392439,0.050954952622966204,0.8088847962446817,0.052630890070660366,0.8354894784416761,50.0,43.333330849805954,62.50000291038325,0.003946410953560103,0.005004540283858106,-0.001058129330298003,0.07315146022441629,0.06724854118225332,0.27105288604913647,0.07638775328956612,0.06631224830783836,-0.06947512303469187,0.08281752075891363,0.029422479906274203,0.5573552058159601,989962.4,1531209.95,1.733672915254155,1.1208593570071825,0.028985566713310096,-0.013888814153123485,0.12698414575606076,0.972222371693753,0.028985566713310183,-0.013888814153123511,0.12698414575606065,0.972222371693753,22.222226821346247,16.61374281763619,50.0000066523039,57.29166391219717,-77.77777317865376,-49.9999933476961,0.005142855857099805,0.0055238086552847,202.18586202997864,122.63782960520271,39.48610926001001,64.26742229813226,0.06700000166893005,0.9718309297516259,BUY,0,0
0.07800000160932541,0.08900000154972076,0.07800000160932541,0.08500000089406967,2431157,0.0,0.0,FSG,2021-03-03 00:00:00+11:00,Telecommunication Services,0.1971830719876122,0.17997135722688862,0.006999999284744263,0.08974357872202104,0.07360000014305115,1.1548913142508306,0.07160000056028366,1.1871508411861516,0.07210000082850457,1.1789181680628376,0.05706000037491322,1.48966001289128,0.04819000001996756,1.7638514392788933,0.044864999866113066,1.8945726322908323,0.09365194442654746,1.4866785285017168,0.07114818828637695,1.129442474631313,0.0625164586296538,0.9924180142951307,0.058359526836582055,0.9264287678459768,75.0,65.85366873072047,65.71428723481253,0.004864403282919219,0.004976512883670329,-0.00011210960075111031,0.0814522425384664,0.06174775858210092,1.3600965509636878,0.07996464541329172,0.06423535624371741,1.640252134281823,0.08445405683487486,0.02966594391495158,1.0199292886759124,1202044.8,1195377.05,2.0225177963417003,2.033799293704024,0.24999994521632218,0.1971830719876122,0.2142857218883476,1.2368422007172755,0.24999994521632213,0.1971830719876123,0.21428572188834752,1.2368422007172752,81.81817873942948,39.124571904841964,84.61538241107087,64.66345950441224,-18.181821260570512,-15.384617588929125,0.006071427038737706,0.005999999032134102,317.48633225694783,303.4172598885765,54.6741254492796,66.08196650795018,0.06736000165343285,0.7058822859117324,BUY,0,0
0.08799999952316284,0.09000000357627869,0.07999999821186066,0.08799999952316284,324107,0.0,0.0,FSG,2021-03-04 00:00:00+11:00,Telecommunication Services,0.03529410114750342,0.03468554205081933,0.0,0.0,0.07660000026226044,1.1488250551158157,0.07350000068545341,1.1972788939113461,0.0727500006556511,1.2096219756711046,0.058060000389814376,1.5156734228786006,0.04868000000715256,1.8077239011962407,0.045154999867081644,1.94884286971985,0.09269043604247441,1.4714150560951516,0.06915209496211058,1.0977554754532028,0.06120171167076916,0.9715470533540075,0.058353343454254206,0.9263306096945725,82.75863220660825,75.0,63.636364662614525,0.0057675093770716,0.005134712182350584,0.0006327971947210163,0.08755544583539247,0.05944455553551435,1.0316285740528324,0.08331060235420032,0.06218939895710187,1.4440464002734545,0.08625295133865382,0.029867049440974937,1.0619675530837238,1215145.6,1117534.85,0.26672276968290876,0.2900195908879262,0.2054794632397534,0.2753623438792885,0.17333328035142892,1.3157895356003948,0.20547946323975336,0.2753623438792885,0.17333328035142898,1.3157895356003948,91.30433092496035,65.11491216191202,91.30433092496035,75.30657332944504,-8.69566907503965,-8.69566907503965,0.006499999335833958,0.005952380242801848,227.35039061186947,265.99996006489346,58.233972196849756,54.656989727867405,0.06822560164928437,0.6477272342428686,BUY,0,0
0.08799999952316284,0.08799999952316284,0.08799999952316284,0.08799999952316284,0,0.0,0.0,FSG,2021-03-05 00:00:00+11:00,Telecommunication Services,0.0,0.0,0.0,0.0,0.08020000010728837,1.0972568504418947,0.07520000040531158,1.170212753309336,0.07365000061690807,1.1948404451603003,0.05910000041127205,1.4890016736172262,0.04918000001460314,1.7893452520746804,0.045444999868050215,1.9364066405252784,0.08507612687062809,1.3505416452495702,0.06964639412746015,1.1056022314418934,0.05858332826102599,0.9299815053188208,0.05751265457568677,0.9129850874785692,85.7142819129687,72.97297351720833,60.65573670376486,0.0064093445291598106,0.00538963865171243,0.0010197058774473805,0.09179451014438775,0.05860549066623541,0.7713393959274539,0.08611933081463773,0.06118067041917842,1.150823554970702,0.08780326806219438,0.03039673276034972,1.006853974375358,1128408.6,981226.3,0.0,0.0,0.2571428449786439,0.2394365724224219,0.2571428449786439,1.444444536426925,0.257142844978644,0.2394365724224219,0.257142844978644,1.444444536426925,91.30433092496035,88.14228019645007,91.30433092496035,89.07468142033053,-8.69566907503965,-8.69566907503965,0.005499999438013349,0.005666666087650117,175.68986311671807,231.49603781656472,46.9292387689073,50.83644700906097,0.06953206576490403,0.7045455315142628,BUY,0,0
0.08100000023841858,0.08500000089406967,0.07599999755620956,0.08500000089406967,381310,0.0,0.0,FSG,2021-03-08 00:00:00+11:00,Telecommunication Services,-0.03409089369714746,-0.03468554205081928,0.0040000006556510925,0.0493827239984856,0.08340000063180923,1.0191846552774508,0.07660000026226044,1.1096605822852428,0.07405000068247318,1.1478730602387184,0.0600600004196167,1.4152514202498592,0.04965000003576279,1.7119839039847806,0.045724999876692894,1.8589393356651744,0.08914818882147295,1.4151836247206744,0.07173803482522381,1.138805998152199,0.05570836515416903,0.884342880863446,0.05799561982242884,0.920651923087168,73.0769263833937,66.66667303468475,62.711868045386424,0.006599849734572241,0.005631680868284393,0.000968168866287848,0.09396407524530279,0.05923592527921809,0.48375744979289853,0.08745031443509482,0.06064968692985154,0.8171450619545554,0.08895646628169938,0.031163534557534015,0.8630813398941877,970569.0,874814.85,0.3928726345061505,0.43587508831154387,0.23188410178875496,0.1971830719876122,0.10389612148897442,1.297297291854945,0.23188410178875488,0.1971830719876123,0.10389612148897436,1.2972972918549448,78.26085970622687,86.95650718538252,78.26085970622687,86.95650718538252,-21.73914029377313,-21.73914029377313,0.006142856819289071,0.0059999993869236535,80.28967565541797,113.27401959308435,48.67061459586012,56.443714826425115,0.0707601420335865,0.7647059339140521,BUY,0,0
0.08500000089406967,0.08500000089406967,0.08500000089406967,0.08500000089406967,15000,0.0,0.0,FSG,2021-03-09 00:00:00+11:00,Telecommunication Services,0.0,0.0,0.0,0.0,0.08620000034570693,0.9860788927282524,0.07820000052452088,1.0869565258815637,0.07455000057816505,1.1401743827613775,0.06094000041484833,1.3948145768860054,0.05006000004708767,1.6979624613287372,0.04600499988533557,1.847625282163386,0.09140241150197354,1.4509683003948703,0.07015966025414139,1.113750078607445,0.05521640441583976,0.8765332462528842,0.056577606716224006,0.8981416628780787,82.6086942437467,68.42104953577004,57.69231099877925,0.006673893986850685,0.005840123491997652,0.0008337704948530329,0.09539948303611065,0.061000518012931104,0.39536075373004115,0.08881774073434813,0.06028226042198196,0.7324215468961983,0.0901455637063938,0.03173443712330286,0.8238156627571813,630314.8,857912.6,0.023797632548053765,0.017484298517121674,0.1971830719876122,0.23188410178875496,0.13333330021964307,1.0731706962494685,0.1971830719876123,0.23188410178875488,0.1333333002196431,1.0731706962494687,78.26085970622687,82.60868344580469,78.26085970622687,82.60868344580469,-21.73914029377313,-21.73914029377313,0.0059285712029252735,0.005666666087650117,93.3333384572415,134.32203058744162,53.44563272587481,50.12045473416142,0.07191453372614803,0.7647059339140521,BUY,0,0
0.08299999684095383,0.08299999684095383,0.08299999684095383,0.08299999684095383,46000,0.0,0.0,FSG,2021-03-10 00:00:00+11:00,Telecommunication Services,-0.02352945920092786,-0.023810697272983183,0.0,0.0,0.08579999953508377,0.9673659357890204,0.07969999983906746,1.0414052322277267,0.07495000027120113,1.1074048904686373,0.06174000032246113,1.3443472045263056,0.050480000004172326,1.6442154681872747,0.046279999865218996,1.793431224776886,0.026747924011606125,0.42461013013177773,0.07075339082978906,1.1231752593010786,0.05563641035435654,0.8832006338277983,0.05665073362059147,0.8993025164967046,79.16665890564649,68.42104953577004,57.692302732601064,0.006496305610627778,0.005971359915723678,0.0005249456949041002,0.09550576526942263,0.0638942344087123,0.20878438418102047,0.08971090085078286,0.06018909969161941,0.5453594464885152,0.0911305725233666,0.03234942812155567,0.7233610959720518,153283.4,848313.05,0.30009772747733937,0.05422526507166193,-0.02352945920092786,0.22058812250419257,0.10666658057107203,0.9302324191211346,-0.02352945920092787,0.2205881225041926,0.10666658057107208,0.9302324191211347,69.56519063118722,75.36230334788031,69.56519063118722,75.36230334788031,-30.43480936881278,-30.43480936881278,0.005857143018926893,0.005571428154196058,61.02561049442436,95.31245982307072,60.96472181026541,48.91711396663502,0.07299966191715587,0.6867470593320275,BUY,0,0
0.08299999684095383,0.08299999684095383,0.08299999684095383,0.08299999684095383,0,0.0,0.0,FSG,2021-03-11 00:00:00+11:00,Telecommunication Services,0.0,0.0,0.0,0.0,0.08479999899864196,0.9787735592105731,0.0806999996304512,1.0285005851429365,0.0755000002682209,1.0993377025971984,0.06252000026404858,1.3275751198082133,0.05090999998152256,1.6303279683967415,0.04655499984510243,1.7828374421031257,0.016215759847588506,0.257417207259995,0.06861463896251044,1.0892236259597132,0.054588014423375825,0.8665578643743562,0.05667458358110147,0.8996811228824337,77.27271495771795,66.66665976798063,57.692302732601064,0.006283137445658962,0.006033715421710736,0.0002494220239482262,0.09587453925814941,0.06552546000275299,0.15156948855993124,0.09061360381687655,0.06038639671956525,0.4962414521849786,0.09205860189421754,0.032981398633879624,0.6933299291997698,88462.0,774584.9,0.0,0.0,-0.056818212605705076,0.13698627480558567,0.1527777835266828,0.8863635747885898,-0.05681821260570511,0.13698627480558578,0.1527777835266828,0.8863635747885897,69.56519063118722,72.46374698953376,69.56519063118722,72.46374698953376,-30.43480936881278,-30.43480936881278,0.005714285586561475,0.005428571076620193,52.226206743997004,83.70347972018324,60.35739354595133,49.60792245214374,0.07401968241670324,0.626506150634049,BUY,0,0
0.08299999684095383,0.08299999684095383,0.08299999684095383,0.08299999684095383,0,0.0,0.0,FSG,2021-03-12 00:00:00+11:00,Telecommunication Services,0.0,0.0,0.0,0.0,0.08379999846220017,0.9904534410987227,0.08199999928474426,1.0121950922552705,0.0762499999254942,1.0885245497974456,0.06330000020563603,1.311216375534289,0.0513399999588728,1.6166730990931646,0.04682999982498586,1.7723680792471344,0.016215759847588506,0.257417207259995,0.06607549163520351,1.0489159117384625,0.05253474971059569,0.8339632975395521,0.05667458358110147,0.8996811228824337,37.49997671693946,66.66665976798063,61.22449258872313,0.0060445226446638745,0.006035876866301365,8.645778362509696e-06,0.09519932552169125,0.06880067304779727,0.07576125767771517,0.09128504543050994,0.06121495442047844,0.44895088034205183,0.09290212358161404,0.03369787682965802,0.6654926873017579,88462.0,741019.9,0.0,0.0,-0.056818212605705076,0.18571423553690636,0.22058812250419257,0.8863635747885898,-0.05681821260570511,0.18571423553690639,0.2205881225041926,0.8863635747885897,69.56519063118722,69.56519063118722,69.56519063118722,69.56519063118722,-30.43480936881278,-30.43480936881278,0.005571428686380386,0.005190475710800716,45.3290628162484,73.92907313813829,60.068298696835285,54.15610047940986,0.07497850168627777,0.8674699649580331,BUY,0,0
0.07999999821186066,0.08299999684095383,0.07500000298023224,0.0820000022649765,141010,0.0,0.0,FSG,2021-03-15 00:00:00+11:00,Telecommunication Services,-0.01204812787997489,-0.012121294849882527,0.0020000040531158447,0.02500005122274275,0.08319999873638154,0.9855769652688672,0.08329999968409538,0.9843937884267833,0.07679999992251396,1.067708363902461,0.06406000025570392,1.2800499834165266,0.051759999990463254,1.5842349744993227,0.047099999831989404,1.740976699734162,0.010555092316040848,0.16755689600143717,0.06595409061486886,1.0469887302861727,0.05218380845491028,0.8283922778155342,0.05676192020549744,0.9010675488134312,0.0,68.57144012743477,65.21739341698932,0.005708918630481022,0.005970485219137297,-0.00026156658865627517,0.09287078724643384,0.07372921212175691,-0.13582972254388262,0.09183119464699505,0.06176880519803287,0.34594737396312025,0.09359077974819044,0.0345292207632174,0.6075018105714761,40402.0,593409.3,3.4901737537745654,0.2376268791203643,-0.03529410114750331,0.1884058596982212,0.15492957155280274,0.8636364252114102,-0.03529410114750335,0.18840585969822124,0.15492957155280274,0.8636364252114103,65.2173884874934,68.11592324995594,65.2173884874934,68.11592324995594,-34.782611512506605,-34.782611512506605,0.0059999993869236535,0.005380951932498387,7.300454557928737,36.27305564233062,60.072431659024865,55.86517992412035,0.09000000357627869,0.829268314844082,BUY,0,0
0.07800000160932541,0.08100000023841858,0.07800000160932541,0.07900000363588333,137000,0.0,0.0,FSG,2021-03-16 00:00:00+11:00,Telecommunication Services,-0.03658534812473435,-0.037271376395057315,0.0010000020265579224,0.01282053853750646,0.08199999928474426,0.9634146868898928,0.0840999998152256,0.9393579525499718,0.0771500002592802,1.0239793048656614,0.06476000033318996,1.2198888701270632,0.052150000035762784,1.5148610466291024,0.047354999845847484,1.6682505309481226,0.015778012308350412,0.25046818050486813,0.06809558131980642,1.0809838413274997,0.053115725806812335,0.8431860071491263,0.05718036292648356,0.907710121079358,0.0,64.86486758604164,58.69565569498223,0.0051416059808162,0.005804709371473078,-0.0006631033906568783,0.08955282667190899,0.07864717295854222,-0.9352939884917383,0.09203588091055051,0.062264119608009906,0.12427906819508558,0.09400787841330188,0.03551212225307804,0.4868730395992843,64802.0,558019.5,2.1141322798679054,0.24551113357149706,-0.07058820229500673,0.11267607111799327,0.09722231995360775,0.7954546378171152,-0.0705882022950067,0.11267607111799316,0.09722231995360772,0.7954546378171153,52.173917268759915,62.31883212914684,52.173917268759915,62.31883212914684,-47.826082731240085,-47.826082731240085,0.005999999919107982,0.004904761555648986,-10.697201057357667,26.009997252983812,69.24339955598232,44.02121646903174,0.08970000356435776,1.0253163172140187,BUY,0,0
0.07999999821186066,0.08299999684095383,0.07999999821186066,0.08299999684095383,72010,0.0,0.0,FSG,2021-03-17 00:00:00+11:00,Telecommunication Services,0.05063282305032235,0.04939267124493995,0.00299999862909317,0.03749998370185458,0.08199999928474426,1.0121950922552705,0.08389999940991402,0.9892729132861728,0.07774999998509884,1.0675240753294042,0.0655000002682209,1.2671755191003184,0.05258000001311302,1.5785469155620828,0.047619999833405015,1.7429650804561754,0.031806164399153,0.5049072069539697,0.0278238658679631,0.44169017759429213,0.05380668989995779,0.8541547220811551,0.05724449878169782,0.9087282462174743,39.99997019764919,63.88888946377951,61.22449258872313,0.004957624234819394,0.0056352923441423414,-0.0006776681093229476,0.08935282638805278,0.07844717243177526,-0.16505247141866905,0.09255931316521765,0.06294068680498002,0.35450643740203963,0.09468274597779106,0.03631725455865075,0.5996692959221446,70004.0,512027.05,1.0286555053996915,0.14063710110627944,0.0,-0.02352945920092786,0.1690140017392383,0.8043477539050559,0.0,-0.02352945920092787,0.16901400173923828,0.8043477539050558,69.56519063118722,62.31883212914684,69.56519063118722,62.31883212914684,-30.43480936881278,-30.43480936881278,0.0059285712029252735,0.004952380344981239,19.103281123944104,50.33588097922531,68.5224013902929,47.61093772716858,0.08940600355267525,0.7469879680300062,BUY,0,0
0.08100000023841858,0.08500000089406967,0.08100000023841858,0.08500000089406967,1694764,0.0,0.0,FSG,2021-03-18 00:00:00+11:00,Telecommunication Services,0.024096435292019214,0.023810697272983173,0.0040000006556510925,0.0493827239984856,0.08240000009536744,1.0315534077147217,0.0835999995470047,1.0167464276872131,0.07855000011622906,1.0821133134092509,0.06628000028431416,1.282438149207217,0.05304000001400709,1.602564118997406,0.04789499984122813,1.7747155480915457,0.03351032704811087,0.5319599503304553,0.026340527867621068,0.41814291683935095,0.053166377036764946,0.8439900704974512,0.057231041063895906,0.9085146115703642,50.0,71.42857446962505,63.99999940395352,0.004916526332813934,0.005491539141876661,-0.0005750128090627271,0.08833286233016309,0.07886713676384631,0.2958043389820621,0.09309539058963165,0.06400460964282648,0.44343950680698146,0.09542016814869089,0.03713983241993742,0.6424122433639213,408956.8,528050.45,4.144114977425488,3.2094736402553963,0.024096435292019214,-0.03409089369714746,0.23188410178875496,0.8478261028013292,0.024096435292019235,-0.03409089369714744,0.23188410178875488,0.8478261028013292,78.26085970622687,66.66665586872466,78.26085970622687,66.66665586872466,-21.73914029377313,-21.73914029377313,0.005999999919107982,0.004999999489103045,40.38464788804638,62.93515079748828,78.63966653390469,59.44188626427383,0.08911788354122639,0.8235294066085947,BUY,0,0
0.08299999684095383,0.09099999815225601,0.08100000023841858,0.08799999952316284,3161865,0.0,0.0,FSG,2021-03-19 00:00:00+11:00,Telecommunication Services,0.03529410114750342,0.03468554205081933,0.005000002682209015,0.06024099846401338,0.08340000063180923,1.0551558615887966,0.0835999995470047,1.0526315789473684,0.07939999997615814,1.1083123368965626,0.06712000027298927,1.3110846121163708,0.05354000002145767,1.6436309205807684,0.0481849998421967,1.8262944860715604,0.03577672449929743,0.5679378944976771,0.029036458250757513,0.46093948491368364,0.05329276229149868,0.8459963742179173,0.05727430093342323,0.9092013407094744,69.23079568255686,75.67568220649993,68.62745527715215,0.005067614461668785,0.005406754205835086,-0.0003391397441663011,0.08833286233016309,0.07886713676384631,0.9296698801020123,0.09407400026318487,0.06472599968913141,0.5860705587288254,0.09629544410430702,0.03794455644167152,0.7156703209347716,1041329.8,679062.95,3.0363723385232997,4.656217807200349,0.06024099846401332,0.0,0.2394365724224219,0.9130434641765963,0.06024099846401338,0.0,0.2394365724224219,0.9130434641765962,85.00000372529108,77.60868468756838,87.5000038805113,78.4420180726418,-14.999996274708923,-12.499996119488705,0.0062857142516544885,0.005333332788376581,109.96980495846203,89.83182577039683,93.20406655667952,74.77793443547726,0.07500000298023224,0.7045455315142628,BUY,0,0
0.08799999952316284,0.0989999994635582,0.08500000089406967,0.09200000017881393,5848570,0.0,0.0,FSG,2021-03-22 00:00:00+11:00,Telecommunication Services,0.045454553151426325,0.04445176993306769,0.0040000006556510925,0.045454553151426276,0.08540000021457672,1.0772833717523889,0.08429999947547913,1.091340459682619,0.08044999986886978,1.1435674372749558,0.0680000002682209,1.35294117376363,0.054080000035464766,1.7011834341435255,0.048504999838769436,1.8967116891995017,0.035240283269924406,0.5594221539821403,0.029437793034035053,0.4673104770878779,0.05371997976207238,0.8527782413151976,0.05729534211809812,0.9095353591611142,76.47061401586537,76.92308133170567,69.81132314187398,0.005447326131019101,0.005414868590871889,3.2457540147211306e-05,0.09142117246323375,0.0771788264877245,1.0812826365228765,0.09559109000607363,0.06530890973166592,0.7628248828374733,0.09747430579221361,0.03852569474422818,0.8142685462446783,2182841.8,968257.9,2.6793375497940346,6.040301865856193,0.12195119070269334,0.08235293189547055,0.2957746079814185,0.916666653731631,0.12195119070269331,0.08235293189547063,0.29577460798141847,0.916666653731631,70.83333203982957,78.03139849044918,78.12500072759582,81.295288104778,-29.166667960170432,-21.87499927240419,0.006142856819289071,0.005904761098680042,215.43466298497924,140.62338210128448,95.4226631660023,82.98935019087973,0.07532000288367272,0.5760869081070497,BUY,0,0
0.09399999678134918,0.0949999988079071,0.08799999952316284,0.08799999952316284,3183769,0.0,0.0,FSG,2021-03-23 00:00:00+11:00,Telecommunication Services,-0.04347826791170184,-0.044451769933067604,-0.00599999725818634,-0.06382976025140479,0.08719999939203263,1.0091743134943567,0.08459999933838844,1.0401891277939006,0.08139999993145466,1.0810810761334877,0.06880000025033951,1.2790697558569935,0.05458000004291534,1.6123121922676789,0.04877499982714653,1.8042029694520878,0.03820237766987024,0.6064439448350629,0.03370633786920079,0.5350715256517443,0.05446106314017651,0.8645425752305608,0.05784872206985519,0.9183199935583829,61.90477373108572,55.17241290718398,64.91228116039287,0.005363654866611792,0.00540462584601987,-4.097097940807849e-05,0.09209518252680451,0.07710481614997236,0.45362469459441096,0.09588629004459603,0.0669137098183133,0.45560316272562607,0.09822995844593013,0.0393700420547489,0.6523964167811831,2792195.6,1119318.7,1.140238527701999,2.8443811400631476,0.11392399332993874,0.03529410114750342,0.2753623438792885,0.8333333074632621,0.11392399332993876,0.03529410114750335,0.2753623438792885,0.8333333074632621,54.16666019914784,69.99999865475615,65.62499781721256,77.08333414177322,-45.83333980085216,-34.37500218278743,0.00535714253783226,0.006142856464499519,130.7098521556149,113.39214879242411,74.14601689640529,70.41957604617079,0.07626720274686813,0.8181817873942949,BUY,0,0
0.09000000357627869,0.09799999743700027,0.08799999952316284,0.09600000083446503,1962276,0.0,0.0,FSG,2021-03-24 00:00:00+11:00,Telecommunication Services,0.09090910630285265,0.08701139110057793,0.00599999725818634,0.06666663355297645,0.08980000019073486,1.0690423232801936,0.08589999973773957,1.1175785928703337,0.08279999978840351,1.1594203028960663,0.06976000025868416,1.3761467958497369,0.055160000063478945,1.7403916012325382,0.04907499983906746,1.95618952927722,0.04850170593033749,0.7699407123243578,0.041785823440693745,0.6633293829127739,0.056660643135022885,0.8994598251614982,0.05882867104856009,0.9338762013294923,75.0,61.76470974943693,71.42857818646915,0.0058751529279512105,0.005498731262406139,0.00037642166554507136,0.0961610371673875,0.07563896230809164,0.9843060378615156,0.09724554174252836,0.06835445783427865,0.9137767961895208,0.09954990393185693,0.039970096585511386,0.8808353616601734,3170248.8,1148895.25,0.6189659310020085,1.7079677194243774,0.15662656010002096,0.15662656010002096,0.41176464143096725,1.0,0.1566265601000209,0.1566265601000209,0.4117646414309672,1.0,87.5000038805113,70.83333203982957,90.62500363797906,78.12500072759582,-12.499996119488705,-9.374996362020942,0.005357142005647931,0.006523808553105309,163.46515165923742,150.39371336363558,76.86229538465977,73.42872827992778,0.07717651461553574,0.7187500533570221,BUY,0,0
0.09600000083446503,0.09799999743700027,0.09200000017881393,0.09200000017881393,846567,0.0,0.0,FSG,2021-03-25 00:00:00+11:00,Telecommunication Services,-0.041666673134184484,-0.0425596211675102,-0.0040000006556510925,-0.04166667313418449,0.09120000004768372,1.0087719312578063,0.08680000007152558,1.0599078352880578,0.08374999985098838,1.098507466776171,0.07064000025391579,1.3023782537955766,0.0556700000539422,1.652595654565642,0.049354999847710135,1.8640462053021838,0.05853595781218575,0.9292295227560721,0.04541490619470975,0.7209392856391724,0.05666086106925775,0.899463284760224,0.05934626905803591,0.9420928150025427,72.41378778793283,55.2631594426416,68.18181766869273,0.005889857591203959,0.005576956528165704,0.00031290106303825515,0.0974999477997473,0.07610005234330386,0.48598369257197965,0.09797932449434678,0.06952067520762999,0.5797886080051086,0.10040577970735101,0.04087422080048057,0.7176025730592124,3000609.4,1178293.45,0.2821316896494426,0.7184687311976486,0.08235293189547055,0.10843377928201714,0.2602739935745375,0.916666653731631,0.08235293189547063,0.10843377928201714,0.26027399357453757,0.916666653731631,70.83333203982957,70.83333203982957,78.12500072759582,78.12500072759582,-29.166667960170432,-21.87499927240419,0.005785713238375527,0.00661904684134892,134.96731538779878,144.13606220157695,76.86229538465977,76.94758240649955,0.07804945400945663,0.7934783286501306,BUY,0,0
0.09200000017881393,0.09200000017881393,0.08799999952316284,0.09099999815225601,1212363,0.0,0.0,FSG,2021-03-26 00:00:00+11:00,Telecommunication Services,-0.010869587224068389,-0.010929092780699217,-0.0010000020265579224,-0.010869587224068356,0.09179999977350235,0.9912853853679718,0.08760000020265579,1.0388127618919474,0.08479999974370003,1.073113189001119,0.07150000020861626,1.2727272431712506,0.05617000002413988,1.6200818606577787,0.04962999984622002,1.8335683746569036,0.05862932476714965,0.9307116772171072,0.045842433375325564,0.7277260692309526,0.055532394733793816,0.8815494370409481,0.05942113742745999,0.9432813135219089,65.38461318030227,58.33332988399032,64.51612864461077,0.005754485213103636,0.005612462265153291,0.00014202294795034442,0.09823328004259907,0.07696672036271252,0.3197506320513012,0.09780364272514233,0.07179635676225773,0.47678934414026086,0.10108005395416961,0.04191994646306291,0.6592279416182979,2610709.0,1217227.35,0.46438074867784956,0.9960037457258908,0.03409089369714735,0.09638556163600742,0.29999996806894047,0.8958332783594318,0.03409089369714744,0.09638556163600753,0.2999999680689404,0.8958332783594318,66.66665631863654,74.99999741299247,74.99999417923351,81.24999951493614,-33.33334368136346,-25.000005820766493,0.005214284573282514,0.006571428052016667,64.10256254304976,87.85424175994653,73.02805719027438,72.67874794130003,0.07888747582762069,0.8131869220529249,BUY,0,0
0.09099999815225601,0.09300000220537186,0.08900000154972076,0.08900000154972076,453145,0.0,0.0,FSG,2021-03-29 00:00:00+11:00,Telecommunication Services,-0.02197798508950477,-0.022223099067238263,-0.001999996602535248,-0.02197798508950481,0.09120000004768372,0.9758772094647731,0.08830000013113022,1.0079275358726048,0.0857999999076128,1.037296056474984,0.07232000023126602,1.2306416104136502,0.05666000004857778,1.5707730581259458,0.04988999985158443,1.783924670564902,0.055554960640147776,0.8819076596988763,0.046480370162950105,0.7378530017843563,0.05576886178027242,0.8853032350304142,0.05961156404644386,0.946304242382938,57.692308794464566,55.2631594426416,65.57377229387876,0.005423302165526583,0.0055746302452279505,-0.0001513280797013671,0.09819051114407937,0.07840948911818107,0.07077505072023746,0.09657228338091214,0.07502771643431347,0.29705880373828103,0.10151166790581594,0.043128332556716095,0.5713959717689174,1531624.0,1181359.2,0.2958591664795015,0.3835793550344383,-0.03260868068763356,0.08536584257795887,0.28985512723594353,0.8541666828354613,-0.03260868068763352,0.08536584257795897,0.2898551272359436,0.8541666828354613,58.333335920340865,65.27777475960232,68.75000436557487,73.95833309080139,-41.666664079659135,-31.24999563442513,0.005499998905829021,0.006619047196138473,55.497412860951314,79.70299666122045,73.69317140280259,74.28900007616495,0.0796919767730582,0.68539329605141,BUY,0,0
0.09000000357627869,0.09200000017881393,0.09000000357627869,0.09200000017881393,279899,0.0,0.0,FSG,2021-03-30 00:00:00+11:00,Telecommunication Services,0.03370784917815084,0.03315219184793758,0.001999996602535248,0.022222183589583624,0.09200000017881393,1.0,0.08959999978542328,1.0267857187403822,0.08684999980032444,1.0592976441028183,0.07320000022649766,1.2568305996467861,0.05717000003904104,1.6092356151126064,0.050164999850094316,1.833947980738227,0.05299981084766338,0.8413459142182842,0.04404130572612486,0.6991340541953478,0.055844788862068784,0.8865085400876624,0.05963991726686272,0.9467543358035145,57.692308794464566,61.53846888617611,68.25397163291672,0.005341340384519805,0.005527972273086322,-0.00018663188856651684,0.09721285565919915,0.08198714391164741,0.315256249846785,0.09541615121461441,0.07828384838603447,0.6012035194589619,0.10205006995691557,0.044349930496079736,0.6516448704626387,950850.0,1109540.6,0.2943671451858863,0.252265667430286,0.045454553151426325,0.16455691069140355,0.2957746079814185,0.916666653731631,0.045454553151426276,0.16455691069140346,0.29577460798141847,0.916666653731631,70.83333203982957,65.27777475960232,75.0,72.91666618160279,-29.166667960170432,-25.0,0.005571427089827401,0.006476190118562607,60.48111850254701,86.39800546439325,74.27836279713017,77.5997044326472,0.0804642976806782,0.5760869081070497,BUY,0,0
0.09300000220537186,0.09300000220537186,0.08699999749660492,0.09000000357627869,939646,0.0,0.0,FSG,2021-03-31 00:00:00+11:00,Telecommunication Services,-0.021739093463565173,-0.021978868925975913,-0.00299999862909317,-0.03225804901023846,0.09080000072717667,0.9911894587611105,0.09030000045895577,0.9966777754025213,0.08709999993443489,1.033295104983086,0.07404000028967857,1.2155592007584717,0.057670000083744524,1.560603493074158,0.05042499987408519,1.7848290292714941,0.028123437862080807,0.44644573557146305,0.04370125486662679,0.693735914151274,0.03610025195692079,0.5730737336687115,0.059828460120264285,0.9497473608129888,45.83333980085216,58.53659644643531,65.07936939691085,0.005056711449520676,0.005433720108373193,-0.00037700865885251667,0.09634060372112983,0.0842593971967817,-0.049663397786053144,0.09573042395577819,0.07846957591309159,0.3360209920940157,0.10233569842542785,0.04574430215392929,0.564043453179053,746324.0,1034965.05,1.2590322701668444,0.9079011895135976,-0.062499970896169765,0.08433743375603253,0.05882356034843128,0.8750000582076605,-0.06249997089616979,0.08433743375603261,0.05882356034843122,0.8750000582076604,62.50001164153389,63.888893200568106,62.50001164153389,68.75000533570291,-37.49998835846611,-37.49998835846611,0.005999998854739326,0.005999999741713206,35.267191088156764,58.131506879262886,70.61474311297803,72.82345598206103,0.0812057257519934,0.6111110007321436,BUY,0,0
0.09000000357627869,0.0949999988079071,0.09000000357627869,0.0949999988079071,2126110,0.0,0.0,FSG,2021-04-01 00:00:00+11:00,Telecommunication Services,0.05555550036607193,0.054067168985500444,0.004999995231628418,0.05555550036607185,0.0914000004529953,1.0393872903399293,0.0913000002503395,1.0405257234109793,0.08744999989867211,1.0863350362262223,0.07498000025749206,1.267004514292658,0.05822000008076429,1.6317416467901176,0.05071499986574054,1.8732130347905684,0.03555244779673729,0.5643776122186386,0.04598361797987336,0.7299673053464594,0.037304527872405464,0.592191021162374,0.060072869413623886,0.9536272380630441,64.00000357627997,63.04348565511605,59.2592602812871,0.005174945248835924,0.00538196513646574,-0.00020701988762981526,0.09672012697085078,0.08587987352982823,0.68264060018482,0.09677399297466678,0.07812600682267744,0.8097387940659292,0.10286457279950692,0.0470954277154772,0.7179596717952218,1002232.6,1125065.2,2.1213738208076647,1.8897660331152364,0.03260868068763356,0.11764703304297397,0.07954544684857368,0.9791666246278008,0.03260868068763352,0.11764703304297398,0.07954544684857372,0.9791666246278008,83.33332815931827,72.2222239468939,83.33332815931827,73.61111326695072,-16.66667184068173,-16.66667184068173,0.006357141371284213,0.005380951932498387,76.4304485180763,101.64173729221474,73.662864912673,72.744008737945,0.08191749670045599,0.526315764707211,BUY,0,0
0.09600000083446503,0.10499999672174454,0.09600000083446503,0.10499999672174454,3303096,0.0,0.0,FSG,2021-04-06 00:00:00+10:00,Telecommunication Services,0.10526313725600911,0.10008343988384774,0.00899999588727951,0.09374995634425469,0.094200000166893,1.1146496447528376,0.09299999997019767,1.1290322231762615,0.08829999975860119,1.1891279389444915,0.07620000019669533,1.3779527093268724,0.05883000005036593,1.7848036143438935,0.05105499984696507,2.056605563343003,0.05410611165145614,0.8589078950306832,0.054446327744390996,0.8643086580742493,0.043542718676553176,0.6912192301548432,0.05966586854494653,0.9471662995715988,66.66666666666666,70.90909164799166,63.93442803158412,0.006006325463645212,0.005506837201901635,0.0004994882617435775,0.1027524902229227,0.08324750971747265,1.2304546265189913,0.10049318091038484,0.07610681860681753,1.369617719548145,0.10388923739121744,0.04851076300217322,1.040115201539277,1420379.2,1290220.0,2.325502936117341,2.5601029281827907,0.1538461412500749,0.19318178739429492,0.19318178739429492,1.3863635747885898,0.1538461412500748,0.1931817873942949,0.1931817873942949,1.3863635747885898,100.0,81.94444660028405,100.0,81.94444660028405,-0.0,-0.0,0.00649999880364963,0.005380951577708835,199.77435877239245,198.6695850818763,77.99777555129819,76.42824664681544,0.08260079681098008,0.38095238433132916,BUY,0,0
0.10999999940395355,0.11999999731779099,0.10999999940395355,0.11500000208616257,1581709,0.0,0.0,FSG,2021-04-07 00:00:00+10:00,Telecommunication Services,0.09523814930126684,0.09097182756775173,0.005000002682209015,0.04545457008456409,0.09940000027418136,1.1569416676956814,0.09530000016093254,1.2067156546900604,0.08979999981820583,1.2806236338415644,0.07762000024318695,1.4815769354014736,0.05958000008016825,1.930177944468338,0.051449999865144494,2.235179832606198,0.05118182232930784,0.812486241182647,0.05919145919405207,0.9396352845989369,0.04621131585694526,0.733581897087197,0.06055458223428216,0.9612741920239236,84.84849579516226,79.03226077804742,69.01408968003109,0.007386964801013612,0.005882862721724031,0.0015041020792895812,0.11221941679833147,0.07838058352353361,1.1643428581151458,0.10674076376394896,0.0728592358724627,1.4875363560147463,0.10584617112590113,0.04939382936047278,1.3243029668564534,1646092.0,1350239.95,0.9608873623102475,1.1714280858006016,0.29213483240128535,0.250000020246143,0.3529411867828105,1.6136364252114102,0.29213483240128524,0.2500000202461429,0.3529411867828104,1.6136364252114102,87.50001164153244,90.2777799336169,88.88889808713769,90.740742082152,-12.499988358467558,-11.111101912862303,0.007285713085106441,0.006095237320377713,293.02327193203024,288.32869187111936,80.01042990514259,78.1653957971864,0.08394474880562594,0.21739128744669833,BUY,0,0
0.11500000208616257,0.11999999731779099,0.11500000208616257,0.11500000208616257,918571,0.0,0.0,FSG,2021-04-08 00:00:00+10:00,Telecommunication Services,0.0,0.0,0.0,0.0,0.1040000006556511,1.1057692438573437,0.09800000041723252,1.1734694040464588,0.09129999987781048,1.2595838142395455,0.07904000028967857,1.4549595352314266,0.06033000010997057,1.906182693130094,0.05183499988168478,2.2185782260760902,0.05641072295935317,0.8954924653668603,0.055134295105097486,0.8752298013536023,0.04621131585694526,0.733581897087197,0.06055458223428216,0.9612741920239236,87.50001746230355,77.58621221206717,72.05882804100976,0.008384480352501042,0.006383186247879435,0.002001294104621607,0.11806655674295007,0.07793344409151497,0.8471808213122567,0.11145832147470229,0.07114167828091868,1.175693228944535,0.10750540349681309,0.050574597082544054,1.2632879827773194,1773826.4,1395418.5,0.5178471805358179,0.6582763522197821,0.250000020246143,0.3068182126057051,0.3529411867828105,1.6136364252114102,0.2500000202461429,0.30681821260570513,0.3529411867828104,1.6136364252114102,87.17949844598071,91.5598366958377,88.88889808713769,92.59259872475845,-12.820501554019293,-11.111101912862303,0.00735714180128915,0.005761903666314625,207.68605708304577,250.16393654547014,80.81657239862645,80.04581899265168,0.08682916868659915,0.13043472063789419,BUY,0,0
0.11999999731779099,0.125,0.11500000208616257,0.11500000208616257,1788330,0.0,0.0,FSG,2021-04-09 00:00:00+10:00,Telecommunication Services,0.0,0.0,-0.004999995231628418,-0.041666627861558524,0.10900000035762787,1.0550458872371444,0.09990000054240226,1.1511511657835392,0.09290000014007091,1.2378902251105506,0.08046000033617019,1.4292816505801724,0.06108000013977289,1.8827767161591589,0.05221499988809228,2.202432295942387,0.05030912228992557,0.7986325575424764,0.05103210671303103,0.8101095794543397,0.045439347589274946,0.7213272807494631,0.06055458223428216,0.9612741920239236,93.33334326744287,76.78571808703131,72.05882804100976,0.009070459997084779,0.006920640997720505,0.002149818999364274,0.12255588121040048,0.07724411987440405,0.6664936916395969,0.11524561175727095,0.07055438852287087,0.9890085948276603,0.10887445488923517,0.05204554578310522,1.2155785600419577,1943563.2,1482535.0,0.9201295846721116,1.2062649448410998,0.27777775018303585,0.19791667798482293,0.38554224654403013,1.6136364252114102,0.2777777501830359,0.19791667798482285,0.38554224654403013,1.6136364252114102,77.27273189085577,83.9840806594563,80.00000298023242,85.92593305150258,-22.727268109144234,-19.999997019767584,0.007785713034016746,0.006238094043164026,156.68709687007868,208.91720875097164,81.3355881028947,81.56963081920783,0.0894828349770945,0.1739130688299524,BUY,0,0
0.11999999731779099,0.125,0.11999999731779099,0.125,733567,0.0,0.0,FSG,2021-04-12 00:00:00+10:00,Telecommunication Services,0.08695650202114802,0.08338159079850707,0.005000002682209015,0.04166668994973155,0.11500000059604645,1.086956516105421,0.10320000052452087,1.21124030392131,0.09500000029802322,1.3157894695564651,0.08190000034868718,1.5262515197535491,0.06190000012516975,2.0193861025401283,0.05265999989584089,2.373718196871333,0.05288116476634715,0.8394624660671136,0.05014579324386175,0.7960397893159268,0.04778740369265288,0.7586015158332553,0.055343295635009136,0.878547581909764,94.5946027581249,79.36508274402783,77.63158733185335,0.01030226200237068,0.00759696519865054,0.0027052968037201393,0.12997976119146798,0.07642023985757375,0.8140475841662673,0.12102023580613647,0.06897976478990997,1.1529488152642824,0.11188843342883792,0.051911567268536435,1.4372207956353877,1665054.6,1519213.35,0.4405663333802987,0.48285976423258786,0.31578949019519276,0.3586956495331117,0.5060241537060222,1.358490593887895,0.31578949019519265,0.3586956495331118,0.5060241537060222,1.358490593887895,100.0,88.15074344561215,100.0,89.62963368912337,-0.0,-0.0,0.007785713034016746,0.006619046131769816,144.78670187287292,195.52238375622824,79.9064513911334,82.2661547124957,0.09303455147938505,0.20000004768371582,BUY,0,0
0.125,0.12999999523162842,0.11999999731779099,0.125,834264,0.0,0.0,FSG,2021-04-13 00:00:00+10:00,Telecommunication Services,0.0,0.0,0.0,0.0,0.11900000125169755,1.0504201570184173,0.10660000070929528,1.1726078721226527,0.09710000045597553,1.2873326407106882,0.08334000036120415,1.4998800030985975,0.06272000011056661,1.992984690364197,0.05309499990195036,2.3542706513011655,0.04998189705279582,0.7934380179415796,0.04921737357256596,0.7813015839406328,0.04778740369265288,0.7586015158332553,0.055343295635009136,0.878547581909764,100.0,77.96610490545022,77.63158733185335,0.011149944348364943,0.008307561028593423,0.0028423833197715204,0.13507533088812934,0.0781246705304612,0.646173342860185,0.12569444232073,0.06850555859122107,0.9757140802392806,0.11455383803657036,0.05212616268583793,1.3346644546586366,1171288.2,1560926.55,0.7122619351923806,0.5344671727186651,0.19047622764462102,0.37362640151769155,0.5060241537060222,1.358490593887895,0.1904762276446209,0.3736264015176915,0.5060241537060222,1.358490593887895,88.37210350000572,88.54827846362049,90.9090982980975,90.3030337594433,-11.627896499994282,-9.0909017019025,0.007499998701470239,0.0070952365086192175,122.20993372655654,163.77596143150978,75.46713115907224,82.89403352042707,0.09623109633144655,0.20000004768371582,BUY,0,0
0.12999999523162842,0.14000000059604645,0.12999999523162842,0.14000000059604645,1410707,0.0,0.0,FSG,2021-04-14 00:00:00+10:00,Telecommunication Services,0.12000000476837158,0.1133286895644778,0.01000000536441803,0.07692312100935426,0.12400000095367432,1.1290322541880433,0.11170000061392785,1.253357205251348,0.10000000037252903,1.4000000007450581,0.08504000037908555,1.6462841012695666,0.06369000010192394,2.1981472817083154,0.053599999900907275,2.6119403144565436,0.057868893301278666,0.9186402019302896,0.05190428553212132,0.8239549889788851,0.05182530892623871,0.822701274227541,0.057114172837148494,0.9066593859855315,100.0,87.14286170443756,81.318689146246,0.012883599289785969,0.009222768680831932,0.003660830608954037,0.14415578247534716,0.07924421875250853,0.8719555764502858,0.13349155493318493,0.06650844581187311,1.1943309514365534,0.11908429307815369,0.050995707680017405,1.614367515365219,1137087.8,1624411.4,1.2406315501758087,0.8684419476494687,0.21739128744669833,0.5730336871717245,0.7073170332806522,1.5454545700845639,0.2173912874466984,0.5730336871717245,0.7073170332806523,1.545454570084564,100.0,96.12403450000191,100.0,96.96969943269916,-0.0,-0.0,0.008071427366563253,0.007809522251288096,143.51325570966478,182.21374033949022,89.6134889133823,83.94495518197755,0.10028336419946837,0.1071428609441738,BUY,0,0
0.14000000059604645,0.14000000059604645,0.14000000059604645,0.14000000059604645,0,0.0,0.0,FSG,2021-04-15 00:00:00+10:00,Telecommunication Services,0.0,0.0,0.0,0.0,0.1290000006556511,1.0852713169340087,0.1165000006556511,1.201716736550554,0.10305000022053719,1.3585638068552413,0.08658000037074089,1.61700161696186,0.06466000009328127,2.1651716732767783,0.054109999909996986,2.5873221369231794,0.057868893301278666,0.9186402019302896,0.05395345459071084,0.8564845393190224,0.05002754652590056,0.7941626808614772,0.05424584237897695,0.8611260515638884,100.0,85.48387561950986,82.22222534962683,0.014095054308963947,0.010197225806458335,0.0038978285025056125,0.1501815153640689,0.08281848594723329,0.6977120875897587,0.13947136541131464,0.06662863502975974,1.0145144253095066,0.12340743014800483,0.049752570593476944,1.4505492386624639,953373.6,1617561.4,0.0,0.0,0.21739128744669833,0.521739133955851,0.7721518247178376,1.222222195941515,0.2173912874466984,0.5217391339558509,0.7721518247178376,1.2222221959415152,100.0,96.12403450000191,100.0,96.96969943269916,-0.0,-0.0,0.00735714180128915,0.007428570162682306,129.2598162289282,163.8326779615562,88.47593638373826,84.24780114273871,0.1058436932949893,0.1071428609441738,BUY,0,0
0.17000000178813934,0.20999999344348907,0.14499999582767487,0.14499999582767487,13104557,0.0,0.0,FSG,2021-04-16 00:00:00+10:00,Telecommunication Services,0.035714251502436234,0.03509128677913902,-0.025000005960464478,-0.14705885704413382,0.13499999940395355,1.0740740479101696,0.12199999988079072,1.1885245571258856,0.10615000016987323,1.3659914799399857,0.08808000028133392,1.646230646736312,0.06568000003695489,2.207673504051318,0.05463499989360571,2.653976317562786,0.053523646088770645,0.8496615408739325,0.04899101105886282,0.777708190436197,0.04981713996350782,0.7908225802316342,0.052613065385317424,0.8352065203339837,100.0,92.06349788279289,85.86956671384559,0.015282432598200432,0.011214267164806755,0.004068165433393677,0.15438655360094056,0.08961344616064086,0.7101711452729935,0.14579725998999404,0.06650274034975243,0.9798910652101469,0.1281204689774219,0.04803953158524594,1.4215616699787064,3216619.0,2269188.75,4.0740159154690065,5.7749964607395485,0.2608695060634443,0.6111110007321436,0.7469879680300062,1.0714285030048725,0.26086950606344433,0.6111110007321436,0.7469879680300062,1.0714285030048725,47.1544717417035,82.38482391390117,50.0,83.33333333333333,-52.8455282582965,-50.0,0.011928570057664598,0.010571426933719999,191.30379821599942,218.16333614536603,94.9826344446755,90.91179340175647,0.1106255763171373,0.06896555622182587,BUY,0,0
0.1599999964237213,0.1599999964237213,0.14499999582767487,0.14499999582767487,2603568,0.0,0.0,FSG,2021-04-19 00:00:00+10:00,Telecommunication Services,0.0,0.0,-0.015000000596046448,-0.09375000582076622,0.13899999856948853,1.0431654483448562,0.12699999958276748,1.141732254362541,0.1091499999165535,1.3284470539489612,0.08948000013828278,1.6204737997719183,0.06668999999761581,2.1742389538590294,0.055159999877214434,2.6287163914148532,0.05202432840410912,0.8258606104945593,0.05136733631649297,0.8154311844315423,0.05024231028741509,0.7975719498830547,0.052042944228539965,0.8261561275459259,100.0,93.54839640031115,85.22727532497022,0.016038555957593847,0.012179124923364175,0.003859431034229673,0.1561356953270041,0.09786430383853084,0.6177987442935182,0.1510736133532562,0.06722638647985081,0.8551265736014999,0.13244223221631798,0.04651776806024757,1.2922977462750858,3590619.2,2314628.95,0.7251027900703032,1.1248316927860078,0.15999996662139893,0.526315764707211,0.7058822859117324,0.9333332008785724,0.15999996662139893,0.526315764707211,0.7058822859117324,0.9333332008785724,47.1544717417035,64.76964782780233,49.61240229487135,66.5374674316238,-52.8455282582965,-50.38759770512865,0.012714284339121409,0.011095236809480758,112.46207577589257,136.31355852494085,88.54974625203869,84.65682210666058,0.1265254830573536,0.034482829494228984,HOLD,0,1
0.15000000596046448,0.1599999964237213,0.15000000596046448,0.15000000596046448,784342,0.0,0.0,FSG,2021-04-20 00:00:00+10:00,Telecommunication Services,0.034482829494228984,0.03390162018676702,0.0,0.0,0.14399999976158143,1.0416667097834527,0.1315000005066395,1.140684451578317,0.11225000023841858,1.3363029455845437,0.0910800002515316,1.646903881710761,0.06776000004261733,2.213695482085636,0.055669999904930594,2.6944495458348157,0.04906523246662054,0.7788864187575013,0.04670088290350255,0.7413535330188948,0.05023662388923315,0.797481681110384,0.05077252874795422,0.805988907005787,100.0,96.9230820370851,85.71428922319345,0.01684704593970064,0.013112709126631471,0.0037343368130691706,0.15940857990411936,0.1035914211091596,0.6628787940204339,0.15668268122719373,0.06781731924964343,0.8495999989643328,0.13694197566278613,0.045218024840277066,1.284724549707772,3580634.8,2195752.8,0.2190511023352619,0.3572086985383783,0.20000004768371582,0.42857152993987513,0.7045455315142628,1.1428572188834751,0.20000004768371582,0.42857152993987524,0.7045455315142628,1.1428572188834751,51.2195207641025,48.50948808250317,53.48837934615781,51.033593880343055,-48.7804792358975,-46.51162065384219,0.013499998620578222,0.011619046330451965,105.59007863734946,129.51631504170982,88.76456081539352,84.59849294238579,0.13988140471913527,0.0,HOLD,0,1
0.15000000596046448,0.15000000596046448,0.14499999582767487,0.15000000596046448,296156,0.0,0.0,FSG,2021-04-21 00:00:00+10:00,Telecommunication Services,0.0,0.0,0.0,0.0,0.14600000083446502,1.0273972952269683,0.13500000089406966,1.1111111479041016,0.1151500005275011,1.3026487648572802,0.09254000037908554,1.6209207407174937,0.06886000011116267,2.178332932301992,0.05617999993264675,2.669989429339568,0.019229191703091238,0.30525395495499597,0.04313363801566147,0.6847252759855308,0.0504416388113007,0.8007361921034721,0.0493686901555381,0.783703660227339,100.0,96.77419897544901,85.22727657571315,0.01728848913434579,0.013947865128174336,0.0033406240061714526,0.16248737202064695,0.10751262976749239,0.5457053349089268,0.1615454411164566,0.0687545599385456,0.7511515138248189,0.14113866526031094,0.04394133549786015,1.1823371222606747,3357724.6,1918132.1,0.08820139686262536,0.15439812513434292,0.07142860944173757,0.3043478542555027,0.6304348442273915,0.9480520360163003,0.07142860944173758,0.3043478542555027,0.6304348442273914,0.9480520360163003,51.2195207641025,49.86450442330283,52.0000071525578,51.70026293119565,-48.7804792358975,-47.9999928474422,0.013642856585127967,0.011380951674211593,74.84751777573457,102.5976870482351,87.77876983910794,83.1376659845464,0.20999999344348907,0.0333333002196432,HOLD,0,1
0.15000000596046448,0.1599999964237213,0.15000000596046448,0.15000000596046448,470414,0.0,0.0,FSG,2021-04-22 00:00:00+10:00,Telecommunication Services,0.0,0.0,0.0,0.0,0.14800000190734863,1.0135135407252758,0.13850000128149986,1.0830325239895917,0.11825000084936618,1.2684989842117915,0.09404000043869018,1.5950659853330997,0.069960000179708,2.144082412452197,0.056704999953508375,2.6452694838805635,0.019229191703091238,0.30525395495499597,0.04313363801566147,0.6847252759855308,0.04818022708503477,0.7648373938657227,0.049069243898867694,0.7789500982702642,100.0,100.0,84.52381343071833,0.017437329367935323,0.014645757976126533,0.00279157139180879,0.1634666475504582,0.11353335501254151,0.46061471593254627,0.1652880606790882,0.07121194101964416,0.6749854315002245,0.14500130710475517,0.04307869377262518,1.098088121807087,3451807.4,1782464.35,0.13628048888243302,0.2639121506132787,0.07142860944173757,0.3043478542555027,0.7045455315142628,1.0,0.07142860944173758,0.3043478542555027,0.7045455315142628,1.0,50.00000620881769,50.813015912340894,51.2195207641025,52.23596908760604,-49.99999379118231,-48.7804792358975,0.013928569853305817,0.01119047509772437,79.75568272144876,105.56048663555609,89.73997544703249,81.55592168588288,0.2086999934911728,0.0,HOLD,0,1
0.15000000596046448,0.15000000596046448,0.14000000059604645,0.14000000059604645,410522,0.0,0.0,FSG,2021-04-23 00:00:00+10:00,Telecommunication Services,-0.06666669978035689,-0.06899290696590589,-0.01000000536441803,-0.06666669978035689,0.14700000286102294,0.9523809378997465,0.14100000113248826,0.9929077976708512,0.12045000083744525,1.16230800849047,0.09534000039100647,1.4684287814336197,0.0709900001809001,1.9721087510817268,0.05717999994754791,2.4484085471226056,0.03683189544475519,0.5846882139717298,0.052110975103178636,0.8272360842005347,0.05020635067302154,0.797001108701492,0.050375640426606125,0.7996885002264693,50.0,84.61537932503255,78.88888833699406,0.01655750485672071,0.015028107352245367,0.0015293975044753418,0.15973796321226125,0.12226203905271527,-0.05336762515499356,0.16722145093245616,0.07367855074243436,0.41799002850857925,0.14761808034659515,0.04306192043541778,0.8542777439986237,913000.4,1704876.65,0.44964054780260776,0.2407927869737673,-0.034482726727597,0.21739128744669833,0.4583333268658154,0.8666666004392862,-0.034482726727597,0.2173912874466984,0.4583333268658155,0.8666666004392862,38.59649352126226,46.60534016472749,43.08943483407011,48.76965425024347,-61.40350647873774,-56.91056516592989,0.01428571343421936,0.011333332530089788,34.58280487232058,67.9945508445245,87.95328488091246,85.49323600400376,0.20742599353790284,0.035714251502436234,HOLD,0,1
0.15000000596046448,0.1550000011920929,0.13500000536441803,0.13500000536441803,588129,0.0,0.0,FSG,2021-04-26 00:00:00+10:00,Telecommunication Services,-0.035714251502436234,-0.03636760869192046,-0.015000000596046448,-0.1,0.14500000476837158,0.9310344891372389,0.14200000166893006,0.9507042519560501,0.12260000109672546,1.101141958864336,0.09660000056028366,1.397515575376945,0.07198000025004149,1.8755210460608496,0.05762999996542931,2.3425300268159104,0.03868782483362402,0.6141501796547879,0.04923115963059679,0.7815204308272896,0.04983658722613507,0.7911312959551902,0.05028589317731266,0.7982638068115736,40.00001192092611,75.00000310440808,72.41379635181883,0.01528063412596406,0.015078612706989108,0.0002020214189749521,0.15777621658999497,0.12622378674786516,-0.4437056885657291,0.16779152488490517,0.07740847730854576,0.2743878326788334,0.14961366945403048,0.043586331666536825,0.7243415821888871,509912.6,1691954.75,1.1533917773359592,0.3476032677587861,-0.068965453455194,0.08000004291534424,0.4673913598046522,0.8750001552204358,-0.068965453455194,0.08000004291534424,0.46739135980465224,0.8750001552204358,25.00000745058104,37.86550239355366,39.02439792643672,44.444451174869776,-74.99999254941896,-60.97560207356328,0.014999998999493462,0.011809522906939188,18.547026532902017,57.142868846036116,84.98900175138904,83.38015038815777,0.20472895382022857,0.11111111111111116,BUY,0,0
0.14000000059604645,0.1550000011920929,0.14000000059604645,0.1550000011920929,364575,0.0,0.0,FSG,2021-04-27 00:00:00+10:00,Telecommunication Services,0.14814811135515904,0.13815030643531,0.015000000596046448,0.10714286094417376,0.14600000381469727,1.0616438160427613,0.14500000178813935,1.0689655122802317,0.12580000124871732,1.2321144646544533,0.09834000051021576,1.5761643317867502,0.07316000025719405,2.118644076642841,0.058174999970942734,2.6643747532361384,0.08253619346969283,1.3102214524963232,0.06579807614668047,1.0445120773836458,0.056771224385492945,0.9012152480919602,0.05274163092909827,0.837247435070079,62.500004656612106,78.57142781116525,80.58252694054184,0.015701539811745713,0.015203198127940432,0.0004983416838052809,0.15747219445799,0.1325278091182887,0.801783589194128,0.17063232149004143,0.08096768100739322,0.6513158316633485,0.15320102835564262,0.04347897266478889,1.0327914533704865,425959.2,1649565.35,0.8558918318937588,0.22101276557488309,0.0333333002196432,0.24000000953674316,0.7032967509818597,1.279411658361096,0.033333300219643106,0.24000000953674316,0.7032967509818596,1.279411658361096,42.10526604731684,35.233922339720046,55.28455767173589,45.799463477414236,-57.89473395268316,-44.71544232826411,0.01535714151603835,0.01247618950548626,53.63984794912949,75.14705998043183,84.47487082280318,83.57385945514243,0.20054521691287994,-0.032258033504347416,HOLD,0,1
0.1550000011920929,0.1550000011920929,0.15000000596046448,0.15000000596046448,122853,0.0,0.0,FSG,2021-04-28 00:00:00+10:00,Telecommunication Services,-0.032258033504347416,-0.032789790777483716,-0.004999995231628418,-0.03225803350434739,0.14600000381469727,1.0273972742551705,0.14600000232458116,1.0273972847410693,0.1288500014692545,1.164144386884285,0.09992000058293343,1.5012010116629726,0.07429000031203031,2.019114353620132,0.05869500000029802,2.5555840524695945,0.08466389570461194,1.3439976783618768,0.05818772361501168,0.9237014762536871,0.05729592322511345,0.9095445839490002,0.053071881761617146,0.842490004508781,55.55556659345229,73.33333730697655,77.57010074648561,0.01545351427857801,0.01525326135806795,0.00020025292051006026,0.15829273001320027,0.13370727463596205,0.32539593629708563,0.17138184880583385,0.08631815413267514,0.49727453227784,0.15610168999598734,0.04373831116987954,0.8913937245520939,391298.6,1633050.75,0.31396227842368973,0.0752291378574732,0.0,0.07142860944173757,0.68539329605141,1.1126760711179933,0.0,0.07142860944173758,0.68539329605141,1.1126760711179933,36.84211269310044,34.64912873033277,51.2195207641025,48.509492120758374,-63.15788730689956,-48.7804792358975,0.01535714151603835,0.012523808294818514,55.66451052714259,73.25465298736304,84.09576149830109,85.6296356577356,0.19661250421997223,0.0,HOLD,0,1
0.1550000011920929,0.1599999964237213,0.1550000011920929,0.1599999964237213,35510,0.0,0.0,FSG,2021-04-29 00:00:00+10:00,Telecommunication Services,0.06666660043928618,0.06453845904940005,0.004999995231628418,0.03225803350434739,0.14800000190734863,1.081081042984614,0.14800000190734863,1.081081042984614,0.13225000128149986,1.2098298289098266,0.10168000057339668,1.5735640786924163,0.07553000029176474,2.1183635086145576,0.059264999981969595,2.6997384033139067,0.08925694149133899,1.4169100198339535,0.06087894272825432,0.96642325523703,0.05794106323641177,0.9197858641332768,0.05354441682667442,0.8499912661161767,59.9999940395334,76.47058926651651,80.86956842860619,0.015880803891780787,0.015378769864810519,0.0005020340269702682,0.16229840783687735,0.13370159597781991,0.839254010238343,0.17322175097356118,0.09127825158943853,0.6772958282423143,0.15977273541457981,0.043587265732213554,1.0039120383945221,304317.8,1620831.3,0.11668722631407036,0.02190851077468704,0.06666660043928618,0.14285711244661004,0.7391303925297887,1.2222222682134625,0.06666660043928621,0.14285711244660995,0.7391303925297887,1.2222222682134625,44.44444536426925,41.13060803489551,59.34959457936928,55.28455767173589,-55.55555463573075,-40.65040542063072,0.01535714098385402,0.012809522095180693,89.74357328471348,87.76275330566759,83.13769264743138,85.51849532412771,0.19291575428863897,-0.062499941792337754,SELL,0,2
0.1550000011920929,0.1550000011920929,0.14499999582767487,0.14499999582767487,243827,0.0,0.0,FSG,2021-04-30 00:00:00+10:00,Telecommunication Services,-0.0937500058207662,-0.09844007923616697,-0.01000000536441803,-0.06451616314521787,0.14900000095367433,0.9731543281852522,0.14800000190734863,0.9797296889120863,0.13500000089406966,1.0740740360546508,0.10316000044345856,1.4055835130317644,0.0766200002655387,1.892456216720889,0.059789999965578315,2.425154639758367,0.09609069876521278,1.5253925534350463,0.06919156036360047,1.0983819692796042,0.06328875774781656,1.0046778827216096,0.05564746622467216,0.8833761403280934,46.153837336588666,61.11111019128623,70.86614302570703,0.014838015890004164,0.01527061906984925,-0.0004326031798450869,0.16229840783687735,0.13370159597781991,-0.20981402363729426,0.17112842793862695,0.09887157384951237,0.2767902106912151,0.161830106360431,0.044489894526486135,0.7131399326843995,270978.8,1586040.35,0.8998010176441847,0.15373316321996472,0.035714251502436234,0.0,0.6111110007321436,1.0422533954970583,0.03571425150243618,0.0,0.6111110007321436,1.042253395497058,27.777777317865375,36.35477845841169,47.1544717417035,52.57452902839176,-72.22222268213463,-52.8455282582965,0.015714284032583237,0.013380950760273706,6.481457850288247,50.11945913370318,81.79086418229014,84.76173719822462,0.18944080935318572,0.06896555622182587,BUY,0,0
0.15000000596046448,0.1550000011920929,0.14499999582767487,0.1550000011920929,140214,0.0,0.0,FSG,2021-05-03 00:00:00+10:00,Telecommunication Services,0.06896555622182587,0.0666914109642506,0.004999995231628418,0.033333300219643106,0.15300000011920928,1.013071902426963,0.14900000244379044,1.0402684473147303,0.13800000101327897,1.1231884061883313,0.10488000050187112,1.4778794856062916,0.07781000029295683,1.992031880330466,0.06035499997437,2.5681385346353123,0.09486803405908685,1.5059833529396958,0.07232601915012396,1.148139959943139,0.06368833580106273,1.0110209876711018,0.055775444284111506,0.8854077290393882,53.33333068423758,65.0000014901162,74.07407489169614,0.014649643770784149,0.015146424010036231,-0.0004967802392520822,0.16375729623457685,0.13424270865300403,0.40657852539660794,0.16985493609855457,0.1061450659280034,0.5336692770933285,0.16449733888591,0.045262662117832225,0.8406950402140094,181395.8,1486745.55,0.7729726928627896,0.09430934567115401,0.14814811135515904,0.06896555622182587,0.6315789803903853,1.24637688514541,0.148148111355159,0.06896555622182589,0.6315789803903853,1.24637688514541,31.25000814907271,34.49074361040244,54.16666925367404,53.556911858248945,-68.74999185092729,-45.83333074632596,0.015714284564767565,0.013571426981971377,25.766861821921253,58.6119649592276,81.3303095205758,86.42184575509611,0.18617436111385965,-0.016129016752173708,HOLD,0,1
0.15000000596046448,0.1550000011920929,0.15000000596046448,0.15000000596046448,106462,0.0,0.0,FSG,2021-05-04 00:00:00+10:00,Telecommunication Services,-0.032258033504347416,-0.032789790777483716,0.0,0.0,0.1520000010728836,0.9868421375111692,0.14900000244379044,1.0067114328877362,0.14025000147521496,1.069518747826698,0.10646000057458878,1.4089799469366937,0.07896000035107135,1.899696115672943,0.0609150000102818,2.4624477704201935,0.07065488265049885,1.1216114904340329,0.07278981417019068,1.1555024776375795,0.06215982809665836,0.9867566800937007,0.056195080184701346,0.8920692424443203,57.14286322496567,55.55555923485508,70.37037445848073,0.013936251251258053,0.014904389458280598,-0.0009681382070225453,0.16375729623457685,0.13424270865300403,0.06776334000332637,0.16843641110834273,0.1120635918420872,0.3459115443277401,0.16659754482283123,0.04632245632634634,0.7240070396979701,129773.2,1326913.85,0.8203696911226663,0.08023278979264553,-0.032258033504347416,0.0,0.42857152993987513,1.1126760711179933,-0.03225803350434739,0.0,0.42857152993987524,1.1126760711179933,20.000003973643615,26.3425964801939,47.36842862016545,49.56318987184767,-79.99999602635638,-52.63157137983455,0.014999998467309135,0.013571426981971377,15.384666328754179,55.08374271589071,80.2683693243633,85.85031798345028,0.18310389976889316,0.0333333002196432,HOLD,0,1
0.15000000596046448,0.1550000011920929,0.14499999582767487,0.14499999582767487,75289,0.0,0.0,FSG,2021-05-05 00:00:00+10:00,Telecommunication Services,-0.033333399560713795,-0.03390162018676693,-0.005000010132789612,-0.03333339956071379,0.1509999990463257,0.9602648790957272,0.14850000143051148,0.9764309389284794,0.14175000116229058,1.0229276517723858,0.10794000044465064,1.343338847789127,0.08005000032484531,1.8113678355935106,0.06144999999552965,2.359641917627718,0.07076195550864635,1.123311219362972,0.07366548968023735,1.1694033954102183,0.06057298537092929,0.9615663327613947,0.056591728424135394,0.8983658380414049,57.14285106074991,52.63157647072109,65.38461472332126,0.012819646602846957,0.01448744088719387,-0.0016677942843469126,0.16344434121110132,0.13355566164992164,-0.23420275865130752,0.16735324936907908,0.11614675295550209,0.12693681048338906,0.16815785092243068,0.04772214996687062,0.6154320536017656,120260.4,1251592.85,0.626049805255928,0.060154546264785703,-0.033333399560713795,-0.033333399560713795,0.2608695060634443,1.0422533954970583,-0.03333339956071379,-0.03333339956071379,0.26086950606344433,1.042253395497058,13.333322736950356,21.52777828655556,34.99999850988379,45.51169879457442,-86.66667726304965,-65.0000014901162,0.015714284564767565,0.01357142733676093,-47.05886752822258,33.41933963078019,79.98075839854235,84.42061462071317,0.18021766610462464,0.06896555622182587,BUY,0,0
0.1599999964237213,0.17000000178813934,0.15000000596046448,0.1599999964237213,760926,0.0,0.0,FSG,2021-05-06 00:00:00+10:00,Telecommunication Services,0.10344828294942299,0.09844007923616709,0.0,0.0,0.1509999990463257,1.0596026320148153,0.14950000047683715,1.070234086377217,0.1440000008791685,1.111111079492135,0.10976000040769578,1.4577259095245318,0.08125000029802322,1.9692307179919364,0.06202999997884035,2.579397009161703,0.0811855552169855,1.2887807349290767,0.08074780324967108,1.2818316378804173,0.06370884720969998,1.0113465961888644,0.05755381220642249,0.9136384446114453,53.84615031925166,57.142857142857146,66.66666482701712,0.012995302306446077,0.014189013171044313,-0.0011937108645982356,0.16613329768658175,0.13286670326709255,0.6312636523282202,0.16753049583429505,0.12046950592404196,0.6799685078900951,0.17067085597436615,0.048849144841025406,0.8248118590459631,265343.6,1243710.6,2.8677005965095828,0.6118191804427814,0.0,0.06666660043928618,0.3913042914889946,1.3188405859698222,0.0,0.06666660043928621,0.3913042914889946,1.3188405859698222,71.42855318224973,34.9206266309479,47.36841940153324,43.2456155105275,-28.571446817750264,-52.63158059846676,0.012499999787126268,0.014047618068399884,173.33329889510276,96.38041948431835,40.826459429731685,84.18307319839428,0.17750460646021224,-0.031249970896168877,HOLD,0,1
0.16500000655651093,0.16500000655651093,0.1550000011920929,0.16500000655651093,133026,0.0,0.0,FSG,2021-05-07 00:00:00+10:00,Telecommunication Services,0.03125006402842834,0.030771720754924695,0.0,0.0,0.1550000011920929,1.0645161631452178,0.1520000010728836,1.0855263512622861,0.14650000110268593,1.126279899758211,0.11170000046491622,1.4771710462824543,0.08252000037580728,1.9995153393732246,0.062635000012815,2.6343099947753212,0.06077264298592245,0.9647357991411878,0.07632467707423751,1.2116166866144724,0.0636138670286495,1.0098388325576277,0.05738174504297269,0.9109069630717145,61.53845977501085,59.09091278541138,67.85714342734032,0.013383690890439143,0.014027948714923279,-0.000644257824484136,0.16976388399532416,0.13423611815044306,0.7318222902271451,0.16755131786140276,0.1254486843439691,0.878805143918829,0.1733563899311515,0.05004361099868097,0.8644684930956468,243183.4,1160945.4,0.5470192455570569,0.11458420008382825,0.13793111244365175,0.17857147038591137,0.434782639681053,1.4264705527870318,0.13793111244365178,0.17857147038591134,0.43478263968105296,1.426470552787032,85.71429787850018,56.82539126590009,52.631588441183894,45.00000211753363,-14.285702121499824,-47.368411558816106,0.012142857270581382,0.014285713789008912,161.2466362754101,105.61800732664972,65.94466777701003,83.83199535189283,0.1749543303944646,-0.06060609070941536,SELL,0,2
0.16500000655651093,0.17000000178813934,0.1599999964237213,0.16500000655651093,291680,0.0,0.0,FSG,2021-05-10 00:00:00+10:00,Telecommunication Services,0.0,0.0,0.0,0.0,0.1570000022649765,1.050955440612239,0.1550000011920929,1.0645161631452178,0.14850000143051148,1.111111144559284,0.11354000061750412,1.4532323908678346,0.08379000045359135,1.969208803715179,0.06321500005200505,2.6101400999884596,0.056733272619990505,0.9006127824919483,0.07428218437381985,1.179193120174653,0.06174688398558995,0.9802013955541667,0.05690719502427649,0.9033737150669273,54.54546193445714,57.142857142857146,67.85714342734032,0.013535463246667934,0.01392945162127221,-0.00039398837460427605,0.16990712459622914,0.14009287778795665,0.6708205931697963,0.16852630166537483,0.12847370119564813,0.8239167960377899,0.17596868478667999,0.051111316448328246,0.8243006660136392,273476.6,1138851.05,1.0665629161690617,0.25611777764967597,0.0645161631452178,0.22222222222222232,0.3200000524520874,1.2602740956372869,0.06451616314521787,0.2222222222222222,0.3200000524520874,1.2602740956372869,85.71429787850018,80.95238297975003,50.00001241763486,50.00000675345066,-14.285702121499824,-49.99998758236514,0.011785714754036494,0.014285714143798464,161.65577050929215,130.92592697759207,61.93889306701013,83.11675586963534,0.17255707089266178,-0.06060609070941536,SELL,0,2
0.1599999964237213,0.16500000655651093,0.15000000596046448,0.16500000655651093,1186886,0.0,0.0,FSG,2021-05-11 00:00:00+10:00,Telecommunication Services,0.0,0.0,0.005000010132789612,0.031250064028428434,0.1600000023841858,1.0312500256113704,0.1560000017285347,1.0576923380016219,0.15050000175833703,1.096345545706086,0.11544000074267387,1.4293139769143866,0.08508000053465366,1.9393512637474104,0.06379000008106232,2.5866124211762678,0.051803133979188946,0.8223492578561629,0.05985192872297002,0.9501199133312542,0.06174688398558995,0.9802013955541667,0.056330723011803904,0.8942225055701789,75.0,57.142857142857146,65.38461670720355,0.01350012291896488,0.013843585880810742,-0.0003434629618458626,0.17219328339413612,0.1398067200629333,0.5557863448453745,0.16853505771469832,0.13246494580197574,0.8039900088615746,0.17824148453935912,0.05263851694598863,0.7891534215064663,489561.4,1156482.15,2.424386399744751,1.0262899431694645,0.10000000000000009,0.0645161631452178,0.3200000524520874,1.3571429407718227,0.1,0.06451616314521787,0.3200000524520874,1.3571429407718227,85.71429787850018,85.71429787850018,50.00001241763486,50.877204425484535,-14.285702121499824,-49.99998758236514,0.012499999787126268,0.014523809509617942,81.09760694522942,86.11991193950881,50.030833078089124,78.55529445793562,0.17030364696096717,-0.06060609070941536,SELL,0,2
0.1550000011920929,0.1550000011920929,0.15000000596046448,0.15000000596046448,182700,0.0,0.0,FSG,2021-05-12 00:00:00+10:00,Telecommunication Services,-0.09090909090909094,-0.0953101798043249,-0.004999995231628418,-0.03225803350434739,0.16100000441074372,0.931677030130906,0.1560000017285347,0.9615384890923835,0.15100000202655792,0.9933775095849499,0.11706000089645385,1.2813941979476653,0.08624000057578086,1.7393321539771602,0.06431500010192394,2.3322709433685804,0.06992688461434393,1.1100548798823768,0.06670307291295352,1.0588784556689026,0.06100837514577461,0.9684779311671214,0.058257920999716405,0.9248158251893822,44.44445180303984,50.0,58.62069107264305,0.012122005829271476,0.013499269870502888,-0.001377264041231412,0.17219328339413612,0.1398067200629333,-0.37052376979372403,0.16835087260646656,0.13364913144664928,-0.057633768950555164,0.17914672306483315,0.05497327872807455,0.5305483026576483,511043.6,1095081.8,0.3575037433205308,0.16683685182239352,0.034482829494228984,0.0,0.07142860944173757,1.1739131843209978,0.03448282949422888,0.0,0.07142860944173758,1.1739131843209978,42.85714893925009,71.42858156541682,25.000013969838932,41.66667960170289,-57.14285106074991,-74.99998603016107,0.012857143368039812,0.014761904875437418,-16.867440202653764,-3.5577791192230093,43.049409381598515,77.36854254736346,0.16818542846517423,0.06666660043928618,BUY,0,0
0.15000000596046448,0.15000000596046448,0.13500000536441803,0.14499999582767487,356763,0.0,0.0,FSG,2021-05-13 00:00:00+10:00,Telecommunication Services,-0.033333399560713795,-0.03390162018676693,-0.005000010132789612,-0.03333339956071379,0.15800000429153443,0.9177214676534278,0.15450000166893005,0.9385112897175739,0.15125000178813935,0.9586776470309133,0.11854000076651573,1.2232157490303759,0.08733000054955482,1.6603686581382258,0.06482500007376074,2.236791294449479,0.0464290495349666,0.7370383120717242,0.06334384019276662,1.0055522894272693,0.06160994848576857,0.9780276118850645,0.058666864124339184,0.9313075960381116,44.44443708585149,52.173910789994714,51.85184980779712,0.01050528073895654,0.012900472044193619,-0.0023951913052370783,0.1717884114723879,0.1372115918654722,-0.5495014260568418,0.1680694793270122,0.13443052424926652,-0.3715933474163871,0.17966578140611983,0.05741422012691165,0.4328778264144639,430211.0,1112919.95,0.8292744722938279,0.3205648348742423,-0.0937500058207662,-0.0937500058207662,0.035714251502436234,1.0422533954970583,-0.09375000582076622,-0.09375000582076622,0.03571425150243618,1.042253395497058,28.571404242999648,52.3809503535833,13.333322736950356,29.44444970814138,-71.42859575700035,-86.66667726304965,0.0132142858845847,0.014761904875437418,-115.26103198799451,-104.76819777916445,43.51850620023767,75.04264145157575,0.16619430307912886,0.034482829494228984,HOLD,0,1
0.14000000059604645,0.14499999582767487,0.14000000059604645,0.14499999582767487,104330,0.0,0.0,FSG,2021-05-14 00:00:00+10:00,Telecommunication Services,0.0,0.0,0.004999995231628418,0.03571425150243618,0.1540000021457672,0.9415584013461671,0.15450000166893005,0.9385112897175739,0.15125000178813935,0.9586776470309133,0.11974000066518783,1.2109570320875311,0.08840000052005052,1.6402714363648285,0.06533500004559756,2.2193310741023766,0.03964952410989227,0.6294166823810073,0.055720043716812086,0.8845282722979914,0.06114360274862883,0.9706246028123835,0.05254730289265876,0.8341625731269604,50.0,54.54544961945149,51.85184980779712,0.009118897483137656,0.012144157131982428,-0.003025259648844772,0.1717884114723879,0.1372115918654722,-0.5495014260568418,0.1680694793270122,0.13443052424926652,-0.3715933474163871,0.1805331412084717,0.05894686012190396,0.41550732429265214,424471.8,462908.6,0.24578782383187764,0.22537926493480573,-0.12121218141883072,0.0,0.0,0.7058822859117324,-0.12121218141883071,0.0,0.0,0.7058822859117324,28.571404242999648,33.3333191417498,13.333322736950356,17.222219814579883,-71.42859575700035,-86.66667726304965,0.012142857270581382,0.014999999886467344,-118.4505948855735,-108.93102849253549,48.176056914917275,74.73021913942623,0.1643226452162462,0.034482829494228984,HOLD,0,1
0.14499999582767487,0.15000000596046448,0.14499999582767487,0.14499999582767487,421373,0.0,0.0,FSG,2021-05-17 00:00:00+10:00,Telecommunication Services,0.0,0.0,0.0,0.0,0.15,0.9666666388511658,0.15350000113248824,0.9446253730156204,0.15125000178813935,0.9586776470309133,0.12088000059127807,1.1995366902582323,0.08947000049054622,1.620654912626229,0.06584500001743436,2.2021413287156495,0.03964952410989227,0.6294166823810073,0.0504440230517074,0.8007740407465638,0.06114360274862883,0.9706246028123835,0.052465781971179924,0.8328684686176695,20.000023841838015,44.44444260479529,50.0,0.007928780715950351,0.011301081848776014,-0.003372301132825663,0.1717878307975299,0.13521217146744657,-0.46479027093420866,0.1680694793270122,0.13443052424926652,-0.3715933474163871,0.18138082360555077,0.060379177577005366,0.3986721838594934,450410.4,353798.85,0.9355312399536067,1.1909959571660564,-0.12121218141883072,-0.06451616314521791,0.0,0.6477272342428686,-0.12121218141883071,-0.06451616314521787,0.0,0.6477272342428686,28.571404242999648,28.571404242999648,28.571404242999648,18.41268323896679,-71.42859575700035,-71.42859575700035,0.011071429720946721,0.01190476261434101,-73.39269560151034,-65.49080980964362,48.746951942635064,38.237256689029294,0.16256328682513652,0.034482829494228984,HOLD,0,1
0.14499999582767487,0.14749999344348907,0.14499999582767487,0.14499999582767487,743395,0.0,0.0,FSG,2021-05-18 00:00:00+10:00,Telecommunication Services,0.0,0.0,0.0,0.0,0.1459999978542328,0.9931506709503083,0.15300000011920928,0.9477123902921487,0.15100000128149987,0.9602648648814276,0.12202000051736832,1.1883297427706172,0.09056000046432018,1.6011483556120734,0.06635499998927116,2.185215821733399,0.03964952410989227,0.6294166823810073,0.04956754024316257,0.7868603075075653,0.06065585946443421,0.9628819182106583,0.052465781971179924,0.8328684686176695,0.0,47.05881837330204,50.0,0.006905996573955159,0.010422064793811844,-0.0035160682198566856,0.17197367451324408,0.13402632572517448,-0.4216370601389452,0.1680448368759784,0.13395516568702134,-0.3520131021837861,0.18213891813467928,0.06190108290005735,0.3822423327144127,361712.2,351751.5,2.0552112978218595,2.113409608772102,-0.12121218141883072,-0.033333399560713795,-0.033333399560713795,0.6477272342428686,-0.12121218141883071,-0.03333339956071379,-0.03333339956071379,0.6477272342428686,28.571404242999648,28.571404242999648,28.571404242999648,23.492043740983217,-71.42859575700035,-71.42859575700035,0.010892858462674277,0.011309524377187094,-74.37710398818078,-71.08174084882991,40.265215487770675,47.321798212650826,0.1609094899374934,0.13793111244365175,BUY,0,0
0.14499999582767487,0.14499999582767487,0.14000000059604645,0.14000000059604645,1024671,0.0,0.0,FSG,2021-05-19 00:00:00+10:00,Telecommunication Services,-0.034482726727597,-0.035091286779138975,-0.004999995231628418,-0.034482726727597,0.14399999678134917,0.9722222480922944,0.15250000059604646,0.9180327872056148,0.15050000101327896,0.9302325558369526,0.12312000051140785,1.1371020144129593,0.09159000046551227,1.5285511506112799,0.06680499998852611,2.0956515323717047,0.01857665586087797,0.2948952695946816,0.04964879038078007,0.7881501134563195,0.06114435882518406,0.9706366051556071,0.05247273689524664,0.8329788746144767,0.0,37.500006984916865,46.153844390395264,0.005627109132844504,0.009463073661618377,-0.0038359645287738726,0.17263841765543764,0.13236158353665528,-0.6207041975114358,0.1682408282424151,0.13275917378414281,-0.591855175726425,0.18248210768629175,0.06375789333652396,0.2843564840936193,530106.4,388177.25,1.9329534599091804,2.639698745869316,-0.06666669978035689,-0.034482726727597,-0.06666669978035689,0.6470588132171895,-0.06666669978035689,-0.034482726727597,-0.06666669978035689,0.6470588132171896,14.285702121499824,23.80950353583304,14.285702121499824,23.80950353583304,-85.71429787850018,-85.71429787850018,0.01053571594612939,0.01083333364554814,-107.59073500267554,-110.70441754932828,33.20307699814427,36.430126121752856,0.15935492086310887,0.14285711244661004,BUY,0,0
0.14000000059604645,0.14000000059604645,0.12999999523162842,0.12999999523162842,418033,0.0,0.0,FSG,2021-05-20 00:00:00+10:00,Telecommunication Services,-0.07142860944173757,-0.07410801309097856,-0.01000000536441803,-0.07142860944173758,0.1409999966621399,0.9219858036105536,0.14950000047683715,0.869565182722324,0.14950000047683715,0.869565182722324,0.12402000039815902,1.0482179875364535,0.09248000040650367,1.4057092848205281,0.06721999997273087,1.9339481595412897,0.0318106211174653,0.5049779551638767,0.03754549662188095,0.5960162814714761,0.0630941171479014,1.0015880589871382,0.053744776436522826,0.8531718763188215,0.0,40.00000397364124,42.85713981608989,0.003763283967488318,0.008323115722792365,-0.004559831755304047,0.17328142124143675,0.12571857971223754,-0.8199680514561994,0.16947367123407975,0.12952632971959455,-0.9762855051637351,0.1823791852742602,0.06566081552205785,0.10246878612450046,542360.4,385558.2,0.7707660810044391,1.0842280101940511,-0.10344828294942288,-0.1875000116415324,-0.13333339956071377,0.5294116925203272,-0.10344828294942289,-0.18750001164153243,-0.13333339956071377,0.5294116925203272,0.0,14.285702121499824,0.0,14.285702121499824,-100.0,-100.0,0.010178573429584503,0.011071428656578064,-159.66384461311614,-181.01964861446046,32.476876682886086,36.07873487521747,0.15789362593318743,0.3461538726056126,BUY,0,0
0.12999999523162842,0.15000000596046448,0.12999999523162842,0.13500000536441803,999093,0.0,0.0,FSG,2021-05-21 00:00:00+10:00,Telecommunication Services,0.03846161781683777,0.03774040439905826,0.005000010132789612,0.03846161781683767,0.13899999856948853,0.9712230701709624,0.14650000035762786,0.9215017408523094,0.14925000071525574,0.9045226446730521,0.12506000056862832,1.079481886699137,0.09340000044554472,1.4453961961502075,0.06766000000759959,1.99527054905786,0.0414140913013697,0.6574283181428853,0.03868877066240453,0.6141651942212044,0.06208206525525485,0.985522233256128,0.05367248674205464,0.8520243129953275,20.000023841838015,35.714296357966575,44.82758691563179,0.00265899686599258,0.007190291951432407,-0.004531295085439827,0.16913233320934232,0.12386766750591341,-0.5081223870538244,0.1698399860153364,0.12866001541517508,-0.6920838040026135,0.18227768152883456,0.06784231960842207,0.17372260862342168,721313.0,414986.75,1.385103276940801,2.4075298789660153,-0.068965453455194,-0.18181818181818177,-0.035714251502436234,0.626506150634049,-0.068965453455194,-0.18181818181818182,-0.03571425150243618,0.6265061506340489,12.50002328306055,8.928575134853459,12.50002328306055,8.928575134853459,-87.49997671693946,-87.49997671693946,0.010892859527042933,0.011547620097796122,-95.29061309734514,-112.47095791172185,40.28171724936302,39.35233636432336,0.1556621354770627,0.37037033357738114,BUY,0,0
0.15000000596046448,0.1550000011920929,0.14000000059604645,0.15000000596046448,1286523,0.0,0.0,FSG,2021-05-24 00:00:00+10:00,Telecommunication Services,0.11111111111111116,0.10536051565782635,0.0,0.0,0.14000000059604645,1.0714286094417376,0.14500000029802323,1.034482797601135,0.15000000074505807,1.0000000347693758,0.12640000075101854,1.1867089008641147,0.09446000050753355,1.5879738000689658,0.0681500000320375,2.201027232427719,0.07024033083503427,1.115030684378415,0.056610096029420735,0.8986574147359937,0.0661853469865975,1.0506598113783312,0.05547125556581808,0.8805788828379729,57.14286930706643,50.0,53.333334657880805,0.0029600939495064704,0.00634425235104722,-0.0033841584015407494,0.16385618597655466,0.1261438146194918,0.26516527508179794,0.16946657527733439,0.13053342621278174,2.679159809882434e-07,0.18272848476103432,0.07007151674100276,0.41897106986315524,894343.0,449906.45,1.4385118461261508,2.8595344654427604,0.034482829494228984,-0.09090909090909094,0.11111111111111116,0.8072290562600544,0.03448282949422888,-0.09090909090909091,0.1111111111111111,0.8072290562600544,50.00001862644844,20.833347303169663,50.00001862644844,20.833347303169663,-49.99998137355156,-49.99998137355156,0.011964288141046251,0.012023810119855972,-6.839516191315201,-13.04084472111606,49.07469899152707,49.1180251473255,0.12999999523162842,0.13333330021964307,BUY,0,0
0.15000000596046448,0.15000000596046448,0.14499999582767487,0.15000000596046448,306059,0.0,0.0,FSG,2021-05-25 00:00:00+10:00,Telecommunication Services,0.0,0.0,0.0,0.0,0.14100000262260437,1.0638298097195729,0.14350000023841858,1.0452962070470135,0.14975000098347663,1.0016694823061498,0.12774000093340873,1.1742602541443534,0.09552000056952238,1.5703518118311763,0.06867500005289912,2.1842010315969738,0.07024033083503427,1.115030684378415,0.056610096029420735,0.8986574147359937,0.05728581381319724,0.9093841020100117,0.05547125556581808,0.8805788828379729,57.14286930706643,53.33333863152166,55.1724130843682,0.0031622629585329465,0.005707854472544366,-0.002545591514011419,0.1568749389218764,0.13012506155496076,0.48598396417959916,0.1690741104789232,0.13042589148803005,0.012937464313517767,0.18303263375275758,0.07244736811405988,0.40258536973240644,806875.8,446980.65,0.37931364405773477,0.68472539023781,0.034482829494228984,-0.09090909090909094,-0.032258033504347416,0.8072290562600544,0.03448282949422888,-0.09090909090909091,-0.03225803350434739,0.8072290562600544,50.00001862644844,37.50002017865248,50.00001862644844,37.50002017865248,-49.99998137355156,-49.99998137355156,0.011607145624501365,0.011309525086766197,-6.839519557022827,-17.234824773473687,49.541038691813014,52.174525103338745,0.1304999953508377,0.10000000000000009,BUY,0,0
0.14499999582767487,0.1550000011920929,0.14499999582767487,0.1550000011920929,224369,0.0,0.0,FSG,2021-05-26 00:00:00+10:00,Telecommunication Services,0.0333333002196432,0.03278979077748378,0.01000000536441803,0.06896555622182589,0.14400000274181365,1.0763888766724665,0.14399999976158143,1.0763888989494723,0.15000000074505807,1.033333336147997,0.12920000091195105,1.199690403235557,0.0966300005838275,1.6040567138114508,0.06920500006526709,2.239722578511852,0.0662432773700327,1.051579427705876,0.04960698127649911,0.7874864145015248,0.0572249378276644,0.9084177256987966,0.05541799671800587,0.8797334248394233,62.500004656612106,46.15385144419701,50.0,0.0036834803150388173,0.005302979641043257,-0.0016194993260044395,0.15875729804014066,0.1292427014830222,0.7453939889859974,0.16946657527733439,0.13053342621278174,0.25685055368856197,0.1834074647245776,0.07499253709932449,0.4759492229579691,646815.4,452056.45,0.34688258813874867,0.4963296066232436,0.1071428609441738,0.0333333002196432,0.0333333002196432,0.8902438647650606,0.10714286094417376,0.033333300219643106,0.033333300219643106,0.8902438647650605,62.50000465661211,54.166680636502996,62.50000465661211,54.166680636502996,-37.49999534338789,-37.49999534338789,0.010535717010498047,0.010833335064706347,31.03301739538821,18.74219667859919,45.471035899859324,51.42511202798153,0.1309899954676628,0.0645161631452178,BUY,0,0
0.15000000596046448,0.1550000011920929,0.15000000596046448,0.1550000011920929,517830,0.0,0.0,FSG,2021-05-27 00:00:00+10:00,Telecommunication Services,0.0,0.0,0.004999995231628418,0.033333300219643106,0.14900000393390656,1.0402684369112354,0.14500000029802323,1.0689655232656299,0.14975000098347663,1.0350584318807152,0.13072000086307525,1.1857405153665055,0.0977400005981326,1.5858399861218568,0.06973500007763506,2.222700236890133,0.045401434066720724,0.7207254222374335,0.04788222863981059,0.7601068152028402,0.05523988864035864,0.8769060467597453,0.05497236399702824,0.8726592247047442,62.500004656612106,41.66666459706155,51.99999761581478,0.004049864508141238,0.005052356614462853,-0.0010024921063216154,0.16132993459326483,0.12867006600278164,0.6123723900703986,0.16879980182442714,0.13070020014252612,0.27559344333566854,0.18342331538114387,0.07801668634500664,0.46069209405593603,666774.8,476172.45,0.7766190323929458,1.087484166713131,0.19230774521122518,0.06896555622182587,-0.031249970896168877,0.9620252412455446,0.19230774521122512,0.06896555622182589,-0.03124997089616889,0.9620252412455447,62.50000465661211,58.333342646557554,62.50000465661211,58.333342646557554,-37.49999534338789,-37.49999534338789,0.010178573429584503,0.010833335064706347,58.899678547816805,35.68797460576209,48.22719414527192,53.565585756146895,0.1314701955821514,0.0645161631452178,BUY,0,0
0.1550000011920929,0.1599999964237213,0.1550000011920929,0.1550000011920929,78100,0.0,0.0,FSG,2021-05-28 00:00:00+10:00,Telecommunication Services,0.0,0.0,0.0,0.0,0.15300000309944153,1.0130718826936982,0.14600000083446502,1.0616438377136181,0.15025000125169755,1.031613976045419,0.13216000095009803,1.1728208238332185,0.09883000060915947,1.5683496937844563,0.07026500009000301,2.2059346900099928,0.048176628988911716,0.7647802758605132,0.04788222863981059,0.7601068152028402,0.050667319931752934,0.8043187688253863,0.05476886061347416,0.8694287086416785,71.42856534646678,41.66666459706155,47.82608977337544,0.004290765348798242,0.004900038361329931,-0.0006092730125316888,0.163511904136671,0.12848809753225904,0.5139361611535479,0.1692998018044611,0.13120020069893398,0.2493464394673816,0.18345723148691714,0.08086277041327891,0.4452482132656504,482576.2,467886.1,0.16183972603704866,0.16692096644888577,0.14814811135515904,0.06896555622182587,0.06896555622182587,0.8674699649580331,0.148148111355159,0.06896555622182589,0.06896555622182589,0.8674699649580331,71.42856534646678,65.47619155323034,62.50000465661211,62.50000465661211,-28.571434653533213,-37.49999534338789,0.00982142984867096,0.010595240053676423,112.54475260534156,73.66123854182194,46.5524133143354,53.787201752413246,0.13194079169435022,0.0645161631452178,BUY,0,0
0.1550000011920929,0.1550000011920929,0.14499999582767487,0.15000000596046448,1665531,0.0,0.0,FSG,2021-05-31 00:00:00+10:00,Telecommunication Services,-0.032258033504347416,-0.032789790777483716,-0.004999995231628418,-0.03225803350434739,0.15300000309944153,0.9803921759594526,0.14650000184774398,1.0238908127547877,0.1500000014901161,1.0000000298023222,0.13346000105142594,1.1239323001553492,0.09987000066787005,1.5019525879378726,0.07078000012785196,2.119242804316405,0.023191908014427838,0.36816012621157107,0.04951726130664676,0.7860621541343317,0.04891870314859042,0.7765603379457757,0.05513555812190898,0.8752498511239117,83.33334989017845,38.46154022498916,52.3809564356888,0.004031747694382332,0.004726380227940412,-0.0006946325335580802,0.16416981571470923,0.12883018798077872,0.1980781540242458,0.16891811189326045,0.13108189108697177,2.362999408499867e-07,0.1831483538561483,0.08377164824670358,0.33287488868953974,558377.8,544151.95,2.982803041238387,3.060782930209108,0.0,0.034482829494228984,-0.032258033504347416,0.7647059339140521,0.0,0.03448282949422888,-0.03225803350434739,0.7647059339140521,66.6666997803569,66.86508992781194,50.00001862644844,58.333342646557554,-33.33330021964311,-49.99998137355156,0.009464287332126073,0.010357145042646499,46.83098277721463,-0.44136139427678805,44.16685686014953,46.60144053464221,0.13306315988352507,0.10000000000000009,BUY,0,0
0.14499999582767487,0.15000000596046448,0.14499999582767487,0.15000000596046448,110317,0.0,0.0,FSG,2021-06-01 00:00:00+10:00,Telecommunication Services,0.0,0.0,0.005000010132789612,0.03448282949422888,0.15300000309944153,0.9803921759594526,0.14700000286102294,1.0204081839527432,0.1500000014901161,1.0000000298023222,0.13470000118017197,1.113585780595707,0.10091000072658061,1.4864731432010891,0.07129500016570091,2.103934435961016,0.023191908014427838,0.36816012621157107,0.04951726130664676,0.7860621541343317,0.04834562296455099,0.7674629720561711,0.055068587514655744,0.8741867256922535,80.00001192093322,50.0,47.36842435482697,0.0037828677919837517,0.00453767774074908,-0.000754809948765328,0.16476388913884593,0.12923611658319994,0.16888213831828228,0.16891811189326045,0.13108189108697177,2.362999408499867e-07,0.18282780888470668,0.08657219347563727,0.3179036301470866,519229.4,544344.7,0.21246293064298746,0.20266018939837205,0.0,0.034482829494228984,0.0,0.7045455315142628,0.0,0.03448282949422888,0.0,0.7045455315142628,66.6666997803569,68.25398830239352,50.00001862644844,54.166680636502996,-33.33330021964311,-49.99998137355156,0.008750002299036299,0.010119050031616575,28.308850768173098,-17.234828056048993,44.59955463936231,45.41094803221084,0.13414063334513293,0.10000000000000009,BUY,0,0
0.15000000596046448,0.1550000011920929,0.14499999582767487,0.1550000011920929,492724,0.0,0.0,FSG,2021-06-02 00:00:00+10:00,Telecommunication Services,0.0333333002196432,0.03278979077748378,0.004999995231628418,0.033333300219643106,0.15300000309944153,1.0130718826936982,0.1485000029206276,1.0437710312702115,0.15050000175833703,1.0299003281141597,0.13596000120043755,1.1400411872870304,0.10198000073432922,1.519905864639945,0.07182500017806888,2.158022983749616,0.023191908014427838,0.36816012621157107,0.04821595991507151,0.7654046349572291,0.04814491794564584,0.7642768786547378,0.05494561749005871,0.872234637069458,66.66666666666666,60.00000596046483,52.63157564517303,0.00394362682947072,0.004418867558493408,-0.00047524072902268774,0.16616981603798206,0.13083018980327313,0.36785891442628255,0.1693902705750825,0.13160973294159156,0.23821786113317758,0.18280662186078867,0.08911338054008643,0.40643273139592634,572900.4,565216.45,0.8600517646697401,0.8717439133273635,0.0,0.1071428609441738,0.06896555622182587,0.6847826183785901,0.0,0.10714286094417376,0.06896555622182589,0.6847826183785901,83.33334989017844,72.22224981696407,62.50000465661211,54.166680636502996,-16.666650109821553,-37.49999534338789,0.008392859782491411,0.010357145752225603,67.27491012572253,19.886343521852346,50.03301739002515,47.34561604459622,0.13517500786827646,0.0645161631452178,BUY,0,0
0.15000000596046448,0.15000000596046448,0.14499999582767487,0.15000000596046448,481686,0.0,0.0,FSG,2021-06-03 00:00:00+10:00,Telecommunication Services,-0.032258033504347416,-0.032789790777483716,0.0,0.0,0.15200000405311584,0.9868421181623622,0.1505000039935112,0.9966777540213999,0.15000000223517418,1.0000000248352683,0.13720000132918359,1.093294493493261,0.10300000078976154,1.4563107263138473,0.0723300002142787,2.07382836328062,0.027376072425313574,0.43458167706643547,0.0419342865307181,0.6656861614032338,0.04271096485789586,0.6780155476176698,0.054737228824382735,0.8689265695569187,50.0,54.54546439746334,52.63158390066229,0.0036257760075492085,0.004260249248304568,-0.0006344732407553592,0.16247219114756234,0.13852781683946008,-0.04176329910425304,0.16835326566243536,0.131646738807913,2.0297699715509562e-07,0.1821071634607204,0.09229283919764678,0.28503258775935597,565671.6,551254.45,0.8515294032792171,0.8737997489181267,-0.032258033504347416,0.15384624201870856,-0.062499941792337754,0.7045455315142628,-0.03225803350434739,0.15384624201870853,-0.06249994179233778,0.7045455315142628,66.6666997803569,72.22224981696407,50.00001862644844,54.166680636502996,-33.33330021964311,-49.99998137355156,0.008750003363404955,0.010357145752225603,15.344967887459884,-17.234829417967468,47.75011769730238,45.67974378230856,0.13616800741049426,0.10000000000000009,BUY,0,0
0.15000000596046448,0.15000000596046448,0.14499999582767487,0.14499999582767487,215175,0.0,0.0,FSG,2021-06-04 00:00:00+10:00,Telecommunication Services,-0.033333399560713795,-0.03390162018676693,-0.005000010132789612,-0.03333339956071379,0.15000000298023225,0.9666666196452255,0.15150000303983688,0.9570956628267998,0.14900000169873237,0.9731543233191015,0.13818000122904778,1.049355873049402,0.10397000074386596,1.3946330171227743,0.07281000019982457,1.9914846233996333,0.02945725181024278,0.46761937558385774,0.04361615572525435,0.6923850071621344,0.04247698676421297,0.6743012605289385,0.05390274109015393,0.8556794874554997,24.999981373544628,50.0,41.17647265067919,0.002936566993940598,0.003995512797431774,-0.0010589458034911759,0.15824948855807425,0.1447505175215995,-0.9630374336827203,0.16604483876560328,0.13195516463186147,-0.2346755123187473,0.18152897124190367,0.09483103121619188,0.1573277195883662,593086.6,555361.9,0.36280536434308247,0.3874500573409879,-0.06451616314521791,0.07407400048809576,-0.12121218141883072,0.5104166100758858,-0.06451616314521787,0.0740740004880958,-0.12121218141883071,0.5104166100758857,50.0,66.66668322351178,37.49999534338789,50.00000620881614,-50.0,-62.50000465661211,0.008750003363404955,0.0094047649985268,-9.929092437625538,-30.889357592540872,43.829379304748365,40.716978963518216,0.13712128697102333,0.13793111244365175,BUY,0,0
0.15000000596046448,0.15000000596046448,0.15000000596046448,0.15000000596046448,663995,0.0,0.0,FSG,2021-06-07 00:00:00+10:00,Telecommunication Services,0.034482829494228984,0.03390162018676702,0.0,0.0,0.15000000298023225,1.0000000198682144,0.15150000303983688,0.9900990293777223,0.14825000166893004,1.0118044133007331,0.13934000134468078,1.076503548965917,0.10499000079929828,1.428707541846852,0.07331500023603439,2.0459661116762753,0.03335746104796852,0.5295332778086924,0.027085197553446006,0.4299641816248393,0.04340543242200338,0.6890398784270456,0.05349696238182547,0.849237950158127,40.00001192092611,53.8461608999566,41.17647265067919,0.0027619844782707514,0.003748807133599569,-0.0009868226553288177,0.15824948855807425,0.1447505175215995,-0.22223872846594725,0.16356253927500072,0.13293746406285936,0.11428571387414208,0.18070371581475986,0.09797628687460169,0.2577139106666723,392779.4,573977.65,1.6905036262085027,1.1568307581314359,0.0,0.0,-0.09090909090909094,0.6304348442273915,0.0,0.0,-0.09090909090909091,0.6304348442273914,66.6666997803569,61.111133186904596,50.00001862644844,45.83334419876159,-33.33330021964311,-49.99998137355156,0.008928575686046056,0.009166669987496875,36.45839869567088,17.7012119357338,52.45738287659022,43.438390598307215,0.13803643534913124,0.10000000000000009,BUY,0,0
0.15000000596046448,0.15000000596046448,0.15000000596046448,0.15000000596046448,32736,0.0,0.0,FSG,2021-06-08 00:00:00+10:00,Telecommunication Services,0.0,0.0,0.0,0.0,0.15000000298023225,1.0000000198682144,0.15150000303983688,0.9900990293777223,0.14750000163912774,1.0169491816512195,0.14052000150084495,1.067463737249978,0.10601000085473061,1.4149608975667776,0.07383000027388334,2.031694506352664,0.03335746104796852,0.5295332778086924,0.027085197553446006,0.4299641816248393,0.04340543242200338,0.6890398784270456,0.0534275268874173,0.848135695855938,40.00001192092611,58.33333540293847,41.17647265067919,0.002593727698435161,0.003517791246566688,-0.0009240635481315269,0.15824948855807425,0.1447505175215995,-0.22223872846594725,0.16067893569149966,0.13432106758675583,0.18969700519040011,0.17955581079329225,0.10148419220839767,0.24285405199614324,377263.2,516270.15,0.08677231174416164,0.06340866308075335,0.0,0.0,-0.09090909090909094,0.6483517473208407,0.0,0.0,-0.09090909090909091,0.6483517473208408,66.6666997803569,61.111133186904596,57.14286930706643,48.21429442563425,-33.33330021964311,-42.85713069293357,0.008571433169501168,0.008690479255857923,31.674277112596908,31.733393632369125,59.68221303547099,41.7916485663483,0.13891497779211484,0.10000000000000009,BUY,0,0
0.15000000596046448,0.15000000596046448,0.15000000596046448,0.15000000596046448,32407,0.0,0.0,FSG,2021-06-09 00:00:00+10:00,Telecommunication Services,0.0,0.0,0.0,0.0,0.14900000393390656,1.0067114228198377,0.15100000351667403,0.9933774997819842,0.14750000163912774,1.0169491816512195,0.14174000158905983,1.0582757462875758,0.10703000091016293,1.4014762653918782,0.07434500031173229,2.0176206245410855,0.0280500122038498,0.4452801393822803,0.024500002899325322,0.38892548875185745,0.03826601455425275,0.6074541490567855,0.053237314798544697,0.8451161725548478,50.0,70.00000596046306,41.17647265067919,0.0024323444356188495,0.00330070188437712,-0.0008683574487582707,0.15732455908833157,0.1446754479450165,-0.15811349032821856,0.16067893569149966,0.13432106758675583,0.18969700519040011,0.1779114996323278,0.10556850354579186,0.22835671228004195,285199.8,508755.5,0.11362911194187374,0.0636985742660276,-0.032258033504347416,-0.032258033504347416,0.0,0.68539329605141,-0.03225803350434739,-0.03225803350434739,0.0,0.68539329605141,66.6666997803569,66.6666997803569,66.6666997803569,57.936529237957245,-33.33330021964311,-33.33330021964311,0.007857147072042738,0.007976193513189043,15.350970738004635,42.85720417467958,63.01463204787484,47.21576848240551,0.1397583785373791,0.06666660043928618,BUY,0,0
0.14499999582767487,0.1599999964237213,0.14000000059604645,0.15000000596046448,2641883,0.0,0.0,FSG,2021-06-10 00:00:00+10:00,Telecommunication Services,0.0,0.0,0.005000010132789612,0.03448282949422888,0.14900000393390656,1.0067114228198377,0.1505000039935112,0.9966777540213999,0.14775000214576722,1.0152284519933708,0.14290000170469283,1.0496851236604183,0.10805000096559525,1.3882462250808008,0.07486000034958123,2.0037403855195626,0.023978723998411163,0.3806504427387138,0.024500002899325322,0.38892548875185745,0.03742316452113564,0.5940743195758831,0.05316822843605692,0.8440194605500755,50.0,66.66666666666666,50.0,0.0022781855324366107,0.0030961986139890186,-0.0008180130815524079,0.15617646711885613,0.1448235408681663,-0.08808267084732477,0.16091894827774278,0.13458105601379167,0.17085678627191073,0.1761639449030449,0.10963605850634076,0.21344445586124575,717239.2,623011.5,3.6834057591944225,4.24050438876329,0.0,-0.032258033504347416,0.034482829494228984,0.6304348442273915,0.0,-0.03225803350434739,0.03448282949422888,0.6304348442273914,50.00003725291076,61.11114560454151,66.6666997803569,63.492089622593404,-49.99996274708924,-33.33330021964311,0.00785714600767408,0.008214288524218969,-8.974409379698109,44.916069900178606,39.068972336903904,37.7151815618155,0.1599999964237213,0.16666660043928627,BUY,0,0
0.1550000011920929,0.1599999964237213,0.1550000011920929,0.1550000011920929,939511,0.0,0.0,FSG,2021-06-11 00:00:00+10:00,Telecommunication Services,0.0333333002196432,0.03278979077748378,0.0,0.0,0.15100000500679017,1.0264900400839247,0.1505000039935112,1.029900312818435,0.1482500024139881,1.045531188318334,0.14420000165700914,1.0748959737238588,0.10912000097334384,1.4204545437087812,0.07540000036358833,2.0557029236692745,0.018576658361955562,0.2948953092980575,0.027085197553446006,0.4299641816248393,0.03805009673745496,0.6040265599755358,0.05304278104339435,0.8420280449284356,50.0,57.14285106074991,57.14286018391011,0.00253030355517353,0.002983019602225921,-0.0004527160470523912,0.15617646711885613,0.1448235408681663,0.7927466627043834,0.16173488964014582,0.1347651151878304,0.5005602690552184,0.17391703679948134,0.11448296651453693,0.3634278952562187,862106.4,664770.55,1.089785437157177,1.4132861330875743,0.06896555622182587,0.0,0.06896555622182587,0.7222221670327384,0.06896555622182589,0.0,0.06896555622182589,0.7222221670327386,75.00001862645537,63.88891855324101,83.33334989017844,72.22224981696407,-24.99998137354462,-16.666650109821553,0.00714285991021565,0.007976192803609939,171.92985318045535,148.63004907256465,36.87605388282614,43.47119143945448,0.14000000059604645,0.09677419664956521,BUY,0,0
0.1599999964237213,0.1599999964237213,0.15000000596046448,0.1525000035762787,1184904,0.0,0.0,FSG,2021-06-15 00:00:00+10:00,Telecommunication Services,-0.016129016752173708,-0.016260505111694693,-0.007499992847442627,-0.046874956344253337,0.151500004529953,1.0066006535737626,0.15075000375509262,1.011608622073596,0.1486250028014183,1.0260723344109057,0.14535000175237656,1.049191618422428,0.11016500100493432,1.38428722539065,0.07592750038951636,2.008494982633921,0.018111160999498513,0.28750576775595044,0.025353886932757887,0.40248047755756544,0.038309702413296814,0.6081476723188461,0.0528173862547403,0.8384500135829043,57.142844978653045,53.33333068423758,55.172418754250685,0.0024995665431769565,0.0028863289904161285,-0.00038676244723917204,0.1565475138382716,0.14495249367191365,0.30185369168456594,0.1621464308861666,0.13510357471667,0.2865822123649242,0.1715363456258193,0.11916365787893382,0.2730431502182101,966288.2,702947.1,1.2262428538400862,1.6856232851661241,0.0166666501098216,0.0166666501098216,0.05172419285802743,0.6052632156831743,0.016666650109821553,0.016666650109821553,0.05172419285802739,0.6052632156831743,62.500027939683065,62.500027939683065,75.00002483526767,75.00002483526767,-37.499972060316935,-24.99997516473233,0.0075000013623918805,0.008214287814639863,81.66671137017387,98.20894550797668,32.04838646135563,39.991857732421025,0.14040000051259993,0.180327888074596,BUY,0,0
0.1550000011920929,0.1550000011920929,0.1550000011920929,0.1550000011920929,280305,0.0,0.0,FSG,2021-06-16 00:00:00+10:00,Telecommunication Services,0.01639342660450316,0.01626050511169458,0.0,0.0,0.1525000035762787,1.0163934266045032,0.15125000327825547,1.0247933740995598,0.14912500306963922,1.0393964660621675,0.1463500018417835,1.0591048803652272,0.11127500101923943,1.3929454034809976,0.07648250039666891,2.0266073989239466,0.01880317324513338,0.29849112159291763,0.025741330199026514,0.40863094873572564,0.038412683229317506,0.6097824420928536,0.05104051299325829,0.8102430250159344,83.33334989017845,50.0,56.666669978035685,0.0026464297590487185,0.002838349144142647,-0.00019191938509392856,0.15759648133606907,0.14490352522044186,0.59087857543611,0.1628204710595627,0.13542953507971572,0.4289738858705839,0.1699367950872205,0.12276320859634651,0.3667306216788405,1015802.0,679792.6,0.27594452462192437,0.4123389986887177,0.0333333002196432,0.0333333002196432,0.06896555622182587,0.476190533632596,0.033333300219643106,0.033333300219643106,0.06896555622182589,0.47619053363259595,75.00001862645537,70.83335506419793,83.33334989017844,80.55557487187484,-24.99998137354462,-16.666650109821553,0.006964286523205894,0.008095239599545797,88.24787844947097,101.62366434387357,32.50395654473577,39.46161240712303,0.14079200043082235,0.12903223015391263,BUY,0,0
0.1550000011920929,0.1550000011920929,0.1550000011920929,0.1550000011920929,174269,0.0,0.0,FSG,2021-06-17 00:00:00+10:00,Telecommunication Services,0.0,0.0,0.0,0.0,0.15350000262260438,1.0097719774844331,0.15125000327825547,1.0247933740995598,0.14987500309944152,1.034195149202105,0.14715000182390214,1.05334691995169,0.11238500103354454,1.3791876119290036,0.077022500410676,2.012398979072984,0.01880317324513338,0.29849112159291763,0.023523370736861497,0.3734219338062584,0.03735241092299206,0.5929511410255774,0.04951321306404603,0.7859978902753213,75.0,50.0,56.666669978035685,0.0027313347884747874,0.0028169462730090753,-8.561148453428789e-05,0.15759648133606907,0.14490352522044186,0.59087857543611,0.16310127431166022,0.13664873188722282,0.3874862393504228,0.1690498219641571,0.12525018168364718,0.35845040360680136,1044174.4,637272.5,0.16689644948200225,0.27346072519997333,0.0333333002196432,0.0,0.1071428609441738,0.34782607287224865,0.033333300219643106,0.0,0.10714286094417376,0.34782607287224865,75.00001862645537,70.83335506419793,83.33334989017844,80.55557487187485,-24.99998137354462,-16.666650109821553,0.0066071440066610065,0.007976192094030835,81.09757907389523,93.465892355006,28.46035489612578,41.6346380174885,0.14117616035068034,0.12903223015391263,BUY,0,0
0.1550000011920929,0.1550000011920929,0.1550000011920929,0.1550000011920929,145559,0.0,0.0,FSG,2021-06-18 00:00:00+10:00,Telecommunication Services,0.0,0.0,0.0,0.0,0.15450000166893005,1.0032362428334096,0.15175000280141832,1.0214167929533917,0.15112500339746476,1.0256410104715548,0.14795000180602075,1.0476512287935995,0.11349500104784965,1.365698927362842,0.0775625004246831,1.9983884008820127,0.01880317324513338,0.29849112159291763,0.020600548005408312,0.3270235613637485,0.0327108330234797,0.5192683761473179,0.04951321306404603,0.7859978902753213,75.0,50.0,60.71428495402247,0.002766729500549625,0.0028069029185171855,-4.017341796756042e-05,0.15843747065766894,0.1450625349451677,0.4859834036640462,0.16064989976274066,0.14160010703218887,0.40682834185523303,0.16789098822058102,0.12800901539146048,0.3535431617828326,544909.6,623648.8,0.2671250423923528,0.23339898994434044,0.0333333002196432,0.0333333002196432,0.19230774521122518,0.34782607287224865,0.033333300219643106,0.033333300219643106,0.19230774521122512,0.34782607287224865,75.00001862645537,75.00001862645537,83.33334989017844,83.33334989017844,-24.99998137354462,-16.666650109821553,0.006250001490116119,0.007738097083000909,88.24787844947097,89.46831401752384,27.79374971398056,44.94888306788119,0.14155263707214116,0.09677419664956521,BUY,0,0
0.1525000035762787,0.1550000011920929,0.1525000035762787,0.1550000011920929,26842,0.0,0.0,FSG,2021-06-21 00:00:00+10:00,Telecommunication Services,0.0,0.0,0.002499997615814209,0.01639342660450326,0.15450000166893005,1.0032362428334096,0.1527500033378601,1.0147299365307125,0.1521250031888485,1.0188989182775916,0.14875000178813935,1.0420168022105656,0.11460500106215477,1.3524715305227417,0.07810250043869019,1.9845715607244432,0.011498648123966542,0.18253538009672926,0.0162123686114014,0.25736337305446605,0.032031159034154155,0.5084788860571906,0.04951321306404603,0.7859978902753213,75.0,58.33332505491078,70.83333747254461,0.002762930719405393,0.0027981084786948274,-3.517775928943423e-05,0.15772214322611444,0.14777786344960575,0.45252102812874495,0.15803551827622825,0.14621448810146875,0.48642088899885305,0.16636985611879349,0.13113014745748522,0.35471345487119665,362375.8,575036.25,0.07407227524575317,0.04667879633675268,0.0,0.06896555622182587,0.14814811135515904,0.34782607287224865,0.0,0.06896555622182589,0.148148111355159,0.34782607287224865,75.00001862645537,75.00001862645537,83.33334989017844,83.33334989017844,-24.99998137354462,-16.666650109821553,0.0057142866509301326,0.007380953856876918,57.613182078776575,66.46636944380651,34.19105215367297,46.2577902238853,0.14192158425917276,0.09677419664956521,BUY,0,0
0.1550000011920929,0.1550000011920929,0.1550000011920929,0.1550000011920929,0,0.0,0.0,FSG,2021-06-22 00:00:00+10:00,Telecommunication Services,0.0,0.0,0.0,0.0,0.1550000011920929,1.0,0.15325000286102294,1.011419238488739,0.1523750029504299,1.0172272235657769,0.14935000181198121,1.0378305946539228,0.11562500108033419,1.3405405383252853,0.07865750044584274,1.970568608378466,0.007331363254365668,0.11638178365277238,0.01302611867046782,0.20678322330283908,0.02074340341551299,0.3292913206952112,0.048161886925402034,0.764546252857362,75.0,58.33332505491078,68.18181695031709,0.00272846807640742,0.002784180398237346,-5.5712321829926286e-05,0.1579934148276034,0.1485065908944425,0.36893239368612873,0.158329875321211,0.1464201305796488,0.44081519774346817,0.16566357678384552,0.1330364268401169,0.34633729209300346,125395.0,510710.1,0.0,0.0,0.01639342660450316,0.0333333002196432,0.0333333002196432,0.24000000953674316,0.01639342660450326,0.033333300219643106,0.033333300219643106,0.24000000953674316,75.00001862645537,75.00001862645537,75.00001862645537,80.55557280227075,-24.99998137354462,-24.99998137354462,0.005357143070016589,0.006428572393599011,66.66666666666667,77.7777777777777,34.72335959326544,41.711475345580396,0.14228315250246373,0.12903223015391263,BUY,0,0
0.1550000011920929,0.1550000011920929,0.1550000011920929,0.1550000011920929,35069,0.0,0.0,FSG,2021-06-23 00:00:00+10:00,Telecommunication Services,0.0,0.0,0.0,0.0,0.1550000011920929,1.0,0.1537500023841858,1.008130073421291,0.15262500271201135,1.0155610053259947,0.14995000183582305,1.0336778879255966,0.1166450010985136,1.3288182068015606,0.07920250045135617,1.9570089366975139,0.0,0.0,0.01302611867046782,0.20678322330283908,0.02074340341551299,0.3292913206952112,0.048161886925402034,0.764546252857362,50.0,50.0,56.24999534338615,0.0026703737768915548,0.002761419073968188,-9.104529707663336e-05,0.15799918125984583,0.14950082350852575,0.2941742027070906,0.15857987521449485,0.14667013020952785,0.3988328010534314,0.16474417009051204,0.13515583358113406,0.3413506774650384,76347.8,497160.6,0.4593321615030164,0.07053857445662429,0.0,0.0333333002196432,0.0333333002196432,0.24000000953674316,0.0,0.033333300219643106,0.033333300219643106,0.24000000953674316,75.00001862645537,75.00001862645537,75.00001862645537,77.77779571436305,-24.99998137354462,-24.99998137354462,0.004642856972558158,0.0054761916399002075,58.33333333333329,69.99999999999973,29.727030622087256,34.00253269096429,0.14263748938088888,0.09677419664956521,BUY,0,0
0.1550000011920929,0.1599999964237213,0.1550000011920929,0.1599999964237213,111710,0.0,0.0,FSG,2021-06-24 00:00:00+10:00,Telecommunication Services,0.032258033504347416,0.03174866827191641,0.004999995231628418,0.03225803350434739,0.1560000002384186,1.0256410011486503,0.15475000143051149,1.033925653923611,0.15287500247359276,1.046606664496109,0.15035000175237656,1.064183535476362,0.11769500106573105,1.3594459830487065,0.07976750044152141,2.0058293858790197,0.0144262311472379,0.22900931982915304,0.015800426682461684,0.25082399766301766,0.020658716034944073,0.3279469502061862,0.04542241003530203,0.7210584054156826,100.0,69.99997615814777,61.11110375251084,0.002993286708547205,0.002807792600883992,0.000185494107663213,0.15972214131876597,0.149777861542257,1.055882398967033,0.15961744187012414,0.14613256307706138,1.0567383006503501,0.1651276066939052,0.13557239681084793,0.6530147956673242,63836.0,491527.65,1.7499530045742215,0.22727103958444655,0.032258033504347416,0.06666660043928618,0.032258033504347416,0.14285711244661004,0.03225803350434739,0.06666660043928621,0.03225803350434739,0.14285711244660995,100.0,83.33334575097025,100.0,83.33334575097024,-0.0,-0.0,0.004285713391644614,0.005476190930321103,123.10834928169702,135.48382031515246,33.37653509106552,34.8017334430415,0.14298473952174554,0.0,HOLD,0,1
0.1550000011920929,0.1550000011920929,0.15000000596046448,0.15000000596046448,483595,0.0,0.0,FSG,2021-06-25 00:00:00+10:00,Telecommunication Services,-0.062499941792337754,-0.06453845904940003,-0.004999995231628418,-0.03225803350434739,0.1550000011920929,0.9677419664956526,0.15475000143051149,0.9693053607357804,0.15262500271201135,0.9828010043904799,0.1505500018596649,0.996346755945489,0.1185650011152029,1.2651288706581967,0.08029250046238304,1.8681695687225401,0.034510537688630084,0.5478378020114221,0.027050766737570172,0.4294176093673722,0.02517694103463788,0.3996715485059344,0.04637532407809402,0.7361854468839752,33.33333333333333,58.33335402940001,45.0000029802333,0.002414449604273672,0.002729124001561928,-0.00031467439728825614,0.15972214131876597,0.149777861542257,-0.9553221704939864,0.15940635967304526,0.14584364575097744,-0.38709018956386726,0.16502341356024988,0.13607659015907994,-0.0380004321426305,131443.2,489815.9,3.6791176721199723,0.9872995139602451,-0.032258033504347416,0.0,-0.032258033504347416,0.07142860944173757,-0.03225803350434739,0.0,-0.03225803350434739,0.07142860944173758,50.00003725291076,75.00001862645537,50.00003725291076,75.00001862645537,-49.99996274708924,-49.99996274708924,0.004642854843820844,0.005476190220741998,-54.90193973017692,-22.58059197606646,31.930315462976893,31.620791970084312,0.14332504465978504,0.13333330021964307,BUY,0,0
0.15000000596046448,0.1550000011920929,0.15000000596046448,0.15000000596046448,110281,0.0,0.0,FSG,2021-06-28 00:00:00+10:00,Telecommunication Services,0.0,0.0,0.0,0.0,0.1540000021457672,0.9740259991586457,0.15425000190734864,0.9724473523868288,0.1523750029504299,0.9844134737064579,0.1506500020623207,0.9956853893597204,0.11936500117182731,1.256649809306647,0.08083250049501657,1.8556892962838898,0.034510537688630084,0.5478378020114221,0.0244627790408121,0.388334578317072,0.02517694103463788,0.3996715485059344,0.04612635129121115,0.7322331264200866,33.33333333333333,50.0,45.0000029802333,0.0019334296552927233,0.002569985132308087,-0.0006365554770153639,0.16004750542205717,0.1484524983926401,-0.7330734575842371,0.1591563597958128,0.14559364610504702,-0.3502244527335941,0.16503572512410458,0.13626427900053684,-0.04518341546438958,148131.0,491424.95,0.7444829238984413,0.22441066535185078,-0.032258033504347416,-0.032258033504347416,-0.032258033504347416,0.034482829494228984,-0.03225803350434739,-0.03225803350434739,-0.03225803350434739,0.03448282949422888,50.00003725291076,66.6666915019405,50.00003725291076,66.66669150194052,-49.99996274708924,-49.99996274708924,0.004642853779452187,0.005476190220741998,-62.46716745712891,-20.643380939139792,24.09037835327119,27.798733628723923,0.14365854369506376,0.13333330021964307,BUY,0,0
0.15000000596046448,0.1550000011920929,0.15000000596046448,0.15000000596046448,89625,0.0,0.0,FSG,2021-06-29 00:00:00+10:00,Telecommunication Services,0.0,0.0,0.0,0.0,0.15300000309944153,0.9803921759594526,0.1540000021457672,0.9740259991586457,0.1523750029504299,0.9844134737064579,0.1507500022649765,0.9950249002106564,0.12011500120162964,1.2488032673676515,0.08137250052765012,1.8433746657385188,0.034510537688630084,0.5478378020114221,0.02402866307132352,0.38144320094450107,0.024101905971302028,0.38260589593636696,0.04612635129121115,0.7322331264200866,33.33333333333333,50.0,45.0000029802333,0.0015345287875122848,0.0023628938633489267,-0.0008283650758366418,0.1603245514345398,0.1476754528569946,-0.6324555320334927,0.1591563597958128,0.14559364610504702,-0.3502244527335941,0.165044643805852,0.13645536072410103,-0.05246695430364012,166056.0,412629.65,0.5397275617863854,0.2172044592529887,-0.032258033504347416,-0.01639342660450327,0.0,0.034482829494228984,-0.03225803350434739,-0.01639342660450326,0.0,0.03448282949422888,50.00003725291076,50.00003725291076,50.00003725291076,50.00003725291076,-49.99996274708924,-49.99996274708924,0.0049999962959970745,0.005476190220741998,-71.18641271062162,-16.09190337791919,24.09037835327119,27.171428437799037,0.1439853727496369,0.13333330021964307,BUY,0,0
0.15000000596046448,0.16500000655651093,0.15000000596046448,0.16500000655651093,176791,0.0,0.0,FSG,2021-06-30 00:00:00+10:00,Telecommunication Services,0.10000000000000009,0.09531017980432493,0.015000000596046448,0.1,0.15500000417232512,1.0645161426774419,0.155000002682209,1.0645161529113298,0.15312500298023224,1.0775510422540968,0.15105000227689744,1.0923535522630514,0.12106500126421452,1.3629042649279939,0.0819875005632639,2.0125019719218322,0.059104959981699214,0.9382621521720051,0.0400835298868128,0.6363063105007901,0.032832373764490025,0.5211977755965729,0.04797034671732376,0.761505646317494,66.66668322352001,68.75001164153895,62.500003104409224,0.0024010933541776802,0.0023705337615146775,3.055959266300276e-05,0.16442809113118007,0.14557191423323795,1.0606608039823058,0.1618420450620051,0.14440796089845936,1.362274434938089,0.1658992464494453,0.1362007581043496,0.9394420428080226,194400.4,415953.35,0.9094168530517427,0.42502602755813845,0.0645161631452178,0.0645161631452178,0.10000000000000009,0.10000000000000009,0.06451616314521787,0.06451616314521787,0.1,0.1,100.0,66.6666915019405,100.0,66.6666915019405,-0.0,-0.0,0.0060714249100003925,0.005714285231771923,185.05769989068614,165.45468968797937,26.494748225110968,34.627325420676925,0.1443056652231186,0.0,HOLD,0,1
0.16500000655651093,0.16500000655651093,0.1599999964237213,0.1599999964237213,256805,0.0,0.0,FSG,2021-07-01 00:00:00+10:00,Telecommunication Services,-0.030303090509739783,-0.030771720754924767,-0.005000010132789612,-0.030303090509739804,0.15500000417232512,1.0322580136568082,0.15550000220537186,1.028938869160955,0.15337500274181365,1.0431947420601515,0.15125000208616257,1.0578512014338626,0.12189500123262405,1.312605068343843,0.08258750054985285,1.9373391295107598,0.06085671850683001,0.9660704566592054,0.04177908970880532,0.6632224882329409,0.03305330275561692,0.5247049146041299,0.04820004630196679,0.7651520141808157,57.14285106074991,61.11110375251084,57.69230063850331,0.002653801612577056,0.0024271873317271535,0.00022661428084990234,0.1654442883087285,0.1455557161020152,0.45252059037506,0.16259097659218394,0.14415902889144336,0.7188598610923221,0.166309409749538,0.13619059442278714,0.5810317731711838,223419.4,404157.4,1.1494301748191966,0.6354083829715848,0.0,0.032258033504347416,0.032258033504347416,0.06666660043928618,0.0,0.03225803350434739,0.03225803350434739,0.06666660043928621,66.66660043928621,72.22221256406566,79.99996423722166,76.66666716337748,-33.33339956071379,-20.00003576277834,0.004999997360365731,0.005714285231771923,193.2291512173797,177.9951170955135,51.66938110442486,37.33438256158186,0.1451334388764543,0.06250003492459744,BUY,0,0
0.16500000655651093,0.18000000715255737,0.16500000655651093,0.17499999701976776,1253844,0.0,0.0,FSG,2021-07-02 00:00:00+10:00,Telecommunication Services,0.09375000582076631,0.0896121640115306,0.009999990463256836,0.0606060003993511,0.1600000023841858,1.093749965075404,0.15750000178813933,1.1111110795742625,0.15462500229477882,1.1317703762173328,0.15175000190734864,1.1532124864592388,0.12289500117301941,1.4239797823297273,0.08326250053942204,2.101786469130975,0.05992570829972998,0.9512911278029089,0.05042024168685489,0.8003965232831391,0.03782504581542313,0.6004539873434038,0.04989811034267271,0.7921079451526316,69.99999701976759,68.18181695031709,63.33333002196431,0.0040181309040264734,0.0027453760461870176,0.0012727548578394558,0.1733113854815373,0.14168861809474137,1.1067972020017158,0.1678313574088899,0.14141864718066774,1.5428174200175868,0.16823283237516354,0.13526717143953373,1.410558408509878,377469.2,442765.3,3.3217120761111105,2.831847933882804,0.16666660043928627,0.12903223015391263,0.16666660043928627,0.16666660043928627,0.16666660043928622,0.12903223015391266,0.16666660043928622,0.16666660043928622,83.3333002196431,83.3333002196431,87.49997671693946,89.16664698472037,-16.666699780356893,-12.50002328306055,0.0057142845221928185,0.006190475963410877,288.5965260616568,326.0275054747787,57.24120735713743,43.93184464102307,0.14592810158365657,0.028571486959652947,HOLD,0,1
0.1850000023841858,0.1850000023841858,0.17499999701976776,0.1850000023841858,456028,0.0,0.0,FSG,2021-07-05 00:00:00+10:00,Telecommunication Services,0.057142888769811995,0.05556988107220004,0.0,0.0,0.16700000166893006,1.1077844343435392,0.16050000190734864,1.1526479762347928,0.15662500262260437,1.1811651989558294,0.15265000194311143,1.2119226991764491,0.12399500116705894,1.4919956501708853,0.08399750055745243,2.202446515151363,0.05753407314346396,0.913325096701235,0.05195750606572758,0.824799838758271,0.03798148808993489,0.6029374314607762,0.04937479030365379,0.7838004970765876,72.72727519027426,75.99999904632568,71.87499417923486,0.005838980424642287,0.003364096921878072,0.002474883502764215,0.1838095106473403,0.13719049316735699,1.051073222954844,0.17485416940706028,0.13839583583814846,1.5565714054345527,0.1712875224173784,0.13401248146884445,1.7357459371132729,446618.6,454807.95,1.0210680880733585,1.002682560847936,0.23333330021964316,0.19354839329913043,0.2758621221206716,0.3214285828325212,0.2333333002196431,0.1935483932991305,0.2758621221206717,0.3214285828325213,100.0,83.3333002196431,100.0,89.16664698472037,-0.0,-0.0,0.005714285586561475,0.006190475963410877,253.5381470930238,323.4621021475864,84.76534369603851,49.630569750507604,0.14797241591779062,0.0,HOLD,0,1
0.1850000023841858,0.1850000023841858,0.17000000178813934,0.17000000178813934,1037415,0.0,0.0,FSG,2021-07-06 00:00:00+10:00,Telecommunication Services,-0.0810810832580221,-0.08455739039708711,-0.015000000596046448,-0.08108108325802206,0.17100000083446504,0.9941520523892059,0.16200000196695327,1.0493827143460035,0.1576250024139881,1.0785091145733936,0.15335000187158584,1.1085751530051893,0.12497500121593476,1.360272055484195,0.08466750057414174,2.007854260907035,0.08008473020489766,1.271305679615172,0.06082734445639266,0.9656041580644701,0.04298904454348964,0.6824299257741108,0.05057347598491571,0.802829042353106,66.66665838824616,60.0,63.88889164836307,0.006002449597809045,0.003891767457064267,0.0021106821407447783,0.1856643181216243,0.13833568581228226,0.3380617368741068,0.17650655569595047,0.13874344913202574,0.6554015545941932,0.17191071404542935,0.13478928969774234,0.897056091415358,636176.6,473478.95,1.6307028582943792,2.1910477751967643,0.13333330021964307,0.09677419664956521,0.13333330021964307,0.2592592224662702,0.1333333002196431,0.09677419664956526,0.1333333002196431,0.25925922246627015,57.14285106074991,80.15871709346435,66.66666666666667,84.72221446120204,-42.85714893925009,-33.333333333333336,0.00660714294229235,0.006666665985470726,135.24245343543734,187.68116708839486,59.94571320410605,44.71991448150585,0.15093462283510223,0.08823529669570251,BUY,0,0
0.17499999701976776,0.17499999701976776,0.1550000011920929,0.16500000655651093,511185,0.0,0.0,FSG,2021-07-07 00:00:00+10:00,Telecommunication Services,-0.029411736347271344,-0.029852933931718725,-0.009999990463256836,-0.05714280362031807,0.17100000083446504,0.9649123143352358,0.16300000250339508,1.0122699633276029,0.15837500244379044,1.0418311224024877,0.1535500019788742,1.0745685732990877,0.125945001244545,1.3100957157968784,0.08527250060811639,1.934973237325304,0.07139932265251227,1.1334291091020483,0.06211189101610742,0.9859957025314031,0.043742721593018924,0.6943941780255792,0.04644284805350722,0.7372573567628419,61.53845977501085,56.25000349245973,58.333334713070656,0.005663259733831971,0.004246065912417808,0.001417193821414163,0.1861900356964525,0.13980996931033765,0.08624412205302925,0.177172746554832,0.13957725833274887,0.35243612603647717,0.1723965911363341,0.1347034128214143,0.6075372303165295,703055.4,497401.4,0.7270906389453804,1.0277112207565158,0.0,0.0645161631452178,0.10000000000000009,0.0645161631452178,0.0,0.06451616314521787,0.1,0.06451616314521787,42.85714893925009,66.66666666666667,55.5555665934523,74.07407775337299,-57.14285106074991,-44.4444334065477,0.008035714072840554,0.0073809510185605005,37.978443866997615,70.73170448044515,53.02938096422823,38.53735690984828,0.15365985319902892,0.15151509130844198,BUY,0,0
0.17000000178813934,0.17499999701976776,0.16500000655651093,0.16500000655651093,301314,0.0,0.0,FSG,2021-07-08 00:00:00+10:00,Telecommunication Services,0.0,0.0,-0.004999995231628418,-0.029411736347271383,0.17200000286102296,0.9593023477437493,0.16350000351667404,1.009174330321552,0.15912500247359276,1.0369206849432298,0.15385000199079513,1.0724732169089144,0.12688500128686428,1.300390155519449,0.08587750064209104,1.9213415076455969,0.06922270655977936,1.0988763998158542,0.06154631300165299,0.9770174298918903,0.043742721593018924,0.6943941780255792,0.04617630696172113,0.7330261481045679,61.53845977501085,56.25000349245973,58.333334713070656,0.005332974116940142,0.004463447553322275,0.0008695265636178675,0.18661805474620835,0.14038195228713973,0.06488449328810923,0.17771156941068733,0.1405384355364982,0.3160887162649163,0.1729418865534816,0.13475811742810864,0.5840180171373737,711957.2,510846.75,0.4232192609331011,0.5898324693266621,0.03125006402842834,0.03125006402842834,0.10000000000000009,0.10000000000000009,0.031250064028428434,0.031250064028428434,0.1,0.1,42.85714893925009,47.6190496464167,55.5555665934523,59.25926661785709,-57.14285106074991,-44.4444334065477,0.008749999105930328,0.007857141040620349,56.70252089207003,90.769239868638,56.076845312180204,40.54685848464817,0.15616706513384146,0.09090909090909083,BUY,0,0
0.1599999964237213,0.17000000178813934,0.1599999964237213,0.16500000655651093,326172,0.0,0.0,FSG,2021-07-09 00:00:00+10:00,Telecommunication Services,0.0,0.0,0.005000010132789612,0.031250064028428434,0.17000000476837157,0.9705882466375619,0.1650000035762787,1.0000000180620132,0.1598750025033951,1.0320563188294993,0.15395000219345092,1.0717765781462916,0.1278150013834238,1.2909283321254152,0.08648250067606568,1.9079005031844,0.05033701175622356,0.7990752890946131,0.05695974048102281,0.9042078483333896,0.043742721593018924,0.6943941780255792,0.04525199708481694,0.7183531836926728,50.0,56.25000349245973,58.333334713070656,0.005013428700663791,0.004573443782790578,0.00043998491787321323,0.18608185181677334,0.14391815533578406,1.4136484589348216e-07,0.17811860178830274,0.14163140321848744,0.280920665548469,0.17322486867947465,0.1346751357074272,0.573285650049633,526422.8,395061.2,0.6196008227607163,0.8256239792720722,-0.057142803620318094,0.10000000000000009,0.10000000000000009,0.03125006402842834,-0.05714280362031807,0.1,0.1,0.031250064028428434,42.85714893925009,42.85714893925009,55.5555665934523,55.5555665934523,-57.14285106074991,-44.4444334065477,0.009285713945116316,0.008333331772259303,22.613797468147474,51.312904568341594,52.726166654370104,39.18740362762243,0.158473700113869,0.060606000399351156,BUY,0,0
0.16500000655651093,0.16500000655651093,0.16500000655651093,0.16500000655651093,0,0.0,0.0,FSG,2021-07-12 00:00:00+10:00,Telecommunication Services,0.0,0.0,0.0,0.0,0.16600000560283662,0.993975909562809,0.16650000363588333,0.9909910087290285,0.16037500277161598,1.0288386824939373,0.15435000240802765,1.0689990539833603,0.12875500142574312,1.2815036676588552,0.08708750071004033,1.894646249016629,0.03534635646141691,0.5611060136949009,0.05695974048102281,0.9042078483333896,0.04326576340949881,0.6868227015893512,0.043111796044332504,0.6843785454398518,55.55556659345229,56.25000349245973,58.333334713070656,0.004705939514684704,0.004599942929169403,0.00010599658551530087,0.18478782352316522,0.14821218374860143,-0.08202164547866966,0.17860417181477423,0.14214583372845774,0.2537144602666788,0.17369673303950517,0.13500327177655014,0.550480820317801,435217.2,348085.65,0.0,0.0,-0.10810808416175732,0.10000000000000009,0.0645161631452178,0.13793111244365175,-0.10810808416175734,0.1,0.06451616314521787,0.13793111244365178,42.85714893925009,42.85714893925009,42.85714893925009,51.32276070871823,-57.14285106074991,-57.14285106074991,0.009285713945116316,0.0073809510185605005,17.204335808464172,44.8619200145463,52.726166654370104,52.0332510035183,0.16059580429549433,0.030303000199675578,HOLD,0,1
0.16500000655651093,0.16500000655651093,0.16500000655651093,0.16500000655651093,0,0.0,0.0,FSG,2021-07-13 00:00:00+10:00,Telecommunication Services,0.0,0.0,0.0,0.0,0.16500000655651093,1.0,0.16800000369548798,0.9821428745655579,0.1610000029206276,1.0248447426293235,0.154550002515316,1.067615683410677,0.12971500150859355,1.2720194629576422,0.08771250074729324,1.8811458475216571,0.013153328361760646,0.20880261454794777,0.05695974048102281,0.9042078483333896,0.04302032695257038,0.6829265186231426,0.04206458148457909,0.6677545296732506,33.33334989017844,56.25000349245973,55.882356550454546,0.00441140024345113,0.004562234392025749,-0.00015083414857461862,0.1822984086986561,0.15370159869231986,-0.20981341193736955,0.1789472936587138,0.1430527121825414,0.22287506756631828,0.1741295126671023,0.1349704923635297,0.5337214240899455,227734.2,288840.45,0.0,0.0,-0.029411736347271344,0.10000000000000009,0.08196723073504653,0.0645161631452178,-0.029411736347271383,0.1,0.08196723073504641,0.06451616314521787,42.85714893925009,42.85714893925009,42.85714893925009,47.08995482398416,-57.14285106074991,-57.14285106074991,0.009285713945116316,0.006904760996500651,11.60865716422343,40.413980472752804,52.726166654370104,45.38335391855356,0.16254814014258964,0.09090909090909083,BUY,0,0
0.16500000655651093,0.16500000655651093,0.16500000655651093,0.16500000655651093,0,0.0,0.0,FSG,2021-07-14 00:00:00+10:00,Telecommunication Services,0.0,0.0,0.0,0.0,0.16500000655651093,1.0,0.16800000369548798,0.9821428745655579,0.1615000031888485,1.0216718470498711,0.15485000252723694,1.065547328793157,0.13065500155091286,1.262867893290826,0.08831750078126788,1.8682594626987836,0.0,0.0,0.047611445881683284,0.7558082721788661,0.042944164918266046,0.6817174838104584,0.04177314493198944,0.6631281178266134,0.0,53.333339956071384,57.57575976509266,0.00413036348971027,0.004475860211562654,-0.00034549672185238325,0.1822984086986561,0.15370159869231986,-0.20981341193736955,0.17930006182836083,0.14369994454933616,0.1966287549128164,0.17460384696486167,0.1350961580896122,0.5138242361543298,125497.2,274825.2,0.0,0.0,0.0,0.0,0.0645161631452178,0.10000000000000009,0.0,0.0,0.06451616314521787,0.1,42.85714893925009,42.85714893925009,42.85714893925009,42.85714893925009,-57.14285106074991,-57.14285106074991,0.008928571428571428,0.006428570974440802,7.4468385344434225,35.92718706285601,51.69864919822105,54.814521161150026,0.16434428912191734,0.09090909090909083,BUY,0,0
0.16500000655651093,0.16500000655651093,0.16500000655651093,0.16500000655651093,0,0.0,0.0,FSG,2021-07-15 00:00:00+10:00,Telecommunication Services,0.0,0.0,0.0,0.0,0.16500000655651093,1.0,0.16850000470876694,0.9792284981931878,0.16200000345706939,1.0185185372556893,0.15525000274181366,1.0628019558293462,0.13159500159323215,1.253847065305228,0.08892250081524253,1.8555484274934795,0.0,0.0,0.046344541833396445,0.7356967938983785,0.042944164918266046,0.6817174838104584,0.04145025686249013,0.6580024286273839,0.0,61.53845977501085,56.25000349245973,0.003863108329489273,0.004353309835147977,-0.0004902015056587041,0.18187493522207598,0.1551250741954579,-0.2616834643569369,0.1795918670560791,0.14440813985805967,0.1705335584576962,0.1749997141311527,0.13550029135247463,0.49367829344384,65234.4,266111.75,0.0,0.0,0.0,0.03125006402842834,0.0645161631452178,0.13793111244365175,0.0,0.031250064028428434,0.06451616314521787,0.13793111244365178,42.85714893925009,42.85714893925009,42.85714893925009,42.85714893925009,-57.14285106074991,-57.14285106074991,0.008214286395481654,0.006309523468925839,-2.972365776425371,31.9257069544588,56.819904718456556,52.46504616542005,0.1850000023841858,0.09090909090909083,BUY,0,0
0.17000000178813934,0.18000000715255737,0.1599999964237213,0.1599999964237213,1742703,0.0,0.0,FSG,2021-07-22 00:00:00+10:00,Telecommunication Services,-0.030303090509739783,-0.030771720754924767,-0.01000000536441803,-0.05882356034843122,0.164000004529953,0.9756097073430194,0.16450000554323196,0.9726443223837582,0.164000004529953,0.9756097073430194,0.1555500027537346,1.0286081233764548,0.13630500182509422,1.1738380417545673,0.09191750092431902,1.7406913244460218,0.013551954061621992,0.21513060135614095,0.009582678615301194,0.1521203070596625,0.04305529425202971,0.6834816072934761,0.03657823025270889,0.5806614038851622,0.0,28.571434653533203,52.94117337692186,0.0023316205682107627,0.003404949980665777,-0.0010733294124550142,0.1676622896119434,0.16133772147452052,-1.4230249470738705,0.18009184469770653,0.14790816436219947,-0.24857369104667787,0.17542948881115242,0.13567051669631677,0.22384852692538534,1111406.4,528004.35,1.568015984072073,3.300546671632535,-0.030303090509739783,-0.030303090509739783,0.0,0.06666660043928618,-0.030303090509739804,-0.030303090509739804,0.0,0.06666660043928621,12.49999068677231,23.611119734468712,22.222207505021693,32.8042336051685,-87.5000093132277,-77.77779249497831,0.008214285331112998,0.008571428202447436,-21.751486542808028,24.888838120453038,56.76399416866038,61.802536600849315,0.19499999284744263,0.09375000582076631,BUY,0,0
0.16500000655651093,0.17499999701976776,0.1599999964237213,0.17499999701976776,293388,0.0,0.0,FSG,2021-07-23 00:00:00+10:00,Telecommunication Services,0.09375000582076631,0.0896121640115306,0.009999990463256836,0.0606060003993511,0.16600000262260436,1.0542168328612898,0.16550000458955766,1.057401765358075,0.16525000408291818,1.0590014686593126,0.15615000277757646,1.1207172200249118,0.1373450017720461,1.2741635644682456,0.09256750090047718,1.890512278255377,0.04717583775975354,0.7488932076206302,0.03215377942116908,0.5104254243554385,0.045080810217949505,0.7156356764279634,0.03844512929910424,0.6102975074829166,74.999962747117,37.499995343387894,57.894736016556294,0.003032194264555449,0.003330398837443711,-0.00029820457288826227,0.17287865036301264,0.15812135881610268,1.287498102210947,0.18063112489012886,0.1498688832757075,0.6338935282452747,0.17653432190440732,0.1357656836507456,0.9247301381472187,1170084.0,518494.0,0.2507409724430041,0.5658464707402593,0.060606000399351156,0.060606000399351156,0.16666660043928627,0.20689656589884575,0.0606060003993511,0.0606060003993511,0.16666660043928622,0.20689656589884578,50.0,29.16666977107589,55.55555187625542,37.03703458417028,-50.0,-44.44444812374458,0.008571427847657884,0.00904761893408639,67.46975233143138,62.105192821088444,55.72975795256841,62.47750646953783,0.1942999929189682,-0.08571429057997104,SELL,0,2
0.18000000715255737,0.18000000715255737,0.17000000178813934,0.17000000178813934,199145,0.0,0.0,FSG,2021-07-26 00:00:00+10:00,Telecommunication Services,-0.028571401810159047,-0.028987509324886983,-0.01000000536441803,-0.05555558315029741,0.16700000166893006,1.0179640723905898,0.16600000411272048,1.02409637094167,0.16625000387430192,1.022556377903442,0.15665000289678574,1.0852218234566502,0.1381950017809868,1.2301458055448165,0.09319250090047718,1.8241811320171244,0.05069616750515513,0.8047767098562858,0.03399679027829583,0.5396823147047347,0.04581694558314407,0.7273214630734707,0.038724355528806,0.6147300864628189,59.99998807907389,50.0,61.11110651198823,0.0031476618513103516,0.0032938514402170395,-0.00014618958890668787,0.17388810800501983,0.15811190022042113,0.5070924179033457,0.1799670674768907,0.15253294027171313,0.2733819731746158,0.17714415442367948,0.136155851369892,0.6514052984254985,1209913.0,522937.2,0.16459447910717548,0.3808201061236416,0.030303000199675578,0.030303000199675578,0.13333330021964307,0.17241383917124886,0.03030300019967555,0.03030300019967555,0.1333333002196431,0.17241383917124878,37.500009313227686,33.333333333333336,44.44444812374458,40.740735835007236,-62.499990686772314,-55.55555187625542,0.008214285331112998,0.009047619643665496,158.547084555053,93.0513891065038,65.18832724794106,65.77443088623188,0.19361399298906326,-0.05882356034843117,SELL,0,2
0.17000000178813934,0.18000000715255737,0.17000000178813934,0.18000000715255737,76832,0.0,0.0,FSG,2021-07-27 00:00:00+10:00,Telecommunication Services,0.05882356034843128,0.05715844305791106,0.01000000536441803,0.05882356034843122,0.17000000178813934,1.0588235603484313,0.16750000417232513,1.0746268816051618,0.16775000393390654,1.0730253527950875,0.1573500031232834,1.1439466385744381,0.13911500185728073,1.2938935754550822,0.09389750093221665,1.916984002401693,0.05529008466998196,0.877702884026862,0.03816037138078759,0.6057771156685827,0.047194490306162774,0.7491893076153316,0.03948926786718822,0.6268726933955643,71.42856534646678,71.42856534646678,64.99999701976847,0.003999978344632421,0.0034350768211001163,0.0005649015235323048,0.17928511719210508,0.1557148911525452,1.060660424660538,0.1805130250685341,0.154986982799279,0.9598043511355763,0.17859709279975167,0.13610291344681513,1.0660285419870696,1225279.4,522297.55,0.06270569798202762,0.14710388742968447,0.09090909090909083,0.09090909090909083,0.19999999999999996,0.24137939539307474,0.09090909090909091,0.09090909090909091,0.2,0.24137939539307465,57.14289363550053,48.21430098290941,66.66668874246746,55.555562914155814,-42.85710636449947,-33.333311257532536,0.007500000298023224,0.009285715364274524,170.95718828251842,120.50903181222384,70.3335591615509,66.03304893444997,0.19294171305775643,-0.055555583150297405,SELL,0,2
0.18000000715255737,0.18000000715255737,0.17000000178813934,0.17499999701976776,494539,0.0,0.0,FSG,2021-07-28 00:00:00+10:00,Telecommunication Services,-0.02777783296726144,-0.028170933733023984,-0.005000010132789612,-0.02777783296726149,0.1719999998807907,1.0174418438433506,0.16850000321865083,1.0385756301302993,0.1682500034570694,1.0401188316434162,0.15795000314712523,1.1079455114461823,0.13998500183224677,1.25013390526995,0.09458250092342496,1.8502365163874204,0.058920206940764226,0.9353292885703437,0.03989002123020053,0.6332344558091845,0.042845124720740126,0.6801452694157446,0.03975671833378419,0.631118337931411,62.4999813735585,62.4999813735585,61.90475379528905,0.0042233026710339905,0.003592721991086892,0.0006305806799470986,0.18101665743446907,0.1559833490028326,0.5193076112067071,0.18133876753366016,0.15516123938047863,0.5157090098958019,0.1794662526201705,0.13643375367407998,0.7924240650770532,561321.4,538184.95,0.8810264493746364,0.9189015783514571,0.060606000399351156,0.060606000399351156,0.060606000399351156,0.20689656589884575,0.0606060003993511,0.0606060003993511,0.0606060003993511,0.20689656589884578,42.85714893925009,45.833350629326105,55.55555187625542,55.555562914155814,-57.14285106074991,-44.44444812374458,0.0075000013623918805,0.009523811084883553,109.8039284434449,87.49999999999982,63.98752696215457,62.997926330846184,0.1922828787250757,-0.028571401810159047,HOLD,0,1
0.17499999701976776,0.17499999701976776,0.17000000178813934,0.17499999701976776,317090,0.0,0.0,FSG,2021-07-29 00:00:00+10:00,Telecommunication Services,0.0,0.0,0.0,0.0,0.175,0.9999999829701015,0.1695000022649765,1.0324483462023393,0.16900000348687172,1.0355029195804848,0.15865000307559968,1.103057003638235,0.14088500179350377,1.2421478141176916,0.09526750091463328,1.8369327980649004,0.05473888804783819,0.8689529089127145,0.03989002123020053,0.6332344558091845,0.04210503136510694,0.6683966516198844,0.039363354428858216,0.6248738795283107,62.4999813735585,62.4999813735585,55.55554819696017,0.004350143067262724,0.0037442062063220588,0.0006059368609406652,0.18236683966555972,0.15663316486439327,0.4274550601332664,0.18181446558948897,0.15618554138425447,0.46822047502646236,0.1800597564298732,0.13724024972132615,0.7636703549835389,276198.8,541199.2,1.1480498829104255,0.5859025660052714,0.09375000582076631,0.060606000399351156,0.09375000582076631,0.24999997339078361,0.09375000582076622,0.0606060003993511,0.09375000582076622,0.2499999733907837,42.85714893925009,47.61906383800024,50.0,57.40741353957429,-57.14285106074991,-50.0,0.007142857781478337,0.0090476203532446,69.06661869046668,56.93775090193762,63.92640084277237,60.63656066729241,0.19163722107904863,0.0,HOLD,0,1
0.17499999701976776,0.17499999701976776,0.16500000655651093,0.17000000178813934,213603,0.0,0.0,FSG,2021-07-30 00:00:00+10:00,Telecommunication Services,-0.028571401810159047,-0.028987509324886983,-0.004999995231628418,-0.028571401810159033,0.17400000095367432,0.9770114991746469,0.17000000178813934,1.0,0.1687500037252903,1.00740739576447,0.1594500032067299,1.0661649317606547,0.14173500180244447,1.1994214528962415,0.09589750092476607,1.7727260893014147,0.03784262735848099,0.600733085686979,0.041408948438690876,0.6573466777288345,0.03717916226827641,0.5902009038934528,0.038106894881142966,0.6049282025543072,55.55554819696017,55.55554819696017,55.55555739520471,0.0040010851476281195,0.0037955819945832713,0.00020550315304484817,0.18247219180298938,0.1575278117732893,0.0,0.18126315185662245,0.15623685559395817,0.09989477066279717,0.1794318814453194,0.13946812496814037,0.5279783239312824,260241.8,489187.15,0.8207866683983895,0.4366488367488802,-0.028571401810159047,0.030303000199675578,-0.028571401810159047,0.30769236941309597,-0.028571401810159033,0.03030300019967555,-0.028571401810159033,0.30769236941309597,28.571446817750264,38.09524823208348,37.500009313227686,47.68518706316104,-71.42855318224973,-62.499990686772314,0.00785714281456811,0.00928571465469542,11.764683195452164,4.778136329113744,62.04487135734319,58.62217364097625,0.19100447658594208,0.0,HOLD,0,1
0.17000000178813934,0.17000000178813934,0.17000000178813934,0.17000000178813934,56687,0.0,0.0,FSG,2021-08-02 00:00:00+10:00,Telecommunication Services,0.0,0.0,0.0,0.0,0.17400000095367432,0.9770114991746469,0.1705000013113022,0.9970674514996047,0.16800000369548798,1.011904750289628,0.1601500031352043,1.0615048295979073,0.14260500185191632,1.1921040607304259,0.09654250092804433,1.7608825144776894,0.03552083825170082,0.5638758262473043,0.041408948438690876,0.6573466777288345,0.03459807392132449,0.5492273966259233,0.03782692816643549,0.6004838687393568,62.500004656612106,55.55554819696017,46.6666706403087,0.0036820103086251943,0.0037728676573916564,-9.085734876646207e-05,0.1824721909546519,0.1585278116679525,-0.0417634148854789,0.17794722969963067,0.1580527776913453,0.2010608879117084,0.1790592912975318,0.14124071497287682,0.5209079563639502,231750.2,469220.1,0.24460388815198433,0.12081110762305367,0.0,0.030303000199675578,-0.0810810832580221,0.2592592224662702,0.0,0.03030300019967555,-0.08108108325802206,0.25925922246627015,28.571446817750264,33.33334752491687,37.500009313227686,41.666672875485126,-71.42855318224973,-62.499990686772314,0.00785714281456811,0.008333333191417512,6.363614639948533,7.446789504736418,62.04487135734319,53.29162079278409,0.19038438698269766,0.0,HOLD,0,1
0.17499999701976776,0.17499999701976776,0.17499999701976776,0.17499999701976776,52366,0.0,0.0,FSG,2021-08-03 00:00:00+10:00,Telecommunication Services,0.029411736347271455,0.02898750932488704,0.0,0.0,0.1729999989271164,1.0115606826881771,0.17150000035762786,1.020408143760008,0.1682500034570694,1.0401188316434162,0.16065000295639037,1.0893245801388052,0.14352500185370445,1.2192997370461343,0.09721750091761351,1.8000873851722503,0.02402008262049308,0.3813069905102961,0.04215203907651138,0.6691428759043551,0.030115706770144447,0.4780720240244786,0.034807205281209536,0.5525472540435269,50.0,59.99998807907389,42.85713981608989,0.003788922686190105,0.0037760786631513463,1.2844023038758538e-05,0.1830950188104654,0.15990498190479033,0.3018534792657776,0.17864989835680783,0.15785010855733095,0.6490444016764184,0.17978459461553659,0.14151541129724415,0.7499503683695378,226857.0,419967.65,0.23083263906337473,0.1246905565226274,-0.02777783296726144,0.060606000399351156,0.029411736347271455,0.16666660043928627,-0.02777783296726149,0.0606060003993511,0.029411736347271383,0.16666660043928622,42.85714893925009,33.33334752491687,50.0,41.666672875485126,-57.14285106074991,-50.0,0.008214285331112998,0.008095237470808484,82.7271954875154,98.26917487331761,62.324716947411204,51.15845762186949,0.18977669917151813,-0.028571401810159047,HOLD,0,1
0.17000000178813934,0.17000000178813934,0.16500000655651093,0.17000000178813934,599938,0.0,0.0,FSG,2021-08-04 00:00:00+10:00,Telecommunication Services,-0.028571401810159047,-0.028987509324886983,0.0,0.0,0.1719999998807907,0.9883721041044331,0.1719999998807907,0.9883721041044331,0.16850000321865083,1.0089020684916075,0.16105000287294388,1.0555727957500027,0.1443950019031763,1.1773260815643218,0.09786750093102455,1.7370424315621653,0.024206909237530442,0.38427277111210634,0.04359833896604502,0.6921021748779123,0.030070321890526643,0.47735156139597074,0.03510196936071934,0.5572264887424337,50.0,54.54544961945149,50.0,0.0034306473203781496,0.0037069923945967074,-0.00027634507421855784,0.1827496789485784,0.161250320813003,-0.18605188862284452,0.17881095429873958,0.15818905213856208,0.14547625702396452,0.18011193067342365,0.1419880750724641,0.4695222334736886,247936.8,424405.3,2.419721477408759,1.4135968613021563,-0.028571401810159047,0.030303000199675578,0.030303000199675578,0.13333330021964307,-0.028571401810159033,0.03030300019967555,0.03030300019967555,0.1333333002196431,28.571446817750264,33.333347524916874,37.500009313227686,41.66667287548512,-71.42855318224973,-62.499990686772314,0.008928570364202772,0.007857141750199454,-42.62819342697024,-10.144927160650656,57.641220170448875,53.84717713162553,0.1891811651165622,-0.029411736347271344,HOLD,0,1
0.17000000178813934,0.18000000715255737,0.1599999964237213,0.1599999964237213,1067122,0.0,0.0,FSG,2021-08-05 00:00:00+10:00,Telecommunication Services,-0.05882356034843117,-0.0606246546866435,-0.01000000536441803,-0.05882356034843122,0.16899999976158142,0.9467455423043967,0.1719999998807907,0.93023253799194,0.16825000271201135,0.9509657880813748,0.16115000277757643,0.9928637521933996,0.14517500184476376,1.102118094648347,0.09846750091761351,1.6249015658231363,0.03339000889968277,0.5300499589367643,0.04688729870887262,0.744312792187661,0.03300088499695332,0.5238728084818861,0.03589260373513242,0.5697774203384905,16.666650109821546,46.1538391000434,46.1538391000434,0.0023131303258382696,0.00342821998084502,-0.0011150896550067503,0.1827496789485784,0.161250320813003,-1.116312717932983,0.17914422876986688,0.15735577665415582,-0.7572824581091914,0.18013468911903768,0.14216531643611519,-0.06057547294545423,397943.2,462695.7,2.6815937550886657,2.306314927932116,-0.08571429057997104,0.0,-0.030303090509739783,0.032258033504347416,-0.08571429057997108,0.0,-0.030303090509739804,0.03225803350434739,0.0,23.80953191900012,0.0,29.16666977107589,-100.0,-100.0,0.010357142559119634,0.007857142459778558,-78.54789773167828,-42.827080850237735,50.90444658849427,50.75108549733702,0.18859754174270538,0.09375000582076631,BUY,0,0
0.1599999964237213,0.17499999701976776,0.1550000011920929,0.17000000178813934,865775,0.0,0.0,FSG,2021-08-06 00:00:00+10:00,Telecommunication Services,0.06250003492459744,0.06062465468664365,0.01000000536441803,0.06250003492459733,0.16899999976158142,1.0059171717631283,0.17150000035762786,0.9912536526742823,0.16850000247359276,1.0089020729526794,0.16145000278949737,1.0529575648864478,0.1460850018262863,1.1637060592318096,0.09911750093102455,1.7151360777996374,0.04754934421495027,0.7548224387817972,0.040641712726781035,0.6451671883847483,0.03593269306527393,0.5704138187251802,0.03692154815097313,0.5861114065618294,42.85714893925009,53.33332935969129,53.33332935969129,0.002208943589091489,0.003184364702494314,-0.0009754211134028251,0.18209350181299783,0.1609064989022579,-0.14159610736902736,0.17930935311174756,0.15769065183543796,0.13876867952195882,0.18051193049744665,0.14238807508154808,0.44853800358693086,528377.6,489675.85,1.63855356472341,1.7680573791825756,0.0,-0.028571401810159047,0.030303000199675578,0.09677419664956521,0.0,-0.028571401810159033,0.03030300019967555,0.09677419664956526,37.500009313227686,22.023818710325983,37.500009313227686,25.00000620881846,-62.499990686772314,-62.499990686772314,0.011785713689667838,0.008333333191417512,-83.33335867544346,-40.57977981516332,50.90444658849427,49.165651572459,0.1880255908363257,0.029411736347271455,HOLD,0,1
0.17000000178813934,0.17000000178813934,0.16500000655651093,0.17000000178813934,195385,0.0,0.0,FSG,2021-08-09 00:00:00+10:00,Telecommunication Services,0.0,0.0,0.0,0.0,0.16899999976158142,1.0059171717631283,0.17150000035762786,0.9912536526742823,0.16875000223517417,1.0074074046601975,0.1617500028014183,1.0510046296373152,0.14695500187575816,1.1568167100012314,0.0997675009444356,1.7039617127707645,0.04754934421495027,0.7548224387817972,0.039568642909650904,0.6281327331315331,0.03593269306527393,0.5704138187251802,0.03692154815097313,0.5861114065618294,42.85714893925009,53.33332935969129,53.33332935969129,0.002102142657576578,0.002967920293510767,-0.0008657776359341893,0.18209350181299783,0.1609064989022579,-0.14159610736902736,0.17944923801404597,0.15805076645630237,0.11683073247470603,0.18086965673308153,0.14263034886975506,0.431493112595442,556117.2,499445.1,0.35133781152605964,0.39120415837496453,0.0,0.0,0.030303000199675578,0.09677419664956521,0.0,0.0,0.03030300019967555,0.09677419664956526,37.500009313227686,25.00000620881846,37.500009313227686,25.00000620881846,-62.499990686772314,-62.499990686772314,0.012142856206212724,0.008095237470808484,-58.333280423417,-13.548385070669669,51.943105652206654,51.943105652206654,0.1867045672505564,0.029411736347271455,HOLD,0,1
0.17000000178813934,0.17000000178813934,0.17000000178813934,0.17000000178813934,148,0.0,0.0,FSG,2021-08-10 00:00:00+10:00,Telecommunication Services,0.0,0.0,0.0,0.0,0.16800000071525573,1.0119047682402897,0.17049999982118608,0.9970674602136592,0.1690000019967556,1.0059171584589859,0.1621500027179718,1.0484119576847684,0.14780500188469886,1.1501640649533267,0.10042250094935298,1.6928477201924799,0.044885518652015954,0.7125355189283121,0.03393967495544636,0.5387756370628696,0.03593269306527393,0.5704138187251802,0.0365819693263597,0.580720759839245,50.0,53.33332935969129,53.33332935969129,0.0019945106724002237,0.0027732383692886586,-0.0007787276968884349,0.1792559497704584,0.16174404987191376,-0.05710380209383076,0.1795630941813196,0.1584369098121916,0.0946692288499623,0.1811024121820915,0.14319759325385212,0.4141953077274417,545673.6,499452.5,0.0002712244096104338,0.000296324475300454,-0.028571401810159047,-0.055555583150297405,0.030303000199675578,0.13333330021964307,-0.028571401810159033,-0.05555558315029741,0.03030300019967555,0.1333333002196431,59.99998807907389,45.00000223517642,37.500009313227686,37.500009313227686,-40.00001192092611,-62.499990686772314,0.010000000042574746,0.008095237470808484,-16.867452921309383,14.093948110945961,15.786003596178972,51.943883382146915,0.18543638460821785,0.0,HOLD,0,1
0.17000000178813934,0.17000000178813934,0.16500000655651093,0.16500000655651093,62856,0.0,0.0,FSG,2021-08-11 00:00:00+10:00,Telecommunication Services,-0.029411736347271344,-0.029852933931718725,-0.004999995231628418,-0.029411736347271383,0.16700000166893006,0.9880239814824431,0.16950000077486038,0.9734513616650268,0.1690000019967556,0.9763313882071938,0.16245000272989274,1.0156971608726786,0.14857500195503234,1.1105502566740653,0.10105750098824501,1.6327338885581952,0.044997375237110865,0.7143111871683085,0.03406423875270831,0.5407530260423715,0.036618190038753044,0.5812957458230592,0.036869012097179056,0.5852774225626065,42.85714893925009,53.333339956071384,50.0,0.0014885941336574837,0.002516309522162424,-0.0010277153885049402,0.17825594996776334,0.16074405158195743,-0.5139356247061007,0.1795630941813196,0.1584369098121916,-0.37867656272941846,0.18108971116762818,0.1438102942921573,0.13680492026665989,438257.2,502595.3,0.1434226294513815,0.1250628487771374,-0.029411736347271344,-0.057142803620318094,0.0,0.10000000000000009,-0.029411736347271383,-0.05714280362031807,0.0,0.1,40.00001192092611,45.83333643774256,25.00001862645538,33.33334575097025,-59.99998807907389,-74.99998137354463,0.008928570364202772,0.008333332481838408,-95.58225017895498,-54.4622198517354,23.06496355096651,51.59620655073852,0.18421892927157285,0.030303000199675578,HOLD,0,1
0.16500000655651093,0.17000000178813934,0.16500000655651093,0.17000000178813934,154723,0.0,0.0,FSG,2021-08-12 00:00:00+10:00,Telecommunication Services,0.030303000199675578,0.029852933931718787,0.004999995231628418,0.03030300019967555,0.16900000274181365,1.005917154024272,0.16900000125169753,1.0059171628937,0.16925000175833702,1.004431314753386,0.16275000274181367,1.0445468443882429,0.1493550019711256,1.1382277094476219,0.10171750100329519,1.671295500885655,0.034949553178516786,0.5548069568590945,0.03589155569388491,0.5697607831994627,0.03721315634856056,0.5907405431883341,0.03681985629044819,0.5844970983219787,42.85714893925009,46.15384968074834,52.94117337692186,0.0014741167598589788,0.002307870969701735,-0.0008337542098427564,0.17688810766275082,0.16111189484064425,0.1267732056758958,0.17964989944829998,0.15885010406837405,0.0721160969233533,0.18138314068538308,0.14411686479824426,0.38909168537700645,255777.4,510331.45,0.6049127092542187,0.3031813931906411,0.06250003492459744,-0.028571401810159047,0.030303000199675578,0.09677419664956521,0.06250003492459733,-0.028571401810159033,0.03030300019967555,0.09677419664956526,59.99998807907389,53.3333293596913,37.500009313227686,33.333345750970246,-40.00001192092611,-62.499990686772314,0.00821428426674434,0.008571427492868332,-51.85182654859797,-25.179847801118544,19.922050156323024,52.388493974430716,0.18305017214839364,0.0,HOLD,0,1
0.17000000178813934,0.1850000023841858,0.17000000178813934,0.18000000715255737,1663708,0.0,0.0,FSG,2021-08-13 00:00:00+10:00,Telecommunication Services,0.05882356034843128,0.05715844305791106,0.01000000536441803,0.05882356034843122,0.17100000381469727,1.0526315972929035,0.17000000178813934,1.0588235603484313,0.17000000178813934,1.0588235603484313,0.1633500027656555,1.1019283997857547,0.15027500204741956,1.1978040572294122,0.10242750104516744,1.7573406098542108,0.03365397919363032,0.5342403574445272,0.03926944513416819,0.623383115691027,0.03930129536540458,0.6238887224373354,0.037314800507731116,0.5923540941926595,62.500004656612106,57.14286018391011,57.894736016556294,0.0022436962623366696,0.002295036028228722,-5.133976589205254e-05,0.18054092983518957,0.1594590737410891,0.948683580779819,0.1812390319737233,0.1587609716025554,0.889756962949065,0.18223769370546117,0.14446231182584984,0.8815267276431396,415364.0,593516.85,4.005421750560954,2.803135243759297,0.05882356034843128,0.05882356034843128,0.09090909090909083,0.19999999999999996,0.05882356034843122,0.05882356034843122,0.09090909090909091,0.2,83.33334989017844,61.111116630059485,62.500027939683065,41.66668529312204,-16.666650109821553,-37.499972060316935,0.008571426783289229,0.00928571323553721,146.12800075996935,160.9375467116536,44.75205160818975,59.87098921244765,0.1550000011920929,-0.055555583150297405,SELL,0,2
0.18000000715255737,0.1850000023841858,0.18000000715255737,0.1850000023841858,152430,0.0,0.0,FSG,2021-08-16 00:00:00+10:00,Telecommunication Services,0.027777750183035854,0.027398947339175996,0.004999995231628418,0.027777750183035924,0.17400000393390655,1.0632183804688737,0.171500001847744,1.0787172034460206,0.17100000157952308,1.0818713489786258,0.16415000289678575,1.1270179660033883,0.15116500206291675,1.2238282661960769,0.10316250106319785,1.793287294099761,0.033481885396794205,0.5315084531128959,0.039744188816602105,0.630919438012342,0.03960203163929183,0.6286627627828666,0.037056126648021784,0.5882477739718749,85.71429787850018,53.84615031925166,59.99999701976803,0.0032199339962899753,0.002480015621840973,0.0007399183744490022,0.18568136889206124,0.15731863480342675,0.9519533973173272,0.18381446808868834,0.15818553507035782,1.0925153064038626,0.18325257108416235,0.14504743470940915,1.0914762498363009,406773.0,601138.35,0.3747298862018866,0.25356891637341056,0.08823529669570251,0.08823529669570251,0.1212120911087664,0.2758621221206716,0.0882352966957026,0.0882352966957026,0.12121209110876646,0.2758621221206717,100.0,81.11111265641745,75.00001862645537,58.33335195978871,-0.0,-24.99998137354462,0.008214283202375685,0.009523808246567136,199.4302627257635,206.2738009938856,45.67542961934544,60.45633659828248,0.15560000121593476,-0.0810810832580221,SELL,0,2
0.1850000023841858,0.1850000023841858,0.18000000715255737,0.1850000023841858,51737,0.0,0.0,FSG,2021-08-17 00:00:00+10:00,Telecommunication Services,0.0,0.0,0.0,0.0,0.17700000405311583,1.04519772964903,0.17250000238418578,1.0724637671143937,0.17200000137090682,1.075581400637581,0.16485000282526016,1.122232327652942,0.15209500208497048,1.2163450465047652,0.10388250106945635,1.7808581857351884,0.033481885396794205,0.5315084531128959,0.039166426651078154,0.6217477479708309,0.03960203163929183,0.6286627627828666,0.03682675911816254,0.5846066773148305,80.00001192093322,58.3333395421518,59.99999701976803,0.003948098215241558,0.0027736321405210903,0.0011744660747204675,0.1889991629399852,0.15600084182838636,0.7576143015110115,0.1859170504546216,0.15808295228719205,0.934106140970006,0.18439612710189715,0.14530387854862317,1.0308948860521898,417090.8,603725.2,0.1240425346231564,0.08569627373513646,0.08823529669570251,0.057142888769811995,0.1212120911087664,0.23333330021964316,0.0882352966957026,0.05714288876981205,0.12121209110876646,0.2333333002196431,100.0,94.44444996339281,75.00001862645537,70.83335506419793,-0.0,-24.99998137354462,0.007857139621462141,0.00976190325759706,158.90087659211994,173.19589956924884,50.78683781255673,60.45633659828248,0.15618800123929977,-0.10810808416175732,SELL,0,2
0.18000000715255737,0.1899999976158142,0.18000000715255737,0.1899999976158142,950418,0.0,0.0,FSG,2021-08-18 00:00:00+10:00,Telecommunication Services,0.02702700090373522,0.026668221646324243,0.009999990463256836,0.05555550036607185,0.1820000022649765,1.0439560178641667,0.17450000196695328,1.088825188963587,0.173250000923872,1.096681077071407,0.16565000265836716,1.1469966469464292,0.15308500207960607,1.2411405104009594,0.10462750105187296,1.815966124638824,0.020840470019061055,0.33083220525679846,0.03758698132851561,0.5966748307732828,0.039830174983864444,0.6322844261009485,0.03695216145047121,0.5865973776255279,83.33334161176,61.53846506536453,61.904757174234724,0.004872464693407658,0.003193398651098404,0.0016790660423092536,0.1941920761725788,0.15480792776132776,0.7871184867073561,0.18890247792280335,0.15759752392494064,1.0701179559686171,0.18597415995212885,0.14532584536460547,1.198081406549686,594603.2,460529.65,1.5984071394166732,2.0637498584510245,0.15151509130844198,0.11764703304297397,0.15151509130844198,0.26666660043928614,0.151515091308442,0.11764703304297398,0.151515091308442,0.2666666004392862,100.0,100.0,87.5000093132277,79.16668218871281,-0.0,-12.49999068677231,0.008214282138007028,0.010238093279656909,152.8964754830085,189.8118874712201,63.64935218143798,63.80783718039212,0.15676424126219748,-0.1315789019632202,SELL,0,2
0.19499999284744263,0.19499999284744263,0.17499999701976776,0.18000000715255737,922236,0.0,0.0,FSG,2021-08-19 00:00:00+10:00,Telecommunication Services,-0.05263152941442195,-0.054067168985500305,-0.014999985694885254,-0.07692300638503319,0.1840000033378601,0.978260890691627,0.17650000303983687,1.019830051288614,0.1742500014603138,1.0329985976703315,0.16625000268220902,1.0827067924722493,0.1539950021356344,1.1688691493638117,0.1053275010921061,1.708955451199323,0.04179781645095322,0.6635197660484796,0.03632368110449843,0.5766205614295129,0.041242844740925856,0.6547098632720276,0.03784781757897291,0.6008154778830063,62.50001396984674,57.14286322496567,56.52173969380574,0.004743436743979923,0.003503406269674708,0.001240030474305215,0.19352938774904854,0.1594706183306252,0.20552733833226802,0.18885893971443513,0.15964106320619248,0.39359504381651017,0.18645936505034774,0.1460406403140703,0.6803779466108273,748105.8,419506.3,1.2327614623493093,2.198384148223757,0.05882356034843128,0.12500006984919465,0.12500006984919465,0.19999999999999996,0.05882356034843122,0.12500006984919465,0.12500006984919465,0.2,62.500027939683065,87.50000931322768,62.500027939683065,75.00001862645537,-37.499972060316935,-37.499972060316935,0.00892856823546546,0.00976190325759706,94.5298913594727,127.27268321236407,55.433735211268626,41.894896823883094,0.15809367151634215,0.027777750183035854,HOLD,0,1
0.18000000715255737,0.18000000715255737,0.16500000655651093,0.17499999701976776,495359,0.0,0.0,FSG,2021-08-20 00:00:00+10:00,Telecommunication Services,-0.02777783296726144,-0.028170933733023984,-0.005000010132789612,-0.02777783296726149,0.18300000131130217,0.9562841298677066,0.17700000256299972,0.9887005338176755,0.1742500014603138,1.0043041351688298,0.16675000250339508,1.0494752287407294,0.15482500210404396,1.1303083781143177,0.1059975010715425,1.650982289682965,0.0350450740191373,0.5563233031949288,0.03361701077599397,0.5336535020079511,0.036412650722563084,0.5780329103313497,0.03811580781059048,0.6050696909229344,62.499990686772314,53.33333068423758,56.52173969380574,0.0041894290038470006,0.003640610816509167,0.0005488181873378336,0.19346545298500345,0.160534552140996,-0.12146679817268984,0.18885893971443513,0.15964106320619248,0.05133812919240576,0.18655131049182258,0.1469486945149676,0.4166388665432726,514436.0,429604.85,0.9629166699064606,1.1530572804287476,-0.02777783296726144,0.029411736347271455,0.0,0.16666660043928627,-0.02777783296726149,0.029411736347271383,0.0,0.16666660043928622,50.0,70.83334264656101,50.0,66.6666790843036,-50.0,-50.0,0.009999996849468775,0.009523807536988031,-8.641960455173981,-4.235982989682301,51.16280859204693,48.06025182863578,0.1603080507962082,0.0,HOLD,0,1
0.17499999701976776,0.17499999701976776,0.16500000655651093,0.17000000178813934,309292,0.0,0.0,FSG,2021-08-23 00:00:00+10:00,Telecommunication Services,-0.028571401810159047,-0.028987509324886983,-0.004999995231628418,-0.028571401810159033,0.1800000011920929,0.9444444481237435,0.17700000256299972,0.960451973596052,0.1742500014603138,0.9756097581833167,0.16705000251531602,1.0176593787991883,0.15562500208616256,1.0923694747584196,0.10664750108495355,1.5940364289709918,0.030598961619186304,0.48574345692706355,0.035119697769248934,0.5575079185030953,0.036412650722563084,0.5780329103313497,0.038141937157934215,0.605484481452886,50.0,46.66666931576241,47.6190496464167,0.0033087745564465976,0.0035742435644966534,-0.0002654690080500558,0.19346545298500345,0.160534552140996,-0.4251326623598386,0.18885893971443513,0.15964106320619248,-0.29091776542867487,0.18657732401428775,0.14752268101634428,0.15107034894563853,545808.4,435112.2,0.566667717096329,0.7108327461284698,-0.0810810832580221,0.0,0.0,0.09677419664956521,-0.08108108325802206,0.0,0.0,0.09677419664956526,37.500009313227686,50.00001241763692,37.500009313227686,50.00001241763692,-62.499990686772314,-62.499990686772314,0.010357139366013663,0.009285711816379003,-38.687398850646304,-48.71407440441604,48.452897296933884,44.38630128073064,0.16238956731928225,0.029411736347271455,HOLD,0,1
0.17499999701976776,0.18000000715255737,0.17000000178813934,0.18000000715255737,102726,0.0,0.0,FSG,2021-08-24 00:00:00+10:00,Telecommunication Services,0.05882356034843128,0.05715844305791106,0.005000010132789612,0.02857148695965302,0.17900000214576722,1.005586620082696,0.17800000309944153,1.011235977630846,0.1742500014603138,1.0329985976703315,0.16760000258684157,1.073985706290731,0.15647500216960908,1.1503435351127118,0.10734750112518668,1.6767973661785074,0.045939306880289854,0.7292638884475527,0.03965064963982226,0.6294345496147349,0.036412650722563084,0.5780329103313497,0.038858964374419346,0.6168669356413933,50.0,56.25000349245973,54.54545700845641,0.0033788175163976253,0.003535158354876848,-0.00015634083847922272,0.19377621424237265,0.1622237919565104,0.12677340807599363,0.18885893971443513,0.15964106320619248,0.39359504381651017,0.18700334679127206,0.14819665838241108,0.6390653299282519,556006.2,436406.9,0.1847569325665793,0.23539041202144145,-0.027027000903735332,0.05882356034843128,0.0,0.180327888074596,-0.027027000903735277,0.05882356034843122,0.0,0.1803278880745961,62.500027939683065,50.00001241763692,62.500027939683065,50.00001241763692,-37.499972060316935,-37.499972060316935,0.010357140430382319,0.009285711816379003,23.33336151482684,37.004445434178955,53.874929527402074,43.7249341317256,0.16434619285097188,-0.02777783296726144,HOLD,0,1
0.18000000715255737,0.18000000715255737,0.18000000715255737,0.18000000715255737,24389,0.0,0.0,FSG,2021-08-25 00:00:00+10:00,Telecommunication Services,0.0,0.0,0.0,0.0,0.17700000405311583,1.0169491696652238,0.17950000315904618,1.0027855375192845,0.17450000196695328,1.0315186540034864,0.16810000270605088,1.0707912210288033,0.1572250022739172,1.1448561268834432,0.10802750116214156,1.6662424402688925,0.04276410038467868,0.6788590479555683,0.03774094309803424,0.5991188980946293,0.03579675642579959,0.5682558914725144,0.03882182985518147,0.6162774434236371,42.85714893925009,64.28572340887513,50.0,0.003395189436400353,0.0035071645711815492,-0.00011197513478119602,0.1923668423611261,0.16663316395696626,0.03885989291218959,0.18933240023554226,0.1596676036983643,0.3708102416081703,0.1874664995698235,0.14873350584227826,0.6144634484085186,370800.4,412899.4,0.0657739312039577,0.059067656673756366,-0.05263152941442195,0.09090909090909083,0.028571486959652947,0.16129035979478323,-0.052631529414422,0.09090909090909091,0.02857148695965302,0.16129035979478312,62.500027939683065,54.16668839753127,62.500027939683065,54.16668839753127,-37.499972060316935,-37.499972060316935,0.00892856823546546,0.008809521084740049,49.05664409000315,75.46105046536051,64.72780124806792,43.34697545452814,0.16618542085076013,-0.02777783296726144,HOLD,0,1
0.17499999701976776,0.18000000715255737,0.17499999701976776,0.18000000715255737,235201,0.0,0.0,FSG,2021-08-26 00:00:00+10:00,Telecommunication Services,0.0,0.0,0.005000010132789612,0.02857148695965302,0.17700000405311583,1.0169491696652238,0.18050000369548796,0.9972299361069592,0.17475000247359276,1.0300429448048676,0.16860000282526016,1.0676156828959984,0.15787500232458115,1.140142546332247,0.10872750120237469,1.6555149816008652,0.03552083825170081,0.5638758262473041,0.03708494368275153,0.5887052302163782,0.03579675642579959,0.5682558914725144,0.03882182985518147,0.6162774434236371,42.85714893925009,58.3333395421518,52.63158472621308,0.0033693248217426253,0.003479596621293765,-0.0001102717995511396,0.19150505217505936,0.16949495521591657,-0.045433379403891944,0.18978505092581463,0.1597149540213709,0.34918442036605235,0.1878767198158101,0.14932328583471022,0.5913872332558421,233393.4,408804.95,1.0077448633937378,0.5753379453942522,0.0,0.05882356034843128,0.028571486959652947,0.16129035979478323,0.0,0.05882356034843122,0.02857148695965302,0.16129035979478312,50.00002483528001,58.333360238215384,62.500027939683065,62.500027939683065,-49.99997516471999,-37.499972060316935,0.007857140685830797,0.008571426073710123,24.70588673219792,50.891646387086915,61.850230623648024,44.808515103146085,0.16791429517056108,-0.02777783296726144,HOLD,0,1
0.18000000715255737,0.18000000715255737,0.17000000178813934,0.18000000715255737,312839,0.0,0.0,FSG,2021-08-27 00:00:00+10:00,Telecommunication Services,0.0,0.0,0.0,0.0,0.17800000607967376,1.0112359606998462,0.18050000369548796,0.9972299361069592,0.17525000274181365,1.0271041616914645,0.16910000294446945,1.0644589238219433,0.15852500237524508,1.1354676199687337,0.10942750124260783,1.6449247685322335,0.03199022364027099,0.5078290568249786,0.03217681076639077,0.5107910356263338,0.03507468829123493,0.5567934151903,0.03882182985518147,0.6162774434236371,33.33334989017844,58.3333395421518,52.63158472621308,0.003310663658443902,0.0034458100287237925,-0.00013514637027989057,0.19150505217505936,0.16949495521591657,-0.045433379403891944,0.19028505145485017,0.16021495402877714,0.31592876760187083,0.18823326241047078,0.1499667434784681,0.5696888304607264,196889.4,413766.75,1.5889072748456747,0.7560757359067639,0.028571486959652947,0.0,0.05882356034843128,0.16129035979478323,0.02857148695965302,0.0,0.05882356034843122,0.16129035979478312,50.00002483528001,54.166692536747696,62.500027939683065,62.500027939683065,-49.99997516471999,-37.499972060316935,0.00821428426674434,0.008809521794319153,-1.5503630974229743,28.340111370427813,57.011995136832404,44.79815322326674,0.16953943703117397,0.027777750183035854,HOLD,0,1
0.17499999701976776,0.18000000715255737,0.17499999701976776,0.18000000715255737,100031,0.0,0.0,FSG,2021-08-30 00:00:00+10:00,Telecommunication Services,0.0,0.0,0.005000010132789612,0.02857148695965302,0.18000000715255737,1.0,0.18000000417232515,1.0000000165568452,0.17575000301003457,1.0241820999700362,0.16960000306367873,1.061320777718228,0.15917500242590904,1.1308308742532718,0.11012750128284096,1.634469183953085,0.026306695923531034,0.41760585137675854,0.03072310078276028,0.48771410505574536,0.03507468829123493,0.5567934151903,0.03882182985518147,0.6162774434236371,50.0,58.3333395421518,55.55555923485508,0.0032269756967888696,0.003402043162336808,-0.0001750674655479384,0.19054092907793616,0.16945907926671414,2.827296707218647e-07,0.19071487628813166,0.16078512973193748,0.28399867232709525,0.18853490735055686,0.1506650987768006,0.5492504177106318,155037.2,415933.95,0.6452064407767941,0.24049731934601634,0.05882356034843128,-0.027027000903735332,0.05882356034843128,0.16129035979478323,0.05882356034843122,-0.027027000903735277,0.05882356034843122,0.16129035979478312,50.00002483528001,50.00002483528001,62.500027939683065,62.500027939683065,-49.99997516471999,-37.499972060316935,0.008571427847657884,0.008571427492868332,13.625307507783939,43.69064715714808,57.79047503782693,46.79989015127419,0.1710670703801501,0.027777750183035854,HOLD,0,1
0.18000000715255737,0.18000000715255737,0.17000000178813934,0.17499999701976776,96387,0.0,0.0,FSG,2021-08-31 00:00:00+10:00,Telecommunication Services,-0.02777783296726144,-0.028170933733023984,-0.005000010132789612,-0.02777783296726149,0.17900000512599945,0.977653586638637,0.17900000363588334,0.9776535947772813,0.17575000301003457,0.9957325406690093,0.17000000298023224,1.0294117291287161,0.1596750023961067,1.0959761665488768,0.11078750126063824,1.5796005418342585,0.012422624556486907,0.19720305124313048,0.03172998252011064,0.5036978571158356,0.03517728327260225,0.5584220600290674,0.039074112092085146,0.6202822997779143,50.0,58.33332505491078,52.63157647072109,0.0027257723464743366,0.003266788999164314,-0.0005410166526899772,0.1893279602774153,0.16867204699435137,-0.38729893578660907,0.19071487628813166,0.16078512973193748,-0.0501177642021557,0.1885164043975758,0.15148360156288868,0.2700305489625121,153769.4,418135.0,0.6268282246012535,0.2305164599949777,-0.02777783296726144,-0.05405408235428677,0.0,0.12903223015391263,-0.02777783296726149,-0.054054082354286784,0.0,0.12903223015391266,33.33331677648,44.444455482346676,50.0,58.33335195978871,-66.66668322352001,-50.0,0.008928571428571428,0.009047618224507286,-49.85757546024752,0.9928979293716825,57.41739032529294,46.20251950147475,0.19499999284744263,0.057142888769811995,BUY,0,0
0.18000000715255737,0.18000000715255737,0.17000000178813934,0.17000000178813934,160592,0.0,0.0,FSG,2021-09-01 00:00:00+10:00,Telecommunication Services,-0.028571401810159047,-0.028987509324886983,-0.01000000536441803,-0.05555558315029741,0.17700000405311583,0.9604519655102615,0.17700000405311583,0.9604519655102615,0.17575000301003457,0.9672830661541045,0.17030000299215317,0.9982383957795488,0.1601250024139881,1.061670565029066,0.11142250126227736,1.5257241568108082,0.015434423812978323,0.24501388223228363,0.030316466016024106,0.48125897825244535,0.03517728327260225,0.5584220600290674,0.03932944198315831,0.6243355361422791,50.0,50.0,47.3684235292789,0.0019031687077051274,0.0029940649408724766,-0.0010908962331673492,0.1854327505746301,0.16856725753160157,-0.8300975544702492,0.19071487628813166,0.16078512973193748,-0.38423320498884894,0.18830340331437956,0.15229660266992678,-0.016663585691834924,181010.0,396167.7,0.8871996022319208,0.40536368815529383,-0.055555583150297405,-0.10526313725600922,0.0,0.09677419664956521,-0.05555558315029741,-0.10526313725600916,0.0,0.09677419664956526,16.66665838824,33.333333333333336,37.500009313227686,50.000012417636924,-83.33334161176,-62.499990686772314,0.009285715009484972,0.009285713945116316,-93.33333465788134,-18.601390888851505,54.68784726735193,44.874978709505434,0.19449999302625656,0.05882356034843128,BUY,0,0
0.17000000178813934,0.17499999701976776,0.17000000178813934,0.17499999701976776,101950,0.0,0.0,FSG,2021-09-02 00:00:00+10:00,Telecommunication Services,0.029411736347271455,0.02898750932488704,0.004999995231628418,0.029411736347271383,0.1760000020265579,0.9943181534359343,0.17650000303983687,0.9915013824689252,0.17650000303983687,0.9915013824689252,0.1706000030040741,1.0257912892040721,0.16047500237822532,1.0905125061616034,0.11208250124007463,1.5613498546479372,0.024020082620493075,0.38130699051029604,0.028754290145419338,0.4564602051058491,0.03278623418006907,0.5204653324007306,0.039287668358808356,0.6236724004139282,33.33330021964311,45.454535602536666,52.63157647072109,0.0016358501635262979,0.0027224219854032413,-0.0010865718218769434,0.18473273528969664,0.1682672707899771,-0.18220026772942358,0.1895182097536957,0.16348179632597803,-0.11522370577141347,0.1884016298316606,0.15279837617648762,0.24716808515922611,154359.8,347909.1,0.6604698891809915,0.29303631322089596,-0.02777783296726144,-0.02777783296726144,0.09375000582076631,0.09375000582076631,-0.02777783296726149,-0.02777783296726149,0.09375000582076622,0.09375000582076622,33.33331677648,27.777763980399996,50.0,45.83333643774256,-66.66668322352001,-50.0,0.008571428912026542,0.00904761893408639,-78.78795103593008,-22.54763555784935,34.472538688457064,47.849860975499304,0.19400999320149423,0.057142888769811995,BUY,0,0
0.18000000715255737,0.18000000715255737,0.1599999964237213,0.1599999964237213,787521,0.0,0.0,FSG,2021-09-03 00:00:00+10:00,Telecommunication Services,-0.08571429057997104,-0.08961216401153048,-0.02000001072883606,-0.11111116630059482,0.1719999998807907,0.93023253799194,0.17500000298023224,0.9142856782796437,0.17600000277161598,0.9090908744549461,0.17080000281333924,0.9367681135144896,0.1606750023365021,0.9957989363437686,0.11266750121489168,1.4201077923841763,0.0426082085310674,0.6763843414991103,0.0385825078293507,0.6124783240419868,0.03572346059106976,0.5670923561675224,0.0401985550429387,0.6381322782465431,16.666650109821546,30.769225478877487,50.0,0.00021118914645340547,0.0022201754176132743,-0.002008986271159869,0.18833334346612546,0.16166666249433903,-1.1249998882411405,0.19072556450986358,0.16127444103336838,-1.08654641719622,0.18786649883009654,0.15373350679658193,-0.6328192019623464,249296.2,343996.4,3.1589771524796606,2.2893291906543207,-0.11111116630059481,-0.08571429057997104,-0.05882356034843117,0.06666660043928618,-0.11111116630059482,-0.08571429057997108,-0.05882356034843122,0.06666660043928621,0.0,16.66665838824,12.49999068677231,33.333333333333336,-100.0,-87.5000093132277,0.009642858590398515,0.00904761893408639,-161.24664624957376,-108.63838027308917,26.684931551413783,49.69233932261366,0.19352979337322712,0.25000004656612984,BUY,0,0
0.16500000655651093,0.16500000655651093,0.1550000011920929,0.1599999964237213,275865,0.0,0.0,FSG,2021-09-06 00:00:00+10:00,Telecommunication Services,0.0,0.0,-0.005000010132789612,-0.030303090509739804,0.1679999977350235,0.952380943933582,0.17400000244379044,0.9195401964169987,0.1755000025033951,0.9116808782987116,0.17100000262260437,0.9356724793556876,0.16082500234246255,0.9948701638008718,0.11325250118970871,1.4127722985623612,0.0426082085310674,0.6763843414991103,0.037962534575148074,0.6026365537411973,0.03572346059106976,0.5670923561675224,0.0401985550429387,0.6381322782465431,16.666650109821546,30.769225478877487,44.44444076514492,-0.0009074049740048495,0.0015946593392896493,-0.002502064313294499,0.19019328779021732,0.15780671709736355,-0.8645562478869225,0.19168967098525494,0.15931033402153524,-0.9574010794008034,0.18728822305584697,0.15471178218936177,-0.6753350523445248,284463.0,348020.4,0.9697746279832526,0.7926690504349745,-0.11111116630059481,-0.05882356034843117,-0.05882356034843117,0.06666660043928618,-0.11111116630059482,-0.05882356034843122,-0.05882356034843122,0.06666660043928621,12.49999068677231,15.277769154417433,12.49999068677231,24.999993791181538,-87.5000093132277,-87.5000093132277,0.01000000217131206,0.008571428912026542,-206.50403809269037,-179.33884048167195,25.315817318292517,47.943769382921275,0.19218860149524689,0.2812500174622987,BUY,0,0
0.17000000178813934,0.17000000178813934,0.17000000178813934,0.17000000178813934,92500,0.0,0.0,FSG,2021-09-07 00:00:00+10:00,Telecommunication Services,0.06250003492459744,0.06062465468664365,0.0,0.0,0.1669999986886978,1.0179640905568736,0.17300000190734863,0.9826589590396886,0.1755000025033951,0.9686609650324686,0.17140000253915788,0.9918319677346639,0.16107500240206718,1.0554089663385138,0.1138825011998415,1.4927666673725632,0.05664461744579403,0.8992054252317704,0.03866473755551865,0.6137836804768907,0.03856634595846048,0.6122217622954044,0.041094518017928,0.6523552495410028,37.499995343387894,35.71429027586517,50.0,-0.000975734355846164,0.0010805806002624867,-0.0020563149561086506,0.18877622228571772,0.15722378152897953,-0.19015962298058464,0.19168967098525494,0.15931033402153524,-0.3397228745862446,0.18652398046043514,0.15627602461788062,-0.09256828846919554,283685.6,352638.0,0.32606519329849665,0.2623086564692404,-0.028571401810159047,-0.055555583150297405,0.0,0.13333330021964307,-0.028571401810159033,-0.05555558315029741,0.0,0.1333333002196431,37.500009313227686,16.666666666666668,37.500009313227686,20.8333302289241,-62.499990686772314,-62.499990686772314,0.010000003235680717,0.008809524632635572,-59.459457427648104,-59.720284776282604,8.030654059443478,47.22154420217486,0.18995728547705765,0.23529406608594794,BUY,0,0
0.17499999701976776,0.17499999701976776,0.17000000178813934,0.17000000178813934,58247,0.0,0.0,FSG,2021-09-08 00:00:00+10:00,Telecommunication Services,0.0,0.0,-0.004999995231628418,-0.028571401810159033,0.1669999986886978,1.0179640905568736,0.17200000137090682,0.9883720955417052,0.1757500022649765,0.9672830702547136,0.17150000244379043,0.9912536406164617,0.16127500236034392,1.0541001351734645,0.11451750120148063,1.4844892702386467,0.055024000347075365,0.8734789263497589,0.03866473755551865,0.6137836804768907,0.03791250254227875,0.6018423198418418,0.03865438384865587,0.6136193204758512,37.499995343387894,41.66666459706155,50.0,-0.0010181492919800195,0.0006608346218139853,-0.0016789839137940047,0.18705546118179597,0.15694454156001766,-0.13284214549999585,0.1914024820196985,0.1600975225102545,-0.3673539635214998,0.18651700024010773,0.15648300464747314,-0.09988685328427921,263216.6,352407.55,0.2212892347975014,0.16528306501946397,0.0,-0.055555583150297405,0.030303000199675578,0.030303000199675578,0.0,-0.05555558315029741,0.03030300019967555,0.03030300019967555,59.99998807907389,36.66666269302463,37.500009313227686,29.16666977107589,-40.00001192092611,-62.499990686772314,0.008928574621677399,0.009047619643665496,-24.561439466010054,-40.767071530731734,12.251801304741434,47.64362527525132,0.18785984841995976,0.23529406608594794,BUY,0,0
0.17000000178813934,0.17499999701976776,0.17000000178813934,0.17499999701976776,403570,0.0,0.0,FSG,2021-09-09 00:00:00+10:00,Telecommunication Services,0.029411736347271455,0.02898750932488704,0.004999995231628418,0.029411736347271383,0.1669999986886978,1.0479041819993222,0.17150000035762786,1.020408143760008,0.1760000020265579,0.9943181534359343,0.17180000245571136,1.0186262777550386,0.16152500227093697,1.0834235849520575,0.11519250119104982,1.5191960866404457,0.055024000347075365,0.8734789263497589,0.040177678459151635,0.637800872752992,0.03787821602142304,0.6012980381968068,0.03857970824350353,0.6124338819944332,50.0,50.0,54.99999552965137,-0.0006409175078868068,0.00040048419587382687,-0.0010414017037606337,0.18568137043746402,0.1573186302777917,0.24680243463333534,0.1914238426740089,0.16057616137910694,-0.06483501934749411,0.18647470664614918,0.15712529826527355,0.2180619467710664,323540.6,364849.9,1.2473550460127725,1.1061261082982343,0.0,-0.02777783296726144,0.029411736347271455,0.09375000582076631,0.0,-0.02777783296726149,0.029411736347271383,0.09375000582076622,79.99996423722166,59.166653876507745,50.0,41.66667287548512,-20.00003576277834,-50.0,0.008214288524218969,0.009047619643665496,4.09350132985446,-25.339411962827324,25.98360378307389,50.82853499288871,0.18588825758628774,0.14285717934978304,BUY,0,0
0.17499999701976776,0.17499999701976776,0.17000000178813934,0.17000000178813934,137389,0.0,0.0,FSG,2021-09-10 00:00:00+10:00,Telecommunication Services,-0.028571401810159047,-0.028987509324886983,-0.004999995231628418,-0.028571401810159033,0.16899999976158142,1.0059171717631283,0.17049999982118608,0.9970674602136592,0.17550000175833702,0.9686609691447686,0.17170000255107878,0.9900990056046521,0.1617250022292137,1.0511671012203632,0.11584250120446087,1.4675097655919136,0.03458767526600247,0.5490623230902141,0.041020849498883856,0.6511857980559314,0.03598837071465819,0.5712976740083126,0.03649860734212085,0.5793974293646876,50.0,50.0,50.0,-0.0007369216555460911,0.00017300302558984323,-0.0009099246811359343,0.183366842626261,0.15763315701611116,-0.03885941878838567,0.19102587519252756,0.15997412832414648,-0.354247378964572,0.18635383144638565,0.15704617365577192,-0.11601068738313818,193514.2,288533.95,0.7099685707818857,0.4761623372223615,0.06250003492459744,-0.055555583150297405,-0.055555583150297405,-0.028571401810159047,0.06250003492459733,-0.05555558315029741,-0.05555558315029741,-0.028571401810159033,59.99998807907389,66.66664679845648,37.500009313227686,41.666672875485126,-40.00001192092611,-62.499990686772314,0.00785714600767408,0.009047619643665496,-27.701703101060392,-51.166422723368186,27.5067644973861,48.927375059240156,0.18403496220263604,0.17647059339140525,BUY,0,0
0.17000000178813934,0.17000000178813934,0.16500000655651093,0.17000000178813934,158007,0.0,0.0,FSG,2021-09-13 00:00:00+10:00,Telecommunication Services,0.0,0.0,0.0,0.0,0.17100000083446504,0.9941520523892059,0.16949999928474427,1.002949867289115,0.1747500017285347,0.972818312484058,0.17140000253915788,0.9918319677346639,0.16202500224113464,1.0492207957827142,0.11650750121101737,1.4591335323571726,0.03458767526600247,0.5490623230902141,0.041020849498883856,0.6511857980559314,0.03529860884616404,0.5603480438009679,0.03555760124343739,0.5644594206488184,42.85714893925009,39.99999403953517,44.44444076514492,-0.0008037406127658353,-2.2345702081292528e-05,-0.0007813949106845428,0.1805050495696866,0.15849494899980193,0.045433913562321765,0.1897850522151099,0.15971495124195947,-0.31592843300636847,0.1855479095669291,0.15725209551138666,-0.09895461910164147,169942.6,288812.8,0.9297668742269448,0.5470914031511069,0.06250003492459744,-0.055555583150297405,-0.0810810832580221,-0.0810810832580221,0.06250003492459733,-0.05555558315029741,-0.08108108325802206,-0.08108108325802206,59.99998807907389,66.66664679845648,37.500009313227686,41.66667287548512,-40.00001192092611,-62.499990686772314,0.007500002426760537,0.008571428912026542,-73.04344145397603,-87.89709077416033,23.437236241616844,33.01549137423342,0.18229286454200344,0.17647059339140525,BUY,0,0
0.17000000178813934,0.17000000178813934,0.1599999964237213,0.17000000178813934,167455,0.0,0.0,FSG,2021-09-14 00:00:00+10:00,Telecommunication Services,0.0,0.0,0.0,0.0,0.17100000083446504,0.9941520523892059,0.16899999976158142,1.0059171717631283,0.17400000169873236,0.9770114949911396,0.17140000253915788,0.9918319677346639,0.16237500220537185,1.0469591961767821,0.11717750122770668,1.4507904675129115,0.020501426803592127,0.32545006106579166,0.04023483138997408,0.63870814740292,0.03529860884616404,0.5603480438009679,0.03363093203058038,0.5338744950733931,75.00001862645539,39.99999403953517,41.176469557012986,-0.0008469322104420474,-0.00018726300375344356,-0.0006596692066886038,0.1793279570443542,0.15867204247880864,0.09682476400497357,0.18836370240194653,0.1596363009955182,-0.27847975902880956,0.1855479095669291,0.15725209551138666,-0.09895461910164147,184933.6,294598.7,0.9054871586342341,0.5684173080193496,0.0,-0.028571401810159047,-0.0810810832580221,0.0,0.0,-0.028571401810159033,-0.08108108325802206,0.0,59.99998807907389,59.99998807907389,37.500009313227686,37.500009313227686,-40.00001192092611,-62.499990686772314,0.008214288524218969,0.008809524632635572,-87.50001396983599,-102.01550840407307,21.55677440912109,30.3141345418543,0.1806552927410088,0.23529406608594794,BUY,0,0
0.17000000178813934,0.17000000178813934,0.16500000655651093,0.16500000655651093,18694,0.0,0.0,FSG,2021-09-15 00:00:00+10:00,Telecommunication Services,-0.029411736347271344,-0.029852933931718725,-0.004999995231628418,-0.029411736347271383,0.17000000178813934,0.9705882636527287,0.16850000023841857,0.9792285241723718,0.17275000214576722,0.9551375080000473,0.17140000253915788,0.9626604673988566,0.16247500225901604,1.0155408786729514,0.11781750125810504,1.4004711082357983,0.024408812297205932,0.38747788282117257,0.04029696769246044,0.639694530625528,0.034973913193480914,0.5551936601082679,0.03363093203058038,0.5338744950733931,60.00002384186644,36.36363390063416,38.88888980871377,-0.0012699801506266262,-0.0004038064331280802,-0.000866173717498546,0.1790934998182786,0.15790650065855855,-0.33039069436144686,0.18551302917947343,0.159986975112061,-0.6072223751300637,0.1855479095669291,0.15725209551138666,-0.4523634464153794,177023.0,248012.5,0.10560209690266237,0.07537523310317021,-0.029411736347271344,-0.029411736347271344,-0.1315789019632202,0.0,-0.029411736347271383,-0.029411736347271383,-0.13157890196322017,0.0,40.00001192092611,53.3333293596913,25.00001862645538,33.333345750970246,-59.99998807907389,-74.99998137354463,0.008214287459850311,0.008809524632635572,-72.91661311561619,-96.55165787119147,23.911598307557284,30.523471369283556,0.17911597524807385,0.3939393638360391,BUY,0,0
0.16500000655651093,0.17499999701976776,0.16500000655651093,0.17499999701976776,150458,0.0,0.0,FSG,2021-09-16 00:00:00+10:00,Telecommunication Services,0.060606000399351156,0.05884044325660578,0.009999990463256836,0.0606060003993511,0.17000000178813934,1.0294117363472715,0.16850000023841857,1.0385756484994186,0.17250000163912774,1.0144927267065773,0.17160000234842301,1.0198134884895937,0.16272500216960906,1.0754339817882714,0.1185075012408197,1.4766997463236473,0.036582395491196185,0.5807275249962941,0.04405164505186957,0.6992981859032155,0.036245943020210725,0.5753865075989698,0.03468631577385375,0.5506281926080436,60.0,46.153837336588666,42.10526150679627,-0.0007892352217863663,-0.00048089219085973754,-0.00030834303092662876,0.1790934998182786,0.15790650065855855,0.6135835218898528,0.1848544210897402,0.16014558218851527,0.20235636248501218,0.1856610938757441,0.15753891082110194,0.24180161723138383,126400.6,209423.6,1.1903266281963851,0.7184386095931882,0.0,0.0,-0.02777783296726144,0.060606000399351156,0.0,0.0,-0.02777783296726149,0.0606060003993511,79.99996423722166,59.99998807907389,50.0,37.500009313227686,-20.00003576277834,-50.0,0.008214286395481654,0.008809524632635572,22.65370332970125,-15.55558440125537,31.083054624096363,18.631431382658448,0.177669016804715,0.2285714699297543,BUY,0,0
0.17499999701976776,0.17749999463558197,0.17000000178813934,0.17499999701976776,489083,0.0,0.0,FSG,2021-09-17 00:00:00+10:00,Telecommunication Services,0.0,0.0,0.0,0.0,0.17100000083446504,1.023391790443176,0.17000000029802323,1.0294117453704656,0.17250000163912774,1.0144927267065773,0.17180000215768815,1.01862627952206,0.16287500217556952,1.0744435590621095,0.11920250123366713,1.468089974695442,0.03295269752773454,0.5231078561227114,0.03202791738458427,0.5084274264655934,0.03568492480628055,0.5664806195487486,0.03468631577385375,0.5506281926080436,60.0,46.153837336588666,47.058817342077916,-0.00040358907842963365,-0.00046543156837371684,6.184248994408318e-05,0.17942808874699445,0.160571911849052,0.5303298488136393,0.1848544210897402,0.16014558218851527,0.20235636248501218,0.18576205023895137,0.15783795407642492,0.22919236801468554,196739.4,209109.8,2.4859433341770893,2.338881295855096,0.029411736347271455,0.09375000582076631,0.0,0.060606000399351156,0.029411736347271383,0.09375000582076622,0.0,0.0606060003993511,79.99996423722166,66.66664679845648,79.99996423722166,51.66666095455901,-20.00003576277834,-20.00003576277834,0.008392856589385442,0.008214286395481654,81.8498711093423,36.082390416696086,39.912083293124866,31.206412257793275,0.1550000011920929,0.3428571623198844,BUY,0,0
0.17000000178813934,0.17499999701976776,0.17000000178813934,0.17499999701976776,406738,0.0,0.0,FSG,2021-09-20 00:00:00+10:00,Telecommunication Services,0.0,0.0,0.004999995231628418,0.029411736347271383,0.1719999998807907,1.0174418438433506,0.17150000035762786,1.020408143760008,0.17275000140070915,1.013024576560434,0.17200000196695328,1.017441831502949,0.16317500218749045,1.0724681763367787,0.11989750122651457,1.4595800181786243,0.03295269752773454,0.5231078561227114,0.03202791738458427,0.5084274264655934,0.03502108436650602,0.5559424792655216,0.03468631577385375,0.5506281926080436,50.0,50.0,50.0,-9.68453583816975e-05,-0.000391714326375313,0.0002948689679936155,0.17824947949792436,0.16475052121733136,0.5185580382408809,0.1850937657318702,0.1604062370695481,0.1822779144752985,0.1858505163371084,0.15814948759679817,0.21659809683883108,246485.6,213982.1,1.6501491365012804,1.9008038522848405,0.029411736347271455,0.09375000582076631,0.029411736347271455,0.060606000399351156,0.029411736347271383,0.09375000582076622,0.029411736347271383,0.0606060003993511,79.99996423722166,79.99996423722166,79.99996423722166,69.99997615814777,-20.00003576277834,-20.00003576277834,0.008035713008471898,0.007738095663842701,69.3693494576088,20.927773963285972,36.216857533461486,31.816028794350885,0.15545000106096268,0.31428576050972534,BUY,0,0
0.17499999701976776,0.17499999701976776,0.16500000655651093,0.17000000178813934,245174,0.0,0.0,FSG,2021-09-21 00:00:00+10:00,Telecommunication Services,-0.028571401810159047,-0.028987509324886983,-0.004999995231628418,-0.028571401810159033,0.1719999998807907,0.9883721041044331,0.17150000035762786,0.9912536526742823,0.17225000113248826,0.9869375946034491,0.17210000187158583,0.987797791629233,0.16332500219345092,1.0408694290833818,0.12056750124320388,1.4099985488230549,0.036582395491196185,0.5807275249962941,0.027957583713608965,0.4438128825868738,0.03295373463690847,0.5231243197204511,0.034950280217426875,0.5548184982439919,50.0,50.0,50.0,-0.00025427544966055704,-0.0003642265510323618,0.00010995110137180478,0.17824947949792436,0.16475052121733136,-0.22223915924608947,0.18415975272257334,0.16034024954240317,-0.1889207618924687,0.18581577629321563,0.15838422744995603,-0.15310838592786916,262029.4,221104.5,0.9356736305162703,1.108860290043848,0.0,0.0,-0.055555583150297405,0.030303000199675578,0.0,0.0,-0.05555558315029741,0.03030300019967555,59.99998807907389,73.33330551783907,59.99998807907389,73.33330551783907,-40.00001192092611,-40.00001192092611,0.008035711944103241,0.007738095663842701,4.011490731912395,-39.6907179245904,35.371569669694736,32.26325910048192,0.15589100093245506,0.26470589008710776,BUY,0,0
0.17000000178813934,0.17499999701976776,0.16500000655651093,0.17000000178813934,131112,0.0,0.0,FSG,2021-09-22 00:00:00+10:00,Telecommunication Services,0.0,0.0,0.0,0.0,0.1729999989271164,0.9826589759677343,0.17150000035762786,0.9912536526742823,0.17175000086426734,0.9898107769006009,0.17220000177621841,0.9872241581568735,0.1635250021517277,1.0395963892445252,0.12124250125139951,1.4021485867867396,0.03272678255057181,0.5195215670406069,0.027957583713608965,0.4438128825868738,0.03295373463690847,0.5231243197204511,0.034950280217426875,0.5548184982439919,50.0,45.45454791754832,42.85713677503434,-0.00037472038784588935,-0.0003663253183950674,-8.395069450821955e-06,0.17824947949792436,0.16475052121733136,-0.22223915924608947,0.18311708415749725,0.16038291757103743,-0.15395322009915002,0.18577669338923058,0.15862331016320624,-0.16204242173185596,284513.0,226440.65,0.46082955787609003,0.5790126463600949,0.030303000199675578,0.0,-0.055555583150297405,0.030303000199675578,0.03030300019967555,0.0,-0.05555558315029741,0.03030300019967555,59.99998807907389,66.66664679845648,59.99998807907389,66.66664679845648,-40.00001192092611,-40.00001192092611,0.008392854460648127,0.007738094954263596,9.929105356597276,-35.11205497494386,36.457752653806274,30.639951756103343,0.1563231808065176,0.26470589008710776,BUY,0,0
0.17499999701976776,0.17499999701976776,0.16500000655651093,0.17000000178813934,23338,0.0,0.0,FSG,2021-09-23 00:00:00+10:00,Telecommunication Services,0.0,0.0,-0.004999995231628418,-0.028571401810159033,0.1719999998807907,0.9883721041044331,0.17100000083446504,0.9941520523892059,0.17125000059604645,0.9927007369135392,0.172300001680851,0.9866511905381643,0.16377500221133232,1.0380094611067348,0.12191250126808882,1.394442735731464,0.012777519331995885,0.20283683114868759,0.026041537016403143,0.4133965842197141,0.03295373463690847,0.5231243197204511,0.034950280217426875,0.5548184982439919,50.0,62.50001396984674,42.85713677503434,-0.0004648157623461102,-0.000386023407185276,-7.879235516083423e-05,0.17732455012323797,0.1646754515456921,-0.15811388300836693,0.18194923967349122,0.16055076151860168,-0.11683062681927033,0.1857331327316253,0.15886687063007668,-0.1712184511576752,259089.0,215847.5,0.0900771549544751,0.10812263287737871,-0.028571401810159047,-0.028571401810159047,-0.055555583150297405,0.030303000199675578,-0.028571401810159033,-0.028571401810159033,-0.05555558315029741,0.03030300019967555,66.66668874246746,62.2222216335384,59.99998807907389,59.99998807907389,-33.333311257532536,-40.00001192092611,0.007678567298821041,0.008214284976323446,4.729755063889455,-28.45528029790286,47.230060039548775,30.235522735883876,0.1567467170830989,0.26470589008710776,BUY,0,0
0.17000000178813934,0.17000000178813934,0.16500000655651093,0.17000000178813934,36995,0.0,0.0,FSG,2021-09-24 00:00:00+10:00,Telecommunication Services,0.0,0.0,0.0,0.0,0.17100000083446504,0.9941520523892059,0.17100000083446504,0.9941520523892059,0.17075000032782556,0.9956076220307685,0.17240000158548355,0.9860788876144286,0.1638750022649765,1.037376045391347,0.12256250128149987,1.3870474248700724,0.012777519331995885,0.20283683114868759,0.02438983071357389,0.38717655952248925,0.03295373463690847,0.5231243197204511,0.034950280217426875,0.5548184982439919,66.66666666666666,62.50001396984674,42.85713677503434,-0.0005301062607454832,-0.00041483997789731745,-0.00011526628284816572,0.17732455012323797,0.1646754515456921,-0.15811388300836693,0.180630870009226,0.1608691306464251,-0.07590410195349473,0.18568494915791903,0.15911505401304807,-0.18065557159772977,168671.4,202055.3,0.21933178950314045,0.18309344026115623,-0.028571401810159047,0.0,-0.055555583150297405,0.030303000199675578,-0.028571401810159033,0.0,-0.05555558315029741,0.03030300019967555,57.14289363550053,61.26985681901396,59.99998807907389,59.99998807907389,-42.85710636449947,-40.00001192092611,0.007321423717907497,0.00821428426674434,-72.9166426074818,-55.62343993191366,51.636955758775464,31.74130566434799,0.15716178263414857,0.2941176264343792,BUY,0,0
0.17000000178813934,0.17000000178813934,0.17000000178813934,0.17000000178813934,0,0.0,0.0,FSG,2021-09-27 00:00:00+10:00,Telecommunication Services,0.0,0.0,0.0,0.0,0.17000000178813934,1.0,0.17100000083446504,0.9941520523892059,0.17025000005960464,0.9985315813722304,0.17250000149011613,0.985507248229676,0.16392500221729278,1.0370596278095137,0.12322250129655003,1.379618170377937,0.012777519331995885,0.20283683114868759,0.02438983071357389,0.38717655952248925,0.03295373463690847,0.5231243197204511,0.034950280217426875,0.5548184982439919,0.0,50.0,42.85713677503434,-0.0005752186881439192,-0.0004469157199466379,-0.0001283029681972813,0.17732455012323797,0.1646754515456921,-0.15811388300836693,0.17912041093333073,0.16137958918587855,-0.028183392519706616,0.1856319861718039,0.15936801680842835,-0.19037485670105692,87323.8,197053.75,0.0,0.0,-0.028571401810159047,0.0,-0.055555583150297405,0.030303000199675578,-0.028571401810159033,0.0,-0.05555558315029741,0.03030300019967555,57.14289363550053,60.31749200448951,59.99998807907389,59.99998807907389,-42.85710636449947,-40.00001192092611,0.006607137620449066,0.007738093535105388,-14.583318587381601,-13.94421383588067,49.68981822582607,34.39164961870128,0.15756854687417723,0.20588232973867648,BUY,0,0
0.17000000178813934,0.17000000178813934,0.16500000655651093,0.16500000655651093,22389,0.0,0.0,FSG,2021-09-28 00:00:00+10:00,Telecommunication Services,-0.029411736347271344,-0.029852933931718725,-0.004999995231628418,-0.029411736347271383,0.16900000274181365,0.9763313839029125,0.1705000013113022,0.9677419664956526,0.1697500005364418,0.972017708601355,0.17250000149011613,0.9565217688764198,0.16392500221729278,1.0065579034599808,0.12385750133544207,1.3321761280299285,0.01315332836176065,0.20880261454794782,0.02613585952531568,0.41489390762942363,0.03302208526785187,0.5242093523490348,0.03521722069542751,0.5590560469618702,0.0,42.857142857142854,39.999996026355596,-0.0010028680022965697,-0.0005581061764166243,-0.0004447618258799454,0.1778786421482033,0.1631213604744011,-0.7453940198966473,0.17862041105651075,0.16087959001637284,-0.5354875029948382,0.1856319861718039,0.15936801680842835,-0.5711242523808117,42766.8,193353.85,0.5235135665983893,0.11579288439304415,-0.029411736347271344,-0.029411736347271344,-0.057142803620318094,0.0,-0.029411736347271383,-0.029411736347271383,-0.05714280362031807,0.0,28.571489392500883,47.619092221167314,40.00001192092611,53.3333293596913,-71.42851060749912,-59.99998807907389,0.006607137620449066,0.007738092825526283,-114.16306358849674,-86.98824641212079,47.89836881508759,32.3868516144136,0.15796717582940534,0.2424241822175328,BUY,0,0
0.16500000655651093,0.16500000655651093,0.16500000655651093,0.16500000655651093,0,0.0,0.0,FSG,2021-09-29 00:00:00+10:00,Telecommunication Services,0.0,0.0,0.0,0.0,0.16800000369548798,0.9821428745655579,0.1705000013113022,0.9677419664956526,0.16950000077486038,0.9734513616650268,0.17250000149011613,0.9565217688764198,0.16392500221729278,1.0065579034599808,0.12450250137597323,1.325274630894709,0.01315332836176065,0.20880261454794782,0.02438983071357389,0.38717655952248925,0.03244398167036598,0.515032242243158,0.03521722069542751,0.5590560469618702,0.0,33.33333333333333,42.85714589819777,-0.0013264921885723369,-0.0007117833788477669,-0.00061470880972457,0.1778786421482033,0.1631213604744011,-0.7453940198966473,0.1786190936757536,0.16038090787396717,-0.49346950044874394,0.1856319861718039,0.15936801680842835,-0.5711242523808117,16544.4,185324.25,0.0,0.0,-0.029411736347271344,0.0,-0.029411736347271344,0.0,-0.029411736347271383,0.0,-0.029411736347271383,0.0,28.571489392500883,38.0952908068341,40.00001192092611,46.6666706403087,-71.42851060749912,-59.99998807907389,0.006249995103904179,0.007261902093887329,-137.79523877107087,-113.38020695077803,36.30452366289592,33.25269951606262,0.15835783220552888,0.3030302729269483,BUY,0,0
0.17499999701976776,0.1850000023841858,0.17499999701976776,0.1850000023841858,2384922,0.0,0.0,FSG,2021-09-30 00:00:00+10:00,Telecommunication Services,0.1212120911087664,0.11441032432880578,0.01000000536441803,0.05714288876981205,0.17100000381469727,1.081871334837276,0.171500001847744,1.0787172034460206,0.17000000104308127,1.0882353014651054,0.1730000016093254,1.0693641656834154,0.16427500218153,1.1261604013235922,0.12525750137865543,1.4769574703947497,0.058889643060248915,0.9348441020086761,0.042129372464385945,0.6687830545918655,0.042044398804854784,0.6674341395652024,0.0388363225202081,0.6165075073486072,80.00001192093322,66.66667770457073,58.82353353665538,3.051408123777577e-05,-0.0005633238868306584,0.0005938379680684342,0.1830950165879683,0.15990498710751969,1.1642935208705576,0.1812390298330426,0.15876097225311994,1.3346350135255882,0.1860930762870051,0.1599069269316457,0.9165151097256989,488861.2,299472.85,4.878525847418449,7.9637336072368505,0.08823529669570251,0.057142888769811995,0.057142888769811995,0.15625004074536353,0.0882352966957026,0.05714288876981205,0.05714288876981205,0.15625004074536356,100.0,52.38099292833393,100.0,60.000007947284075,-0.0,-0.0,0.007321423717907497,0.007738092115947178,266.4695374253886,261.3925033379362,75.60240839734371,62.05027529624363,0.15874067545412993,0.21621616832351465,BUY,0,0
0.1850000023841858,0.1850000023841858,0.17499999701976776,0.17499999701976776,157157,0.0,0.0,FSG,2021-10-01 00:00:00+10:00,Telecommunication Services,-0.05405408235428677,-0.05556988107220008,-0.01000000536441803,-0.054054082354286784,0.17200000286102296,1.0174418262142055,0.171500001847744,1.0204081348939635,0.1707500010728836,1.0248901664432206,0.1730000016093254,1.011560667004841,0.16457500219345092,1.0633449472117442,0.12595250137150288,1.3894126366224118,0.06744314062407968,1.0706266663708341,0.046292754726409556,0.7348746990611377,0.0389895898020023,0.6189405500191091,0.03743688706460531,0.594292158200139,57.14285106074991,54.54545208245168,50.0,0.00029562666718968567,-0.00039153377602658957,0.0006871604432162752,0.1830950165879683,0.15990498710751969,0.3018534474028663,0.18114989748085047,0.16035010466491673,0.40865752697579194,0.1860930762870051,0.1599069269316457,0.15275215789090588,512893.6,267954.65,0.3064124800933371,0.586505962856028,0.029411736347271455,0.0,0.09375000582076631,0.0,0.029411736347271383,0.0,0.09375000582076622,0.0,59.99998807907389,62.857159157191596,66.66665010982156,68.88888734358255,-40.00001192092611,-33.33334989017845,0.007678567298821041,0.007976187836556207,140.56226482365355,166.28044197272098,75.45354199445794,61.43642010095866,0.15979104853133216,0.2285714699297543,BUY,0,0
0.17499999701976776,0.18000000715255737,0.17499999701976776,0.17499999701976776,39248,0.0,0.0,FSG,2021-10-04 00:00:00+11:00,Telecommunication Services,0.0,0.0,0.0,0.0,0.17300000190734863,1.011560665262248,0.171500001847744,1.0204081348939635,0.17150000110268593,1.0204081393269857,0.173100001513958,1.0109762882102376,0.16487500220537185,1.06141012693837,0.12663750136271118,1.3818971089656786,0.06744314062407968,1.0706266663708341,0.046292754726409556,0.7348746990611377,0.0389895898020023,0.6189405500191091,0.0371986338340248,0.5905100054170965,57.14285106074991,54.54545208245168,60.0000039736444,0.0004999669933093698,-0.0002132336221593977,0.0007132006154687675,0.1830950165879683,0.15990498710751969,0.3018534474028663,0.18073380205189374,0.16226620015347812,0.3790417333375708,0.18617591920986998,0.160024083818046,0.14530494531972907,520743.2,256123.8,0.07536920309281042,0.15323839486998087,0.029411736347271455,0.0,0.09375000582076631,0.029411736347271455,0.029411736347271383,0.0,0.09375000582076622,0.029411736347271383,49.99996274708924,69.99998360872105,66.66665010982156,77.77776673988105,-50.00003725291076,-33.33334989017845,0.0073214247822761536,0.007261902093887329,90.15153928894634,115.14164703072515,77.7000910415162,69.71678444140599,0.16079940668544632,0.19999998297010113,BUY,0,0
0.17499999701976776,0.17499999701976776,0.17499999701976776,0.17499999701976776,61659,0.0,0.0,FSG,2021-10-05 00:00:00+11:00,Telecommunication Services,0.0,0.0,0.0,0.0,0.175,0.9999999829701015,0.17200000137090682,1.017441835028778,0.17175000086426734,1.0189228305044893,0.1730000013113022,1.0115606687474337,0.16517500221729278,1.0594823349210547,0.1273225013539195,1.3744624489690058,0.06463778929958586,1.0260930947021762,0.045137797633741525,0.7165403236082389,0.036584575283407535,0.5807621281249002,0.03625888044052213,0.575591882779474,57.14285106074991,59.9999940395334,60.0000039736444,0.0006543650608583085,-3.9713885555856405e-05,0.0006940789464141649,0.18373787541942152,0.16026212732239212,0.2555825387511768,0.18108301646216882,0.16241698526636586,0.34822572848064065,0.18593626671587066,0.16006373590673373,0.15460379374709396,528597.2,254581.75,0.11664647485836097,0.24219725098126632,0.060606000399351156,0.029411736347271455,0.029411736347271455,-0.02777783296726144,0.0606060003993511,0.029411736347271383,0.029411736347271383,-0.02777783296726149,49.99996274708924,53.333304524417464,59.99998807907389,64.44442943290566,-50.00003725291076,-40.00001192092611,0.0069642822657312664,0.006785711362248375,50.30576287167553,75.20656821324823,76.42525654790788,72.33185879102123,0.1617674305133959,0.19999998297010113,BUY,0,0
0.18000000715255737,0.18000000715255737,0.17000000178813934,0.17499999701976776,390796,0.0,0.0,FSG,2021-10-06 00:00:00+11:00,Telecommunication Services,0.0,0.0,-0.005000010132789612,-0.02777783296726149,0.17699999809265138,0.9887005587884995,0.17250000089406967,1.0144927310883511,0.17200000062584878,1.017441839436064,0.1730000013113022,1.0115606687474337,0.1654750022292137,1.0575615329338999,0.12801750134676695,1.3670005677250108,0.06463778929958586,1.0260930947021762,0.045137797633741525,0.7165403236082389,0.036584575283407535,0.5807621281249002,0.03603557982899227,0.5720470954651741,57.14285106074991,50.0,53.84615208270194,0.0007678750561076753,0.00012180390277684999,0.0006460711533308253,0.18428510969916345,0.16071489208897588,0.2121317814747321,0.18140324291487583,0.16259675833682172,0.3190385083897895,0.18593626671587066,0.16006373590673373,0.15460379374709396,606756.4,271209.2,0.6440739644443799,1.4409393191676387,0.060606000399351156,0.029411736347271455,0.029411736347271455,0.0,0.0606060003993511,0.029411736347271383,0.029411736347271383,0.0,49.99996274708924,49.99996274708924,59.99998807907389,62.222208755989776,-50.00003725291076,-40.00001192092611,0.006964283330099923,0.006785711362248375,44.1025989013487,68.23399784459363,77.75469512753867,73.87917517382769,0.1626967333882275,0.2285714699297543,BUY,0,0
0.17499999701976776,0.17499999701976776,0.17499999701976776,0.17499999701976776,332609,0.0,0.0,FSG,2021-10-07 00:00:00+11:00,Telecommunication Services,0.0,0.0,0.0,0.0,0.17499999701976776,1.0,0.1730000004172325,1.0115606739752125,0.17200000062584878,1.017441839436064,0.1730000013113022,1.0115606687474337,0.16582500219345092,1.0553293816068419,0.1287075013294816,1.3596720875792687,0.024173720521111764,0.3837459165722427,0.045137797633741525,0.7165403236082389,0.0360139543731543,0.5717038019963601,0.03603557982899227,0.5720470954651741,66.66665010982155,50.0,53.84615208270194,0.0008480566756778884,0.00026705445735705774,0.0005810022183208308,0.18473787390152818,0.16126212693293684,0.17038832504125073,0.18140324291487583,0.16259675833682172,0.3190385083897895,0.18593626671587066,0.16006373590673373,0.15460379374709396,196293.8,267661.15,1.6944447557691584,1.2426495216059559,-0.05405408235428677,0.029411736347271455,0.0,0.0,-0.054054082354286784,0.029411736347271383,0.0,0.0,49.99996274708924,49.99996274708924,59.99998807907389,59.99998807907389,-50.00003725291076,-40.00001192092611,0.006428569555282593,0.006547616351218451,42.42419316418011,61.76466003113376,68.93194084429841,69.2712784768401,0.1635888641480658,0.19999998297010113,BUY,0,0
0.18000000715255737,0.1850000023841858,0.17499999701976776,0.1850000023841858,1669226,0.0,0.0,FSG,2021-10-08 00:00:00+11:00,Telecommunication Services,0.057142888769811995,0.05556988107220004,0.004999995231628418,0.027777750183035924,0.17699999809265138,1.0451977648460018,0.17450000047683717,1.060171930536713,0.1727500006556511,1.0709117318786763,0.17330000132322312,1.0675129888726367,0.1663750022649765,1.1119459045268487,0.1294275013357401,1.4293716596157442,0.025555076744002134,0.40567426679879925,0.048125044913291115,0.7639614040462936,0.0374331738654976,0.5942332129916943,0.03665172400883925,0.581828081094984,74.99999068677579,60.00000596046483,57.14286322496567,0.0016989337950021333,0.000553430324886073,0.0011455034701160602,0.1882032007517799,0.16079680020189444,0.7662445046905296,0.18374042362357676,0.16175957768772545,1.1146069413602169,0.18664166636729687,0.15995833627914938,0.8769520912353967,498707.6,344253.0,3.3471035933681383,4.848835013783467,0.057142888769811995,0.08823529669570251,0.08823529669570251,0.08823529669570251,0.05714288876981205,0.0882352966957026,0.0882352966957026,0.0882352966957026,100.0,66.66664183139284,100.0,73.33332538604925,-0.0,-0.0,0.0067857131361961365,0.00678571207182748,126.31582992560584,161.17539581936606,83.80036612140407,75.13186888386745,0.16444530967751061,0.13513508506549265,BUY,0,0
0.1850000023841858,0.1899999976158142,0.18000000715255737,0.1850000023841858,2634727,0.0,0.0,FSG,2021-10-11 00:00:00+11:00,Telecommunication Services,0.0,0.0,0.0,0.0,0.17899999916553497,1.0335195712101772,0.1760000005364418,1.0511363739790471,0.1735000006854534,1.0662824302783795,0.17360000133514406,1.065668208302795,0.16687500223517418,1.1086142316478795,0.13013750134035945,1.421573339573655,0.025555076744002134,0.40567426679879925,0.048125044913291115,0.7639614040462936,0.0374331738654976,0.5942332129916943,0.03665172400883925,0.581828081094984,50.0,66.66666666666666,61.538465065364534,0.0023462143438174043,0.0009119871286723393,0.0014342272151450651,0.19075729432722854,0.16124270674565505,0.6098680405321244,0.185682815877352,0.1613171854935548,0.9439527332220997,0.18730833441189504,0.15989166825839307,0.8316110343405556,1017803.4,468089.0,2.58864039951134,5.6286881340941575,0.057142888769811995,0.08823529669570251,0.08823529669570251,0.08823529669570251,0.05714288876981205,0.0882352966957026,0.0882352966957026,0.0882352966957026,80.00001192093322,76.66665822267417,83.33334989017844,81.11111265641745,-19.99998807906678,-16.666650109821553,0.0067857131361961365,0.007023807082857404,144.44450796869114,178.93430251612276,91.89920847466445,83.36716164300739,0.16526749738577762,0.13513508506549265,BUY,0,0
0.1850000023841858,0.1899999976158142,0.1850000023841858,0.1850000023841858,316409,0.0,0.0,FSG,2021-10-12 00:00:00+11:00,Telecommunication Services,0.0,0.0,0.0,0.0,0.18100000023841858,1.0220994593397694,0.1780000001192093,1.0393258553948792,0.17425000071525573,1.0616929791954308,0.1738000014424324,1.0644418921104737,0.1672250021994114,1.1062939150903894,0.13084250135347247,1.4139136784339381,0.025555076744002134,0.40567426679879925,0.04634946155092802,0.7357748919930339,0.0374331738654976,0.5942332129916943,0.03644382994685615,0.578527865172658,100.0,66.66666666666666,61.538465065364534,0.0028266054935294493,0.0012949108016437616,0.0015316946918856877,0.1914989721368979,0.1645010281015207,0.518558172859676,0.18733876431249014,0.16116123711802133,0.8213152899485084,0.18787849968594428,0.15972150319892053,0.7955394636579891,1068753.4,475536.7,0.2960542628449182,0.6653724097425078,0.057142888769811995,0.1212120911087664,0.08823529669570251,0.057142888769811995,0.05714288876981205,0.12121209110876646,0.0882352966957026,0.05714288876981205,80.00001192093322,86.66667461395548,83.33334989017844,88.88889992678564,-19.99998807906678,-16.666650109821553,0.006428570619651249,0.007023807082857404,139.41300714569206,173.8041414485661,92.22573432816378,85.22802172020164,0.1667514473995798,0.054054001807470664,BUY,0,0
0.1850000023841858,0.1850000023841858,0.18000000715255737,0.18000000715255737,115604,0.0,0.0,FSG,2021-10-13 00:00:00+11:00,Telecommunication Services,-0.027027000903735332,-0.027398947339176118,-0.004999995231628418,-0.027027000903735277,0.1820000022649765,0.989011016002586,0.17950000017881393,1.0027855541684978,0.17500000074505806,1.028571465064068,0.17400000154972076,1.0344827905137812,0.16752500221133232,1.0744665260501705,0.13152250139042734,1.3685871637905025,0.03088031401401735,0.49020978773203594,0.04791631857097779,0.7606479760833186,0.037321841893494766,0.5924658727263549,0.03641824912775384,0.5781217822585897,66.6666997803569,60.00000596046483,57.14286322496567,0.0027719082790311766,0.0015903102971212449,0.0011815979819099318,0.18944429493996257,0.1695557054176653,0.05028078770320855,0.18756561724484372,0.1624343842452724,0.3979117465175391,0.1881421384808665,0.159857864618575,0.4242644256698283,1013715.0,480382.2,0.1140399421928254,0.24065004906509857,0.028571486959652947,0.09090909090909083,0.09090909090909083,0.05882356034843128,0.02857148695965302,0.09090909090909091,0.09090909090909091,0.05882356034843122,60.00002384186644,73.33334922791096,60.00002384186644,75.5555745407411,-39.99997615813356,-39.99997615813356,0.006071428103106362,0.006785711362248375,66.6667184967953,96.60640630106936,90.92258432673913,85.57178799582816,0.16814636041255387,0.11111108351636934,BUY,0,0
0.18000000715255737,0.1899999976158142,0.18000000715255737,0.1850000023841858,856193,0.0,0.0,FSG,2021-10-14 00:00:00+11:00,Telecommunication Services,0.027777750183035854,0.027398947339175996,0.004999995231628418,0.027777750183035924,0.1840000033378601,1.0054347773270933,0.17950000017881393,1.0306406807793476,0.17550000101327895,1.0541310616299542,0.17450000166893007,1.060171923294172,0.16782500222325325,1.1023387453204683,0.13222750140354037,1.3991038204646318,0.03200405151980178,0.5080485676073655,0.0292265889605328,0.4639577163616533,0.03542081811584729,0.5622880558139003,0.035525361570365795,0.5639476317050336,75.00001862645539,63.63636609936584,64.28571580624141,0.003096325656189114,0.001891513368934819,0.001204812287254295,0.18944429493996257,0.1695557054176653,0.5530811724185623,0.188837719101165,0.1621622829253929,0.7122658694919624,0.18838730411151802,0.1606126992263421,0.7560864148141216,1118431.8,515668.95,0.7655299142960706,1.6603539926148354,0.057142888769811995,0.0,0.057142888769811995,0.15625004074536353,0.05714288876981205,0.0,0.05714288876981205,0.15625004074536356,80.00001192093322,73.33334922791096,80.00001192093322,74.44446188432603,-19.99998807906678,-19.99998807906678,0.006428570619651249,0.0070238063732783,92.75363239013122,125.00001107812211,92.14570601584221,86.77122663257323,0.1694575786447495,0.10810808416175743,BUY,0,0
0.1899999976158142,0.20000000298023224,0.1899999976158142,0.20000000298023224,8374573,0.0,0.0,FSG,2021-10-15 00:00:00+11:00,Telecommunication Services,0.08108108325802199,0.0779615434833822,0.01000000536441803,0.052631607841587165,0.1870000034570694,1.0695187127424162,0.1820000007748604,1.0989011105974575,0.1767500013113022,1.1315417340675478,0.1751000016927719,1.1422044605753319,0.16827500224113465,1.1885306808294456,0.13300750141963363,1.5036746111727923,0.04103935453346198,0.6514795563729096,0.03233525194667666,0.5133062113891419,0.03942994386433613,0.6259309540456233,0.036244865885996305,0.5753694086234099,85.71429787850018,71.42857446962505,66.66667328940602,0.004511794296596455,0.002415569554467147,0.0020962247421293084,0.19777621779488813,0.16622378375483265,1.1409580752167041,0.19400200357799682,0.15949799904460757,1.3476697550529944,0.19068256753526022,0.15951743585028358,1.597939744914573,2459501.2,909943.45,3.404988377318132,9.203399398061496,0.08108108325802199,0.14285717934978304,0.14285717934978304,0.17647059339140525,0.08108108325802206,0.14285717934978315,0.14285717934978315,0.1764705933914052,100.0,80.00001192093322,100.0,80.00001192093322,-0.0,-0.0,0.007499999233654567,0.007261902093887329,187.17946983888675,217.12370043760788,96.08305300023436,92.91790425162311,0.17069012378301338,0.024999975785613415,HOLD,0,1
0.20000000298023224,0.2150000035762787,0.20000000298023224,0.20499999821186066,2032065,0.0,0.0,FSG,2021-10-18 00:00:00+11:00,Telecommunication Services,0.024999975785613415,0.024692588966579433,0.004999995231628418,0.024999975785613422,0.19100000262260436,1.0732984052200187,0.18500000089406968,1.1081080930872151,0.17825000137090682,1.1500701073504724,0.17580000162124634,1.1660978175274677,0.16877500221133232,1.2146348423990483,0.13380250141024588,1.532108862324773,0.04005807028785704,0.6359021518968917,0.03210701315384485,0.5096830328769184,0.03957874510559607,0.6282931005205323,0.03636238498428677,0.5772349664736726,87.5000093132277,78.57142553037495,68.75000465661384,0.005968223257882016,0.003126100295150121,0.002842122962731895,0.20554804892431583,0.16445195286382353,0.9733283321292387,0.19959306296642348,0.15690693977539016,1.2533345659543507,0.1934542782869221,0.15814572495557058,1.6539899732842789,2338968.8,991209.8,0.8687867063468312,2.0500856629948574,0.10810808416175743,0.17142858115994208,0.17142858115994208,0.20588232973867648,0.10810808416175734,0.17142858115994217,0.17142858115994217,0.2058823297386766,79.99998807907033,86.66666666666787,79.99998807907033,86.66666666666784,-20.000011920929666,-20.000011920929666,0.008214285331112998,0.007619045320011321,232.2061118921429,247.01857190406847,96.62429044366728,93.53794450939887,0.17303491411879088,-0.06097562482568364,SELL,0,2
0.20499999821186066,0.20999999344348907,0.20000000298023224,0.20999999344348907,577791,0.0,0.0,FSG,2021-10-19 00:00:00+11:00,Telecommunication Services,0.024390220854836775,0.024097529080210435,0.004999995231628418,0.02439022085483674,0.19600000083446503,1.0714285334154052,0.1885000005364418,1.114058317484677,0.18025000095367433,1.165048501150692,0.17660000145435334,1.1891279259007752,0.16937500208616257,1.2398523445429108,0.1346225013770163,1.5599174825564617,0.03824997294018177,0.6071994963280263,0.03164606595459646,0.5023657229364605,0.038719196388101056,0.6146481876431144,0.03646577113871521,0.5788761707954224,85.71429179639554,79.99999602635638,70.58823838778511,0.007440146157618732,0.003988909467643844,0.003451236689974888,0.21301756521692577,0.16398243585595784,0.8769220429205727,0.2054805144710075,0.15501948743634114,1.1791275064368676,0.19664484840198168,0.156555154506725,1.6662632584025556,2391245.2,1007840.65,0.24162766745961475,0.5732959868209324,0.13513508506549265,0.19999998297010113,0.23529406608594794,0.23529406608594794,0.13513508506549263,0.19999998297010121,0.23529406608594797,0.23529406608594797,88.8888668130954,89.62961829738857,89.99997913837308,89.99998907248114,-11.111133186904596,-10.000020861626915,0.008928570364202772,0.007857140331041245,178.95477577832685,198.9166331707187,93.60476533094713,92.35665337902147,0.17723142306453965,-0.07142857649699375,SELL,0,2
0.20999999344348907,0.20999999344348907,0.20000000298023224,0.20999999344348907,415158,0.0,0.0,FSG,2021-10-20 00:00:00+11:00,Telecommunication Services,0.0,0.0,0.0,0.0,0.20199999809265137,1.0396039377543378,0.19200000017881394,1.0937499648328715,0.1822500005364418,1.152263335118611,0.1775000011920929,1.183098546665497,0.1699750019609928,1.2354757524384763,0.13544250134378671,1.5504733843511715,0.029820613783953547,0.47338756809387544,0.03164606595459646,0.5023657229364605,0.038719196388101056,0.6146481876431144,0.036137129394129226,0.573659144835769,85.71429179639554,72.72726780126833,75.0,0.008508574114305695,0.004892842396976215,0.00361573171732948,0.21790580669460566,0.16609419366302222,0.6948246623282185,0.2102490567697236,0.15425094430316,0.9911045813773368,0.1993762752638783,0.15562372712030748,1.485627403677145,2451156.0,1022042.95,0.1693723288113853,0.4062040641247024,0.16666658388244104,0.19999998297010113,0.23529406608594794,0.2727271824172084,0.1666665838824411,0.19999998297010121,0.23529406608594797,0.27272718241720845,88.8888668130954,85.92590723508705,89.99997913837308,86.66664878527217,-11.111133186904596,-10.000020861626915,0.00821428426674434,0.007857140331041245,133.5632034577494,169.03858183499355,92.78689849043359,93.36143624139771,0.18100828111571354,-0.07142857649699375,SELL,0,2
0.20000000298023224,0.20499999821186066,0.19499999284744263,0.20000000298023224,2624768,0.0,0.0,FSG,2021-10-21 00:00:00+11:00,Telecommunication Services,-0.04761900369272076,-0.04879011804678987,0.0,0.0,0.20499999821186066,0.9756097791451632,0.19450000077486038,1.0282776461874583,0.18375000059604646,1.0884353868379548,0.17810000121593475,1.1229646356809686,0.1704250019788742,1.173536750230017,0.13620250135660172,1.4684018354156185,0.04660658028410759,0.7398565253454886,0.037783041345302665,0.599787187052053,0.04085613862770997,0.6485710940358019,0.0367195928180516,0.5829054650407077,66.66667770457073,72.72728750528992,66.66667218561686,0.008450977700233064,0.005604469457627585,0.0028465082426054793,0.21780950511096497,0.17119049643875578,0.2359553479158623,0.2121966230988421,0.15530337809325082,0.5712454047080205,0.20076796717161924,0.15543203526025026,0.9661211688385117,2804871.0,1152114.45,0.9357892038528688,2.2782181058487723,0.08108108325802199,0.14285717934978304,0.17647059339140525,0.17647059339140525,0.08108108325802206,0.14285717934978315,0.1764705933914052,0.1764705933914052,66.66666666666667,81.48146676428583,69.99999701976758,83.33331843217125,-33.333333333333336,-30.000002980232416,0.008571426783289229,0.008095236051650275,72.42665978800386,108.4999893158666,80.91789905422918,82.11023478272195,0.18440745336177006,0.0,HOLD,0,1
0.20000000298023224,0.20499999821186066,0.20000000298023224,0.20000000298023224,265533,0.0,0.0,FSG,2021-10-22 00:00:00+11:00,Telecommunication Services,0.0,0.0,0.0,0.0,0.20499999821186066,0.9756097791451632,0.19600000083446503,1.0204081741262108,0.1852500006556511,1.0796221445202527,0.17850000113248826,1.1204481888590354,0.1709250019490719,1.1701038508095112,0.1369625013694167,1.4602537262428503,0.029524666596020932,0.46868955213100383,0.03474463800944587,0.5515540293957362,0.04085613862770997,0.6485710940358019,0.03585633211185851,0.5692016261695023,75.00000931323116,72.72728750528992,66.66667218561686,0.008309544866412832,0.006145484539384636,0.002164060327028197,0.21850925113973202,0.17349075052919805,0.17770481431055196,0.21380741902201936,0.15669258228928282,0.5165033524862336,0.20199554894350769,0.15500445332146884,0.9150670595414029,1183063.0,1163541.35,0.2244453592074133,0.2282110558425792,0.0,0.08108108325802199,0.17647059339140525,0.11111108351636934,0.0,0.08108108325802206,0.1764705933914052,0.11111108351636925,66.66666666666667,74.07406671547625,69.99999701976758,76.66665772596942,-33.333333333333336,-30.000002980232416,0.008571425718920571,0.007857141040620349,69.3498576120892,104.498986909905,81.32053060403305,82.32748560655386,0.1874667083832209,-0.025000050291418274,HOLD,0,1
0.20999999344348907,0.20999999344348907,0.20000000298023224,0.20000000298023224,359962,0.0,0.0,FSG,2021-10-25 00:00:00+11:00,Telecommunication Services,0.0,0.0,-0.009999990463256836,-0.047619003692720735,0.20399999916553496,0.9803921754820355,0.19750000089406966,1.0126582383536467,0.18675000071525574,1.0709504803974765,0.1788000011444092,1.1185682421707632,0.17147500202059746,1.1663507836332223,0.13772250138223172,1.4521955451938608,0.026241842140030974,0.41657632948042184,0.03474463800944587,0.5515540293957362,0.04085613862770997,0.6485710940358019,0.035675043545808985,0.5663237594016629,71.42858359279107,72.72728750528992,66.66667218561686,0.008104039998133028,0.006537195631134315,0.001566844366998713,0.21871319736763273,0.1762868044205066,0.1178512672184131,0.21508539529094786,0.15841460613956362,0.46761312003550426,0.20300659403591853,0.15459340825289986,0.8757945379111624,848642.4,1181539.45,0.4241621677163432,0.30465508367071453,-0.024390220854836775,0.08108108325802199,0.17647059339140525,0.08108108325802199,-0.02439022085483674,0.08108108325802206,0.1764705933914052,0.08108108325802206,66.66666666666667,66.66666666666667,69.99999701976758,69.99999701976758,-33.333333333333336,-30.000002980232416,0.009285710752010345,0.008095236051650275,68.1318712508974,100.78895747564464,81.8825704154161,82.73096441319376,0.19022003790252667,-0.05000002607703169,SELL,0,2
0.20499999821186066,0.2199999988079071,0.20499999821186066,0.20999999344348907,2217594,0.0,0.0,FSG,2021-10-26 00:00:00+11:00,Telecommunication Services,0.04999995157122683,0.04879011804678982,0.004999995231628418,0.02439022085483674,0.20399999916553496,1.0294117367769469,0.2,1.0499999672174454,0.18900000005960466,1.1111110760701677,0.17930000096559526,1.1712213737454729,0.1720750018954277,1.2203980306861126,0.138532501347363,1.5158897110861016,0.03451967151948443,0.5479827970811697,0.03693639432259383,0.586347082230008,0.04079309457733782,0.6475703007622403,0.03630802926869396,0.5763720962389115,66.66666666666666,76.92308750378834,70.0000029802333,0.00864839821523189,0.00695943614795383,0.0016889620672780594,0.22054803836109577,0.17945196163890426,0.48666414125556473,0.21720973804725655,0.16079026207195277,0.7444235530679739,0.2050150786849335,0.15358492324625703,1.1938518254917359,1176603.0,1291299.7,1.8847427722009888,1.7173348681177576,0.0,0.13513508506549265,0.2727271824172084,0.13513508506549265,0.0,0.13513508506549263,0.27272718241720845,0.13513508506549263,77.77776673988103,70.37036669107147,81.81816950317084,73.93938784756865,-22.222233260118966,-18.181830496829168,0.00999999578510012,0.009047616805349077,105.4487095478324,127.93397734239251,83.53569064158992,84.36987544545269,0.19269803446990189,-0.19047615668670825,SELL,0,2
0.2199999988079071,0.23499999940395355,0.20999999344348907,0.23000000417232513,773071,0.0,0.0,FSG,2021-10-27 00:00:00+11:00,Telecommunication Services,0.09523814930126684,0.09097182756775173,0.01000000536441803,0.04545457008456409,0.2080000013113022,1.1057692438573437,0.20499999970197677,1.1219512414960617,0.19224999994039535,1.196358929745819,0.18010000109672547,1.2770683107814091,0.1728750018775463,1.3304410798227644,0.13944250136613845,1.6494254041557035,0.054616783421637116,0.8670145580635632,0.04197439302383949,0.6663228322437825,0.044590544074101186,0.7078529426708198,0.03844137753570868,0.6102379500853808,77.77779249497831,82.35295355114044,78.26087350881463,0.01057177490255004,0.007681903898873073,0.002889871003676968,0.22809400851950812,0.18190599088444542,1.0825320397111018,0.22361793503314376,0.16088206484764694,1.2034583762147861,0.2094111389912424,0.15078886320220855,1.7024246296809302,1248185.6,1329953.25,0.6193558073414722,0.5812768230762999,0.09523814930126684,0.27777775018303585,0.3939393638360391,0.21052635293918343,0.09523814930126678,0.2777777501830359,0.39393936383603917,0.2105263529391835,91.66667494508923,78.70370278387898,92.8571489392501,81.55843848739617,-8.333325054910777,-7.142851060749912,0.011785710496561868,0.009999998268626985,167.30977245680498,169.12752395917306,85.24860580111066,84.96281283977295,0.1959742701904625,-0.21739128744669833,SELL,0,2
0.22499999403953552,0.23000000417232513,0.2150000035762787,0.2150000035762787,703220,0.0,0.0,FSG,2021-10-28 00:00:00+11:00,Telecommunication Services,-0.06521739271277516,-0.06744128230222228,-0.009999990463256836,-0.04444440323629388,0.21100000143051148,1.018957356012552,0.20799999982118605,1.0336538642361077,0.19375,1.1096774378130512,0.18080000102519989,1.1891593050727471,0.17352500185370445,1.2390145585910497,0.14027750138193368,1.5326763127245757,0.06029706834670999,0.9571862857899551,0.05080730578011498,0.8065409752763926,0.04115744095789876,0.6533541202465447,0.03886226848686056,0.6169193868003326,54.54546439746334,66.66667218561687,69.23077099422053,0.010761636648171091,0.008297850448732677,0.0024637861994384145,0.22697366548899855,0.18902633415337355,0.36893259729814104,0.2264970372117767,0.16100296278822332,0.6489137761945875,0.2117284893609711,0.14987151268942867,1.1057767253216773,863876.0,1245868.15,0.8140288652538096,0.5644417509188272,0.0750000018626451,0.1621621665160442,0.1621621665160442,0.1944444168497026,0.07500000186264512,0.16216216651604412,0.16216216651604412,0.1944444168497026,63.63636609936584,77.69360259477871,69.23077452112251,81.3020309878478,-36.36363390063416,-30.769225478877487,0.012142853013106756,0.010714284011295863,121.67220199784174,128.7356554540538,81.19955221770012,82.46900484394854,0.20143787228035126,-0.11627909555636295,SELL,0,2
0.22499999403953552,0.23749999701976776,0.22499999403953552,0.23499999940395355,518801,0.0,0.0,FSG,2021-10-29 00:00:00+11:00,Telecommunication Services,0.09302323486045516,0.08894746684627411,0.01000000536441803,0.044444469463678714,0.21800000071525574,1.077981645105142,0.21149999946355819,1.1111111111111112,0.1967500001192093,1.1944091449126755,0.1820000010728836,1.2912087803221803,0.17437500178813933,1.3476702336581012,0.1412125013768673,1.6641586057369424,0.06798545714418897,1.079235674235381,0.05260793008935679,0.8351250000378604,0.042539574272749264,0.6752948064255354,0.040546741898773456,0.6436595732284647,66.66667328940602,72.72727765327778,69.23077099422053,0.012383190256797849,0.009114918410345712,0.0032682718464521372,0.2360175671153866,0.18698243181172977,0.9584963840669916,0.2330636917345083,0.16043630850391027,1.0533216972253374,0.21646382334492625,0.14753617880084097,1.537844465210813,914529.6,1263950.35,0.567287269870762,0.41045995200681734,0.17499997951090362,0.17499997951090362,0.3428571623198844,0.3428571623198844,0.17499997951090365,0.17499997951090365,0.34285716231988433,0.34285716231988433,95.65217729326967,83.65173944590826,96.29629956678458,86.12807434238573,-4.347822706730325,-3.703700433215419,0.01303571036883763,0.010833331516810827,169.00900919477456,163.27455325667228,79.47345846390893,81.36358680640103,0.20613657007765557,-0.23404252081232513,SELL,0,2
0.23999999463558197,0.23999999463558197,0.2199999988079071,0.23000000417232513,1022260,0.0,0.0,FSG,2021-11-01 00:00:00+11:00,Telecommunication Services,-0.02127657550770312,-0.021506184544051773,-0.009999990463256836,-0.041666627861558524,0.2240000009536743,1.0267857285406516,0.21400000005960465,1.0747663743376825,0.19950000047683716,1.1528822236721206,0.18320000112056734,1.255458530379363,0.17512500181794166,1.3133476190420317,0.14212250139564275,1.618322235492096,0.07127930392584717,1.1315238708814894,0.05389275260693084,0.8555209252000014,0.04321329449315026,0.6859897833640354,0.04043018655344272,0.6418093144821424,71.42857446962505,69.56522415175762,72.00000810623362,0.013113659245001769,0.009914666577276923,0.0031989926677248454,0.24058320408156364,0.18741679603764566,0.6018839602443606,0.23718288794956255,0.16181711300411178,0.8093860566699848,0.2200538211452879,0.14634618109584677,1.2698820100702073,1046989.2,1313100.95,0.9763806541652961,0.7785083089003934,0.1500000037252902,0.12195124965136728,0.31428576050972534,0.3529411867828105,0.15000000372529024,0.12195124965136735,0.3142857605097253,0.3529411867828104,83.33334575097025,80.87396304786859,85.71429787850018,83.74712398880241,-16.666654249029747,-14.285702121499824,0.014107138982840947,0.011309521538870675,128.9609454565058,135.82849331339577,74.70314331958829,78.10145492660489,0.21115471838839353,-0.1739130688299524,SELL,0,2
0.23000000417232513,0.23000000417232513,0.2150000035762787,0.2150000035762787,787244,0.0,0.0,FSG,2021-11-02 00:00:00+11:00,Telecommunication Services,-0.06521739271277516,-0.06744128230222228,-0.015000000596046448,-0.06521739271277513,0.22500000298023223,0.9555555587933388,0.2145000010728836,1.0023310139901827,0.2015000008046627,1.0669975320977942,0.18390000104904175,1.1691136614998894,0.17575000181794168,1.2233285994443166,0.14295750141143798,1.503943489873254,0.08126462292485152,1.290035895879573,0.058971687382593146,0.936146515249122,0.04669538794525243,0.7412663032609278,0.040977746833016054,0.6505015644475506,58.82353044298701,64.00000190734909,64.28571960755868,0.012339939353511076,0.010399721132523755,0.001940218220987321,0.24093650865981353,0.1880634934859537,0.0189133342122041,0.23793306831728073,0.1650669332920447,0.3705425783030888,0.22181989493653245,0.14598010716155105,0.8201500410183489,760919.2,1349380.2,1.034596051722706,0.5834115544306935,0.023809572804273094,0.023809572804273094,0.2285714699297543,0.1944444168497026,0.023809572804273028,0.023809572804273028,0.22857146992975422,0.1944444168497026,58.33333954215179,79.10628752879724,64.28572340887513,82.0987736180533,-41.66666045784821,-35.714276591124865,0.014821425080299377,0.011785711560930525,58.33335708880746,85.68967417538167,72.073465302164,75.66592858889246,0.23999999463558197,-0.11627909555636295,SELL,0,2
0.2199999988079071,0.2199999988079071,0.20999999344348907,0.2150000035762787,458426,0.0,0.0,FSG,2021-11-03 00:00:00+11:00,Telecommunication Services,0.0,0.0,-0.004999995231628418,-0.02272725117600642,0.22200000286102295,0.9684684720967034,0.21500000208616257,1.0000000069307726,0.20350000113248826,1.0565110682053676,0.18460000097751617,1.1646804032382707,0.1763500018417835,1.219166437940675,0.14381250143051147,1.4950021829650477,0.06504569986816154,1.0325684742318137,0.058971687382593146,0.936146515249122,0.04669538794525243,0.7412663032609278,0.040977746833016054,0.6505015644475506,58.82353044298701,62.500003104409224,64.28571960755868,0.011593122465835909,0.010638401399186186,0.0009547210666497226,0.24124669520139816,0.188753308970927,5.6773480273927255e-08,0.23815620673706964,0.16884379552790688,0.33183097350594515,0.2235054331853718,0.14569456876966053,0.781381952945488,697990.2,1352761.7,0.6567799949053726,0.3388815635451536,-0.06521739271277516,0.023809572804273094,0.2285714699297543,0.1944444168497026,-0.06521739271277513,0.023809572804273028,0.22857146992975422,0.1944444168497026,50.00001490116208,63.88890006476138,64.28572340887513,71.42858156541682,-49.99998509883792,-35.714276591124865,0.014821426144668035,0.012261902292569479,16.9621675956253,58.453977772381805,69.36985433833324,74.44044475904346,0.2394999948143959,-0.11627909555636295,SELL,0,2
0.2150000035762787,0.2199999988079071,0.2150000035762787,0.2150000035762787,644590,0.0,0.0,FSG,2021-11-04 00:00:00+11:00,Telecommunication Services,0.0,0.0,0.0,0.0,0.22200000286102295,0.9684684720967034,0.2165000021457672,0.9930716002095992,0.2055000014603138,1.046228720430445,0.1853000009059906,1.1602806396388308,0.17695000186562537,1.2150325024554012,0.14466750144958496,1.4861665641692432,0.0577728243573906,0.917115154724823,0.056207791017315316,0.8922710206566391,0.04669538794525243,0.7412663032609278,0.040977746833016054,0.6505015644475506,53.333339956071384,57.142859170226515,64.28571960755868,0.010875894163915656,0.010685899952132082,0.00018999421178357394,0.24056011250735027,0.19243989178418414,-0.062343794228125055,0.23776534732652438,0.17323465559410323,0.2944336054960324,0.225116416602773,0.1454835852092082,0.7459235631972808,686264.2,1368360.75,0.9392738248622032,0.4710672971290648,0.0,0.0750000018626451,0.2285714699297543,0.1944444168497026,0.0,0.07500000186264512,0.22857146992975422,0.1944444168497026,44.44446652023793,50.92594032118395,61.53847388261919,63.36997356678981,-55.55553347976207,-38.46152611738081,0.014107140047209603,0.01202380657196045,20.408179594588542,60.34483928034104,52.61891607371708,74.77222607890134,0.23831999475955964,-0.16279067833272787,SELL,0,2
0.2199999988079071,0.2224999964237213,0.21250000596046448,0.2199999988079071,6880312,0.0,0.0,FSG,2021-11-05 00:00:00+11:00,Telecommunication Services,0.023255791388182345,0.022989496172240335,0.0,0.0,0.21900000274181367,1.0045661920254512,0.2185000017285347,1.0068649751373275,0.20725000128149987,1.0615198911824826,0.1861000007390976,1.1821601178623073,0.1776000018417835,1.2387387191802848,0.1455475014448166,1.5115340120855232,0.033342988051701015,0.5293035261155936,0.056290943575398704,0.8935910265940441,0.045547587013423575,0.7230455283395637,0.0410590681529329,0.6517925003802756,41.66666045784821,57.142859170226515,65.51724563172357,0.010588881362781327,0.010666496234261932,-7.761487148060485e-05,0.23960818939470022,0.1973918140623692,0.07106233387230865,0.23861793514913432,0.17588206741386542,0.40646596553695014,0.22707236592161836,0.14512763555657684,0.8273868964555553,1958566.4,1628915.05,3.512932724670453,4.223861766149192,-0.06382978993230626,0.09999997764825852,0.18918916741977942,0.22222216703273845,-0.06382978993230624,0.09999997764825855,0.1891891674197794,0.2222221670327385,55.5555665934523,50.00001600495077,69.23077452112251,65.01832393753894,-44.4444334065477,-30.769225478877487,0.01374999646629606,0.0124999965940203,27.81145138736115,63.03513878999643,65.9777052947227,80.86478926571212,0.23718719470691682,-0.20454546378171157,SELL,0,2
0.2150000035762787,0.2199999988079071,0.20499999821186066,0.20499999821186066,3940952,0.0,0.0,FSG,2021-11-08 00:00:00+11:00,Telecommunication Services,-0.06818182126057049,-0.07061757051798023,-0.01000000536441803,-0.04651165208409023,0.21400000154972076,0.9579439099407248,0.21900000125169755,0.9360730458455723,0.2082500010728836,0.9843937438449976,0.18660000056028367,1.0986066323490316,0.1781000018119812,1.151038720528917,0.146352501437068,1.40072766914757,0.0418825327194902,0.6648645951197808,0.06164348127883471,0.9785599284723749,0.04874859784836843,0.7738600000192876,0.04233520922884287,0.6720506119284286,41.66666045784821,47.82608864663484,56.66666699780367,0.009046761526734726,0.010342549292756492,-0.0012957877660217665,0.23832183939486287,0.19967816310853223,-0.7245689015767418,0.23785707571842965,0.17864292642733756,-0.10977115773617525,0.22787755800721804,0.1453224431133493,0.4457627531675455,2542304.8,1694226.3,1.5501492975979907,2.3261072030342107,-0.10869567611717734,0.024999975785613415,0.10810808416175743,0.1388888336994052,-0.10869567611717729,0.024999975785613422,0.10810808416175734,0.1388888336994052,22.222233260118966,40.74075545793641,41.66666045784821,57.47863628719664,-77.77776673988103,-58.33333954215179,0.014107140047209603,0.012738091605050223,-41.3625347325717,13.734309709462885,55.701065457202084,71.11457995615353,0.23609970665637972,-0.17073169136104083,SELL,0,2
0.20999999344348907,0.21250000596046448,0.20499999821186066,0.20499999821186066,1611398,0.0,0.0,FSG,2021-11-09 00:00:00+11:00,Telecommunication Services,0.0,0.0,-0.004999995231628418,-0.023809501846360367,0.21200000047683715,0.9669811214658874,0.2185000017285347,0.9382150873689854,0.20925000086426734,0.9796893541942515,0.18720000058412553,1.095085457116417,0.17860000178217889,1.1478163279185143,0.14711250143125654,1.3934913499357093,0.03459018268049535,0.5491021270613057,0.05950304700960245,0.9445815878279619,0.04874859784836843,0.7738600000192876,0.042098400093209004,0.6682913834419765,12.499990686772307,47.82608864663484,56.66666699780367,0.007735450982518904,0.009821129630708976,-0.0020856786481900716,0.2390750693277759,0.19792493412929352,-0.6561341026734676,0.2368324121782105,0.1816675895503242,-0.15408379651920692,0.22866107158304474,0.14573892958520632,0.42931832677933296,2707135.6,1758975.75,0.5952409624401526,0.9161001793231089,-0.04651165208409025,-0.023809501846360326,0.10810808416175743,0.17142858115994208,-0.04651165208409023,-0.023809501846360367,0.10810808416175734,0.17142858115994217,22.222233260118966,33.33334437123008,41.66666045784821,50.854698478939646,-77.77776673988103,-58.33333954215179,0.013928569853305817,0.012619044809114365,-62.74508463332821,-7.150401376092581,51.885399355226106,65.93277452460228,0.23423372414970858,-0.17073169136104083,SELL,0,2
0.20999999344348907,0.2150000035762787,0.20999999344348907,0.2150000035762787,2426386,0.0,0.0,FSG,2021-11-10 00:00:00+11:00,Telecommunication Services,0.04878051439826536,0.047628074345739874,0.005000010132789612,0.023809572804273028,0.21200000047683715,1.0141509579844048,0.21700000166893005,0.9907834189987579,0.2110000006854534,1.018957359610573,0.1881000006198883,1.1430090529917105,0.17920000180602075,1.1997767935795587,0.14792250145226718,1.4534638169680805,0.04349183762002485,0.6904115184227342,0.05257913597370464,0.8346679076224346,0.0489707304321872,0.7773862454684997,0.04229693178495478,0.6714429763443219,33.33333333333333,56.52173969380574,59.37500232830692,0.007417638864610887,0.009340431477489359,-0.0019227926128784715,0.23597366873293682,0.19802633460492328,-0.1054091486850941,0.23497367101268782,0.187026330358219,0.16684983301373002,0.22998857994812139,0.1462114212916552,0.6421798826263764,3100727.6,1874514.85,0.7825214959224409,1.294407456948127,0.0,-0.06521739271277516,0.1944444168497026,0.26470589008710776,0.0,-0.06521739271277513,0.1944444168497026,0.2647058900871078,37.500009313227686,27.314825277821882,58.33333954215179,47.222220152616075,-62.499990686772314,-41.66666045784821,0.01357142733676093,0.012857140529723395,-25.55555207861813,23.109405945865692,62.58416444496687,67.94477302071067,0.2324797005934377,-0.18604653902863555,SELL,0,2
0.2150000035762787,0.22499999403953552,0.20999999344348907,0.22499999403953552,579709,0.0,0.0,FSG,2021-11-11 00:00:00+11:00,Telecommunication Services,0.04651158277636491,0.04546233095194954,0.009999990463256836,0.0465115827763649,0.21399999856948854,1.0514018483344763,0.21800000071525574,1.0321100610151968,0.2130000002682209,1.0563379988554158,0.18910000056028367,1.1898466069428022,0.1798500017821789,1.2510424899080013,0.14877250142395496,1.5123762246784849,0.04802371901915327,0.7623529053427337,0.05029697781938367,0.798439770049326,0.04950389554317435,0.7858499792169485,0.042561933022257234,0.6756497405704822,62.499990686772314,59.999997615813925,63.63636281536283,0.007881829306457144,0.009048711043282916,-0.001166881736825772,0.2375505050998616,0.1984494963306499,0.3580466870098556,0.2343738655846445,0.19162613495179734,0.5614330208253853,0.232085047446043,0.14611495367452434,0.8351739984060667,3087751.4,1860690.65,0.18774471286775224,0.31155581934052284,0.04651158277636491,0.04651158277636491,0.21621616832351465,0.2857142735500724,0.0465115827763649,0.0465115827763649,0.21621616832351467,0.2857142735500723,62.499990686772314,40.74074442003967,74.99999379118154,58.33333126372719,-37.500009313227686,-25.00000620881846,0.01428571343421936,0.013333331261362349,27.672895783134255,61.87840880679497,63.14367023923301,68.64546379421645,0.23083091845054307,-0.22222221486362392,SELL,0,2
0.22499999403953552,0.22499999403953552,0.20999999344348907,0.2150000035762787,954655,0.0,0.0,FSG,2021-11-12 00:00:00+11:00,Telecommunication Services,-0.04444440323629384,-0.045462330951949494,-0.009999990463256836,-0.04444440323629388,0.21299999952316284,1.0093896904112356,0.21600000113248824,0.9953703817084881,0.2137500002980232,1.0058479685450883,0.19020000070333482,1.130389078765703,0.18050000175833703,1.1911357422817763,0.14953250143676997,1.4378145320279534,0.05269449034945701,0.8364991015677378,0.04185235269871893,0.6643855021426397,0.048086578081927074,0.7633507620292103,0.041124653899814095,0.6528336418350641,50.0,55.55555678198879,58.82353198982092,0.007357969823011873,0.008710562799228707,-0.0013525929762168345,0.23149193513291494,0.20050806713206154,-0.06454956212581392,0.23423748117901305,0.19326251941703337,0.06101302964071791,0.23295988991200633,0.1474401114946633,0.5799828608516258,1902620.0,1489694.75,0.5017581019856829,0.640839339737218,-0.02272725117600638,-0.08510636544000938,0.0750000018626451,0.34375005238689593,-0.02272725117600642,-0.08510636544000942,0.07500000186264512,0.343750052386896,28.571446817750264,42.857148939250095,50.00001490116208,61.111116078165146,-71.42855318224973,-49.99998509883792,0.014642857015132904,0.013571426981971377,-20.7407687034127,29.237473427083163,60.04246854122486,66.22544498246728,0.22928106323622213,-0.16279067833272787,SELL,0,2
0.20999999344348907,0.2150000035762787,0.20999999344348907,0.20999999344348907,4672082,0.0,0.0,FSG,2021-11-15 00:00:00+11:00,Telecommunication Services,-0.023255860695907793,-0.02353054526552943,0.0,0.0,0.21399999856948854,0.9813083871367382,0.21400000005960465,0.9813083803037315,0.21400000005960465,0.9813083803037315,0.19120000064373016,1.0983263218434274,0.18110000163316728,1.1595802956913335,0.1502325014024973,1.3978333016027267,0.04155341171529796,0.6596399611497378,0.0419264307494688,0.6655614547419951,0.04822548053773295,0.7655557701565612,0.04133340307159666,0.6561474322046282,45.454535602536666,50.0,53.12499767169308,0.006464825888659709,0.008261415417114908,-0.0017965895284551992,0.22629272613196683,0.20170727398724247,-0.32539622151906733,0.23415727725312396,0.19384272286608534,-0.198439827845479,0.23341229113844106,0.14898771014901926,0.4453677490472713,2048846.0,1621695.6,2.2803480593465784,2.8809858027610113,0.024390220854836775,-0.08695656680880426,0.024390220854836775,0.3124999883584676,0.02439022085483674,-0.0869565668088043,0.02439022085483674,0.31249998835846754,14.285702121499824,35.119046542007474,33.333333333333336,52.777780675225664,-85.71429787850018,-66.66666666666667,0.013571429465498244,0.013095236959911528,-82.96299092563468,-21.630281721515686,46.092375799645964,49.545566854376055,0.22782419933476045,-0.16666665484034793,SELL,0,2
0.20999999344348907,0.2150000035762787,0.20999999344348907,0.20999999344348907,803088,0.0,0.0,FSG,2021-11-16 00:00:00+11:00,Telecommunication Services,0.0,0.0,0.0,0.0,0.2149999976158142,0.9767441663824588,0.2134999990463257,0.9836065310610275,0.21400000005960465,0.9813083803037315,0.19200000047683716,1.0937499631351482,0.1817000015079975,1.155751192628614,0.15090750135481357,1.3915808794006688,0.04155341171529796,0.6596399611497378,0.03684585171778083,0.5849097629376607,0.04794502266524938,0.7611036394536304,0.04053566311919226,0.643483703054853,39.99999403953517,40.90908475158541,51.61290198533494,0.005691396015436084,0.007747411536779143,-0.0020560155213430586,0.22601665537860027,0.2009833427140511,-0.27962784228658116,0.23415727725312396,0.19384272286608534,-0.198439827845479,0.23408834176238397,0.14991165919129035,0.4276717118532094,1887184.0,1632960.45,0.4255483302105147,0.4917988062723748,0.024390220854836775,-0.023255860695907793,0.0,0.23529406608594794,0.02439022085483674,-0.023255860695907783,0.0,0.23529406608594797,14.285702121499824,19.04761702024998,33.333333333333336,38.88889385594292,-85.71429787850018,-66.66666666666667,0.012142858334950038,0.012619046937851678,-72.9641939652521,-24.65604464958966,44.36456887439246,46.44841588502159,0.22645474726738646,-0.14285708203607483,SELL,0,2
0.2150000035762787,0.2199999988079071,0.2150000035762787,0.2150000035762787,244147,0.0,0.0,FSG,2021-11-17 00:00:00+11:00,Telecommunication Services,0.023809572804273094,0.023530545265529484,0.0,0.0,0.2149999976158142,1.000000027723091,0.2134999990463257,1.0070257823730835,0.21425000056624413,1.0035005974704894,0.19290000051259995,1.1145671488074216,0.18220000147819518,1.1800219639515692,0.15163250137120485,1.41790184579193,0.03621114921752651,0.5748341731045578,0.037729006294922825,0.5989294072197375,0.048211654378810316,0.7653362866879818,0.04061521931512031,0.6447466185129327,62.500004656612106,50.0,51.61290663710276,0.0054194344328716,0.007281816115997636,-0.0018623816831260355,0.22601665537860027,0.2009833427140511,0.11984067390946812,0.2343222391184324,0.19417776201405587,0.03736519013983077,0.23499270576176867,0.15080729526343123,0.5250316636304856,1450736.2,1624409.9,0.16829179557248244,0.15029888699890342,0.0,0.0,0.023809572804273094,0.26470589008710776,0.0,0.0,0.023809572804273028,0.2647058900871078,28.571446817750264,19.04761702024998,44.44446652023793,37.03704439563487,-71.42855318224973,-55.55553347976207,0.011785715818405151,0.012619047647430784,-6.327644797172855,20.03437157678494,46.20613149933009,47.68522017623664,0.2251674623240549,-0.16279067833272787,SELL,0,2
0.2150000035762787,0.2150000035762787,0.20499999821186066,0.20999999344348907,1897185,0.0,0.0,FSG,2021-11-18 00:00:00+11:00,Telecommunication Services,-0.023255860695907793,-0.02353054526552943,-0.005000010132789612,-0.023255860695907783,0.21199999749660492,0.9905660185059773,0.21299999803304673,0.9859154712804635,0.21475000008940698,0.9778812263378798,0.19360000044107437,1.0847107074641062,0.18270000144839288,1.1494252423572509,0.15229750134050846,1.3788800971459718,0.026087060802249477,0.4141192519162395,0.03848256587124204,0.6108917946418086,0.04718154858734704,0.7489838641981867,0.04066533805757933,0.6455422288843519,55.55554819696017,35.29411558461457,50.0,0.004745737975165559,0.006774600487831221,-0.002028862512665662,0.22564910969992874,0.20035088636616472,-0.2371711681075822,0.23379979771913545,0.1957002024596785,-0.24934682972721978,0.23564176647644658,0.15155823440570215,0.39008810877774336,1714231.4,1588030.75,1.10672631477874,1.1946777478962545,-0.06666667108182567,-0.023255860695907793,0.04999995157122683,0.19999998297010113,-0.06666667108182565,-0.023255860695907783,0.049999951571226844,0.19999998297010121,14.285702121499824,19.04761702024998,33.333333333333336,37.03704439563487,-85.71429787850018,-66.66666666666667,0.010892859527042933,0.012619048357009888,-87.32394350431917,-50.14680468954764,41.76246266033867,45.03675703239716,0.22395741447732326,-0.11904758018971451,SELL,0,2
0.20999999344348907,0.2199999988079071,0.20999999344348907,0.20999999344348907,772950,0.0,0.0,FSG,2021-11-19 00:00:00+11:00,Telecommunication Services,0.0,0.0,0.0,0.0,0.210999995470047,0.9952606538008202,0.21199999749660492,0.9905660185059773,0.2152499996125698,0.9756097273935876,0.19440000027418136,1.080246878329761,0.1830500014126301,1.1472274887892981,0.15297250129282475,1.372795709481801,0.01965634986740173,0.31203488059453455,0.03749845504732347,0.5952695196261162,0.04718154858734704,0.7489838641981867,0.04039172799408935,0.6411988037791574,42.85713069293357,37.499995343387894,53.333330021964315,0.004163830631091964,0.00625244651648337,-0.0020886158853914063,0.2237378766230967,0.20026211837011315,-0.1703888778852682,0.23316059870441594,0.19733940052072366,-0.2931228677588348,0.23612993712936045,0.15267006341900227,0.373832177686883,1677890.4,1613401.6,0.4606677527924351,0.47908096781359333,-0.023255860695907793,-0.045454570084564105,0.04999995157122683,0.23529406608594794,-0.023255860695907783,-0.04545457008456409,0.049999951571226844,0.23529406608594797,19.999976158147774,20.952375032465962,24.99998137354462,34.25926040903863,-80.00002384185223,-75.00001862645537,0.01017857449395316,0.012380953345979964,-20.606129964175775,-24.561445125953966,45.27291114021734,49.83703230784942,0.22281996950139552,-0.11904758018971451,SELL,0,2
0.20999999344348907,0.2150000035762787,0.20999999344348907,0.20999999344348907,3276325,0.0,0.0,FSG,2021-11-22 00:00:00+11:00,Telecommunication Services,0.0,0.0,0.0,0.0,0.210999995470047,0.9952606538008202,0.21249999701976777,0.9882352771231044,0.21574999913573265,0.9733487568237433,0.19520000010728836,1.0758196379511586,0.1833000013232231,1.1456628037507997,0.15364750124514104,1.3667647813447934,0.016640834522416006,0.2641650585293463,0.029976879228609744,0.47586820512431477,0.04718154858734704,0.7489838641981867,0.04039172799408935,0.6411988037791574,20.000023841838015,46.1538391000434,53.333330021964315,0.003660469257460608,0.005734051064678818,-0.0020735818072182104,0.2233012334791886,0.20169876056034694,-0.23145531399770344,0.23238066571232074,0.19911933255914455,-0.3457471572629666,0.23655263824423675,0.15384736197033996,0.3578971984130074,1398739.0,1759219.75,2.3423419236898377,1.8623739302608444,0.0,0.024390220854836775,0.04999995157122683,0.23529406608594794,0.0,0.02439022085483674,0.049999951571226844,0.23529406608594797,24.99998137354462,19.761886551064084,24.99998137354462,27.777765360140865,-75.00001862645537,-75.00001862645537,0.009464289460863386,0.012380954055559067,-46.666693687434034,-53.27697274719342,41.38141502066994,44.839486216550675,0.22175077122402342,-0.16666665484034793,SELL,0,2
0.20999999344348907,0.20999999344348907,0.19499999284744263,0.19499999284744263,1342783,0.0,0.0,FSG,2021-11-23 00:00:00+11:00,Telecommunication Services,-0.07142857649699375,-0.07410797761202285,-0.015000000596046448,-0.07142857649699376,0.2079999953508377,0.9374999865674626,0.21149999648332596,0.9219857971147336,0.21499999910593032,0.9069767146899675,0.19569999992847442,0.9964230603919896,0.18355000123381615,1.0623807765549445,0.15426250122487545,1.2640790295703963,0.03607326944496128,0.5726453995703553,0.03812470215367204,0.6052108842421489,0.04867068429091837,0.7726231606386483,0.04181101957974934,0.6637293592204144,16.666683223495326,37.499995343387894,48.48484547451301,0.0020278018173815193,0.004992801215219359,-0.0029649993978378393,0.22644434136025998,0.19655565160639193,-1.1040968186802493,0.23391810950907785,0.1960818887027828,-1.0571883677748362,0.23640851925687387,0.15499148060007498,-0.017195591797008684,1506678.0,1715479.2,0.8912209509928465,0.7827451361695321,-0.07142857649699375,-0.04878051439826525,-0.07142857649699375,0.14705876939024543,-0.07142857649699376,-0.0487805143982653,-0.07142857649699376,0.14705876939024537,0.0,14.999985843897475,0.0,16.66665424902975,-100.0,-100.0,0.009821431977408273,0.012619049776168097,-225.39687225156476,-190.9527338003648,40.25099151380012,42.73722157182923,0.22074572484329366,-0.07692300638503313,SELL,0,2
0.19499999284744263,0.20499999821186066,0.19499999284744263,0.20000000298023224,774400,0.0,0.0,FSG,2021-11-24 00:00:00+11:00,Telecommunication Services,0.025641078544558438,0.02531785956523302,0.005000010132789612,0.025641078544558448,0.20499999523162843,0.9756097933283037,0.2099999964237213,0.952380982791486,0.2134999990463257,0.9367681680262482,0.19639999985694886,1.0183299548162195,0.18390000119805336,1.0875475893273094,0.15492250122129916,1.2909680737373461,0.03656140188550588,0.5803942618376194,0.035127561542042114,0.5576327520261601,0.04352453338451206,0.690930547593284,0.041648804462893846,0.661154274071845,33.33336644699067,41.176472650679194,46.87500349245908,0.0011243987701645142,0.00421912072620839,-0.003094721956043876,0.22632992869117302,0.19367006415626958,-0.6123720098595091,0.23216604200659682,0.19483395608605455,-0.7232382404147942,0.23614613187321698,0.15665386784068075,0.09057492995318109,1612728.6,1715545.65,0.4801799881269545,0.4514015701068637,-0.0697674434722727,-0.0697674434722727,-0.13043478542555031,0.21212118201785746,-0.06976744347227268,-0.06976744347227268,-0.13043478542555026,0.21212118201785737,16.666699780356893,13.88889371796718,11.111133186904596,12.03703818681641,-83.3333002196431,-88.8888668130954,0.010178575558321816,0.012142859754108247,-179.0589756087375,-168.10504154072066,40.39675571327556,40.281579763198984,0.21868606628362558,-0.09999997764825852,SELL,0,2
0.20000000298023224,0.20499999821186066,0.20000000298023224,0.20499999821186066,627369,0.0,0.0,FSG,2021-11-25 00:00:00+11:00,Telecommunication Services,0.024999975785613415,0.024692588966579433,0.004999995231628418,0.024999975785613422,0.20399999618530273,1.0049019708100855,0.20799999684095383,0.9855769294487677,0.21299999877810477,0.9624413116801085,0.1969999998807907,1.040609128608685,0.18430000111460687,1.1123168582314957,0.15559250120073556,1.3175442044432635,0.03968022499630391,0.629904043843854,0.032033204910086197,0.5085113633307674,0.04170825213140855,0.6620979765533201,0.040972134752728366,0.6504124754348769,42.85715502134696,41.176472650679194,41.379308927356945,0.0008026507172307906,0.00353582672441287,-0.0027331760071820795,0.2206491095549831,0.19535088412692456,-0.237170677257531,0.23202906521125197,0.19397093234495758,-0.4204095137483316,0.23633114112261872,0.15766885863896268,0.20340112385455256,1358765.4,1711753.1,0.4617198818868953,0.3665067117448188,-0.023809501846360326,-0.08888887269997259,-0.04651165208409025,0.17142858115994208,-0.023809501846360367,-0.0888888726999726,-0.04651165208409023,0.17142858115994217,33.33334989017845,16.66668322351179,22.222233260118966,11.11112214900786,-66.66665010982156,-77.77776673988103,0.00982143304177693,0.01119047829083034,-104.38594165931272,-119.35279848599924,23.55059963927073,39.90155390123907,0.21679118040873094,-0.14634147050620405,SELL,0,2
0.20999999344348907,0.20999999344348907,0.20499999821186066,0.20499999821186066,158600,0.0,0.0,FSG,2021-11-26 00:00:00+11:00,Telecommunication Services,0.0,0.0,-0.004999995231628418,-0.023809501846360367,0.20299999713897704,1.0098522221727637,0.20699999630451202,0.9903381732929637,0.21149999871850014,0.9692671368982334,0.19759999990463256,1.0374493841639654,0.18470000103116035,1.109907942974378,0.1562575012072921,1.3119370054427435,0.03968022499630391,0.629904043843854,0.029521999260252233,0.46864720948836136,0.035301160623276776,0.5603885520068174,0.040972134752728366,0.6504124754348769,33.33333333333333,50.0,46.153844390395264,0.0005414218926561298,0.0029369457580615222,-0.0023955238654053924,0.21873787430256444,0.1952621183064596,-0.17038838646842352,0.22775455585894946,0.19524544157805082,-0.3998878868538531,0.23647394435037766,0.15872605545888746,0.1903588229271664,1235895.4,1693743.05,0.1283280122249828,0.09363876061365979,-0.023809501846360326,-0.04651165208409025,-0.12765957986461252,0.17142858115994208,-0.023809501846360367,-0.04651165208409023,-0.1276595798646125,0.17142858115994217,33.33334989017845,27.77779985357127,22.222233260118966,18.51853323571418,-66.66665010982156,-77.77776673988103,0.009107146944318498,0.010714287559191385,-48.817981716041906,-75.88785859644078,28.956729105166303,41.03793178013934,0.21504788540382788,-0.14634147050620405,SELL,0,2
0.1850000023841858,0.19499999284744263,0.1850000023841858,0.19249999523162842,1707471,0.0,0.0,FSG,2021-11-29 00:00:00+11:00,Telecommunication Services,-0.06097562482568364,-0.06291384145870002,0.007499992847442627,0.040540501355602915,0.1994999974966049,0.9649122689081958,0.20524999648332595,0.9378806262112004,0.2096249982714653,0.9183064845269078,0.19794999986886977,0.9724677714531363,0.18497500091791153,1.0406811421888105,0.1568650011718273,1.2271698198680223,0.04681209678132176,0.7431189985971873,0.034238973316461425,0.5435268512492001,0.037255367731465636,0.5914106281183119,0.04198781906834188,0.6665359640928502,26.666674613950747,42.42424297157601,32.65306196923744,-0.000666565850293066,0.0022162434363906048,-0.002882809286683671,0.21986543823066002,0.1906345547359919,-0.872365096595401,0.22554213818504054,0.19370785835789006,-1.0758844323050467,0.23630507934405867,0.15959492039368087,-0.1420934257421327,922124.6,1728003.6,1.8516705876841373,0.9881177330880561,-0.08333332742017396,-0.08333332742017396,-0.1630435141757659,0.09999999148505068,-0.08333332742017395,-0.08333332742017395,-0.16304351417576593,0.09999999148505061,18.749986030158468,28.47222860350513,13.636352552853749,19.3602730243639,-81.25001396984153,-86.36364744714625,0.010000003235680717,0.010595240053676423,-192.08276712945167,-225.7090013329577,29.017511107062433,38.25891651047048,0.21344405399931707,-0.0649350046166508,SELL,0,2
0.1850000023841858,0.19499999284744263,0.1850000023841858,0.19499999284744263,699331,0.0,0.0,FSG,2021-11-30 00:00:00+11:00,Telecommunication Services,0.012987000923330161,0.01290339292688759,0.009999990463256836,0.05405400180747055,0.1994999974966049,0.9774435854354391,0.20374999642372132,0.9570551964178587,0.2086249977350235,0.9346914078585822,0.19844999969005583,0.9826152338221138,0.18527500078082085,1.0524894995311667,0.15749500114470721,1.2381344895402466,0.035943516928090675,0.5705856422206093,0.0348225581719303,0.5527909736280454,0.03498986827260264,0.5554469391372946,0.041765717922361764,0.663010217703855,31.250002328306053,36.666662693024634,35.41666433836062,-0.0014059687923644315,0.0014918009906395974,-0.002897769783004029,0.21925089476231638,0.18824909808512627,-0.5644836437958191,0.22559827679391822,0.19165171867612876,-0.8027326269899967,0.23596040493666356,0.1609395944434481,-0.09197466196196881,793434.2,1723607.95,0.8813976004563454,0.40573669899816833,0.0,-0.07142857649699375,-0.0930233041681805,0.14705876939024543,0.0,-0.07142857649699376,-0.09302330416818046,0.14705876939024537,24.99998137354462,25.694439097960522,22.222200146428737,19.360261986467155,-75.00001862645537,-77.77779985357127,0.01000000217131206,0.01011904932203747,-141.17199847891126,-185.3658592135994,21.611806043513525,40.63462850878235,0.21059964883780394,-0.07692300638503313,SELL,0,2
0.19499999284744263,0.19499999284744263,0.1899999976158142,0.19499999284744263,362904,0.0,0.0,FSG,2021-12-01 00:00:00+11:00,Telecommunication Services,0.0,0.0,0.0,0.0,0.19849999547004699,0.982367744571901,0.2017499953508377,0.9665427377499711,0.20762499719858168,0.939193235296885,0.19894999951124193,0.980145731724035,0.18557500064373017,1.0507880488806072,0.15811500109732152,1.2332795211974732,0.03318882423610157,0.5268562514121479,0.033275016126965165,0.528224505261681,0.03498986827260264,0.5554469391372946,0.041765717922361764,0.663010217703855,31.250002328306053,26.923085740328347,40.47618709724297,-0.0019692506553278533,0.0007995906614461072,-0.0027688413167739605,0.2159019488032724,0.187598041898403,-0.47696613234929885,0.22535655097504212,0.18989344342212125,-0.7120077862493588,0.23556841109769106,0.1623315879247928,-0.10786941575753727,711135.0,1718831.85,0.5103166065514987,0.21113409086525828,-0.025000050291418274,-0.0930233041681805,-0.0930233041681805,0.14705876939024543,-0.02500005029141828,-0.09302330416818046,-0.09302330416818046,0.14705876939024537,24.99998137354462,22.91664959241591,24.99998137354462,20.286178024275706,-75.00001862645537,-75.00001862645537,0.00928571607385363,0.009642858590398515,-105.35977969354616,-142.2340615425578,20.369159065245498,42.19777642331729,0.20803968419244212,-0.07692300638503313,SELL,0,2
0.1899999976158142,0.20000000298023224,0.1899999976158142,0.20000000298023224,270400,0.0,0.0,FSG,2021-12-02 00:00:00+11:00,Telecommunication Services,0.025641078544558438,0.02531785956523302,0.01000000536441803,0.052631607841587165,0.19749999642372132,1.0126582612748374,0.200749996304512,0.9962640431477661,0.20687499716877938,0.9667673992380135,0.19954999953508376,1.0022550911861534,0.18592500060796738,1.0757025807515943,0.15876000110059976,1.2597631745637263,0.033332684290684,0.5291399589802757,0.03454883139743317,0.5484456957930499,0.03561895920708815,0.5654334481254579,0.04187800844920361,0.6647927745555268,58.333345750961,37.500009313218435,43.181819721193925,-0.001989265544147023,0.00024181942032748104,-0.002231084964474504,0.21367069534840846,0.18782929726061556,-0.058045878302076866,0.22456197015468882,0.18918802418286995,-0.38870383270354997,0.2352026594637199,0.16389733960644762,0.012621875788488819,639741.2,1700122.35,0.42267091755228525,0.15904737679614644,-0.024390220854836775,-0.04761900369272076,-0.0697674434722727,0.17647059339140525,-0.02439022085483674,-0.047619003692720735,-0.06976744347227268,0.1764705933914052,42.85714893925009,30.952370562113117,37.500009313227686,28.240730277733686,-57.14285106074991,-62.499990686772314,0.008928573557308741,0.009642858590398515,-65.61676138876948,-97.57572297879341,22.806779898098696,43.21342977355051,0.2057357160116165,-0.09999997764825852,SELL,0,2
0.20000000298023224,0.20000000298023224,0.1899999976158142,0.19499999284744263,95201,0.0,0.0,FSG,2021-12-03 00:00:00+11:00,Telecommunication Services,-0.025000050291418274,-0.025317859565233025,-0.005000010132789612,-0.02500005029141828,0.1954999953508377,0.9974424423770559,0.19924999624490738,0.9786699950937973,0.20562499687075614,0.9483282471245859,0.20004999935626983,0.974756278305037,0.1862250004708767,1.0471203777923375,0.15939000107347964,1.2234142137783572,0.03435402988229529,0.5453533176086093,0.03510210859443987,0.5572286990092256,0.03538071633132172,0.5616514597199929,0.04207676208692111,0.6679478907409464,41.666654249039,37.500009313218435,41.30434613597473,-0.002381138239209102,-0.00028277211157983574,-0.002098366127629266,0.21080902608518026,0.1876909664046345,-0.3676782096934548,0.22293600862855661,0.18831398511295566,-0.6137714058524507,0.23469823064816522,0.16540176806437443,-0.14575077343149834,627061.4,1360866.8,0.15182085837208287,0.06995614853709416,-0.04878051439826525,-0.07142857649699375,-0.11363639134513459,0.14705876939024543,-0.0487805143982653,-0.07142857649699376,-0.1136363913451346,0.14705876939024537,28.571404242999648,32.142844851931464,24.99998137354462,29.16665735343898,-71.42859575700035,-75.00001862645537,0.00928571607385363,0.009880954311007545,-69.81626345613851,-99.07900484910445,31.67592231761843,41.9659068945457,0.20366214464887342,-0.05128200425668883,SELL,0,2
0.1850000023841858,0.1899999976158142,0.1850000023841858,0.1899999976158142,1301071,0.0,0.0,FSG,2021-12-06 00:00:00+11:00,Telecommunication Services,-0.025641002128344415,-0.025975462271824953,0.004999995231628418,0.027027000903735277,0.19499999582767485,0.9743589829802908,0.19724999666213988,0.9632446176476046,0.20487499684095384,0.9273947555606934,0.20044999927282334,0.94786729012263,0.18647500038146972,1.0189033233791847,0.1600000010430813,1.18749997735722,0.022802019114551982,0.3619708318034746,0.03548352763517593,0.56328353857178,0.032575815067497425,0.5171250325429738,0.0422773394863177,0.671131958245487,25.00001241762766,34.615397841258726,36.956525682725626,-0.003059885545963592,-0.0008381947984565872,-0.0022216907475070048,0.20737422910968276,0.187125764214597,-0.7161035746552061,0.22354632490734366,0.186203668774564,-0.7966760142743169,0.2341305203159483,0.16676947822969837,-0.31026840836662867,545781.4,1228872.75,2.38386833996175,1.0587516079268582,-0.012987000923330161,-0.09523807834335418,-0.07317073525310203,0.11764703304297397,-0.012987000923330156,-0.09523807834335413,-0.07317073525310204,0.11764703304297398,14.285702121499824,28.571418434583194,12.49999068677231,24.99999379118154,-85.71429787850018,-87.5000093132277,0.00964285752602986,0.009880954311007545,-111.28202927418396,-134.97042514628777,28.84348221971102,24.995884148272935,0.20179593042240465,-0.026315764707210976,HOLD,0,1
0.1850000023841858,0.1850000023841858,0.17000000178813934,0.17000000178813934,1319383,0.0,0.0,FSG,2021-12-07 00:00:00+11:00,Telecommunication Services,-0.10526313725600922,-0.11122561204341141,-0.015000000596046448,-0.08108108325802206,0.1899999976158142,0.8947368627439908,0.19474999755620956,0.8729140124331618,0.20312499701976777,0.8369230980054869,0.2005499991774559,0.8476689228889774,0.18652500033378602,0.9114059857066065,0.1604850010573864,1.0592890342901924,0.049057519439705544,0.7787639782510656,0.04289646529046041,0.680960275693634,0.03973461599854788,0.6307674742368367,0.04475562334623167,0.7104734948748327,15.000011920926099,21.87500873114608,35.41667235808076,-0.005152238395959435,-0.0017010035179571572,-0.003451234878002278,0.2148123994744148,0.17468759563800432,-1.2336506799622688,0.22745145003735923,0.17879854400217632,-1.3616861943528884,0.23382820153208306,0.16727179682282872,-0.9180182590322139,669791.8,1214272.0,1.9698404787875874,1.0865629776524535,-0.12820508705793598,-0.12820508705793598,-0.17073169136104083,0.030303000199675578,-0.128205087057936,-0.128205087057936,-0.17073169136104083,0.03030300019967555,0.0,14.285702121499833,0.0,12.499990686772316,-100.0,-100.0,0.010357142559119634,0.01011904932203747,-190.26761936650496,-197.95192170998646,25.271588029240988,27.89402876337317,0.20011633761858277,0.029411736347271455,HOLD,0,1
0.17000000178813934,0.18000000715255737,0.17000000178813934,0.18000000715255737,62325,0.0,0.0,FSG,2021-12-08 00:00:00+11:00,Telecommunication Services,0.05882356034843128,0.05715844305791106,0.01000000536441803,0.05882356034843122,0.18700000047683715,0.9625668807142765,0.19274999797344208,0.9338521870042175,0.2013749971985817,0.893854796556765,0.20084999918937682,0.8961912266817563,0.1866750003397465,0.9642427042986972,0.16103500109165908,1.1177694658449044,0.062168613157045166,0.9868961386039177,0.04725872883640534,0.7502090626689925,0.04055224916279541,0.6437469983345034,0.04548070023969596,0.7219837337238675,36.84212177413485,32.3529540667449,40.3846217771234,-0.005935109991290766,-0.0025478248126238794,-0.0033872851786668863,0.21441024944199338,0.17108974650489078,-0.5886354015509254,0.22710000813362927,0.17564998626353415,-0.83090304995374,0.23307386524402463,0.16862613313472902,-0.6470357095408843,609676.0,1096068.95,0.10222642846364298,0.05686229867199504,-0.07692300638503313,-0.09999997764825852,-0.16279067833272787,0.09090909090909083,-0.07692300638503319,-0.09999997764825855,-0.1627906783327278,0.09090909090909091,20.000011920929666,11.428571347476506,18.181830496829168,10.227273727867164,-79.99998807907033,-81.81816950317084,0.010357142559119634,0.010238096827552431,-148.50570388412538,-157.44452169504132,29.574917888282258,29.99240488118666,0.19650237731892956,-0.02777783296726144,HOLD,0,1
0.17499999701976776,0.1899999976158142,0.17499999701976776,0.1899999976158142,266278,0.0,0.0,FSG,2021-12-09 00:00:00+11:00,Telecommunication Services,0.05555550036607193,0.054067168985500444,0.015000000596046448,0.08571429057997108,0.18499999940395356,1.0270270174484866,0.19124999791383743,0.9934640506579959,0.19962499737739564,0.9517845966786156,0.2009499990940094,0.9455088254413352,0.1869750003516674,1.0161786188445372,0.1616400010883808,1.175451598221203,0.0681258929769674,1.081465023967545,0.05060258943200131,0.803291203997884,0.04123723535453778,0.6546208170236845,0.042863103788657445,0.6804306782708284,45.45455038054851,39.47368792549671,40.38461494375271,-0.00568311430975163,-0.00317488271204943,-0.0025082315977022003,0.2111455541470998,0.17135444168057506,-0.06282811515133248,0.22326010526656112,0.17598988948823016,-0.4072331637628619,0.23300368498394045,0.16889631320407836,-0.3416144251177956,608851.6,1080397.4,0.43734466658213594,0.24646301444264862,-0.05000002607703169,-0.07317073525310203,-0.15555554378179826,0.02702700090373522,-0.0500000260770317,-0.07317073525310204,-0.15555554378179826,0.027027000903735277,44.4444334065477,21.4814817758258,36.36363390063416,18.181821465821116,-55.5555665934523,-63.63636609936584,0.01071428507566452,0.010476191838582357,-73.58025846930565,-95.47652612770351,26.203189571169546,22.46287210395913,0.19332209225523472,-0.10526313725600922,SELL,0,2
0.1899999976158142,0.1899999976158142,0.18000000715255737,0.18000000715255737,112508,0.0,0.0,FSG,2021-12-10 00:00:00+11:00,Telecommunication Services,-0.05263152941442195,-0.054067168985500305,-0.009999990463256836,-0.052631529414422,0.1820000022649765,0.989011016002586,0.1887499988079071,0.9536424280232463,0.19787499755620958,0.9096652400535115,0.2010499992966652,0.8952997154053858,0.1870250004529953,0.962438212627068,0.16218500111252068,1.109843733500837,0.07088364502526351,1.1252429805517679,0.05256353331099418,0.8344202230305008,0.0416607965228406,0.6613446421218039,0.04282597571795913,0.6798412884204642,38.46154904224502,35.71429281007647,32.69231606869846,-0.006218636997241428,-0.0037836335690878296,-0.0024350034281535983,0.20719661167081213,0.17030338594500208,-0.47434137206540544,0.2218966390341751,0.17385335607824404,-0.7441202725487557,0.23280303173679623,0.16929696685653417,-0.6629285622970553,612313.0,1038290.05,0.18374262836163857,0.10835893110985702,-0.07692300638503313,-0.12195117696277546,-0.16279067833272787,0.028571486959652947,-0.07692300638503319,-0.12195117696277552,-0.1627906783327278,0.02857148695965302,25.00001862645538,29.81482131797759,18.181830496829168,24.242431631430836,-74.99998137354463,-81.81816950317084,0.01107142652784075,0.010238096117973328,-76.26663391112658,-96.22242987045348,36.32213022562224,20.02584907709803,0.19052344139918329,0.027777750183035854,HOLD,0,1
0.18000000715255737,0.1899999976158142,0.18000000715255737,0.1899999976158142,260912,0.0,0.0,FSG,2021-12-13 00:00:00+11:00,Telecommunication Services,0.05555550036607193,0.054067168985500444,0.009999990463256836,0.05555550036607185,0.1820000022649765,1.0439560178641667,0.1884999990463257,1.0079575521330368,0.1968749977648258,0.9650793639260175,0.20134999930858613,0.943630485563712,0.18722500041127205,1.0148217235863073,0.16271000109612943,1.1677216909583927,0.07657423299634146,1.215578264063015,0.053325035793650444,0.8465087001817013,0.04381346098429519,0.6955171310488578,0.043502547858264455,0.6905815381839198,42.85713677503434,47.500002235174314,40.38461494375271,-0.0057696183593483885,-0.004180830527139942,-0.0015887878322084466,0.20678781476900715,0.17021218332364424,0.08202174563844392,0.22043203532674485,0.17331796020290677,-0.29184485234787455,0.2323735249640638,0.17032647365310846,-0.3658514450877027,404281.2,817731.55,0.6453725773051034,0.3190680364479027,0.0,-0.012987000923330161,-0.09523807834335418,0.08571429057997104,0.0,-0.012987000923330156,-0.09523807834335413,0.08571429057997108,50.0,39.814817344334365,39.99999403953517,31.51515281233284,-50.0,-60.00000596046483,0.010714282946927207,0.010000000397364298,-39.118451383641506,-68.93938656179053,44.76585887156635,21.991077141362922,0.17000000178813934,-0.05263152941442195,SELL,0,2
0.1850000023841858,0.1899999976158142,0.1850000023841858,0.1899999976158142,240916,0.0,0.0,FSG,2021-12-14 00:00:00+11:00,Telecommunication Services,0.0,0.0,0.004999995231628418,0.027027000903735277,0.18600000143051149,1.0215053556695648,0.18799999952316285,1.0106382877538516,0.19587499797344207,0.9700063794848159,0.20164999932050706,0.9422266216516268,0.18732500031590463,1.0142799802236673,0.16322000108659268,1.1640730079092083,0.04912004716712389,0.7797565751518354,0.05313146848992888,0.843435914496098,0.04381346098429519,0.6955171310488578,0.043502547858264455,0.6905815381839198,46.153847917298066,44.736838390291595,42.00000262260406,-0.005352072493656129,-0.004415078920443179,-0.0009369935732129499,0.20576387722611794,0.17023612182020775,0.11258792286768853,0.21877494838765418,0.17297504755922996,-0.2565507894716546,0.2319143103999321,0.17138568824108202,-0.38494190976688125,188587.8,789622.95,1.2774739405200126,0.30510258092169185,0.11764703304297397,-0.025641002128344415,-0.09523807834335418,0.08571429057997104,0.11764703304297398,-0.025641002128344394,-0.09523807834335413,0.08571429057997108,50.0,41.66667287548514,39.99999403953517,32.72727285863317,-50.0,-60.00000596046483,0.010357139366013663,0.009999999687785194,-17.109150393231612,-53.14136151387667,40.48530219928397,30.02848815952636,0.17040000170469283,-0.05263152941442195,SELL,0,2
0.1899999976158142,0.1899999976158142,0.1899999976158142,0.1899999976158142,351,0.0,0.0,FSG,2021-12-15 00:00:00+11:00,Telecommunication Services,0.0,0.0,0.0,0.0,0.18799999952316285,1.0106382877538516,0.1875,1.0133333206176758,0.19462499767541885,0.9762363513688109,0.20194999933242797,0.9408269286649367,0.1874750003218651,1.0134684480043423,0.16373000107705593,1.1604470553102537,0.0454393425822558,0.7213272012654982,0.05313146848992888,0.843435914496098,0.04333725470603663,0.6879575907386191,0.043502547858264455,0.6905815381839198,50.0,41.666665286929344,42.00000262260406,-0.004963943140265825,-0.004524851764407709,-0.0004390913758581163,0.20465937878248114,0.17034062121751886,0.14569278104441516,0.21579317880015586,0.17345681655068185,-0.21848830716021705,0.23142309235288303,0.1724769063119729,-0.40545461951754297,176193.0,777433.15,0.001992133626194003,0.0004514857644030229,0.05555550036607193,-0.025641002128344415,-0.11627909555636295,0.08571429057997104,0.05555550036607185,-0.025641002128344394,-0.11627909555636291,0.08571429057997108,50.0,50.0,39.99999403953517,39.99999403953517,-50.0,-60.00000596046483,0.009999996849468775,0.009761903967176164,10.309263822577922,-37.45542004006715,34.58266310276649,30.02997133397021,0.17079200162291525,-0.05263152941442195,SELL,0,2
0.1899999976158142,0.1899999976158142,0.18000000715255737,0.18000000715255737,110248,0.0,0.0,FSG,2021-12-16 00:00:00+11:00,Telecommunication Services,-0.05263152941442195,-0.054067168985500305,-0.009999990463256836,-0.052631529414422,0.18600000143051149,0.9677419664956526,0.18550000041723252,0.970350440688386,0.19312499836087227,0.9320388798979321,0.20204999953508376,0.8908686343317825,0.18752500042319298,0.959872053040108,0.16420500110834838,1.0961907733479255,0.045089913296271246,0.7157801833163903,0.054470833699382944,0.8646976780495422,0.04446282322020123,0.7058254369708832,0.044197354703023196,0.7016112549066622,60.00001192093677,37.50000186264554,36.53846242018708,-0.005401004075387766,-0.0047000822266037206,-0.0007009218487840458,0.20073883188813343,0.17026116894633161,-0.36091962006257394,0.21395481697528188,0.17229517974646266,-0.6301058809621757,0.23118182360819103,0.1729181754619765,-0.7569039387026094,144987.0,688086.3,0.7603992082048735,0.1602240881703356,-0.05263152941442195,-0.09999997764825852,-0.14285708203607483,0.028571486959652947,-0.052631529414422,-0.09999997764825855,-0.14285708203607486,0.02857148695965302,33.33334989017845,44.44444996339282,20.000011920929666,33.333333333333336,-66.66665010982156,-79.99998807907033,0.010357139366013663,0.00976190325759706,-55.32642737091292,-78.7761794243169,32.34914247415172,28.64624641252037,0.17117616154277324,-0.02777783296726144,HOLD,0,1
0.18000000715255737,0.18000000715255737,0.17000000178813934,0.17499999701976776,592439,0.0,0.0,FSG,2021-12-17 00:00:00+11:00,Telecommunication Services,-0.02777783296726144,-0.028170933733023984,-0.005000010132789612,-0.02777783296726149,0.18499999940395356,0.9459459328842998,0.18350000083446502,0.9536784535365475,0.1913749985396862,0.9144350012025072,0.2018499994277954,0.8669804187062568,0.18757500037550925,0.9329601315177001,0.16465500108897685,1.0628283129110707,0.04032541575224215,0.6401461295743162,0.054567791152695035,0.86623682990485,0.044675257148454814,0.7091977210360323,0.04364458266327944,0.6928362708134309,44.44442972723904,40.540540105152274,36.53846242018708,-0.006080742037140152,-0.004976214188711007,-0.0011045278484291448,0.1984443375129335,0.16855566415599654,-0.5687775909749079,0.2121161937991711,0.1706338032802013,-0.7894917006979238,0.2315905429229068,0.17210945593268404,-0.9028080610712826,240973.2,679060.75,2.4585265083420063,0.8724388797320416,-0.02777783296726144,-0.10256408492959168,-0.16666665484034793,-0.05405408235428677,-0.02777783296726149,-0.10256408492959163,-0.1666666548403479,-0.054054082354286784,16.666650109821553,33.33333333333334,9.99999105930275,23.33333233992253,-83.33334989017844,-90.00000894069726,0.00964285433292389,0.00976190325759706,-133.53416216015592,-131.4596964197475,39.1885636580554,31.641473900656337,0.1899999976158142,0.0,HOLD,0,1
0.17499999701976776,0.17499999701976776,0.17000000178813934,0.17000000178813934,141144,0.0,0.0,FSG,2021-12-20 00:00:00+11:00,Telecommunication Services,-0.028571401810159047,-0.028987509324886983,-0.004999995231628418,-0.028571401810159033,0.18100000023841858,0.9392265279790624,0.18150000125169755,0.9366391218498648,0.18937499895691873,0.8976897833637109,0.20154999941587448,0.8434631718225141,0.18757500037550925,0.9063041527272491,0.16509000111371278,1.0297413570858516,0.022263476264322877,0.3534217290911259,0.05467246119517981,0.8678984153176497,0.04485880157798606,0.7121113985264577,0.04382888860458105,0.6957620369284453,24.99999068676884,36.8421077398056,35.18518722924037,-0.006942864082208372,-0.005369544167410481,-0.0015733199147978912,0.19786391452981908,0.165136087973576,-0.7027658524036325,0.21026789219892,0.16848210571491745,-0.927348689545283,0.23227076160266225,0.17082923722908672,-1.0269926714677675,217019.6,522301.7,0.6503744362260367,0.27023461727197134,-0.10526313725600922,-0.10526313725600922,-0.19047615668670825,-0.0810810832580221,-0.10526313725600916,-0.10526313725600916,-0.19047615668670825,-0.08108108325802206,0.0,16.666666666666675,0.0,10.00000099341081,-100.0,-100.0,0.009285711816379003,0.009523807536988031,-139.2473616363417,-146.8200538033539,29.517277330777915,27.14629767958337,0.18959999769926072,0.029411736347271455,HOLD,0,1
0.17499999701976776,0.18000000715255737,0.17000000178813934,0.17000000178813934,660800,0.0,0.0,FSG,2021-12-21 00:00:00+11:00,Telecommunication Services,0.0,0.0,-0.004999995231628418,-0.028571401810159033,0.1770000010728836,0.9604519816818426,0.18150000125169755,0.9366391218498648,0.18812499940395355,0.9036544974179902,0.20124999940395355,0.8447205082814012,0.18752500042319298,0.9065458013837916,0.1655250011384487,1.02703519479784,0.022263476264322877,0.3534217290911259,0.043146006977703516,0.6849216271707663,0.042450621589172774,0.6738827263503642,0.04382888860458105,0.6957620369284453,33.33331677647999,36.8421077398056,35.18518722924037,-0.0075391948687180965,-0.0058034743076720045,-0.001735720561046092,0.19786391452981908,0.165136087973576,-0.7027658524036325,0.21053710456577412,0.16571289424213298,-0.808714642598165,0.23290905557045646,0.16959094323745064,-0.9870792562943962,300996.4,488202.55,2.195375094187173,1.3535365597742166,-0.10526313725600922,0.0,-0.12820508705793598,-0.0810810832580221,-0.10526313725600916,0.0,-0.128205087057936,-0.08108108325802206,0.0,5.555550036607194,0.0,3.3333303531009215,-100.0,-100.0,0.009642855397292547,0.009761902548017957,-103.03030828470865,-123.72245777008295,32.69154912521829,40.08949015955777,0.1892079977810383,0.05882356034843128,BUY,0,0
0.17499999701976776,0.17499999701976776,0.17499999701976776,0.17499999701976776,146401,0.0,0.0,FSG,2021-12-22 00:00:00+11:00,Telecommunication Services,0.029411736347271455,0.02898750932488704,0.0,0.0,0.17400000095367432,1.005747103796624,0.18100000023841858,0.9668508109903456,0.18687499910593033,0.9364548380308957,0.20114999920129775,0.8699975029313285,0.18757500037550925,0.9329601315177001,0.16598500113934278,1.0543121114470877,0.031451610017578006,0.4992788306345953,0.03961129092698153,0.6288097494181338,0.04260646368338418,0.6763566429008374,0.043865004919625084,0.6963353656557167,19.99998807906678,36.8420978332136,42.00000071525582,-0.007521628829771421,-0.006147105212091888,-0.0013745236176795324,0.19786547835959967,0.1641345221172375,-0.3557564852617795,0.2092871040927847,0.16446289411907597,-0.5298476913760558,0.23311314693528523,0.16918685146731027,-0.8181297536513849,330206.4,456802.6,0.4433620911042305,0.32049073275852635,-0.07894737254879813,-0.02777783296726144,-0.1250000279396768,-0.02777783296726144,-0.07894737254879816,-0.02777783296726149,-0.12500002793967682,-0.02777783296726149,16.666650109821553,5.555550036607194,12.49999068677231,4.166663562257441,-83.33334989017844,-87.5000093132277,0.009285711816379003,0.009285711816379003,-71.98586353075204,-98.47790377234799,30.754923872564717,46.71639461697787,0.18882383786118032,0.0,HOLD,0,1
0.18000000715255737,0.18000000715255737,0.17499999701976776,0.17499999701976776,314189,0.0,0.0,FSG,2021-12-23 00:00:00+11:00,Telecommunication Services,0.0,0.0,-0.005000010132789612,-0.02777783296726149,0.1729999989271164,1.0115606826881771,0.17950000017881393,0.9749303445428225,0.18537499904632568,0.9440323556038688,0.2009499990940094,0.8708633879510416,0.18772500038146972,0.9322146579526227,0.16645000111311675,1.0513667518742795,0.024020082620493096,0.3813069905102964,0.03414366081399641,0.5420138121790542,0.04201870596398896,0.667026278360768,0.04368649315549348,0.6935015792517668,19.99998807906678,38.88888612941332,39.58332867671949,-0.007422149695784475,-0.006402114108830406,-0.0010200355869540685,0.19545131327862747,0.1635486870790004,-0.2821086346238646,0.206667136046209,0.16408286204644235,-0.4872691748420913,0.23344630930816368,0.16845368887985512,-0.7985522634178545,370994.6,441143.6,0.8468829465442355,0.7122147980838893,-0.02777783296726144,-0.07894737254879813,-0.14634147050620405,-0.05405408235428677,-0.02777783296726149,-0.07894737254879816,-0.14634147050620408,-0.054054082354286784,24.99998137354462,13.888877161122068,12.49999068677231,8.333327124514879,-75.00001862645537,-87.5000093132277,0.008928569299834115,0.009047616805349077,-44.89796961014272,-76.86917016663433,35.19271784082406,43.702548636277776,0.1884473611397195,0.028571486959652947,HOLD,0,1
0.17749999463558197,0.18000000715255737,0.17749999463558197,0.18000000715255737,225403,0.0,0.0,FSG,2021-12-24 00:00:00+11:00,Telecommunication Services,0.028571486959652947,0.028170933733023967,0.002500012516975403,0.014084577986089954,0.17400000095367432,1.0344827940574581,0.17950000017881393,1.0027855541684978,0.18412499949336053,0.9775967828803611,0.2005499991774559,0.8975318269300269,0.1878250004351139,0.958338915136807,0.1669550011307001,1.0781348622893006,0.02410754059777324,0.3826953428586084,0.03183940102340754,0.5054348220071506,0.042749487404189844,0.678627074081847,0.04230254938091052,0.6715321529155116,33.33334989017844,44.44444812374457,39.58333617904144,-0.006860766093654408,-0.006493844505795206,-0.0003669215878592015,0.19545131327862747,0.1635486870790004,0.03134581903161869,0.2034064969432126,0.16484350204350845,-0.21393526885199468,0.23358198657849785,0.16751801177641393,-0.6221239968216471,297587.4,444483.75,0.7574346225680253,0.5071119022911411,0.028571486959652947,0.0,-0.12195117696277546,-0.09999997764825852,0.02857148695965302,0.0,-0.12195117696277552,-0.09999997764825855,50.00003725291076,30.555556245425652,25.00001862645538,16.66666666666667,-49.99996274708924,-74.99998137354463,0.008571427847657884,0.009047617514928183,-9.75346174615661,-50.12517486297422,49.41957229473233,40.76308020742294,0.1880784139526879,0.027777750183035854,HOLD,0,1
0.17499999701976776,0.17499999701976776,0.17499999701976776,0.17499999701976776,145356,0.0,0.0,FSG,2021-12-29 00:00:00+11:00,Telecommunication Services,-0.02777783296726144,-0.028170933733023984,0.0,0.0,0.175,0.9999999829701015,0.1780000001192093,0.9831460500144248,0.1832499995827675,0.9549795220639359,0.19994999915361406,0.8752187935010785,0.18787500038743019,0.9314703747645404,0.1674150011315942,1.0453065486181343,0.02382496057336661,0.37820952403828134,0.02622645621018946,0.41633208541612104,0.04109870539449197,0.652421722083207,0.04229331310140105,0.6713855315237824,39.999988079081,53.33333068423758,37.99999952316284,-0.006741611474730486,-0.006543397899582263,-0.00019821357514822249,0.19229840651191865,0.16370159372649995,-0.20981380840953134,0.20251955180339948,0.16398044736213552,-0.4281367033618158,0.23373337202964065,0.16616662627758746,-0.7385290457943398,298429.8,366378.0,0.4870693208251991,0.3967377953916447,0.029411736347271455,-0.07894737254879813,-0.09090908387194263,-0.14634147050620405,0.029411736347271383,-0.07894737254879816,-0.09090908387194259,-0.14634147050620408,24.99998137354462,33.33333333333334,16.666650109821553,18.05555314101642,-75.00001862645537,-83.33334989017844,0.007500000298023224,0.009047618224507286,-62.2722913190009,-80.45981059161318,66.7864159900385,38.97133162388759,0.18771684570939692,0.057142888769811995,BUY,0,0
0.17749999463558197,0.18000000715255737,0.17749999463558197,0.18000000715255737,5341,0.0,0.0,FSG,2021-12-30 00:00:00+11:00,Telecommunication Services,0.028571486959652947,0.028170933733023967,0.002500012516975403,0.014084577986089954,0.1770000010728836,1.0169491867880749,0.1770000010728836,1.0169491867880749,0.1825000002980232,0.9863014074444748,0.1993499994277954,0.9029345757171843,0.18797500044107437,0.9575741813017472,0.16789000116288663,1.072130596853839,0.025388844560544823,0.40303541269485943,0.028626494801987177,0.4544315169212476,0.04158138335746277,0.6600839972033188,0.042351216487521874,0.6723047192822479,60.00001192091901,50.0,44.68085646035683,-0.00617256802794669,-0.006469231925255148,0.0002966638973084584,0.18873788019937557,0.16526212194639164,0.25558331682789787,0.20099608485526801,0.1640039157407784,-0.13516337134642945,0.23346878864639498,0.16523121020919584,-0.567135959932879,167338.0,331678.5,0.03191743656551411,0.016102943060825468,0.05882356034843128,-0.05263152941442195,-0.07692300638503313,-0.14285708203607483,0.05882356034843122,-0.052631529414422,-0.07692300638503319,-0.14285708203607486,50.00003725291076,41.66668529312205,33.33334989017845,25.000006208818462,-49.99996274708924,-66.66665010982156,0.007142857781478337,0.008333333191417512,-12.362001016923871,-35.546853608681516,66.20526909596572,48.50939184767432,0.18736250883097177,0.0,HOLD,0,1
0.18000000715255737,0.1850000023841858,0.18000000715255737,0.18000000715255737,499013,0.0,0.0,FSG,2021-12-31 00:00:00+11:00,Telecommunication Services,0.0,0.0,0.0,0.0,0.17800000309944153,1.011235977630846,0.1760000020265579,1.0227273015905753,0.18175000101327896,0.9903714231033555,0.19874999970197677,0.9056604147042275,0.18812500044703484,0.9568106669758387,0.1683500012010336,1.069201104059465,0.023620994040798197,0.3749716557125443,0.028626494801987177,0.4544315169212476,0.04158138335746277,0.6600839972033188,0.042351216487521874,0.6723047192822479,74.99998137357238,41.66667494508923,43.478267630015864,-0.005656393612056887,-0.006306664262615496,0.0006502706505586093,0.18388811431471108,0.16811188973840474,0.507092822703209,0.1993044253001469,0.16419557672641102,-0.09968961853284548,0.23315826178801446,0.16434173761593907,-0.5449270440493369,237860.4,338483.95,2.097923824226311,1.4742589715110568,0.028571486959652947,-0.05263152941442195,-0.07692300638503313,-0.14285708203607483,0.02857148695965302,-0.052631529414422,-0.07692300638503319,-0.14285708203607486,50.00003725291076,41.66668529312205,33.33334989017845,27.777783296726152,-49.99996274708924,-66.66665010982156,0.006428571684019906,0.008095238180387588,24.47558112941863,-6.635021397188272,68.47618240358003,46.78316759658219,0.18701525869011512,0.027777750183035854,HOLD,0,1
0.1850000023841858,0.1850000023841858,0.18000000715255737,0.1850000023841858,334692,0.0,0.0,FSG,2022-01-04 00:00:00+11:00,Telecommunication Services,0.027777750183035854,0.027398947339175996,0.0,0.0,0.18000000417232515,1.0277777671997932,0.17650000154972076,1.0481586445316293,0.18100000098347663,1.0220994551324578,0.19844999969005583,0.932224755218561,0.1882750004529953,0.9826052420080745,0.16881500121206044,1.095874188051536,0.025113786762973468,0.3986690055236017,0.02480505730161946,0.3937680772607519,0.041661937500776,0.6613627545850148,0.04204203511143002,0.6673966170953373,79.99997615816199,54.54544961945149,45.833337472544606,-0.004788663112616692,-0.006003064032615736,0.001214400919999044,0.18598683874674282,0.1670131643526987,0.8959783601149169,0.19642383451220446,0.1655761674547488,0.25933898944506356,0.2330746624114767,0.16382533696863497,-0.38845135948570786,241961.0,341698.55,1.3832477134744856,0.9794949378626278,0.057142888769811995,0.027777750183035854,-0.0750000018626451,-0.0750000018626451,0.05714288876981205,0.027777750183035924,-0.07500000186264512,-0.07500000186264512,75.00001862645537,58.333364377425646,50.0,38.88889992678563,-24.99998137354462,-50.0,0.006071429167475019,0.008095238180387588,47.319379693001025,17.095149409515173,73.57230944691916,46.41875615129499,0.1866749535520756,0.0,HOLD,0,1
0.1850000023841858,0.1850000023841858,0.1850000023841858,0.1850000023841858,4600,0.0,0.0,FSG,2022-01-05 00:00:00+11:00,Telecommunication Services,0.0,0.0,0.0,0.0,0.1810000032186508,1.0220994425105225,0.17750000208616257,1.0422535223091578,0.1805000014603138,1.0249307528391427,0.19814999967813493,0.9336361477905155,0.18832500040531158,0.9823443620657387,0.16930000122636557,1.092734796480174,0.023432222735811834,0.37197500414659,0.022412895430441667,0.3557936848190677,0.041342560963544404,0.6562928092323923,0.04204203511143002,0.6673966170953373,74.99998137357238,44.44445180303984,43.47826030619426,-0.004054245620318919,-0.005613300350156373,0.0015590547298374542,0.18830124007844828,0.16669876409387685,0.6943648777463988,0.19460487028733392,0.1663951326332937,0.3190388353879275,0.23297917341836175,0.16332082593790812,-0.3775569696837576,197800.4,337168.5,0.02325576692463716,0.013643030116988983,0.027777750183035854,0.057142888769811995,-0.05128200425668883,-0.0750000018626451,0.027777750183035924,0.05714288876981205,-0.05128200425668879,-0.07500000186264512,75.00001862645537,66.66669150194052,50.0,44.44444996339282,-24.99998137354462,-50.0,0.0053571441343852454,0.007619047448748634,73.8609155539449,46.60058239311493,71.49528486596137,44.14473348101154,0.1863414545167969,-0.027027000903735332,HOLD,0,1
0.1850000023841858,0.1899999976158142,0.17499999701976776,0.17499999701976776,380929,0.0,0.0,FSG,2022-01-06 00:00:00+11:00,Telecommunication Services,-0.05405408235428677,-0.05556988107220008,-0.01000000536441803,-0.054054082354286784,0.1810000032186508,0.9668507950707882,0.17800000160932541,0.9831460417840778,0.17975000143051148,0.9735743845733431,0.19764999955892562,0.8854034779170076,0.1882250003516674,0.9297383274953332,0.16969500120729208,1.0312619451058274,0.03357351465210452,0.5329630224471107,0.027602609889732403,0.43817784782738367,0.04267169206336415,0.6773921113319412,0.04271360416003327,0.6780574452402118,50.0,36.36364128963809,41.66666770146961,-0.00423036629650278,-0.005336713539425655,0.001106347242922875,0.18766092393712533,0.1683390792815255,-0.31052983222160346,0.19331272055687349,0.16618728230414948,-0.3502250814522203,0.23308332189232173,0.16221667722552952,-0.6392288684092743,244915.0,291161.4,1.5553518567666333,1.308308724988958,0.0,0.029411736347271455,-0.07894737254879813,-0.1250000279396768,0.0,0.029411736347271383,-0.07894737254879816,-0.12500002793967682,24.99998137354462,58.333339542151805,24.99998137354462,41.66666045784821,-75.00001862645537,-75.00001862645537,0.006071430231843676,0.007857142459778558,13.725421104206275,-7.865224298749447,61.69314479696615,42.424209781842315,0.17000000178813934,0.028571486959652947,HOLD,0,1
0.18000000715255737,0.18000000715255737,0.18000000715255737,0.18000000715255737,8619,0.0,0.0,FSG,2022-01-07 00:00:00+11:00,Telecommunication Services,0.028571486959652947,0.028170933733023967,0.0,0.0,0.1810000032186508,0.9944751599540834,0.17900000214576722,1.005586620082696,0.18025000169873237,0.998613067718064,0.197049999833107,0.9134737747019018,0.18817500039935112,0.9565564329510057,0.1701350012421608,1.057983400466523,0.03357351465210452,0.5329630224471107,0.028686264143581972,0.45538032580456295,0.035761964432279726,0.5677035856976961,0.0422889687134434,0.671316566502974,50.0,41.66667908429434,45.833337472544606,-0.003921282071563864,-0.0050536272458532976,0.0011323451742894335,0.1868881144339204,0.17111188985761405,0.12677367794218847,0.19301302326350192,0.16748698013396282,-0.01958741077936207,0.23264537210894604,0.16145462755726797,-0.4789946442594899,245570.6,225623.2,0.035097849661156505,0.038200858776934285,0.0,0.05882356034843128,0.05882356034843128,-0.14285708203607483,0.0,0.05882356034843122,0.05882356034843122,-0.14285708203607486,50.00003725291076,50.000012417636924,50.00003725291076,41.66667287548513,-49.99996274708924,-49.99996274708924,0.00642857381275722,0.007619048158327739,30.033091578579267,-2.4560537838003738,61.78291767071483,52.51073091495495,0.17040000170469283,0.0,HOLD,0,1
0.17499999701976776,0.18000000715255737,0.17499999701976776,0.18000000715255737,896,0.0,0.0,FSG,2022-01-10 00:00:00+11:00,Telecommunication Services,0.0,0.0,0.005000010132789612,0.02857148695965302,0.1810000032186508,0.9944751599540834,0.17950000315904618,1.0027855375192845,0.18025000169873237,0.998613067718064,0.19604999989271163,0.9181331662895301,0.18807500049471856,0.95706503617748,0.1705800012871623,1.0552233895785768,0.03357351465210452,0.5329630224471107,0.02751526323368717,0.43679126264889095,0.033304357280281985,0.5286902816308177,0.03988739313428381,0.6331927360798809,60.00001192091901,50.0,55.00000223517398,-0.003634435091095317,-0.004769788814901702,0.001135353723806385,0.18687865611293775,0.17212135020515462,0.06776358728831168,0.19301302326350192,0.16748698013396282,-0.01958741077936207,0.23066287166590066,0.1614371281195226,-0.46370011842202913,145947.2,222551.75,0.006139206507558897,0.004026029900910687,0.0,0.028571486959652947,0.0,-0.21739128744669833,0.0,0.02857148695965302,0.0,-0.2173912874466984,50.00003725291076,41.66668529312205,50.00003725291076,41.66668529312205,-49.99996274708924,-49.99996274708924,0.006071432360580989,0.0069047631252379645,5.072501725213047,-31.70286447558648,63.802319794381106,67.49180621931835,0.17079200162291525,0.0,HOLD,0,1
0.1850000023841858,0.1850000023841858,0.17499999701976776,0.17499999701976776,142770,0.0,0.0,FSG,2022-01-11 00:00:00+11:00,Telecommunication Services,-0.02777783296726144,-0.028170933733023984,-0.01000000536441803,-0.054054082354286784,0.17900000214576722,0.9776536029159257,0.17950000315904618,0.9749303283560882,0.17950000166893004,0.9749303364494554,0.19524999976158142,0.8962867976105464,0.18802500039339065,0.9307272791045252,0.17101000126451255,1.0233319438965656,0.03139445430624756,0.4983715118454712,0.02921975260874755,0.46384919264146096,0.03120432301178935,0.4953532711159479,0.039059515595322614,0.6200505875752358,39.999988079081,50.0,47.368416099337715,-0.0037671405717929485,-0.004569259166279952,0.0008021185944870031,0.18687865611293775,0.17212135020515462,-0.6098682466025306,0.19159610843972835,0.16740389489813173,-0.3720209100688429,0.22992413692412791,0.16057586259903492,-0.5840088434467758,107562.8,216376.35,1.3273176228212726,0.6598225730307402,-0.05405408235428677,0.0,-0.07894737254879813,-0.18604653902863555,-0.054054082354286784,0.0,-0.07894737254879816,-0.1860465390286356,24.99998137354462,41.66668529312206,24.99998137354462,41.66668529312205,-75.00001862645537,-75.00001862645537,0.006071432360580989,0.0069047631252379645,-6.622734044594386e-05,-33.51753417598888,73.12526706310342,64.96954007887521,0.17117616154277324,0.028571486959652947,HOLD,0,1
0.18000000715255737,0.18000000715255737,0.17499999701976776,0.17499999701976776,190051,0.0,0.0,FSG,2022-01-12 00:00:00+11:00,Telecommunication Services,0.0,0.0,-0.005000010132789612,-0.02777783296726149,0.1770000010728836,0.9887005421412833,0.17900000214576722,0.9776536029159257,0.17925000116229056,0.9762900746724409,0.1940499997138977,0.9018294113773937,0.18802500039339065,0.9307272791045252,0.17142500124871732,1.0208545763162256,0.03139445430624756,0.4983715118454712,0.027504278810057865,0.43661689032957984,0.0289962471221433,0.460301153036181,0.036507295986843706,0.5795353573236889,39.999988079081,55.55554451766977,41.17647265067919,-0.00382818172536753,-0.0044210436780974674,0.0005928619527299376,0.1868881144339204,0.17111188985761405,-0.5070928227032089,0.19150818920210638,0.16699181312247474,-0.3467073705117235,0.22722993406861947,0.16087006535917592,-0.5741422659390812,144653.0,220253.5,1.3138407084540245,0.8628739157380019,-0.05405408235428677,-0.02777783296726144,-0.02777783296726144,-0.2553191597292249,-0.054054082354286784,-0.02777783296726149,-0.02777783296726149,-0.255319159729225,24.99998137354462,33.33333333333334,24.99998137354462,33.333333333333336,-75.00001862645537,-75.00001862645537,0.006071433424949646,0.006428573103178115,-53.968254869305895,-56.00000286102206,71.8704105535529,60.13116638096234,0.17155263826423406,0.028571486959652947,HOLD,0,1
0.18000000715255737,0.1899999976158142,0.18000000715255737,0.18000000715255737,136885,0.0,0.0,FSG,2022-01-13 00:00:00+11:00,Telecommunication Services,0.028571486959652947,0.028170933733023967,0.0,0.0,0.17800000309944153,1.011235977630846,0.17950000315904618,1.0027855375192845,0.17875000163912774,1.0069930377732428,0.19304999977350235,0.9324009705451645,0.18812500044703484,0.9568106669758387,0.17187500126659871,1.0472727611699377,0.023620994040798197,0.3749716557125443,0.02751526323368717,0.43679126264889095,0.026768060603908073,0.42492978862467723,0.03673959690802779,0.5832230201243946,40.000023841823804,59.99999403954227,50.0,-0.0034335187812462586,-0.004223538698727226,0.0007900199174809674,0.18687865611293775,0.17212135020515462,0.06776358728831168,0.18993034314002205,0.16756966013823343,0.11180387587710473,0.22479017326520687,0.16130982628179782,-0.41115063924762923,95844.2,214052.15,1.4282032715594684,0.6394936934760992,0.028571486959652947,0.028571486959652947,-0.05263152941442195,-0.21739128744669833,0.02857148695965302,0.02857148695965302,-0.052631529414422,-0.2173912874466984,33.33339956071379,27.777787435934354,50.00003725291076,33.333333333333336,-66.66660043928621,-49.99996274708924,0.006428575941494533,0.006666668823787144,108.45070229410518,56.00002670287351,66.34294993419562,62.8908660941339,0.17192158545126565,0.0,HOLD,0,1
0.1850000023841858,0.1850000023841858,0.18000000715255737,0.18000000715255737,322294,0.0,0.0,FSG,2022-01-14 00:00:00+11:00,Telecommunication Services,0.0,0.0,-0.004999995231628418,-0.027027000903735277,0.17800000309944153,1.011235977630846,0.17950000315904618,1.0027855375192845,0.1782500021159649,1.0098176999484914,0.19234999984502793,0.9357941632315016,0.18812500044703484,0.9568106669758387,0.17230000130832196,1.044689528646356,0.01992367871472809,0.31627859448432916,0.026027252573995664,0.41316982572634964,0.026768060603908073,0.42492978862467723,0.03567190855620265,0.5662739929844961,40.000023841823804,55.55555923484959,42.85715502134696,-0.0030851815027325147,-0.003995867259528284,0.0009106857567957689,0.18687865611293775,0.17212135020515462,0.06776358728831168,0.18813087449603993,0.16836912973588986,0.17711037743199615,0.22365511145501646,0.1610448882350394,-0.39450403008721563,158579.2,218121.05,2.0323850795060134,1.4775923735925534,0.0,0.0,-0.05263152941442195,-0.16279067833272787,0.0,0.0,-0.052631529414422,-0.1627906783327278,33.33339956071379,30.555593498324072,50.00003725291076,41.66668529312205,-66.66660043928621,-49.99996274708924,0.006428575941494533,0.00642857381275722,52.63164278979325,34.14640227361118,56.61835560043494,56.21110783478845,0.17228315369455663,-0.02777783296726144,HOLD,0,1
0.18000000715255737,0.1850000023841858,0.18000000715255737,0.18000000715255737,381998,0.0,0.0,FSG,2022-01-17 00:00:00+11:00,Telecommunication Services,0.0,0.0,0.0,0.0,0.17800000309944153,1.011235977630846,0.17950000315904618,1.0027855375192845,0.17775000259280205,1.01265825331609,0.1916499999165535,0.9392121431303488,0.18812500044703484,0.9568106669758387,0.172675001360476,1.042420765799154,0.01992367871472809,0.31627859448432916,0.026027252573995664,0.41316982572634964,0.026768060603908073,0.42492978862467723,0.03567190855620265,0.5662739929844961,66.66666666666666,55.55555923484959,42.85715502134696,-0.002777108916971166,-0.00375211559101686,0.0009750066740456939,0.18687865611293775,0.17212135020515462,0.06776358728831168,0.18600578739884044,0.16949421778676366,0.27253672577677207,0.22244904882007663,0.16085095101303035,-0.3782581988323497,234799.6,237203.4,1.6269107783829273,1.6104237966234887,0.0,0.0,-0.05263152941442195,-0.16279067833272787,0.0,0.0,-0.052631529414422,-0.1627906783327278,33.33339956071379,33.33339956071379,50.00003725291076,50.00003725291076,-66.66660043928621,-49.99996274708924,0.0064285748771258765,0.00642857381275722,43.75005704346647,43.75005413310523,51.052134051412835,53.65228503028826,0.17263749057298178,-0.02777783296726144,HOLD,0,1
0.18000000715255737,0.18000000715255737,0.18000000715255737,0.18000000715255737,483926,0.0,0.0,FSG,2022-01-18 00:00:00+11:00,Telecommunication Services,0.0,0.0,0.0,0.0,0.17900000512599945,1.0055866033403407,0.17900000363588334,1.0055866117115182,0.17775000259280205,1.01265825331609,0.19094999998807907,0.9426551828426012,0.18812500044703484,0.9568106669758387,0.17300000138580798,1.0404624607553536,0.012777557412007241,0.2028374356501274,0.024187134263524902,0.38395885313169775,0.024010353447078706,0.3811525446703962,0.03567190855620265,0.5662739929844961,50.0,50.0,42.85715502134696,-0.0025040935416086596,-0.0035025111811352204,0.0009984176395265608,0.18532456549042395,0.17267544178134273,0.15811427568790376,0.18600578739884044,0.16949421778676366,0.27253672577677207,0.22116841845474963,0.1607315815214085,-0.3623615460749215,303030.8,255887.3,1.5969531809967832,1.8911684948803635,0.028571486959652947,-0.027027000903735332,0.0,-0.16279067833272787,0.02857148695965302,-0.027027000903735277,0.0,-0.1627906783327278,33.33339956071379,33.33339956071379,50.00003725291076,50.00003725291076,-66.66660043928621,-49.99996274708924,0.006071431296212333,0.00642857381275722,-9.333196258629002,23.51430432042862,37.65056663189979,48.23643343868334,0.17298474071383843,-0.055555583150297405,SELL,0,2
0.18000000715255737,0.1850000023841858,0.18000000715255737,0.1850000023841858,307618,0.0,0.0,FSG,2022-01-19 00:00:00+11:00,Telecommunication Services,0.027777750183035854,0.027398947339175996,0.004999995231628418,0.027777750183035924,0.18100000619888307,1.022099425681276,0.17900000363588334,1.0335195453990464,0.17825000286102294,1.0378681594099366,0.19025000005960466,0.9724047428448144,0.18817500039935112,0.9831274185814947,0.1733500013872981,1.0672050816478464,0.015434425540040694,0.24501390964854883,0.026027252573995664,0.41316982572634964,0.023806756751449148,0.3779205473240543,0.03574526433306346,0.567438479841318,66.66663355300933,62.49999534339136,53.84614679235594,-0.0018627959094812407,-0.003174568126804425,0.0013117722173231843,0.18532456549042395,0.17267544178134273,0.9486821200103918,0.18700094722012048,0.1694990585019254,0.7713452681418894,0.2193215122030291,0.16117848791618022,-0.18058908148698902,326544.2,241646.25,0.9420409243220366,1.2730096163296554,0.057142888769811995,0.0,0.057142888769811995,-0.15909089369714746,0.05714288876981205,0.0,0.05714288876981205,-0.15909089369714743,66.6666997803569,44.44449963392817,75.00001862645537,58.33336437742563,-33.33330021964311,-24.99998137354462,0.006071430231843676,0.006190478801727295,82.82825947538902,99.48317722316656,46.41825353305235,52.56491927864682,0.17332504585187794,-0.05405408235428677,SELL,0,2
0.1850000023841858,0.1850000023841858,0.1850000023841858,0.1850000023841858,78373,0.0,0.0,FSG,2022-01-20 00:00:00+11:00,Telecommunication Services,0.0,0.0,0.0,0.0,0.18200000524520873,1.0164835002885586,0.18000000417232515,1.0277777671997932,0.17900000289082527,1.0335195497009015,0.18985000014305115,0.974453527757646,0.1882250003516674,0.9828662613284302,0.17370000138878822,1.0650546972081196,0.012422587534255784,0.1972024635334313,0.017793070258552052,0.2824562337865708,0.022637694529247902,0.3593622598814241,0.03447909192863733,0.5473386160470526,100.0,57.142844978653045,58.333331263729235,-0.0013391263012961785,-0.002807479761702776,0.0014683534604065973,0.18666667441527826,0.17333333392937203,0.7499993294472325,0.18733509489678557,0.17066491088486496,0.7198480219618476,0.21864217886798964,0.16105782141811265,-0.16844844585048724,314841.8,238507.7,0.24892819187287077,0.3285973576534426,0.027777750183035854,0.057142888769811995,0.08823529669570251,-0.0975609561079388,0.027777750183035924,0.05714288876981205,0.0882352966957026,-0.09756095610793877,66.6666997803569,55.55559970714254,75.00001862645537,66.6666915019405,-33.33330021964311,-24.99998137354462,0.0057142866509301326,0.005714288070088341,118.57915255779714,124.9999270147624,47.803456546880085,60.13741636671225,0.17365854488715665,-0.10810808416175732,SELL,0,2
0.1850000023841858,0.1850000023841858,0.17499999701976776,0.17499999701976776,867391,0.0,0.0,FSG,2022-01-21 00:00:00+11:00,Telecommunication Services,-0.05405408235428677,-0.05556988107220008,-0.01000000536441803,-0.054054082354286784,0.1810000032186508,0.9668507950707882,0.17950000315904618,0.9749303283560882,0.1792500026524067,0.9762900665564822,0.18925000011920928,0.9247027577782542,0.1882250003516674,0.9297383274953332,0.17395000137388705,1.0060361922252812,0.0298134118222003,0.47327324049537006,0.024074994882014353,0.38217869563777673,0.026154550831976105,0.4151906229240376,0.035270761988572326,0.5599059886410742,50.0,44.44443708585149,53.84614679235594,-0.0017113043718022247,-0.0025882446837226657,0.000876940311920441,0.18687865611293775,0.17212135020515462,-0.6098682466025307,0.18670160627432658,0.17179839903048683,-0.5703477866344083,0.21800387788079967,0.1604961223576189,-0.4955854378179478,423861.2,248837.25,2.046403398093527,3.4857763457842426,-0.02777783296726144,-0.02777783296726144,0.029411736347271455,-0.14634147050620405,-0.02777783296726149,-0.02777783296726149,0.029411736347271383,-0.14634147050620408,0.0,44.44446652023794,24.99998137354462,58.3333395421518,-100.0,-75.00001862645537,0.006071430231843676,0.00595238379069737,-80.70183914229959,-36.20696383724342,27.175553265869056,51.79992013987076,0.1739853739417298,-0.11428569239013009,SELL,0,2
0.17499999701976776,0.17749999463558197,0.17249999940395355,0.17499999701976776,616711,0.0,0.0,FSG,2022-01-24 00:00:00+11:00,Telecommunication Services,0.0,0.0,0.0,0.0,0.1800000011920929,0.9722221992266032,0.17900000214576722,0.9776536029159257,0.1792500026524067,0.9762900665564822,0.18844999998807907,0.9286282676085852,0.1882750003039837,0.9294914180704689,0.1742000013589859,1.0045923975576398,0.0298134118222003,0.47327324049537006,0.024074994882014353,0.38217869563777673,0.02533306740409734,0.4021499777860691,0.03448821345161392,0.5474834157352978,33.33330021964311,37.500004656608645,53.84614679235594,-0.0019833948330613416,-0.002467274713590401,0.0004838798805290594,0.1868881144339204,0.17111188985761405,-0.507092822703209,0.18670160627432658,0.17179839903048683,-0.5703477866344083,0.2164967861291531,0.16040321384700504,-0.47955594272578744,470803.8,272352.75,1.3099108375930695,2.264383230938553,-0.02777783296726144,-0.02777783296726144,0.0,-0.18604653902863555,-0.02777783296726149,-0.02777783296726149,0.0,-0.1860465390286356,14.285702121499824,26.984133967285583,14.285702121499824,38.095234040499946,-85.71429787850018,-85.71429787850018,0.006071430231843676,0.005714288070088341,-149.07414168115784,-126.70626115684867,15.509157300854298,39.9078740043237,0.1899999976158142,-0.1714285811599422,SELL,0,2
0.17499999701976776,0.17499999701976776,0.17000000178813934,0.17000000178813934,2289794,0.0,0.0,FSG,2022-01-25 00:00:00+11:00,Telecommunication Services,-0.028571401810159047,-0.028987509324886983,-0.004999995231628418,-0.028571401810159033,0.1780000001192093,0.9550561891813919,0.17850000262260438,0.9523809484057193,0.17900000289082527,0.9497206650428092,0.18735000014305114,0.9073925895827905,0.1882250003516674,0.9031744001621589,0.17435000136494636,0.9750501890292409,0.0312574688723099,0.49619693549684735,0.024168524013967543,0.383663424578704,0.0261440149622655,0.4150233711774373,0.03389503118921917,0.5380669392447108,24.999981373544628,33.333344371222765,46.15385320764406,-0.0025728283487297388,-0.0024883854406182685,-8.444290811147025e-05,0.18798683981962644,0.1690131654255823,-0.8959783601149169,0.18733509489678557,0.17066491088486496,-1.0797722564130263,0.21381541460564504,0.16088458568045724,-0.6555725163282146,831977.4,371133.0,2.7522310101211884,6.169739689006367,-0.055555583150297405,-0.028571401810159047,-0.028571401810159047,-0.24444441648177084,-0.05555558315029741,-0.028571401810159033,-0.028571401810159033,-0.24444441648177084,0.0,4.7619007071666175,0.0,13.095227831681486,-100.0,-100.0,0.0064285727483885625,0.005714288070088341,-194.93660824636385,-196.9358444282019,9.501031549725795,26.67499960536405,0.189649997651577,-0.11764703304297397,SELL,0,2
0.17499999701976776,0.1899999976158142,0.17000000178813934,0.1850000023841858,768704,0.0,0.0,FSG,2022-01-27 00:00:00+11:00,Telecommunication Services,0.08823529669570251,0.08455739039708698,0.01000000536441803,0.05714288876981205,0.1780000001192093,1.0393258553948792,0.17950000315904618,1.0306406636676564,0.1792500026524067,1.0320781012367917,0.18675000011920928,0.9906291955346377,0.18847500041127205,0.9815625519591274,0.17457500137388707,1.059716459563254,0.05365944093124044,0.8518172171689342,0.0376056693305783,0.5969714936090341,0.032372372807970104,0.5138954867937516,0.035880798422555336,0.5695900168111204,57.14285106074991,60.0,56.24999883584763,-0.0018087340089137927,-0.0023524551542773737,0.000543721145363581,0.1894442952562609,0.16955571106183148,0.5530810208883646,0.1880009465633973,0.1704990587414161,0.6570719444970348,0.21198865251534746,0.1615113477230711,-0.06933800218633147,924194.6,398298.05,0.8317555631681899,1.9299717887145067,0.0,0.057142888769811995,0.027777750183035854,-0.1395348869445454,0.0,0.05714288876981205,0.027777750183035924,-0.13953488694454536,75.00001862645537,29.761906915985076,75.00001862645537,29.76190691598507,-24.99998137354462,-24.99998137354462,0.00678571526493345,0.006428573103178115,48.373897592109,44.252801936697445,21.607289765589456,31.1265833454855,0.17000000178813934,-0.21621624887033086,SELL,0,2
0.17499999701976776,0.18000000715255737,0.17499999701976776,0.18000000715255737,554998,0.0,0.0,FSG,2022-01-28 00:00:00+11:00,Telecommunication Services,-0.027027000903735332,-0.027398947339176118,0.005000010132789612,0.02857148695965302,0.1770000010728836,1.0169491867880749,0.17950000315904618,1.0027855375192845,0.17950000315904618,1.0027855375192845,0.18615000039339066,0.9669621636968224,0.1886750005185604,0.9540215007703172,0.17475000143051148,1.0300429509531852,0.05514153604551282,0.8753447477191856,0.03803748576801475,0.6038263670419545,0.03233660475633852,0.5133276865767606,0.035929542038082275,0.5703637977192391,50.0,50.0,50.0,-0.0015883322624765939,-0.0021996305759172177,0.0006112983134406239,0.1894442952562609,0.16955571106183148,0.05028050147996304,0.18802242307285472,0.17097758324523765,0.05866925105404082,0.21054491877171416,0.16175508201506716,-0.252101406754366,1019519.6,418780.15,0.5443720748478009,1.325272938557379,-0.027027000903735332,0.0,0.028571486959652947,-0.14285708203607483,-0.027027000903735277,0.0,0.02857148695965302,-0.14285708203607486,50.00003725291076,41.66668529312205,50.00003725291076,41.66668529312205,-49.99996274708924,-49.99996274708924,0.007142857781478337,0.0066666681142080395,-27.77772465793273,-38.559260680621875,19.71616274871873,27.06840935052415,0.17040000170469283,-0.13888891648363078,SELL,0,2
0.18000000715255737,0.18000000715255737,0.17499999701976776,0.18000000715255737,197286,0.0,0.0,FSG,2022-01-31 00:00:00+11:00,Telecommunication Services,0.0,0.0,0.0,0.0,0.17800000309944153,1.011235977630846,0.17950000315904618,1.0027855375192845,0.17950000315904618,1.0027855375192845,0.18555000066757202,0.9700889598757916,0.1887750005722046,0.9535161255831073,0.17492500148713588,1.0290124660413091,0.04774729833318016,0.7579648629888213,0.03803748576801475,0.6038263670419545,0.03172160895510959,0.5035649308923567,0.035929542038082275,0.5703637977192391,42.85714893925009,50.0,53.33333863152166,-0.0013975521789434397,-0.0020392148965224623,0.0006416627175790226,0.1894442952562609,0.16955571106183148,0.05028050147996304,0.18802242307285472,0.17097758324523765,0.05866925105404082,0.20900838376983832,0.1620916175653057,-0.2365889196548446,885498.6,428377.4,0.22279651260882852,0.4605425029424988,0.028571486959652947,0.0,0.0,-0.14285708203607483,0.02857148695965302,0.0,0.0,-0.14285708203607486,50.00003725291076,58.33336437742563,50.00003725291076,58.33336437742563,-49.99996274708924,-49.99996274708924,0.007142857781478337,0.0066666681142080395,-27.77772465793273,-45.3996497046303,19.718799055911248,27.553610012788013,0.17079200162291525,-0.16666666666666663,SELL,0,2
0.18000000715255737,0.18000000715255737,0.18000000715255737,0.18000000715255737,159251,0.0,0.0,FSG,2022-02-01 00:00:00+11:00,Telecommunication Services,0.0,0.0,0.0,0.0,0.17900000512599945,1.0055866033403407,0.17950000315904618,1.0027855375192845,0.17950000315904618,1.0027855375192845,0.1848500007390976,0.9737625449437479,0.18887500062584878,0.9530112855386706,0.17507500149309635,1.0281308331712635,0.04774729833318016,0.7579648629888213,0.03803748576801475,0.6038263670419545,0.03172160895510959,0.5035649308923567,0.035731796606164865,0.5672246863047239,42.85714893925009,55.55556659345229,50.0,-0.0012321540829680067,-0.0018778027338115712,0.0006456486508435646,0.1894442952562609,0.16955571106183148,0.05028050147996304,0.18802242307285472,0.17097758324523765,0.05866925105404082,0.20675913134790935,0.16294087013028585,-0.2213686007508479,794006.6,411389.3,0.20056634289941672,0.3871053525213223,0.028571486959652947,0.0,0.0,-0.16279067833272787,0.02857148695965302,0.0,0.0,-0.1627906783327278,50.00003725291076,50.00003725291076,50.00003725291076,50.00003725291076,-49.99996274708924,-49.99996274708924,0.006428571684019906,0.006428572393599011,8.53668164862338,-2.140555197396239,22.058412064869955,28.94105423553762,0.17117616154277324,-0.16666666666666663,SELL,0,2
0.18000000715255737,0.1850000023841858,0.17499999701976776,0.17499999701976776,939232,0.0,0.0,FSG,2022-02-02 00:00:00+11:00,Telecommunication Services,-0.02777783296726144,-0.028170933733023984,-0.005000010132789612,-0.02777783296726149,0.18000000417232515,0.9722221831296706,0.17900000214576722,0.9776536029159257,0.17900000289082527,0.9776535988466035,0.18415000081062316,0.9503122250851082,0.18887500062584878,0.9265386972330624,0.17520000144839287,0.9988584222204814,0.047602560845640185,0.7556672266043069,0.03908883989722643,0.6205160964364843,0.03163702777879186,0.5022222463435527,0.03579000677012838,0.5681487440104663,50.0,50.0,46.66666136847834,-0.0014873882453411702,-0.0017997198361174912,0.000312331590776321,0.18932796135227398,0.16867204293926047,-0.3872986953201177,0.18733509489678554,0.170664910884865,-0.4798994262087528,0.2049897645968649,0.1633102370243814,-0.4390646594994597,523894.2,441616.3,1.7927894601619945,2.126805554958003,0.029411736347271455,-0.02777783296726144,-0.05405408235428677,-0.16666665484034793,0.029411736347271383,-0.02777783296726149,-0.054054082354286784,-0.1666666548403479,24.99998137354462,41.66668529312205,24.99998137354462,41.66668529312205,-75.00001862645537,-75.00001862645537,0.006785714200564793,0.0066666681142080395,-35.897507904965,-42.81352694622505,19.840839872405127,21.53166711210328,0.17155263826423406,-0.19999998297010124,SELL,0,2
0.17499999701976776,0.17499999701976776,0.17499999701976776,0.17499999701976776,540106,0.0,0.0,FSG,2022-02-03 00:00:00+11:00,Telecommunication Services,0.0,0.0,0.0,0.0,0.17800000309944153,0.983146033553731,0.17800000160932541,0.9831460417840778,0.17850000262260438,0.9803921257623927,0.18345000088214874,0.9539383820019199,0.18892500057816505,0.9262934841033068,0.1753250014036894,0.9981462747393721,0.015011269259144474,0.23829651193875048,0.03768832441263193,0.5982836023592913,0.03163702777879186,0.5022222463435527,0.03579000677012838,0.5681487440104663,50.0,44.4444334065477,42.857142857142854,-0.0016704077372820814,-0.0017738574163504092,0.00010344967906832786,0.18766092393712533,0.1683390792815255,-0.3105298322216035,0.18651315499178897,0.17048685025341978,-0.4367826095877388,0.20306075064130297,0.16383925112299452,-0.430886323376624,478174.6,468391.6,1.1295162896565398,1.1531077841703397,-0.05405408235428677,-0.05405408235428677,-0.05405408235428677,-0.16666665484034793,-0.054054082354286784,-0.054054082354286784,-0.054054082354286784,-0.1666666548403479,24.99998137354462,33.33333333333334,24.99998137354462,33.333333333333336,-75.00001862645537,-75.00001862645537,0.005714285586561475,0.006428573103178115,-101.44931592499199,-117.69916460194156,17.067495504518433,17.13165133708931,0.17192158545126565,-0.14285709420028914,SELL,0,2
0.17499999701976776,0.17499999701976776,0.17499999701976776,0.17499999701976776,15000,0.0,0.0,FSG,2022-02-04 00:00:00+11:00,Telecommunication Services,0.0,0.0,0.0,0.0,0.1770000010728836,0.9887005421412833,0.1770000010728836,0.9887005421412833,0.17850000262260438,0.9803921257623927,0.18275000095367433,0.9575923179564243,0.18897500053048133,0.9260484007329878,0.17550000138580799,0.997150972295772,0.012422624556486945,0.1972030512431311,0.03768832441263193,0.5982836023592913,0.02919842812801766,0.4635106770043677,0.03579000677012838,0.5681487440104663,59.99998807907389,44.4444334065477,42.857142857142854,-0.0017947630915117752,-0.0017780385513826824,-1.672454012909279e-05,0.18543274680904,0.1685672553367272,-0.23717115583606269,0.18651315499178897,0.17048685025341978,-0.4367826095877388,0.20093975791696053,0.16456024399038813,-0.4260641826907862,370175.0,450095.15,0.04052137502532586,0.03332628667516191,-0.02777783296726144,-0.05405408235428677,0.0,-0.16666665484034793,-0.02777783296726149,-0.054054082354286784,0.0,-0.1666666548403479,24.99998137354462,24.99998137354462,24.99998137354462,24.99998137354462,-75.00001862645537,-75.00001862645537,0.005357143070016589,0.006428573103178115,-88.21141686248393,-108.18185961768499,17.81158084330312,17.086328093250756,0.17228315369455663,-0.14285709420028914,SELL,0,2
0.18000000715255737,0.18000000715255737,0.18000000715255737,0.18000000715255737,50252,0.0,0.0,FSG,2022-02-07 00:00:00+11:00,Telecommunication Services,0.028571486959652947,0.028170933733023967,0.0,0.0,0.1770000010728836,1.0169491867880749,0.17750000208616257,1.014084535419787,0.17850000262260438,1.0084033865989592,0.18245000123977662,0.9865716959683686,0.18907500058412552,0.9520032082320138,0.1757250013947487,1.0243278174640915,0.01992367871472809,0.31627859448432916,0.03465453165794549,0.550123635410032,0.02919842812801766,0.4635106770043677,0.03466476991778343,0.5502861627463673,33.33336644699067,50.0,53.84615913650348,-0.001472878152278173,-0.0017170064715617806,0.0002441283192836075,0.1859983734751548,0.16900163069717034,0.29417460734100315,0.18651315499178897,0.17048685025341978,0.18719281262158718,0.20030685629640307,0.16459314618315016,-0.1372018801435071,340768.2,452176.8,0.14746681175062695,0.11113352122444142,0.0,0.028571486959652947,0.0,-0.07692300638503313,0.0,0.02857148695965302,0.0,-0.07692300638503319,50.00003725291076,33.33333333333334,50.00003725291076,33.333333333333336,-49.99996274708924,-49.99996274708924,0.0053571441343852454,0.005952383081118266,35.89753670795641,25.45464683159798,18.36143398406213,18.370411503029786,0.17263749057298178,-0.16666666666666663,SELL,0,2
0.1850000023841858,0.19499999284744263,0.17499999701976776,0.17499999701976776,1279986,0.0,0.0,FSG,2022-02-08 00:00:00+11:00,Telecommunication Services,-0.02777783296726144,-0.028170933733023984,-0.01000000536441803,-0.054054082354286784,0.17599999904632568,0.9943181702728606,0.17750000208616257,0.9859154645802131,0.1782500021159649,0.9817671525519379,0.18195000112056733,0.9618026707447271,0.1891750004887581,0.9250693620596412,0.17582500137388707,0.9953078097672529,0.023526138085171764,0.37346586409877874,0.03603794592637592,0.5720846560967036,0.029871233267841763,0.4741911274890514,0.03464994841298395,0.5500508786518363,33.33333333333333,45.45453806554286,46.15384086349651,-0.0016027653682888776,-0.0016941582509072003,9.139288261832265e-05,0.1859983734751548,0.16900163069717034,-0.29417460734100315,0.18637728459438943,0.17012271963754036,-0.39988829043716817,0.19919049470722386,0.1647095075339108,-0.4031209469651497,564915.2,516131.3,2.265802017718766,2.479961978667056,-0.02777783296726144,0.0,-0.02777783296726144,-0.1250000279396768,-0.02777783296726149,0.0,-0.02777783296726149,-0.12500002793967682,19.99998807906678,31.666668901840733,19.99998807906678,31.666668901840723,-80.00001192093322,-80.00001192093322,0.00678571526493345,0.0066666681142080395,71.13804343019677,65.68893857764397,32.106586668508115,29.28543111043153,0.17298474071383843,-0.14285709420028914,SELL,0,2
0.17499999701976776,0.18000000715255737,0.17249999940395355,0.18000000715255737,798174,0.0,0.0,FSG,2022-02-09 00:00:00+11:00,Telecommunication Services,0.028571486959652947,0.028170933733023967,0.005000010132789612,0.02857148695965302,0.1770000010728836,1.0169491867880749,0.17850000262260438,1.0084033865989592,0.17850000262260438,1.0084033865989592,0.18145000129938127,0.9920088501711747,0.18922500059008598,0.9512485485070098,0.17597500137984753,1.022872599750812,0.023620994040798197,0.3749716557125443,0.03542985765070961,0.5624315539811807,0.029869207014391684,0.4741589617127188,0.03471052775709787,0.5510125459265133,50.0,45.45455284354604,50.0,-0.0012874025170400982,-0.0016128071041337801,0.0003254045870936819,0.18524949550000244,0.1717505097452063,0.2222395900255028,0.18651315499178897,0.17048685025341978,0.18719281262158718,0.19736078368788074,0.1655392189108818,-0.09113279984722632,536703.6,548901.5,1.4871783979090136,1.4541297482335174,0.028571486959652947,0.05882356034843128,0.028571486959652947,-0.12195117696277546,0.02857148695965302,0.05882356034843122,0.02857148695965302,-0.12195117696277552,40.000035762799655,36.66668703159241,40.000035762799655,36.6666870315924,-59.999964237200345,-59.999964237200345,0.00696428758757455,0.006785715619723002,-20.991818012198944,-40.46232894071806,26.813444814988273,27.067926283796965,0.19499999284744263,-0.02777783296726144,HOLD,0,1
0.18000000715255737,0.1850000023841858,0.18000000715255737,0.1850000023841858,396031,0.0,0.0,FSG,2022-02-10 00:00:00+11:00,Telecommunication Services,0.027777750183035854,0.027398947339175996,0.004999995231628418,0.027777750183035924,0.17900000214576722,1.0335195540027564,0.17850000262260438,1.0364145639556326,0.17900000289082527,1.0335195497009015,0.18105000138282776,1.0218171829394567,0.18932500064373017,0.9771556939398451,0.17610000140964985,1.0505394713418115,0.025113786762973468,0.3986690055236017,0.022797152051151924,0.36189356956724417,0.030420562387785784,0.4829114569248385,0.034964596452764035,0.5550457614344687,59.999976158176196,50.0,57.14285714285714,-0.0006267920878458844,-0.001415604100876201,0.0007888120130303167,0.18524949550000244,0.1717505097452063,0.9630352797834449,0.18733509489678554,0.170664910884865,0.719848021961848,0.1954810460367305,0.16661895672892502,0.2737155276066443,507888.6,559200.5,0.779759577198622,0.7082093095410322,0.057142888769811995,0.0,0.057142888769811995,-0.0975609561079388,0.05714288876981205,0.0,0.05714288876981205,-0.09756095610793877,60.00002384186644,40.000015894577636,60.00002384186644,40.00001589457763,-39.99997615813356,-39.99997615813356,0.007321430104119437,0.006547619899113973,145.51970875919937,96.45291211466989,29.405165943373078,30.19121310386717,0.19454999297857284,-0.10810808416175732,SELL,0,2
0.1850000023841858,0.1850000023841858,0.1850000023841858,0.1850000023841858,13221,0.0,0.0,FSG,2022-02-11 00:00:00+11:00,Telecommunication Services,0.0,0.0,0.0,0.0,0.1810000032186508,1.0220994425105225,0.17900000214576722,1.0335195540027564,0.1792500026524067,1.0320781012367917,0.1809000015258789,1.0226644600537516,0.18942500069737433,0.9766398400586102,0.1763000014424324,1.0493477077173718,0.025113786762973468,0.3986690055236017,0.02071298166206301,0.3288083903307602,0.029832304760017428,0.47357315658536725,0.033892890854909374,0.5380329624908733,74.99998137357238,60.0,57.14285714285714,-0.00010207688448463093,-0.001152898657597887,0.001050821773113256,0.1868881144339204,0.17111188985761405,0.7606382895220342,0.1880009465633973,0.1704990587414161,0.6570719444970349,0.19499732942727857,0.16680267362447923,0.2908353190748876,507532.8,553017.3,0.02604954793069532,0.023907027863323622,0.057142888769811995,0.027777750183035854,0.027777750183035854,-0.03896100276999048,0.05714288876981205,0.027777750183035924,0.027777750183035924,-0.03896100276999047,60.00002384186644,53.33336114884418,60.00002384186644,53.333361148844176,-39.99997615813356,-39.99997615813356,0.0066071440066610065,0.006309524178504944,149.50095646377494,123.14807440890893,32.57670897419746,30.81957885303548,0.19410899310708046,-0.0810810832580221,SELL,0,2
0.18000000715255737,0.1850000023841858,0.18000000715255737,0.18000000715255737,225608,0.0,0.0,FSG,2022-02-14 00:00:00+11:00,Telecommunication Services,-0.027027000903735332,-0.027398947339176118,0.0,0.0,0.1810000032186508,0.9944751599540834,0.17900000214576722,1.005586620082696,0.1792500026524067,1.0041841254619395,0.18060000181198121,0.9966777704684162,0.18952500075101852,0.9497428119735282,0.17642500147223472,1.0202636001161394,0.02779173896246554,0.44118017878024846,0.022797152051151924,0.36189356956724417,0.030521651688336718,0.4845161998216419,0.0340465654206327,0.540472470593312,60.00001192091901,54.54546193445714,50.0,-8.867197856818332e-05,-0.0009400533217919462,0.0008513813432237629,0.1868881144339204,0.17111188985761405,0.12677367794218852,0.1880009465633973,0.1704990587414161,0.08570555448409549,0.1940983002812949,0.16710170334266752,-0.044449651249588065,542604.0,548183.0,0.4157875725206596,0.41155599498707546,0.0,0.0,0.0,-0.07692300638503313,0.0,0.0,0.0,-0.07692300638503319,40.000035762799655,53.33336114884418,40.000035762799655,53.333361148844176,-59.999964237200345,-59.999964237200345,0.0066071440066610065,0.00583333344686599,60.99296644365644,48.374029588775265,34.1105717500468,29.241704806356537,0.1936768132330179,-0.055555583150297405,SELL,0,2
0.18000000715255737,0.1850000023841858,0.17749999463558197,0.1850000023841858,740410,0.0,0.0,FSG,2022-02-15 00:00:00+11:00,Telecommunication Services,0.027777750183035854,0.027398947339175996,0.004999995231628418,0.027777750183035924,0.18300000429153443,1.0109289510696688,0.17950000166893004,1.030640672223502,0.1795000024139881,1.0306406679455793,0.18040000200271605,1.0254988931840505,0.189675000756979,0.9753525854533511,0.17660000145435334,1.0475651237862738,0.024687617166912975,0.3919037729185242,0.024401377796662373,0.3873598637838112,0.03112683191997162,0.4941231381693124,0.03428943984321975,0.5443279825252144,66.66666666666666,63.63635871036191,53.33332935969129,0.00032170096595288133,-0.0006877024642429806,0.0010094034301958619,0.18825595729097994,0.17074404604688015,0.628143968821089,0.18861910133510842,0.1703809034928678,0.6031297629044672,0.19331100038716745,0.16748900361826466,0.3562854122117678,434688.8,566103.6,1.703310506274834,1.3079054787851552,0.057142888769811995,0.027777750183035854,0.027777750183035854,-0.05128200425668883,0.05714288876981205,0.027777750183035924,0.027777750183035924,-0.05128200425668879,60.00002384186644,53.33336114884418,60.00002384186644,53.333361148844176,-39.99997615813356,-39.99997615813356,0.006785716329302106,0.005952381661960057,72.81315013775544,66.53270710032764,53.283218191821845,34.94275331904758,0.19325327695643663,-0.0810810832580221,SELL,0,2
0.18000000715255737,0.1850000023841858,0.18000000715255737,0.1850000023841858,301396,0.0,0.0,FSG,2022-02-16 00:00:00+11:00,Telecommunication Services,0.0,0.0,0.004999995231628418,0.027777750183035924,0.1840000033378601,1.0054347773270933,0.18050000220537185,1.0249307486084895,0.17975000217556952,1.0292072330741246,0.18010000199079512,1.027207109046235,0.18982500076293946,0.9745818603484201,0.1768000014871359,1.0463800951814275,0.02297221436865835,0.364672597703608,0.021966555302697442,0.34870825495010754,0.03112683191997162,0.4941231381693124,0.034082043991960576,0.5410356754529445,59.99998807907389,50.0,53.33332935969129,0.0006395521223047096,-0.00042225154693344255,0.0010618036692381521,0.1892559566928667,0.171744047717877,0.5139359946697736,0.18919513828615286,0.17030486606498618,0.5558416678329928,0.19179161763674213,0.16840838634484812,0.41910378700220946,335333.2,556977.1,0.8987955860022211,0.5411281720559068,0.027777750183035854,0.057142888769811995,0.027777750183035854,-0.0750000018626451,0.027777750183035924,0.05714288876981205,0.027777750183035924,-0.07500000186264512,55.555584989956614,51.851881531540904,60.00002384186644,53.333361148844176,-44.444415010043386,-39.99997615813356,0.005714287715298789,0.005952381661960057,88.88889519625532,82.35294342224232,49.630451566440286,36.7112683210078,0.19283821140538696,-0.0810810832580221,SELL,0,2
0.18000000715255737,0.18000000715255737,0.18000000715255737,0.18000000715255737,42543,0.0,0.0,FSG,2022-02-17 00:00:00+11:00,Telecommunication Services,-0.027027000903735332,-0.027398947339176118,0.0,0.0,0.18300000429153443,0.9836065733954967,0.1810000032186508,0.9944751599540834,0.1795000024139881,1.0027855416815876,0.17980000227689744,1.0011123741553236,0.18992500081658364,0.9477425635311112,0.17690000154078006,1.0175240564430559,0.022882486103164772,0.36324820564719285,0.0242970440845604,0.385703617450319,0.031134089297590078,0.49423834546740597,0.03411238396003226,0.5415173075147643,60.00002384186644,50.0,50.0,0.0004824324443045147,-0.00024131474868585107,0.0007237471929903657,0.18888811214846268,0.17311189428883894,-0.12677259847593003,0.18861910133510842,0.1703809034928678,0.05483049837426615,0.19067217332748204,0.16892783122631283,0.01839603835603587,264635.6,543723.35,0.16076068374776487,0.07824383484726194,-0.027027000903735332,0.028571486959652947,-0.027027000903735332,-0.07692300638503313,-0.027027000903735277,0.02857148695965302,-0.027027000903735277,-0.07692300638503319,33.33337748493492,49.629662105586,40.000035762799655,53.333361148844176,-66.66662251506507,-59.999964237200345,0.0053571441343852454,0.006190476672989982,-3.30956192550325,5.490313307710784,54.21756098201874,38.20453431573366,0.1924314471653583,-0.02777783296726144,HOLD,0,1
0.18000000715255737,0.1850000023841858,0.18000000715255737,0.18000000715255737,412839,0.0,0.0,FSG,2022-02-18 00:00:00+11:00,Telecommunication Services,0.0,0.0,0.0,0.0,0.18200000524520873,0.9890109998076276,0.18150000423192977,0.991735553474392,0.1792500026524067,1.0041841254619395,0.1796000024676323,1.002227197546933,0.1900250008702278,0.947243817014811,0.1769750015437603,1.0170928412623808,0.022882486103164772,0.36324820564719285,0.0242970440845604,0.385703617450319,0.031134089297590078,0.49423834546740597,0.03392700848294479,0.538574563045504,50.0,50.0,46.6666706403087,0.0003538351758507752,-0.0001222847637785258,0.00047611993962930096,0.18824948975016884,0.1747505187136907,-0.2222387284658918,0.1880009465633973,0.1704990587414161,0.08570555448409549,0.19006666623224325,0.16913333870302136,0.038217018710158146,344559.2,560446.65,1.1981656562936065,0.736624975811703,-0.027027000903735332,0.028571486959652947,-0.027027000903735332,-0.05263152941442195,-0.027027000903735277,0.02857148695965302,-0.027027000903735277,-0.052631529414422,33.33337748493492,40.74077998660883,40.000035762799655,46.666698455821916,-66.66662251506507,-59.999964237200345,0.005357143070016589,0.006190476672989982,36.66675309340641,46.854139683013344,57.447682664059045,38.78752260140853,0.19203281821013019,-0.055555583150297405,SELL,0,2
0.17499999701976776,0.18000000715255737,0.17000000178813934,0.18000000715255737,697158,0.0,0.0,FSG,2022-02-21 00:00:00+11:00,Telecommunication Services,0.0,0.0,0.005000010132789612,0.02857148695965302,0.18200000524520873,0.9890109998076276,0.18150000423192977,0.991735553474392,0.17950000315904618,1.0027855375192845,0.17980000257492065,1.0011123724959536,0.19017500087618827,0.9464966810740006,0.17705000154674053,1.0166619914151092,0.019377496343604705,0.30760821813744876,0.022586956573018485,0.3585568197961358,0.028514479412705768,0.45265332774294337,0.030374202550358845,0.48217551732092007,33.33333333333333,50.0,46.6666706403087,0.0002490500204998247,-4.801780692285566e-05,0.0002970678274226804,0.18824948975016884,0.1747505187136907,-0.2222387284658918,0.1880224230728547,0.17097758324523768,0.05866925105404084,0.1898934450025295,0.1697065601473118,0.019815298801293214,438869.2,551935.0,1.5885325285984981,1.2631161278049046,0.0,0.0,0.028571486959652947,0.05882356034843128,0.0,0.0,0.02857148695965302,0.05882356034843122,40.000035762799655,35.55559691088984,40.000035762799655,40.000035762799655,-59.999964237200345,-59.999964237200345,0.006071429167475019,0.006666667404628936,-87.87871357823141,-63.90030280132774,50.28116366827914,36.064709918902786,0.19164216183400665,-0.08333333333333337,SELL,0,2
0.18000000715255737,0.18000000715255737,0.17000000178813934,0.18000000715255737,1694090,0.0,0.0,FSG,2022-02-22 00:00:00+11:00,Telecommunication Services,0.0,0.0,0.0,0.0,0.18100000619888307,0.9944751435796809,0.18200000524520873,0.9890109998076276,0.17975000366568566,1.0013908399542326,0.17980000257492065,1.0011123724959536,0.19032500088214874,0.9457507228071171,0.17712500154972077,1.0162315064371619,0.012086842249740801,0.19187267237329567,0.02035795172913155,0.3231724648676367,0.028514479412705768,0.45265332774294337,0.02922990619884995,0.46401037588741356,33.33333333333333,57.14286930706643,53.8461608999566,0.00016411521194281686,-5.591203149721146e-06,0.000169706415092538,0.1871639781154032,0.17683603237501427,-0.38729833462042346,0.18800578619180405,0.17149422113956728,0.0302822277695404,0.1898934450025295,0.1697065601473118,0.019815298801293214,629605.2,605803.95,2.6907179292674206,2.796432740327956,-0.027027000903735332,0.028571486959652947,0.028571486959652947,0.0,-0.027027000903735277,0.02857148695965302,0.02857148695965302,0.0,40.000035762799655,37.77781633684475,40.000035762799655,40.000035762799655,-59.999964237200345,-59.999964237200345,0.006071429167475019,0.006666667404628936,-81.15933841330164,-60.13413567927056,58.788061984152876,38.96151176103132,0.19077647543217197,-0.055555583150297405,SELL,0,2
0.17499999701976776,0.1850000023841858,0.17499999701976776,0.18000000715255737,358811,0.0,0.0,FSG,2022-02-23 00:00:00+11:00,Telecommunication Services,0.0,0.0,0.005000010132789612,0.02857148695965302,0.18000000715255737,1.0,0.18200000524520873,0.9890109998076276,0.18025000393390656,0.9986130553348512,0.17960000276565552,1.0022271958838653,0.19027500092983246,0.9459992446350628,0.17727500155568124,1.015371629236851,0.012086842249740801,0.19187267237329567,0.018269278755973544,0.2900158093249289,0.027615042240971242,0.4383752052849223,0.02812620764480662,0.4464897045091322,50.0,57.14286930706643,53.8461608999566,9.570058743868515e-05,1.466715496796012e-05,8.103343247072502e-05,0.1871639781154032,0.17683603237501427,-0.38729833462042346,0.187113334398738,0.1733866734690751,-0.0364249955076761,0.18925528771920674,0.1699447178121043,0.04142854289916443,641088.2,509254.8,0.5596905386809491,0.7045804968357686,-0.027027000903735332,0.0,0.05882356034843128,-0.05263152941442195,-0.027027000903735277,0.0,0.05882356034843122,-0.052631529414422,40.000035762799655,40.000035762799655,40.000035762799655,40.000035762799655,-59.999964237200345,-59.999964237200345,0.00678571526493345,0.0069047631252379645,-10.000033775977627,14.141396261850447,67.34807740512271,43.28942540358123,0.18994541648641067,-0.11111116630059481,SELL,0,2
0.1850000023841858,0.1850000023841858,0.18000000715255737,0.18000000715255737,1000540,0.0,0.0,FSG,2022-02-24 00:00:00+11:00,Telecommunication Services,0.0,0.0,-0.004999995231628418,-0.027027000903735277,0.18000000715255737,1.0,0.1815000057220459,0.9917355453322373,0.18000000417232515,1.0000000165568452,0.17960000276565552,1.0022271958838653,0.19032500103116035,0.9457507220666582,0.17745000161230565,1.0143702762303886,0.0,0.0,0.015504396584299474,0.24612466554105417,0.01903156246792165,0.3021166881066682,0.027109285725617136,0.4303465695034568,0.0,57.14286930706643,58.33333540293846,4.100878091906068e-05,1.9935480158180236e-05,2.1073300760880447e-05,0.18633046003076228,0.1766695514133295,-0.3105295017037658,0.18648886449845747,0.17351114384619282,4.592843855283999e-07,0.18925528771920674,0.1699447178121043,0.04142854289916443,832687.6,520846.6,1.2015790795971983,1.9209878685970112,0.0,-0.027027000903735332,-0.027027000903735332,0.0,0.0,-0.027027000903735277,-0.027027000903735277,0.0,40.000035762799655,40.000035762799655,40.000035762799655,40.000035762799655,-59.999964237200345,-59.999964237200345,0.007142857781478337,0.0069047631252379645,27.451052577756894,51.93935103831879,72.54579247309098,59.64004406480019,0.18914759989847982,-0.02777783296726144,HOLD,0,1
0.17499999701976776,0.18000000715255737,0.15000000596046448,0.18000000715255737,272145,0.0,0.0,FSG,2022-02-25 00:00:00+11:00,Telecommunication Services,0.0,0.0,0.005000010132789612,0.02857148695965302,0.18000000715255737,1.0,0.18100000619888307,0.9944751435796809,0.18000000417232515,1.0000000165568452,0.1794000029563904,1.0033445049402414,0.19037500113248826,0.9455023300422172,0.17762500166893005,1.0133708963339183,0.0,0.0,0.015504396584299474,0.24612466554105417,0.01803435766698743,0.2862865526498385,0.025912871442156465,0.41135408154920194,0.0,50.0,44.44445180303983,-2.3082615782932248e-06,1.5486731810885545e-05,-1.779499338917877e-05,0.18521637239140212,0.176783640006364,-0.23717082451233878,0.18648886449845747,0.17351114384619282,4.592843855283999e-07,0.18857850746636656,0.1702214984464142,0.06537058357544401,804548.8,506703.95,0.33825791549250955,0.5370887675140483,0.0,-0.027027000903735332,0.0,-0.05263152941442195,0.0,-0.027027000903735277,0.0,-0.052631529414422,66.66668874246746,48.8889200893556,66.66668874246746,48.888920089355594,-33.333311257532536,-33.333311257532536,0.008928571428571428,0.007380953856876918,-237.5249811677201,-230.40432106801362,69.48858152601962,54.31895507320681,0.1883816959740662,-0.055555583150297405,SELL,0,2
0.16500000655651093,0.17499999701976776,0.16500000655651093,0.17499999701976776,88436,0.0,0.0,FSG,2022-02-28 00:00:00+11:00,Telecommunication Services,-0.02777783296726144,-0.028170933733023984,0.009999990463256836,0.0606060003993511,0.17900000512599945,0.977653586638637,0.1805000051856041,0.9695290415078891,0.17975000366568566,0.9735743724670384,0.17910000294446946,0.9771077283233048,0.19037500113248826,0.9192383242481479,0.17777500167489052,0.9843903550612948,0.012422624556486945,0.1972030512431311,0.015636935839973956,0.2482286609978639,0.019085859621193236,0.3029786286934004,0.026192651012087263,0.41579544453292294,0.0,50.0,44.44443708585148,-0.00043508101758560347,-7.462681806841229e-05,-0.0003604541995171912,0.18617646831095114,0.17482354206025708,-0.9689146294771531,0.18661333538748576,0.17288667194388557,-0.6920846665228781,0.18783417576415493,0.17036583012478398,-0.46942120442830276,682804.4,501261.45,0.12951879044716172,0.17642689259267794,-0.02777783296726144,-0.02777783296726144,-0.02777783296726144,-0.07894737254879813,-0.02777783296726149,-0.02777783296726149,-0.02777783296726149,-0.07894737254879816,71.42855318224973,59.36509256250562,55.55555187625542,54.074092127174175,-28.571446817750264,-44.44444812374458,0.008571428912026542,0.0076190488679068425,-147.24927490415098,-160.1476197694519,62.59292612228745,58.38176344780779,0.1860787945732501,-0.028571401810159047,HOLD,0,1
0.17000000178813934,0.17499999701976776,0.17000000178813934,0.17499999701976776,1100513,0.0,0.0,FSG,2022-03-01 00:00:00+11:00,Telecommunication Services,0.0,0.0,0.004999995231628418,0.029411736347271383,0.17800000309944153,0.983146033553731,0.1795000046491623,0.9749303202627213,0.17950000315904618,0.9749303283560882,0.17880000293254852,0.9787471708587483,0.19037500113248826,0.9192383242481479,0.17792500168085099,0.9835604629284765,0.012422624556486945,0.1972030512431311,0.011555228737794937,0.18343356949603315,0.019085859621193236,0.3029786286934004,0.026192651012087263,0.41579544453292294,0.0,39.99997615813357,44.44443708585148,-0.0007691898034308531,-0.0002135394151409005,-0.0005556503882899526,0.18517647185796549,0.1738235374403591,-0.7927479299829011,0.18668185656831218,0.1723181497497802,-0.6265800598871217,0.18702143290018022,0.17057857296491682,-0.4622074174129845,564089.0,548324.55,1.9509563207224392,2.0070467390161535,-0.02777783296726144,-0.05405408235428677,-0.02777783296726144,-0.07894737254879813,-0.02777783296726149,-0.054054082354286784,-0.02777783296726149,-0.07894737254879816,71.42855318224973,69.84126503565564,55.55555187625542,59.25926416499277,-28.571446817750264,-44.44444812374458,0.008392856589385442,0.007619048158327739,-99.0518662616928,-109.15258980544566,78.42558157390039,63.09405569821143,0.18391406725648296,-0.08571429057997104,SELL,0,2
0.17000000178813934,0.17000000178813934,0.17000000178813934,0.17000000178813934,2284136,0.0,0.0,FSG,2022-03-02 00:00:00+11:00,Telecommunication Services,-0.028571401810159047,-0.028987509324886983,0.0,0.0,0.1760000020265579,0.9659090899469809,0.17800000458955764,0.9550561651958092,0.17925000339746475,0.9483960868395932,0.17860000282526017,0.9518476993220714,0.19032500118017195,0.8932089884881079,0.17807500168681145,0.9546539389460517,0.015434423812978352,0.2450138822322841,0.01342978495719789,0.21319122694693102,0.01914468041735424,0.30391237988476544,0.02544074584271689,0.4038593200069755,0.0,19.99998807906678,39.99999999999999,-0.0014210502688989657,-0.0004550415858925136,-0.0009660086830064521,0.1849920701697367,0.17100793900937858,-1.1441544289997079,0.1873772844284091,0.1711227223665204,-1.1381422119041218,0.18718095426909623,0.17001905138142412,-1.0022199861413328,949154.0,615569.75,2.4064967328800173,3.7106046877709633,-0.055555583150297405,-0.0810810832580221,-0.028571401810159047,-0.055555583150297405,-0.05555558315029741,-0.08108108325802206,-0.028571401810159033,-0.05555558315029741,57.14285106074991,66.66665247508314,44.44444812374458,51.85185062541848,-42.85714893925009,-55.55555187625542,0.008392856589385442,0.007857143169357664,-124.38393040404773,-148.9361449390358,54.28718281296335,50.592582226812745,0.18187922357872185,-0.029411736347271344,HOLD,0,1
0.16500000655651093,0.18000000715255737,0.1599999964237213,0.17499999701976776,144371,0.0,0.0,FSG,2022-03-03 00:00:00+11:00,Telecommunication Services,0.029411736347271455,0.02898750932488704,0.009999990463256836,0.0606060003993511,0.175,0.9999999829701015,0.17750000357627868,0.9859154563034329,0.17925000339746475,0.9762900624985031,0.17860000282526017,0.9798431928972889,0.1902250011265278,0.919963180356965,0.17830000169575214,0.9814918415894609,0.024020082620493093,0.3813069905102963,0.01626318391182518,0.25817004094077617,0.020340009105631544,0.32288763454974223,0.025489911243146052,0.4046397965428423,33.33330021964311,33.33331677647999,50.0,-0.001516712834262357,-0.0006673758355664824,-0.0008493369986958746,0.18457107869360379,0.17042892845895358,-0.35355395255037775,0.1873772844284091,0.1711227223665204,-0.5229308992165072,0.18718095426909623,0.17001905138142412,-0.4195345736489858,777920.2,595783.0,0.1855858737181526,0.2423214492524963,-0.02777783296726144,-0.02777783296726144,0.0,0.0,-0.02777783296726149,-0.02777783296726149,0.0,0.0,71.42855318224973,66.66665247508313,55.55555187625542,51.85185062541848,-28.571446817750264,-44.44444812374458,0.009821428784302302,0.008333333900996618,-84.93154040418482,-104.18606319189847,55.04422872366618,55.692667234756094,0.15000000596046448,-0.028571401810159047,HOLD,0,1
0.17000000178813934,0.17000000178813934,0.14499999582767487,0.16500000655651093,1490658,0.0,0.0,FSG,2022-03-04 00:00:00+11:00,Telecommunication Services,-0.057142803620318094,-0.058840443256605764,-0.004999995231628418,-0.029411736347271383,0.1719999998807907,0.9593023643655156,0.17600000351667405,0.9375000185206189,0.1787500038743019,0.9230769397495506,0.1785000029206276,0.9243697695057203,0.19002500116825105,0.8683068309017791,0.1784500017017126,0.9246287754724488,0.03280390147424081,0.5207457920010377,0.023596924298203995,0.3745895603943907,0.024045013332402613,0.38170275329261866,0.02645279038846072,0.4199250291095205,19.99998807906678,28.57141640720893,41.66667494508923,-0.0023720976978209574,-0.0010083202080173777,-0.0013637774898035797,0.1863279620819382,0.1656720449514099,-1.065069819040447,0.18894546391486805,0.16855454383373575,-1.3486392240351934,0.1875913793940494,0.16940862644720578,-1.4849232570648943,1021622.8,669565.9,1.4591079995473868,2.2263051329226893,-0.08333333333333337,-0.08333333333333337,-0.057142803620318094,-0.029411736347271344,-0.08333333333333333,-0.08333333333333333,-0.05714280362031807,-0.029411736347271383,50.00001862644844,59.52380762314937,40.00002384185933,46.66667461395311,-49.99998137355156,-59.99997615814067,0.011607143495764052,0.009761905386334374,-196.05960780281077,-238.81061909631094,48.013253018606264,51.77261209041675,0.18000000715255737,0.030303000199675578,HOLD,0,1
0.16249999403953552,0.16500000655651093,0.15000000596046448,0.1550000011920929,375334,0.0,0.0,FSG,2022-03-07 00:00:00+11:00,Telecommunication Services,-0.06060609070941536,-0.06252038902684118,-0.007499992847442627,-0.046153803831019906,0.16800000071525573,0.9226190507868115,0.1735000029206276,0.8933717497572722,0.17750000357627868,0.8732394257416639,0.17820000290870666,0.8698091956345292,0.18972500115633012,0.8169719343650211,0.17847500167787075,0.8684689717602702,0.03836095411505749,0.6089612678616118,0.028476045005500276,0.4520432004434199,0.026126897262338515,0.414751636115292,0.027795332908680224,0.4412372309077048,14.285702121499824,12.499990686772307,35.71429027586517,-0.0038129597972256235,-0.001569248125859027,-0.0022437116713665967,0.18986392226948895,0.15713608357176623,-1.1305361102150608,0.19218978004365694,0.16281022710890042,-1.531677655827628,0.18922132123925217,0.16717868457816115,-2.1050114896250753,1079002.4,685820.0,0.3478527943960088,0.5472777113528331,-0.11428569239013009,-0.13888891648363078,-0.13888891648363078,-0.08823529669570263,-0.11428569239013012,-0.13888891648363075,-0.13888891648363075,-0.0882352966957026,25.00000931322422,48.8095270406408,20.000011920929666,38.51852921301481,-74.99999068677577,-79.99998807907033,0.012142857270581382,0.010476191129003252,-184.61532671542375,-224.32427606880609,41.3140499251497,50.32597887374251,0.1793000069260597,0.0645161631452178,BUY,0,0
0.15000000596046448,0.1550000011920929,0.14499999582767487,0.14499999582767487,3247797,0.0,0.0,FSG,2022-03-08 00:00:00+11:00,Telecommunication Services,-0.06451616314521791,-0.06669141096425064,-0.005000010132789612,-0.03333339956071379,0.16200000047683716,0.8950617000054085,0.17000000178813934,0.8529411429558662,0.17600000351667405,0.8238635961955405,0.1776000028848648,0.8164414046866655,0.18937500104308128,0.7656765414073241,0.1784500016272068,0.812552504934065,0.039367254036169454,0.6249357838752488,0.03193247362211198,0.5069123037074295,0.028809538687427104,0.45733724852055785,0.028820916965540823,0.45751787308598,11.111100073214374,9.999991059302744,26.66666004392863,-0.005696109051787135,-0.0023946203110446493,-0.0033014887407424856,0.19357023204237836,0.14642977153390033,-1.0606602349999663,0.19667289829241832,0.15532710874092978,-1.4995484679471132,0.19206177878962874,0.16313822698010086,-2.254218795248442,1508459.2,784210.55,2.153055912947463,4.141485982304115,-0.1714285811599422,-0.19444449963392818,-0.1714285811599422,-0.1714285811599422,-0.17142858115994217,-0.19444449963392815,-0.17142858115994217,-0.17142858115994217,0.0,25.00000931322423,0.0,20.00001192092967,-100.0,-100.0,0.012500000851494926,0.010714286140033178,-208.00619545049724,-239.53014517570685,29.109590471251607,40.74400050696969,0.17861400670409203,0.13793111244365175,BUY,0,0
0.14749999344348907,0.15000000596046448,0.14499999582767487,0.15000000596046448,682784,0.0,0.0,FSG,2022-03-09 00:00:00+11:00,Telecommunication Services,0.034482829494228984,0.03390162018676702,0.002500012516975403,0.016949238156632324,0.15800000131130218,0.9493671184528943,0.16700000166893006,0.8982036195294938,0.1745000034570694,0.8595988709958253,0.17710000306367873,0.8469791268525835,0.18902500107884407,0.7935458542751077,0.17842500165104866,0.8406893909062373,0.050873703056267344,0.80759499935898,0.03604023066053894,0.572120925127147,0.029241894025202258,0.4642006767311442,0.02931102033644565,0.46529802290275174,22.222233260118955,20.000005960463056,33.333339956071384,-0.006707736758565341,-0.003257243600548788,-0.003450493158016553,0.1924733006805201,0.14152670265734002,-0.6673652949596669,0.19809750817663552,0.15090249873750328,-1.0382452631226926,0.1935242288170809,0.16067577731027657,-1.6500014984024867,1188188.8,778441.05,0.5746426830483505,0.8771171561417528,-0.11764703304297397,-0.16666666666666663,-0.16666666666666663,-0.14285709420028914,-0.11764703304297398,-0.16666666666666666,-0.16666666666666666,-0.14285709420028916,12.50002328306055,12.500010865428266,12.50002328306055,10.833345067996744,-87.49997671693946,-87.49997671693946,0.012500001915863581,0.010000001106943403,-153.78786831156953,-194.44441776953073,32.829249805469175,37.56422038489803,0.17794172648656367,0.10000000000000009,BUY,0,0
0.15000000596046448,0.1550000011920929,0.14499999582767487,0.14499999582767487,171945,0.0,0.0,FSG,2022-03-10 00:00:00+11:00,Telecommunication Services,-0.033333399560713795,-0.03390162018676693,-0.005000010132789612,-0.03333339956071379,0.1520000010728836,0.9539473342381606,0.16350000053644181,0.8868501244766445,0.17250000312924385,0.8405796707089629,0.1764000028371811,0.8219954279791665,0.1884750010073185,0.7693327765099441,0.17837500162422656,0.8128941528092535,0.04135317548842281,0.6564613095910724,0.03578529728799556,0.5680739832993024,0.028415068223958607,0.45107522404516964,0.029272443584606924,0.4646856359522282,20.000005960463056,18.18182064481904,26.66666004392863,-0.007822742331351273,-0.004170343346709285,-0.003652398984641988,0.19060063768244062,0.136399363390443,-0.6826409508050381,0.19895752035429554,0.14604248590419217,-1.039402415111355,0.19513990138865756,0.15766010428570465,-1.6755697435209624,1193703.6,767236.75,0.1440432951697557,0.2241094420985439,-0.1714285811599422,-0.19444449963392818,-0.21621624887033086,-0.19444449963392818,-0.17142858115994217,-0.19444449963392815,-0.2162162488703309,-0.19444449963392815,0.0,4.16667442768686,0.0,4.166674427686854,-100.0,-100.0,0.012857145496777125,0.010119048612458366,-119.3798629060298,-161.24662843528762,29.801886784561646,39.43734175123615,0.1772828918733859,0.13793111244365175,BUY,0,0
0.15000000596046448,0.1550000011920929,0.14499999582767487,0.1550000011920929,39457,0.0,0.0,FSG,2022-03-11 00:00:00+11:00,Telecommunication Services,0.06896555622182587,0.0666914109642506,0.004999995231628418,0.033333300219643106,0.15,1.0333333412806194,0.16099999994039535,0.9627329270153805,0.1710000030696392,0.9064327392378446,0.1760000029206276,0.880681810340621,0.1879750010371208,0.8245777381934096,0.17837500162422656,0.8689558502072136,0.05976349772080382,0.9487161146917343,0.045552912554356,0.7231300686809883,0.03361970527713826,0.5336962758875622,0.03081806252478632,0.4892215759765436,36.36364128963809,30.769234296131344,31.250002328306053,-0.007809452909661896,-0.004898165259299808,-0.0029112876503620882,0.18585513526122505,0.13614486461956565,-0.24139875606608305,0.19787202380336888,0.1441279823359095,-0.5954149126367393,0.19569150441192013,0.15630850142933506,-1.0664499981284203,903463.4,768548.55,0.0436730475191358,0.05133963234983658,-0.06060609070941536,-0.13888891648363078,-0.1621621665160441,-0.11428569239013009,-0.060606090709415354,-0.13888891648363075,-0.16216216651604412,-0.11428569239013012,25.00000931322422,12.500010865428266,25.00000931322422,12.50001086542826,-74.99999068677577,-74.99999068677577,0.012857145496777125,0.010357144333067395,-81.19122917172879,-119.27234487936997,32.04520230971798,37.65449672081426,0.17663723395247166,0.0645161631452178,BUY,0,0
0.15000000596046448,0.15000000596046448,0.14499999582767487,0.15000000596046448,457242,0.0,0.0,FSG,2022-03-14 00:00:00+11:00,Telecommunication Services,-0.032258033504347416,-0.032789790777483716,0.0,0.0,0.14900000095367433,1.006711442955635,0.15850000083446503,0.9463722723706619,0.16950000301003457,0.8849557716620473,0.17540000289678573,0.8551881612495303,0.18737500116229058,0.8005337159707094,0.17837500162422656,0.8409250432774306,0.055039082325428215,0.8737183453337618,0.04572617538766262,0.7258805308912667,0.03379322454985986,0.5364508089473511,0.030788861025092765,0.488758016539948,27.2727445137333,28.571434653533203,29.411768830770853,-0.008108904373714199,-0.005540313082182687,-0.002568591291531512,0.18209378472040752,0.13490621694852253,-0.3602641659808103,0.19757884283652458,0.14142116318354456,-0.694473032720301,0.19638007388004503,0.15441993191352643,-1.2106725928901183,919845.0,780130.25,0.49708592208469904,0.5861098194820673,-0.032258033504347416,-0.14285709420028914,-0.16666666666666663,-0.16666666666666663,-0.03225803350434739,-0.14285709420028916,-0.16666666666666666,-0.16666666666666666,12.50002328306055,12.500010865428266,12.50002328306055,12.50001086542826,-87.49997671693946,-87.49997671693946,0.012857145496777125,0.010833335064706347,-86.5248110025602,-119.58040724112169,30.896021923294512,36.492205415815896,0.17600448918997572,0.0333333002196432,HOLD,0,1
0.15000000596046448,0.1550000011920929,0.14749999344348907,0.15000000596046448,784546,0.0,0.0,FSG,2022-03-15 00:00:00+11:00,Telecommunication Services,0.0,0.0,0.0,0.0,0.15000000298023225,1.0000000198682144,0.1560000017285347,0.9615384890923835,0.1677500031888485,0.8941877979674221,0.17480000287294387,0.8581235897890365,0.18677500128746033,0.803105367027162,0.17837500162422656,0.8409250432774306,0.044188177021551374,0.7014655637299426,0.045726175387662625,0.7258805308912668,0.032778042060399214,0.5203352865325891,0.030788861025092765,0.488758016539948,33.333344371222765,28.571434653533203,31.250002328306053,-0.008251108177473543,-0.006082472101240859,-0.002168636076232684,0.17697617889400577,0.13502382456306364,-0.2860385722688706,0.19612252820628667,0.13937747817141033,-0.6256051309312305,0.19692764961180573,0.152672356134082,-1.1207697413626996,427194.8,782337.05,1.8365064368761044,1.002823527276383,0.034482829494228984,-0.14285709420028914,-0.18918916741977942,-0.16666666666666663,0.03448282949422888,-0.14285709420028916,-0.1891891674197794,-0.16666666666666666,12.50002328306055,16.666685293115115,12.50002328306055,16.666685293115112,-87.49997671693946,-87.49997671693946,0.012678574238504683,0.010952383279800415,-62.95099938109401,-91.57428202530895,32.80565162686321,40.23763659808238,0.1753843993227297,0.10000000000000009,BUY,0,0
0.15000000596046448,0.15000000596046448,0.14000000059604645,0.14000000059604645,641777,0.0,0.0,FSG,2022-03-16 00:00:00+11:00,Telecommunication Services,-0.06666669978035689,-0.06899290696590589,-0.01000000536441803,-0.06666669978035689,0.14800000190734863,0.9459459377824173,0.15300000160932542,0.9150326740095497,0.16550000309944152,0.845921437910347,0.1739000028371811,0.8050603698214168,0.18617500126361847,0.7519806614520198,0.17830000162124635,0.7851934903143823,0.051359524446058846,0.8153071748328845,0.04854218706801281,0.7705833304628251,0.03502881709691463,0.5560652325552219,0.03173366697659772,0.5037563460493232,33.333344371222765,25.00000465661124,23.529417952037562,-0.009066212916868488,-0.006679220264366386,-0.002386992652502102,0.17365591328927157,0.13234408992937927,-0.6293598275742076,0.19521797922580653,0.1357820269730765,-0.8580665922526308,0.19791445657190804,0.14988554910245416,-1.4116499428055858,418993.4,799356.1,1.531711478032828,0.8028674579452136,-0.06666669978035689,-0.17647059339140525,-0.2432432497740662,-0.2432432497740662,-0.06666669978035689,-0.1764705933914052,-0.24324324977406617,-0.24324324977406617,0.0,8.333348855373709,0.0,8.333348855373705,-100.0,-100.0,0.013035717819418226,0.011071430785315377,-100.23187242699044,-116.45682287232513,24.59590605797088,35.25318209792255,0.1747767112528286,0.1071428609441738,BUY,0,0
0.14499999582767487,0.15000000596046448,0.14499999582767487,0.15000000596046448,364620,0.0,0.0,FSG,2022-03-17 00:00:00+11:00,Telecommunication Services,0.07142860944173757,0.06899290696590589,0.005000010132789612,0.03448282949422888,0.14900000393390656,1.0067114228198377,0.15050000250339507,0.9966777638896098,0.1640000030398369,0.9146341657324744,0.17320000290870666,0.866050828183468,0.1856750012934208,0.8078632283051428,0.17830000162124635,0.8412787694702432,0.06123598005374998,0.9720910470692048,0.05456304446789591,0.866161478619667,0.039609751104703834,0.6287853054972737,0.03352362489076756,0.5321710470383149,55.55556291414851,33.33333885227988,31.578954798360684,-0.008803787849809896,-0.007104133781455088,-0.0016996540683548089,0.16420321002781688,0.13679679497897326,-0.03648755534348435,0.19366479978851148,0.1343352062911623,-0.4719397607198482,0.1979237850989632,0.14847622071845012,-0.9383676320116235,457528.4,815459.95,0.7969341356733265,0.4471341602981238,0.034482829494228984,-0.14285709420028914,-0.16666666666666663,-0.18918916741977942,0.03448282949422888,-0.14285709420028916,-0.16666666666666666,-0.1891891674197794,25.00000931322422,12.500010865428266,22.222233260118966,11.574085514393175,-74.99999068677577,-77.77776673988103,0.01160714668887002,0.011309526505924407,-59.088094204628035,-80.98653817377154,27.395648907593383,35.221086427815976,0.1733856428265573,0.0333333002196432,HOLD,0,1
0.1550000011920929,0.1599999964237213,0.15000000596046448,0.15000000596046448,540521,0.0,0.0,FSG,2022-03-18 00:00:00+11:00,Telecommunication Services,0.0,0.0,-0.004999995231628418,-0.03225803350434739,0.14800000488758086,1.013513520316454,0.14900000244379044,1.0067114328877362,0.16250000298023223,0.9230769428275742,0.1727000030875206,0.8685582123843261,0.18517500132322312,0.8100445788502485,0.1783250016719103,0.8411608274449406,0.051078049264519275,0.8108388948493418,0.0524915415509976,0.83327738927012,0.039609751104703834,0.6287853054972737,0.032726662899593514,0.5195196676402106,50.0,35.29412692805634,33.33333885227988,-0.008497856098128004,-0.007382878244789671,-0.0011149778533383328,0.15818937176669134,0.13981063312088954,0.10882177889857148,0.1917898452008092,0.13321016075965528,-0.42676901178341453,0.19827183246902755,0.14712817370601364,-0.8876954709963889,557741.2,821844.05,0.96912510676995,0.657692904146474,-0.032258033504347416,-0.09090909090909094,-0.16666666666666663,-0.14285709420028914,-0.03225803350434739,-0.09090909090909091,-0.16666666666666666,-0.14285709420028916,25.00000931322422,16.66667287548282,22.222233260118966,14.814822173412649,-74.99999068677577,-77.77776673988103,0.011250003107956477,0.011547621516954331,-15.439330303856863,-49.26243901260636,29.9413424244851,37.535063823869635,0.17205021713733687,0.0,HOLD,0,1
0.15000000596046448,0.15000000596046448,0.14749999344348907,0.15000000596046448,287232,0.0,0.0,FSG,2022-03-21 00:00:00+11:00,Telecommunication Services,0.0,0.0,0.0,0.0,0.14800000488758086,1.013513520316454,0.1485000029206276,1.0101010303726299,0.1610000029206276,0.9316770387539304,0.17210000306367873,0.8715863061603955,0.18457500144839287,0.8126777991785873,0.1783250016719103,0.8411608274449406,0.048841478145271046,0.7753344290231006,0.04916852082576616,0.7805260706272646,0.039609751104703834,0.6287853054972737,0.032420077577020964,0.5146527765253137,57.14286930706643,35.29412692805634,33.33333885227988,-0.008161324314352958,-0.007538567458702329,-0.0006227568556506288,0.15673273356160802,0.14026727227964716,0.18219994133784112,0.18958045390631983,0.13241955193493538,-0.38487835498711603,0.19837096308167138,0.14582904304568609,-0.8412329464959886,523739.2,801347.75,0.5484256286334878,0.3584361471034267,0.0,-0.032258033504347416,-0.16666666666666663,-0.16666666666666663,0.0,-0.03225803350434739,-0.16666666666666666,-0.16666666666666666,25.00000931322422,25.00000931322422,22.222233260118966,22.222233260118966,-74.99999068677577,-77.77776673988103,0.01107143291405269,0.011428574721018473,-44.919777465807755,-66.18589410554696,21.726016024061437,34.91798379247395,0.17076820847568525,0.0,HOLD,0,1
0.15000000596046448,0.15000000596046448,0.14000000059604645,0.15000000596046448,675589,0.0,0.0,FSG,2022-03-22 00:00:00+11:00,Telecommunication Services,0.0,0.0,0.0,0.0,0.14800000488758086,1.013513520316454,0.14900000393390656,1.0067114228198377,0.15950000286102295,0.9404388919739638,0.1715000030398369,0.8746355877651018,0.18377500146627426,0.816215506808155,0.1783250016719103,0.8411608274449406,0.048841478145271046,0.7753344290231006,0.044047787295491955,0.6992369459192523,0.039609751104703834,0.6287853054972737,0.032420077577020964,0.5146527765253137,40.00001192092611,37.500006984916865,33.33333885227988,-0.0078046532665023705,-0.007591784620262337,-0.00021286864624003345,0.1568881137033031,0.14111189416451,0.12677334060913087,0.1870107667518706,0.1319892389701753,-0.3453192698774518,0.19839739040131266,0.14460261567836113,-0.7993340316080721,501947.8,750422.7,1.345934776484726,0.9002779366882159,0.0,0.034482829494228984,-0.16666666666666663,-0.16666666666666663,0.0,0.03448282949422888,-0.16666666666666666,-0.16666666666666666,25.00000931322422,25.00000931322422,22.222233260118966,22.222233260118966,-74.99999068677577,-77.77776673988103,0.011428576494966234,0.011428574721018473,-69.19535854153303,-74.53702094010428,25.932809577316903,35.27116833059233,0.1695374801604997,-0.033333399560713795,HOLD,0,1
0.15000000596046448,0.17499999701976776,0.15000000596046448,0.17499999701976776,650874,0.0,0.0,FSG,2022-03-23 00:00:00+11:00,Telecommunication Services,0.16666660043928627,0.15415062306093064,0.024999991059303284,0.16666660043928622,0.15500000417232512,1.1290322084456665,0.15150000303983688,1.1551154687023444,0.15925000235438347,1.0989010639405543,0.1715000030398369,1.020408127801128,0.18337500140070914,0.9543285381487719,0.1784500016272068,0.980666827817428,0.07338585721225735,1.1649643675975725,0.06764005958489035,1.0737526579632641,0.05571306989048362,0.8844175662370813,0.040144628315891995,0.6372762179938316,77.77776673988103,50.0,47.82608301292604,-0.005441966939193549,-0.00716182108404858,0.0017198541448550314,0.16978782292711941,0.13321218315255434,1.2850079520015902,0.1860582876201352,0.13244171708863173,0.5875047400180162,0.19839739040131266,0.14460261567836113,0.1301239385407295,503767.2,765025.85,1.2920134538334374,0.8507869374610022,0.24999997339078361,0.16666660043928627,-0.02777783296726144,0.0,0.2499999733907837,0.16666660043928622,-0.02777783296726149,0.0,100.0,50.00000620881616,77.77776673988103,40.740744420039654,-0.0,-22.222233260118966,0.011785717947142465,0.012142859754108247,227.98979266703248,47.15276687612969,29.862849260539548,38.092272637847906,0.14000000059604645,-0.19999998297010124,SELL,0,2
0.17000000178813934,0.17000000178813934,0.1599999964237213,0.16500000655651093,514348,0.0,0.0,FSG,2022-03-24 00:00:00+11:00,Telecommunication Services,-0.057142803620318094,-0.058840443256605764,-0.004999995231628418,-0.029411736347271383,0.15800000429153443,1.0443038106002858,0.1535000041127205,1.074918580688412,0.15850000232458114,1.0410094898208195,0.17130000323057173,0.9632224369220768,0.18267500147223473,0.9032434937825344,0.17852500163018703,0.9242403307650263,0.08462263777153618,1.3433427289787148,0.07000514580939997,1.1112972378389268,0.05715974187544948,0.9073827720425043,0.04097163184494446,0.6504044920213053,63.63636609936584,50.0,44.0000004768371,-0.004326562737496903,-0.006594769414738245,0.002268206677241342,0.17296506979795362,0.13403493842748737,0.5908021390605801,0.1836521691373118,0.13334783551185048,0.2584272074976791,0.19823984660759325,0.14436015985355022,-0.23385424279914052,533712.8,740716.25,0.9637168154857818,0.6943927583605733,0.10000000000000009,0.13793111244365175,-0.08333333333333337,-0.057142803620318094,0.1,0.13793111244365178,-0.08333333333333333,-0.05714280362031807,71.42859575700035,65.47620169007487,55.5555665934523,51.85185553115076,-28.571404242999648,-44.4444334065477,0.010714289333139147,0.012380954765138171,178.6206750693996,44.66966878075197,33.085439561511805,35.2105017831465,0.14070000052452086,-0.21212127232792166,SELL,0,2
0.17000000178813934,0.18000000715255737,0.16500000655651093,0.17000000178813934,517451,0.0,0.0,FSG,2022-03-25 00:00:00+11:00,Telecommunication Services,0.030303000199675578,0.029852933931718787,0.0,0.0,0.16200000345706939,1.0493827046935218,0.15500000417232512,1.096774175561554,0.15800000205636025,1.0759493644025306,0.17110000312328338,0.9935710034186764,0.18207500144839286,0.9336811777333637,0.17860000163316728,0.9518477056753237,0.08374219500314932,1.3293661333260536,0.0677303356841777,1.075185746611548,0.05763896369026752,0.9149901825115777,0.04099732615253128,0.6508123765092136,80.00001192093322,57.89473601655629,46.153844390395264,-0.0030045049799408974,-0.005876716527778775,0.002872211547837878,0.1771108329929737,0.13288917535167655,0.6784005130466311,0.1817087585010412,0.1342912456116793,0.5061420981643805,0.1979244523087925,0.14427555393777428,-0.04100741556841639,529098.8,752981.55,0.9779855860568951,0.6872027608113372,0.13333330021964307,0.09677419664956521,-0.055555583150297405,-0.055555583150297405,0.1333333002196431,0.09677419664956526,-0.05555558315029741,-0.05555558315029741,74.99999068677577,82.14286214792538,74.99999068677577,69.44444134003636,-25.00000931322422,-25.00000931322422,0.010714289333139147,0.012857145496777125,194.0351101026845,97.22224595370105,38.51242587316988,32.718613074570754,0.14138600045442581,-0.17647059339140525,SELL,0,2
0.18000000715255737,0.18000000715255737,0.17000000178813934,0.17000000178813934,250627,0.0,0.0,FSG,2022-03-28 00:00:00+11:00,Telecommunication Services,0.0,0.0,-0.01000000536441803,-0.05555558315029741,0.16600000262260436,1.0240963801345766,0.15700000375509263,1.0828025332618825,0.1577500022947788,1.0776545122989578,0.17090000301599503,0.994733755342465,0.18162500143051147,0.9359944966231988,0.17868750162422656,0.9513816033179717,0.08374219500314932,1.3293661333260536,0.06617924584467115,1.0505629587528273,0.0573020110909466,0.9096412258230581,0.04099732615253128,0.6508123765092136,75.00000931323116,64.70588441538543,46.153844390395264,-0.0019344653695486935,-0.005088266296132759,0.0031538009265840656,0.18066431962990176,0.1333356878802835,0.5493502580771977,0.18080028848968527,0.13469971609987236,0.5314467416924084,0.19760244590182283,0.14419756013016724,-0.03370482737118264,521777.8,761091.1,0.4803328159994542,0.329299606840758,0.13333330021964307,0.13333330021964307,-0.028571401810159047,-0.055555583150297405,0.1333333002196431,0.1333333002196431,-0.028571401810159033,-0.05555558315029741,74.99999068677577,73.80952571018398,74.99999068677577,68.51851598900129,-25.00000931322422,-25.00000931322422,0.010714289333139147,0.011904764743078323,150.13661839920223,105.7632550750337,59.41462845918138,34.55682232384471,0.14293056072235108,-0.1470588570441338,SELL,0,2
0.17000000178813934,0.17000000178813934,0.16500000655651093,0.17000000178813934,236091,0.0,0.0,FSG,2022-03-29 00:00:00+11:00,Telecommunication Services,0.0,0.0,0.0,0.0,0.17000000178813934,1.0,0.1590000033378601,1.0691823787381014,0.1575000025331974,1.0793650733580606,0.17070000290870666,0.9958992319353288,0.18117500141263007,0.9383193070933697,0.1787625016272068,0.9509824501262526,0.08374219500314932,1.3293661333260536,0.06617924584467115,1.0505629587528273,0.0573020110909466,0.9096412258230581,0.04099732615253128,0.6508123765092136,75.00000931323116,62.499997671693514,48.00000190734863,-0.001074070058049964,-0.0042854270485162,0.0032113569904662362,0.18340400710340726,0.13459599957231294,0.45074564632745695,0.1798606809753955,0.1351393240909993,0.5590169943749331,0.19727373631357953,0.14412626950383378,-0.026341843274417402,433878.2,717870.0,0.5441411898546643,0.3288770947386017,0.13333330021964307,0.13333330021964307,-0.028571401810159047,-0.055555583150297405,0.1333333002196431,0.1333333002196431,-0.028571401810159033,-0.05555558315029741,74.99999068677577,74.99999068677577,74.99999068677577,74.99999068677577,-25.00000931322422,-25.00000931322422,0.010714288268770491,0.011428574011439369,88.52056965037278,73.88890036830169,52.63009386840734,33.5860243748583,0.14441333857955932,-0.17647059339140525,SELL,0,2
0.16500000655651093,0.17000000178813934,0.1550000011920929,0.17000000178813934,1244823,0.0,0.0,FSG,2022-03-30 00:00:00+11:00,Telecommunication Services,0.0,0.0,0.004999995231628418,0.03030300019967555,0.16900000274181365,1.005917154024272,0.16200000345706939,1.0493827046935218,0.1575000025331974,1.0793650733580606,0.1705000028014183,0.9970674427855505,0.18072500139474867,0.940655694984983,0.17883750163018702,0.950583631724388,0.03177851796874779,0.5044683334770247,0.060185351761211335,0.9554128399746508,0.05690566099691188,0.9033493631374605,0.04099732615253128,0.6508123765092136,75.00000931323116,66.66667328940602,48.00000190734863,-0.00038773105265293983,-0.003505887849343548,0.003118156796690608,0.18318699636508357,0.1408130105490552,0.3775900792435665,0.1798606809753955,0.1351393240909993,0.5590169943749331,0.19693822564473823,0.14406177995809838,-0.018912050792600645,552668.0,665904.35,2.252388414020714,1.8693720802394518,-0.028571401810159047,0.2142857218883476,0.0,-0.055555583150297405,-0.028571401810159033,0.21428572188834752,0.0,-0.05555558315029741,74.99999068677577,74.99999068677577,74.99999068677577,74.99999068677577,-25.00000931322422,-25.00000931322422,0.011071430785315377,0.011904764743078323,54.360806359526165,55.99999707937231,44.27960087031626,25.608243760434775,0.14583680532247925,-0.23529415373983642,SELL,0,2
0.17499999701976776,0.18000000715255737,0.17000000178813934,0.17499999701976776,134000,0.0,0.0,FSG,2022-03-31 00:00:00+11:00,Telecommunication Services,0.029411736347271455,0.02898750932488704,0.0,0.0,0.17100000083446504,1.023391790443176,0.16450000256299974,1.0638297525420815,0.1575000025331974,1.1111110743181212,0.17030000269412995,1.0275983220862264,0.1802750013768673,0.970739124577389,0.17893750160932542,0.9779950845734148,0.016356589680376264,0.2596528115484063,0.05769865167503899,0.9159376998953612,0.05690566099691188,0.9033493631374605,0.04102084623679963,0.6511857462719496,77.77778513638049,64.28571580624141,51.99999809265137,0.0005532775433025883,-0.0026940547708143203,0.0032473323141169086,0.18528995143263594,0.14371005369336354,0.5050514805307345,0.1798606809753955,0.1351393240909993,0.7826235922048381,0.1964401280628063,0.1441598773254536,0.17979999175022307,476598.4,665385.8,0.2811591478276049,0.20138692469842306,0.060606000399351156,0.16666660043928627,0.0,-0.05405408235428677,0.0606060003993511,0.16666660043928622,0.0,-0.054054082354286784,87.49997671693946,79.16665269683034,87.49997671693946,79.16665269683033,-12.50002328306055,-12.50002328306055,0.011071430785315377,0.012142860463687353,103.44827255463721,124.02912403415652,45.1249384593058,31.206419495011573,0.14720333339568237,-0.2285713847802603,SELL,0,2
0.16750000417232513,0.17000000178813934,0.1599999964237213,0.17000000178813934,43141,0.0,0.0,FSG,2022-04-01 00:00:00+11:00,Telecommunication Services,-0.028571401810159047,-0.028987509324886983,0.002499997615814209,0.014925358528601555,0.17100000083446504,0.9941520523892059,0.1665000021457672,1.0210210186021977,0.1577500022947788,1.0776545122989578,0.17000000268220902,0.9999999947407667,0.17992500141263007,0.94483812951748,0.17901250161230564,0.9496543551819357,0.020501426803592175,0.32545006106579244,0.059314583718253225,0.9415898258269134,0.055702447316367,0.8842489381007057,0.04121493373390768,0.6542667897715588,40.0,64.28571580624141,48.00000190734863,0.0008853698146101541,-0.0019781698537294254,0.0028635396683395794,0.1847878189548647,0.14821218533666972,0.19138422474961655,0.18057081292794794,0.1349291916616097,0.5367907253722024,0.19579353200739374,0.1442064733570243,-3.4662556958789404e-08,381736.4,593009.95,0.11301253954299353,0.07274920091981593,0.0,0.13333330021964307,0.030303000199675578,-0.0810810832580221,0.0,0.1333333002196431,0.03030300019967555,-0.08108108325802206,74.99999068677577,79.16665269683035,74.99999068677577,79.16665269683034,-25.00000931322422,-25.00000931322422,0.011428573301860265,0.011904764743078323,43.00339839716052,68.24998503178384,47.633711367372854,30.274495375811128,0.14851520034595736,-0.2058823297386766,SELL,0,2
0.17000000178813934,0.17000000178813934,0.16500000655651093,0.16500000655651093,126741,0.0,0.0,FSG,2022-04-04 00:00:00+10:00,Telecommunication Services,-0.029411736347271344,-0.029852933931718725,-0.004999995231628418,-0.029411736347271383,0.17000000178813934,0.9705882636527287,0.16800000220537187,0.9821428832769086,0.15825000256299973,1.0426540529806563,0.1698000028729439,0.9717314709351056,0.17952500149607659,0.9190920773233744,0.17906250163912774,0.9214659967671089,0.024408812297205977,0.3874778828211733,0.0608001980111005,0.9651732216051353,0.05424813830839062,0.8611624983134264,0.04071041105671409,0.6462577405636782,50.0,60.0000039736444,50.0,0.0007366063640846521,-0.0014352146101666097,0.002171820974251262,0.182298403966278,0.15370160044446574,-0.2098133552984472,0.181254577351287,0.13524542777471246,0.2934200721218263,0.19559036718820996,0.14400963855767782,-0.1861158786962813,356959.2,580580.3,0.35505738470951304,0.2183005520511116,-0.029411736347271344,0.10000000000000009,0.0645161631452178,-0.057142803620318094,-0.029411736347271383,0.1,0.06451616314521787,-0.05714280362031807,62.50000465661211,74.9999906867758,62.50000465661211,74.99999068677577,-37.49999534338789,-37.49999534338789,0.011250000979219164,0.010714288268770491,37.45117464498131,63.38142859584098,42.5092692316689,34.96633605747898,0.14977459261822135,-0.18181818181818177,SELL,0,2
0.17000000178813934,0.18000000715255737,0.17000000178813934,0.17000000178813934,241212,0.0,0.0,FSG,2022-04-05 00:00:00+10:00,Telecommunication Services,0.030303000199675578,0.029852933931718787,0.0,0.0,0.17000000178813934,1.0,0.17000000178813934,1.0,0.15950000286102295,1.0658307130957567,0.1697000029683113,1.001767818589161,0.1790750014781952,0.9493229115446309,0.17913750164210795,0.9489916976054289,0.029428292533824778,0.46715966132255526,0.06093908332648369,0.9673779576367114,0.05199871786940113,0.8254540558598747,0.04094127400430359,0.6499225762412453,50.0,71.42858359279107,56.52173969380574,0.001010519447089575,-0.0009460677987153728,0.0019565872458049477,0.1766666620969805,0.16333334147929818,0.0,0.18218781307780546,0.13681219264424044,0.46280354193677953,0.19544680856758168,0.14395319736904094,0.011651885072551922,357983.4,430251.05,0.6738077799138172,0.5606308224000848,0.0,0.13333330021964307,0.17241383917124886,-0.028571401810159047,0.0,0.1333333002196431,0.17241383917124878,-0.028571401810159033,74.99999068677577,70.83332867672124,74.99999068677577,70.83332867672122,-25.00000931322422,-25.00000931322422,0.011607143495764052,0.010714288268770491,81.0526402086877,97.32342479669185,49.20335513778105,37.56733040014313,0.15098360919959478,-0.2058823297386766,SELL,0,2
0.17000000178813934,0.17000000178813934,0.1599999964237213,0.1599999964237213,219371,0.0,0.0,FSG,2022-04-06 00:00:00+10:00,Telecommunication Services,-0.05882356034843117,-0.0606246546866435,-0.01000000536441803,-0.05882356034843122,0.16800000071525573,0.9523809270388417,0.1685000017285347,0.949554865177346,0.1600000023841858,0.9999999627470976,0.16950000286102296,0.9439527653277332,0.17842500150203705,0.8967352953722386,0.17913750164210795,0.8931686272111758,0.039601168292185136,0.62864905757243,0.034000042887565,0.5397339482761645,0.05376743273969569,0.8535315339817624,0.0415936952485768,0.6602794424156586,33.33331677647999,57.14285410180223,56.52173969380574,0.00041588659761468416,-0.0006736769194493614,0.0010895635170640456,0.17673272673843055,0.16026727671863883,-1.0324655924491883,0.18224268085335915,0.13775732391501244,-2.6797422312923897e-07,0.1953922451914081,0.1436077605306378,-0.3669055123183813,152893.0,407080.4,1.4348008084084949,0.5388886323193157,-0.05882356034843117,-0.08571429057997104,0.06666660043928618,-0.05882356034843117,-0.05882356034843122,-0.08571429057997108,0.06666660043928621,-0.05882356034843122,49.99998137355156,62.499992238979836,49.99998137355156,62.499992238979814,-50.00001862644844,-50.00001862644844,0.011607143495764052,0.010714288268770491,-12.727314105701533,27.85001248151799,44.32716381392199,49.619534690156314,0.15214426511771328,-0.1875000116415324,SELL,0,2
0.1599999964237213,0.18000000715255737,0.1599999964237213,0.17499999701976776,29742,0.0,0.0,FSG,2022-04-07 00:00:00+10:00,Telecommunication Services,0.09375000582076631,0.0896121640115306,0.015000000596046448,0.09375000582076622,0.16800000071525573,1.0416666444923197,0.16950000077486038,1.0324483552788462,0.16150000244379042,1.083591296419181,0.16930000275373458,1.0336680104744265,0.17802500143647193,0.9830079798213981,0.17926250159740448,0.9762219954555268,0.060906526962224344,0.9668611413761754,0.04240527458649158,0.6731628649995843,0.056495654318157895,0.896840708890309,0.041840084138508364,0.6641907447870677,55.55555187625542,64.70588338416385,59.999997615813925,0.0011418479557150918,-0.0003105719444164707,0.0014524199001315625,0.1782559499677643,0.16074405158195645,0.6281439194924439,0.1835286879522252,0.13947131693535564,0.6128370469862213,0.1948558648255319,0.14374414068193725,0.22304057871417,132041.4,399970.25,0.22524753600007272,0.07436053056446074,0.0,0.060606000399351156,0.20689656589884575,-0.05405408235428677,0.0,0.0606060003993511,0.20689656589884578,-0.054054082354286784,87.49997671693946,70.83331625908895,87.49997671693946,70.83331625908893,-12.50002328306055,-12.50002328306055,0.012321430657591139,0.011428574011439369,66.86358560511397,77.23764143598903,39.21630047125307,45.874529735971834,0.15325849479910705,-0.25714287173991324,SELL,0,2
0.17499999701976776,0.17499999701976776,0.17000000178813934,0.17000000178813934,527,0.0,0.0,FSG,2022-04-08 00:00:00+10:00,Telecommunication Services,-0.028571401810159047,-0.028987509324886983,-0.004999995231628418,-0.028571401810159033,0.16800000071525573,1.0119047682402897,0.16950000077486038,1.0029498584719365,0.16225000247359275,1.0477657885756146,0.16910000264644623,1.0053222893412652,0.17762500151991845,0.9570724860434466,0.17936250157654285,0.9478012421430905,0.060906526962224344,0.9668611413761754,0.04284825649157672,0.6801949847365257,0.055418828269054005,0.8797466253030782,0.04186079719837498,0.6645195544188573,50.0,61.11111387058667,60.00000476837272,0.0012987485687326328,1.1292158213350093e-05,0.0012874564105192826,0.1782559499677643,0.16074405158195645,0.05710414739320048,0.1843681024754038,0.1401319024717817,0.35039172957496395,0.194469919684301,0.14373008560859146,0.035475052612518,123518.6,398023.75,0.004266563902116766,0.0013240415929953928,0.0,0.0,0.09677419664956521,-0.055555583150297405,0.0,0.0,0.09677419664956526,-0.05555558315029741,74.99999068677577,70.83331625908896,74.99999068677577,70.83331625908893,-25.00000931322422,-25.00000931322422,0.012500000851494926,0.01119047829083034,59.82902638880726,71.83769712991628,41.30523688830644,46.79705817852535,0.15432815529324506,-0.23529415373983642,SELL,0,2
0.17000000178813934,0.17499999701976776,0.1599999964237213,0.17000000178813934,25702,0.0,0.0,FSG,2022-04-11 00:00:00+10:00,Telecommunication Services,0.0,0.0,0.0,0.0,0.16899999976158142,1.0059171717631283,0.16950000077486038,1.0029498584719365,0.1632500022649765,1.0413476228453995,0.16890000253915788,1.0065127248812589,0.17722500160336493,0.9592326153202957,0.17946250155568122,0.9472731089474645,0.05855576237656489,0.9295439104690991,0.04284825649157672,0.6801949847365257,0.05471102634311637,0.868510618061937,0.04186079719837498,0.6645195544188573,44.44444812374457,61.11111387058667,56.521741383919206,0.0014068758459545583,0.00029040889576159183,0.0011164669501929664,0.1782559499677643,0.16074405158195645,0.05710414739320048,0.1848382506992107,0.14166175383074228,0.31267008732671625,0.19407611748606662,0.14372388759224913,0.043692176147953586,103310.8,376446.75,0.24878328306430691,0.06827526071084423,0.030303000199675578,0.0,0.13333330021964307,-0.055555583150297405,0.03030300019967555,0.0,0.1333333002196431,-0.05555558315029741,66.66665010982156,76.38887250451228,74.99999068677577,79.16665269683033,-33.33334989017845,-25.00000931322422,0.012857143368039812,0.011428573301860265,-14.893680925140927,44.7674180762285,46.821195750982234,46.385850646526656,0.15535502936761755,-0.23529415373983642,SELL,0,2
0.1599999964237213,0.1599999964237213,0.1599999964237213,0.1599999964237213,8551,0.0,0.0,FSG,2022-04-12 00:00:00+10:00,Telecommunication Services,-0.05882356034843117,-0.0606246546866435,0.0,0.0,0.1669999986886978,0.9580838184434655,0.16850000023841857,0.9495548735746575,0.16375000178813934,0.9770992041314919,0.16850000232458115,0.9495548618184213,0.17667500153183938,0.90561763145018,0.17943750150501728,0.8916753470246437,0.06319656250198905,1.0032143285664772,0.046824833038225516,0.7433211804075943,0.056688401819100585,0.8999004806102502,0.04267062640675412,0.6773751945577023,39.99999403953517,39.999996026355596,54.16666356225743,0.0006778369503662174,0.00036789450668251697,0.0003099424436837004,0.17909349981827943,0.1579065006585577,-0.8023792091195708,0.18449278432549374,0.14300721925078494,-0.18078603281237082,0.19359167157327037,0.14340833307589193,-0.33875808805760804,56778.6,337647.0,0.15060251573656272,0.025325265736109014,-0.05882356034843117,-0.05882356034843117,0.06666660043928618,-0.11111116630059481,-0.05882356034843122,-0.05882356034843122,0.06666660043928621,-0.11111116630059482,19.999976158147774,53.88887231824839,49.99998137355156,66.66665424903437,-80.00002384185223,-50.00001862644844,0.011785715818405151,0.011428573301860265,-158.49061715823683,-22.151939669989726,37.13982466634048,48.95431488472061,0.15634082847901515,-0.1875000116415324,SELL,0,2
0.1599999964237213,0.17499999701976776,0.1599999964237213,0.16500000655651093,311157,0.0,0.0,FSG,2022-04-13 00:00:00+10:00,Telecommunication Services,0.03125006402842834,0.030771720754924695,0.005000010132789612,0.031250064028428434,0.16800000071525573,0.9821428919882595,0.16800000071525573,0.9821428919882595,0.16500000208616256,1.00000002709302,0.16830000251531602,0.9803921811676457,0.1762250016629696,0.9363030500750031,0.17946250155568122,0.9194121620182416,0.05865010128242184,0.9310414941722317,0.04822297878051925,0.7655160559919925,0.054382509662232716,0.8632955774270099,0.04274492141475944,0.6785545912467161,50.0,50.0,56.00000095367443,0.0004977892000239126,0.0003938734453507961,0.00010391575467311648,0.17874967731869623,0.15725032411181522,-0.2790776196731943,0.18247177975312123,0.14752822441920388,2.5586110666406425e-07,0.19333956369977795,0.14326044133085408,-0.1317912855778349,75135.8,321116.0,4.141261555743068,0.9689862853299119,0.03125006402842834,-0.029411736347271344,0.17857147038591137,-0.057142803620318094,0.031250064028428434,-0.029411736347271383,0.17857147038591134,-0.05714280362031807,40.00001192092611,42.222212729631835,62.50000465661211,62.499992238979814,-59.99998807907389,-37.49999534338789,0.011785715818405151,0.011785715818405151,-38.51133970803882,27.241364767095376,48.399106842164365,45.96118719267354,0.15728719562595683,-0.24242427252759713,SELL,0,2
0.17000000178813934,0.17000000178813934,0.16500000655651093,0.17000000178813934,647894,0.0,0.0,FSG,2022-04-14 00:00:00+10:00,Telecommunication Services,0.030303000199675578,0.029852933931718787,0.0,0.0,0.16700000166893006,1.0179640723905898,0.1675000011920929,1.014925376586591,0.16600000187754632,1.0240963847310298,0.16820000261068344,1.0107015407224589,0.1758250017464161,0.9668704683610475,0.1794375015795231,0.947405086961706,0.038851685415872354,0.6167513857566799,0.04828815920995498,0.7665507632318045,0.052671778835327435,0.8361385674580303,0.04296363728757426,0.6820265980902188,50.0,50.0,62.500003104409224,0.0007499133548426462,0.0004650814272491662,0.00028483192759348,0.17721825530423727,0.15778174707994855,0.2572479137916681,0.18209183990086042,0.14990816385423222,0.24857321486816883,0.19317018968332642,0.14322981553804046,0.07208593080297598,198766.2,335279.7,3.2595783387718837,1.9323985317333556,-0.028571401810159047,-0.028571401810159047,0.13333330021964307,-0.028571401810159047,-0.028571401810159033,-0.028571401810159033,0.1333333002196431,-0.028571401810159033,59.99998807907389,39.999992052715946,74.99999068677577,62.499992238979814,-40.00001192092611,-25.00000931322422,0.011071429720946721,0.011547620097796122,-2.4432345431763522,37.44857584152744,50.16955527673966,54.75650899336958,0.15819570808702085,-0.2058823297386766,SELL,0,2
0.17000000178813934,0.17000000178813934,0.1599999964237213,0.17000000178813934,189107,0.0,0.0,FSG,2022-04-19 00:00:00+10:00,Telecommunication Services,0.0,0.0,0.0,0.0,0.16700000166893006,1.0179640723905898,0.1675000011920929,1.014925376586591,0.16700000166893006,1.0179640723905898,0.16810000270605088,1.0113027903123293,0.1754250018298626,0.9690751034052447,0.17936250157654285,0.9478012421430905,0.03658401131868326,0.5807531754624484,0.04736855472963557,0.7519524946750087,0.052671778835327435,0.8361385674580303,0.04296363728757426,0.6820265980902188,62.500004656612106,50.0,59.09090970665972,0.0009389005034345921,0.0005598452424862515,0.0003790552609483406,0.17721825530423727,0.15778174707994855,0.2572479137916681,0.18129022342982223,0.15270977990803788,0.20993376935684366,0.19299898316866826,0.1432010222434335,0.07630830848440018,236482.2,317709.0,0.799666951677547,0.595220783799011,0.0,0.0,0.13333330021964307,-0.028571401810159047,0.0,0.0,0.1333333002196431,-0.028571401810159033,59.99998807907389,53.33332935969131,74.99999068677577,70.83332867672122,-40.00001192092611,-25.00000931322422,0.011071429720946721,0.011547620097796122,-29.3333460489873,13.235274739263613,43.686191973306805,51.057898118297295,0.1590678800496423,-0.26470589008710776,SELL,0,2
0.17000000178813934,0.17499999701976776,0.16500000655651093,0.16500000655651093,120645,0.0,0.0,FSG,2022-04-20 00:00:00+10:00,Telecommunication Services,-0.029411736347271344,-0.029852933931718725,-0.004999995231628418,-0.029411736347271383,0.16600000262260436,0.9939759274078633,0.1675000011920929,0.9850746589982711,0.1677500016987324,0.9836065865014996,0.16780000269412995,0.9833134917004565,0.17512500196695327,0.9421841810322836,0.17933750160038472,0.9200530010961018,0.038979839353242646,0.6187857664435732,0.04736855472963557,0.7519524946750087,0.05329998232603188,0.8461109887129101,0.042967460314968134,0.6820872867686563,33.33334989017844,46.66666931576241,56.521741383919206,0.0006774076184302147,0.0005833577176750441,9.404990075517056e-05,0.17721825530423727,0.15778174707994855,-0.2572473004649958,0.17965974742805493,0.15584025596940984,-0.23090292645382032,0.19247420704438245,0.14312579834387745,-0.11347867991497658,255470.8,309379.65,0.4722457517649767,0.3899577751801064,-0.029411736347271344,0.0,0.10000000000000009,-0.08333333333333337,-0.029411736347271383,0.0,0.1,-0.08333333333333333,40.00001192092611,53.33332935969131,62.50000465661211,70.83332867672122,-59.99998807907389,-37.49999534338789,0.011428572237491608,0.011547620097796122,8.000054041532445,29.095377977032044,48.84395421679656,48.18415859896553,0.1599051651337589,-0.22727277242775945,SELL,0,2
0.17000000178813934,0.17249999940395355,0.1599999964237213,0.16500000655651093,237769,0.0,0.0,FSG,2022-04-21 00:00:00+10:00,Telecommunication Services,0.0,0.0,-0.004999995231628418,-0.029411736347271383,0.1670000046491623,0.9880239638504621,0.16700000166893006,0.9880239814824431,0.1685000017285347,0.9792285155126438,0.16760000288486482,0.9844868956825735,0.17477500200271606,0.9440709750582453,0.17933750160038472,0.9200530010961018,0.025264973610985883,0.40106902233166913,0.04624137180093773,0.7340590204065371,0.05329998232603188,0.8461109887129101,0.04279155244292823,0.6792948358701993,40.00001192092611,46.66666931576241,56.521741383919206,0.00046481453053864863,0.0005596490802477651,-9.483454970911646e-05,0.17666091988361912,0.157339083454241,-0.20701915366369777,0.17714504691158858,0.1598549565454808,-0.40485562514866813,0.19219799596343154,0.1430020098062981,-0.10569953085397768,301314.4,287488.65,0.7891059969254705,0.8270552593989362,0.03125006402842834,-0.029411736347271344,0.10000000000000009,-0.057142803620318094,0.031250064028428434,-0.029411736347271383,0.1,-0.05714280362031807,25.000037252883,41.66667908429435,62.50000465661211,66.66666666666667,-74.999962747117,-37.49999534338789,0.011250000979219164,0.012023810119855972,-50.340123476463596,-22.810597900192008,69.50343337540542,48.339087121134725,0.18000000715255737,-0.24242427252759713,SELL,0,2
0.16500000655651093,0.17000000178813934,0.1599999964237213,0.16500000655651093,396094,0.0,0.0,FSG,2022-04-22 00:00:00+10:00,Telecommunication Services,0.0,0.0,0.0,0.0,0.1670000046491623,0.9880239638504621,0.16750000268220902,0.9850746502348346,0.16800000220537187,0.9821428832769086,0.1673000028729439,0.9862522637361836,0.17437500208616258,0.9462365854193983,0.17933750160038472,0.9200530010961018,0.02111375846345279,0.3351705248170879,0.04173633021787945,0.6625437023578755,0.03757851431422641,0.596540421088344,0.04258835049007514,0.6760691048711676,40.00001192092611,42.85714893925009,56.521741383919206,0.00029295596275424884,0.0005063104567490618,-0.00021335449399481296,0.1759983662782459,0.15900163908617215,-0.294173825048383,0.17620782730976975,0.159792177100974,-0.36550433405963967,0.19164530850517555,0.14295469724071222,-0.09447391423946269,318301.8,274749.65,1.2443976125802618,1.4416542477852108,0.0,0.03125006402842834,-0.057142803620318094,-0.08333333333333337,0.0,0.031250064028428434,-0.05714280362031807,-0.08333333333333333,25.000037252883,30.000028808897394,50.0,58.333336437741416,-74.999962747117,-50.0,0.011250000979219164,0.012023810119855972,-61.07378954530507,-68.89761018069535,57.39724352753552,49.92443470372538,0.17960000693798064,-0.24242427252759713,SELL,0,2
0.16500000655651093,0.17000000178813934,0.16500000655651093,0.16500000655651093,229246,0.0,0.0,FSG,2022-04-26 00:00:00+10:00,Telecommunication Services,0.0,0.0,0.0,0.0,0.16600000560283662,0.993975909562809,0.16650000363588333,0.9909910087290285,0.16800000220537187,0.9821428832769086,0.16690000295639038,0.9886159594594142,0.17397500216960907,0.9484121540383809,0.17933750160038472,0.9200530010961018,0.013153328361760745,0.20880261454794935,0.027347818115724808,0.4341331538066093,0.035289640343648704,0.5602056732372386,0.04238763140986638,0.6728827882534596,66.6666997803569,46.15384968074834,44.44444812374458,0.00015497040722223243,0.0004360424468436959,-0.0002810720396214635,0.1732494891541225,0.15975051811764415,-0.22223872846588844,0.17620782730976975,0.159792177100974,-0.36550433405963967,0.1907096226144424,0.14309038329833834,-0.07979952755091164,234572.2,260494.55,0.9772939845386622,0.8800414442451867,-0.029411736347271344,-0.057142803620318094,0.0,-0.10810808416175732,-0.029411736347271383,-0.05714280362031807,0.0,-0.10810808416175734,25.000037252883,25.000037252883,40.00001192092611,50.83333885917941,-74.999962747117,-59.99998807907389,0.010535714881760734,0.011071429366157168,-17.22584817098749,-30.314875069985725,61.78241906762072,46.25213790162278,0.17920800672769546,-0.24242427252759713,SELL,0,2
0.17000000178813934,0.17000000178813934,0.1599999964237213,0.16500000655651093,559092,0.0,0.0,FSG,2022-04-27 00:00:00+10:00,Telecommunication Services,0.0,0.0,-0.004999995231628418,-0.029411736347271383,0.16500000655651093,1.0,0.16600000411272048,0.9939759184853362,0.16775000244379043,0.983606582132832,0.1665000030398369,0.990991012276636,0.1737000022828579,0.9499136694760679,0.17933750160038472,0.9200530010961018,0.013153328361760745,0.20880261454794935,0.026138319373338652,0.41493295650621437,0.03459016223698841,0.5491018025306938,0.04238763140986638,0.6728827882534596,50.0,50.0,50.0,4.509602146673952e-05,0.00035785316176830463,-0.0003127571403015651,0.17232455968437999,0.15967544854106097,-0.1581134903281694,0.1760057799350816,0.15949422495249926,-0.3330995645389448,0.18973351220852258,0.1432664938711512,-0.06456177034796251,308569.2,262576.6,1.8118853080605581,2.129252949425044,-0.029411736347271344,-0.029411736347271344,-0.029411736347271344,-0.10810808416175732,-0.029411736347271383,-0.029411736347271383,-0.029411736347271383,-0.10810808416175734,25.000037252883,25.000037252883,40.00001192092611,43.33334128061741,-74.999962747117,-59.99998807907389,0.010892858462674277,0.010833334355127244,-55.69889636574552,-68.89762104544724,49.6527878670157,45.89850632756542,0.17882384652161598,-0.24242427252759713,SELL,0,2
0.1599999964237213,0.1599999964237213,0.1550000011920929,0.1550000011920929,97639,0.0,0.0,FSG,2022-04-28 00:00:00+10:00,Telecommunication Services,-0.06060609070941536,-0.06252038902684118,-0.004999995231628418,-0.03124997089616889,0.1630000054836273,0.9509202207214773,0.16450000405311585,0.9422492241522652,0.1670000024139881,0.9281437062967965,0.16600000292062758,0.9337349305120536,0.17330000236630438,0.8944027644296809,0.17928750157356263,0.86453322084192,0.02710386773535459,0.430260561574414,0.03185256470518461,0.5056437889770714,0.03707023906586851,0.5884718016599965,0.04306206549837145,0.6835890974967933,0.0,38.46154022498916,41.176469557012986,-0.0008392230394231037,0.00011843792153002292,-0.0009576609609531267,0.17325595664968546,0.15574405145654624,-1.0849765066961228,0.17694723031036586,0.15705277451761035,-1.2063663713048096,0.1891234520879332,0.14287655375332195,-0.4757076528222981,303968.0,254927.2,0.32121473312980314,0.3830073840688636,-0.06060609070941536,-0.08823529669570263,-0.08823529669570263,-0.13888891648363078,-0.060606090709415354,-0.0882352966957026,-0.0882352966957026,-0.13888891648363075,0.0,16.66669150192202,0.0,26.666674613950747,-100.0,-100.0,0.01053571594612939,0.01059523934409732,-215.49016070751816,-224.90974183655246,44.0351358538514,39.72425009392336,0.1784473695196581,-0.16129035979478312,SELL,0,2
0.1599999964237213,0.17000000178813934,0.1599999964237213,0.16500000655651093,211861,0.0,0.0,FSG,2022-04-29 00:00:00+10:00,Telecommunication Services,0.0645161631452178,0.06252038902684111,0.005000010132789612,0.031250064028428434,0.1630000054836273,1.0122699448196308,0.1650000050663948,1.0000000090310064,0.1667500026524067,0.989505270956165,0.1656000030040741,0.9963768331118423,0.1730000025033951,0.9537572495310966,0.17928750157356263,0.920309587162218,0.04425035537927259,0.7024526145587071,0.03410010060171385,0.5413223152465131,0.04011499736830895,0.6368058412833361,0.04388786201780934,0.6966982108406454,40.00001192092611,53.8461608999566,47.3684235292789,-0.0007247805875237046,-5.020578028072262e-05,-0.0006745748072429819,0.17316497120012286,0.15683503893266676,1.8250119956753257e-07,0.17663087058760518,0.1568691347172082,-0.17710955225520006,0.18806448800616946,0.14313551800197874,-0.026708666925024462,298786.4,253715.7,0.7090717649799321,0.8350330704800688,0.0,0.03125006402842834,-0.029411736347271344,-0.10810808416175732,0.0,0.031250064028428434,-0.029411736347271383,-0.10810808416175734,40.00001192092611,21.666683057936392,40.00001192092611,26.666674613950747,-59.99998807907389,-59.99998807907389,0.010892858462674277,0.010833334355127244,-27.366232515591392,-43.403678834277024,50.977877552967286,39.14543193917693,0.1775094747865555,-0.30303031808198044,SELL,0,2
0.16500000655651093,0.16500000655651093,0.14499999582767487,0.1550000011920929,869213,0.0,0.0,FSG,2022-05-02 00:00:00+10:00,Telecommunication Services,-0.06060609070941536,-0.06252038902684118,-0.01000000536441803,-0.060606090709415354,0.16100000441074372,0.9627329002840049,0.164000004529953,0.9451219323825303,0.16600000262260436,0.9337349321884072,0.16500000298023224,0.9393939296513989,0.1725500024855137,0.8982903445921758,0.17923750154674054,0.8647743907079227,0.05211920008864255,0.8273666517969825,0.037977239914333986,0.6028699937637819,0.04228691934080023,0.6712840337208288,0.04467906575369181,0.7092581807698269,33.33333333333333,33.33334161175382,42.857142857142854,-0.001424579315675495,-0.0003250804873596772,-0.0010994988283158178,0.17432796181272672,0.15367204724717928,-0.8714214332461904,0.17705012676591267,0.15494987847929606,-0.9954640588515752,0.18694613437573254,0.14305387158473193,-0.4556612556411502,393410.2,234935.2,2.20943178392426,3.699798923277567,-0.06060609070941536,-0.06060609070941536,-0.08823529669570263,-0.1621621665160441,-0.060606090709415354,-0.060606090709415354,-0.0882352966957026,-0.16216216651604412,33.33334989017845,24.444453937034876,28.571434653533213,22.857148858153113,-66.66665010982156,-71.42856534646678,0.010892858462674277,0.011547620807375227,-200.34270568390883,-223.08553647289955,39.832115853543925,35.34575011291447,0.17660909584277698,-0.3806451606700869,SELL,0,2
0.1599999964237213,0.1599999964237213,0.1550000011920929,0.1550000011920929,35848,0.0,0.0,FSG,2022-05-03 00:00:00+10:00,Telecommunication Services,0.0,0.0,-0.004999995231628418,-0.03124997089616889,0.1590000033378601,0.974842754328328,0.16250000447034835,0.9538461349419594,0.16500000283122063,0.9393939304997662,0.16450000286102295,0.9422492309805242,0.17215000256896018,0.90037757118245,0.17918750151991844,0.8650156951647832,0.05211920008864255,0.8273666517969825,0.03595078034002802,0.5707009453105455,0.04157791605007099,0.6600289554048528,0.044540557054602095,0.7070594233365642,33.33333333333333,36.36364128963809,42.857142857142854,-0.0019566201503736225,-0.0006513884199624664,-0.001305231730411156,0.17330124246263234,0.15169876647806435,-0.6943651536623086,0.17623903301680172,0.15376097264563954,-0.8897566314891707,0.18618889830656257,0.14281110741548333,-0.438012239617475,354730.6,230027.6,0.10105697112118324,0.1558421685049968,-0.06060609070941536,-0.08823529669570263,-0.11428569239013009,-0.13888891648363078,-0.060606090709415354,-0.0882352966957026,-0.11428569239013012,-0.13888891648363075,33.33334989017845,35.55557056709436,28.571434653533213,32.38096040933085,-66.66665010982156,-71.42856534646678,0.010892858462674277,0.011071430075736273,-123.83040074197052,-160.41665683604154,40.35659571565697,45.13393124877941,0.17471254984187085,-0.3806451606700869,SELL,0,2
0.1574999988079071,0.1574999988079071,0.14749999344348907,0.15000000596046448,1427468,0.0,0.0,FSG,2022-05-04 00:00:00+10:00,Telecommunication Services,-0.032258033504347416,-0.032789790777483716,-0.007499992847442627,-0.04761900256640572,0.15600000321865082,0.9615384799077427,0.16050000488758087,0.9345794479291704,0.1640000030398369,0.9146341657324744,0.1639000028371811,0.9151922108840661,0.1717500026524067,0.8733624666314528,0.17911250151693822,0.8374625148445004,0.052360643209286,0.8311994425149221,0.036534788215882415,0.5799717829298283,0.04169482793417318,0.6618848740287072,0.04474355355710548,0.7102818929124033,28.571434653533203,33.33334161175382,38.09524282576527,-0.0027500236131260125,-0.0010711154585951758,-0.0016789081545308367,0.17247219840316683,0.14852781137199492,-0.8770321757200968,0.17681446832495865,0.15118553775471513,-1.0925151200516439,0.18549837777573075,0.14230162789863143,-0.6435667922361755,528405.8,299243.95,2.701461641791214,4.770248487897583,-0.09090909090909094,-0.11764703304297397,-0.11764703304297397,-0.16666666666666663,-0.09090909090909091,-0.11764703304297398,-0.11764703304297398,-0.16666666666666666,16.666699780356893,27.77779985357128,14.285738614132853,23.8095359737331,-83.3333002196431,-85.71426138586715,0.01053571594612939,0.011071430075736273,-153.8918419565155,-203.08639345291775,30.358927903030448,33.75547978438142,0.1729297966010191,-0.34000002980232125,SELL,0,2
0.15000000596046448,0.1550000011920929,0.15000000596046448,0.15000000596046448,466258,0.0,0.0,FSG,2022-05-05 00:00:00+10:00,Telecommunication Services,0.0,0.0,0.0,0.0,0.15500000417232512,0.9677419478885835,0.15900000482797622,0.9433962352564144,0.16325000301003456,0.9188361604578001,0.16330000281333923,0.9185548277786781,0.17155000269412995,0.8743806680546157,0.17903750151395798,0.8378133334751117,0.04667786650082984,0.7409881589536109,0.036144509590642054,0.5737763018233674,0.04132108283588175,0.6559518545258561,0.04474355355710548,0.7102818929124033,28.571434653533203,40.00001192092611,40.00000298023197,-0.0033402967122838634,-0.0015249517093329135,-0.00181534500295095,0.1721656191353532,0.14583439052059924,-0.6835988551228365,0.1774941145016174,0.14900589151845173,-0.9302087432690906,0.18473904753508547,0.141860958091593,-0.6203633149467798,602129.6,316219.8,0.7743482466233184,1.47447440040124,-0.032258033504347416,-0.09090909090909094,-0.09090909090909094,-0.16666666666666663,-0.03225803350434739,-0.09090909090909091,-0.09090909090909091,-0.16666666666666666,16.666699780356893,22.222249816964098,14.285738614132853,19.047637293932976,-83.3333002196431,-85.71426138586715,0.010178572365215846,0.01059523934409732,-125.44798318989244,-162.8271545483888,35.72319144065999,38.51440237320229,0.17125400855461845,-0.3333333498901785,SELL,0,2
0.14499999582767487,0.14499999582767487,0.14499999582767487,0.14499999582767487,13925,0.0,0.0,FSG,2022-05-06 00:00:00+10:00,Telecommunication Services,-0.033333399560713795,-0.03390162018676693,0.0,0.0,0.15100000202655792,0.9602648601433279,0.15700000375509263,0.9235668303158973,0.16200000271201134,0.89506168765591,0.1626000025868416,0.8917588777419182,0.1712000025808811,0.8469625796832077,0.17893750146031379,0.8103387755184127,0.025688672024638787,0.40779502613217805,0.0367647263699068,0.583621937964671,0.04099356874885357,0.6507527295749747,0.0449505649406951,0.7135680967496285,25.000000000000014,29.999994039536944,39.99999701976847,-0.004163556538886087,-0.0020526726752435483,-0.002110883863642539,0.17205546180642356,0.1419445457037617,-0.7970536589789734,0.17802629785880475,0.14597370756521794,-1.0607571324890952,0.18409893453469978,0.14110107063898342,-0.8186456332738948,562542.4,304855.45,0.02475368967743587,0.04567738579054434,-0.12121218141883072,-0.12121218141883072,-0.1470588570441338,-0.19444449963392818,-0.12121218141883071,-0.12121218141883071,-0.14705885704413382,-0.19444449963392815,0.0,11.111133186904615,0.0,9.52382574275524,-100.0,-100.0,0.009464287332126073,0.010595240053676423,-155.75450512336909,-196.10392354877035,31.835483918804357,37.159876985597926,0.16967876779100183,-0.3172413633637985,SELL,0,2
0.14499999582767487,0.15000000596046448,0.14000000059604645,0.14000000059604645,683004,0.0,0.0,FSG,2022-05-09 00:00:00+10:00,Telecommunication Services,-0.034482726727597,-0.035091286779138975,-0.004999995231628418,-0.034482726727597,0.14800000190734863,0.9459459377824173,0.15450000315904616,0.906148852643886,0.1610000029206276,0.8695652053190702,0.16180000245571136,0.8652657507490946,0.17070000261068344,0.8201523049495513,0.17883750148117541,0.7828335748181036,0.018287886720249457,0.2903112016002043,0.03710585097686383,0.5890371232212288,0.039719636003508994,0.6305296741877534,0.045162102841971724,0.7169261568274834,28.571434653533203,20.000005960463056,35.00000298023153,-0.0051599727572497756,-0.002674132691644794,-0.0024858400656049815,0.17178841123867084,0.1372115950794215,-0.8387124191086598,0.17980649800762255,0.14219350783363266,-1.1166356212276403,0.18363051814719972,0.139969486764223,-0.9986022395322828,525300.6,328037.1,1.300215533734399,2.0820937631749583,-0.09677419664956521,-0.1515151816185063,-0.12499997671693508,-0.22222224981696403,-0.09677419664956526,-0.15151518161850627,-0.12499997671693511,-0.2222222498169641,0.0,5.555566593452316,0.0,4.761912871377622,-100.0,-100.0,0.009821430913039617,0.010357145042646499,-140.3793768986057,-176.15128371237944,19.63522526757167,31.317392052717693,0.16819804147320222,-0.3214285828325213,SELL,0,2
0.14000000059604645,0.14000000059604645,0.125,0.12999999523162842,945831,0.0,0.0,FSG,2022-05-10 00:00:00+10:00,Telecommunication Services,-0.07142860944173757,-0.07410801309097856,-0.01000000536441803,-0.07142860944173758,0.14300000071525573,0.9090908711985731,0.15100000202655792,0.860927109184833,0.15875000283122062,0.8188975931536924,0.1608000022172928,0.8084576706408025,0.17020000249147416,0.7638072463491328,0.17861250147223473,0.7278325658063576,0.025299016631971098,0.4016094385360945,0.0404747713579649,0.6425170763122511,0.03477029415041749,0.5519613080074113,0.04615052408841036,0.7326168576793781,0.0,16.66667080587692,35.00000298023153,-0.0066795588519071025,-0.003475217923697256,-0.0032043409282098466,0.17249936231843374,0.1295006417346821,-0.9767735648797405,0.18096308980746256,0.13653691585497868,-1.2942824034472038,0.183778252985977,0.1378217514486086,-1.3403982442231857,707297.2,373841.55,1.3372469168547536,2.530031774156725,-0.16129035979478312,-0.21212127232792166,-0.25714287173991324,-0.27777783296726144,-0.16129035979478312,-0.21212127232792163,-0.25714287173991324,-0.2777778329672615,9.99999105930275,3.3333303531009357,9.09089923890297,3.030299746300995,-90.00000894069726,-90.90910076109702,0.010178573429584503,0.010595240053676423,-193.89671791106636,-223.93735509222165,17.72838543037048,28.92476603371213,0.16594219820302974,-0.26153842803289074,SELL,0,2
0.12999999523162842,0.14249999821186066,0.12999999523162842,0.14000000059604645,60779,0.0,0.0,FSG,2022-05-11 00:00:00+10:00,Telecommunication Services,0.07692312100935417,0.07410801309097848,0.01000000536441803,0.07692312100935426,0.14099999964237214,0.9929078081640988,0.14850000143051148,0.9427609376930377,0.157250002771616,0.89030205487104,0.16000000208616258,0.8749999923165888,0.16970000252127648,0.8249852593755481,0.17846250146627426,0.7844785287989677,0.05599685265522853,0.8889224779683695,0.05118600777630856,0.8125526830939842,0.04006911684881342,0.6360775106156903,0.047596131024085664,0.7555651563514602,28.571434653533203,30.769234296131344,31.578954798360684,-0.0069962762035293835,-0.004179429579663683,-0.002816846623865701,0.1685277653151234,0.12847223754589956,-0.4244108769924084,0.1803002954311532,0.1341997101120788,-0.7483636945682013,0.183035024171353,0.13696498000097215,-0.8682432088039739,433959.4,376854.15,0.14005688089715304,0.16127990099087405,-0.06666669978035689,-0.1515151816185063,-0.17647059339140525,-0.22222224981696403,-0.06666669978035689,-0.15151518161850627,-0.1764705933914052,-0.2222222498169641,31.578949019519268,13.859646692940691,30.000002980232416,13.0303007397118,-68.42105098048073,-69.99999701976758,0.010357145752225603,0.010238096827552431,-121.70107228001193,-151.62351920255503,16.688843055538086,29.123248179501488,0.16184797838272677,-0.35000001596552976,SELL,0,2
0.14000000059604645,0.14499999582767487,0.14000000059604645,0.14499999582767487,473561,0.0,0.0,FSG,2022-05-12 00:00:00+10:00,Telecommunication Services,0.035714251502436234,0.03509128677913902,0.004999995231628418,0.03571425150243618,0.13999999761581422,1.0357142735500722,0.14750000089406967,0.9830508132119251,0.15600000247359275,0.9294871380032194,0.15940000206232072,0.9096611916666358,0.16925000250339509,0.8567207898550325,0.17828750140964986,0.8132931062537551,0.060110947768143776,0.9542317132014092,0.05073777906353709,0.8054372728671527,0.041264515190508416,0.6550538709943942,0.04779352719560773,0.7586987234290818,37.499995343387894,35.714282673233384,36.84210608870674,-0.006765826916909495,-0.004696709047112845,-0.00206911786979665,0.1670789069534032,0.12792109483473615,-0.12768870021739656,0.17884963055225694,0.13315037439492855,-0.48140856420280753,0.18240310799016748,0.13639689613447395,-0.6260026919762037,435420.0,399247.1,1.0875958844334206,1.1861351027972402,-0.033333399560713795,-0.06451616314521791,-0.1470588570441338,-0.1714285811599422,-0.03333339956071379,-0.06451616314521787,-0.14705885704413382,-0.17142858115994217,44.4444334065477,28.674457828456593,39.99999403953517,26.36363208622352,-55.5555665934523,-60.00000596046483,0.009821430913039617,0.010238096827552431,-67.54968372239576,-97.93774115295058,23.168248573950407,33.0276209785213,0.1581631805444541,-0.33793100967701994,SELL,0,2
0.14000000059604645,0.14499999582767487,0.12999999523162842,0.14000000059604645,69548,0.0,0.0,FSG,2022-05-13 00:00:00+10:00,Telecommunication Services,-0.034482726727597,-0.035091286779138975,0.0,0.0,0.13899999856948853,1.0071942592579093,0.14500000029802323,0.9655172435055164,0.155000002682209,0.903225794667136,0.15870000213384627,0.88216760374062,0.1687500025331974,0.8296296207077383,0.17811250142753124,0.786020068630659,0.06024688926802014,0.956389717610565,0.04487939630621001,0.7124383297016549,0.03999861862176373,0.6349583859558237,0.04800265348413173,0.7620185003413246,37.499995343387894,33.33333333333333,35.00000298023153,-0.0069070320593525025,-0.005138773649560777,-0.0017682584097917257,0.16063472364863704,0.12936527694740943,-0.3198009705608571,0.17884159066207544,0.13115841470234257,-0.6291528105774516,0.1818948300720068,0.13550517419568575,-0.8062142813758181,446544.6,402296.95,0.1557470407211284,0.1728772738644924,-0.034482726727597,-0.1515151816185063,-0.12499997671693508,-0.19999998297010124,-0.034482726727597,-0.15151518161850627,-0.12499997671693511,-0.19999998297010121,33.333333333333336,36.45223858646679,30.000002980232416,33.333333333333336,-66.66666666666667,-69.99999701976758,0.010178573429584503,0.010238096827552431,-88.90954702789769,-117.33949614600787,24.57398352119783,32.88631894161321,0.1548468624900087,-0.3285714544203816,SELL,0,2
0.14000000059604645,0.14000000059604645,0.12999999523162842,0.12999999523162842,193442,0.0,0.0,FSG,2022-05-16 00:00:00+10:00,Telecommunication Services,-0.07142860944173757,-0.07410801309097856,-0.01000000536441803,-0.07142860944173758,0.1369999974966049,0.9489050920227209,0.14249999970197677,0.9122806702000649,0.1532500021159649,0.8482870697336559,0.15790000200271606,0.8233058491626382,0.1682500024139881,0.7726596931140393,0.17788750141859055,0.7307989273834529,0.0666118244930962,1.0574299319100822,0.04620178299407873,0.7334305675806331,0.041539850324513565,0.6594246807450518,0.0488375319525365,0.7752717851554937,29.999994039536944,29.411763674660406,35.00000298023153,-0.007736671478549423,-0.005658353215358507,-0.002078318263190916,0.15899916326826657,0.12600083613568697,-0.7576144342182104,0.17905800378441547,0.12744200044751433,-0.9008836555043643,0.18223524715941797,0.13356475684601415,-1.1464855435575512,348632.2,396411.2,0.5548598207509232,0.4879831851370496,-0.07142860944173757,-0.16129035979478312,-0.21212127232792166,-0.23529415373983642,-0.07142860944173758,-0.16129035979478312,-0.21212127232792163,-0.23529415373983642,11.111100073214368,29.62962227103182,9.99999105930275,26.66666269302345,-88.88889992678563,-90.00000894069726,0.010535717010498047,0.010238096827552431,-107.09677525208373,-129.76565801797125,20.694243122660893,32.24980475082532,0.15186217624100784,-0.23076919109158112,SELL,0,2
0.13500000536441803,0.13500000536441803,0.13500000536441803,0.13500000536441803,50000,0.0,0.0,FSG,2022-05-17 00:00:00+10:00,Telecommunication Services,0.03846161781683777,0.03774040439905826,0.0,0.0,0.13799999952316283,0.9782609118180376,0.1405000001192093,0.9608541298923508,0.15150000229477883,0.8910891308222149,0.15710000216960907,0.8593252928072443,0.16785000249743462,0.804289564228522,0.17771250143647194,0.7596539594749747,0.06032141042563994,0.9575727043134128,0.049227730613487126,0.7814659968682083,0.04200456379179084,0.6668017783369612,0.04898123775568776,0.7775530440580639,40.00001192092611,33.33333885227988,35.00000298023153,-0.007899645468996297,-0.006106611666086065,-0.0017930338029102317,0.15499138132584342,0.12600861891257517,-0.37953557886348194,0.17727229021884516,0.1257277143707125,-0.6402224350036458,0.18176841699265495,0.13243158734656318,-0.8958823241672029,169466.0,366516.5,0.29504443369171396,0.13641950635237432,0.03846161781683777,-0.12903223015391263,-0.2058823297386766,-0.2285713847802603,0.03846161781683767,-0.12903223015391266,-0.2058823297386766,-0.22857138478026023,22.222233260118966,22.222222222222243,20.000011920929666,20.000001986821616,-77.77776673988103,-79.99998807907033,0.01017857449395316,0.009761906805492583,-84.80675862104891,-106.16780852709314,23.672770146107396,29.738139218194775,0.14917595861690705,-0.25925927765575385,SELL,0,2
0.13500000536441803,0.14499999582767487,0.13500000536441803,0.13500000536441803,404193,0.0,0.0,FSG,2022-05-18 00:00:00+10:00,Telecommunication Services,0.0,0.0,0.0,0.0,0.13700000047683716,0.9854014955805983,0.13900000005960464,0.9712230597591988,0.14975000247359277,0.901502525104961,0.1565000021457672,0.862619830756784,0.1675000025331974,0.8059701690909641,0.17753750145435332,0.7604027558038373,0.0470225491747842,0.7464598267727068,0.04885422965528481,0.7755368529691223,0.04200456379179084,0.6668017783369612,0.048379603789644926,0.768002400931431,44.44445180303984,37.500006984916865,31.578954798360684,-0.00793730719405869,-0.00647275077168059,-0.0014645564223781,0.15216561386395094,0.12583438625525833,-0.3038213602973917,0.17498052429041808,0.12451948065676746,-0.5846092766634143,0.18183450026648143,0.13116550402505298,-0.8486450640903024,238148.8,377270.8,1.6972287914110842,1.0713604127327108,-0.035714251502436234,-0.09999999999999998,-0.2058823297386766,-0.18181818181818177,-0.03571425150243618,-0.1,-0.2058823297386766,-0.18181818181818182,22.222233260118966,18.51852219781745,20.000011920929666,16.6666716337207,-77.77776673988103,-79.99998807907033,0.010178573429584503,0.010000001816522507,-52.341000668817635,-78.33162075602664,29.048305753784987,26.528968760804815,0.14675836275521634,0.0,HOLD,0,1
0.13500000536441803,0.13500000536441803,0.12999999523162842,0.13500000536441803,380117,0.0,0.0,FSG,2022-05-19 00:00:00+10:00,Telecommunication Services,0.0,0.0,0.0,0.0,0.1350000023841858,1.0000000220757939,0.1375,0.981818220832131,0.1482500024139881,0.9106239673941491,0.15610000222921372,0.8648302590424507,0.16715000256896018,0.8076578120824246,0.17733750149607658,0.7612603325608756,0.04141409130136973,0.6574283181428857,0.04885422965528481,0.7755368529691223,0.041826555405367546,0.6639759828064016,0.04765777980018221,0.7565438003325579,57.14286930706643,28.571434653533203,31.578954798360684,-0.007876360600371862,-0.0067534727374188456,-0.0011228878629530167,0.14830123339368897,0.12669876660631105,-0.23145455194428982,0.17322894569185407,0.12327105913612216,-0.5304466607004554,0.1821525403580209,0.13004746410040655,-0.8099017746552958,219460.0,390244.4,1.732055955527203,0.9740485705880725,-0.068965453455194,-0.09999999999999998,-0.18181818181818177,-0.12903223015391263,-0.068965453455194,-0.1,-0.18181818181818182,-0.12903223015391266,25.00000931322422,23.14815861115407,20.000011920929666,20.000011920929666,-74.99999068677577,-79.99998807907033,0.009464288396494729,0.009761906805492583,-85.71426758722305,-96.9051416620193,24.541483011378375,26.099133712904603,0.14458252647969472,-0.03703711062301529,HOLD,0,1
0.13500000536441803,0.13500000536441803,0.12999999523162842,0.13500000536441803,1340438,0.0,0.0,FSG,2022-05-20 00:00:00+10:00,Telecommunication Services,0.0,0.0,0.0,0.0,0.1340000033378601,1.0074627015048394,0.13650000095367432,0.9890110214009057,0.14675000235438346,0.9199318786953706,0.15590000241994859,0.8659397259069174,0.1667500026524067,0.8095952216914077,0.177162501513958,0.7620123006322638,0.03988727173080908,0.6331908088594663,0.048172656114695865,0.7647172084375216,0.041826555405367546,0.6639759828064016,0.04678703250752955,0.7427211155857076,40.00001192092611,33.33334161175382,33.33333885227988,-0.007738851324971957,-0.006950548454929468,-0.0007883028700424888,0.14598683396211048,0.12701316794523815,-0.15811341760969294,0.17108862625717502,0.12241137845159188,-0.4827716241022867,0.18244914873093812,0.12935085610895905,-0.7872191749864054,473638.0,445377.85,2.830089646523294,3.009664715027925,-0.035714251502436234,-0.068965453455194,-0.18181818181818177,-0.068965453455194,-0.03571425150243618,-0.068965453455194,-0.18181818181818182,-0.068965453455194,28.571446817750264,25.264563130364504,21.052643136634867,20.350888992831404,-71.42855318224973,-78.94735686336513,0.008392859782491411,0.009523812504041763,-76.17821838431637,-88.47582168078742,28.995931081422867,24.808104863371923,0.14262427383172524,-0.03703711062301529,HOLD,0,1
0.12999999523162842,0.12999999523162842,0.12999999523162842,0.12999999523162842,386698,0.0,0.0,FSG,2022-05-23 00:00:00+10:00,Telecommunication Services,-0.03703711062301529,-0.03774040439905813,0.0,0.0,0.1340000033378601,0.9701491939806427,0.1355000004172325,0.9594095559507865,0.14500000178813935,0.8965516801963385,0.15550000220537186,0.8360128192148506,0.1663000026345253,0.781719742466434,0.17701250150799752,0.7344113784288561,0.0266956820677099,0.4237808149824417,0.048346501066371714,0.7674769114904316,0.042218163857525,0.6701925742607189,0.0467926076059425,0.7428096175293198,20.000023841838015,30.769234296131344,31.578949845067214,-0.007941785306975507,-0.007148795825338677,-0.0007929894816368303,0.14544429118248142,0.1255557096519836,-0.5530816943551441,0.1688415884522012,0.12115841512407749,-0.629153032802197,0.18299768409077638,0.12800232031996733,-0.9273511519994185,512289.2,444908.05,0.754843162807258,0.8691638643085914,0.0,-0.07142860944173757,-0.21212127232792166,-0.13333339956071377,0.0,-0.07142860944173758,-0.21212127232792163,-0.13333339956071377,15.384601277006636,22.985352469327058,11.111100073214368,17.387918376926304,-84.61539872299336,-88.88889992678563,0.008392860846860068,0.009166669987496875,-104.70535149772306,-100.1379051229832,26.636864725999914,24.57889823033163,0.1408618464485527,-0.11538456688971033,SELL,0,2
0.12999999523162842,0.12999999523162842,0.12999999523162842,0.12999999523162842,282175,0.0,0.0,FSG,2022-05-24 00:00:00+10:00,Telecommunication Services,0.0,0.0,0.0,0.0,0.13300000131130219,0.9774435635331168,0.1355000004172325,0.9594095559507865,0.1432500012218952,0.9075043219738446,0.15520000219345093,0.8376288234170792,0.16580000251531601,0.7840771607926814,0.17681250147521496,0.7352421019271164,0.016563499408648933,0.2629374016575029,0.0425939216685325,0.6761575445874141,0.042218163857525,0.6701925742607189,0.04657130337649965,0.7392965217981645,25.000018626427632,33.33333333333333,31.578949845067214,-0.008010274491656644,-0.007321091558602271,-0.0006891829330543725,0.14544429118248142,0.1255557096519836,-0.5530816943551441,0.16602464513711138,0.12047535730667903,-0.5817876248512589,0.18348138852538923,0.12691861586151262,-0.891045674566668,558724.2,447554.5,0.5050345053964014,0.6304818742745297,-0.03703711062301529,0.0,-0.21212127232792166,-0.10344828294942288,-0.03703711062301532,0.0,-0.21212127232792163,-0.10344828294942289,16.666650109821553,20.207566068192836,11.111100073214368,14.424947761021206,-83.33334989017844,-88.88889992678563,0.007678574749401638,0.008690479255857923,-98.03926903483625,-94.09011397281496,36.74653771999813,26.028706522071488,0.13927566180369744,-0.03846150319251662,HOLD,0,1
0.12999999523162842,0.12999999523162842,0.12999999523162842,0.12999999523162842,855995,0.0,0.0,FSG,2022-05-25 00:00:00+10:00,Telecommunication Services,0.0,0.0,0.0,0.0,0.13199999928474426,0.9848484540609616,0.1344999998807907,0.966542716333452,0.1415000006556511,0.9187278772386112,0.15470000207424164,0.8403360923630788,0.16535000249743462,0.786211026719793,0.1766125014424324,0.7360747068859249,0.016563499408648933,0.2629374016575029,0.03324102103808661,0.5276848499558597,0.042218163857525,0.6701925742607189,0.045460423543323907,0.7216618511478049,50.0,33.33333333333333,31.578949845067214,-0.007972648929892218,-0.007451403032860261,-0.0005212458970319566,0.14444429164501613,0.12455570811656527,-0.45252138169869865,0.16255132046929463,0.12044868084200758,-0.5462842959883893,0.18386596112774484,0.12553404302073845,-0.8468779235855939,649084.6,462399.65,1.3187726222436953,1.8512016607279005,-0.03703711062301529,-0.07142860944173757,-0.21212127232792166,-0.16129035979478312,-0.03703711062301532,-0.07142860944173758,-0.21212127232792163,-0.16129035979478312,19.999976158147774,17.350409181658673,11.111100073214368,11.111100073214368,-80.00002384185223,-88.88889992678563,0.0073214322328567505,0.008452384244827997,-90.23443011234713,-88.91894223395559,27.795386832138874,23.386783364934388,0.1378480956233277,0.0,HOLD,0,1
0.12999999523162842,0.12999999523162842,0.12999999523162842,0.12999999523162842,215028,0.0,0.0,FSG,2022-05-26 00:00:00+10:00,Telecommunication Services,0.0,0.0,0.0,0.0,0.13099999725818634,0.9923663965840623,0.13299999982118607,0.9774435744842778,0.14025000035762786,0.9269161846712112,0.15430000185966491,0.8425145409256882,0.16485000237822534,0.7885956527520186,0.17641250140964984,0.7369091997043548,0.016563499408648933,0.2629374016575029,0.029908004418744222,0.4747748514133086,0.04061498755731994,0.6447429394719076,0.04525831698412902,0.7184535089840172,0.0,36.36364128963809,31.578949845067214,-0.00785231381534865,-0.007531585189357939,-0.00032072862599070995,0.13999206634854747,0.12600793329382468,-0.42905835890119476,0.16089104739540583,0.11960895331984987,-0.4965835845070995,0.18426665225909133,0.12433335146023848,-0.8109016624861617,616066.8,468269.1,0.3490335788261922,0.45919749989909653,-0.03703711062301529,-0.10344828294942288,-0.16129035979478312,-0.13333339956071377,-0.03703711062301532,-0.10344828294942289,-0.16129035979478312,-0.13333339956071377,19.999976158147774,18.888867475372386,11.111100073214368,11.111100073214368,-80.00002384185223,-88.88889992678563,0.006964288651943207,0.007976193513189043,-83.62834984354984,-83.188428407053,27.908151329292323,25.593815745379047,0.13656328606099494,0.0,HOLD,0,1
0.12999999523162842,0.12999999523162842,0.125,0.12999999523162842,132320,0.0,0.0,FSG,2022-05-27 00:00:00+10:00,Telecommunication Services,0.0,0.0,0.0,0.0,0.12999999523162842,1.0,0.13199999928474426,0.9848484540609616,0.13849999979138375,0.9386281258299025,0.15390000164508819,0.8447043134633875,0.16435000225901603,0.7909947882248769,0.17623750135302543,0.7376409347249109,0.016563499408648933,0.2629374016575029,0.02879628143820853,0.4571267962135509,0.036951501217139374,0.5865868967463079,0.04525831698412902,0.7184535089840172,0.0,40.0,35.294120740724125,-0.0076685491094772296,-0.007558977973381798,-0.00010957113609543195,0.13716398754479384,0.1268360110246947,-0.3872983346202745,0.15600188340114676,0.12099811618162075,-0.4856622720890344,0.184625251537676,0.12317475175250037,-0.7778620677459623,374443.2,464292.05,0.3533780290308383,0.2849930340181358,-0.03703711062301529,-0.07142860944173757,-0.21212127232792166,-0.13333339956071377,-0.03703711062301532,-0.07142860944173758,-0.21212127232792163,-0.13333339956071377,24.99998137354462,21.666644563280073,11.111100073214368,11.111100073214368,-75.00001862645537,-88.88889992678563,0.006607145071029663,0.007738097792580014,-106.43274266744227,-89.7046139342663,33.32641918938617,25.54979320030415,0.13540695745489545,-0.03846150319251662,HOLD,0,1
0.12999999523162842,0.12999999523162842,0.125,0.125,262958,0.0,0.0,FSG,2022-05-30 00:00:00+10:00,Telecommunication Services,-0.03846150319251662,-0.03922067647349926,-0.004999995231628418,-0.038461503192516594,0.12899999618530272,0.9689922767163737,0.13149999976158142,0.9505703439287729,0.1369999997317791,0.9124087609104168,0.15360000163316725,0.8138020746805019,0.1637500022351742,0.7633587682061691,0.17601250134408475,0.7101768286085486,0.017200507131059025,0.27304958575785154,0.021584863340769433,0.3426490828979445,0.03570380468781163,0.5667803283766303,0.0446054103509317,0.7080889374993097,0.0,44.44445180303984,25.00000465661124,-0.007836043058004394,-0.007614390990306317,-0.00022165206769807645,0.138249492638981,0.12475050688418182,-0.963035279783226,0.15367017866267682,0.12032982080088137,-0.7198482860635296,0.18516076529060674,0.12203923797572777,-0.9061885176034288,349695.2,433979.3,0.7519634241476577,0.6059229092263156,-0.03846150319251662,-0.03846150319251662,-0.19354839329913054,-0.1071428609441738,-0.038461503192516594,-0.038461503192516594,-0.1935483932991305,-0.10714286094417376,0.0,14.999985843897484,0.0,7.407400048809585,-100.0,-100.0,0.005892858973571232,0.00726190706094106,-122.92148250736237,-101.79909436635238,42.665150423558266,22.016952582568763,0.1343662617094059,0.08000004291534424,BUY,0,0
0.1274999976158142,0.13500000536441803,0.1274999976158142,0.13500000536441803,77470,0.0,0.0,FSG,2022-05-31 00:00:00+10:00,Telecommunication Services,0.08000004291534424,0.07696108087255739,0.007500007748603821,0.05882359128509954,0.12999999821186065,1.0384615940102466,0.13149999976158142,1.0266160122371282,0.13599999994039536,0.9926470987028265,0.15330000162124635,0.8806262487717282,0.1632500022649765,0.8269525481861559,0.17578750133514404,0.7679727189877769,0.04339989642218049,0.6889519971543089,0.03205726711023454,0.5088933389163048,0.040984585635701155,0.650610127074572,0.04490615097147433,0.7128630468458559,50.0,44.44445180303984,37.500006984916865,-0.007080249648913961,-0.007507562722027847,0.00042731307311388595,0.138249492638981,0.12475050688418182,0.5185583074776239,0.1503637008620096,0.12163629901878112,-0.06961956263462374,0.18528278011772384,0.12131722312476886,-0.5721828157876854,308754.2,436060.4,0.25091156654711094,0.17765887477973233,0.03846161781683777,0.0,-0.12903223015391263,-0.09999999999999998,0.03846161781683767,0.0,-0.12903223015391266,-0.1,50.00003725291076,25.00000620881848,28.571446817750264,13.227515630321548,-49.99996274708924,-71.42855318224973,0.005714287715298789,0.006785716329302106,-10.526230666232523,-45.42425338617096,42.9991620182581,26.43235607043016,0.125,0.0,HOLD,0,1
0.1274999976158142,0.1274999976158142,0.125,0.125,24936,0.0,0.0,FSG,2022-06-01 00:00:00+10:00,Telecommunication Services,-0.07407411086706317,-0.07696108087255733,-0.002499997615814209,-0.01960782480441495,0.12899999916553498,0.9689922543301561,0.1304999992251396,0.957854411817651,0.13474999964237214,0.927643787248618,0.15280000150203704,0.8180628191835035,0.16275000229477882,0.7680491443164184,0.1754875013232231,0.7123014406009902,0.05734665490918935,0.9103499244669383,0.03979667735084263,0.6317526676620383,0.04338601268787249,0.6887315997048217,0.04607426959787435,0.7314063551695168,40.00001192092611,30.000014901153193,33.33333885227988,-0.007205138435546932,-0.007447077864731665,0.00024193942918473293,0.13787865217903264,0.12312134627124656,-0.7453934016828584,0.1483127222382622,0.12118727704648209,-0.718882184121845,0.18576009126908652,0.11983991173498756,-0.8434443503800458,142542.4,365933.8,0.17493742212843338,0.06814347294510646,-0.03846150319251662,-0.07407411086706317,-0.16666669978035686,-0.16666669978035686,-0.038461503192516594,-0.07407411086706321,-0.1666666997803569,-0.1666666997803569,0.0,16.666679084303606,0.0,9.523815605916761,-100.0,-100.0,0.006071431296212333,0.007023812049911136,-128.20502239814758,-108.02737088121566,27.758770534063245,25.849125177360932,0.13500000536441803,0.039999961853027344,HOLD,0,1
0.1274999976158142,0.1274999976158142,0.1274999976158142,0.1274999976158142,41000,0.0,0.0,FSG,2022-06-02 00:00:00+10:00,Telecommunication Services,0.019999980926513672,0.01980260859668314,0.0,0.0,0.12849999964237213,0.9922178830401477,0.12974999845027924,0.9826589528991229,0.13362499922513962,0.9541627566335426,0.15235000133514404,0.8368887200423185,0.16222500219941138,0.7859454207871592,0.17520000129938126,0.7277397070217059,0.0585978647812156,0.9302122654229207,0.040677962268050885,0.6457426320127895,0.043812900246314915,0.6955082296093789,0.04618422711335041,0.7331518766139099,45.45455038054851,36.84211021644942,37.14285762942548,-0.0070214459265414975,-0.007361951477093631,0.0003405055505521339,0.13660160366239282,0.12289839323816565,-0.3283903209261153,0.14548770219146784,0.12176229625881142,-0.5163242834884242,0.186071704275761,0.11862829839452707,-0.73691425854412,107736.8,344670.9,0.38055706128268146,0.11895405153147538,-0.01923075159625831,-0.05555561074503923,-0.15000004967053537,-0.15000004967053537,-0.019230751596258297,-0.055555610745039265,-0.15000004967053535,-0.15000004967053535,12.49999068677231,20.83334264656104,8.333325054910777,12.301590624220353,-87.5000093132277,-91.66667494508923,0.005178573940481458,0.006666668823787144,-82.93168097918917,-87.31501004865235,30.254447921072313,35.20854904120823,0.13480000525712968,0.01960782480441492,HOLD,0,1
0.1274999976158142,0.1274999976158142,0.125,0.125,15746,0.0,0.0,FSG,2022-06-03 00:00:00+10:00,Telecommunication Services,-0.01960782480441492,-0.019802608596683105,-0.002499997615814209,-0.01960782480441495,0.12750000059604644,0.9803921522795354,0.12874999791383743,0.9708738021390337,0.13262499943375589,0.9425070728270619,0.15185000121593475,0.8231807639056036,0.16167500212788583,0.7731560127095239,0.17487500131130218,0.71479627769942,0.05904255710882491,0.9372715372756768,0.040884508171868096,0.6490214465877059,0.0434879936005428,0.6903504965052278,0.046248133114881726,0.7341663529379282,41.66667494508923,43.750009313220744,36.11111295075997,-0.0069969408255732,-0.007288949346789545,0.0002920085212163451,0.13509647597165478,0.12240351985602008,-0.5908785754357598,0.14380239909548342,0.12144759977202835,-0.6821800834289385,0.186444004933339,0.11725599749853051,-0.7761461042575571,84422.0,344761.95,0.18651536329392812,0.045672093454628616,-0.03846150319251662,-0.07407411086706317,-0.13793100967701988,-0.16666669978035686,-0.038461503192516594,-0.07407411086706321,-0.13793100967701988,-0.1666666997803569,0.0,4.1666635622574555,0.0,2.777775018303597,-100.0,-100.0,0.004642859101295471,0.006547621318272182,-107.6922013427467,-109.03061939200144,33.326233085997586,27.05674600242945,0.1346040051519871,0.0,HOLD,0,1
0.1274999976158142,0.13500000536441803,0.125,0.125,219439,0.0,0.0,FSG,2022-06-06 00:00:00+10:00,Telecommunication Services,0.0,0.0,-0.002499997615814209,-0.01960782480441495,0.12750000059604644,0.9803921522795354,0.12824999839067458,0.9746588816260687,0.13187499940395356,0.947867302862354,0.1508500012755394,0.8286377125822999,0.16117500215768815,0.7755545111003271,0.1746000012755394,0.7159221024445197,0.05626602693943914,0.8931954872605001,0.03950726250074351,0.6271583493474905,0.04300082001987467,0.6826168556666155,0.03927901783506227,0.6235350776066726,41.66667494508923,35.714282673233384,38.235299789367765,-0.0068980044550074615,-0.007210760368433129,0.0003127559134256672,0.1349374662469288,0.12156253053442037,-0.48598340366378556,0.14298154298034038,0.12076845582756673,-0.6190044055263257,0.18560292234758272,0.1160970802034961,-0.7438224033586123,75718.2,321583.7,2.898101117036591,0.6823697842894401,0.0,-0.03846150319251662,-0.1071428609441738,-0.2857142735500723,0.0,-0.038461503192516594,-0.10714286094417376,-0.2857142735500723,0.0,4.1666635622574555,0.0,2.777775018303597,-100.0,-100.0,0.005000001617840358,0.006785716329302106,-44.44432910977264,-67.3076217696781,38.90426043828994,30.590529716039427,0.125,0.0,HOLD,0,1
0.12999999523162842,0.12999999523162842,0.125,0.125,103198,0.0,0.0,FSG,2022-06-07 00:00:00+10:00,Telecommunication Services,0.0,0.0,-0.004999995231628418,-0.038461503192516594,0.12549999952316285,0.9960159400393419,0.12774999886751176,0.9784735898873568,0.13162499964237212,0.9496676189145498,0.15005000114440917,0.8330556417637021,0.16067500218749045,0.777967937129003,0.17435000129044056,0.7169486611690299,0.03600567260988116,0.571572333080133,0.03950726250074351,0.6271583493474905,0.04003733371918415,0.6355729690743721,0.03858436413405737,0.6125077919656552,41.66667494508923,35.714282673233384,40.62500291038203,-0.006741880467185241,-0.007116984388183552,0.00037510392099831136,0.13460160093818382,0.1208983967968397,-0.40136581767977936,0.1431272895934133,0.12012270969133093,-0.5759722342743085,0.18531127383983492,0.11478872844898341,-0.7104111459839271,80863.8,279452.05,1.276195281448559,0.36928696712011955,-0.07407411086706317,-0.03846150319251662,-0.03846150319251662,-0.24242427252759713,-0.07407411086706321,-0.038461503192516594,-0.038461503192516594,-0.24242427252759718,0.0,0.0,0.0,0.0,-100.0,-100.0,0.004642859101295471,0.006547620608693077,-77.77779065532592,-88.98896300187752,20.486325519974997,35.65928624927969,0.13500000536441803,-0.04000002145767212,HOLD,0,1
0.125,0.125,0.125,0.125,7081,0.0,0.0,FSG,2022-06-08 00:00:00+10:00,Telecommunication Services,0.0,0.0,0.0,0.0,0.12549999952316285,0.9960159400393419,0.1272499993443489,0.9823182761812027,0.13087499961256982,0.9551098404587459,0.1491500011086464,0.8380824610852357,0.1601250021159649,0.7806401145866849,0.17412500128149985,0.7178750844510736,0.014003885829804505,0.2223047957652247,0.03950726250074351,0.6271583493474905,0.03558473076350194,0.5648900884284943,0.03825819149268326,0.6073299618043614,50.0,35.714282673233384,46.42857599014991,-0.006542730556872239,-0.0070021336219212894,0.00045940306504905007,0.13410160189831907,0.12039839679037875,-0.32839023084389984,0.14202883001862052,0.11972116920651912,-0.5267248468636184,0.18462937435354296,0.11367062786374985,-0.6806772188998632,77292.8,276767.15,0.09161267284921752,0.02558468373143272,0.0,-0.03846150319251662,-0.1071428609441738,-0.26470589008710776,0.0,-0.038461503192516594,-0.10714286094417376,-0.2647058900871078,0.0,0.0,0.0,0.0,-100.0,-100.0,0.0042857155203819275,0.005833334866024199,-115.7024627152717,-105.22870469917025,26.7338843351216,47.01505711939426,0.13480000525712968,-0.04000002145767212,HOLD,0,1
0.12999999523162842,0.12999999523162842,0.12999999523162842,0.12999999523162842,7125,0.0,0.0,FSG,2022-06-09 00:00:00+10:00,Telecommunication Services,0.039999961853027344,0.03922067647349922,0.0,0.0,0.1259999990463257,1.031746001710937,0.1272499993443489,1.0216109697559823,0.1301249995827675,0.9990393517653035,0.14835000097751616,0.8763059951130782,0.1596250019967556,0.814408730496183,0.17387500122189523,0.747663518723577,0.021801925896136283,0.34609484414061376,0.04182577413919353,0.6639635805903764,0.03585497741286865,0.5691801209897311,0.03878828662698397,0.6157449611837518,37.499972060316935,43.74998835846973,42.307689662516275,-0.005913280374396035,-0.006784362972416238,0.0008710825980202033,0.13410160189831907,0.12039839679037875,0.4013653543996101,0.1390803013837746,0.12116969778176036,-0.013958697754330951,0.1837141449053681,0.11298585704966421,-0.5188873165804451,70517.8,253445.35,0.10103831940304434,0.02811256943558049,0.01960782480441492,0.0,-0.10344828294942288,-0.23529415373983642,0.01960782480441495,0.0,-0.10344828294942289,-0.23529415373983642,49.999925494234,16.66664183141135,24.99998137354462,8.333327124514879,-50.000074505766,-75.00001862645537,0.004285714456013271,0.0054761916399002075,62.22214539843067,-18.40248178452098,27.14713797276596,45.98125828926729,0.1346040051519871,0.0,HOLD,0,1
0.12999999523162842,0.12999999523162842,0.11500000208616257,0.11500000208616257,575511,0.0,0.0,FSG,2022-06-10 00:00:00+10:00,Telecommunication Services,-0.11538456688971033,-0.1226022672720064,-0.01499999314546585,-0.11538456688971031,0.12399999946355819,0.9274193756747507,0.12575000002980233,0.9145129388382343,0.12887499965727328,0.8923375549330009,0.14725000098347663,0.7809847288154997,0.15897500194609165,0.7233841841697791,0.17355000119656325,0.6626332543548256,0.05868779150995209,0.9316398079856466,0.05568572701673912,0.8839835115727346,0.043189628617878915,0.6856140992408755,0.041821823825254394,0.6639008713006749,29.999991059297415,35.00000372529108,30.000006953874262,-0.006549314238767839,-0.0067373532256865595,0.0001880389869187201,0.13576387940935802,0.11573612065024662,-1.0735098293261758,0.1389373076705751,0.11881269164397146,-1.3789080549679769,0.18328074485085014,0.11121925711610312,-0.8950689171454219,182470.8,278743.5,3.1539895698380236,2.064661597490166,-0.07999998331069946,-0.11538456688971033,-0.1785714171674787,-0.32352940660859475,-0.07999998331069946,-0.11538456688971031,-0.17857141716747874,-0.3235294066085948,0.0,16.66664183141135,0.0,8.333327124514879,-100.0,-100.0,0.004999998956918716,0.0059523820167496095,-224.56142992635148,-197.74010292611374,24.359744566949246,28.071518305540536,0.13441192504894733,0.043478218616745945,HOLD,0,1
0.10999999940395355,0.10999999940395355,0.0949999988079071,0.09600000083446503,373159,0.0,0.0,FSG,2022-06-14 00:00:00+10:00,Telecommunication Services,-0.16521739919154077,-0.18058394634361374,-0.013999998569488525,-0.12727271495771794,0.1181999996304512,0.8121827507157884,0.12285000011324883,0.7814407875129652,0.12717499993741513,0.7548653499642868,0.14577000096440315,0.6585717239441338,0.15813500188291074,0.6070762303816023,0.1731300011649728,0.554496622124944,0.08751074124423106,1.3891899502749507,0.07408173840478216,1.1760111390623786,0.05406205498181041,0.8582085170818252,0.04741636915591418,0.7527115251610953,12.048184984149117,25.36231962303944,25.280903579459178,-0.008488664924792624,-0.007087615565507774,-0.0014010493592848507,0.14420441638749917,0.10149558383899848,-1.2573511227820424,0.14496108352005507,0.10938891635477518,-1.7527748004838108,0.18399875138613125,0.10754125054267503,-1.3018997372629344,213214.8,287729.35,1.7501552425066178,1.29690975216814,-0.23199999332427979,-0.23199999332427979,-0.26153842803289074,-0.43529411867828105,-0.23199999332427979,-0.23199999332427979,-0.26153842803289074,-0.43529411867828105,2.5000046566121097,17.499976716948723,2.000004172325383,8.999995181956672,-97.4999953433879,-97.99999582767461,0.006428570619651249,0.006190477382569086,-376.8271243028984,-413.2231347755885,20.222525287157893,26.166125826180064,0.13363544813043593,0.2499999611948931,BUY,0,0
0.0949999988079071,0.10499999672174454,0.0949999988079071,0.09600000083446503,752269,0.0,0.0,FSG,2022-06-15 00:00:00+10:00,Telecommunication Services,0.0,0.0,0.0010000020265579224,0.010526337253750465,0.1123999997973442,0.8540925356543757,0.11894999966025352,0.8070617999887468,0.12522499971091747,0.7666200922825435,0.1441900010406971,0.6657881971120132,0.15724500186741353,0.6105122559978771,0.1727100011333823,0.5558450593739799,0.08751074124423106,1.3891899502749507,0.06549332745043412,1.0396743418078118,0.05278287452454491,0.8379021568504349,0.047095930336107865,0.7476247165953841,12.820504003255337,25.36231962303944,28.481019224192835,-0.009911362300740342,-0.007652364912554288,-0.002258997388186054,0.14431160459338957,0.09358839472711747,-0.9049111397442878,0.14740719975941813,0.1030427996624168,-1.3174977600306974,0.18398585550737043,0.10439414657402377,-1.2109301547121782,343029.0,322842.8,2.193018666060304,2.3301402416284334,-0.23199999332427979,-0.2888889109646824,-0.2888889109646824,-0.45142855731808385,-0.23199999332427979,-0.2888889109646824,-0.2888889109646824,-0.45142855731808385,2.5000046566121097,1.6666697710747587,2.000004172325383,1.3333361148835934,-97.4999953433879,-97.99999582767461,0.0071428561849253515,0.006190477027779534,-226.00407164057103,-308.3522156825118,15.128719021605889,23.400897826603327,0.1313173211710842,0.30208332201517707,BUY,0,0
0.10000000149011612,0.10000000149011612,0.09799999743700027,0.0989999994635582,240100,0.0,0.0,FSG,2022-06-16 00:00:00+10:00,Telecommunication Services,0.031249985448084994,0.030771644555805704,-0.0010000020265579224,-0.010000020116567311,0.10719999969005585,0.9235074603525554,0.11634999960660934,0.8508809608791303,0.12342499941587448,0.802106541884457,0.14277000099420548,0.6934229794365292,0.15638500183820725,0.63305303130016,0.17230500109493732,0.5745625422039304,0.09276488055458852,1.4725968260883164,0.06633667447289622,1.0530620607499808,0.05371974472077764,0.8527745101503154,0.047394572430290535,0.7523655128687213,19.04760975550913,28.472222006638262,26.623372664980778,-0.01067374511432452,-0.008256640952908335,-0.0024171041614161858,0.14416705881464675,0.08853294039857193,-0.6237179859055003,0.14798271822136574,0.09886728061038322,-0.9945956359291278,0.183852901750575,0.10168710023783593,-1.0654067927241269,389632.8,314638.15,0.616221221621999,0.7630988168472259,-0.20800000429153442,-0.20800000429153442,-0.26666669978035684,-0.41764706810452934,-0.20800000429153442,-0.20800000429153442,-0.2666666997803569,-0.41764706810452934,10.0,5.0000031044080915,8.00000178813945,4.000003377596744,-90.0,-91.99999821186054,0.0074285705174718586,0.006142857528868176,-155.44364568858634,-222.54018160894503,21.463914536831908,26.14377727944826,0.12913828182929357,0.2121211915961967,BUY,0,0
0.09600000083446503,0.10000000149011612,0.09200000017881393,0.10000000149011612,702544,0.0,0.0,FSG,2022-06-17 00:00:00+10:00,Telecommunication Services,0.010101030626025631,0.01005035617326661,0.0040000006556510925,0.04166667313418449,0.10120000094175338,0.9881422980190688,0.11359999999403954,0.8802817033042518,0.12167499922215938,0.8218615338351626,0.1414700008928776,0.7068636520744568,0.15563500188291074,0.642528995921813,0.17193000111728907,0.5816320644463734,0.08694937645879444,1.3802785605726244,0.06572968669989662,1.0434264285726977,0.05390473289411208,0.8557111063631017,0.047387240619885626,0.7522491239867738,20.93022772271567,29.45205668198254,27.56410054348163,-0.011069643224110082,-0.008819241407148685,-0.002250401816961397,0.14195018922190508,0.08524981076617401,-0.47971455832668364,0.14770387843845495,0.0956461200058638,-0.8327288144805506,0.1837771457475014,0.09916285603825378,-0.9802126696391604,528716.6,330759.5,1.328772351766523,2.1240327186369554,-0.23076919109158112,-0.21568624815634652,-0.25925927765575385,-0.39393940899107127,-0.23076919109158117,-0.2156862481563465,-0.25925927765575385,-0.3939394089910713,18.604651968694398,10.368218875102189,18.604651968694398,9.534885976386414,-81.3953480313056,-81.3953480313056,0.007642856666019985,0.006047619950203668,-125.41665920315096,-180.68876024272345,18.480889367618644,14.012579890438971,0.12708998484801037,0.19999995529651704,BUY,0,0
0.0989999994635582,0.0989999994635582,0.0989999994635582,0.0989999994635582,15135,0.0,0.0,FSG,2022-06-20 00:00:00+10:00,Telecommunication Services,-0.01000002011656731,-0.010050356173266608,0.0,0.0,0.09800000041723252,1.010204071857839,0.11099999994039536,0.8918918875380099,0.1198749989271164,0.8258602740322014,0.14005000084638597,0.7068903881846205,0.15487500190734863,0.6392251702620367,0.17157500110566615,0.5770071328898787,0.07888494632247771,1.2522597009357315,0.0658368172803892,1.0451270738154579,0.0538199985662489,0.8543659906088845,0.04704958785372517,0.7468890524942521,20.45453968188386,31.15941942914945,27.215187187340874,-0.011333442266953986,-0.009322081579109746,-0.00201136068784424,0.13947220688284037,0.08252779299795035,-0.42146365756242576,0.14698078363536296,0.09276921421886983,-0.770130792679367,0.18320622182217364,0.0968937798705983,-0.9511954581439933,416641.4,264494.35,0.03632620282093906,0.0572223943536034,-0.13913045506396193,-0.20800000429153442,-0.26666669978035684,-0.41764706810452934,-0.13913045506396193,-0.20800000429153442,-0.2666666997803569,-0.41764706810452934,16.279066140875216,14.961239369856557,16.279066140875216,14.29457329923636,-83.72093385912478,-83.72093385912478,0.007357142865657806,0.005857143373716445,-92.64161048344434,-137.73079910078562,20.663257245377395,15.925594546298043,0.12428278607447465,0.2121211915961967,BUY,0,0
0.0949999988079071,0.0949999988079071,0.0949999988079071,0.0949999988079071,10000,0.0,0.0,FSG,2022-06-21 00:00:00+10:00,Telecommunication Services,-0.04040404724571223,-0.041242965663791334,0.0,0.0,0.09780000001192093,0.9713701308417941,0.10799999982118606,0.8796296200481216,0.11812499910593033,0.8042328002281249,0.13875000089406966,0.6846846716810905,0.1541250018775463,0.6163827909204859,0.17117500111460685,0.554987575226021,0.02643240576855314,0.4196014333004443,0.0656494896248895,1.0421533394746358,0.05390131293798118,0.8556568162425989,0.04672760207812963,0.7417776867666958,9.302327596154953,18.253959806597095,25.90361175403534,-0.011730054762887007,-0.009803676215865198,-0.0019263785470218092,0.1362370897389861,0.07976290990338603,-0.4603874213356543,0.14694362256320498,0.08930637564865568,-0.8024325080032861,0.18334534990157528,0.09415465188656405,-0.9810440563835306,344009.6,245659.45,0.02906895621517539,0.04070675888918582,-0.010416687686099602,-0.24000000953674316,-0.2692307515962583,-0.4062499941792338,-0.010416687686099591,-0.24000000953674316,-0.2692307515962583,-0.4062499941792338,6.976740156528016,13.95348608869923,6.976740156528016,13.953486088699215,-93.02325984347199,-93.02325984347199,0.006928571100745883,0.005809523874805087,-93.48421184938977,-134.47368919477933,18.1260992860595,15.891173786199403,0.1217001632028218,0.2631578823536056,BUY,0,0
0.09399999678134918,0.09600000083446503,0.09399999678134918,0.09600000083446503,47326,0.0,0.0,FSG,2022-06-22 00:00:00+10:00,Telecommunication Services,0.010526337253750517,0.010471321107985794,0.0020000040531158447,0.021276639591467215,0.09780000001192093,0.9815951004372545,0.10509999990463256,0.9134158032500015,0.11642499938607216,0.8245651822262275,0.1371700009703636,0.6998614868801116,0.1532350018620491,0.6264887242987063,0.17085500113666058,0.5618799578344106,0.02702521742767035,0.42901202664638677,0.06617654288404269,1.0505200505830683,0.05409717054248627,0.8587659593260069,0.044407831399813615,0.704952468885553,17.2413846258589,23.14814406003734,28.48101516523313,-0.011827342969685892,-0.010208409566629337,-0.0016189334030565546,0.1314725426990691,0.07872745711019603,-0.34505580827371884,0.14628656440285367,0.08656343436929065,-0.6839895544700604,0.182119685696985,0.0922203162437422,-0.9159129899639917,203021.0,233917.0,0.23310889021332767,0.20231962619219637,0.0,-0.23199999332427979,-0.26153842803289074,-0.45142855731808385,0.0,-0.23199999332427979,-0.26153842803289074,-0.45142855731808385,9.302325984347199,10.852710760583497,9.302325984347199,10.852710760583482,-90.69767401565281,-90.69767401565281,0.006357142435652869,0.00566666644243967,-78.29977680093496,-112.46006470770018,19.417474951987387,18.883541175728453,0.11932415016090117,0.19791667798482293,BUY,0,0
0.09600000083446503,0.09600000083446503,0.09099999815225601,0.09099999815225601,777526,0.0,0.0,FSG,2022-06-23 00:00:00+10:00,Telecommunication Services,-0.052083360820284086,-0.05348871394820939,-0.005000002682209015,-0.05208336082028408,0.0961999997496605,0.9459459292002458,0.10169999971985817,0.8947885781998399,0.11447499953210354,0.7949333786783361,0.13559000089764595,0.6711409215267282,0.1523450017720461,0.5973284131002824,0.17051000114530324,0.5336930241101148,0.028800106821129507,0.45718752228482196,0.06613496034331039,1.049859948213109,0.05466055036800798,0.8677093367980153,0.04472180977099955,0.7099367210088197,33.33333333333333,17.699112826986564,26.78571571120804,-0.012167642001289308,-0.010600256053561333,-0.0015673859477279752,0.12529001468199952,0.07810998475771683,-0.4535818050465061,0.14566790441654834,0.08328209464765873,-0.7525750316237454,0.18137552451531636,0.08980447727997552,-0.9738886709636954,310506.2,229993.55,2.5040595002611865,3.3806426310650886,-0.08080809449142445,-0.2720000147819519,-0.29999998853756793,-0.4647058988524967,-0.0808080944914245,-0.2720000147819519,-0.2999999885375679,-0.46470589885249663,0.0,5.426355380291757,0.0,5.426355380291743,-100.0,-100.0,0.006535714226109641,0.005904761808259147,-79.59659504965408,-108.5133445157263,14.831360224473343,15.962804259283004,0.11713821816233419,0.3186813159821589,BUY,0,0
0.09200000017881393,0.09600000083446503,0.08900000154972076,0.09600000083446503,74963,0.0,0.0,FSG,2022-06-24 00:00:00+10:00,Telecommunication Services,0.05494508553553268,0.05348871394820946,0.0040000006556510925,0.043478267911701875,0.09539999961853027,1.0062893209468966,0.09830000028014182,0.9766022437525727,0.11277499981224537,0.8512525027203869,0.13411000087857247,0.7158302901018286,0.15150500170886516,0.6336424524052375,0.17014000114053487,0.5642412142407913,0.042722632116751376,0.6782007596101508,0.0680127167263779,1.0796684066872737,0.056852733765505516,0.9025091693861541,0.045672635772745496,0.7250306158531016,50.0,25.423729669701885,30.89887988475543,-0.011896734851955776,-0.010859551813240222,-0.0010371830387155539,0.11109062345552886,0.08550937710475479,-0.17981918583159268,0.14411099677328112,0.08143900285120961,-0.5353267999942348,0.18013896120278147,0.08808104055436347,-0.8279570030623401,184990.0,222990.3,0.40522730958430186,0.33617157338234,-0.04000000596046438,-0.26153842803289074,-0.26153842803289074,-0.43529411867828105,-0.04000000596046439,-0.26153842803289074,-0.26153842803289074,-0.43529411867828105,15.217388487493391,8.173238157280215,15.217388487493391,8.1732381572802,-84.7826115125066,-84.7826115125066,0.006857142916747502,0.006238095107532683,-67.30882299887789,-91.68693649147562,16.392240964790602,17.210695697424285,0.11452439616132637,0.2499999611948931,BUY,0,0
0.09600000083446503,0.09600000083446503,0.09399999678134918,0.09399999678134918,367110,0.0,0.0,FSG,2022-06-27 00:00:00+10:00,Telecommunication Services,-0.020833375372199203,-0.02105345213114309,-0.0020000040531158447,-0.020833375372199182,0.09439999908208847,0.9957626874509664,0.0961999997496605,0.9771309462158385,0.1109749998897314,0.8470375929240894,0.132790000885725,0.7078846009063792,0.1506450016051531,0.6239835094411372,0.16976000111550094,0.5537228803232257,0.04315972362965687,0.6851393722701004,0.06062844873293809,0.9624467863378996,0.05678471438549061,0.9014293952030407,0.04516212481166564,0.7169265055855624,36.842109390899864,24.590163133503893,30.219782289135892,-0.011708454817803929,-0.011029332414152965,-0.0006791224036509641,0.10151664197411858,0.09088335752520241,-0.41379556408566753,0.14228075059237413,0.07966924918708868,-0.5422327440609576,0.17956785114717191,0.08601215062427811,-0.8292387077981125,255385.0,234729.8,1.437476750788026,1.5639684437169887,-0.05050507787173786,-0.18260873846836412,-0.2769230751596258,-0.4125000069849195,-0.05050507787173788,-0.1826087384683641,-0.27692307515962583,-0.41250000698491945,12.195112200309435,9.137500229267628,10.869553949973566,8.695647479155658,-87.80488779969056,-89.13044605002644,0.0062857142516544885,0.006333333395776295,-57.42346281381223,-78.3514463859197,17.74122521485144,22.878829920707304,0.1114614688079337,0.27659575985858487,BUY,0,0
0.10000000149011612,0.10000000149011612,0.10000000149011612,0.10000000149011612,105000,0.0,0.0,FSG,2022-06-28 00:00:00+10:00,Telecommunication Services,0.06382983951290311,0.06187545286021519,0.0,0.0,0.09539999961853027,1.0482180491612114,0.0965999998152256,1.035196704776335,0.10972499996423721,0.911369346299469,0.13149000078439713,0.7605141143324285,0.14989500164985656,0.6671336628269207,0.16938500113785268,0.5903710530351615,0.04928203947570923,0.7823281233287677,0.037914778138998545,0.6018784438198709,0.059070016758278984,0.9377074456969438,0.04599013424370391,0.7300707478278969,50.0,31.343287233520854,34.536087344145585,-0.010948879431739986,-0.01101324181767037,6.436238593038497e-05,0.10242714141899549,0.09077285821145571,0.5834767551711592,0.14066717895742206,0.07878282097105234,-0.31429585085985884,0.17822699718753354,0.08475300438126072,-0.6737702830250296,274385.0,226831.9,0.3826739799916176,0.4628978551958521,0.05263160784158716,0.041666673134184595,-0.19999998807907104,-0.39393940899107127,0.052631607841587165,0.04166667313418449,-0.19999998807907104,-0.3939394089910713,26.829272281691594,18.080590989831492,23.913041365620042,16.66666126769567,-73.1707277183084,-76.08695863437995,0.006357143500021526,0.006380952894687653,-20.450177785429066,-49.711676093775424,20.439989629348915,25.27000489846793,0.10876609273694815,0.19999995529651704,BUY,0,0
0.10000000149011612,0.10000000149011612,0.10000000149011612,0.10000000149011612,0,0.0,0.0,FSG,2022-06-29 00:00:00+10:00,Telecommunication Services,0.0,0.0,0.0,0.0,0.0961999997496605,1.0395010576958867,0.09699999988079071,1.0309278516805391,0.10797499977052212,0.9261403260258841,0.13009000077843666,0.768698600136313,0.14914500169456005,0.6704884532095154,0.16903500113636255,0.5915934618147216,0.04954624643566673,0.7865222787929673,0.037914778138998545,0.6018784438198709,0.05528892683209996,0.8776845039202962,0.045661581084527204,0.7248551281180198,52.173915860330865,31.343287233520854,36.41304651518181,-0.010228996956256939,-0.010856392845387685,0.0006273958891307458,0.10318241456353548,0.09081758519804593,0.4852475550853084,0.1367837604183466,0.07916623912269763,-0.27682545521125135,0.1763093964588785,0.08387060509799482,-0.6510253724726524,264919.8,222958.4,0.0,0.0,0.041666673134184595,0.041666673134184595,-0.25925927765575385,-0.4117647033042974,0.04166667313418449,0.04166667313418449,-0.25925927765575385,-0.4117647033042974,26.829272281691594,21.95121892123089,23.913041365620042,19.565212227071225,-73.1707277183084,-76.08695863437995,0.006357143500021526,0.0061428578836577276,-10.933846539470059,-45.22695800800844,20.484651391169308,27.06919650749721,0.10639416179448086,0.24999998137354873,BUY,0,0
0.10999999940395355,0.15000000596046448,0.10999999940395355,0.13500000536441803,380139,0.0,0.0,FSG,2022-06-30 00:00:00+10:00,Telecommunication Services,0.3500000335276121,0.300104617285606,0.025000005960464478,0.2272727826902692,0.10500000119209289,1.285714322206925,0.1006000004708767,1.3419483571821653,0.10847500003874302,1.244526437577334,0.12939000084996224,1.0433573265136695,0.14874500177800656,0.9075935577714258,0.16886000115424393,0.7994788845293401,0.1499140849310402,2.379812320520088,0.11608602854048064,1.8428085732435489,0.09663341292499118,1.5340078736336484,0.06834221779936733,1.0848990740624276,87.03702937183351,52.577324338768776,50.0,-0.006756393602800198,-0.010036392996870189,0.0032799993940699906,0.12551229499372554,0.07568770594802783,1.3808445007741303,0.1388333425736751,0.07811665750381094,0.873730352543252,0.17418035016445133,0.08459965153547316,0.1252502961087875,185442.4,240718.55,2.0499033662204544,1.5791844874439465,0.4835165725887567,0.36363642521141015,0.08000004291534424,-0.2058823297386766,0.4835165725887567,0.3636364252114102,0.08000004291534424,-0.2058823297386766,75.40983686649611,43.02279380995978,75.40983686649611,41.078639865912066,-24.59016313350389,-24.59016313350389,0.009571429874215807,0.008047619745844886,288.6737800545376,100.32824695068574,29.084622125638575,32.78563026688633,0.08900000154972076,-0.11111116630059481,SELL,0,2
0.13500000536441803,0.13500000536441803,0.10999999940395355,0.12999999523162842,214676,0.0,0.0,FSG,2022-07-01 00:00:00+10:00,Telecommunication Services,-0.03703711062301529,-0.03774040439905813,-0.005000010132789612,-0.03703711062301532,0.11180000007152557,1.162790654279599,0.10359999984502792,1.2548262106765584,0.10859999991953373,1.1970533639774479,0.12869000062346458,1.0101794591795579,0.14824500165879725,0.876926667185975,0.1686600011214614,0.7707814204151952,0.16049815569745643,2.547829235159965,0.11821942452504651,1.8766751845826595,0.09709668986300359,1.541362167030442,0.06841197591012405,1.0860064497403794,79.31032578033232,58.62068227251523,52.232140362529236,-0.0043575582384306755,-0.008900626045182287,0.004543067806751611,0.13465836906665712,0.07254163062339872,0.8500122848760329,0.13930676225659108,0.07789323758247639,0.69691474070742,0.1722869000819955,0.08509310116493368,0.03004788469900004,213385.0,249402.35,1.0060500972420743,0.8607617370084925,0.35416660522524746,0.29999993294477556,0.01960782480441492,-0.21212127232792166,0.35416660522524734,0.2999999329447756,0.01960782480441495,-0.21212127232792163,67.21309953657392,56.484069561587226,67.21309953657392,55.51199258956336,-32.78690046342608,-32.78690046342608,0.010285716503858566,0.008761905488513765,204.24456918279853,70.09512079328874,32.06566826417803,31.32334897049701,0.09022000163793564,-0.1538461273943874,SELL,0,2
0.12999999523162842,0.12999999523162842,0.12999999523162842,0.12999999523162842,0,0.0,0.0,FSG,2022-07-04 00:00:00+10:00,Telecommunication Services,0.0,0.0,0.0,0.0,0.11899999976158142,1.0924369369082831,0.10669999942183495,1.2183692215187154,0.10884999968111515,1.1943040478867606,0.12799000039696692,1.0157043114964248,0.14779500164091586,0.8795966966966694,0.168485001064837,0.7715820067662958,0.15775888428455626,2.5043446495677104,0.1178674408563471,1.8710876170650506,0.09693395534089948,1.5387788365791677,0.06841197591012405,1.0860064497403794,86.79243240674865,74.99998356490384,51.141551206503934,-0.002428470038557909,-0.007606194843857411,0.005177724805299502,0.14166092968680238,0.07173906915686752,0.6664581186256711,0.14019376344234524,0.07750623591988506,0.6747752347685264,0.17031261716970444,0.0856673836242294,0.04749221546140902,139963.0,248615.05,0.0,0.0,0.38297872003142563,0.313131272081282,0.039999961853027344,-0.21212127232792166,0.3829787200314256,0.31313127208128205,0.039999961853027344,-0.21212127232792163,67.21309953657392,69.94534531321466,67.21309953657392,69.94534531321464,-32.78690046342608,-32.78690046342608,0.008857144841126032,0.008642857982998802,162.42115841512125,91.73136848349286,35.27100686619745,30.640921503023137,0.09141560172438622,-0.0769230636971937,SELL,0,2
0.11999999731779099,0.12999999523162842,0.11500000208616257,0.11500000208616257,100176,0.0,0.0,FSG,2022-07-05 00:00:00+10:00,Telecommunication Services,-0.11538456688971033,-0.1226022672720064,-0.004999995231628418,-0.041666627861558524,0.12199999988079072,0.9426229688404261,0.10869999974966049,1.05795770332117,0.10834999978542328,1.0613751944061742,0.12699000030755997,0.9055831310153669,0.14714500159025193,0.781542022109578,0.16818500109016896,0.6837708555503571,0.17984571718270645,2.854962252152983,0.12520488780648872,1.9875659763942752,0.1006705481740166,1.5980954089019728,0.07024236692422325,1.1150630062922624,65.07936226357569,61.445780212431245,45.9016407458763,-0.0020859819273151836,-0.006502152260548965,0.004416170333233781,0.14296757410846028,0.0744324253908607,0.18384733831865918,0.13891847261640364,0.07778152695444294,0.2175444726175421,0.16808843580067032,0.08589156481444962,-0.2917385559216087,138998.2,242651.9,0.7206999802875145,0.4128383087047742,0.1500000037252902,0.21052635293918343,-0.07999998331069946,-0.30303031808198044,0.15000000372529024,0.2105263529391835,-0.07999998331069946,-0.3030303180819804,42.6229486171357,59.01638256342786,42.6229486171357,59.01638256342786,-57.3770513828643,-57.3770513828643,0.00921428735767092,0.009238095865363167,80.37037082108452,48.38573266741881,42.29517496017782,30.06711179065509,0.09258728980910778,0.1739130688299524,BUY,0,0
0.11999999731779099,0.125,0.11999999731779099,0.125,31672,0.0,0.0,FSG,2022-07-06 00:00:00+10:00,Telecommunication Services,0.08695650202114802,0.08338159079850707,0.005000002682209015,0.04166668994973155,0.12699999958276748,0.9842519717374956,0.11159999966621399,1.1200716879378518,0.10834999978542328,1.1536686686437512,0.12619000017642976,0.9905697743500596,0.14654500156641007,0.8529803040969195,0.16793500110507012,0.7443356011400659,0.17927268717319564,2.8458656827593276,0.1265221820032356,2.00847737348288,0.10252150694821703,1.6274784685233765,0.07143398900347725,1.133979420363141,71.83098517649478,64.44444058118154,50.0,-0.0009961582809093206,-0.005400953464621037,0.004404795183711716,0.14599896611409635,0.07720103321833165,0.3895465973981591,0.13891847261640364,0.07778152695444294,0.5446788364809111,0.1657987465466084,0.08658125380625112,-0.030043873777477227,145332.6,239075.6,0.21792770513979656,0.1324769236174666,0.24999998137354873,0.30208332201517707,0.0,-0.24242427252759713,0.24999998137354879,0.3020833220151771,0.0,-0.24242427252759718,59.01638663478307,56.28414492949758,59.01638663478307,56.284144929497565,-40.98361336521693,-40.98361336521693,0.009642858590398515,0.009238095510573615,80.25031054265966,66.32135544130581,38.376168513808636,26.75324409288568,0.09373554413213492,0.08000004291534424,BUY,0,0
0.125,0.12999999523162842,0.10999999940395355,0.12999999523162842,66827,0.0,0.0,FSG,2022-07-07 00:00:00+10:00,Telecommunication Services,0.039999961853027344,0.03922067647349922,0.004999995231628418,0.039999961853027344,0.12599999755620955,1.0317460139126942,0.11549999937415123,1.1255410903553846,0.1085999995470047,1.197053368083683,0.1254899999499321,1.0359390810701707,0.14599500149488448,0.8904414116957524,0.1677100010961294,0.775147542674655,0.07700175421783216,1.222364953056617,0.12293874336568154,1.9515920486423113,0.10281753600334732,1.6321777840877216,0.07169427793676095,1.1381113790820867,71.42856686699149,65.95744023149425,51.8248156525267,0.0002679044039078926,-0.004267181890915251,0.004535086294823144,0.14832613940342793,0.08267385934487452,0.44172101394026375,0.13981672775935164,0.07738327133465775,0.6855297435097482,0.16350422512484908,0.08747577477501511,0.11863967398899304,82670.2,242062.9,0.8083565783075402,0.27607287196840163,-0.03703711062301529,0.4285714051787104,0.039999961853027344,-0.21212127232792166,-0.03703711062301532,0.42857140517871034,0.039999961853027344,-0.21212127232792163,67.21309953657392,56.28414492949758,67.21309953657392,56.284144929497565,-32.78690046342608,-32.78690046342608,0.010500001055853707,0.009952381253242493,67.44184885626363,67.95669617489305,48.30942735518677,27.008084693379615,0.0948608333687015,-0.0769230636971937,SELL,0,2
0.12999999523162842,0.12999999523162842,0.11999999731779099,0.12999999523162842,100366,0.0,0.0,FSG,2022-07-08 00:00:00+10:00,Telecommunication Services,0.0,0.0,0.0,0.0,0.12599999755620955,1.0317460139126942,0.11889999881386756,1.0933557319469565,0.1085999995470047,1.197053368083683,0.12498999983072281,1.0400831699151194,0.1454950013756752,0.8935014536751135,0.16751000106334688,0.7760730368717902,0.07491369485674808,1.1892180383036035,0.12353458938403526,1.961050810947823,0.10252150694821703,1.6274784685233765,0.07120106657102337,1.1302818913768937,71.42856686699149,66.66666132574966,51.8248156525267,0.001255213864617577,-0.0031627027398086855,0.0044179166044262625,0.14973215937294868,0.08806783825478645,0.36001357726750455,0.13981672775935164,0.07738327133465775,0.6855297435097482,0.16206603422104018,0.08791396544040544,0.13512759612214606,59808.2,246724.95,1.6781310923920132,0.40679307058325476,0.0,0.35416660522524746,0.0,-0.16129035979478312,0.0,0.35416660522524734,0.0,-0.16129035979478312,67.21309953657392,64.48086190264365,67.21309953657392,64.48086190264364,-32.78690046342608,-32.78690046342608,0.0111428579049451,0.010428571630091895,70.92650576379403,83.099803948,50.689550326887726,28.842606563640885,0.09596361682053677,-0.03846150319251662,HOLD,0,1
0.12999999523162842,0.12999999523162842,0.11999999731779099,0.125,219717,0.0,0.0,FSG,2022-07-11 00:00:00+10:00,Telecommunication Services,-0.03846150319251662,-0.03922067647349926,-0.004999995231628418,-0.038461503192516594,0.12499999850988389,1.0000000119209291,0.12199999913573265,1.0245901711927856,0.10909999944269658,1.1457378610313806,0.12418999969959259,1.0065222667071967,0.14489500135183334,0.8626936666812653,0.16728500105440616,0.7472277802081384,0.0771519693717322,1.2247495446988537,0.12456908536965532,1.9774729256092949,0.09917298184707447,1.574322280464493,0.07074911066153834,1.1231073137365133,37.499990686772314,65.95744545937896,48.1751843474733,0.0016155824678970726,-0.002207045698267534,0.0038226281661646066,0.1474732938575293,0.09652670441393599,0.1177704296610031,0.1410598412043429,0.07714015768105026,0.49749935171407383,0.15942269027813122,0.08895730912105394,0.022990021116945564,103751.6,228935.25,2.1177215580289843,0.9597342480024373,-0.03846150319251662,0.3297872795757544,0.08695650202114802,-0.24242427252759713,-0.038461503192516594,0.32978727957575443,0.08695650202114812,-0.24242427252759718,59.01638663478307,64.48086190264365,59.01638663478307,64.48086190264364,-40.98361336521693,-40.98361336521693,0.011571429137672697,0.01066666699591137,55.456391242483676,77.77777238538512,45.713013477880445,27.269322928548632,0.09704434460333532,0.0,HOLD,0,1
0.125,0.13500000536441803,0.125,0.13500000536441803,57656,0.0,0.0,FSG,2022-07-12 00:00:00+10:00,Telecommunication Services,0.08000004291534424,0.07696108087255739,0.01000000536441803,0.08000004291534424,0.12899999916553498,1.0465116762612048,0.12549999952316285,1.0756972579868562,0.11104999966919422,1.2156686696674313,0.12378999978303909,1.0905566330158025,0.14439500138163566,0.9349354484066476,0.16711000107228757,0.807851142948772,0.05329777443489482,0.8460759395276868,0.1250889119935123,1.9857249174388703,0.09143381736518692,1.451466853017502,0.07121630410896268,1.1305237797927756,55.55556843310602,68.9320382731206,57.57575757575758,0.0026772325711277717,-0.0012301900443884726,0.0039074226155162445,0.1468177012168936,0.10418229782943209,0.4456393084836627,0.14437440160667991,0.07772559773170853,0.7186927387369886,0.15803526816471675,0.08954473140136143,0.32734465551383035,95247.6,213160.1,0.605327588306687,0.2704821399502064,0.1739130688299524,0.3500000335276121,0.40625004365574524,-0.12903223015391263,0.17391306882995242,0.35000003352761216,0.4062500436557453,-0.12903223015391266,75.40983686649611,67.21310767928439,75.40983686649611,67.21310767928436,-24.59016313350389,-24.59016313350389,0.01214285780276571,0.010428572339670998,77.75865775791857,102.84748666151623,46.32507216511091,32.301882396673165,0.0981034578304779,-0.07407411086706317,SELL,0,2
0.13500000536441803,0.13500000536441803,0.13500000536441803,0.13500000536441803,0,0.0,0.0,FSG,2022-07-13 00:00:00+10:00,Telecommunication Services,0.0,0.0,0.0,0.0,0.13100000023841857,1.0305343902192328,0.12899999991059302,1.0465116702169261,0.11299999989569187,1.1946903140622473,0.12338999986648559,1.0940919483790832,0.14394500136375427,0.9378582381146261,0.16693500109016896,0.8086980230796451,0.04513752760918972,0.7165360371013673,0.1250889119935123,1.9857249174388703,0.09143381736518692,1.451466853017502,0.07121630410896268,1.1305237797927756,55.55556843310602,72.44898044519343,67.25663605951127,0.0034784999446432485,-0.00028845204658212815,0.0037669519912253767,0.14129272759921493,0.11670727222197111,0.48809390444551864,0.14716985478977196,0.07883014500161177,0.6438425195811306,0.15659885720544253,0.09018114252752865,0.34960569041660067,88913.2,175546.65,0.0,0.0,0.08000004291534424,0.3500000335276121,0.40625004365574524,-0.12903223015391263,0.08000004291534424,0.35000003352761216,0.4062500436557453,-0.12903223015391266,75.40983686649611,69.94535345592512,75.40983686649611,69.9453534559251,-24.59016313350389,-24.59016313350389,0.011785714754036494,0.009476191231182643,89.19670804142746,104.52776141862526,62.92263898246532,35.01057941588381,0.09914138879307763,-0.03703711062301529,HOLD,0,1
0.11999999731779099,0.12999999523162842,0.11999999731779099,0.12999999523162842,45704,0.0,0.0,FSG,2022-07-14 00:00:00+10:00,Telecommunication Services,-0.03703711062301529,-0.03774040439905813,0.009999997913837433,0.08333331781129008,0.13100000023841857,0.9923663740078614,0.12849999889731406,1.0116731233244058,0.11454999968409538,1.1348755616773536,0.12298999965190888,1.0569964680019475,0.14344500124454498,0.9062706549808903,0.1667350010573864,0.7796802975212468,0.04808063301579518,0.7632563870301333,0.060602410717536435,0.962033445657581,0.09228895336880015,1.4650417162336913,0.07126305230888778,1.1312658844602261,71.42855926435956,67.34693241412447,64.40677356100281,0.0036677712956976055,0.0005027926218738189,0.0031649786738237864,0.14009501720736126,0.11690498058726687,0.12936558565108922,0.14885804696468152,0.08024195240350922,0.45033153362464046,0.1553618759902226,0.09061812331359516,0.216545853149169,84688.6,165826.85,0.5396712190306605,0.27561278526366506,0.0,-0.03703711062301529,0.313131272081282,-0.13333339956071377,0.0,-0.03703711062301532,0.31313127208128205,-0.13333339956071377,64.28570098110826,71.70179157136684,67.21309953657392,72.67759108985538,-35.714299018891744,-32.78690046342608,0.012357143951313836,0.009714286951791672,38.781586193867405,61.64177606427906,59.79750666146286,41.34820314337499,0.10015856113642536,-0.03846150319251662,HOLD,0,1
0.12999999523162842,0.12999999523162842,0.12999999523162842,0.12999999523162842,30164,0.0,0.0,FSG,2022-07-15 00:00:00+10:00,Telecommunication Services,0.0,0.0,0.0,0.0,0.13100000023841857,0.9923663740078614,0.12849999889731406,1.0116731233244058,0.116049999371171,1.1202067723916151,0.12258999943733215,1.0604453530329303,0.1429450011253357,0.9094406534555415,0.166560001000762,0.7804994863744849,0.04808063301579518,0.7632563870301333,0.059348532645690025,0.9421287483425643,0.0923577824173748,1.4661343435067256,0.07126305230888778,1.1312658844602261,59.99998807907389,68.74999611948991,63.478255292194525,0.003774262852270685,0.0011570866679531924,0.0026171761843174924,0.14009501720736126,0.11690498058726687,0.12936558565108922,0.1503027747415734,0.08179722400076862,0.407266147329817,0.15408194167207945,0.09109805720258486,0.23529815147826286,70648.2,132207.85,0.42696063027791226,0.22815589240729653,0.0,0.0,0.29999993294477556,-0.13333339956071377,0.0,0.0,0.2999999329447756,-0.13333339956071377,59.999982118608166,66.56517332207086,67.21309953657392,69.94534531321466,-40.000017881391834,-32.78690046342608,0.012214286518948419,0.009523810730094001,60.392121020209096,69.93716602533658,52.46462456457099,38.098202209489635,0.10115539003290615,0.0,HOLD,0,1
0.11999999731779099,0.125,0.11500000208616257,0.125,55272,0.0,0.0,FSG,2022-07-18 00:00:00+10:00,Telecommunication Services,-0.03846150319251662,-0.03922067647349926,0.005000002682209015,0.04166668994973155,0.13100000023841857,0.9541984715458119,0.12799999937415124,0.9765625047748471,0.1173499993979931,1.0651896092139028,0.12218999952077865,1.0229969759410917,0.14239500105381012,0.8778398052945927,0.16636000096797943,0.7513825395087591,0.04808063301579518,0.7632563870301333,0.060695262771684924,0.9635074263215714,0.09300863874657857,1.4764663674245588,0.07131486938859864,1.1320884550997095,40.00001192092611,63.15789308574402,60.504198839550405,0.0034158248470368413,0.0016088343037699222,0.0018069905432669192,0.13973787765431483,0.11626212109398766,-0.25558276398393803,0.15084328218328608,0.08385671661270012,0.2284040251009988,0.1530212649702112,0.09135873407134609,0.09114126320342349,37759.2,134214.7,1.4638021991991357,0.411817781509775,0.0,-0.03846150319251662,0.26262626946793444,-0.13793100967701988,0.0,-0.038461503192516594,0.2626262694679345,-0.13793100967701988,49.99999254942007,58.09522521637885,59.01638663478307,64.48086190264364,-50.00000745057993,-40.98361336521693,0.012857142835855484,0.009857143674577986,-42.42422395172887,29.59088246617612,47.30950667080348,46.0193889976549,0.10213228235145731,-0.04000002145767212,HOLD,0,1
0.125,0.125,0.125,0.125,0,0.0,0.0,FSG,2022-07-19 00:00:00+10:00,Telecommunication Services,0.0,0.0,0.0,0.0,0.12899999916553498,0.9689922543301561,0.12899999916553498,0.9689922543301561,0.11884999945759774,1.0517459029909075,0.12188999950885773,1.0255148125660323,0.14184500098228456,0.8812436048811592,0.1660600009560585,0.7527399691697975,0.02068227896966467,0.3283210001987635,0.045979374876342544,0.7298999481660815,0.0921694127208309,1.4631440672771503,0.07114756798113987,1.1294326275909474,40.00001192092611,63.15789308574402,61.016947226222,0.003096070571175169,0.0019062815572509716,0.0011897890139241974,0.13688810809534888,0.12111189023572108,-0.5070922829699497,0.15077936208661205,0.08692063682858342,0.19261269364687347,0.15230300001434563,0.09147699900336984,0.10225891689250063,26228.0,133714.7,0.0,0.0,-0.07407411086706317,0.08695650202114802,0.31578949019519276,-0.1071428609441738,-0.07407411086706321,0.08695650202114812,0.31578949019519265,-0.10714286094417376,37.49999534338789,49.16665667047206,59.01638663478307,61.748624268713364,-62.50000465661211,-40.98361336521693,0.012857142835855484,0.009809524530456179,-34.14631598104741,41.32614099340053,47.30950667080348,45.745254027978405,0.10308963682363746,0.039999961853027344,HOLD,0,1
0.125,0.12999999523162842,0.11999999731779099,0.11999999731779099,420140,0.0,0.0,FSG,2022-07-20 00:00:00+10:00,Telecommunication Services,-0.04000002145767212,-0.04082201687199717,-0.005000002682209015,-0.04000002145767212,0.12599999755620955,0.9523809495651623,0.12849999889731406,0.9338521272181837,0.12004999928176403,0.9995834905100192,0.12168999955058098,0.9861122340452674,0.14124500088393688,0.8495875717144621,0.1657850009575486,0.7238290353451127,0.021113085739353717,0.33515984565308526,0.03917907389609069,0.6219485167612705,0.09305443323306588,1.4771933323605388,0.07064031896786602,1.1213802991395143,40.0,38.461533171185785,60.504198839550405,0.0024114073710369416,0.002007306720008166,0.0004041006510287757,0.13798683487266616,0.11901316292196194,-0.8959785540307699,0.15011291578573693,0.08998708277779115,-0.001663243949283505,0.15201671697643993,0.09136328212472203,-0.0557265136565345,110256.0,152355.4,3.8105862719489187,2.757631170276866,-0.11111116630059481,-0.04000002145767212,0.2499999611948931,-0.0769230636971937,-0.11111116630059482,-0.04000002145767212,0.24999996119489307,-0.07692306369719372,39.99998211861083,42.49999000380628,50.81966151892655,56.284144929497565,-60.00001788138917,-49.18033848107345,0.009999999510390418,0.01009523868560791,-58.33337770050796,29.411036965692908,16.84290989849518,39.01833568192212,0.10402784420637401,0.04166668994973155,HOLD,0,1
0.11500000208616257,0.11999999731779099,0.11500000208616257,0.11999999731779099,108902,0.0,0.0,FSG,2022-07-21 00:00:00+10:00,Telecommunication Services,0.0,0.0,0.004999995231628418,0.043478218616745966,0.12399999797344208,0.9677419296691617,0.12749999910593032,0.941176456151124,0.12149999924004078,0.9876543050894484,0.12128999948501587,0.9893643155024974,0.14064500078558922,0.8532119637919362,0.16551000095903873,0.7250316997308773,0.021494457275980604,0.3412139311112851,0.036183668858641604,0.5743979359312682,0.09180390738343792,1.457341849923499,0.06977802488592413,1.1076918049525886,0.0,41.666667701469606,60.169488047345276,0.0018475099080108304,0.001975347357608699,-0.00012783744959786849,0.13830123709821715,0.1166987611136435,-0.6943650157042269,0.14828176815074395,0.0947182303293376,-0.05600832145371563,0.15115506322180594,0.09142493574822581,-0.04319435506965827,122895.6,118924.2,0.8861342472798049,0.9157261516159033,-0.0769230636971937,-0.0769230636971937,0.3186813159821589,-0.14285716566504258,-0.07692306369719372,-0.07692306369719372,0.3186813159821589,-0.14285716566504256,39.99998211861083,39.166653193536526,50.81966151892655,53.55190322421206,-60.00001788138917,-49.18033848107345,0.008571427315473557,0.010238095408394224,-133.95061394532738,-3.6944470008387023,18.377562320439964,36.82252229614338,0.10494728744145582,0.04166668994973155,HOLD,0,1
0.125,0.12999999523162842,0.125,0.12999999523162842,98737,0.0,0.0,FSG,2022-07-22 00:00:00+10:00,Telecommunication Services,0.08333331781129005,0.08004269334549637,0.004999995231628418,0.039999961853027344,0.12399999797344208,1.048387075453593,0.12749999910593032,1.0196078128880695,0.12319999895989894,1.0551947753988442,0.12098999947309494,1.07446892964519,0.14019500076770783,0.9272798211045219,0.16528500095009804,0.7865202195260133,0.050047437317406226,0.7944784373877026,0.0462673231580595,0.7344709854293102,0.09263027797561424,1.4704600763895532,0.07060761330904587,1.1208611129012986,39.99998211861084,50.0,65.85365499080095,0.002182376288703769,0.002016753143827713,0.0001656231448760562,0.13830123709821715,0.1166987611136435,0.2314545913610406,0.14735389142448943,0.09904610649530844,0.28152796828495613,0.15017658430174596,0.09180341464444393,0.3087033241960127,136610.2,120112.9,0.722764478787089,0.8220349354648835,0.0,0.0,0.35416660522524746,-0.10344828294942288,0.0,0.0,0.35416660522524734,-0.10344828294942289,79.99996423722166,53.333309491481124,67.21309953657392,56.284140858142344,-20.00003576277834,-32.78690046342608,0.009285712880747659,0.010476190419424148,51.60252719867783,55.47384236314114,24.617473542417727,48.53332268151073,0.10584834181183599,-0.03846150319251662,HOLD,0,1
0.125,0.125,0.11999999731779099,0.11999999731779099,63308,0.0,0.0,FSG,2022-07-25 00:00:00+10:00,Telecommunication Services,-0.0769230636971937,-0.08004269334549638,-0.005000002682209015,-0.04000002145767212,0.12299999743700027,0.9756097546201506,0.12699999883770943,0.9448818772914825,0.12449999898672104,0.9638554079875132,0.12058999940752983,0.9951073713190349,0.13964500077068806,0.8593218278887315,0.16501000095158816,0.7272286323602741,0.05965724350105185,0.9470293812444448,0.05123803905739283,0.8133786540748548,0.09472032814941062,1.5036385943146284,0.07128345204514819,1.1315897202339642,33.33333333333333,53.84615031925166,59.37499763531403,0.0016221449723171633,0.0019378315095256028,-0.00031568653720843954,0.13873788050318855,0.11526211717223031,-0.5963598645320576,0.14447366511065693,0.10452633286278516,-0.22529673025511215,0.14925676171549354,0.09192323709956611,-0.02058139958048011,138217.4,104922.8,0.4580320567453881,0.6033769590594227,-0.04000002145767212,-0.04000002145767212,0.27659575985858487,-0.14285716566504258,-0.04000002145767212,-0.04000002145767212,0.2765957598585848,-0.14285716566504256,39.99998211861083,53.333309491481124,46.428564776268416,54.820441943922965,-60.00001788138917,-53.571435223731584,0.008928570364202772,0.010619047497000014,-78.5478586029179,-2.725976285345468,25.276050225825244,46.04609271280082,0.10673137509480855,0.04166668994973155,HOLD,0,1
0.11500000208616257,0.125,0.10999999940395355,0.11999999731779099,70020,0.0,0.0,FSG,2022-07-26 00:00:00+10:00,Telecommunication Services,0.0,0.0,0.004999995231628418,0.043478218616745966,0.12199999690055847,0.9836065603805082,0.12549999803304673,0.9561752924186702,0.12549999877810478,0.9561752867421275,0.12038999944925308,0.9967605105636164,0.13914500072598457,0.8624096927068515,0.16473500095307828,0.7284426298207918,0.05965724350105185,0.9470293812444448,0.042324944842586865,0.6718876698480641,0.09409867881265711,1.4937702170282003,0.07055044770410758,1.1199536370560188,33.33333333333333,45.45454299154359,60.31745975430234,0.0011647313201929854,0.0017832114716590797,-0.0006184801514660943,0.13650504922067827,0.1144949468454152,-0.4997705709390199,0.1420115577505407,0.10898843980566886,-0.33310007065325514,0.14892804427716888,0.09185195462133729,-0.013666042429108292,152221.4,103173.8,0.459987886065954,0.6786606677276595,-0.04000002145767212,-0.11111116630059481,0.19999995529651704,-0.0769230636971937,-0.04000002145767212,-0.11111116630059482,0.1999999552965171,-0.07692306369719372,39.99998211861083,53.333309491481124,39.99998807907211,51.21388413063816,-60.00001788138917,-60.00001192092789,0.009285713412931986,0.01123809495142528,-125.15150348509717,-54.054061310524915,22.252599461288995,37.661126990455664,0.10759674771212167,0.04166668994973155,HOLD,0,1
0.11999999731779099,0.125,0.11999999731779099,0.125,62378,0.0,0.0,FSG,2022-07-27 00:00:00+10:00,Telecommunication Services,0.04166668994973155,0.040822016871997165,0.005000002682209015,0.04166668994973155,0.12299999743700027,1.016260183777842,0.12449999749660492,1.004016084445373,0.126749998703599,0.9861933039724023,0.12018999934196473,1.0400199740774592,0.1386450007557869,0.9015831751494482,0.16443500094115734,0.7601787897014148,0.05944626591987051,0.9436802159723502,0.0454534935713386,0.7215518412530103,0.09426033428988323,1.496336418173071,0.07058694151710129,1.120532958377462,50.0,45.45455038054851,59.999998807907176,0.0011919461221500671,0.001664958401757277,-0.00047301227960720987,0.13325594631132473,0.1157440486818851,0.05710432004290727,0.13811708085840543,0.11538291654879254,-0.15395320274508786,0.14844892585210512,0.09193107283182432,0.17021172606501023,80669.0,106292.7,0.7732586247505238,0.5868512136769506,0.04166668994973155,-0.07407411086706317,0.24999998137354873,-0.07407411086706317,0.04166668994973155,-0.07407411086706321,0.24999998137354879,-0.07407411086706321,59.99998807907389,46.666650772098535,49.99999254942007,45.47618180158687,-40.00001192092611,-50.00000745057993,0.008214285331112998,0.011190475807303474,-36.060599825106586,-12.540714753072645,26.981718511070554,37.00413656664148,0.10844481287708853,0.0,HOLD,0,1
0.125,0.125,0.11999999731779099,0.11999999731779099,441309,0.0,0.0,FSG,2022-07-28 00:00:00+10:00,Telecommunication Services,-0.04000002145767212,-0.04082201687199717,-0.005000002682209015,-0.04000002145767212,0.12299999743700027,0.9756097546201506,0.12349999770522117,0.9716599153646606,0.12599999830126762,0.952380943933582,0.11988999918103219,1.000917492180417,0.1381950006633997,0.8683381941585129,0.16411000091582537,0.7312168463111575,0.06360948635664374,1.0097692915454122,0.045681997521432864,0.7251792290062823,0.05229350095529697,0.8301335922758064,0.07082159563684776,1.1242579770472574,42.857139816089884,41.666669771074744,57.69230548799408,0.0008008242160182782,0.0014921315646094773,-0.000691307348591199,0.13173272291622784,0.1152672724942145,-0.4251326623595905,0.1370501237221035,0.11494987288043174,-0.542980351350869,0.14782380531011233,0.09195619305195205,0.003937814139988842,147150.4,109351.2,2.999033641770597,4.035703311897812,0.0,-0.0769230636971937,-0.11111116630059481,-0.11111116630059481,0.0,-0.07692306369719372,-0.11111116630059482,-0.11111116630059482,39.99998211861083,46.666650772098535,24.99999068677578,38.33332377175599,-60.00001788138917,-75.00000931322423,0.00785714281456811,0.01142857117312295,-58.33333876604794,-65.6250095072514,15.45633352980714,30.795411824530348,0.10927591673875604,0.08333331781129005,BUY,0,0
0.11999999731779099,0.11999999731779099,0.11999999731779099,0.11999999731779099,53059,0.0,0.0,FSG,2022-07-29 00:00:00+10:00,Telecommunication Services,0.0,0.0,0.0,0.0,0.1209999978542328,0.9917355326101204,0.12249999791383744,0.9795918315214596,0.12549999840557574,0.9561752895803989,0.11958999902009965,1.0034283660929073,0.13784500062465668,0.8705429777939026,0.1637850008904934,0.7326678063641674,0.04505709570281245,0.7152592201708727,0.045681997521432864,0.7251792290062823,0.051735963104938054,0.8212829532844749,0.07082159563684776,1.1242579770472574,50.0,45.454544223044856,42.105259442924044,0.000485263472285169,0.0012907579461446158,-0.0008054944738594468,0.1295710660066888,0.11542892982098607,-0.35355346083767425,0.1366921016327054,0.11430789517844608,-0.49141800930255475,0.1471815453258572,0.09199845271434211,0.014859562169800682,138014.8,101270.35,0.38444427699058364,0.5239342018665878,-0.0769230636971937,-0.0769230636971937,-0.0769230636971937,-0.11111116630059481,-0.07692306369719372,-0.07692306369719372,-0.07692306369719372,-0.11111116630059482,39.99998211861083,46.666650772098535,39.99998211861083,38.33332178493557,-60.00001788138917,-60.00001788138917,0.007142857249294009,0.009047618579296838,-75.2066286925192,-89.78263115936376,17.21762435877102,17.550549889214523,0.1100903985231902,0.04166668994973155,HOLD,0,1
0.11999999731779099,0.11999999731779099,0.11999999731779099,0.11999999731779099,10540,0.0,0.0,FSG,2022-08-01 00:00:00+10:00,Telecommunication Services,0.0,0.0,0.0,0.0,0.1209999978542328,0.9917355326101204,0.12199999764561653,0.9836065543735901,0.12499999850988389,0.9599999899864196,0.11928999885916709,1.0059518691039817,0.13759500063955785,0.872124690286833,0.16348500084131956,0.7340122745221402,0.028877150184916413,0.4584105477693101,0.044341863398131696,0.7039052593239236,0.051735963104938054,0.8212829532844749,0.07082159563684776,1.1242579770472574,50.0,33.33332781438588,44.44444536426925,0.00023249920329446172,0.001079106197574585,-0.0008466069942801233,0.12899205659553722,0.11500793869569582,-0.28603882520873597,0.1362390293932714,0.11376096762649637,-0.4448783212690908,0.1465214996544354,0.0920584980638988,0.02607268927121566,127461.2,101797.35,0.0826918309258033,0.10353904104576396,0.0,-0.04000002145767212,-0.0769230636971937,-0.11111116630059481,0.0,-0.04000002145767212,-0.07692306369719372,-0.11111116630059482,39.99998211861083,39.99998211861083,39.99998211861083,34.999984974665814,-60.00001788138917,-60.00001788138917,0.006428571151835578,0.007857142104989006,-68.50154728388777,-81.15944010173287,13.678192406836231,19.438241775214422,0.1108885906719357,0.08333331781129005,BUY,0,0
0.11999999731779099,0.11999999731779099,0.11999999731779099,0.11999999731779099,9809,0.0,0.0,FSG,2022-08-02 00:00:00+10:00,Telecommunication Services,0.0,0.0,0.0,0.0,0.1209999978542328,0.9917355326101204,0.12149999737739563,0.987654320230597,0.1252499982714653,0.9580838241426917,0.11908999890089035,1.007641266481646,0.1372950005531311,0.8740303494980707,0.16316000081598758,0.7354743608583785,0.028877150184916413,0.4584105477693101,0.044341863398131696,0.7039052593239236,0.044427929696222196,0.705271519449992,0.07062052489246504,1.1210660779338537,25.00000931322421,33.33332781438588,44.44444536426925,3.181495604197282e-05,0.0008696479492680625,-0.0008378329932260896,0.12824948240502426,0.11475051234976698,-0.22223918616968183,0.13575062690447615,0.11474936963845445,-0.49997015770749875,0.1461467712048707,0.09203322659690999,0.03363292585962898,115419.0,97279.0,0.08498600750309741,0.10083368455679026,0.0,-0.04000002145767212,0.043478218616745945,-0.0769230636971937,0.0,-0.04000002145767212,0.043478218616745966,-0.07692306369719372,50.0,43.33332141240724,39.99998211861083,39.99998211861083,-50.0,-60.00001788138917,0.006428571151835578,0.007857142104989006,-63.13727983004398,-75.92192662188373,13.678192406836231,19.438241775214422,0.11167081897770627,0.0,HOLD,0,1
0.11500000208616257,0.11500000208616257,0.11500000208616257,0.11500000208616257,41000,0.0,0.0,FSG,2022-08-03 00:00:00+10:00,Telecommunication Services,-0.0416666278615585,-0.04255957392650997,0.0,0.0,0.1189999982714653,0.9663865861898766,0.1209999978542328,0.95041325723577,0.12474999837577343,0.9218437160997646,0.11878999903798103,0.9680949828898755,0.13699500061571598,0.8394467065900347,0.16273500081151723,0.7066703629378277,0.02237309361578019,0.3551618505991276,0.0444984336820727,0.7063907355279876,0.0408050569263432,0.6477601971656267,0.07087391076186383,1.1250884539108563,33.33334989017844,33.33333885228262,50.0,-0.0005246388738845142,0.000590790584637547,-0.0011154294585220613,0.1288881021663254,0.11311189354214018,-0.7606384919215784,0.13620930976106482,0.11329068699048203,-0.8508361420499905,0.1456851763920538,0.09189482168390825,-0.14091734372759343,111143.4,97745.4,0.368892799752392,0.4194570793101261,-0.07999998331069946,-0.0416666278615585,-0.07999998331069946,-0.11538456688971033,-0.07999998331069946,-0.041666627861558524,-0.07999998331069946,-0.11538456688971031,25.00001862645538,38.33333358168875,20.000005960463056,33.33332339922824,-74.99998137354463,-79.99999403953694,0.0057142845221928185,0.007380951728139605,-157.3642858002604,-158.76281722178328,13.761448056108733,20.02464798179591,0.11243740271736143,-0.021739174096029212,HOLD,0,1
0.11999999731779099,0.11999999731779099,0.11749999970197678,0.11999999731779099,324064,0.0,0.0,FSG,2022-08-04 00:00:00+10:00,Telecommunication Services,0.043478218616745945,0.042559573926509976,0.0,0.0,0.1189999982714653,1.0084033534525307,0.1209999978542328,0.9917355326101204,0.12424999848008156,0.9657947588387947,0.11858999907970429,1.0118896892573466,0.13664500057697296,0.8781879820783802,0.16231000080704688,0.739325960945846,0.030107337142407525,0.47793916030313016,0.04692120991119131,0.7448511158356277,0.041006578384474406,0.6509592511379764,0.07114223428842525,1.1293479578439924,50.0,39.99999999999999,46.666664679845056,-0.0005557681651912338,0.0003614788346717908,-0.0009172469998630247,0.1288881021663254,0.11311189354214018,-0.12677323940921884,0.13561708094536454,0.11288291601479858,-0.3738867185375674,0.14529296765597682,0.09188703050343175,0.052803051992488255,87694.4,110607.25,3.695378496232371,2.9298621925777923,0.0,0.0,-0.0769230636971937,-0.0769230636971937,0.0,0.0,-0.07692306369719372,-0.07692306369719372,50.0,41.66667287548514,39.99998211861083,33.33332339922824,-50.0,-60.00001788138917,0.006071427038737706,0.007142856362320128,-53.65854887742049,-76.23762805699558,27.930628286142294,30.050306124149046,0.11318865478222348,-0.0416666278615585,HOLD,0,1
0.11999999731779099,0.11999999731779099,0.11999999731779099,0.11999999731779099,208706,0.0,0.0,FSG,2022-08-05 00:00:00+10:00,Telecommunication Services,0.0,0.0,0.0,0.0,0.1189999982714653,1.0084033534525307,0.11999999806284904,0.9999999937911828,0.12374999858438969,0.9696969591151838,0.11838999912142753,1.0135991064136436,0.13634500049054624,0.8801202602666127,0.1618600008264184,0.7413814203947839,0.030107337142407525,0.47793916030313016,0.03702900055349091,0.5878171605708602,0.041006578384474406,0.6509592511379764,0.07114223428842525,1.1293479578439924,33.33331677647999,44.44444076514492,42.8571443776695,-0.0005738236707427402,0.0001744183335888846,-0.0007482420043316248,0.12471404228734373,0.11528595383835435,-1.580507142986529e-07,0.13493034061138098,0.1125696565573984,-0.3354102457282209,0.1448932058366113,0.09188679240624376,0.06074729800304058,118823.8,116024.25,1.7564326338662792,1.7988136100858225,0.0,-0.0769230636971937,-0.0769230636971937,-0.0769230636971937,0.0,-0.07692306369719372,-0.07692306369719372,-0.07692306369719372,50.0,41.66667287548514,39.99998211861083,33.33332339922824,-50.0,-60.00001788138917,0.004999998956918716,0.006190475608621325,-27.356349853028956,-57.101746855050926,36.6140200918283,36.858472777781834,0.1139248818057883,-0.08333331781129005,SELL,0,2
0.11999999731779099,0.11999999731779099,0.11999999731779099,0.11999999731779099,67883,0.0,0.0,FSG,2022-08-08 00:00:00+10:00,Telecommunication Services,0.0,0.0,0.0,0.0,0.1189999982714653,1.0084033534525307,0.11999999806284904,0.9999999937911828,0.12349999845027923,0.9716599095027735,0.11818999916315079,1.0153143088878582,0.1360450004041195,0.8820610603942293,0.1614100008457899,0.7434483408028615,0.030107337142407525,0.47793916030313016,0.02781160491329982,0.4414955409730405,0.04015917493144314,0.6375071383568276,0.07114223428842525,1.1293479578439924,50.0,44.44444076514492,42.8571443776695,-0.0005814304210096655,2.3248582669174545e-05,-0.00060467900367884,0.12471404228734373,0.11528595383835435,-1.580507142986529e-07,0.13478576248580804,0.11221423441475042,-0.31012531552758527,0.14448571879799096,0.09189427952831061,0.06883242519219981,130292.4,108432.55,0.5210050624595142,0.6260389523256623,0.0,0.0,-0.04000002145767212,-0.0769230636971937,0.0,0.0,-0.04000002145767212,-0.07692306369719372,50.0,50.0,39.99998211861083,39.99998211861083,-50.0,-60.00001788138917,0.004999998956918716,0.005714285231771923,-20.289881841122103,-52.380972571890254,36.6140200918283,34.001665653029434,0.11464638428888183,-0.08333331781129005,SELL,0,2
0.11999999731779099,0.12999999523162842,0.11999999731779099,0.11999999731779099,12911,0.0,0.0,FSG,2022-08-09 00:00:00+10:00,Telecommunication Services,0.0,0.0,0.0,0.0,0.1189999982714653,1.0084033534525307,0.11999999806284904,0.9999999937911828,0.12274999804794788,0.9775967350395989,0.11808999910950661,1.0161740894460776,0.13584500037133693,0.8833596892765057,0.1610100008174777,0.745295302829195,0.030107337142407525,0.47793916030313016,0.02781160491329982,0.4414955409730405,0.03533116958501176,0.5608649295059415,0.07091772504686636,1.125783984122789,50.0,50.0,46.153844390395264,-0.000580764137930942,-9.755396145084879e-05,-0.00048321017648009316,0.12471404228734373,0.11528595383835435,-1.580507142986529e-07,0.13273683220934043,0.11276316388655533,-0.2753626109851654,0.1443179552998219,0.09186204291919134,0.07282299064498374,130912.8,106195.3,0.09862290012894079,0.12157788527364205,0.0,0.0,-0.11111116630059481,-0.04000002145767212,0.0,0.0,-0.11111116630059482,-0.04000002145767212,50.0,50.0,39.99998211861083,39.99998211861083,-50.0,-60.00001788138917,0.004999998956918716,0.005714285231771923,83.0039151538867,6.268621409508201,47.76024992239428,38.074123873253235,0.11535345672231348,0.0,HOLD,0,1
0.11999999731779099,0.125,0.11999999731779099,0.125,24375,0.0,0.0,FSG,2022-08-10 00:00:00+10:00,Telecommunication Services,0.04166668994973155,0.040822016871997165,0.005000002682209015,0.04166668994973155,0.1209999978542328,1.0330578695595183,0.11999999806284904,1.0416666834822135,0.12224999777972698,1.0224949060958517,0.11788999900221825,1.0603104678764819,0.1355950003117323,0.9218628984300716,0.16063500080257653,0.7781616669808304,0.023326687797959666,0.37029968894547705,0.02781160491329982,0.4414955409730405,0.03685454278931284,0.5850477294210631,0.07025555340727302,1.1152723352211658,66.66668322352001,55.55555923485508,41.66666252745538,-0.00017476311371376896,-0.00011299579190343284,-6.176732181033612e-05,0.12471404228734373,0.11528595383835435,1.0606608039802423,0.1305057758884883,0.11399421967096565,0.33310030672391994,0.14374144975873449,0.09203854824570203,0.2750329590686346,127587.8,107414.05,0.19104491181758756,0.22692562099650837,0.08695650202114802,0.0,-0.07407411086706317,-0.07407411086706317,0.08695650202114812,0.0,-0.07407411086706321,-0.07407411086706321,75.00001862645537,58.333339542151805,59.99998807907389,46.666650772098514,-24.99998137354462,-40.00001192092611,0.004999999489103045,0.005476189865952446,69.46568119102962,15.028262906840608,52.320891658329344,36.940764489664495,0.1160463877070765,-0.04000002145767212,HOLD,0,1
0.125,0.125,0.11999999731779099,0.11999999731779099,148059,0.0,0.0,FSG,2022-08-11 00:00:00+10:00,Telecommunication Services,-0.04000002145767212,-0.04082201687199717,-0.005000002682209015,-0.04000002145767212,0.1209999978542328,0.9917355326101204,0.11999999806284904,0.9999999937911828,0.12174999788403511,0.9856262784668713,0.11778999894857406,1.0187621902448762,0.13529500022530555,0.8869507159758754,0.16023500077426434,0.7489000326891403,0.028877150184916413,0.4584105477693101,0.02781160491329982,0.4414955409730405,0.03700338427091714,0.5874105146916353,0.06967829249615931,1.1061086023467332,50.0,37.50000232830649,38.46153317118579,-0.0002535401535635473,-0.00014110466423545575,-0.00011243548932809156,0.12471404228734373,0.11528595383835435,-1.580507142986529e-07,0.12920159519101537,0.11429840057705483,-0.23484905237764417,0.143567768883183,0.0920122290139651,0.08573272144266463,92386.8,112531.8,1.6025990725947863,1.3157080931789946,0.0,0.0,-0.0769230636971937,-0.04000002145767212,0.0,0.0,-0.07692306369719372,-0.04000002145767212,50.0,58.333339542151805,50.0,49.999990065894906,-50.0,-50.0,0.004642856972558158,0.005714285231771923,44.78114378783567,-6.999997586011155,43.46925778140959,34.46276626419409,0.11672546007214425,0.0,HOLD,0,1
0.11999999731779099,0.11999999731779099,0.10999999940395355,0.10999999940395355,268725,0.0,0.0,FSG,2022-08-12 00:00:00+10:00,Telecommunication Services,-0.08333331781129005,-0.08701136005649178,-0.009999997913837433,-0.08333331781129008,0.1189999982714653,0.9243697563173005,0.1189999982714653,0.9243697563173005,0.12074999809265137,0.9109730943395183,0.11743999898433685,0.9366485043875419,0.13489500015974046,0.8154490475828856,0.15973500080406666,0.6886405537311212,0.04729341471921008,0.7507596839884288,0.03839753603065819,0.6095419877685826,0.041074659568246824,0.6520400064253247,0.07064069541617668,1.1213862750711832,39.99999403953517,37.50000232830649,35.71428723481252,-0.0011100913414036906,-0.0003349019996691028,-0.0007751893417345878,0.1268881034231435,0.11111189311978713,-1.1409582776158889,0.12887727449164638,0.11262272169365636,-1.3227061762077046,0.14315479175609794,0.09172520621257577,-0.28932761179213534,104390.6,124459.85,2.5742260318457793,2.1591300326972913,-0.08333331781129005,-0.08333331781129005,-0.1538461273943874,-0.1372548905027593,-0.08333331781129008,-0.08333331781129008,-0.15384612739438744,-0.13725489050275935,0.0,41.66667287548514,0.0,36.666662693024634,-100.0,-100.0,0.004642856972558158,0.005476189511162894,-221.3675821739464,-193.00411176406132,38.46096654867592,31.563559760698382,0.15000000596046448,0.09090907243657687,BUY,0,0
0.11500000208616257,0.11999999731779099,0.11500000208616257,0.11999999731779099,164518,0.0,0.0,FSG,2022-08-15 00:00:00+10:00,Telecommunication Services,0.09090907243657687,0.08701136005649175,0.004999995231628418,0.043478218616745966,0.1189999982714653,1.0084033534525307,0.1189999982714653,1.0084033534525307,0.12049999795854091,0.9958506170189152,0.11733999893069268,1.0226691529856706,0.1345950000733137,0.8915635592141399,0.159185000769794,0.7538398513521348,0.068058672481326,1.080397931680703,0.049619956027867215,0.7876923822941821,0.04585297992000276,0.7278934904373938,0.07175662694303547,1.139101138872653,50.0,50.0,43.75000058207667,-0.0009708072095033354,-0.00046208304163594937,-0.0005087241678673861,0.1268881034231435,0.11111189311978713,0.12677303700913942,0.12838068636716438,0.11261930954991745,-0.0634463151978955,0.14297355382909158,0.09170644403229378,0.103770171466325,123717.6,129922.15,1.329786546134099,1.2662813846599676,0.0,0.0,-0.04000002145767212,-0.04000002145767212,0.0,0.0,-0.04000002145767212,-0.04000002145767212,50.0,33.33333333333335,50.0,33.333333333333336,-50.0,-50.0,0.004285713923828942,0.0059523798880122955,-53.84615064581571,-65.69229348665169,45.72958750895608,35.00952494605998,0.14920000582933426,-0.1666666356225801,SELL,0,2
0.11999999731779099,0.13500000536441803,0.11999999731779099,0.13500000536441803,412928,0.0,0.0,FSG,2022-08-16 00:00:00+10:00,Telecommunication Services,0.12500006984919465,0.11778309774455455,0.015000008046627045,0.12500006984919465,0.12199999988079072,1.1065574221010652,0.120499999076128,1.1203320033150324,0.12099999822676182,1.115702540023342,0.11753999903798103,1.148545231149739,0.13419500015676022,1.0059987719864185,0.1587850007787347,0.8502062833537986,0.08741542220258791,1.3876768073985701,0.06319759624534284,1.003230738733479,0.053828211093271364,0.8544963604337056,0.07384926778191203,1.1723207823309227,66.66667218561412,58.33333747254462,55.55555831502974,0.0003459637033632612,-0.0003004736926361072,0.0006464373959993684,0.13336684123781264,0.10763315691444336,1.126928123162082,0.13105249336141997,0.11094750309210365,1.3926897700639655,0.1435704672668834,0.09150953080907864,0.6707526800094457,203721.0,150568.55,2.0269289862115345,2.7424585014599665,0.12500006984919465,0.12500006984919465,0.08000004291534424,0.08000004291534424,0.12500006984919465,0.12500006984919465,0.08000004291534424,0.08000004291534424,100.0,50.00000000000002,100.0,50.0,-0.0,-0.0,0.005000000021287373,0.0059523805975914,249.61248025262176,205.3948283898216,55.53016737078148,45.47917168866183,0.14841600570082664,-0.27407412190495994,SELL,0,2
0.13500000536441803,0.13500000536441803,0.13500000536441803,0.13500000536441803,0,0.0,0.0,FSG,2022-08-17 00:00:00+10:00,Telecommunication Services,0.0,0.0,0.0,0.0,0.12400000095367432,1.0887097123076093,0.12249999940395355,1.1020408654798823,0.12174999862909316,1.1088296253348677,0.11773999914526939,1.1465942444746664,0.1338950001448393,1.0082527743260272,0.158285000808537,0.8528919649671373,0.08763541610957393,1.391169102405577,0.06046295826603229,0.9598197066191914,0.05279330296202711,0.8380677031632802,0.07384926778191203,1.1723207823309227,66.66667218561412,63.63637102536923,55.55555831502974,0.0013736792196733794,3.43568898257902e-05,0.0013393223298475891,0.1375923133210679,0.10740768548683921,0.8282365467027397,0.13357103530569195,0.10992896195249438,1.1208836498709882,0.14415523877583092,0.09132475951470787,0.6534109271974728,198846.0,129561.55,0.0,0.0,0.08000004291534424,0.1739130688299524,0.12500006984919465,0.08000004291534424,0.08000004291534424,0.17391306882995242,0.12500006984919465,0.08000004291534424,100.0,83.33333333333336,100.0,83.33333333333333,-0.0,-0.0,0.004642856972558158,0.0059523805975914,240.14986228997756,264.46198686616486,70.36667310875563,45.47917168866183,0.14764768557488916,-0.25925927765575385,SELL,0,2
0.125,0.125,0.11999999731779099,0.11999999731779099,111111,0.0,0.0,FSG,2022-08-18 00:00:00+10:00,Telecommunication Services,-0.11111116630059481,-0.11778309774455455,-0.005000002682209015,-0.04000002145767212,0.12400000095367432,0.9677419064103256,0.12249999940395355,0.9795918196054956,0.12174999862909316,0.985626272435259,0.11763999909162522,1.0200611887486302,0.1333950001001358,0.8995839216440679,0.15773500077426433,0.760769624552282,0.10378760009942654,1.6475770742118314,0.0718503220346505,1.1405885023415376,0.05906525697517633,0.9376318864826384,0.07562340215229338,1.20048429234957,50.0,50.0,50.0,0.0009666331364854425,0.00022081213915772072,0.0007458209973277217,0.1375923133210679,0.10740768548683921,-0.16564736858061366,0.13357103530569195,0.10992896195249438,-0.1480412724517237,0.1439808106280326,0.09129918755521782,0.08959474247419666,191456.4,129672.0,0.5803462302644362,0.8568619285582084,0.0,0.0,0.0,-0.04000002145767212,0.0,0.0,0.0,-0.04000002145767212,39.99998211861083,79.99999403953696,39.99998211861083,79.99999403953694,-60.00001788138917,-60.00001788138917,0.005714286118745804,0.006190476318200429,3.1963305900778622,2.413780890757895,67.9486433918789,50.966672204472275,0.14689473185147045,-0.1749999860301611,SELL,0,2
0.125,0.125,0.125,0.125,32232,0.0,0.0,FSG,2022-08-19 00:00:00+10:00,Telecommunication Services,0.04166668994973155,0.040822016871997165,0.0,0.0,0.12700000107288362,0.9842519601890725,0.12299999967217445,1.0162601653102117,0.12149999886751175,1.0288065939515338,0.11753999918699265,1.0634677630135028,0.1329450000822544,0.9402384438877825,0.15728500075638294,0.7947356670939727,0.09176178612056198,1.4566731956046324,0.0729017295720098,1.157279079564127,0.056720847085592954,0.9004155332484104,0.07564094661292708,1.2007628020279113,50.0,53.33333465788082,52.380953394636705,0.001035567238135665,0.0003837631589533097,0.0006518040791823554,0.13805545794345092,0.10794454140089799,0.13284220857237164,0.13278576429288236,0.11021423344214115,0.3101252773356585,0.14372680054639628,0.09135319782758902,0.2848763661747668,144157.8,126346.75,0.22358831780174226,0.25510747209564155,0.13636364252114097,0.04166668994973155,-0.03846150319251662,-0.03846150319251662,0.13636364252114103,0.04166668994973155,-0.038461503192516594,-0.038461503192516594,59.99998807907389,66.66665673256159,59.99998807907389,66.66665673256158,-40.00001192092611,-40.00001192092611,0.006071429167475019,0.006190476672989982,53.65148008604492,62.20473355579776,68.55736433152298,53.73555526401687,0.14615683720252012,-0.24800002574920654,SELL,0,2
0.125,0.125,0.125,0.125,16000,0.0,0.0,FSG,2022-08-22 00:00:00+10:00,Telecommunication Services,0.0,0.0,0.0,0.0,0.1280000016093254,0.9765624877218217,0.12349999994039536,1.0121457494763448,0.1217499990016222,1.0266940535936637,0.11773999914526939,1.0616612952899134,0.132495000064373,0.9434318271577679,0.15683500073850154,0.7970159684471099,0.0852782753644777,1.3537506531053642,0.0729017295720098,1.157279079564127,0.053793627833445525,0.8539473682035549,0.07372752436554218,1.1703881655100787,54.545455776955144,53.33333465788082,47.368423942053,0.0010777741013871384,0.0005225653474400755,0.0005552087539470628,0.13844434614680942,0.10855565373398131,0.10037241100322263,0.1331170833642664,0.11038291463897801,0.2859133349144769,0.1440002662597134,0.09147973203082536,0.2764633285370264,114454.2,123981.35,0.13979390882990753,0.12905166785165673,0.04166668994973155,0.04166668994973155,0.04166668994973155,0.08695650202114802,0.04166668994973155,0.04166668994973155,0.04166668994973155,0.08695650202114812,59.99998807907389,53.33331942558622,59.99998807907389,53.333319425586204,-40.00001192092611,-40.00001192092611,0.006071429167475019,0.00571428629614058,45.88563203203714,69.74789947534389,68.55736433152298,51.75426818026241,0.1454337004465488,-0.24800002574920654,SELL,0,2
0.125,0.125,0.11500000208616257,0.125,388869,0.0,0.0,FSG,2022-08-23 00:00:00+10:00,Telecommunication Services,0.0,0.0,0.0,0.0,0.1260000005364418,0.9920634878398069,0.12400000020861626,1.0080645144330753,0.12199999913573265,1.0245901711927856,0.1183199991285801,1.0564570733655994,0.1320450000464916,0.9466469760762533,0.15638500072062014,0.7993093929980596,0.057265384982807095,0.9090598043812824,0.0729017295720098,1.157279079564127,0.053793627833445525,0.8539473682035549,0.06956694607474762,1.1043410327041392,66.66666114772013,57.1428541018045,52.94117750181027,0.001098559830699411,0.0006377642440919427,0.0004607955866074683,0.1387573007310617,0.10924269968617081,0.0677630566554341,0.13342481406746348,0.11057518420400181,0.2625863860547332,0.14389243333245944,0.09274756492470078,0.26121881155946225,109642.4,139923.8,3.5467027354381155,2.7791483650386857,-0.07407411086706317,0.04166668994973155,0.04166668994973155,0.30208332201517707,-0.07407411086706321,0.04166668994973155,0.04166668994973155,0.3020833220151771,59.99998807907389,59.99998807907389,59.99998807907389,59.99998807907389,-40.00001192092611,-40.00001192092611,0.006428572216204235,0.00571428629614058,-18.44958291777583,-0.8403025460816977,57.09320915810022,45.64389980063485,0.1447250264256969,-0.18000000715255737,SELL,0,2
0.125,0.12999999523162842,0.125,0.12999999523162842,36090,0.0,0.0,FSG,2022-08-24 00:00:00+10:00,Telecommunication Services,0.039999961853027344,0.03922067647349922,0.004999995231628418,0.039999961853027344,0.12499999850988389,1.039999974250793,0.1244999997317791,1.0441766707766942,0.12224999889731407,1.0633946536132413,0.11899999901652336,1.0924369437480221,0.13159500002861024,0.9878794422536187,0.15593500070273877,0.8336806659554858,0.06226637413059826,0.9884480459476119,0.0728141971847345,1.1558895459937617,0.05373250428140001,0.8529770618957868,0.06970935119148707,1.1066016438500335,62.499993015083135,57.1428541018045,55.55555371590625,0.0015011857643851129,0.0008104485481505769,0.000690737216234536,0.13973884282812338,0.10926115663543481,0.3609194913994976,0.13415975002643293,0.11034024776819519,0.6507269757607202,0.14395056243718982,0.0940494355958569,0.4408716560682476,116860.4,138609.4,0.3088300228306595,0.2603719516858164,-0.03703711062301529,0.039999961853027344,0.039999961853027344,0.35416660522524746,-0.03703711062301532,0.039999961853027344,0.039999961853027344,0.35416660522524734,79.99996423722166,66.6666467984565,79.99996423722166,66.66664679845648,-20.00003576277834,-20.00003576277834,0.006428572216204235,0.005238095564501626,87.49992918070163,120.02205575789854,50.487476594309825,47.54224795682444,0.14403052588526202,-0.21153843949532292,SELL,0,2
0.125,0.125,0.125,0.125,186630,0.0,0.0,FSG,2022-08-25 00:00:00+10:00,Telecommunication Services,-0.03846150319251662,-0.03922067647349926,0.0,0.0,0.1259999990463257,0.9920634995722656,0.125,1.0,0.12249999903142453,1.0204081713334068,0.1195199990272522,1.045850075446355,0.13114500001072885,0.9531434670767004,0.15553500071167947,0.8036776251521467,0.03332439142036997,0.5290083137452407,0.07270701393965238,1.1541880647265605,0.05366826832219863,0.8519573476561395,0.06993675252966215,1.1102115281817209,33.33332505491077,53.33333465788082,50.0,0.0014006658846712344,0.0009284920154547085,0.0004721738692165259,0.1399071234041367,0.11009287659586331,0.0,0.13442079302135454,0.11057920504149452,0.20971765560979636,0.14384514359419348,0.09519485446031092,0.22528133214859938,131964.2,125875.45,1.4142471973459467,1.4826560699485087,0.04166668994973155,0.04166668994973155,0.04166668994973155,0.26262626946793444,0.04166668994973155,0.04166668994973155,0.04166668994973155,0.2626262694679345,59.99998807907389,66.6666467984565,59.99998807907389,66.66664679845648,-40.00001192092611,-40.00001192092611,0.006785714732749122,0.005238095209712074,23.333335545929533,51.93549025319111,39.448977714155475,43.188901465921006,0.14334991535563585,-0.19999998807907104,SELL,0,2
0.125,0.12999999523162842,0.125,0.12999999523162842,273434,0.0,0.0,FSG,2022-08-26 00:00:00+10:00,Telecommunication Services,0.039999961853027344,0.03922067647349922,0.004999995231628418,0.039999961853027344,0.12699999809265136,1.023622025071122,0.12699999958276748,1.0236220130607623,0.1229999989271164,1.056910539557483,0.12011999890208244,1.0822510524463107,0.13079499989748,0.9939217503232178,0.1551600006967783,0.837844770867726,0.03291729427126193,0.5225458468493411,0.06592592334037489,1.0465415886656435,0.054276476714394936,0.8616123565624628,0.07009269872492428,1.1126870972851428,42.857127651874784,56.24999825377029,55.55555463573075,0.0017048090072512706,0.001083755413814021,0.0006210535934372495,0.13774968049881875,0.1162503186667162,0.279077646331008,0.13531174129758908,0.11068825655664372,0.5685626042094698,0.1439549416732529,0.096285056130912,0.41451730865896286,180204.6,136894.2,1.5173530531407078,1.9974111394054677,0.039999961853027344,0.18181814487315395,0.08333331781129005,0.29999993294477556,0.039999961853027344,0.18181814487315387,0.08333331781129008,0.2999999329447756,79.99996423722166,73.3333055178391,79.99996423722166,73.33330551783907,-20.00003576277834,-20.00003576277834,0.007142857249294009,0.005238094854922522,70.83327260335344,100.3955937824668,47.81004809381568,56.30180483740334,0.1426829170366022,-0.1923076878990646,SELL,0,2
0.125,0.125,0.11999999731779099,0.11999999731779099,407000,0.0,0.0,FSG,2022-08-29 00:00:00+10:00,Telecommunication Services,-0.0769230636971937,-0.08004269334549638,-0.005000002682209015,-0.04000002145767212,0.12599999755620955,0.9523809495651623,0.12699999958276748,0.9448818717482397,0.1229999989271164,0.9756097428008673,0.1205399988591671,0.9955201464535683,0.13029499985277654,0.9209869715137332,0.15468500066548585,0.7757700927790475,0.05085770408264343,0.8073410235263331,0.06688512035121373,1.06176836915962,0.05731996537073321,0.909926241178766,0.07106504939190339,1.1281226855969897,50.0,50.0,50.0,0.0011259491243255093,0.0010921941559163188,3.37549684091905e-05,0.13774968049881875,0.1162503186667162,-0.651182329935411,0.13531174129758908,0.11068825655664372,-0.24366994687285942,0.1435828517738515,0.0974971459444827,-0.023434665116140414,258404.6,156717.2,1.5750493605763984,2.5970346586079893,-0.04000002145767212,0.0,0.0,0.2121211915961967,-0.04000002145767212,0.0,0.0,0.21212119159619658,39.99998211861083,59.999978144968814,39.99998211861083,59.99997814496879,-60.00001788138917,-60.00001788138917,0.007142857249294009,0.005714285231771923,-42.4242577495846,-17.623375540708167,39.696983781277986,49.771314606913336,0.14202925868394925,-0.1250000077610216,SELL,0,2
0.12999999523162842,0.12999999523162842,0.12999999523162842,0.12999999523162842,6670,0.0,0.0,FSG,2022-08-30 00:00:00+10:00,Telecommunication Services,0.08333331781129005,0.08004269334549637,0.0,0.0,0.12699999660253525,1.023622037081482,0.12649999856948851,1.0276679581163577,0.12349999882280827,1.0526315503706687,0.12123999878764152,1.0722533531143505,0.1299949998408556,1.000038427560898,0.15421000067144633,0.843006255532034,0.06534727544168532,1.0373558380460273,0.059232571828896366,0.9402879274441807,0.060159000704745905,0.9549945299215027,0.07156468732238472,1.136054191854761,57.14285410180223,52.63157647072109,54.54545392970404,0.0014573157262786768,0.0011652184699887905,0.0002920972562898863,0.13598683297411962,0.11701316416485742,0.3689319864623487,0.1361074334850987,0.11089256416051782,0.5155685183332347,0.14321794700619003,0.09926205056909301,0.3985811758621674,181964.8,156560.25,0.0366554410523354,0.04260340667570472,0.039999961853027344,-0.03703711062301529,0.08333331781129005,0.3684210196096147,0.039999961853027344,-0.03703711062301532,0.08333331781129008,0.36842101960961465,79.99996423722166,66.6666368643514,79.99996423722166,66.66663686435139,-20.00003576277834,-20.00003576277834,0.007499999765838895,0.006190475608621325,84.67734764979093,114.46117695423874,39.26687022000292,49.88811383655523,0.14138867349834933,-0.1923076878990646,SELL,0,2
0.12999999523162842,0.12999999523162842,0.125,0.125,291373,0.0,0.0,FSG,2022-08-31 00:00:00+10:00,Telecommunication Services,-0.03846150319251662,-0.03922067647349926,-0.004999995231628418,-0.038461503192516594,0.12599999755620955,0.9920635113047248,0.12549999803304673,0.9960159518654728,0.12399999871850013,1.008064526547053,0.12181999877095223,1.0261040983510996,0.12949499987065793,0.9652882360311392,0.15376000065356493,0.8129552514872591,0.06563909832196466,1.0419883826546135,0.06031628159121138,0.9574912865909312,0.06003023374310221,0.952950417775959,0.07187233616322622,1.1409379657987846,50.0,52.63158059846676,52.17391445190576,0.0013014658292598985,0.0011924679418430122,0.00010899788741688629,0.13287864380650205,0.11812135225959142,-0.06776284543235243,0.13596486177420478,0.11203513566279548,0.08357816356477904,0.1425758785086471,0.10106411903325734,0.15320965766016395,233021.4,169078.9,1.250413052191773,1.723296046993445,-0.03846150319251662,-0.07407411086706317,0.08695650202114802,0.30208332201517707,-0.038461503192516594,-0.07407411086706321,0.08695650202114812,0.3020833220151771,59.99998807907389,59.999978144968814,59.99998807907389,59.99997814496879,-40.00001192092611,-40.00001192092611,0.007499999233654567,0.006428570619651249,27.45096423634273,53.23942144010428,36.93980975807648,45.39508249622122,0.1407609000164614,-0.12000000476837158,SELL,0,2
0.11999999731779099,0.125,0.11999999731779099,0.125,458679,0.0,0.0,FSG,2022-09-01 00:00:00+10:00,Telecommunication Services,0.0,0.0,0.005000002682209015,0.04166668994973155,0.12599999755620955,0.9920635113047248,0.12599999830126762,0.9920635054384952,0.1242499988526106,1.006036226594087,0.1224999988079071,1.0204081731952763,0.12904499985277654,0.9686543464885012,0.15333500068634748,0.8152085266930817,0.06310358023741011,1.0017382808759845,0.04771979467690325,0.7575282559808991,0.059381058182680496,0.942645075235378,0.07136513493111,1.1328863958497144,50.0,58.82353044298701,54.54545392970404,0.001164529689666724,0.0011868802914077547,-2.2350601741030676e-05,0.13232455073148636,0.11967544587104889,-0.15811368666810763,0.13607103489892816,0.11242896280629301,0.06344631252715302,0.14126710012979077,0.10373289748602345,0.1332118982688997,287431.2,175809.65,1.5957870961816254,2.608952352729216,0.0,0.04166668994973155,0.04166668994973155,0.37362640151769155,0.0,0.04166668994973155,0.04166668994973155,0.3736264015176915,49.99998137355156,63.33331122994906,59.99998807907389,66.66664679845648,-50.00001862644844,-40.00001192092611,0.00714285671710968,0.006428570974440802,-46.20462571102565,-9.333327342303091,34.14300886010315,40.296055349445446,0.14014568200421126,-0.12000000476837158,SELL,0,2
0.125,0.125,0.125,0.125,77,0.0,0.0,FSG,2022-09-02 00:00:00+10:00,Telecommunication Services,0.0,0.0,0.0,0.0,0.12499999850988389,1.0000000119209291,0.12599999830126762,0.9920635054384952,0.12449999898672104,1.004016072428501,0.12307999879121781,1.0155996199840651,0.12859499983489514,0.9720440154009813,0.15291000071913005,0.8174743274614455,0.0594462578728271,0.9436800882294962,0.04596032987015273,0.7295976180655059,0.059381058182680496,0.942645075235378,0.07106015955720159,1.1280450618775506,42.85714589819777,53.333335320154944,52.38095373253167,0.0010439725467983607,0.0011582987424858758,-0.00011432619568751512,0.13232455073148636,0.11967544587104889,-0.15811368666810763,0.13615287511756374,0.11284712285587833,0.04290794887586286,0.14022685604274635,0.10593314153968927,0.11197394254921174,232759.8,165378.2,0.0003308131386949121,0.00046559945627658295,-0.03846150319251662,0.0,0.04166668994973155,0.30208332201517707,-0.038461503192516594,0.0,0.04166668994973155,0.3020833220151771,49.99998137355156,53.33331694205902,59.99998807907389,59.99998807907389,-50.00001862644844,-40.00001192092611,0.006428571151835578,0.006190475963410877,-26.217216481033432,16.488240074069505,30.205655978877786,34.84734282210451,0.1395427683522061,-0.07999998331069946,SELL,0,2
0.125,0.125,0.125,0.125,12723,0.0,0.0,FSG,2022-09-05 00:00:00+10:00,Telecommunication Services,0.0,0.0,0.0,0.0,0.1259999990463257,0.9920634995722656,0.12599999830126762,0.9920635054384952,0.12474999912083148,1.0020040150775982,0.12369999885559083,1.0105093060342452,0.12824499987065793,0.9746968702566907,0.15246000070124865,0.8198871797524283,0.04478011036115584,0.7108622141858707,0.04596032987015273,0.7295976180655059,0.059381058182680496,0.942645075235378,0.0709513011163469,1.1263169877018802,50.0,41.66666045784821,52.38095373253167,0.0009376218217955479,0.0011141633583478102,-0.00017654153655226237,0.13232455073148636,0.11967544587104889,-0.15811368666810763,0.13620931125895908,0.1132906869827039,0.021816394924500715,0.1386570806549184,0.10874291705626324,0.08691542654180157,153904.4,162620.2,0.0826682018187914,0.07823751292889812,0.04166668994973155,0.0,0.04166668994973155,0.3297872795757544,0.04166668994973155,0.0,0.04166668994973155,0.32978727957575443,49.99998137355156,49.99998137355156,59.99998807907389,59.99998807907389,-50.00001862644844,-40.00001192092611,0.005357142005647931,0.006190475963410877,-20.28983929807485,12.584286144683023,16.420405481823963,30.747520344950374,0.13895191297324105,-0.07999998331069946,SELL,0,2
0.125,0.125,0.125,0.125,0,0.0,0.0,FSG,2022-09-06 00:00:00+10:00,Telecommunication Services,0.0,0.0,0.0,0.0,0.125,1.0,0.12599999830126762,0.9920635054384952,0.12499999925494194,1.0000000059604646,0.1241999988257885,1.0064412333476238,0.1278449998050928,0.9777464913807331,0.1520350007340312,0.8221790995263912,0.017200507131058865,0.273049585757849,0.04596032987015273,0.7295976180655059,0.059381058182680496,0.942645075235378,0.07049854296695851,1.1191296748978432,40.00000596046661,41.66666045784821,52.38095373253167,0.0008436134552344265,0.0010600533777251335,-0.000216439922490707,0.13232455073148636,0.11967544587104889,-0.15811368666810763,0.1362390308361398,0.11376096767374407,6.629201560063733e-08,0.1375033672951936,0.11089663035638339,0.06013523387338571,152570.4,161974.65,0.0,0.0,-0.03846150319251662,0.0,0.04166668994973155,0.24999998137354873,-0.038461503192516594,0.0,0.04166668994973155,0.24999998137354879,66.66668322352001,55.5555486568744,59.99998807907389,59.99998807907389,-33.33331677648,-40.00001192092611,0.005357142005647931,0.006190475963410877,-4.320947590817111,8.39330111788573,16.420405481823963,30.747520344950374,0.1383728747018553,-0.19999998807907104,SELL,0,2
0.125,0.125,0.11999999731779099,0.125,486968,0.0,0.0,FSG,2022-09-07 00:00:00+10:00,Telecommunication Services,0.0,0.0,0.0,0.0,0.125,1.0,0.12549999877810478,0.9960159459524074,0.12499999925494194,1.0000000059604646,0.12469999879598617,1.0024057835357691,0.12739499978721142,0.9812002057285467,0.15161000076681375,0.824483868925364,0.0,0.0,0.04387744035883846,0.6965327721333315,0.05870653798114663,0.9319373989900913,0.07049854296695851,1.1191296748978432,66.66668322352001,55.55556107450667,52.38095373253167,0.0007603463480399947,0.0010001119717881059,-0.00023976562374811118,0.13117645869502215,0.1198235388611874,-0.08808285188707958,0.1362390308361398,0.11376096767374407,6.629201560063733e-08,0.13602272431727744,0.1133772732746949,0.026495493814603654,191689.4,185104.3,2.540401295011618,2.6307762704594113,0.0,-0.03846150319251662,0.0,0.24999998137354873,0.0,-0.038461503192516594,0.0,0.24999998137354879,66.66668322352001,61.111115940197216,59.99998807907389,59.99998807907389,-33.33331677648,-40.00001192092611,0.0046428559081895015,0.005952380952380952,-71.79491139906926,-26.858514701082175,14.019647239072327,26.46035169296333,0.13780541719589726,-0.19999998807907104,SELL,0,2
0.125,0.12999999523162842,0.125,0.12999999523162842,475098,0.0,0.0,FSG,2022-09-08 00:00:00+10:00,Telecommunication Services,0.039999961853027344,0.03922067647349922,0.004999995231628418,0.039999961853027344,0.1259999990463257,1.031746001710937,0.12599999830126762,1.0317460078118157,0.1254999991506338,1.0358565427207167,0.12459999859333039,1.0433386572974415,0.1269949997216463,1.0236623136073753,0.15121000077575444,0.8597314632940144,0.01788852676015394,0.28397155877214786,0.043857057167399044,0.6962091990004844,0.05844554004310685,0.9277941851695679,0.050479544754391106,0.8013379302952437,50.0,55.55555371590488,52.380950353583295,0.001085303688823383,0.0010171503151951613,6.815337362822173e-05,0.13232455073148636,0.11967544587104889,0.6324553356928141,0.13669210293835243,0.11430789536291519,0.40206883052072556,0.1356361181862765,0.1135638790003843,0.4893021131947067,194973.2,201456.25,2.4367348948470866,2.358318493469426,0.039999961853027344,0.039999961853027344,0.08333331781129005,-0.03703711062301529,0.039999961853027344,0.039999961853027344,0.08333331781129008,-0.03703711062301532,100.0,77.77778881568003,79.99996423722166,66.66664679845648,-0.0,-20.00003576277834,0.004642855376005173,0.0059523805975914,93.33333333333378,72.4705334204747,27.066073434789573,34.7465815998479,0.13724930884005837,-0.23076919109158112,SELL,0,2
0.125,0.125,0.125,0.125,96014,0.0,0.0,FSG,2022-09-09 00:00:00+10:00,Telecommunication Services,-0.03846150319251662,-0.03922067647349926,0.0,0.0,0.1259999990463257,0.9920634995722656,0.12549999877810478,0.9960159459524074,0.12624999918043614,0.9900990163283119,0.12449999868869782,1.0040160748318752,0.1265949996560812,0.9874007689054519,0.15086000081151724,0.8285827875354023,0.02774351638248857,0.44041466905506654,0.04387744035883846,0.6965327721333315,0.055644819917161574,0.8833341314986997,0.05050155516567357,0.8016873347422896,50.0,50.0,52.38095407042673,0.0009286717443063863,0.0009994546010174063,-7.078285671101997e-05,0.13117645869502215,0.1198235388611874,-0.08808285188707958,0.13475696407040527,0.11774303429046702,-0.1469383260191964,0.13542647001012648,0.11357352736726915,0.045760547627264704,214160.6,192820.7,0.4483270965807903,0.4979444634315714,0.0,-0.03846150319251662,0.13636364252114097,-0.03846150319251662,0.0,-0.038461503192516594,0.13636364252114103,-0.038461503192516594,66.66668322352001,77.77778881568003,59.99998807907389,66.66664679845648,-33.33331677648,-40.00001192092611,0.00499999789255006,0.005952380242801848,-15.555521751973368,1.5685431787683235e-05,26.22727414894557,35.157462052696744,0.13670432265133628,-0.1600000262260437,SELL,0,2
0.125,0.13500000536441803,0.125,0.12999999523162842,1925693,0.0,0.0,FSG,2022-09-12 00:00:00+10:00,Telecommunication Services,0.039999961853027344,0.03922067647349922,0.004999995231628418,0.039999961853027344,0.12699999809265136,1.023622025071122,0.12649999856948851,1.0276679581163577,0.126749999076128,1.0256409954965635,0.12449999868869782,1.0441766795249765,0.1262449995428324,1.0297437181860185,0.1505100007727742,0.8637299486024861,0.03291729427126191,0.5225458468493408,0.037053021073439184,0.5881984745037337,0.052734834885812085,0.8371395512274722,0.050809894854247466,0.8065820755540754,66.66666666666666,54.545453313952784,60.0,0.0011942312735548355,0.0010384099355248923,0.00015582133802994323,0.13133045287820863,0.12166954426076838,0.7245688373082368,0.1348772773086005,0.11862272084365548,0.39988739926671585,0.13542647001012648,0.11357352736726915,0.5033643873794982,596754.6,280879.45,3.226942867302573,6.8559412231831125,0.039999961853027344,0.08333331781129005,0.08333331781129005,0.0,0.039999961853027344,0.08333331781129008,0.08333331781129008,0.0,66.666616996156,77.77776673989202,74.9999534338789,71.66663525005815,-33.333383003844,-25.0000465661211,0.004999998424734388,0.0059523805975914,120.31260695662893,97.12044631836918,59.61586431763855,58.91597031874213,0.13617023618638863,-0.1923076878990646,SELL,0,2
0.125,0.125,0.11999999731779099,0.11999999731779099,270000,0.0,0.0,FSG,2022-09-13 00:00:00+10:00,Telecommunication Services,-0.0769230636971937,-0.08004269334549638,-0.005000002682209015,-0.04000002145767212,0.12599999755620955,0.9523809495651623,0.12549999877810478,0.9561752867421275,0.12599999867379666,0.9523809411177918,0.12459999859333039,0.9630818513044058,0.12579499945044517,0.9539329690530581,0.15008500076830386,0.7995469014458207,0.050857704082643417,0.8073410235263329,0.03579323453646983,0.5681999832126446,0.04770739033872458,0.7573313432169044,0.04927581219706609,0.7822292683449609,39.99998807906323,41.666663562256275,50.0,0.0005909606292860414,0.0009489200742771221,-0.0003579594449910807,0.13117645869502215,0.1198235388611874,-0.968913995837849,0.13367771766597927,0.11832227968161403,-0.781482281666575,0.13525986162489748,0.11394013556176329,-0.4315253640611892,650754.6,273733.05,0.41490294498110347,0.9863624432636103,-0.04000002145767212,-0.0769230636971937,-0.11111116630059481,0.043478218616745945,-0.04000002145767212,-0.07692306369719372,-0.11111116630059482,0.043478218616745966,0.0,44.44443340655869,24.99997206032734,53.333304524426715,-100.0,-75.00002793967266,0.0053571414734636036,0.0059523805975914,-119.37990814412287,-103.27872351822712,56.147193868798844,55.22814210936537,0.1356468314507399,-0.1250000077610216,SELL,0,2
0.11249999701976776,0.11249999701976776,0.11249999701976776,0.11249999701976776,26615,0.0,0.0,FSG,2022-09-14 00:00:00+10:00,Telecommunication Services,-0.0625000038805108,-0.06453852527678271,0.0,0.0,0.12349999696016312,0.9109311723793517,0.12424999848008156,0.905432582663593,0.12487499825656415,0.9009008896130585,0.12434999853372573,0.9047044499100331,0.12526999935507774,0.8980601708225973,0.1496225007623434,0.7518922384438682,0.056094581983838696,0.8904738829641684,0.03879368351341919,0.6158306340999218,0.04939580075583298,0.7841340276649825,0.0485470001138593,0.7706597351969764,30.76921666161556,39.99999284743922,37.83782956545945,-0.0004867125275108686,0.000661793553919524,-0.0011485060814303925,0.13426387736362033,0.11423611959654277,-1.1733716372013367,0.13353145198331384,0.11621854452981445,-1.4295693857353893,0.13554447736108707,0.11315551970636438,-1.058557678004125,558684.0,275063.8,0.04763873674563796,0.09675937000797634,-0.10000002384185791,-0.10000002384185791,-0.1666667218561504,-0.10000002384185791,-0.10000002384185791,-0.10000002384185791,-0.1666667218561504,-0.10000002384185791,0.0,22.22220566538535,0.0,33.33330849806875,-100.0,-100.0,0.005535713263920375,0.005595237371467408,-271.0104087209636,-286.4865675412673,58.05586540649228,51.510709838144436,0.13513389480980417,-0.02222220161814692,HOLD,0,1
0.11500000208616257,0.11999999731779099,0.11500000208616257,0.11500000208616257,2542309,0.0,0.0,FSG,2022-09-15 00:00:00+10:00,Telecommunication Services,0.022222267845531718,0.021978951350272665,0.0,0.0,0.12049999833106995,0.9543568770034643,0.12324999868869782,0.9330629071780121,0.12462499849498272,0.9227683327979527,0.12404999867081642,0.9270455729010586,0.12476999931037426,0.9216959423081496,0.14923500079661609,0.7705967197526908,0.05177104922024736,0.8218399280979535,0.04003337352653788,0.6355101029650564,0.04336064559587486,0.6883289096033579,0.04830544014237939,0.7668250895295143,35.71428419375859,37.50000155220481,39.47367987639248,-0.0011260661632660068,0.0003042216104824178,-0.0014302877737484246,0.1348090243750873,0.11169097300230833,-0.7137276814125828,0.13412222607307145,0.115127770916894,-1.013453276725327,0.13542890984373668,0.11267108749789617,-0.7953306293655943,972126.2,396623.7,2.6152046925594643,6.4098766664725275,-0.11538456688971033,-0.07999998331069946,-0.0416666278615585,-0.11538456688971033,-0.11538456688971031,-0.07999998331069946,-0.041666627861558524,-0.11538456688971031,11.111129507599589,3.703709835866549,11.111129507599589,12.037033855975649,-88.88887049240041,-88.88887049240041,0.005714285054377147,0.005952380242801848,-139.76894063201428,-168.60021744345963,70.81496820296974,66.07330266400447,0.13463121690168717,-0.08695656680880426,SELL,0,2
0.11999999731779099,0.11999999731779099,0.10999999940395355,0.10999999940395355,121654,0.0,0.0,FSG,2022-09-16 00:00:00+10:00,Telecommunication Services,-0.043478283404402185,-0.04445178612998185,-0.009999997913837433,-0.08333331781129008,0.11749999821186066,0.9361702219400541,0.12174999862909316,0.9034907650312544,0.1238749984651804,0.8879919335367183,0.12364999875426293,0.8896077679916775,0.12431999929249286,0.8848133850544188,0.14881000082939863,0.7391976264422018,0.052189331800446305,0.8284799582076945,0.041456040847716785,0.6580942465463635,0.04310687647280525,0.6843004496629431,0.048671345069465737,0.7726336501728964,31.24999534338616,40.90909029334028,44.11764628540659,-0.00201301220395389,-0.0001592251524048439,-0.001853787051549046,0.13590195009264142,0.10759804716554491,-0.8302741325395696,0.13540014074604484,0.11234985618431595,-1.2038896113468327,0.13556851585935256,0.11173148164917329,-1.145276650606167,977254.2,401094.8,0.12448552280460909,0.30330485461292445,-0.12000000476837158,-0.12000000476837158,-0.12000000476837158,-0.1538461273943874,-0.12000000476837158,-0.12000000476837158,-0.12000000476837158,-0.15384612739438744,0.0,3.703709835866549,0.0,3.7037098358665346,-100.0,-100.0,0.005714285054377147,0.0057142845221928185,-160.35665014645068,-200.9750880961344,73.8858434966583,66.05531418511534,0.1341385925517325,0.0,HOLD,0,1
0.10999999940395355,0.10999999940395355,0.10999999940395355,0.10999999940395355,72174,0.0,0.0,FSG,2022-09-19 00:00:00+10:00,Telecommunication Services,0.0,0.0,0.0,0.0,0.11349999904632568,0.9691629984865147,0.12024999856948852,0.9147609206863164,0.12312499843537808,0.8934010217404131,0.123349998742342,0.8917713865058531,0.12376999922096729,0.8887452540705758,0.14838500086218118,0.7413148146025937,0.04196440449385773,0.6661642692460134,0.041456040847716785,0.6580942465463635,0.04310687647280525,0.6843004496629431,0.04838932220593709,0.7681566760073099,21.428574469625048,27.777775938127718,40.62499592546212,-0.0026849726380659966,-0.0006643746495370746,-0.0020205979885289218,0.13596446273614662,0.10453553440283042,-0.6522652670068594,0.1361911239145175,0.11005887295623867,-1.004505815620638,0.13586978012157094,0.11083021736311303,-1.0663124965214539,606550.4,403903.5,0.11899093628493196,0.17869119727855787,-0.1538461273943874,-0.12000000476837158,-0.12000000476837158,-0.12000000476837158,-0.15384612739438744,-0.12000000476837158,-0.12000000476837158,-0.12000000476837158,0.0,3.703709835866549,0.0,3.7037098358665346,-100.0,-100.0,0.004999999489103045,0.005476189156373342,-157.6683528978403,-206.8749954598019,73.15273939639383,65.38864983910392,0.1336558206887769,0.0,HOLD,0,1
0.10999999940395355,0.11999999731779099,0.10999999940395355,0.11999999731779099,38353,0.0,0.0,FSG,2022-09-20 00:00:00+10:00,Telecommunication Services,0.09090907243657687,0.08701136005649175,0.009999997913837433,0.09090907243657693,0.11349999904632568,1.0572687077187752,0.11974999830126762,1.0020876744891003,0.12287499830126762,0.9766022297194451,0.12304999858140946,0.97521331736058,0.12341999918222428,0.9722897270531998,0.14798500083386898,0.8108929732176402,0.06030063643714433,0.9572429274696231,0.05278008550871653,0.8378578825967278,0.048206758306300605,0.765258563946412,0.048786837375157724,0.7744670336881111,43.74999650754027,44.99999627470892,47.22221969270318,-0.002383118755562061,-0.0010081234707420722,-0.0013749952848199887,0.13510686210805434,0.10439313449448091,0.01627930153374701,0.13598134281713115,0.10976865378540408,-0.21935948501863495,0.13514190915535723,0.1109580880074617,-0.2522348511400467,560221.0,386377.7,0.06846048255956132,0.09926297506300182,0.0,-0.04000002145767212,-0.04000002145767212,-0.11111116630059481,0.0,-0.04000002145767212,-0.04000002145767212,-0.11111116630059482,39.99998211861083,13.333327372870295,39.99998211861083,13.333327372870281,-60.00001788138917,-60.00001788138917,0.00535714253783226,0.005952379533222744,-57.096258842209934,-89.02744365119582,76.68391147954603,65.54410086878552,0.13318270426308043,-0.1250000077610216,SELL,0,2
0.11999999731779099,0.11999999731779099,0.11999999731779099,0.11999999731779099,0,0.0,0.0,FSG,2022-09-21 00:00:00+10:00,Telecommunication Services,0.0,0.0,0.0,0.0,0.11499999910593033,1.0434782456585499,0.11924999803304673,1.006289302281887,0.12237499840557575,0.9805924321247913,0.12274999842047692,0.9775967320727299,0.12306999914348125,0.9750548318269581,0.14761000085622072,0.8129530290747493,0.04918927754294911,0.7808555732974659,0.05278008550871653,0.8378578825967278,0.047239014307691105,0.7498961042278361,0.048786837375157724,0.7744670336881111,35.71429027586517,44.99999627470892,47.22221969270318,-0.002119465499975659,-0.0012303918765887896,-0.0008890736233868695,0.13416642935252795,0.10433356671356549,0.05028007495095285,0.13509412877707275,0.10965586803407874,-0.18672668794299313,0.13436675279539675,0.11113324404555708,-0.23672714546010268,554898.0,384573.2,0.0,0.0,0.06666667108182556,-0.04000002145767212,-0.0769230636971937,-0.11111116630059481,0.06666667108182565,-0.04000002145767212,-0.07692306369719372,-0.11111116630059482,39.99998211861083,26.666654745740573,39.99998211861083,26.66665474574056,-60.00001788138917,-60.00001788138917,0.004999999489103045,0.005476189156373342,-11.513178068016384,-38.161123616298525,82.53009235974014,68.8119953594572,0.13271905016589788,-0.1250000077610216,SELL,0,2
0.11999999731779099,0.11999999731779099,0.11999999731779099,0.11999999731779099,0,0.0,0.0,FSG,2022-09-23 00:00:00+10:00,Telecommunication Services,0.0,0.0,0.0,0.0,0.115999998152256,1.0344827519762956,0.11824999824166298,1.0147991467412254,0.12212499827146531,0.9825997872364283,0.12254999846220016,0.9791921568632601,0.12276999905705452,0.977437470387401,0.1472600008547306,0.814885214051906,0.04925668642283356,0.7819256560914559,0.05064669308892855,0.803991327846712,0.04649371950313008,0.7380649159900545,0.048511868756184365,0.7701020421832089,50.0,44.99999627470892,44.11764628540659,-0.0018887461059979849,-0.0013620627224706287,-0.0005266833835273562,0.13117069465864767,0.10532930182467828,0.13544154429846178,0.13482342182168805,0.10942657472124256,-0.16734368209328218,0.13400042429930767,0.11109957262509265,-0.22269924111864553,46436.2,375241.7,0.0,0.0,0.043478218616745945,-0.0769230636971937,-0.04000002145767212,-0.0769230636971937,0.043478218616745966,-0.07692306369719372,-0.04000002145767212,-0.07692306369719372,39.99998211861083,39.99998211861083,39.99998211861083,39.99998211861083,-60.00001788138917,-60.00001788138917,0.004999999489103045,0.005238094145343417,-7.228934466649628,-33.084593922078255,82.52986575152592,68.65902817057315,0.132264669150659,-0.22499996429930047,SELL,0,2
0.11999999731779099,0.11999999731779099,0.11999999731779099,0.11999999731779099,0,0.0,0.0,FSG,2022-09-26 00:00:00+10:00,Telecommunication Services,0.0,0.0,0.0,0.0,0.1179999977350235,1.0169491493318383,0.11774999797344207,1.0191082750154814,0.12162499837577342,0.9866392511434053,0.12234999850392342,0.9807927975899642,0.12246999897062778,0.9798317818763991,0.14701000083237886,0.8162709791058043,0.040655773147927864,0.6453903906508484,0.04942269985465042,0.7845610376207587,0.045485986785723256,0.7220676550403637,0.048511868756184365,0.7701020421832089,71.42856534646678,44.99999627470892,46.87499738065447,-0.0016864588758901539,-0.001426941953154534,-0.0002595169227356199,0.1298720597914923,0.10562793615539184,0.18561193451419086,0.1337943072015016,0.10945568955004525,-0.1335327323230459,0.13361716278864802,0.1110828342191988,-0.2085707749303374,22105.4,361570.0,0.0,0.0,0.09090907243657687,-0.04000002145767212,-0.0769230636971937,-0.0769230636971937,0.09090907243657693,-0.04000002145767212,-0.07692306369719372,-0.07692306369719372,39.99998211861083,39.99998211861083,39.99998211861083,39.99998211861083,-60.00001788138917,-60.00001788138917,0.004999999489103045,0.004999999134313492,-2.583043659734665,-29.675825639914684,82.52986575152592,70.39817898171054,0.1318193757557249,-0.1666666356225801,SELL,0,2
0.10000000149011612,0.10499999672174454,0.0989999994635582,0.10000000149011612,5136782,0.0,0.0,FSG,2022-09-27 00:00:00+10:00,Telecommunication Services,-0.1666666356225801,-0.18232151954105144,0.0,0.0,0.115999998152256,0.8620689920948182,0.11474999859929085,0.8714597186124421,0.12062499858438969,0.8290155661237646,0.12184999853372575,0.8206811874719723,0.12201999902725219,0.8195377994371391,0.14661000080406666,0.6820817198122703,0.0934001943320415,1.4826821196461182,0.06884733242489849,1.0929175201588492,0.05630155621738898,0.8937594970628019,0.05367531527197046,0.8520692145157266,28.571425530374952,32.14285448193495,34.2105256966275,-0.00310419408783226,-0.0017623923800900796,-0.0013418017077421803,0.12817675200855821,0.10132324519002348,-1.098552766970013,0.13617415484761622,0.10507584232116315,-1.326438344635542,0.13473924416976538,0.10896075289768613,-1.695211470135603,1035027.0,598059.1,4.962944928006709,8.589087600205398,-0.09090907243657698,-0.23076919109158112,-0.1666666356225801,-0.19999998807907104,-0.09090907243657693,-0.23076919109158117,-0.16666663562258016,-0.19999998807907104,2.777782951791233,27.59258239633765,2.777782951791233,27.592582396337637,-97.22221704820876,-97.22221704820876,0.006499999335833958,0.0057619040211041766,-198.01727579977782,-241.9423056974819,48.50417806317075,43.60467811844597,0.13138298822868946,-0.05000002607703169,SELL,0,2
0.10000000149011612,0.10000000149011612,0.09799999743700027,0.09799999743700027,408202,0.0,0.0,FSG,2022-09-28 00:00:00+10:00,Telecommunication Services,-0.02000004023313462,-0.02020274837173929,-0.0020000040531158447,-0.020000040233134623,0.11159999817609786,0.878136192102462,0.11254999861121177,0.8707241105841996,0.11902499869465828,0.8233564252195905,0.12130999848246575,0.8078476519902461,0.12159999899566173,0.8059210382106712,0.1461500008031726,0.6705439404614284,0.07281634339911687,1.1559236160908575,0.0662572052368919,1.0518005257378944,0.05211264961033665,0.827262666177587,0.05372688980268401,0.8528879348092441,31.24999563442512,31.249995472736828,37.35631937819326,-0.00433912434543908,-0.00227773877315988,-0.0020613855722792,0.12901848560805754,0.09608151161436601,-0.8835056418357247,0.13692082213688214,0.10112917525243442,-1.174855201580224,0.13582092340374216,0.10679907356118934,-1.6063759665166184,1108996.8,618135.7,0.3680822162877296,0.660376030700055,-0.18333333643774197,-0.18333333643774197,-0.24615383821831627,-0.2160000205039978,-0.183333336437742,-0.183333336437742,-0.24615383821831624,-0.2160000205039978,0.0,14.259255023467373,0.0,14.25925502346736,-100.0,-100.0,0.006285713719470161,0.005380951932498387,-175.88406325919001,-214.8780513777753,49.27631205455124,43.89312530977804,0.13008766867808422,0.010204102578684093,HOLD,0,1
0.10000000149011612,0.10000000149011612,0.09799999743700027,0.10000000149011612,188314,0.0,0.0,FSG,2022-09-29 00:00:00+10:00,Telecommunication Services,0.020408205157367965,0.020202748371739212,0.0,0.0,0.1075999990105629,0.929368052134455,0.11129999905824661,0.8984726175764218,0.11777499876916409,0.8490766506914893,0.12090999856591225,0.8270614727995603,0.12129999905824661,0.82440232701154,0.1457500007748604,0.6861063530598935,0.07593729001786861,1.2054671077408077,0.06524283957829075,1.0356979701110371,0.052241485729298744,0.8293078761615256,0.05356636024201694,0.8503396070356469,35.29412151414198,28.260873555761606,31.012659481350866,-0.005097669103196575,-0.0028417248391672196,-0.002255944264029356,0.12958295812677223,0.09301703998972101,-0.6180617440414016,0.13732917313016332,0.09822082440816485,-0.9090129274136042,0.13662128376638336,0.10519871336544115,-1.33089030012447,1146659.6,612982.75,0.16422833768626713,0.3072092974883877,-0.1666666356225801,-0.11111107431811951,-0.19999998807907104,-0.1666666356225801,-0.16666663562258016,-0.11111107431811953,-0.19999998807907104,-0.16666663562258016,5.4054152016378385,2.7277327178097095,5.4054152016378385,2.7277327178096953,-94.59458479836216,-94.59458479836216,0.006071428635290691,0.004999999843892597,-135.51443032241116,-171.4447673285528,47.4905217484428,44.60045059977118,0.12816240840361917,-0.01000002011656731,HOLD,0,1
0.10000000149011612,0.10000000149011612,0.0989999994635582,0.0989999994635582,47698,0.0,0.0,FSG,2022-09-30 00:00:00+10:00,Telecommunication Services,-0.01000002011656731,-0.010050356173266608,-0.0010000020265579224,-0.010000020116567311,0.10339999943971634,0.9574468085106383,0.10969999879598617,0.9024612629911944,0.11647499874234199,0.8499678088218675,0.12048999860882759,0.8216449548228733,0.12088999904692173,0.8189262986521554,0.1452950007840991,0.6813723729604924,0.0749680818120013,1.1900814044525998,0.06428186817409358,1.0204430219957357,0.05219134518035739,0.828511919622931,0.053576621898945874,0.8505025057892874,8.000014305111335,30.000001146243093,32.666665275891546,-0.005713649697823758,-0.0034161098108985277,-0.0022975398869252307,0.12929704836880063,0.09010294922317173,-0.5460005238375937,0.1374146976076772,0.0955352998770068,-0.8345391875578945,0.13737918092773332,0.10360081628992185,-1.2724120528448266,1156199.2,592433.7,0.041254136830400856,0.08051196277321834,-0.1749999860301611,-0.13913045506396193,-0.20800000429153442,-0.1749999860301611,-0.17499998603016106,-0.13913045506396193,-0.20800000429153442,-0.17499998603016106,2.7027076008189193,2.7027076008189383,2.7027076008189193,2.702707600818924,-97.29729239918107,-97.29729239918107,0.005785714834928513,0.004809523976984478,-112.88072163548316,-146.06454538226285,47.97009326311949,45.794898614870526,0.12635266374562204,0.11111111111111116,BUY,0,0
0.09700000286102295,0.09700000286102295,0.09399999678134918,0.09399999678134918,34266,0.0,0.0,FSG,2022-10-03 00:00:00+11:00,Telecommunication Services,-0.05050507787173786,-0.05182509668694866,-0.003000006079673767,-0.030927896816374686,0.09819999933242798,0.9572301162970389,0.10809999853372573,0.8695651994113808,0.11492499858140945,0.8179247156114811,0.119769998639822,0.7848375874498456,0.12037999905645848,0.7808605874574146,0.1448150007799268,0.6491040035569214,0.07238902533064497,1.1491401520514508,0.06469058166562044,1.0269311475320777,0.05288778573683432,0.8395675707151954,0.05253885150436652,0.8340284114970333,6.66667825645537,22.307698832459863,30.624997555278185,-0.006530003372561766,-0.004038888523231175,-0.0024911148493305902,0.1300585437841746,0.08614145328327684,-0.6421191199853419,0.13771528853793813,0.09213470862488078,-0.9181542595541194,0.13801908032977572,0.1015209169498683,-1.4121259522148695,1163052.4,594143.15,0.02946212913536828,0.05767296988949548,-0.21666667597989264,-0.14545457008456408,-0.24800002574920654,-0.2769230751596258,-0.21666667597989261,-0.14545457008456408,-0.24800002574920654,-0.27692307515962583,0.0,2.7027076008189383,0.0,2.702707600818924,-100.0,-100.0,0.005428571786199298,0.004809523976984478,-122.72170853606063,-151.67937242893422,33.96844169358256,47.63787290628013,0.12465150376710474,0.1702127996857441,BUY,0,0
0.09399999678134918,0.09399999678134918,0.09399999678134918,0.09399999678134918,0,0.0,0.0,FSG,2022-10-04 00:00:00+11:00,Telecommunication Services,0.0,0.0,0.0,0.0,0.0969999983906746,0.9690721478443465,0.10649999827146531,0.8826290920845463,0.11337499842047691,0.8291069291373118,0.11924999862909318,0.7882599401423909,0.1199199990183115,0.7838558835127709,0.14433500077575445,0.6512626616976428,0.026196046779489616,0.415849350669264,0.06469058166562044,1.0269311475320777,0.05288778573683432,0.8395675707151954,0.051508415921833056,0.8176707537363003,6.66667825645537,26.363642151689163,30.624997555278185,-0.007095180714620744,-0.004650146961509089,-0.0024450337531116547,0.13011261151221584,0.08288738503071476,-0.5293781489862239,0.13746009881233387,0.08928989802861995,-0.8044393140947134,0.13890025724874835,0.099599740009438,-1.284970459497549,135696.0,593507.0,0.0,0.0,-0.060000046193599,-0.14545457008456408,-0.24800002574920654,-0.21666667597989264,-0.06000004619359901,-0.14545457008456408,-0.24800002574920654,-0.21666667597989261,0.0,0.9009025336063253,0.0,0.9009025336063111,-100.0,-100.0,0.004714286220925195,0.004809523976984478,-107.27459484090623,-136.2999058366711,35.196605441315086,47.637492477996226,0.12219938320824429,0.11702127996857437,BUY,0,0
0.09600000083446503,0.10249999910593033,0.09600000083446503,0.10249999910593033,499156,0.0,0.0,FSG,2022-10-05 00:00:00+11:00,Telecommunication Services,0.09042555974073885,0.08656804182679476,0.0064999982714653015,0.0677083147392196,0.0978999987244606,1.046986725652739,0.10474999845027924,0.9785202923375994,0.11224999837577343,0.9131403170519118,0.11889999866485595,0.86206896767802,0.11964499905705452,0.856701073289755,0.14394750073552132,0.7120651527966184,0.05181082184917964,0.8224712990088059,0.06460392467960828,1.02555551052595,0.057682885577181126,0.9156874208508944,0.05319525564127848,0.8444485041319716,27.272736069159947,41.07143308549073,37.28813516514906,-0.006779063851713216,-0.005075930339549915,-0.0017031335121633004,0.12643076216643845,0.08306923473412003,-0.10377860179675925,0.13615000822189996,0.0883499885296469,-0.40794959218074467,0.13911112940104237,0.09868886792866954,-0.8114340445862704,153886.8,618464.8,3.2436570258137802,0.8070887785367897,0.045918385577743415,-0.14583332169180085,-0.18000000715255737,-0.14583332169180085,0.045918385577743505,-0.14583332169180088,-0.18000000715255737,-0.14583332169180088,32.69231595848422,10.897438652828093,20.731708646742245,6.910569548914086,-67.30768404151578,-79.26829135325775,0.004785714937107903,0.005214285992440723,-51.8134665620729,-83.31074456811673,38.70298067974638,49.54489109229595,0.11994343229409268,0.07317073525310214,BUY,0,0
0.10249999910593033,0.10249999910593033,0.10249999910593033,0.10249999910593033,0,0.0,0.0,FSG,2022-10-06 00:00:00+11:00,Telecommunication Services,0.0,0.0,0.0,0.0,0.09839999824762344,1.0416666761313271,0.10299999862909318,0.9951456356328375,0.11112499833106995,0.922384707719468,0.11844999864697456,0.8653440293521555,0.11931999899446964,0.8590345287438453,0.14358500074595212,0.7138628587486354,0.05159578069302829,0.8190576264838841,0.06460392467960828,1.02555551052595,0.057682885577181126,0.9156874208508944,0.0528265381671118,0.8385952956878382,56.756744783591024,38.317756749040825,37.28813516514906,-0.006454139655968416,-0.005351572202833616,-0.0011025674531348001,0.12185028536207052,0.08414971189611584,-0.02652477016639387,0.13461267562832963,0.08763732103381029,-0.3672137996440335,0.13910385155130048,0.09779614574264862,-0.7722529842218212,116224.0,594116.4,0.0,0.0,0.024999975785613415,-0.14583332169180085,-0.18000000715255737,-0.18000000715255737,0.024999975785613422,-0.14583332169180088,-0.18000000715255737,-0.18000000715255737,32.69231595848422,21.79487730565617,20.731708646742245,13.821139097828167,-67.30768404151578,-79.26829135325775,0.004250000630106244,0.005214285992440723,-30.22170176151148,-61.60252032362397,11.116402267386022,49.54489109229595,0.1178679574530732,0.07317073525310214,BUY,0,0
0.10499999672174454,0.10499999672174454,0.10000000149011612,0.10000000149011612,4630956,0.0,0.0,FSG,2022-10-07 00:00:00+11:00,Telecommunication Services,-0.024390220854836775,-0.024692588966579474,-0.004999995231628418,-0.047619003692720735,0.09859999865293503,1.0141988119300995,0.10099999904632569,0.9900990340034469,0.10962499864399433,0.9122007090268228,0.11804999873042106,0.8470987087299856,0.11896999895572663,0.8405480572234855,0.14323500074446202,0.6981533910731835,0.053089993918747067,0.8427775260896172,0.06449232125891641,1.023783861146261,0.05663684172436764,0.8990819894808204,0.05264663464995109,0.8357394158894796,55.26316615022402,40.19608172555425,36.263736803568214,-0.006325447977304902,-0.0055463473577278734,-0.0007791006195770282,0.11559832454264717,0.08640167355000421,-0.06850083980258892,0.13183422974225883,0.08741576754572981,-0.433378225085439,0.13934601731015428,0.09675398015068785,-0.8475761407102916,1032875.6,801909.3,4.483556393432084,5.774912449575033,0.010101030626025631,-0.1666666356225801,-0.23076919109158112,-0.1666666356225801,0.010101030626025631,-0.16666663562258016,-0.23076919109158117,-0.16666663562258016,23.076940711433,29.487190876133834,14.634154762700875,18.699190685395127,-76.923059288567,-85.36584523729913,0.0038928575813770294,0.005214285637651171,-31.617490218837137,-60.38926372173433,6.564293444820009,38.1478551390774,0.11595852059933527,0.04999995157122683,HOLD,0,1
0.10499999672174454,0.10499999672174454,0.10000000149011612,0.10499999672174454,213507,0.0,0.0,FSG,2022-10-10 00:00:00+11:00,Telecommunication Services,0.04999995157122683,0.04879011804678982,0.0,0.0,0.1007999986410141,1.0416666481880439,0.09949999898672104,1.055276359708883,0.10862499848008156,0.9666282917462896,0.11774999871850014,0.8917197270869065,0.1186699988692999,0.8848065873615525,0.14291000071913004,0.7347281239477956,0.04631096565232875,0.7351637885478961,0.06773363836456525,1.0752381750373403,0.05785724400283093,0.9184552750504432,0.053162719018012325,0.8439320012499874,61.3636255880032,45.53571202868261,36.263736803568214,-0.005753676267825469,-0.005587813139747393,-0.0001658631280780764,0.10655533697269623,0.09244466100074586,0.7795512767717938,0.1296909960911668,0.0875590008689963,-0.17207833330568162,0.13935427842980996,0.09614571900719034,-0.5901609388107023,1068723.8,807783.95,0.19977752904913318,0.26431201065581955,0.11702127996857437,-0.1250000077610216,-0.1600000262260437,-0.1250000077610216,0.11702127996857441,-0.12500000776102163,-0.1600000262260437,-0.12500000776102163,42.307691205535434,32.69231595848424,26.829262530783613,20.731708646742252,-57.692308794464566,-73.17073746921639,0.0042500000979219165,0.005214285637651171,-15.165679350714562,-43.61509125316667,8.434347710150007,36.7700808905964,0.11420183869389638,0.04761907465063331,HOLD,0,1
0.10499999672174454,0.10499999672174454,0.10000000149011612,0.10499999672174454,197476,0.0,0.0,FSG,2022-10-11 00:00:00+11:00,Telecommunication Services,0.0,0.0,0.0,0.0,0.10299999862909318,1.0194174574686494,0.09999999850988388,1.0499999828636644,0.10737499855458736,0.9778812399086048,0.11744999870657921,0.8939974276548267,0.11836999878287316,0.887049064808615,0.1425600007176399,0.7365319598287023,0.04631096565232875,0.7351637885478961,0.040036108205731835,0.635553514651433,0.05682834884681745,0.9021220708026192,0.053162719018012325,0.8439320012499874,64.28570921729158,33.69565287812665,38.372091512186245,-0.005240138019454679,-0.005518278115688851,0.0002781400962341713,0.1078740067808982,0.09212599023886955,0.6350003758907102,0.12591620369487888,0.08883379341429584,-0.12809317489734015,0.13934142859146212,0.0955585688216963,-0.5687157965607358,1108219.0,721373.1,0.1781922165203809,0.27375015785867257,0.11702127996857437,0.04999995157122683,-0.1923076878990646,-0.1250000077610216,0.11702127996857441,0.049999951571226844,-0.19230768789906458,-0.12500000776102163,42.307691205535434,35.89744104083464,26.829262530783613,22.764226608089373,-57.692308794464566,-73.17073746921639,0.003892857049192701,0.005214285637651171,-8.55731799887313,-38.367351270471694,8.070392988470473,37.02447796945003,0.11258569134089261,0.0,HOLD,0,1
0.10499999672174454,0.10499999672174454,0.10499999672174454,0.10499999672174454,0,0.0,0.0,FSG,2022-10-12 00:00:00+11:00,Telecommunication Services,0.0,0.0,0.0,0.0,0.10349999815225601,1.0144927400605546,0.1006999984383583,1.0427010759689177,0.10662499852478505,0.9847596546258073,0.11714999869465828,0.8962867937832273,0.11811999879777431,0.888926496701954,0.1422100007161498,0.738344674727369,0.0272199667936958,0.4321035769893317,0.03910421118612644,0.6207601080830439,0.05454847961754144,0.8659302687881422,0.053162719018012325,0.8439320012499874,84.37501018634373,33.69565287812665,34.56790361929855,-0.004778076565381206,-0.005370237805627323,0.0005921612402461163,0.109015980184248,0.09238401669246861,0.5170764456657891,0.12420451655481861,0.08904548049475149,-0.09243722155887842,0.1393082885435847,0.09499170884573184,-0.5483276036080198,1008387.8,707873.1,0.0,0.0,0.024390220854836775,0.07142856599811886,-0.1250000077610216,-0.1250000077610216,0.02439022085483674,0.07142856599811896,-0.12500000776102163,-0.12500000776102163,42.307691205535434,42.307691205535434,35.4838670912696,29.71413071761228,-57.692308794464566,-64.5161329087304,0.003892857049192701,0.0047380949060122175,24.22036460954501,-19.58135453899153,8.070392988470473,26.40361384032302,0.11109883577612914,0.0,HOLD,0,1
0.10499999672174454,0.10999999940395355,0.10499999672174454,0.10999999940395355,47911,0.0,0.0,FSG,2022-10-13 00:00:00+11:00,Telecommunication Services,0.04761907465063331,0.04652004143776977,0.005000002682209015,0.04761907465063339,0.10499999821186065,1.047619059783261,0.10169999822974204,1.081612599003804,0.10649999864399433,1.0328638573194628,0.1170499986410141,0.9397693351652014,0.11791999883949757,0.9328358250213008,0.14186000067740678,0.7754123704968557,0.032748903470036686,0.5198727257506637,0.040995965001875766,0.6507907689124253,0.05401304520398002,0.857430510978127,0.05327709632349821,0.8457476846856593,88.09524823208348,40.19608172555425,43.42105508242743,-0.003962750977821172,-0.0050887404400660925,0.0011259894622449203,0.11184560525501339,0.0915543912044707,0.8180881788085546,0.12393861237157383,0.08906138491641483,0.200704070554869,0.13929286067332808,0.09480713660870013,-0.31695558003365126,1017970.0,708937.9,0.04706523767890999,0.06758137772010778,0.07317073525310214,0.09999997764825852,-0.02222220161814692,-0.043478283404402185,0.07317073525310204,0.09999997764825855,-0.02222220161814694,-0.04347828340440215,61.5384703557165,48.717950922262474,61.5384703557165,41.283866659256574,-38.4615296442835,-38.4615296442835,0.0042500000979219165,0.0044999998949822925,98.09287927981589,14.587846909150151,8.492306647778477,27.26126535480232,0.09399999678134918,-0.045454570084564105,HOLD,0,1
0.10999999940395355,0.10999999940395355,0.10999999940395355,0.10999999940395355,0,0.0,0.0,FSG,2022-10-14 00:00:00+11:00,Telecommunication Services,0.0,0.0,0.0,0.0,0.10699999779462814,1.028037398795872,0.10279999822378158,1.0700389231962684,0.10624999850988388,1.035294126556819,0.11684999868273735,0.94137784034228,0.11771999888122081,0.9344206630085282,0.14153500068932773,0.7771929124825162,0.02674732029384834,0.4246005464094827,0.040565068341711516,0.6439504964910479,0.053766940180160865,0.8535237148415522,0.0529153714718408,0.8400054806825558,80.00001192093322,40.19608172555425,48.17518454595408,-0.0032788035690169137,-0.004726753065856257,0.0014479494968393436,0.11397735719599607,0.09162263925156709,0.6441594296175218,0.12331488938020237,0.0891851076395654,0.21974947994494162,0.13916431213140099,0.09453568523407373,-0.30697781917166866,91778.8,581822.45,0.0,0.0,0.09999997764825852,0.11111111111111116,-0.043478283404402185,-0.08333331781129005,0.09999997764825855,0.1111111111111111,-0.04347828340440215,-0.08333331781129008,100.0,67.94872052041733,61.5384703557165,52.85360260090087,-0.0,-38.4615296442835,0.0042500000979219165,0.004142857023647853,170.15646148644873,31.420169242013596,8.492306647778477,27.317414766082905,0.09431999683380127,-0.09090907243657698,SELL,0,2
0.10999999940395355,0.11999999731779099,0.10499999672174454,0.11500000208616257,3796093,0.0,0.0,FSG,2022-10-17 00:00:00+11:00,Telecommunication Services,0.045454570084564105,0.04445178612998184,0.005000002682209015,0.04545457008456409,0.10899999886751174,1.0550459016604556,0.10489999875426292,1.0962822064045945,0.10649999864399433,1.0798122399098036,0.11674999877810478,0.9850107348157814,0.11756999894976616,0.9781407086283834,0.14121000066399575,0.8143899266724107,0.025500752652110395,0.4048118985747295,0.03532814335991281,0.5608168896718028,0.053727641654375984,0.8528998700848427,0.05331033444129526,0.8462753234480924,85.71429787850018,70.83332643465016,50.0,-0.002306721441384163,-0.004242746740961838,0.0019360252995776752,0.1166075479267887,0.09319244958173716,0.8626915149416099,0.12393861237157383,0.08906138491641483,0.48742426290028545,0.13905150446417075,0.09444849309203882,-0.07846988972747332,808296.0,765544.4,4.6964144323366686,4.958684303614525,0.09523814930126684,0.2234043194029136,0.045454570084564105,-0.0416666278615585,0.09523814930126678,0.2234043194029136,0.04545457008456409,-0.041666627861558524,80.76924950589756,80.76923995387138,80.76924950589756,67.94873007244352,-19.230750494102434,-19.230750494102434,0.0038214288651943207,0.0044999998949822925,176.8116084749638,65.4480784879622,50.57271238553447,33.435791239425726,0.09463359688520431,-0.1913043433191196,SELL,0,2
0.11500000208616257,0.11500000208616257,0.11500000208616257,0.11500000208616257,0,0.0,0.0,FSG,2022-10-18 00:00:00+11:00,Telecommunication Services,0.0,0.0,0.0,0.0,0.11099999994039536,1.0360360553866228,0.10699999928474427,1.0747663818214521,0.10674999877810479,1.0772834042387822,0.11664999887347222,0.9858551495649874,0.1174199990183115,0.979390249085494,0.14088500063866377,0.816268598962568,0.025500752652110395,0.4048118985747295,0.03532814335991281,0.5608168896718028,0.053727641654375984,0.8528998700848427,0.05331033444129526,0.8462753234480924,100.0,75.0,53.787880412775664,-0.00151883121100084,-0.0036979636349696384,0.0021791324239687983,0.11748808976184422,0.09651190880764432,0.7627701933813194,0.12453970593447529,0.08896029162173429,0.4637514960499756,0.13893685810820278,0.09436313963874164,-0.07403451378821416,768800.8,761935.7,0.0,0.0,0.09523814930126684,0.2234043194029136,0.045454570084564105,-0.0416666278615585,0.09523814930126678,0.2234043194029136,0.04545457008456409,-0.041666627861558524,80.76924950589756,87.17949967059839,80.76924950589756,74.35898978917055,-19.230750494102434,-19.230750494102434,0.003678571432828903,0.004023809518132891,158.08853679505285,79.51669338809928,52.608896170958936,33.728755736838124,0.09564825290250778,-0.1913043433191196,SELL,0,2
0.10999999940395355,0.10999999940395355,0.10000000149011612,0.10000000149011612,44700,0.0,0.0,FSG,2022-10-19 00:00:00+11:00,Telecommunication Services,-0.13043478542555031,-0.13976194561454156,-0.009999997913837433,-0.09090907243657693,0.11000000089406967,0.9090909152484137,0.10674999952316284,0.9367681680262482,0.10574999898672104,0.94562650069314,0.11624999895691872,0.8602150743001321,0.11716999903321267,0.8534608032365897,0.14046000063419342,0.7119464690203926,0.07257368065357386,1.1520714644278558,0.05209819353660677,0.8270331831214448,0.05747635244453797,0.912408809012081,0.05643828727403172,0.8959300352970565,40.00001192092611,50.0,43.82716236754409,-0.0020808109217982373,-0.0033745330923353584,0.001293722170537121,0.11781797259631795,0.09568202645000774,-0.6098675871753391,0.12262882405059791,0.08887117392284416,-0.34066337407043473,0.13900445594997468,0.09349554196386275,-0.7141456933804947,777740.8,762253.05,0.05747416105725712,0.05864194311849588,-0.04761900369272076,-0.024390220854836775,-0.1666666356225801,-0.1666666356225801,-0.047619003692720735,-0.02439022085483674,-0.16666663562258016,-0.16666663562258016,23.076940711433,61.538479907742726,23.076940711433,61.53847990774272,-76.923059288567,-76.923059288567,0.004607142614466804,0.004738095260801769,-8.108416463955091,-27.393254984387866,51.463653620521164,33.80007278522771,0.0966223226791191,0.04999995157122683,HOLD,0,1
0.10000000149011612,0.10999999940395355,0.10000000149011612,0.10000000149011612,123383,0.0,0.0,FSG,2022-10-20 00:00:00+11:00,Telecommunication Services,0.0,0.0,0.0,0.0,0.10800000131130219,0.9259259284809946,0.10649999976158142,0.938967152243975,0.1047499991953373,0.9546539595063538,0.11574999898672104,0.863930905965608,0.11681999899446964,0.8560178252941965,0.14003500062972307,0.7141071949186014,0.06639846344363302,1.0540429302519982,0.05209819353660677,0.8270331831214448,0.05747635244453797,0.912408809012081,0.05608627431160954,0.8903420027560154,40.00001192092611,51.086958634379954,35.9154978351344,-0.0024973954710349605,-0.003199105568075279,0.0007017100970403184,0.11809501850000614,0.0949049810231567,-0.5605854046552736,0.1203991123090717,0.0891008860816029,-0.30353143150664275,0.13881623013195468,0.09268376784148741,-0.6828162519241672,792835.2,768422.2,0.15562250515617876,0.16056667805797387,-0.09090907243657698,-0.024390220854836775,-0.1666666356225801,-0.19999998807907104,-0.09090907243657693,-0.02439022085483674,-0.16666663562258016,-0.19999998807907104,23.076940711433,42.30771030958787,23.076940711433,42.30771030958786,-76.923059288567,-76.923059288567,0.005249999463558197,0.004738095260801769,-12.81751204307824,-23.253884755493313,51.463653620521164,33.61089087020885,0.09755742966466598,0.0,HOLD,0,1
0.10000000149011612,0.10000000149011612,0.10000000149011612,0.10000000149011612,0,0.0,0.0,FSG,2022-10-21 00:00:00+11:00,Telecommunication Services,0.0,0.0,0.0,0.0,0.1060000017285347,0.9433962250888963,0.10649999976158142,0.938967152243975,0.10374999940395355,0.9638554415866866,0.11534999907016755,0.8669267645965563,0.1165699990093708,0.8578536702404651,0.13966000065207482,0.7160246385737826,0.06639846344363302,1.0540429302519982,0.05145758627176071,0.8168638580563811,0.05747635244453797,0.912408809012081,0.05583060394964091,0.8862833615837421,40.00001192092611,57.317078711020514,35.9154978351344,-0.002795319029883836,-0.003118348260436991,0.000323029230553155,0.11809501850000614,0.0949049810231567,-0.5605854046552736,0.11776690697438104,0.08973309183352605,-0.2675338975444965,0.13880577582597226,0.09189422231436284,-0.6544229057028645,792835.2,768422.2,0.0,0.0,-0.09090907243657698,0.0,-0.1666666356225801,-0.1666666356225801,-0.09090907243657693,0.0,-0.16666663562258016,-0.16666663562258016,23.076940711433,23.076940711433,23.076940711433,23.076940711433,-76.923059288567,-76.923059288567,0.004892856414828982,0.004738095260801769,-73.01844875413255,-54.63915145883432,51.63408041693973,33.61089087020885,0.09845513237079098,0.0,HOLD,0,1
0.10499999672174454,0.10499999672174454,0.10499999672174454,0.10499999672174454,135900,0.0,0.0,FSG,2022-10-24 00:00:00+11:00,Telecommunication Services,0.04999995157122683,0.04879011804678982,0.0,0.0,0.1040000006556511,1.0096153467287416,0.10649999976158142,0.9859154643831465,0.10299999937415123,1.0194174500946183,0.11524999901652336,0.9110628860542612,0.1163449990004301,0.9024882687167015,0.13928500059992074,0.7538499929604358,0.0674893989947679,1.0713609952402106,0.05145758627176071,0.8168638580563811,0.05888549660276711,0.9347782790367635,0.05504892782805162,0.8738746378426056,39.99999403953517,61.95652261939759,40.13157920535249,-0.0025980194175713317,-0.0030142824918638596,0.0004162630742925279,0.11809501850000614,0.0949049810231567,-0.1293661591823069,0.11478312848166626,0.0912168702666362,0.16973397552928016,0.13884111629343587,0.09165888173961083,-0.4344856657047776,60796.6,775217.2,2.235322370000954,0.1753057078712908,-0.08695656680880426,0.0,-0.1250000077610216,-0.045454570084564105,-0.0869565668088043,0.0,-0.12500000776102163,-0.04545457008456409,37.49998835846611,27.88462326044406,42.307691205535434,29.48719087613382,-62.50001164153389,-57.692308794464566,0.005249998931373868,0.0049761902718316944,-5.909991241537949,15.445288483398732,52.32613344536867,34.21046316126228,0.09931692696867098,-0.023809501846360326,HOLD,0,1
0.10499999672174454,0.10499999672174454,0.10499999672174454,0.10499999672174454,0,0.0,0.0,FSG,2022-10-25 00:00:00+11:00,Telecommunication Services,0.0,0.0,0.0,0.0,0.10199999958276748,1.0294117367769469,0.10649999976158142,0.9859154643831465,0.10324999913573266,1.0169491293042174,0.11494999900460243,0.9134406057501618,0.11614499896764756,0.9040423406520716,0.1389100005477667,0.7558850788834199,0.0674893989947679,1.0713609952402106,0.05145758627176071,0.8168638580563811,0.04492725163088896,0.7131980094297194,0.053484088407063375,0.8490335821444944,39.99999403953517,53.33333068423758,40.13157920535249,-0.0024138328903456213,-0.002894192571560212,0.0004803596812145909,0.11809501850000614,0.0949049810231567,-0.1293661591823069,0.11497716175214634,0.09152283651931897,0.14922600148500828,0.1386756847995431,0.09122431320966176,-0.4193768040618518,60796.6,518378.1,0.0,0.0,-0.08695656680880426,0.0,0.04999995157122683,-0.1250000077610216,-0.0869565668088043,0.0,0.049999951571226844,-0.12500000776102163,24.99998137354462,28.525636814481263,42.307691205535434,35.89744104083463,-75.00001862645537,-57.692308794464566,0.0046428559081895015,0.0049761902718316944,-12.706315839858794,31.672274700447428,49.805382943234356,34.21046316126228,0.10014424978263578,-0.04761900369272076,HOLD,0,1
0.10499999672174454,0.10499999672174454,0.10499999672174454,0.10499999672174454,0,0.0,0.0,FSG,2022-10-26 00:00:00+11:00,Telecommunication Services,0.0,0.0,0.0,0.0,0.10299999862909318,1.0194174574686494,0.10649999976158142,0.9859154643831465,0.10359999909996986,1.0135134906750698,0.11434999883174896,0.9182334743722934,0.115944998934865,0.9056017739991606,0.13856000054627657,0.7577944306277367,0.022360658116992494,0.35496444317579984,0.05145758627176071,0.8168638580563811,0.04459970765820546,0.7079984100587673,0.05028955514516409,0.7983219387490376,24.999981373544628,53.33333068423758,54.46428072505846,-0.00224201913949533,-0.002763757885147236,0.000521738745651906,0.11809501850000614,0.0949049810231567,-0.1293661591823069,0.11508271016456044,0.09211728803537929,0.12192221975277846,0.13751687317531938,0.09118312448817853,-0.40359359537853906,51856.6,497968.0,0.0,0.0,0.04999995157122683,0.0,0.07142856599811886,-0.22222227741170597,0.049999951571226844,0.0,0.07142856599811896,-0.22222227741170594,24.99998137354462,29.166650368518475,42.307691205535434,42.307691205535434,-75.00001862645537,-57.692308794464566,0.0046428559081895015,0.003976190374011085,-16.66670898798679,28.699964645797426,49.805382943234356,51.01793011149335,0.10093847968404199,-0.04761900369272076,HOLD,0,1
0.10999999940395355,0.10999999940395355,0.10999999940395355,0.10999999940395355,74151,0.0,0.0,FSG,2022-10-27 00:00:00+11:00,Telecommunication Services,0.04761907465063331,0.04652004143776977,0.0,0.0,0.10499999821186065,1.047619059783261,0.10649999976158142,1.0328638464808215,0.10409999899566173,1.0566762772835157,0.11384999871253967,0.9661835805698425,0.11579499892890453,0.9499546648943883,0.13823500055819748,0.7957463664033706,0.026747320293848333,0.4246005464094826,0.05145758627176071,0.8168638580563811,0.045518404673611484,0.7225822730566571,0.0508097631131871,0.8065799842295763,39.99999403953517,62.499997671693514,60.16949184647714,-0.0016829965379464157,-0.002547605615707072,0.0008646090777606561,0.11809501850000614,0.0949049810231567,0.3018537288580213,0.11579165258004984,0.09240834541127363,0.5046335290133898,0.13626468875384262,0.09143530867123671,-0.171762326469464,42010.2,492259.85,1.765071339817473,0.15063385730117945,0.09999997764825852,0.0,0.09999997764825852,-0.18518522197817433,0.09999997764825855,0.0,0.09999997764825855,-0.18518522197817433,50.0,33.33332091569644,61.5384703557165,48.71795092226247,-50.0,-38.4615296442835,0.004642856440373829,0.004119047451586951,67.96116458971481,102.79535012377457,99.04668876774238,53.406846909734746,0.10170094038939195,-0.15454542991543596,SELL,0,2
0.10999999940395355,0.10999999940395355,0.10499999672174454,0.10499999672174454,143608,0.0,0.0,FSG,2022-10-28 00:00:00+11:00,Telecommunication Services,-0.045454570084564105,-0.046520041437769874,-0.005000002682209015,-0.04545457008456409,0.10599999725818635,0.9905660324310567,0.10599999949336052,0.9905660115434376,0.10439999885857106,1.0057471060319292,0.11354999870061874,0.9247027558193393,0.11559499889612197,0.9083437668103747,0.13786000050604344,0.7616422191812019,0.03965306820556341,0.6294729431556182,0.05354681560679258,0.8500293455700321,0.04683698820594214,0.7435141377131291,0.048759789413852714,0.774037660613605,66.66665010982155,50.0,54.03225380039656,-0.0016246970323171156,-0.002363023899029081,0.0007383268667119653,0.11735292457734273,0.0946470744093783,-0.0880832705420455,0.11584598302335158,0.09295401469379053,0.052419945243300674,0.13603014793067578,0.09106984947056171,-0.3803356415197834,70731.8,497055.35,2.0303173395841756,0.28891752196209136,0.04999995157122683,-0.045454570084564105,0.06060603323937319,-0.1250000077610216,0.049999951571226844,-0.04545457008456409,0.06060603323937323,-0.12500000776102163,24.99998137354462,33.33332091569644,42.307691205535434,48.71795092226247,-75.00001862645537,-57.692308794464566,0.004642856972558158,0.0042619045291628155,-2.4835264493077107e-05,41.34501369990625,95.82709830030237,51.75677297036922,0.10243290266652791,-0.11428566562885989,SELL,0,2
0.10499999672174454,0.10999999940395355,0.10499999672174454,0.10999999940395355,73000,0.0,0.0,FSG,2022-10-31 00:00:00+11:00,Telecommunication Services,0.04761907465063331,0.04652004143776977,0.005000002682209015,0.04761907465063339,0.10699999779462814,1.028037398795872,0.10549999922513961,1.0426540304442167,0.10519999898970127,1.045627380801802,0.11324999868869781,0.9713024342395105,0.11539499893784523,0.9532475446635468,0.13751000046730041,0.799941815359904,0.03906913593494439,0.620203305732239,0.05376962065432082,0.85356626604969,0.045956212453571274,0.7295322561035944,0.04887436461849189,0.7758564856009427,74.99999068677579,55.55555739520471,58.33333239260356,-0.0011616451027468139,-0.0021227481397726278,0.0009611030370258139,0.11544428832542775,0.09555571012485148,0.4525210533836506,0.11578996532166741,0.09461003265773513,0.45325927050054315,0.1355057011088241,0.09099429626857154,-0.14602995777860603,58151.8,498992.05,1.2553351744915893,0.14629491592100516,0.04761907465063331,-0.043478283404402185,0.1702127996857441,-0.12000000476837158,0.04761907465063339,-0.04347828340440215,0.17021279968574402,-0.12000000476837158,50.0,41.66666045784823,61.5384703557165,55.12821063898948,-50.0,-38.4615296442835,0.004642857504742486,0.004452380750860486,26.73609975522892,63.63636758038656,95.89504488915456,52.12650235477445,0.10313558645257843,-0.10909092756342309,SELL,0,2
0.10999999940395355,0.10999999940395355,0.10999999940395355,0.10999999940395355,63125,0.0,0.0,FSG,2022-11-01 00:00:00+11:00,Telecommunication Services,0.0,0.0,0.0,0.0,0.10799999833106995,1.018518528738794,0.10499999895691872,1.047619052349575,0.1059999991208315,1.0377358520405493,0.11294999867677688,0.973882254914715,0.11534499891102314,0.9536607606958954,0.1371600004285574,0.8019830785962218,0.03906913593494439,0.620203305732239,0.05376962065432082,0.85356626604969,0.045956212453571274,0.7295322561035944,0.04887436461849189,0.7758564856009427,74.99999068677579,55.55555739520471,63.11475529974416,-0.0007856170086077419,-0.0018553219135396504,0.0010697049049319086,0.11316496306285927,0.09683503485097818,0.6123726181964476,0.1153752188448128,0.09662477939685019,0.4266566972174819,0.13496228563394824,0.09093771171960553,-0.1340160283464891,70776.8,502148.3,0.8918883023815714,0.12570987495128433,0.04761907465063331,-0.043478283404402185,0.1702127996857441,-0.12000000476837158,0.04761907465063339,-0.04347828340440215,0.17021279968574402,-0.12000000476837158,50.0,41.66666045784823,61.5384703557165,55.12821063898948,-50.0,-38.4615296442835,0.004642857504742486,0.004214285385041009,52.380953394636634,83.70508445061645,95.95290536193937,52.61135493339639,0.10381016288718693,-0.15454542991543596,SELL,0,2
0.10499999672174454,0.10999999940395355,0.10499999672174454,0.10499999672174454,202032,0.0,0.0,FSG,2022-11-02 00:00:00+11:00,Telecommunication Services,-0.045454570084564105,-0.046520041437769874,0.0,0.0,0.10799999833106995,0.9722222068918092,0.10549999848008156,0.9952606467721284,0.1061249990016222,0.9893992717035459,0.11254999861121177,0.9329186851832165,0.11543499886989593,0.909602787280204,0.13678500037640334,0.7676280033103542,0.046539339166712254,0.7387891056984516,0.03475664602205921,0.5517446506864263,0.04323652615297867,0.6863585745307307,0.049270050967364414,0.7821378116587416,50.0,44.44444260479529,58.33333239260356,-0.0008809158153860186,-0.0016604406939089243,0.0007795248785229057,0.1128786453754821,0.09812135158468101,-0.06776334000325888,0.11536948576186365,0.09688051224138075,-0.12169440111224514,0.1343947654451601,0.09070523177726345,-0.3456206214906351,111183.2,487292.1,1.8171090596421042,0.4146014269469996,0.0,0.04999995157122683,0.024390220854836775,-0.1600000262260437,0.0,0.049999951571226844,0.02439022085483674,-0.1600000262260437,24.99998137354462,41.666660457848224,37.49998835846611,53.5256430232997,-75.00001862645537,-62.50001164153389,0.004642857504742486,0.004452380750860486,-12.027517534925659,13.458393800479286,91.84908922901435,51.5388563867675,0.10445775626441109,-0.09523807834335418,SELL,0,2
0.10499999672174454,0.10499999672174454,0.10499999672174454,0.10499999672174454,0,0.0,0.0,FSG,2022-11-03 00:00:00+11:00,Telecommunication Services,0.0,0.0,0.0,0.0,0.10699999779462814,0.9813084008027521,0.1059999980032444,0.9905660254685169,0.1062499988824129,0.9882352736581979,0.1120499986410141,0.9370816420814393,0.11552499882876872,0.9088941595868409,0.13638500034809112,0.7698793595612154,0.038810456706951504,0.6160969002925949,0.03475664602205921,0.5517446506864263,0.04323652615297867,0.6863585745307307,0.04889333531547858,0.7761576360794886,50.0,44.44444260479529,52.17391078999471,-0.0009455411960198751,-0.0015174607943311143,0.0005719195983112393,0.11232455357490627,0.09967544243158254,-0.15811407934820332,0.11535465413954533,0.09714534362528048,-0.13729264045326012,0.1334034377156155,0.0906965595664127,-0.3301576806733256,96353.0,487292.1,0.0,0.0,-0.045454570084564105,0.04999995157122683,0.024390220854836775,-0.1923076878990646,-0.04545457008456409,0.049999951571226844,0.02439022085483674,-0.19230768789906458,24.99998137354462,33.33332091569643,24.99998137354462,41.346146695909084,-75.00001862645537,-75.00001862645537,0.004642857504742486,0.004047618735404242,-40.143405758037005,-26.691308603155534,91.84908922901435,49.12883109128468,0.11999999731779099,-0.11428566562885989,SELL,0,2
0.0989999994635582,0.0989999994635582,0.09300000220537186,0.09300000220537186,20000,0.0,0.0,FSG,2022-11-04 00:00:00+11:00,Telecommunication Services,-0.11428566562885989,-0.12136080206911075,-0.00599999725818634,-0.06060603323937323,0.1045999988913536,0.8891013689394922,0.10529999807476997,0.8831909202822178,0.1058999989181757,0.878186998634711,0.11140999868512154,0.8347545400141156,0.11546499885618687,0.8054389046606629,0.13592500034719707,0.6842008605320532,0.06099318943286436,0.9682368654480709,0.051498777011492206,0.817517740778271,0.050243392031147346,0.7975891220324418,0.051138417939161275,0.8117972178498296,31.25001164153028,28.846154397232283,43.165469785376104,-0.001942662738323761,-0.001602501183129644,-0.0003401615551941171,0.11514546947009463,0.09545452667944532,-1.2493049215743042,0.1164411463135961,0.09535885152275529,-1.2237753850599074,0.13309483679212264,0.08972516057812045,-0.8489801209908916,71631.4,256744.3,0.27920716333898266,0.07789851615011512,-0.11428566562885989,-0.06999999180436145,-0.06999999180436145,-0.25599998235702515,-0.11428566562885989,-0.06999999180436146,-0.06999999180436146,-0.25599998235702515,0.0,16.66665424902977,0.0,20.833323244003584,-100.0,-100.0,0.00442857135619436,0.004619047045707703,-214.0892943097024,-214.54132881202105,46.21332766671678,49.03631488006771,0.11969999730587005,0.04301075871824067,HOLD,0,1
0.09700000286102295,0.10000000149011612,0.09700000286102295,0.10000000149011612,39553,0.0,0.0,FSG,2022-11-07 00:00:00+11:00,Telecommunication Services,0.0752688077284791,0.07257068402232096,0.00299999862909317,0.030927820006267703,0.10259999930858613,0.9746588904874152,0.10479999855160713,0.9541985006886491,0.10564999915659427,0.9465215550252515,0.11080999881029129,0.9024456507875063,0.11546499885618687,0.8660633307126032,0.13555000036954878,0.7377351620618737,0.06958024198274208,1.104552098700188,0.05504914019329735,0.8738780090363695,0.051919274295527555,0.8241929282214848,0.052001645643053804,0.8255005328257552,35.29412151414198,37.28813516514906,50.0,-0.0021433402118492123,-0.001710668988873558,-0.00043267122297565436,0.11520512353874149,0.09439487356447276,-0.46131085089569496,0.11651326379179688,0.09478673452139166,-0.5201012638658578,0.13205097685678982,0.08956902076379275,-0.5089218253750389,64942.0,248046.6,0.6090511533368236,0.15945794056439394,-0.09090907243657698,-0.04761900369272076,-0.04761900369272076,-0.23076919109158112,-0.09090907243657693,-0.047619003692720735,-0.047619003692720735,-0.23076919109158117,41.17647316629129,22.058818179945323,25.92592796998133,16.975303114508655,-58.82352683370871,-74.07407203001867,0.004928571305104664,0.004714285333951314,-117.82432745639449,-128.955293142474,48.703419919275504,91.99582329740629,0.11863199750185012,-0.02999998584389707,HOLD,0,1
0.10000000149011612,0.10000000149011612,0.0949999988079071,0.0949999988079071,89168,0.0,0.0,FSG,2022-11-08 00:00:00+11:00,Telecommunication Services,-0.05000002607703169,-0.051293321837057954,-0.005000002682209015,-0.0500000260770317,0.09959999918937683,0.9538152568382716,0.10379999876022339,0.9152215794082602,0.1051499992609024,0.9034712265873563,0.11030999884009361,0.8612093174402076,0.11542499884963035,0.8230452653646385,0.13515000037848948,0.7029226677163024,0.07013596249939526,1.1133738884133118,0.05693738686051114,0.9038529956087349,0.05305477162651661,0.8422183895345327,0.05136516822707706,0.8153967670790544,35.29412151414198,44.8979567011811,43.243245420183996,-0.0026750012359915143,-0.0019035354382971493,-0.000771465797694365,0.11590325651039661,0.09169674101005017,-0.7270769683633599,0.11701369859863443,0.09328629992317038,-0.8555510523360635,0.13184297231468267,0.08877702536550455,-0.711002595635654,70150.6,242631.2,1.27109390368721,0.36750426161186195,-0.13636364252114097,-0.09523807834335418,-0.09523807834335418,-0.20833332557231166,-0.13636364252114103,-0.09523807834335413,-0.09523807834335413,-0.2083333255723117,11.764687835960979,17.647053667417442,7.407396165102688,11.111108045028011,-88.23531216403902,-92.59260383489732,0.004214285739830562,0.004714285688740867,-131.80010145679842,-155.36790018652246,46.50385244323684,90.16167935981615,0.117606717689991,0.03157893333408612,HOLD,0,1
0.0989999994635582,0.0989999994635582,0.0989999994635582,0.0989999994635582,5101,0.0,0.0,FSG,2022-11-09 00:00:00+11:00,Telecommunication Services,0.04210527058783664,0.0412429656637913,0.0,0.0,0.09839999973773957,1.0060975582054652,0.10319999903440476,0.9593023293590695,0.10484999939799308,0.9442060088886671,0.1096899989247322,0.9025435357282724,0.11546499885618687,0.8574026799832559,0.1347950003668666,0.734448601165574,0.07509880709757406,1.1921566040267602,0.05914720225359854,0.9389327274495651,0.054031639224570195,0.8577256819042534,0.05026482549124796,0.7979293676634128,33.33333333333333,49.05660191690776,46.153848358159685,-0.0027419720574642925,-0.002071222762130578,-0.0006707492953337145,0.11562935335403496,0.09077064471477456,-0.3379097146030605,0.11702892829201808,0.09267107050396808,-0.48033780189856445,0.13068746180314952,0.0886925360463149,-0.5091091015649301,30764.4,242886.25,0.1658085319395145,0.021001600543464276,-0.05714283281442989,-0.05714283281442989,-0.05714283281442989,-0.2384615146549487,-0.057142832814429945,-0.057142832814429945,-0.057142832814429945,-0.2384615146549487,35.29410733483485,29.411756112362394,22.222216090056012,18.518513408380016,-64.70589266516515,-77.77778390994399,0.0037857145071029663,0.0046666668994086126,-75.96900769455657,-105.37633814209659,46.80710171878928,90.17106918067749,0.11662244907060623,0.010101030626025631,HOLD,0,1
0.0989999994635582,0.0989999994635582,0.0989999994635582,0.0989999994635582,0,0.0,0.0,FSG,2022-11-10 00:00:00+11:00,Telecommunication Services,0.0,0.0,0.0,0.0,0.09720000028610229,1.0185185100016225,0.10209999904036522,0.969637614045604,0.10429999940097331,0.9491850434529757,0.10916999891400338,0.9068425432663382,0.1154949988424778,0.8571799684467989,0.13436500035226345,0.7367990116772287,0.07509880709757406,1.1921566040267602,0.0563576289521967,0.894649624132597,0.052788255298266494,0.8379875739852054,0.050022695148778544,0.794085667637191,33.33333333333333,49.05660191690776,46.153848358159685,-0.0027631945294732813,-0.002209617115599119,-0.0005535774138741623,0.113779038219014,0.09042095986171644,-0.2654327577284215,0.11649318099013001,0.09210681781181662,-0.434669154942166,0.12990605581741974,0.08843394201058702,-0.4904500165009495,30764.4,240490.7,0.0,0.0,-0.05714283281442989,-0.09999999999999998,-0.09999999999999998,-0.20800000429153442,-0.057142832814429945,-0.1,-0.1,-0.20800000429153442,35.29410733483485,27.450967501876914,22.222216090056012,17.283942781738244,-64.70589266516515,-77.77778390994399,0.0037857145071029663,0.0046666668994086126,-73.16545675396176,-94.10498046989939,46.80710171878928,90.17106918067749,0.11567755119599686,0.0,HOLD,0,1
0.0989999994635582,0.10999999940395355,0.0989999994635582,0.10999999940395355,504687,0.0,0.0,FSG,2022-11-11 00:00:00+11:00,Telecommunication Services,0.11111111111111116,0.10536051565782635,0.010999999940395355,0.1111111111111111,0.10059999972581864,1.0934393608723085,0.10259999930858613,1.0721247577508333,0.10429999940097331,1.054650048281084,0.10886999890208245,1.010379356234654,0.11568499885499478,0.9508579374395199,0.13401500031352043,0.8208036350155942,0.0630724546473099,1.0012441774510927,0.06602896531793623,1.048177329349009,0.05873024987523321,0.9323138136392957,0.052578547623732264,0.83465856785617,56.41026032903676,54.2372898478781,50.0,-0.0018708395532724548,-0.002141861603133786,0.0002710220498613313,0.11522096806551174,0.08997903055166051,0.5863258389976409,0.11649318099013001,0.09210681781181662,0.46747437994765906,0.12909910432455227,0.08864089347961264,0.055860132134955394,127701.8,265725.05,3.9520742855621456,1.89928273604615,0.18279566446719664,0.04761907465063331,0.0,-0.12000000476837158,0.18279566446719658,0.04761907465063339,0.0,-0.12000000476837158,100.0,56.86273822322325,62.962963984990665,35.80246538836757,-0.0,-37.037036015009335,0.00421428627201489,0.004952381054560344,41.406893909035816,24.067309772206364,63.117232146543486,90.99596317801839,0.11477044923637186,-0.10909092756342309,SELL,0,2
0.10999999940395355,0.10999999940395355,0.10999999940395355,0.10999999940395355,0,0.0,0.0,FSG,2022-11-14 00:00:00+11:00,Telecommunication Services,0.0,0.0,0.0,0.0,0.10259999930858613,1.0721247577508333,0.10259999930858613,1.0721247577508333,0.10404999926686287,1.0571840478521328,0.10856999889016151,1.0131712308041814,0.11582499884068966,0.9497086164900547,0.1336650002747774,0.8229528984986697,0.06018266406896296,0.9553701741829115,0.0644430178329695,1.0230011935232273,0.05781944264861599,0.917855197155598,0.052578547623732264,0.83465856785617,56.41026032903676,54.2372898478781,50.0,-0.0011503809302857992,-0.0019435654685641887,0.0007931845382783895,0.11522096806551174,0.08997903055166051,0.5863258389976409,0.1155019575755542,0.09259804095817153,0.5195618056498683,0.12826047025448223,0.08887952752584079,0.07262398585252806,119791.2,75920.4,0.0,0.0,0.09999997764825852,0.0,-0.043478283404402185,-0.12000000476837158,0.09999997764825855,0.0,-0.04347828340440215,-0.12000000476837158,100.0,78.43136911161163,62.962963984990665,49.38271468667912,-0.0,-37.037036015009335,0.00421428627201489,0.004952381054560344,87.98393521132589,83.2114356903206,63.117232146543486,90.99596317801839,0.11389963135513187,-0.10909092756342309,SELL,0,2
0.11500000208616257,0.11500000208616257,0.10499999672174454,0.10499999672174454,61397,0.0,0.0,FSG,2022-11-15 00:00:00+11:00,Telecommunication Services,-0.045454570084564105,-0.046520041437769874,-0.01000000536441803,-0.0869565668088043,0.1045999988913536,1.0038240710767732,0.10209999904036522,1.0284035035125985,0.10354999899864196,1.01400287529816,0.10816999882459641,0.9706942577674221,0.11593499884009362,0.9056798876288301,0.13329000022262336,0.7877559947960961,0.058868771765492246,0.9345127804758796,0.0661698467746283,1.0504137531414954,0.05868173003706615,0.9315435850866368,0.0529498025668905,0.8405520573717706,68.74998835846972,50.0,44.04761630222391,-0.0009716699048139127,-0.0017491863558141334,0.0007775164510002207,0.113779038219014,0.09042095986171644,0.24830789905054793,0.11379900240386406,0.09330099559341987,0.14147694812587977,0.1273028418185166,0.08903715583067623,-0.16568379847465425,114237.0,78990.25,0.53745283927274,0.7772731444703619,0.10526313725600911,-0.045454570084564105,-0.08695656680880426,-0.1600000262260437,0.10526313725600916,-0.04545457008456409,-0.0869565668088043,-0.1600000262260437,54.54542991543591,84.84847663847866,54.54542991543591,60.15711929513909,-45.45457008456409,-45.45457008456409,0.004928572369473321,0.004714286043530419,57.65503978805699,62.93037963280689,60.010572879577985,61.915754930372835,0.09300000220537186,-0.05714283281442989,SELL,0,2
0.10000000149011612,0.10999999940395355,0.10000000149011612,0.10999999940395355,127095,0.0,0.0,FSG,2022-11-16 00:00:00+11:00,Telecommunication Services,0.04761907465063331,0.04652004143776977,0.009999997913837433,0.09999997764825855,0.10679999887943267,1.0299625520420967,0.10259999930858613,1.0721247577508333,0.10404999889433383,1.0571840516371571,0.10786999881267548,1.0197459962429125,0.11603499881923199,0.947989835164473,0.13296500023454427,0.8272853699087618,0.05939928493486274,0.9429344159562737,0.06602896531793623,1.048177329349009,0.05135935339619844,0.81530445950053,0.05341391778442439,0.8479196580434225,66.66665838824616,50.0,47.19101001316074,-0.0004217203699823924,-0.0014836931586477851,0.0010619727886653928,0.11522096806551174,0.08997903055166051,0.5863258389976409,0.11454260141435872,0.09355739637430895,0.5670662257780452,0.12638619041390844,0.08935380721144251,0.11503448641869966,138635.8,83110.0,0.9167545468053707,1.5292383588015883,0.11111111111111116,0.04761907465063331,0.09999997764825852,-0.12000000476837158,0.1111111111111111,0.04761907465063339,0.09999997764825855,-0.12000000476837158,77.27271495771795,77.27271495771798,77.27271495771795,64.92703628604818,-22.727285042282045,-22.727285042282045,0.005285714886018208,0.005190476420379821,38.71294099876089,44.94617902920454,51.90057370499541,56.90689549041296,0.09344000220298768,-0.09090907243657698,SELL,0,2
0.10999999940395355,0.10999999940395355,0.10999999940395355,0.10999999940395355,0,0.0,0.0,FSG,2022-11-17 00:00:00+11:00,Telecommunication Services,0.0,0.0,0.0,0.0,0.10899999886751174,1.0091743169434093,0.10309999957680702,1.0669253138260801,0.10454999879002572,1.0521281748158928,0.10756999880075455,1.0225899472928317,0.11613499879837036,0.9471735526938939,0.13264000024646522,0.8293124185732575,0.05939928493486274,0.9429344159562737,0.06602896531793623,1.048177329349009,0.05135935339619844,0.81530445950053,0.05341391778442439,0.8479196580434225,79.99999403953694,54.2372898478781,56.756754579816004,1.3957702834133112e-05,-0.0011841629863514015,0.0011981206891855346,0.11651474981614295,0.08968524933747109,0.5143591721084557,0.11518212379901147,0.09391787378103997,0.5125974919709616,0.12542772339996375,0.08971227420154534,0.13607560076867883,138635.8,76940.85,0.0,0.0,0.11111111111111116,0.04761907465063331,0.09999997764825852,-0.12000000476837158,0.1111111111111111,0.04761907465063339,0.09999997764825855,-0.12000000476837158,77.27271495771795,69.69695327695729,77.27271495771795,69.69695327695727,-22.727285042282045,-22.727285042282045,0.004928571837288993,0.004476190677710942,81.39536220597998,96.63868739851435,58.24980004667876,58.519886410199724,0.09387120220065118,-0.09090907243657698,SELL,0,2
0.10999999940395355,0.10999999940395355,0.10499999672174454,0.10499999672174454,32649,0.0,0.0,FSG,2022-11-18 00:00:00+11:00,Telecommunication Services,-0.045454570084564105,-0.046520041437769874,-0.005000002682209015,-0.04545457008456409,0.10799999833106995,0.9722222068918092,0.10429999902844429,1.0067113873424807,0.10479999855160713,1.0019083795124188,0.10706999883055687,0.9806668335535502,0.11583499871194362,0.9064617593069313,0.1322900002449751,0.7937107606569292,0.03881045670695152,0.6160969002925951,0.05462597017103497,0.867160393189146,0.05263043804293291,0.8354823027239607,0.053438732560889816,0.8483135804076256,61.538452721209104,45.76271015212189,53.164553499971056,-4.3718752689062e-05,-0.0009560741396189336,0.0009123553869298716,0.11569395423620324,0.09290604382068535,0.06143588249526967,0.11521456239850598,0.09438543470470827,0.01920370099771047,0.12372374680262913,0.09041625085848462,-0.12429647141794484,44228.2,78573.3,0.7381941838012852,0.4155228302744062,-0.045454570084564105,0.12903219604095373,0.04999995157122683,-0.1923076878990646,-0.04545457008456409,0.12903219604095384,0.049999951571226844,-0.19230768789906458,54.54542991543591,69.6969532769573,54.54542991543591,69.69695327695727,-45.45457008456409,-45.45457008456409,0.004928571837288993,0.0042380956666810176,36.26941186323833,35.22542854519065,53.83690701791477,57.29544569268379,0.0942937781983614,-0.11428566562885989,SELL,0,2
0.10999999940395355,0.10999999940395355,0.10999999940395355,0.10999999940395355,276,0.0,0.0,FSG,2022-11-21 00:00:00+11:00,Telecommunication Services,0.04761907465063331,0.04652004143776977,0.0,0.0,0.10799999833106995,1.018518528738794,0.10529999881982803,1.0446343840152115,0.10504999868571759,1.0471204262747789,0.10676999881863594,1.030251949246569,0.11563499875366688,0.9512690845293529,0.13194000020623206,0.833712287646016,0.04653933916671226,0.7387891056984517,0.05177872075543785,0.8219617099436822,0.05252293142461548,0.8337756880657919,0.05365328589264468,0.8517195089603279,67.74192928151672,50.0,55.95237873494662,0.0003104519733614364,-0.0007027689170228597,0.001013220890384296,0.11677170341069831,0.09382829422895775,0.40970376694201177,0.11572165246995635,0.09437834490147883,0.46384569986207286,0.12262676753919823,0.09091323009807366,0.20369853670938037,44283.4,71792.1,0.006232583767280741,0.0038444341369036424,0.0,0.09999997764825852,0.04761907465063331,-0.12000000476837158,0.0,0.09999997764825855,0.04761907465063339,-0.12000000476837158,77.27271495771795,69.69695327695729,77.27271495771795,69.69695327695727,-22.727285042282045,-22.727285042282045,0.005285714886018208,0.0044761910325004945,84.62868601589959,89.74359918720732,51.03436713980061,57.303233809178046,0.09470790267611742,-0.14545457008456408,SELL,0,2
0.10499999672174454,0.10499999672174454,0.10499999672174454,0.10499999672174454,26515,0.0,0.0,FSG,2022-11-22 00:00:00+11:00,Telecommunication Services,-0.045454570084564105,-0.046520041437769874,0.0,0.0,0.10799999833106995,0.9722222068918092,0.10629999861121178,0.9877704430249152,0.10504999868571759,0.9995240174716933,0.10626999884843827,0.98804928822381,0.11538499876856805,0.9099969479771535,0.13159000020474196,0.7979329474760558,0.04653933916671226,0.7387891056984517,0.05120286882147279,0.8128203438880793,0.05365998751123533,0.8518258938573626,0.05367839680842777,0.8521181323904587,40.0,50.0,50.0,0.0001855376333858988,-0.000525107606941108,0.0007106452403270068,0.115246755172634,0.09735324204978957,-0.1453042653549735,0.11572165246995635,0.09437834490147883,-0.004685493456215503,0.12064430933829014,0.0918956883585864,-0.08835221192629315,37307.0,73117.85,0.7107245289087839,0.362633748120329,0.0,0.10526313725600911,0.0,-0.1923076878990646,0.0,0.10526313725600916,0.0,-0.19230768789906458,54.54542991543591,62.12119159619661,54.54542991543591,62.12119159619659,-45.45457008456409,-45.45457008456409,0.005285714886018208,0.004476191387290046,14.077391374827588,-2.942451578586436,61.10382427573604,52.34284569505808,0.09511374466431832,-0.11428566562885989,SELL,0,2
0.10499999672174454,0.10499999672174454,0.10499999672174454,0.10499999672174454,3485,0.0,0.0,FSG,2022-11-23 00:00:00+11:00,Telecommunication Services,0.0,0.0,0.0,0.0,0.10699999779462814,0.9813084008027521,0.10689999833703041,0.9822263644074566,0.10504999868571759,0.9995240174716933,0.10596999883651734,0.990846445924103,0.11528499871492386,0.9107862938992434,0.13121500015258789,0.8002133643229941,0.03881045670695152,0.6160969002925951,0.050099221168405324,0.7953004805377397,0.05365998751123533,0.8518258938573626,0.05260243978586596,0.8350378441719064,40.0,50.0,50.0,8.555588402175962e-05,-0.00040297490874853444,0.0004885307927702941,0.11435057742945567,0.09944941924460515,-0.25501395149506445,0.11572165246995635,0.09437834490147883,-0.004685493456215503,0.11979014051834048,0.09214985715469419,-0.07018756660422583,12585.0,73292.1,0.27691696464044496,0.047549463038990554,-0.045454570084564105,0.06060603323937319,0.0,-0.1250000077610216,-0.04545457008456409,0.06060603323937323,0.0,-0.12500000776102163,54.54542991543591,62.1211915961966,54.54542991543591,62.1211915961966,-45.45457008456409,-45.45457008456409,0.005285714886018208,0.004476191387290046,14.077391374827588,-2.942451578586436,61.10382427573604,52.34284569505808,0.09551146981275521,-0.11428566562885989,SELL,0,2
0.10000000149011612,0.10499999672174454,0.10000000149011612,0.10499999672174454,82992,0.0,0.0,FSG,2022-11-24 00:00:00+11:00,Telecommunication Services,0.0,0.0,0.004999995231628418,0.049999951571226844,0.10599999725818635,0.9905660324310567,0.10749999806284904,0.9767441731520506,0.10479999855160713,1.0019083795124188,0.10581999883055687,0.9922509722370594,0.11508499868214131,0.9123691004398322,0.1308150001242757,0.8026602195619262,0.03881045670695152,0.6160969002925951,0.050099221168405324,0.7953004805377397,0.05254473089060349,0.8341217438601017,0.05185503244152701,0.8231731204048018,50.0,61.538452721209104,50.0,6.2476087761137444e-06,-0.0003211304052436048,0.00032737801401971857,0.11277046365710329,0.1022295324685948,-0.4743416490243211,0.11521456239850598,0.09438543470470827,0.01920370099771047,0.11951307737421565,0.09212692028689809,-0.05988442308264376,29183.4,73734.15,2.843808466456958,1.1255571536391211,-0.045454570084564105,0.06060603323937319,-0.045454570084564105,-0.06666667108182567,-0.04545457008456409,0.06060603323937323,-0.04545457008456409,-0.06666667108182565,49.99998137355156,53.03028040147448,54.54542991543591,54.54542991543591,-50.00001862644844,-45.45457008456409,0.004785714937107903,0.004714286398319971,-23.312156380125888,-31.57032647375249,57.09622051898176,49.598441249115155,0.09590124045822336,-0.09523807834335418,SELL,0,2
0.10499999672174454,0.10499999672174454,0.10000000149011612,0.10000000149011612,27805,0.0,0.0,FSG,2022-11-25 00:00:00+11:00,Telecommunication Services,-0.04761900369272076,-0.04879011804678987,-0.004999995231628418,-0.047619003692720735,0.10499999821186065,0.952380982791486,0.10649999827146531,0.9389671653817224,0.10454999879002572,0.9564801783589912,0.10551999881863594,0.9476876668847637,0.11478499874472618,0.8711939938467842,0.13039000011980534,0.7669299900163649,0.039332052535659766,0.6243769773784991,0.03683825925306538,0.5847892362968101,0.05264322210012379,0.8356852433404017,0.05218326657416752,0.8283836757254205,25.00000931322421,50.0,44.04762126505339,-0.0004548197206063753,-0.00034786826831615893,-0.00010695145229021639,0.1132494842803173,0.09975051226261332,-0.9630358182570365,0.11518212379901147,0.09391787378103997,-0.427948062693409,0.11904844144570899,0.09199155619156289,-0.40802903044236843,28214.6,67944.0,0.9854826933573398,0.4092340751206876,-0.04761900369272076,-0.09090907243657698,-0.04761900369272076,-0.13043478542555031,-0.047619003692720735,-0.09090907243657693,-0.047619003692720735,-0.13043478542555026,25.00000931322422,43.181806867403914,31.818178739429488,46.969679523433776,-74.99999068677577,-68.18182126057052,0.004642857504742486,0.004714286043530419,-60.31744680166637,-53.97726569184103,53.82501202579409,46.11426964924863,0.09628321569078215,-0.05000002607703169,SELL,0,2
0.10499999672174454,0.10499999672174454,0.09300000220537186,0.09300000220537186,152000,0.0,0.0,FSG,2022-11-28 00:00:00+11:00,Telecommunication Services,-0.06999999180436145,-0.0725706840223209,-0.01199999451637268,-0.11428566562885989,0.10159999877214432,0.9153543634773121,0.10479999855160713,0.8874046134607096,0.10369999893009663,0.8968177740104167,0.10517999887466431,0.8841985472560566,0.11441499881446361,0.8128305132107854,0.1299550000950694,0.7156323507163026,0.03128533501725819,0.49663929683403485,0.041340175926822535,0.6562549479481893,0.05347519842525817,0.8488924580583956,0.05275123620725942,0.8373999141338071,18.518526694737886,48.07692665893239,43.02325984347198,-0.001369276178357387,-0.0005521498503244047,-0.0008171263280329823,0.11520512353874146,0.09439487356447279,-1.1340561848921238,0.11518179055315589,0.09221820730703736,-0.9319100255430184,0.11909777409214597,0.09126222365718265,-0.8751396310808035,58559.4,71894.0,2.5956550101264697,2.114223718251871,-0.15454542991543596,-0.15454542991543596,-0.15454542991543596,-0.15454542991543596,-0.1545454299154359,-0.1545454299154359,-0.1545454299154359,-0.1545454299154359,0.0,24.99999689559195,0.0,28.78786955162181,-100.0,-100.0,0.005142856921468463,0.005047618988014403,-150.9803823316054,-117.2680416082965,50.739058273359376,46.28221516089809,0.11500000208616257,0.021505339302236415,HOLD,0,1
0.09600000083446503,0.09600000083446503,0.09300000220537186,0.09300000220537186,31851,0.0,0.0,FSG,2022-11-29 00:00:00+11:00,Telecommunication Services,0.0,0.0,-0.00299999862909317,-0.031249985448084897,0.09919999986886978,0.9375000234708311,0.10359999909996986,0.8976834267694401,0.10284999907016754,0.9042294899966339,0.10483999893069268,0.8870660354246286,0.11409499883651733,0.8151102428129059,0.12949500009417533,0.7181744633981044,0.03316897173922321,0.526541102794285,0.04020985878080617,0.6383117195222399,0.05347519842525817,0.8488924580583956,0.05275123620725942,0.8373999141338071,22.72728504228205,43.7500038805101,39.506175564912624,-0.002070126381115492,-0.0008557451564826222,-0.0012143812246328697,0.11639582890952649,0.09080416929041324,-0.8283946451586395,0.1148723443913982,0.09082765374893687,-0.8193074314211579,0.1191034662839106,0.09057653157747476,-0.8300924615394903,59626.6,70330.3,0.5341743450070942,0.4528773515824616,-0.11428566562885989,-0.11428566562885989,-0.15454542991543596,-0.15454542991543596,-0.11428566562885989,-0.11428566562885989,-0.1545454299154359,-0.1545454299154359,0.0,8.333336437741425,0.0,10.60605957980984,-100.0,-100.0,0.005071428205285754,0.004952380699770791,-178.181801433403,-141.50688576380105,49.12175180847824,42.593801290234325,0.11456000208854675,0.0752688077284791,BUY,0,0
0.10000000149011612,0.10499999672174454,0.10000000149011612,0.10499999672174454,102931,0.0,0.0,FSG,2022-11-30 00:00:00+11:00,Telecommunication Services,0.12903219604095373,0.12136080206911065,0.004999995231628418,0.049999951571226844,0.09919999986886978,1.0584677102877182,0.10309999883174896,1.0184286897335104,0.10284999907016754,1.0209042068158911,0.10453999891877175,1.004400208606566,0.1137949987500906,0.9227118755222179,0.12909500006586314,0.8133544805621787,0.07712137147237184,1.2242638181047627,0.05784565160082455,0.9182712513736025,0.060626577648816994,0.9624170837983006,0.054371409077546826,0.8631193611080922,41.37930325747185,54.999997516473236,47.31182657868787,-0.001638369839165571,-0.001012270093019212,-0.0006260997461463591,0.11515357963538175,0.09104641802811617,0.15762933197601686,0.1148723443913982,0.09082765374893687,0.17883346336594128,0.11811644816845658,0.09096354966908692,0.033882040474129696,79515.8,65375.25,1.294472293556752,1.5744643423925722,0.0,-0.045454570084564105,0.0,-0.1250000077610216,0.0,-0.04545457008456409,0.0,-0.12500000776102163,54.54542991543591,18.18180997181199,54.54542991543591,18.18180997181198,-45.45457008456409,-45.45457008456409,0.005928570670740945,0.005523809010074252,-27.874133968871337,1.74998720362497,53.63333681454819,43.948781711064385,0.11412880209088325,-0.09523807834335418,SELL,0,2
0.10499999672174454,0.10499999672174454,0.10000000149011612,0.10000000149011612,445705,0.0,0.0,FSG,2022-12-01 00:00:00+11:00,Telecommunication Services,-0.04761900369272076,-0.04879011804678987,-0.004999995231628418,-0.047619003692720735,0.0982000008225441,1.0183299455447539,0.10209999904036522,0.9794319532812251,0.10259999930858613,0.9746588904874152,0.10413999900221825,0.9602458464397148,0.11344499871134758,0.8814844429110421,0.12869500003755094,0.7770309760358823,0.0803465516634129,1.2754619664179612,0.05949070733535393,0.9443857015720352,0.06162470103683711,0.9782618013730513,0.05476584157952602,0.8693807829635198,41.379313888506374,40.74074227378208,47.31183036901686,-0.0016802881813100523,-0.00114587371067738,-0.0005344144706326724,0.11323352803507049,0.09096647004565996,-0.18861921958866687,0.11464202866236944,0.09055796995480281,-0.21591027077617528,0.11701782273077378,0.09126217527366272,-0.32148269764882875,152058.4,87660.5,2.931143560631968,5.084445103552912,-0.04761900369272076,-0.09090907243657698,-0.04761900369272076,-0.1666666356225801,-0.047619003692720735,-0.09090907243657693,-0.047619003692720735,-0.16666663562258016,31.818178739429488,28.78786955162182,31.818178739429488,28.78786955162181,-68.18182126057052,-68.18182126057052,0.005499998905829021,0.0055238086552847,-50.70594743314001,-21.0278630370147,9.558249967766045,38.15320898177098,0.11370622609317302,-0.05000002607703169,SELL,0,2
0.10499999672174454,0.10499999672174454,0.0989999994635582,0.10000000149011612,206892,0.0,0.0,FSG,2022-12-02 00:00:00+11:00,Telecommunication Services,0.0,0.0,-0.004999995231628418,-0.047619003692720735,0.0982000008225441,1.0183299455447539,0.10159999951720237,0.9842519878475456,0.10294999927282333,0.9713453345940338,0.10373999908566475,0.9639483552293048,0.11314499877393246,0.8838216675393626,0.1282950000092387,0.7794536145829142,0.07712137147237184,1.2242638181047627,0.058025146564390916,0.9211206455847137,0.05553106108158328,0.881528265968441,0.05476584157952602,0.8693807829635198,41.379313888506374,40.74074227378208,47.31183036901686,-0.0016939816040008882,-0.0012554952893420817,-0.0004384863146588065,0.11260302557871613,0.09059697345568862,-0.14541436311622563,0.1141979210160429,0.09170207752960377,-0.2622704753867551,0.11582513838292588,0.09165485978840363,-0.3094707891696568,187875.8,97005.1,1.1012168677392193,2.1327950798463173,0.0,-0.04761900369272076,0.0752688077284791,-0.1666666356225801,0.0,-0.047619003692720735,0.07526880772847906,-0.16666663562258016,31.818178739429488,39.39392913143165,31.818178739429488,39.39392913143164,-68.18182126057052,-68.18182126057052,0.005928570138556617,0.005809522810436431,-47.74775282727759,-23.612629850716235,8.046567556323026,34.17696537988617,0.113292101615417,-0.05000002607703169,SELL,0,2
0.10499999672174454,0.10499999672174454,0.10000000149011612,0.10249999910593033,170002,0.0,0.0,FSG,2022-12-05 00:00:00+11:00,Telecommunication Services,0.024999975785613415,0.024692588966579433,-0.002499997615814209,-0.023809501846360367,0.10010000020265579,1.0239760129711855,0.10084999948740006,1.0163609283779562,0.10307499915361404,0.9944215372068373,0.10338999912142753,0.9913918171674232,0.11286999881267548,0.9081243925238653,0.12790749996900558,0.8013603512754767,0.06572123600226822,1.043292277906719,0.056228227549372414,0.8925954405455412,0.05327783289646893,0.8457593774190771,0.05489971633440933,0.8715059788130256,46.031747533501616,47.572817500389164,55.688621044723114,-0.001485975426169503,-0.0013015913167075662,-0.0001843841094619368,0.11020770127941308,0.09149229769538704,0.1763253045676851,0.11424014506824105,0.09190985323898702,-0.051499555140647614,0.11452972325482969,0.09225027498802538,-0.0798942599331129,191476.2,103527.55,0.8878492470604701,1.6420943024344727,0.10215050188471642,-0.06818182126057049,0.024999975785613415,-0.14583332169180085,0.10215050188471644,-0.06818182126057051,0.024999975785613422,-0.14583332169180088,55.88234391798049,39.839567132279846,43.1818043274327,35.606053935430566,-44.11765608201951,-56.8181956725673,0.005571426557643073,0.005476189511162894,-19.342430236009807,-11.71548651069084,19.598779022221663,39.76979649109678,0.1128862596272161,-0.07317073525310203,SELL,0,2
0.09600000083446503,0.10000000149011612,0.0949999988079071,0.10000000149011612,323793,0.0,0.0,FSG,2022-12-06 00:00:00+11:00,Telecommunication Services,-0.024390220854836775,-0.024692588966579474,0.0040000006556510925,0.04166667313418449,0.10150000005960465,0.9852216889792348,0.10034999996423721,0.9965122224788657,0.1033249992877245,0.9678200065760523,0.10338999912142753,0.9672115517930319,0.11261999882757663,0.8879417734963577,0.12750749994069338,0.7842676041537038,0.06854050994557975,1.0880468642973196,0.054952119856887055,0.8723378589428248,0.05224627603654996,0.8293839199316674,0.049603176679332756,0.787426018393879,50.0,39.79591790187948,50.0,-0.001505503439373168,-0.0013423737412406867,-0.00016312969813248143,0.10924506315637397,0.09145493677210045,-0.039347497208394464,0.11393916335335007,0.09271083522209893,-0.31326044868446373,0.11452972325482969,0.09225027498802538,-0.3043161204635757,249864.6,115258.8,1.2958738452746006,2.809269227165301,0.0752688077284791,-0.04761900369272076,0.05263160784158716,0.0,0.07526880772847906,-0.047619003692720735,0.052631607841587165,0.0,41.17647316629129,42.95899860790044,31.818178739429488,35.60605393543057,-58.82352683370871,-68.18182126057052,0.005392855299370629,0.005499999083223797,-89.91696091166142,-83.6460508725208,17.38167825918167,33.62911356211009,0.11248853447877921,-0.060000046193599,SELL,0,2
0.10000000149011612,0.10000000149011612,0.10000000149011612,0.10000000149011612,3832,0.0,0.0,FSG,2022-12-07 00:00:00+11:00,Telecommunication Services,0.0,0.0,0.0,0.0,0.10050000101327897,0.9950248804166999,0.09985000044107437,1.001502263879611,0.1033749993890524,0.9673518943759849,0.10342999920248985,0.9668374964824407,0.1123699988424778,0.8899172601247228,0.12710749991238118,0.7867356494231179,0.027592921562802655,0.4380240504053252,0.054952119856887055,0.8723378589428248,0.05146505234357326,0.8169823782721004,0.04950921841722027,0.7859344772228624,65.90910014535416,39.79591790187948,53.37838048729017,-0.0015036464304657993,-0.0013746282790857093,-0.00012901815138008994,0.10812378419291954,0.09157621668922919,0.018129679665401098,0.11391252392637277,0.09283747485173202,-0.3202837523161314,0.1145049010507475,0.09235509735423221,-0.30970908450203155,230044.8,115195.35,0.01665762494957504,0.03326523162610296,-0.04761900369272076,-0.04761900369272076,0.010101030626025631,0.020408205157367965,-0.047619003692720735,-0.047619003692720735,0.010101030626025631,0.02040820515736805,41.17647316629129,46.078430083521035,31.818178739429488,35.60605393543057,-58.82352683370871,-68.18182126057052,0.005392855299370629,0.00526190371740432,-47.543129974155015,-59.9834543230145,17.577105904880284,34.962999330341034,0.11209876383331106,-0.06999999180436145,SELL,0,2
0.10000000149011612,0.10000000149011612,0.09300000220537186,0.09300000220537186,293902,0.0,0.0,FSG,2022-12-08 00:00:00+11:00,Telecommunication Services,-0.06999999180436145,-0.0725706840223209,-0.006999999284744263,-0.06999999180436146,0.09910000115633011,0.9384460254310641,0.0986500009894371,0.942726824861662,0.10307499952614307,0.9022556646413966,0.10328999921679496,0.900377605872322,0.11209999889135361,0.8296164417941403,0.12667249988764526,0.7341767336072162,0.03590570818325848,0.5699854470033523,0.05877383548781075,0.9330057137890191,0.05391030857246428,0.8557996175129641,0.050450561608376035,0.8008778371158348,50.0,38.235295836351305,46.1038974861932,-0.0020434604384471505,-0.0015083947109579977,-0.0005350657274891528,0.10708339748028328,0.09021660449859092,-0.6699553128087712,0.11444566543163384,0.0917043336206523,-0.8860516529560609,0.11471337206077066,0.09186662637281927,-0.9007844838794444,199684.2,129890.45,1.4718340259269385,2.2626913679951066,-0.06999999180436145,-0.11428566562885989,-0.06060603323937319,-0.06999999180436145,-0.06999999180436146,-0.11428566562885989,-0.06060603323937323,-0.06999999180436146,0.0,27.450982110860878,0.0,21.212119159619668,-100.0,-100.0,0.005535712199551719,0.005404760794980186,-127.3648012397384,-135.04423574126727,15.265098443481705,31.126356762495078,0.11171678860075228,-0.0752688077284791,SELL,0,2
0.09300000220537186,0.09300000220537186,0.09300000220537186,0.09300000220537186,0,0.0,0.0,FSG,2022-12-09 00:00:00+11:00,Telecommunication Services,0.0,0.0,0.0,0.0,0.09770000129938125,0.9518935616018342,0.09795000106096267,0.9494640244821436,0.10222499966621398,0.9097579115581934,0.10316999927163124,0.9014248605402885,0.11182999894022942,0.8316194499391727,0.12623749986290933,0.7367066228843843,0.03590570818325848,0.5699854470033523,0.05734943845654665,0.9103941119113581,0.04693863349020485,0.7451277065777387,0.05043073819655477,0.8005631502089394,14.705877196826918,31.521734729097588,46.1038974861932,-0.0024431043428376764,-0.0016953366373339334,-0.000747767705503743,0.10702315762906824,0.08887684449285711,-0.5455652416482389,0.11395204584481239,0.09049795348761558,-0.7866428869085157,0.11489927424145853,0.09144072430180396,-0.8670610154865472,158305.8,104656.1,0.0,0.0,-0.06999999180436145,-0.06999999180436145,-0.15454542991543596,-0.06060603323937319,-0.06999999180436146,-0.06999999180436146,-0.1545454299154359,-0.06060603323937323,0.0,13.725491055430448,0.0,10.60605957980984,-100.0,-100.0,0.005178569150822503,0.005404760794980186,-144.35234373336007,-158.2375453406888,15.25130504926534,31.126356762495078,0.11134245287284467,-0.05376346842624269,SELL,0,2
0.09399999678134918,0.09799999743700027,0.09399999678134918,0.09799999743700027,5372,0.0,0.0,FSG,2022-12-12 00:00:00+11:00,Telecommunication Services,0.05376338831247485,0.05236793565058168,0.0040000006556510925,0.042553199921436004,0.09680000096559524,1.0123966576387902,0.09845000058412552,0.995429119914116,0.10162499956786633,0.9643296221768224,0.10324999928474426,0.9491525241248141,0.11150999896228314,0.8788449318356424,0.12585249986499547,0.7786893191802059,0.0448755943623494,0.712377975713932,0.05527152699077559,0.8774082900023186,0.04888023647114596,0.7759496983720899,0.05045549859014643,0.8009562092717852,44.117631590480784,42.39130082675576,41.54929289255411,-0.0023295140005312742,-0.0018221721099734016,-0.0005073418905578726,0.10683583251083215,0.0900641686574189,-0.05366231413392722,0.11289617545487833,0.09035382368085433,-0.3216170315506494,0.11477680793679328,0.09172319063269525,-0.45546013699210214,125379.8,104924.7,0.04284581726881045,0.051198621487600154,-0.04390245568957962,0.05376338831247485,-0.10909092756342309,0.042553199921435914,-0.04390245568957959,0.05376338831247478,-0.10909092756342306,0.042553199921436004,41.666645970599994,13.888881990200018,22.727251176006423,7.57575039200215,-58.333354029400006,-77.27274882399358,0.005178568618638175,0.0051190462850389026,-58.3944819400745,-89.30097782864554,15.720636395457376,13.757890721335059,0.1109756038594952,-0.11224490028652045,SELL,0,2
0.0949999988079071,0.0949999988079071,0.09300000220537186,0.09300000220537186,15379,0.0,0.0,FSG,2022-12-13 00:00:00+11:00,Telecommunication Services,-0.0510203608407509,-0.052367935650581614,-0.001999996602535248,-0.02105259608033577,0.0954000011086464,0.9748427790840244,0.09845000058412552,0.9446419670247067,0.10102499984204769,0.9205642400472864,0.10322999939322472,0.9009009275599755,0.11123999901115894,0.8360302322192815,0.1254424998909235,0.7413755488469898,0.04870543641504709,0.7731748335065034,0.05822230706620123,0.9242504715216425,0.04913994227732821,0.7800724002352765,0.051011377023123715,0.8097805058288382,34.090899854645855,38.23529239894231,38.8157887642278,-0.002612831568477747,-0.001980304001674271,-0.000632527566803476,0.10683583251083215,0.0900641686574189,-0.6499055104356294,0.11280577953392412,0.08924422015017125,-0.6811941014574405,0.11482558101434565,0.0916344177721038,-0.8822323469500915,63697.0,102623.8,0.2414399422264785,0.14985802513646931,-0.06999999180436145,0.0,-0.11428566562885989,-0.010638240534235233,-0.06999999180436146,0.0,-0.11428566562885989,-0.01063824053423518,0.0,13.888881990200018,0.0,7.57575039200215,-100.0,-100.0,0.005535711135183062,0.005357141296068828,-102.54545478190275,-123.26811595556218,15.598677353024058,13.664490817990128,0.11061609182641273,-0.06451617813424493,SELL,0,2
0.09399999678134918,0.0949999988079071,0.09300000220537186,0.0949999988079071,285410,0.0,0.0,FSG,2022-12-14 00:00:00+11:00,Telecommunication Services,0.021505339302236415,0.021277362185263046,0.0010000020265579224,0.010638319795733608,0.09440000057220459,1.0063559134752715,0.09745000079274177,0.974858881837822,0.10027499981224537,0.9473946545578144,0.10307999938726425,0.9216142740843337,0.1109899990260601,0.8559329637042469,0.12506749987602234,0.7595898127177666,0.05108183477443069,0.8108989879562088,0.038705513272110574,0.6144309749106868,0.04800409446764851,0.762041375245497,0.049454843352599046,0.7850712998317974,32.55812583450897,40.56603362463249,43.1506841625407,-0.002645484275145507,-0.0021133400563685184,-0.0005321442187769887,0.10466803270385322,0.09023196888163032,-0.3394279791231079,0.11154897709237911,0.08900102253211163,-0.4678917540159961,0.11490587742773273,0.09125412134679578,-0.6832474131482815,120012.6,110539.55,2.378166959135957,2.58197179199662,-0.05000002607703169,-0.09523807834335418,-0.13636364252114097,-0.07317073525310203,-0.0500000260770317,-0.09523807834335413,-0.13636364252114103,-0.07317073525310204,16.666645970599994,19.44443064706668,11.764687835960979,11.497313003989143,-83.3333540294,-88.23531216403902,0.005321425518819264,0.004976188497883933,-77.57126772116693,-100.31041548874164,27.391895168267652,24.054942227552075,0.11026377003399192,-0.08421054117567339,SELL,0,2
0.09300000220537186,0.09300000220537186,0.09300000220537186,0.09300000220537186,25000,0.0,0.0,FSG,2022-12-15 00:00:00+11:00,Telecommunication Services,-0.021052596080335717,-0.0212773621852629,0.0,0.0,0.09440000057220459,0.9851695089158193,0.09675000086426735,0.9612403242853046,0.09942499995231628,0.9353784485790715,0.10288999944925309,0.9038779541566707,0.11066999904811382,0.8403361616090741,0.12465749990195035,0.7460441792793954,0.03999133647841519,0.6348427855139531,0.03663783767172814,0.5816076423272782,0.048090991082197755,0.7634208162367215,0.04954165939560133,0.7864494617893657,33.33332150700532,42.99999612569555,37.8571397400619,-0.0028004627996584264,-0.0022507646050265,-0.0005496981946319264,0.10422216997903949,0.08927783174949522,-0.5018621234738813,0.11016241271057038,0.08868758719406218,-0.5983748498450318,0.1150543316831439,0.09072566721536228,-0.8130324833061449,66232.2,111789.55,0.3774599062087625,0.22363449893125073,0.0,-0.06999999180436145,-0.15454542991543596,-0.09268289739925306,0.0,-0.06999999180436146,-0.1545454299154359,-0.09268289739925306,0.0,5.555548656866684,0.0,3.9215626119870026,-100.0,-100.0,0.005107139902455466,0.004595236054488591,-92.00138667981443,-107.37703906663673,27.459435792215288,25.276220602391035,0.10991849467741951,-0.04301075871824056,HOLD,0,1
0.09700000286102295,0.09700000286102295,0.09700000286102295,0.09700000286102295,50000,0.0,0.0,FSG,2022-12-16 00:00:00+11:00,Telecommunication Services,0.04301075871824067,0.042111491131532876,0.0,0.0,0.09520000070333481,1.0189075855503127,0.09645000100135803,1.0057024557175192,0.09902500025928021,0.9795506448578122,0.10282999947667122,0.9433045157510586,0.11043999910354614,0.8783049950052776,0.12431749988347292,0.7802602445508026,0.044221565035753016,0.7019955820240297,0.03988222663874189,0.633110720505759,0.04846240055504503,0.7693167588350864,0.04980117316354019,0.7905691151399471,43.99999880790632,54.25532269040962,41.216215127745286,-0.002570882243203121,-0.002314788132661824,-0.0002560941105412967,0.10357507248271042,0.08932492952000565,0.07719246903057352,0.10948029035664616,0.08856971016191426,-0.19368160800889,0.11508179471639308,0.09057820423694936,-0.47584835541053505,76232.2,112657.1,0.6558908177909073,0.44382466795257464,0.04301075871824067,-0.02999998584389707,-0.07619042009993571,-0.02999998584389707,0.0430107587182406,-0.029999985843897077,-0.07619042009993571,-0.029999985843897077,33.333354029400006,16.666666666666686,23.529419498873867,11.764702444944959,-66.6666459706,-76.47058050112614,0.004535711769546781,0.0047857122761862615,-9.126099428171244,-42.05520022776521,31.367244125289915,26.87925682970807,0.10958012482797856,-0.10309283576770167,SELL,0,2
0.09700000286102295,0.09700000286102295,0.09700000286102295,0.09700000286102295,0,0.0,0.0,FSG,2022-12-19 00:00:00+11:00,Telecommunication Services,0.0,0.0,0.0,0.0,0.09500000178813935,1.0210526424761952,0.0959000013768673,1.0114702968546672,0.09837500043213368,0.9860228964160533,0.10266999959945679,0.9447745518598031,0.11020999915897846,0.8801379511953356,0.12402749989181756,0.7820846420804319,0.036562524471022734,0.5804120823302374,0.03874691517718774,0.6150882097785176,0.04699945454107428,0.7460932108282075,0.04928861168514901,0.782432453919219,61.111122608930685,54.25532269040962,44.202900350382606,-0.002361713633522153,-0.00232417323283389,-3.754040068826292e-05,0.10166965290662065,0.09013034984711395,0.19065301924788383,0.1074875966313449,0.08926240423292246,-0.15088977290903657,0.11501472311992657,0.09032527607898701,-0.45930528367297657,75157.8,112643.3,0.0,0.0,-0.010204026552349421,-0.05365850041835918,-0.11818178739429486,-0.07619042009993571,-0.010204026552349416,-0.05365850041835919,-0.11818178739429488,-0.07619042009993571,33.333354029400006,22.22223601960002,23.529419498873867,15.68627966591592,-66.6666459706,-76.47058050112614,0.004321426153182983,0.0045476169103667845,-14.387099720800158,-36.77220025462861,31.85986609132604,27.299790396323118,0.10924852237552643,-0.11340205789638624,SELL,0,2
0.09799999743700027,0.09799999743700027,0.09799999743700027,0.09799999743700027,81154,0.0,0.0,FSG,2022-12-20 00:00:00+11:00,Telecommunication Services,0.01030922212868468,0.010256444519048917,0.0,0.0,0.09600000083446503,1.0208332977619854,0.0957000009715557,1.0240334006488483,0.09802500046789646,0.9997449321012309,0.1025299996137619,0.9558177880247101,0.10998999916017055,0.8909900735092279,0.1237924998998642,0.7916472929803705,0.023893491142395907,0.3792974130954249,0.038351144222917535,0.6088055406516676,0.04613444783416628,0.7323616550549185,0.04931182077144858,0.7828008867422531,63.15789680071714,40.27777030419505,40.769223627249744,-0.002091149330605571,-0.002277568452388226,0.00018641912178265488,0.10095356941578497,0.09044643252732644,0.4377969926271697,0.10658730767032491,0.089462693265468,-0.002920127753544355,0.11492553689190355,0.09013446233562025,-0.3654542820624529,88312.8,115375.25,0.9189381380728501,0.7033917586310755,0.05376338831247485,-0.02000004023313462,-0.06666666193613913,-0.06666666193613913,0.05376338831247478,-0.020000040233134623,-0.06666666193613915,-0.06666666193613915,41.666645970599994,36.111118009800016,41.666645970599994,29.57516165611592,-58.333354029400006,-58.333354029400006,0.003535711871726172,0.004357140333879562,18.629942730372665,-12.127246202009793,30.887154823715136,29.79844650772037,0.10892355197212333,-0.12244892683886988,SELL,0,2
0.0989999994635582,0.10000000149011612,0.09799999743700027,0.10000000149011612,478935,0.0,0.0,FSG,2022-12-21 00:00:00+11:00,Telecommunication Services,0.020408205157367965,0.020202748371739212,0.0010000020265579224,0.010101030626025631,0.09700000137090684,1.030927835843403,0.0957000009715557,1.0449320843772874,0.09777500070631504,1.0227563361567675,0.10242999970912933,0.9762764988195481,0.1097899992018938,0.9108297861103472,0.12354249987751245,0.809438060499522,0.023774821298576276,0.37741358772620726,0.038968898640344383,0.6186120880106057,0.0464164174776979,0.7368377843792435,0.04939773420221848,0.7841647201748383,56.250017462311675,50.0,45.96774329225016,-0.0016957935069254332,-0.0021612134632956674,0.0004654199563702342,0.10095356941578497,0.09044643252732644,0.8184913862279101,0.10575177364129858,0.08979822777133149,0.2789349530112551,0.11482487842383399,0.09003512099442468,-0.19604856771453413,127017.8,139147.75,3.7706132526307337,3.4419169551789377,0.05263160784158716,0.0,-0.04761900369272076,-0.04761900369272076,0.052631607841587165,0.0,-0.047619003692720735,-0.047619003692720735,58.333354029400006,44.44445134313336,58.333354029400006,41.176473166291295,-41.666645970599994,-41.666645970599994,0.003321426787546703,0.004214283256303696,61.62900965194255,20.73699884478645,55.53046229020521,42.23087707517934,0.10860508097678831,-0.13000003799796045,SELL,0,2
0.0989999994635582,0.0989999994635582,0.0989999994635582,0.0989999994635582,122750,0.0,0.0,FSG,2022-12-22 00:00:00+11:00,Telecommunication Services,-0.01000002011656731,-0.010050356173266608,0.0,0.0,0.0982000008225441,1.0081466256040035,0.09630000069737435,1.0280373701623189,0.09747500084340573,1.0156450228977416,0.10220999971032142,0.968594068526946,0.10962999917566776,0.9030374916351465,0.12331249989569187,0.8028383136121704,0.02037427815292859,0.32343163881063275,0.03059428033168627,0.4856691437918194,0.04645400705566466,0.7374345004303711,0.0489395504706402,0.7768912789236481,75.0,48.52940789762019,45.238094674936896,-0.0014464887525205417,-0.002018268521140642,0.0005717797686201004,0.10155356914160352,0.09104643225314518,0.5139361549861764,0.10472595158824954,0.09022405009856191,0.21031705686828756,0.11444592700776215,0.08997407241288069,-0.26234221311813694,146567.8,141135.65,0.8374963668691214,0.8697306456589813,0.06451609802047686,0.06451609802047686,-0.05714283281442989,-0.09999999999999998,0.06451609802047692,0.06451609802047692,-0.057142832814429945,-0.1,50.0,50.00000000000002,50.0,50.00000000000001,-50.0,-50.0,0.002964284271001816,0.004261902400425502,61.440862387026975,21.822527083362655,58.22818239423192,40.4455846425051,0.10829297940135998,-0.12121214173713679,SELL,0,2
0.09799999743700027,0.09799999743700027,0.09799999743700027,0.09799999743700027,59525,0.0,0.0,FSG,2022-12-23 00:00:00+11:00,Telecommunication Services,-0.010101030626025631,-0.010152392198472686,0.0,0.0,0.09839999973773957,0.9959349359572622,0.09680000022053718,1.0123966654310865,0.09737500064074993,1.0064184522940973,0.10196999967098236,0.9610669584506056,0.10940999917685985,0.8957133550342555,0.12302749987691641,0.7965698525536563,0.013250138022875481,0.21033942027485752,0.031003795082154145,0.49216998891952346,0.045254073352240604,0.7183861434162224,0.04895649962969395,0.7771603384823755,63.636357478858976,43.076917081186615,44.53124763531251,-0.0013144525538658358,-0.0018775053276856807,0.0005630527738198449,0.10158887444601898,0.09201112599505538,0.2505802324224466,0.10453390902844927,0.09021609225305059,0.08730336559750305,0.11405204742320826,0.08988795191875645,-0.3285868683353518,148472.8,142721.65,0.40091518446476393,0.41707057058266916,0.01030922212868468,0.05376338831247485,-0.02000004023313462,-0.10909092756342309,0.01030922212868458,0.05376338831247478,-0.020000040233134623,-0.10909092756342306,71.42851060749912,59.92062154563306,41.666645970599994,50.00000000000001,-28.571489392500883,-58.333354029400006,0.0026785704706396374,0.0040714265335173834,46.828056182742344,4.702031785815692,51.94153873302394,40.83515508422095,0.10798711985744022,-0.12244892683886988,SELL,0,2
0.09799999743700027,0.09799999743700027,0.09799999743700027,0.09799999743700027,0,0.0,0.0,FSG,2022-12-28 00:00:00+11:00,Telecommunication Services,0.0,0.0,0.0,0.0,0.09859999865293503,0.9939147948871001,0.09680000022053718,1.0123966654310865,0.09762500040233135,1.0038411988028013,0.10162999957799912,0.9642821789228397,0.10918999917805194,0.8975180710203636,0.12276749983429909,0.7982568478569015,0.013250138022875481,0.21033942027485752,0.025996931575194223,0.4126884947923594,0.04216120195833775,0.6692883321439865,0.04849370003697783,0.7698136227072425,77.77774098480083,46.666658388239995,48.305080465047794,-0.0011960258733943047,-0.0017412094368274055,0.0005451835634331008,0.10158887444601898,0.09201112599505538,0.2505802324224466,0.10448353126022829,0.09076646954443442,0.05467600021616144,0.1131595692135001,0.09010042994249814,-0.31484281337107484,148472.8,135121.65,0.0,0.0,0.01030922212868468,0.0,0.05376338831247485,-0.14782612470237355,0.01030922212868458,0.0,0.05376338831247478,-0.1478261247023736,71.42851060749912,64.28567373833276,41.666645970599994,44.444430647066675,-28.571489392500883,-58.333354029400006,0.002142856163637979,0.003833331522487459,48.05111709088,9.83139045097541,63.92791444163979,41.244655955893286,0.10768737750439886,-0.12244892683886988,SELL,0,2
0.09799999743700027,0.0989999994635582,0.09799999743700027,0.0989999994635582,202222,0.0,0.0,FSG,2022-12-29 00:00:00+11:00,Telecommunication Services,0.010204102578684093,0.010152392198472754,0.0010000020265579224,0.010204102578684026,0.09879999905824662,1.002024295619615,0.09739999994635581,1.0164270997749856,0.09792500026524067,1.0109777809078966,0.10130999952554703,0.9771986963497484,0.10897999919950963,0.9084235657069418,0.12251249980181456,0.8080808050093504,0.013233975824603346,0.2100828533312484,0.01877144283137116,0.29798741689004554,0.04217909095475018,0.6695723111582574,0.0485239058717136,0.7702931254683664,66.66662527458473,48.38709289771935,55.660377623730305,-0.001009839271209484,-0.001594935403703821,0.0005850961324943371,0.10153118093574989,0.09326881895696174,0.38729833461909313,0.10444843788021231,0.09140156265026904,0.16479029336470422,0.11219509282470211,0.09042490622639196,-0.2122168362275908,172686.4,143640.2,1.1710360514782867,1.4078370818197132,0.010204102578684093,0.06451609802047686,0.06451609802047686,-0.13913045506396193,0.010204102578684026,0.06451609802047692,0.06451609802047692,-0.13913045506396193,85.71425530374955,76.19042550624928,50.0,44.444430647066675,-14.285744696250442,-50.0,0.0022142848798206876,0.0033095223563058035,76.79324432907217,25.925902479401948,68.40865524879504,47.44610288805676,0.10739362999841831,-0.13131309710477213,SELL,0,2
0.0989999994635582,0.10000000149011612,0.0989999994635582,0.10000000149011612,453000,0.0,0.0,FSG,2022-12-30 00:00:00+11:00,Telecommunication Services,0.010101030626025631,0.01005035617326661,0.0010000020265579224,0.010101030626025631,0.09879999905824662,1.0121457737176907,0.09790000021457672,1.021450472634695,0.09767500050365925,1.0238034397181268,0.10130999952554703,0.9870694103092896,0.10877999924123287,0.9192866536830356,0.1223124998062849,0.8175779388737316,0.010101700614917147,0.16035952587539415,0.018087662590537852,0.28713274207805684,0.03033851217197948,0.4816089501285825,0.044854099593929116,0.712036756843558,71.42854101806765,64.00000357627997,56.481483781044446,-0.0007726861959123782,-0.0014304855621455326,0.0006577993662331544,0.10194969028265376,0.09385031014649968,0.5185585168833844,0.1033899382638011,0.0919600627435174,0.4068287502048241,0.11219509282470211,0.09042490622639196,-0.12034789224384512,167499.4,161143.65,2.704487299655999,2.8111563812784435,0.0,0.05263160784158716,-0.04761900369272076,0.0,0.0,0.052631607841587165,-0.047619003692720735,0.0,100.0,85.71425530374957,58.333354029400006,50.00000000000001,-0.0,-41.666645970599994,0.0017857136470930918,0.003214284422851744,99.64417681505752,48.97219246490194,87.54747771267463,55.08399518483183,0.10710575744255738,-0.1399999836087229,SELL,0,2
0.10000000149011612,0.10000000149011612,0.10000000149011612,0.10000000149011612,0,0.0,0.0,FSG,2023-01-03 00:00:00+11:00,Telecommunication Services,0.0,0.0,0.0,0.0,0.0989999994635582,1.0101010306260256,0.09860000014305115,1.014198796602777,0.09767500050365925,1.0238034397181268,0.10130999952554703,0.9870694103092896,0.10852999925613403,0.9214042400766367,0.12206249978393316,0.8192524458136562,0.008475856991551458,0.13455005848675947,0.015756085185263214,0.25012009821693315,0.028374417141947286,0.4504299081240038,0.044854099593929116,0.712036756843558,66.66666666666666,64.00000357627997,44.04762200420001,-0.0005780769637461075,-0.0012600038424656476,0.0006819268787195401,0.10094757596837915,0.09625242431772314,0.5963604378441603,0.1033899382638011,0.0919600627435174,0.4068287502048241,0.11219509282470211,0.09042490622639196,-0.12034789224384512,142949.4,138858.4,0.0,0.0,0.010101030626025631,0.0752688077284791,0.0,0.0,0.010101030626025631,0.07526880772847906,0.0,0.0,100.0,95.23808510124987,58.333354029400006,55.55556935293334,-0.0,-41.666645970599994,0.0017857136470930918,0.002642856112548283,102.99490605084488,66.91183173535347,87.54747771267463,53.58459612117089,0.10682364233781366,-0.1500000037252902,SELL,0,2
0.0949999988079071,0.0949999988079071,0.09300000220537186,0.09300000220537186,40000,0.0,0.0,FSG,2023-01-04 00:00:00+11:00,Telecommunication Services,-0.06999999180436145,-0.0725706840223209,-0.001999996602535248,-0.02105259608033577,0.09800000041723252,0.9489796103002726,0.09820000007748604,0.9470468648878712,0.09732500053942203,0.955561281170522,0.10116999953985215,0.9192448614051637,0.10825999930500985,0.859043070408261,0.1217774997651577,0.7636878929582072,0.033956728300541084,0.539046350523724,0.02511804735523115,0.39873664032891176,0.03244931832420251,0.5151169589964663,0.045963969660085126,0.7296553979394198,18.181842811820147,40.74074789493464,42.045452621233686,-0.0009774220727835348,-0.0012034874885292251,0.00022606541574569038,0.10239523481599805,0.09400476533897403,-1.2395010520814285,0.10329223422123619,0.09135776685760787,-0.7247911787385009,0.11230114484431962,0.09003885423538467,-0.7339763439438051,139044.4,130513.8,0.2876778928169707,0.30648100047657795,-0.0510203608407509,-0.041237118945059215,-0.06999999180436145,-0.06999999180436145,-0.05102036084075091,-0.04123711894505927,-0.06999999180436146,-0.06999999180436146,0.0,66.66666666666669,0.0,38.888902686266675,-100.0,-100.0,0.0019285710794585092,0.002738094400791895,-115.06853653903079,-113.22484192218859,85.66733746335268,61.62401733374246,0.10654716953516483,-0.08602151743648123,SELL,0,2
0.09399999678134918,0.09399999678134918,0.09399999678134918,0.09399999678134918,11098,0.0,0.0,FSG,2023-01-05 00:00:00+11:00,Telecommunication Services,0.010752629594234175,0.010695231162105624,0.0,0.0,0.09720000028610229,0.9670781533401842,0.09789999946951866,0.9601634043993662,0.09690000042319298,0.9700722019692615,0.10094999954104424,0.931154009001562,0.1080999992787838,0.8695651934180729,0.12149749971926212,0.7736784460466267,0.03506591288189882,0.5566541098857631,0.025530685576074623,0.4052870690116636,0.03195224293895358,0.5072261318831445,0.04541720112338628,0.7209757165025007,27.27271495771795,52.17390177605688,43.333325054906666,-0.0011993889347971937,-0.001202667777782819,3.2788429856253198e-06,0.10283963591005306,0.09296036302898426,-0.789532334032978,0.10251576690254623,0.09128423394383973,-0.516403887609263,0.11220628815833225,0.08969371092375622,-0.6174328853846965,141264.0,122568.6,0.07856212481594745,0.09054521304804003,-0.04081633428840148,-0.030927896816374645,-0.0829268526704735,-0.10476190746506331,-0.04081633428840149,-0.030927896816374686,-0.08292685267047346,-0.10476190746506334,14.285638259373895,38.09521275312465,8.333291941199992,22.222215323533344,-85.7143617406261,-91.66670805880001,0.0016428567469120026,0.002499999034972418,-106.13441419231408,-92.96887788290206,86.44679289666155,66.80422645379323,0.10627622618856897,-0.10638296017284077,SELL,0,2
0.09300000220537186,0.09300000220537186,0.09000000357627869,0.09300000220537186,701388,0.0,0.0,FSG,2023-01-06 00:00:00+11:00,Telecommunication Services,-0.010638240534235233,-0.010695231162105679,0.0,0.0,0.09600000083446503,0.9687500145519151,0.09739999994635581,0.9548254851806232,0.09655000045895576,0.9632315045395258,0.10070999965071678,0.9234435758903307,0.1078299993276596,0.8624687265625932,0.12121249970048666,0.7672476224413551,0.03360052776556925,0.5333918423293021,0.0251896907661652,0.3998739442193592,0.03163277776285486,0.5021547794321285,0.04543634922964887,0.7212796832659927,27.2727334302361,45.45455161205219,39.08045740766242,-0.0014393979930363149,-0.0012500138208335182,-0.00018938417220279663,0.10322713939071411,0.09157286050199752,-0.7550870856958709,0.1022245036822899,0.09087549723562162,-0.6256051171115644,0.11212443516803461,0.08929556413339895,-0.6754602480032781,241097.2,141448.35,2.9091503343879563,4.9586156360254465,-0.06060603323937319,-0.0510203608407509,-0.06999999180436145,-0.11428566562885989,-0.06060603323937323,-0.05102036084075091,-0.06999999180436146,-0.11428566562885989,29.999992549417847,14.761876936263933,29.999992549417847,12.777761496872623,-70.00000745058215,-70.00000745058215,0.0017857136470930918,0.0024523798908506122,-152.62048947619823,-135.24313335020526,58.818168175545736,50.733714030708136,0.10601070170890503,-0.09677422714448336,SELL,0,2
0.09300000220537186,0.09300000220537186,0.09300000220537186,0.09300000220537186,6,0.0,0.0,FSG,2023-01-09 00:00:00+11:00,Telecommunication Services,0.0,0.0,0.0,0.0,0.09460000097751617,0.9830866939153141,0.0967000000178814,0.9617373545829849,0.09620000049471855,0.9667359846892893,0.10046999976038933,0.9256494717544277,0.10740999929606915,0.8658411955578083,0.12080249972641469,0.7698516373087639,0.032217970774387726,0.511444430497062,0.02369112440876701,0.3760849407905379,0.03163277776285486,0.5021547794321285,0.04543634922964887,0.7212796832659927,27.2727334302361,50.0,41.463411088359564,-0.0016110358820494441,-0.0013222182330767036,-0.0002888176489727406,0.10281373573086446,0.09058626430489834,-0.6051942684817513,0.10184194712474576,0.09055805386469135,-0.5671798227079766,0.1120200837111851,0.08891991580959355,-0.6467483341974151,150498.4,141257.05,3.9867533475438944e-05,4.24757560773073e-05,-0.06999999180436145,-0.06999999180436145,-0.06999999180436145,-0.11428566562885989,-0.06999999180436146,-0.06999999180436146,-0.06999999180436146,-0.11428566562885989,29.999992549417847,24.76187445273655,29.999992549417847,22.777759013345236,-70.00000745058215,-70.00000745058215,0.0016428567469120026,0.0020952370195161728,-121.80288879984128,-93.24492360972667,59.460961124127735,56.66400863680713,0.10537027378359998,-0.09677422714448336,SELL,0,2
0.09399999678134918,0.0949999988079071,0.09399999678134918,0.0949999988079071,227003,0.0,0.0,FSG,2023-01-10 00:00:00+11:00,Telecommunication Services,0.021505339302236415,0.021277362185263046,0.0010000020265579224,0.010638319795733608,0.09360000044107437,1.0149572474384132,0.09629999995231628,0.9865005073203231,0.09630000032484531,0.9865005035041229,0.1001699997484684,0.9483877313213197,0.10700999923050404,0.8877674936084534,0.12045249968767166,0.7886926303251337,0.0357880556115591,0.5681177703284098,0.025284411312978795,0.4013775862848601,0.027843646657214702,0.44200418788887,0.045009246911874974,0.7144996441627386,33.33331263725381,44.44443064706667,44.18604006439384,-0.0015676067398256027,-0.0013712959344264835,-0.00019631080539911925,0.10226657261331656,0.09033342729131599,-0.2178807195136429,0.10177145609403372,0.0908285445556569,-0.23759700741052336,0.11148660989180381,0.08885338960513298,-0.4568506712768585,195899.0,137912.1,1.1587756956390793,1.6459977043348626,-0.05000002607703169,-0.04040404724571223,0.021505339302236415,-0.13636364252114097,-0.0500000260770317,-0.04040404724571225,0.02150533930223632,-0.13636364252114103,49.99996274708924,36.666649281975,49.99996274708924,36.66664928197499,-50.00003725291076,-50.00003725291076,0.001499999314546585,0.0021904749529702322,-59.58876673937879,-41.1765407686552,62.40118969281128,59.780428430873435,0.10475546297530712,-0.13684207059009545,SELL,0,2
0.0949999988079071,0.0949999988079071,0.0949999988079071,0.0949999988079071,0,0.0,0.0,FSG,2023-01-11 00:00:00+11:00,Telecommunication Services,0.0,0.0,0.0,0.0,0.09399999976158142,1.0106382877538516,0.09600000008940697,0.9895833199940777,0.09640000015497208,0.9854771644728804,0.09996999979019165,0.9502850755955271,0.10675999924540519,0.8898463795370978,0.1200774996727705,0.7911557041643654,0.012224854727849106,0.1940635525426856,0.025207148261575534,0.40015107336757794,0.027843646657214702,0.44200418788887,0.04456932769339031,0.7075161430683287,27.272684170136273,44.44443064706667,52.77777490332348,-0.001515716594324562,-0.0014001800664060994,-0.0001155365279184627,0.10188784022604336,0.09011215995277058,-0.16984178549235318,0.10168752173432107,0.09111247857562309,-0.264774587877397,0.11129165841864999,0.08864834116173331,-0.4389817027155244,187899.0,137912.1,0.0,0.0,0.021505339302236415,-0.030612231709717497,0.021505339302236415,-0.09523807834335418,0.02150533930223632,-0.030612231709717466,0.02150533930223632,-0.09523807834335413,49.99996274708924,43.33330601453213,49.99996274708924,43.33330601453212,-50.00003725291076,-50.00003725291076,0.001499999314546585,0.001857141653696696,-43.75002480152917,-30.889074420145512,62.40118969281128,66.08961317627393,0.10416524459934598,-0.13684207059009545,SELL,0,2
0.0949999988079071,0.0949999988079071,0.0949999988079071,0.0949999988079071,0,0.0,0.0,FSG,2023-01-12 00:00:00+11:00,Telecommunication Services,0.0,0.0,0.0,0.0,0.094200000166893,1.008492554560475,0.09570000022649765,0.9926854606381001,0.09625000022351742,0.9870129723355067,0.09966999977827072,0.9531453699131869,0.10645999923348427,0.89235393097793,0.11970249965786933,0.7936342104754178,0.011747691401312935,0.1864888195620355,0.025207148261575534,0.40015107336757794,0.024973286030633632,0.39643862554283976,0.044013817706163465,0.6986976954062393,27.272684170136273,41.176473166291295,52.77777490332348,-0.0014577887983414362,-0.001411701812793167,-4.608698554826917e-05,0.10143875744050548,0.08996124301248981,-0.12197787647853392,0.10151657734079184,0.090983423106243,-0.23734607654567447,0.1106979955251672,0.08864200403137425,-0.42346778848530636,185679.4,137643.5,0.0,0.0,0.010638319795733597,-0.030612231709717497,-0.030612231709717497,-0.13636364252114097,0.010638319795733608,-0.030612231709717466,-0.030612231709717466,-0.13636364252114103,49.99996274708924,49.99996274708924,49.99996274708924,49.99996274708924,-50.00003725291076,-50.00003725291076,0.0014285711305482046,0.001857141653696696,-37.73587239769128,-35.11868056515824,61.05099406147196,66.08961317627393,0.1035986349584233,-0.23157894901951925,SELL,0,2
0.09399999678134918,0.10000000149011612,0.09200000017881393,0.10000000149011612,230984,0.0,0.0,FSG,2023-01-13 00:00:00+11:00,Telecommunication Services,0.05263160784158716,0.051293321837057954,0.006000004708766937,0.06382983951290322,0.09560000002384186,1.046025119928629,0.09580000042915345,1.0438413469952819,0.09660000018775464,1.035196700784194,0.09946999981999398,1.005328256470104,0.10620999924838542,0.9415309499838481,0.11935249965637923,0.8378542701495172,0.02309387568238485,0.3666039111853943,0.030628214249068048,0.4862078280302338,0.024856164575407482,0.3945793800805295,0.04468647669760916,0.7093758258573403,88.88893488018623,50.0,52.77778467646667,-0.0009969301824138688,-0.0013287474867173074,0.00033181730430343866,0.10182218230803325,0.08977781855027364,0.6974218224282407,0.10188752247906345,0.09131247789644582,0.643023540146605,0.11008844532123215,0.08885155431875581,0.049913301345318344,91598.6,148423.75,2.5216979298810243,1.55624689444917,0.0752688077284791,0.010101030626025631,0.0752688077284791,-0.09090907243657698,0.07526880772847906,0.010101030626025631,0.07526880772847906,-0.09090907243657693,100.0,66.66664183139285,100.0,66.66664183139284,-0.0,-0.0,0.0018571423632758005,0.0019999990860621133,29.333374659223,33.24417753921958,56.07435690847657,68.68065367588278,0.10305468970313751,-0.23000001564621897,SELL,0,2
0.0949999988079071,0.0949999988079071,0.0949999988079071,0.0949999988079071,6060,0.0,0.0,FSG,2023-01-16 00:00:00+11:00,Telecommunication Services,-0.05000002607703169,-0.051293321837057954,0.0,0.0,0.09599999934434891,0.989583327674255,0.09530000016093254,0.9968520319777667,0.09660000018775464,0.9834368387501271,0.09926999986171722,0.9569859871083085,0.1059099992364645,0.8969880038975477,0.11897749964147807,0.7984702913927105,0.037470155385593014,0.5948202764233599,0.03440294599811173,0.5461298368739306,0.02722509841778986,0.4321850389963802,0.044783419396244806,0.7109147434894207,53.846162663411334,41.666664079659135,52.77777375354342,-0.001023358202334415,-0.001267669629840729,0.00024431142750631386,0.1005535707482102,0.09004642957365488,-0.05710427756542132,0.10188752247906345,0.09131247789644582,-0.30259945806327476,0.10983990132947963,0.08870009839395482,-0.40397737545930534,92809.4,134456.25,0.06529511019357953,0.04507042253521127,0.021505339302236415,-0.05000002607703169,0.0,-0.09523807834335418,0.02150533930223632,-0.0500000260770317,0.0,-0.09523807834335413,49.99996274708924,66.66664183139284,49.99996274708924,66.66664183139284,-50.00003725291076,-50.00003725291076,0.002142856695822307,0.0019999994408516656,-29.787258439354567,-38.59410780260903,59.587042942591175,68.88790884205434,0.10253250225806315,-0.1894736784316826,SELL,0,2
0.09650000184774399,0.09650000184774399,0.0949999988079071,0.0949999988079071,15112,0.0,0.0,FSG,2023-01-17 00:00:00+11:00,Telecommunication Services,0.0,0.0,-0.0015000030398368835,-0.01554407265404577,0.09599999934434891,0.989583327674255,0.09479999989271164,1.0021096932006521,0.0967000000178814,0.9824198427129273,0.09906999990344048,0.958917925714139,0.10555999927222728,0.8999621017703199,0.11857749965041876,0.8011637881383815,0.0362929184110958,0.5761322188111015,0.03440294599811173,0.5461298368739306,0.02675672932061529,0.4247499100789097,0.044783419396244806,0.7109147434894207,58.333317811292964,43.47826227799289,50.0,-0.0010324017142113867,-0.0012206160467148606,0.0001882143325034739,0.09888792218188261,0.09071207760354066,0.048924343724750165,0.10177211172452139,0.09162788831124141,-0.33516635837274544,0.10957560406206178,0.08856439574481918,-0.3874123785820901,50431.2,133961.85,0.29965576865115245,0.11280823607616645,0.0,-0.05000002607703169,0.021505339302236415,-0.09523807834335418,0.0,-0.0500000260770317,0.02150533930223632,-0.09523807834335413,49.99996274708924,66.66664183139285,49.99996274708924,66.66664183139284,-50.00003725291076,-50.00003725291076,0.0021785710539136615,0.001976190223580315,-10.302532342351345,-25.76991542939692,61.83703106335603,65.85169629405469,0.10203120231079177,-0.2526315450998551,SELL,0,2
0.0949999988079071,0.0949999988079071,0.0949999988079071,0.0949999988079071,5158,0.0,0.0,FSG,2023-01-18 00:00:00+11:00,Telecommunication Services,0.0,0.0,0.0,0.0,0.09599999934434891,0.989583327674255,0.09499999955296516,0.9999999921572835,0.0965999998152256,0.9834368425426611,0.09910999983549118,0.958530914797638,0.10525999926030635,0.902527070829381,0.1182024996355176,0.8037054977757967,0.0362929184110958,0.5761322188111015,0.02560934501910332,0.40653574895878836,0.024901201435949667,0.3952943180774838,0.04169459801115581,0.6618812241139594,58.333317811292964,43.47826227799289,53.124994906829315,-0.0010277218250641373,-0.0011820372023847161,0.00015431537732057878,0.09888730102747084,0.09111269807845948,-1.9166459349839074e-07,0.10172578618630868,0.09147421344414253,-0.31214742314366467,0.10953620149058751,0.08868379818039485,-0.3941992648468586,51462.8,131719.75,0.10022773731705231,0.0391588960653205,0.0,0.021505339302236415,-0.020618597877583134,0.021505339302236415,0.0,0.02150533930223632,-0.020618597877583123,0.02150533930223632,49.99996274708924,49.99996274708924,49.99996274708924,49.99996274708924,-50.00003725291076,-50.00003725291076,0.0021785710539136615,0.0018809522901262557,-21.402910449899757,-46.52806352628361,61.66953161174528,66.31777473403855,0.10154995436141125,-0.2631578823536055,SELL,0,2
0.0949999988079071,0.0949999988079071,0.0949999988079071,0.0949999988079071,34900,0.0,0.0,FSG,2023-01-19 00:00:00+11:00,Telecommunication Services,0.0,0.0,0.0,0.0,0.09599999934434891,0.989583327674255,0.09509999975562096,0.9989484653210218,0.0964999996125698,0.9844559501483426,0.099009999781847,0.9594990305749388,0.10490999929606915,0.9055380749722933,0.11785249959677457,0.8060923538571013,0.0362929184110958,0.5761322188111015,0.025446062987885713,0.4039437270697847,0.024901201435949667,0.3952943180774838,0.04030367939572758,0.639801075611839,50.0,40.90908629096085,46.42856382593739,-0.0010123433156175587,-0.0011480984250312846,0.0001357551094137259,0.09892390106462522,0.0912760984466167,-0.026151550375628028,0.10167076781581547,0.09132923140932414,-0.2900924477181469,0.10949709426725145,0.08852290529644256,-0.3823748302755236,58442.8,133464.75,0.5971650913371707,0.2614922666846489,0.0,0.010638319795733597,-0.020618597877583134,-0.05000002607703169,0.0,0.010638319795733608,-0.020618597877583123,-0.0500000260770317,49.99996274708924,49.99996274708924,49.99996274708924,49.99996274708924,-50.00003725291076,-50.00003725291076,0.002107142337730953,0.0016904760684285844,-14.48968964433469,-42.664257355659984,56.917742889673846,65.67567560636101,0.10108795633000595,-0.2631578823536055,SELL,0,2
0.09399999678134918,0.09399999678134918,0.09399999678134918,0.09399999678134918,10000,0.0,0.0,FSG,2023-01-20 00:00:00+11:00,Telecommunication Services,-0.010526337253750517,-0.010582131023157377,0.0,0.0,0.09479999840259552,0.991561164190648,0.09519999921321869,0.9873949323341709,0.09629999957978726,0.976116274055303,0.09898999974131584,0.9495908377310162,0.10464999929070473,0.8982321779117154,0.11747249957174062,0.8001872533915332,0.021668630852419102,0.3439788509205749,0.02544022918093243,0.4038511182554138,0.024850342867847937,0.3944869633380797,0.039691084162031494,0.630076427755619,45.454539297044974,36.3636209698695,44.827575575865666,-0.0010685301913535838,-0.0011321847782957445,6.365458694216068e-05,0.09882705897527364,0.09157293945116374,-0.3308471628792878,0.10153550646272481,0.0910644926968497,-0.43930852348485167,0.1095120644832468,0.08846793499938488,-0.4742418035199156,14246.0,129907.05,0.7019514249613926,0.07697811627621441,-0.060000046193599,0.010752629594234175,-0.04081633428840148,-0.010526337253750517,-0.06000004619359901,0.01075262959423418,-0.04081633428840149,-0.010526337253750465,39.99994039534279,46.66662196317378,39.99994039534279,46.66662196317376,-60.00005960465721,-60.00005960465721,0.002107142337730953,0.0017380952125503903,-52.81773208050334,-68.33518674788796,39.797313544999135,65.43391235975113,0.10064443821985686,-0.25531912026711756,SELL,0,2
0.09300000220537186,0.09399999678134918,0.09300000220537186,0.09300000220537186,12575,0.0,0.0,FSG,2023-01-23 00:00:00+11:00,Telecommunication Services,-0.010638240534235233,-0.010695231162105679,0.0,0.0,0.09439999908208847,0.9851695244668466,0.09519999921321869,0.9768907875417151,0.09594999961555004,0.9692548470870438,0.09886999979615212,0.9406291331760607,0.10427999936044216,0.8918297159162691,0.11713749960064888,0.7939387687327474,0.005796293364195477,0.09201330460581102,0.025724309353402613,0.4083607511879765,0.024355929140526533,0.3866383887344661,0.03926261749327663,0.623274730251985,41.666682188707036,34.78260165351152,41.37931831810075,-0.0011801459126907776,-0.001141777005174751,-3.8368907516026516e-05,0.09882705897527364,0.09157293945116374,-0.6065510777799809,0.10107886524495835,0.09082113398614172,-0.5751754136944509,0.10952758151807404,0.08821241807423019,-0.5507813821127987,15549.0,106589.05,0.808733680622548,0.11797647131670655,-0.021052596080335717,0.0,-0.06999999180436145,-0.06060603323937319,-0.02105259608033577,0.0,-0.06999999180436146,-0.06060603323937323,29.999992549417847,39.999965230616645,29.999992549417847,39.99996523061663,-70.00000745058215,-70.00000745058215,0.0021785705217293332,0.0017380952125503903,-77.77774931161014,-82.3968372572933,39.40118357769974,64.01902375648618,0.10021866083411374,-0.19354837417519877,SELL,0,2
0.09099999815225601,0.09099999815225601,0.0860000029206276,0.0860000029206276,2781814,0.0,0.0,FSG,2023-01-24 00:00:00+11:00,Telecommunication Services,-0.0752688077284791,-0.07825218665263844,-0.004999995231628418,-0.05494500366101888,0.09259999990463257,0.9287257344405808,0.09429999962449073,0.9119830674770486,0.0952999997884035,0.9024134639199908,0.09860999986529351,0.8721225335980951,0.10388999938964844,0.8277986661456906,0.11669249963015318,0.736979696151828,0.031739131155709546,0.5038430872036171,0.033796088313251725,0.5364962697818426,0.02918904262131228,0.46336168670434313,0.04066079916403446,0.6454701761830691,0.0,34.78260165351152,29.411763416854356,-0.0018125496724907958,-0.00127593153863796,-0.0005366181338528357,0.10116698844181671,0.08743301080716476,-1.2086806786289748,0.1018886652904017,0.0887113342864053,-1.4115144963658306,0.10987179916117346,0.08734820056941356,-1.1197142315685913,568889.4,239542.25,4.889903028602747,11.613041123225653,-0.0947368000022587,-0.0947368000022587,-0.13131309710477213,-0.13131309710477213,-0.0947368000022587,-0.0947368000022587,-0.1313130971047721,-0.1313130971047721,0.0,23.3333109815869,0.0,23.33331098158689,-100.0,-100.0,0.0021785705217293332,0.001976190223580315,-290.98679548313333,-236.2408558888556,12.975987322215758,25.076987488665637,0.09980991454380034,-0.1279069717072875,SELL,0,2
0.08900000154972076,0.08900000154972076,0.08799999952316284,0.08799999952316284,82737,0.0,0.0,FSG,2023-01-25 00:00:00+11:00,Telecommunication Services,0.023255773658299894,0.022989478845309223,-0.0010000020265579224,-0.011235977630846005,0.09120000004768372,0.9649122749687745,0.09359999969601632,0.9401709381299088,0.09479999989271164,0.9282700382147195,0.09816999986767769,0.8964041931524612,0.10351999938488006,0.8500772801976655,0.11628249961882829,0.7567776734386092,0.036603305135957276,0.5810594553165374,0.035280801953682016,0.5600653681461862,0.02992218562284666,0.47499997104938757,0.03744349566861216,0.5943970665364317,18.181799709291695,37.49999999999999,34.28570942002746,-0.0021278229784282704,-0.0014463098265960223,-0.0006815131518322481,0.10149936558083936,0.08570063381119328,-0.7089176845970241,0.10201402068365895,0.08758597910176433,-0.9426089231794214,0.10933409877585834,0.08700590095949703,-0.9109557724414851,584405.2,240702.85,0.14157471562539142,0.34373086982559614,-0.07368420392192299,-0.07368420392192299,-0.10204079770783647,-0.19999999999999996,-0.07368420392192293,-0.07368420392192293,-0.10204079770783642,-0.2,14.285691477812168,14.761894675743358,14.285691477812168,14.76189467574335,-85.71430852218784,-85.71430852218784,0.0023214279540947507,0.0020714281570343744,-178.86887996484415,-196.30384294034198,14.472609148275623,27.013933889189104,0.09898131984640997,-0.20454544684857368,SELL,0,2
0.08699999749660492,0.08699999749660492,0.08699999749660492,0.08699999749660492,10102,0.0,0.0,FSG,2023-01-27 00:00:00+11:00,Telecommunication Services,-0.011363659454278863,-0.011428719179675209,0.0,0.0,0.08959999978542328,0.9709821172428021,0.09279999956488609,0.9374999774194418,0.09424999989569187,0.9230768975372875,0.09770999982953071,0.8903899053156181,0.10313999935984612,0.8435136517023798,0.11586749959737062,0.7508576416935057,0.03581161755675387,0.5684918046127516,0.035211270523104,0.5589615909045144,0.029931512215651455,0.4751480261202339,0.0374546289093148,0.5945738012535441,16.666645970599987,37.499988358466105,34.28570942002746,-0.0024303555253305936,-0.0016431189663429367,-0.0007872365589876569,0.10163427593042325,0.08396572319934893,-0.6565339172438842,0.1020871584708714,0.08641284132051234,-0.9250804777700786,0.10877951889610495,0.08664048076295648,-0.9675219192915036,579445.6,241207.95,0.017433905788567555,0.041880874987743975,-0.08421054117567339,-0.08421054117567339,-0.11224490028652045,-0.20909092756342307,-0.08421054117567339,-0.08421054117567339,-0.11224490028652044,-0.20909092756342307,7.142819129686948,7.142836869166391,7.142819129686948,7.1428368691663815,-92.85718087031306,-92.85718087031306,0.002107142869915281,0.0020714281570343744,-171.26285541923198,-195.8145904433556,17.53646961370012,27.321565652174755,0.09820244083086302,-0.27586203648181173,SELL,0,2
0.08699999749660492,0.08799999952316284,0.08699999749660492,0.08699999749660492,11847,0.0,0.0,FSG,2023-01-30 00:00:00+11:00,Telecommunication Services,0.0,0.0,0.0,0.0,0.08819999992847442,0.9863945302398793,0.09149999916553497,0.9508196534429582,0.0936499997973442,0.9289908989308095,0.09734999984502793,0.8936825643050925,0.10275999933481217,0.8466329122204636,0.11550249960273504,0.7532304304741194,0.03658171418354878,0.580716709572686,0.028380743973744498,0.45053034346513793,0.029736079019452466,0.4720456203098198,0.036976439431595294,0.5869827786278621,16.666645970599987,37.499988358466105,34.28570942002746,-0.0026396860902788144,-0.0018424323911301124,-0.000797253699148702,0.0994021781453881,0.08359782018568185,-0.5694633948943655,0.10178763226774931,0.08551236732693909,-0.8171912807470681,0.10862078449914994,0.08607921519090592,-0.9183036200268229,579815.0,231689.2,0.02043237929339531,0.05113315596928989,-0.07446808004713845,-0.13000003799796045,-0.12121214173713679,-0.17142856940120255,-0.0744680800471384,-0.13000003799796048,-0.12121214173713674,-0.1714285694012025,7.142819129686948,9.523776579062039,7.142819129686948,9.52377657906203,-92.85718087031306,-92.85718087031306,0.00217857158609799,0.00211904730115618,-122.184709778088,-159.93899582283404,17.819124604784847,27.493990272818593,0.0974702945562489,-0.22988501612836654,SELL,0,2
0.08699999749660492,0.08699999749660492,0.08699999749660492,0.08699999749660492,0,0.0,0.0,FSG,2023-01-31 00:00:00+11:00,Telecommunication Services,0.0,0.0,0.0,0.0,0.08699999898672103,0.9999999828722284,0.09069999903440476,0.9592061568115746,0.09299999959766865,0.9354838480965527,0.09688999980688096,0.8979254584581632,0.10237999930977822,0.8497753280244028,0.11511249955743551,0.7557823679538482,0.03718882938829581,0.5903543646662461,0.025483350694646734,0.40453565106408207,0.029533137458140696,0.4688240228983591,0.03624984679630257,0.5754484781232484,16.666645970599987,31.8181787394295,32.35293150875849,-0.002773609625890322,-0.0020286678380821545,-0.0007449417878081675,0.09864704569317083,0.08275295237563869,-0.465581957256853,0.1010785618651591,0.0849214373301782,-0.7427066725980188,0.10792850290464424,0.08585149670911767,-0.8959550242170095,577300.0,209039.2,0.0,0.0,-0.06451617813424493,-0.08421054117567339,-0.13000003799796045,-0.20909092756342307,-0.06451617813424487,-0.08421054117567339,-0.13000003799796048,-0.20909092756342307,7.142819129686948,7.142819129686948,7.142819129686948,7.142819129686948,-92.85718087031306,-92.85718087031306,0.0020357146859169006,0.0020714281570343744,-102.30507901012278,-143.24330274630327,11.516341692233183,24.017695346126644,0.09678207705811162,-0.27586203648181173,SELL,0,2
0.08799999952316284,0.08900000154972076,0.08799999952316284,0.08900000154972076,31246,0.0,0.0,FSG,2023-02-01 00:00:00+11:00,Telecommunication Services,0.022988552996152656,0.0227282972648054,0.0010000020265579224,0.011363659454278835,0.08759999871253968,1.015981767782614,0.09009999930858612,0.9877913677324465,0.09244999960064888,0.9626825520191359,0.09646999984979629,0.922566618516572,0.10201999932527542,0.8723779860648465,0.11470749955624342,0.7758865104202036,0.015452387717032836,0.24529905036850802,0.027302692123659496,0.4334168008905899,0.030238948040773178,0.48002841854453804,0.03644739401858066,0.578584443057285,30.76924399511701,37.500007761020186,34.28570942002746,-0.0026873829031050095,-0.0021604108510867256,-0.0005269720520182839,0.09749068370114261,0.08270931491602962,-0.1488357099882671,0.10000262211382514,0.08489737708747262,-0.4567947153335508,0.1070615048408381,0.08587849485875448,-0.705282045034542,27186.4,210601.5,1.1493246623311655,0.14836551496546796,0.034883703804777566,-0.06315786666817247,-0.10999999776482583,-0.19090907243657695,0.03488370380477747,-0.06315786666817247,-0.10999999776482586,-0.19090907243657693,21.42856382593739,11.904734028437113,21.42856382593739,11.904734028437105,-78.57143617406261,-78.57143617406261,0.002178572118282318,0.00211904730115618,-59.26972123683991,-91.5343660740857,12.382660590168143,15.402898432181274,0.09613515260986258,-0.21348315641413773,SELL,0,2
0.08900000154972076,0.08900000154972076,0.08699999749660492,0.08699999749660492,931758,0.0,0.0,FSG,2023-02-02 00:00:00+11:00,Telecommunication Services,-0.02247195526169199,-0.022728297264805315,-0.0020000040531158447,-0.02247195526169201,0.08739999830722808,0.9954233315975924,0.0892999991774559,0.9742441018808919,0.09214999936521054,0.9441128388054021,0.0961099998652935,0.9052127522478718,0.10158999934792519,0.8563834831679399,0.11429249953478575,0.7612047846597829,0.016875006286980927,0.267882420048018,0.027662210252137876,0.4391239742492289,0.026532514598458203,0.4211906117082671,0.03605130443347794,0.5722967158227777,28.571420968798577,34.61538681969772,32.43242372466676,-0.0027487453905946646,-0.0022780777589883135,-0.0004706676316063511,0.09603630213881424,0.08256369621609756,-0.34143382416802676,0.10007796485280959,0.08422203387761149,-0.649599430857925,0.1067416615845817,0.0854783381460053,-0.8568747397371587,196990.6,255189.4,4.729961734214729,3.651240999822093,-0.011363659454278863,-0.08421054117567339,-0.06451617813424493,-0.17142856940120255,-0.011363659454278835,-0.08421054117567339,-0.06451617813424487,-0.1714285694012025,7.142819129686948,11.904734028437112,7.142819129686948,11.904734028437103,-92.85718087031306,-92.85718087031306,0.0023214295506477356,0.002214285589399792,-66.6666730965098,-99.3784366661805,9.608888986146084,12.640487830989045,0.09552704362850847,-0.2183907396302902,SELL,0,2
0.0860000029206276,0.0860000029206276,0.0860000029206276,0.0860000029206276,14927,0.0,0.0,FSG,2023-02-03 00:00:00+11:00,Telecommunication Services,-0.011494190859216435,-0.011560759665634116,0.0,0.0,0.08719999939203263,0.9862385724796843,0.08839999958872795,0.9728507162978949,0.09174999967217445,0.9373297354540406,0.09562999993562699,0.8992994141850696,0.10119999937713146,0.8498024056318456,0.11389749951660633,0.7550648897967136,0.016892877607782134,0.26816611847065946,0.027512676953766607,0.4367502067279473,0.02639207106636953,0.4189611397533422,0.03531512224839111,0.5606101859345225,50.0,18.181821260570516,38.70967431817549,-0.0028452683268472,-0.002391515872560091,-0.0004537524542871092,0.0940725450288103,0.0827274541486456,-0.4230898973751568,0.10008192932053385,0.08341807002381506,-0.6901158548163049,0.10586162271713265,0.08539837715412132,-0.941199379672817,197955.6,255380.85,0.07540579806784956,0.058449958170317,-0.011494190859216435,-0.0947368000022587,-0.08510632058137357,-0.21818178739429483,-0.011494190859216394,-0.0947368000022587,-0.08510632058137357,-0.2181817873942949,0.0,9.523794318541464,0.0,9.523794318541455,-100.0,-100.0,0.0018214290695531027,0.0019285710794585092,-85.97673043643773,-116.66660280454457,3.656007428799626,12.709213900328038,0.09495542118603562,-0.20930230946331996,SELL,0,2
0.0860000029206276,0.0860000029206276,0.0860000029206276,0.0860000029206276,15000,0.0,0.0,FSG,2023-02-06 00:00:00+11:00,Telecommunication Services,0.0,0.0,0.0,0.0,0.08700000047683716,0.9885057752789805,0.08760000020265579,0.9817351908866812,0.09139999970793725,0.9409190721601205,0.09525000005960464,0.9028871692053683,0.10075999945402145,0.8535133325389794,0.11350249949842692,0.7576925909179604,0.016892877607782134,0.26816611847065946,0.02767215837286332,0.4392818957699407,0.02636056780299558,0.4184610409510956,0.03481571008910365,0.552682263683344,33.33337472541527,23.529419498873864,36.66667411724882,-0.0028884669996735862,-0.00249090609798279,-0.0003975609016907962,0.09183740044097909,0.0833625999643325,-0.3775893689620654,0.10009119249410665,0.08270880692176784,-0.6213182609299441,0.10547252337344756,0.08502747674576172,-0.9048643720333793,198586.2,221061.45,0.0755339494889373,0.067854435949823,-0.011494190859216435,-0.08510632058137357,-0.0752688077284791,-0.18095232756499902,-0.011494190859216394,-0.08510632058137357,-0.07526880772847906,-0.18095232756499904,0.0,2.380939709895668,0.0,2.380939709895659,-100.0,-100.0,0.0014642860208238875,0.0018809522901262557,-77.7381020700092,-102.0368664994074,3.6621459218863066,12.507727716528578,0.09441809609011113,-0.19767446595149762,SELL,0,2
0.08699999749660492,0.08699999749660492,0.08699999749660492,0.08699999749660492,18000,0.0,0.0,FSG,2023-02-07 00:00:00+11:00,Telecommunication Services,0.011627843511822444,0.011560759665634135,0.0,0.0,0.08700000047683716,0.9999999657444572,0.0869999997317791,0.9999999743083426,0.09109999947249889,0.9549944895759119,0.09489000007510186,0.9168510636289146,0.10042999945580959,0.8662749971923077,0.11311249945312739,0.7691457435493837,0.018032615903348724,0.28625890300925444,0.028367982783848934,0.45032776585575635,0.026570818359162928,0.42179866505888647,0.0348776282679897,0.5536651843011431,50.0,27.777763980399996,39.999990065890465,-0.0028096234637795675,-0.0025546495711421457,-0.0002549738926374218,0.0888856163679466,0.0851143830956116,-1.1853810269574423e-06,0.0999710044100871,0.08222899453491067,-0.46218010301419665,0.10497795975427616,0.08480204039592755,-0.7821207488353812,202186.2,221961.15,0.08902684752965336,0.081095272753813,0.0,-0.06451617813424493,-0.06451617813424493,-0.17142856940120255,0.0,-0.06451617813424487,-0.06451617813424487,-0.1714285694012025,11.111055921599988,3.703685307200015,7.142819129686948,2.380939709895659,-88.88894407840002,-92.85718087031306,0.0014285711305482046,0.0017380952125503903,-52.83024229080937,-74.72862936160055,3.696637438586322,14.934778539616019,0.09391301049994212,-0.22988501612836654,SELL,0,2
0.08699999749660492,0.08699999749660492,0.08699999749660492,0.08699999749660492,0,0.0,0.0,FSG,2023-02-08 00:00:00+11:00,Telecommunication Services,0.0,0.0,0.0,0.0,0.08659999966621398,1.0046189126089222,0.08709999918937683,0.9988518749287875,0.09069999940693378,0.9592061528718598,0.09453000009059906,0.9203427209692451,0.10017499946057797,0.8684801394068604,0.11272249940782786,0.771806852701523,0.012966418056233353,0.20583550543254586,0.014738529189656666,0.23396689756018718,0.025955480669176165,0.4120304820587069,0.0348776282679897,0.5536651843011431,50.0,27.777763980399996,39.999990065890465,-0.0027158329617112537,-0.0025868862492559675,-0.00012894671245528618,0.08885118864981972,0.08534880972893394,-0.05710501064037929,0.09955199866015038,0.08184800015371718,-0.4179848873105557,0.10442827867743644,0.08463172150376168,-0.7607385999427674,195937.0,210611.0,0.0,0.0,-0.02247195526169199,0.011627843511822444,-0.08421054117567339,-0.17142856940120255,-0.02247195526169201,0.011627843511822382,-0.08421054117567339,-0.1714285694012025,11.111055921599988,7.407370614400011,7.142819129686948,4.761879419791308,-88.88894407840002,-92.85718087031306,0.0014285711305482046,0.0017380952125503903,-49.411825341757314,-67.82152754605414,3.7019259765799433,14.934656515922015,0.09343823004518324,-0.20689654877107377,SELL,0,2
0.0860000029206276,0.0860000029206276,0.0860000029206276,0.0860000029206276,11115,0.0,0.0,FSG,2023-02-09 00:00:00+11:00,Telecommunication Services,-0.011494190859216435,-0.011560759665634116,0.0,0.0,0.08640000075101853,0.9953703955218285,0.0868999995291233,0.9896433070958293,0.09024999961256981,0.9529086237098411,0.0942500001192093,0.912466873335311,0.09988499946892261,0.8609901724771488,0.11232749938964844,0.7656184228076295,0.009664719681435601,0.15342266860937998,0.012964553986567538,0.20580591424397238,0.02598801546729764,0.4125469559674176,0.034307406840835615,0.5446131997702028,42.85717326771138,26.31578328206153,34.482761278448066,-0.0026911723583258745,-0.002607743471069949,-8.342888725592539e-05,0.08865118804410482,0.08514881101414179,-0.5139347367780189,0.09909664580461539,0.08140335342052424,-0.4804076708485967,0.10430748771373702,0.08419251252468157,-0.8202841038621338,11808.4,211166.75,0.9412790894617391,0.05263612761005224,-0.011494190859216435,-0.0227272342428686,-0.0947368000022587,-0.1399999836087229,-0.011494190859216394,-0.02272723424286861,-0.0947368000022587,-0.13999998360872293,0.0,7.407370614400011,0.0,4.761879419791308,-100.0,-100.0,0.001499999314546585,0.0016904760684285844,-80.23703095354125,-78.00621586850184,3.691623321807313,9.934656894741067,0.0929919364177099,-0.19767446595149762,SELL,0,2
0.0860000029206276,0.0860000029206276,0.0860000029206276,0.0860000029206276,0,0.0,0.0,FSG,2023-02-10 00:00:00+11:00,Telecommunication Services,0.0,0.0,0.0,0.0,0.08640000075101853,0.9953703955218285,0.08680000007152558,0.9907834429695995,0.08979999981820583,0.9576837761105671,0.09411000013351441,0.9138242779579098,0.09964499950408935,0.8630639103681086,0.11198249939829111,0.7679771694927894,0.008174955590663505,0.12977339683135664,0.012566016028230338,0.19947932028929447,0.02598801546729764,0.4125469559674176,0.032893291688491574,0.5221648176603395,19.999940395209563,27.77777547821387,34.482761278448066,-0.0026411827419034056,-0.0026144313252366405,-2.6751416666765098e-05,0.08863787119750711,0.08496212894554404,-0.43528468323410696,0.09854432056461782,0.08105567907179384,-0.4345674189887727,0.10442996257585924,0.08379003769116958,-0.7858553030784201,8823.0,211166.75,0.0,0.0,0.0,-0.011494190859216435,-0.0947368000022587,-0.0752688077284791,0.0,-0.011494190859216394,-0.0947368000022587,-0.07526880772847906,0.0,3.703685307200015,0.0,2.380939709895659,-100.0,-100.0,0.0014285705983638763,0.0016904760684285844,-85.7141131810811,-72.49140570259746,3.7017542422656504,9.934656894741067,0.09257242040788496,-0.19767446595149762,SELL,0,2
0.0860000029206276,0.0860000029206276,0.0860000029206276,0.0860000029206276,0,0.0,0.0,FSG,2023-02-13 00:00:00+11:00,Telecommunication Services,0.0,0.0,0.0,0.0,0.08640000075101853,0.9953703955218285,0.08670000061392784,0.9919262089003055,0.08909999988973141,0.9652076658480323,0.09397000014781952,0.9151857272038446,0.09940499953925609,0.8651476617799819,0.1115874993801117,0.7706956728878488,0.008174955590663505,0.12977339683135664,0.012566016028230338,0.19947932028929447,0.02228451703637061,0.3537557409925125,0.032893291688491574,0.5221648176603395,33.33333333333333,29.41175439365385,34.482761278448066,-0.0025719181393854956,-0.002605928688066412,3.4010548680916356e-05,0.08859736494684056,0.08480263628101511,-0.3689316180122609,0.09655230274213836,0.08164769703732447,-0.41597839359179867,0.10453835824836827,0.08340164204727077,-0.7541376958808859,5823.0,199617.55,0.0,0.0,0.0,-0.011494190859216435,-0.1399999836087229,-0.0752688077284791,0.0,-0.011494190859216394,-0.13999998360872293,-0.07526880772847906,0.0,0.0,0.0,0.0,-100.0,-100.0,0.001357142414365496,0.0016904760684285844,-93.3333333333336,-68.1952196098603,3.714481847553202,9.934656894741067,0.09217807535864952,-0.19767446595149762,SELL,0,2
0.0860000029206276,0.0860000029206276,0.0860000029206276,0.0860000029206276,0,0.0,0.0,FSG,2023-02-14 00:00:00+11:00,Telecommunication Services,0.0,0.0,0.0,0.0,0.08620000183582306,0.9976798270193035,0.08660000115633011,0.993071613998949,0.08865000009536743,0.9701071949025489,0.09359000027179717,0.9189016205884467,0.09906499959528446,0.8681169259775703,0.11124249938875437,0.7730858565132296,0.005140358421514517,0.08160066019838366,0.012566016028230338,0.19947932028929447,0.019917353081490178,0.31617817816973404,0.02701695265069306,0.42888082737924677,50.0,50.0,20.8333229853,-0.002488341392234597,-0.0025824112289000493,9.406983666545221e-05,0.08853218246854727,0.08466781984411295,-0.31052895083330734,0.09567701386920947,0.08162298632152538,-0.37711569381070636,0.1039028410871895,0.08327715945640485,-0.7359754200647806,2223.0,199314.55,0.0,0.0,-0.011494190859216435,-0.011494190859216435,-0.0947368000022587,-0.18095232756499902,-0.011494190859216394,-0.011494190859216394,-0.0947368000022587,-0.18095232756499904,0.0,0.0,0.0,0.0,-100.0,-100.0,0.0008571424654551915,0.0013095236250332423,-77.7777777777782,-65.92374775399229,13.00704902659642,4.081989236663958,0.0918073910123682,-0.19767446595149762,SELL,0,2
0.08500000089406967,0.08500000089406967,0.08500000089406967,0.08500000089406967,36941,0.0,0.0,FSG,2023-02-15 00:00:00+11:00,Telecommunication Services,-0.01162793014647756,-0.011696063205510025,0.0,0.0,0.08580000251531601,0.9906759720536892,0.086200001090765,0.9860788842052127,0.08815000019967556,0.9642654645664144,0.09329000025987626,0.9111373207984427,0.09871499963104725,0.8610646934281705,0.11089249938726425,0.7665081169938147,0.0063324301622507,0.10052421242399849,0.009620418753896697,0.15271941318667537,0.019940507813355247,0.3165457481428702,0.02629044988357557,0.4173479534876879,33.333250548861045,33.33333333333333,24.99999068676884,-0.0024742761093519278,-0.0025607842049904252,8.650809563849745e-05,0.08746490843543,0.0849350937461,-0.9486862431122505,0.09468009079066103,0.08161990960869009,-0.4823821755174937,0.10371385388140417,0.08286614663834835,-0.7952912297891085,9611.2,200406.0,3.8435367071749624,0.18433080845882857,-0.022988467357292652,-0.04494382680899678,-0.10526313725600922,-0.1500000037252902,-0.022988467357292687,-0.04494382680899675,-0.10526313725600916,-0.15000000372529024,0.0,0.0,0.0,0.0,-100.0,-100.0,0.0007142855652741023,0.0011190474033355713,-141.66703337597954,-86.02409313521817,5.75597834009514,4.051957267333577,0.09145894772686376,-0.18823532299186918,SELL,0,2
0.07800000160932541,0.08500000089406967,0.07800000160932541,0.08500000089406967,348524,0.0,0.0,FSG,2023-02-16 00:00:00+11:00,Telecommunication Services,0.0,0.0,0.006999999284744263,0.08974357872202104,0.08560000211000443,0.99299064017354,0.08600000143051148,0.9883720869789774,0.08765000030398369,0.9697661220681869,0.09299000024795533,0.9140767896270509,0.09836499966681003,0.8641285130075599,0.11056749936193228,0.7687611765174338,0.005200168449030148,0.0825501149506694,0.007316658189219778,0.11614834798043822,0.019940507813355247,0.3165457481428702,0.02629044988357557,0.4173479534876879,0.0,37.50001164154112,24.99999068676884,-0.0024350594220865635,-0.002535639248409653,0.00010057982632308976,0.08733333249892947,0.0846666703620935,-0.7500016763490829,0.09346377544546255,0.08183622516250483,-0.4558138808994144,0.10348876536707863,0.08249123512883202,-0.7610418237981171,77093.0,217574.3,4.520825496478279,1.6018619846185878,-0.01162793014647756,-0.022988467357292652,-0.10526313725600922,-0.1500000037252902,-0.011627930146477543,-0.022988467357292687,-0.10526313725600916,-0.15000000372529024,63.636357478858976,21.21211915961968,41.17647316629129,13.725491055430439,-36.363642521141024,-58.82352683370871,0.0011428567980016982,0.001380951986426399,-249.65082930514805,-143.65513360893112,4.429927629502657,3.373033056675311,0.09094223198024023,-0.2588235252868758,SELL,0,2
0.08399999886751175,0.08500000089406967,0.08399999886751175,0.08399999886751175,285276,0.0,0.0,FSG,2023-02-17 00:00:00+11:00,Telecommunication Services,-0.01176472960046393,-0.01183448164747258,0.0,0.0,0.08520000129938125,0.9859154646294798,0.08580000102519988,0.9790209541237713,0.08710000030696392,0.9644087092017574,0.09262000024318695,0.9069315336531832,0.09800499968230725,0.8570991188184881,0.11023749932646751,0.7619911498422728,0.006406526282944271,0.1017004518748174,0.007354837026712323,0.11675441823654314,0.019947884120518528,0.31666284338895856,0.026006791336069382,0.41284501364393283,0.0,33.33333333333333,23.809511983199997,-0.002456356373816762,-0.0025197826734910753,6.342629967431325e-05,0.08763787359257236,0.08396212845782741,-0.9793944311718608,0.09199467935506461,0.08220532125886323,-0.6333411055123399,0.10305455778909114,0.08218544269728276,-0.8261012829488634,134148.2,230093.1,2.1265734463824337,1.2398285737381955,-0.02325586029295512,-0.02325586029295512,-0.11578947450975963,-0.1804878087784122,-0.023255860292955087,-0.023255860292955087,-0.11578947450975963,-0.18048780877841225,54.54542991543591,39.39392913143165,35.29410733483485,25.490193500375387,-45.45457008456409,-64.70589266516515,0.0011428567980016982,0.0014285711305482046,-119.90770025472631,-101.51519250817593,19.68170553955342,9.19646368336285,0.08964800894314875,-0.26190476401660445,SELL,0,2
0.08500000089406967,0.08500000089406967,0.08399999886751175,0.08399999886751175,57670,0.0,0.0,FSG,2023-02-20 00:00:00+11:00,Telecommunication Services,0.0,0.0,-0.0010000020265579224,-0.011764729600463935,0.08480000048875809,0.9905660186717523,0.0856000006198883,0.9813083908786233,0.08660000041127205,0.9699768876280296,0.09230000019073487,0.910075825503018,0.0978449996560812,0.8585006813098909,0.1099324993416667,0.7641052406753933,0.006406526282944271,0.1017004518748174,0.007354837026712323,0.11675441823654314,0.01995933914823459,0.3168446863165469,0.025837751505924596,0.41016158953056664,0.0,33.33333333333333,23.809511983199997,-0.0024450493545305485,-0.0025048360096989702,5.9786655168421726e-05,0.0877499360638324,0.08345006517594421,-0.7442092072501142,0.09046073401589438,0.08273926680664972,-0.6734475387391174,0.10279197922847887,0.08180802115299086,-0.7910806239094232,145682.2,232476.6,0.3958616769927966,0.2480679775943041,-0.02325586029295512,-0.02325586029295512,-0.10638296017284077,-0.16000002384185752,-0.023255860292955087,-0.023255860292955087,-0.1063829601728408,-0.16000002384185755,54.54542991543591,57.57573910324362,37.499994179232154,37.990191560119435,-45.45457008456409,-62.500005820767846,0.001214285514184407,0.0014761902746700105,-100.65364779641429,-104.96900187365918,19.68170553955342,9.19646368336285,0.08848320820976642,-0.26190476401660445,SELL,0,2
0.08399999886751175,0.08399999886751175,0.08399999886751175,0.08399999886751175,0,0.0,0.0,FSG,2023-02-21 00:00:00+11:00,Telecommunication Services,0.0,0.0,0.0,0.0,0.08439999967813491,0.9952606538844954,0.085300000756979,0.9847596497311768,0.08615000024437905,0.9750435128175454,0.09198000013828278,0.9132419954471201,0.09770499967038632,0.8597308136829311,0.10965249933302403,0.7660563997943773,0.006406526282944271,0.1017004518748174,0.005617678554249296,0.08917788240026706,0.019954499534385457,0.31676785982842853,0.025837751505924596,0.41016158953056664,0.0,14.285653464577237,24.99999068676884,-0.002408326768428476,-0.0024855341614448715,7.720739301639561e-05,0.08741870220465585,0.08318129930930214,-0.6135842739394415,0.0887677528319739,0.0835322476567842,-0.821315729781281,0.10248939300546357,0.08147060727110199,-0.7593208638808566,145682.2,231847.85,0.0,0.0,-0.02325586029295512,-0.03448274385536898,-0.09677422714448336,-0.16000002384185752,-0.023255860292955087,-0.03448274385536898,-0.09677422714448333,-0.16000002384185755,54.54542991543591,54.54542991543591,37.499994179232154,36.76469856443306,-45.45457008456409,-62.500005820767846,0.0010714280818189894,0.0014285711305482046,-97.46842218912096,-113.93709404864013,18.109117465924285,9.218154665600622,0.08743488754972231,-0.26190476401660445,SELL,0,2
0.0820000022649765,0.0820000022649765,0.0820000022649765,0.0820000022649765,14285,0.0,0.0,FSG,2023-02-22 00:00:00+11:00,Telecommunication Services,-0.02380948368451441,-0.024097510475393182,0.0,0.0,0.08379999995231628,0.9785203139813364,0.08480000123381615,0.9669811447157965,0.08595000021159649,0.9540430722874268,0.09176000013947487,0.893635594380305,0.09752499967813492,0.8408100747049875,0.10941249936819077,0.749457353944847,0.010632443812762755,0.1687848129446259,0.00835397172991793,0.13261518994216134,0.012219194107214903,0.1939736929758993,0.024170700267491855,0.383697971532395,0.0,14.28566866981295,23.809511983199997,-0.002511654080733894,-0.002490758145302676,-2.089593543121767e-05,0.08743312540320754,0.08216687706442476,-1.063375210857156,0.08916018038907739,0.08273982003411559,-1.2304598895503893,0.10263637351917985,0.08088362675976989,-0.8973577435940423,141151.0,93471.4,0.10120367549645415,0.15282749589714073,-0.03529410114750331,-0.05747121121266163,-0.046511633951255016,-0.11827956644671966,-0.03529410114750335,-0.057471211212661674,-0.04651163395125501,-0.11827956644671966,44.44447203920001,51.178443956690636,30.769243995117,35.25641078452711,-55.55552796079999,-69.23075600488299,0.001071427549634661,0.0014761902746700105,-170.5126750281797,-204.87794949851283,42.016266424868206,9.218207787036675,0.08649139895568263,-0.1463414833596739,SELL,0,2
0.08299999684095383,0.08299999684095383,0.0820000022649765,0.0820000022649765,72263,0.0,0.0,FSG,2023-02-23 00:00:00+11:00,Telecommunication Services,0.0,0.0,-0.0009999945759773254,-0.012048127879974913,0.08320000022649765,0.9855769476171351,0.08440000116825104,0.9715639944306381,0.08565000034868717,0.9573847277425421,0.09154000014066696,0.8957832875133208,0.0973549997061491,0.8422782857837886,0.10912249937653541,0.7514490845928052,0.010632443812762755,0.1687848129446259,0.00828455658931578,0.13151325874662612,0.010666371656115201,0.1693234007608139,0.024170700267491855,0.383697971532395,0.0,16.666604578389553,35.71427431032859,-0.002563985689169934,-0.002505403654076128,-5.8582035093806065e-05,0.08741109260258793,0.08138890973391415,-0.7970528147721531,0.08916088441526307,0.08213911628211126,-1.0396236430758687,0.10275376647121912,0.0803262338101148,-0.8507398490816165,85898.8,92947.7,0.8412573865991143,0.7774587214099973,-0.03529410114750331,-0.046511633951255016,-0.06818178739429492,-0.11827956644671966,-0.03529410114750335,-0.04651163395125501,-0.06818178739429488,-0.11827956644671966,44.44447203920001,47.81145799794533,36.363642521141024,34.877626898496736,-55.55552796079999,-63.636357478858976,0.001071427549634661,0.0011904757647287277,-122.9268058129334,-153.57142515024393,48.09250706869172,26.57788958657649,0.0856422592210469,-0.13414633703118362,SELL,0,2
0.07999999821186066,0.07999999821186066,0.0729999989271164,0.0729999989271164,380267,0.0,0.0,FSG,2023-02-24 00:00:00+11:00,Telecommunication Services,-0.10975613523493954,-0.1162598484345621,-0.006999999284744263,-0.08749999301508053,0.08100000023841858,0.9012345520030288,0.08310000076889992,0.8784596660850641,0.08495000042021275,0.8593290001885273,0.09104000017046929,0.801845329420325,0.09714499972760678,0.751454003106772,0.10876249939203263,0.6711872137471676,0.04755351149906333,0.7548885923662314,0.03403156742546397,0.5402343848010259,0.02606867554990497,0.41382739508327104,0.027300542819867754,0.43338268175064065,0.0,6.666633552959993,14.285709217291597,-0.003293716011173675,-0.0026630661254956377,-0.0006306498856780375,0.09072743797547346,0.07547256356232639,-1.324167157099512,0.09155063840503172,0.07834936243539378,-1.810431282639734,0.1032621609869524,0.07881783935398617,-1.4760075173469893,104897.0,111455.95,3.6251465723519263,3.411814263841455,-0.13095238200830228,-0.1511628320002426,-0.16091952841762847,-0.2551020322827584,-0.13095238200830225,-0.15116283200024258,-0.16091952841762852,-0.25510203228275835,0.0,29.629648026133356,0.0,22.377628838752685,-100.0,-100.0,0.001714284930910383,0.0014761902746700105,-285.8719967029292,-326.20849507723176,33.48268621922074,19.444260453188477,0.08487803345987475,-0.04109587223540079,HOLD,0,1
0.07599999755620956,0.07800000160932541,0.07599999755620956,0.07699999958276749,228108,0.0,0.0,FSG,2023-02-27 00:00:00+11:00,Telecommunication Services,0.0547945303347841,0.053345989983724355,0.0010000020265579224,0.01315792182517271,0.07960000038146972,0.9673366735396713,0.08220000043511391,0.9367396493330783,0.08445000052452087,0.9117821089937093,0.0907200001180172,0.8487654263954868,0.09697499975562096,0.7940190747801918,0.10844749938696623,0.7100209780588241,0.05994740280087276,0.9516355173319574,0.040614195335005696,0.6447303633325482,0.02963259581428271,0.4704028753553135,0.027796233886656002,0.4412515334896687,25.000000000000014,22.222226821346254,29.16666796017043,-0.003508818450342066,-0.0028322165904649237,-0.0006766018598771423,0.09040839836374359,0.07399160250648423,-0.6334976566145252,0.09186194012392596,0.07703806092511578,-1.0051351393029897,0.10355515557414413,0.07788484466189027,-1.0689391789719547,138984.6,122269.0,1.6412465841539279,1.8656241565728027,-0.08333332594188425,-0.10465119804898759,-0.11494250806418327,-0.17204303487296235,-0.08333332594188422,-0.10465119804898756,-0.11494250806418324,-0.1720430348729624,28.57143617406261,24.33863607108756,25.0,20.454547507047018,-71.42856382593739,-75.0,0.001999999795641218,0.0016666664963676816,-168.44921360805134,-212.46850933701194,43.13081195599433,26.653384627977104,0.08345266931594375,-0.10389612148897431,SELL,0,2
0.07599999755620956,0.07699999958276749,0.07599999755620956,0.07699999958276749,551340,0.0,0.0,FSG,2023-02-28 00:00:00+11:00,Telecommunication Services,0.0,0.0,0.0010000020265579224,0.01315792182517271,0.07820000052452088,0.9846547195178457,0.0813000001013279,0.947109464782274,0.083950000628829,0.9172126147230208,0.0903600001335144,0.8521469618082513,0.09671999976038932,0.796112487319319,0.10818249940872192,0.7117602200320358,0.05994740280087276,0.9516355173319574,0.040614195335005696,0.6447303633325482,0.02963259581428271,0.4704028753553135,0.027568789713841278,0.4376409691791574,26.666669978035685,22.222226821346254,29.16666796017043,-0.003637359467350429,-0.0029932451658420253,-0.0006441143015084036,0.08962933317358912,0.07297066702906668,-0.5162478773817439,0.09196249169992,0.075937509557738,-0.8673957929434778,0.1037047840792831,0.0770152161877457,-1.0011402661174624,249252.6,149836.0,2.211972914224365,3.67962305453963,-0.08333332594188425,-0.10465119804898759,-0.11494250806418327,-0.1894736784316826,-0.08333332594188422,-0.10465119804898756,-0.11494250806418324,-0.18947367843168256,30.769226360604552,19.780220844889072,25.0,16.666666666666675,-69.23077363939545,-75.0,0.0020714285118239267,0.0016666664963676816,-139.55872491880558,-180.45978698021727,31.18121825677497,21.640239135003398,0.08219834886928447,-0.10389612148897431,SELL,0,2
0.0729999989271164,0.07699999958276749,0.07100000232458115,0.07100000232458115,744640,0.0,0.0,FSG,2023-03-01 00:00:00+11:00,Telecommunication Services,-0.07792204273633696,-0.0811255066531853,-0.001999996602535248,-0.027397214136017395,0.0760000005364418,0.9342105503083099,0.07990000024437904,0.8886107898300787,0.08305000066757202,0.8549067038394864,0.08992000013589858,0.7895907719892892,0.09640499979257583,0.7364763495393822,0.10786249939352274,0.6582454766373119,0.06631191778007857,1.0526690604351012,0.04593254692819179,0.7291565775347957,0.03290942945818244,0.5224209968122431,0.029406601309803666,0.46681532381620056,19.04762411604173,17.391305756253303,23.33333581686071,-0.0041752491113308254,-0.003229645954939786,-0.0009456031563910396,0.08998629410298035,0.06981370638577773,-0.8823853483317089,0.09257503704771246,0.07352496428743159,-1.2650868576328969,0.10431863902190601,0.07552136124989116,-1.3140129397719569,395323.6,185505.7,1.8836214179978126,4.014108461357252,-0.13414633703118362,-0.16470586379094132,-0.2022471787832918,-0.23655913289343933,-0.1341463370311836,-0.16470586379094126,-0.20224717878329174,-0.23655913289343933,0.0,19.780220844889072,0.0,16.666666666666675,-100.0,-100.0,0.002428571560553142,0.001952380651519412,-163.24457261770178,-207.5471424916424,23.09670695057133,17.642225280136174,0.0810945468762243,-0.028169070248374006,HOLD,0,1
0.06800000369548798,0.07000000029802322,0.06800000369548798,0.07000000029802322,7693,0.0,0.0,FSG,2023-03-02 00:00:00+11:00,Telecommunication Services,-0.014084535124187059,-0.014184663475060855,0.001999996602535248,0.029411713144773758,0.07360000014305115,0.9510869587224068,0.0784000001847744,0.8928571445541592,0.08220000080764293,0.8515815037743241,0.08938000008463859,0.783172971937084,0.09610499978065491,0.7283700167294898,0.10753749936819076,0.6509357266933901,0.06519037371689292,1.0348651003815603,0.045573135837628086,0.7234511033503751,0.032804741767569486,0.5207591312440938,0.02860396548586548,0.4540738751152493,18.181821260570516,16.666666666666657,17.241367793391746,-0.004628863676552783,-0.003509489499262386,-0.001119374177290397,0.0895235481614768,0.067276452208072,-0.7551547315968316,0.09316597737790215,0.07123402423738372,-1.1125320605469178,0.10469113988375298,0.0740688602855242,-1.2657450745591345,382409.6,139302.45,0.02011717279064124,0.055225159356493726,-0.1463414833596739,-0.17647059339140525,-0.19540227227299756,-0.2783505336766233,-0.14634148335967387,-0.1764705933914052,-0.1954022722729975,-0.2783505336766233,11.111092714615019,13.960106358406543,9.523794318541446,11.507931439513825,-88.88890728538499,-90.47620568145855,0.00264285717691694,0.0019999994408516656,-166.36452370600938,-219.21050357707256,23.037049993248218,16.82857374876113,0.07968131063899427,-0.014285743175720511,HOLD,0,1
0.07100000232458115,0.07100000232458115,0.07000000029802322,0.07000000029802322,134743,0.0,0.0,FSG,2023-03-03 00:00:00+11:00,Telecommunication Services,0.0,0.0,-0.0010000020265579224,-0.014084535124187008,0.07300000041723251,0.9589041081909213,0.07700000032782554,0.9090909090909092,0.08140000067651272,0.8599508564650556,0.08884000003337861,0.7879333664084096,0.09575499981641769,0.7310323265858475,0.10721249934285879,0.6529089493023351,0.047422864032726955,0.752814628134151,0.0459098864054652,0.7287968528885159,0.03288287781930208,0.5219995026119714,0.02860396548586548,0.4540738751152493,20.0,16.666666666666657,18.518509320266674,-0.004931509120227509,-0.0037938934234554105,-0.0011376156967720986,0.0885084510573006,0.06549154959835049,-0.6082486856266552,0.0934769473309088,0.06932305402211664,-0.9439472330814527,0.10493847180902283,0.07274152825773439,-1.170297404493941,333304.8,145293.25,0.40426360496458497,0.9273865096967684,-0.04109587223540079,-0.1666666518837685,-0.18604653580502006,-0.2783505336766233,-0.041095872235400795,-0.16666665188376845,-0.18604653580502004,-0.2783505336766233,11.111092714615019,7.407395143076698,10.52630134235978,6.683365220300419,-88.88890728538499,-89.47369865764021,0.002714285893099649,0.00195238029672986,-121.42208839702398,-163.76668412224183,26.414083249520218,26.6692328480691,0.07781230152803326,-0.028571379914575923,HOLD,0,1
0.07000000029802322,0.07100000232458115,0.07000000029802322,0.07000000029802322,1412679,0.0,0.0,FSG,2023-03-06 00:00:00+11:00,Telecommunication Services,0.0,0.0,0.0,0.0,0.07160000056028366,0.9776536277969256,0.0756000004708767,0.9259259241008767,0.0806000005453825,0.8684863501782378,0.08828000009059905,0.7929315838942498,0.09540499985218048,0.7337141701847963,0.10688749931752682,0.6548941713948865,0.03382741787347619,0.5369936111320764,0.0459098864054652,0.7287968528885159,0.03288287781930208,0.5219995026119714,0.02852039428322281,0.45274722340149487,20.0,16.666666666666657,19.230756004883006,-0.0051124249621922885,-0.004057599731202786,-0.0010548252309895024,0.08672354928111128,0.06447645166064211,-0.503436472333453,0.09348655025412013,0.06771345083664486,-0.8225630977213411,0.10501339517729294,0.07154660500390517,-1.092426234955259,570219.0,215177.2,2.4774323549373136,6.565189062781744,-0.09090908211265569,-0.1666666518837685,-0.18604653580502006,-0.2857142639924758,-0.09090908211265568,-0.16666665188376845,-0.18604653580502004,-0.28571426399247585,11.764687835960979,11.32895775506369,10.52630134235978,10.192132334420345,-88.23531216403902,-89.47369865764021,0.0027857146092823575,0.001952380651519412,-102.75228431779811,-135.82994886202263,26.414083249520218,26.825917362594225,0.07624233387482601,-0.028571379914575923,HOLD,0,1
0.07000000029802322,0.07500000298023224,0.07000000029802322,0.07500000298023224,299039,0.0,0.0,FSG,2023-03-07 00:00:00+11:00,Telecommunication Services,0.07142860944173757,0.06899290696590589,0.005000002682209015,0.07142860944173758,0.07120000123977661,1.0533708100321313,0.07470000088214875,1.004016092296395,0.08000000081956386,0.9375000276486387,0.08778000012040138,0.8544087819248148,0.09510499991476536,0.788602103437763,0.10661249935626983,0.7034822692750381,0.05312149885827633,0.8432776515000046,0.053749400924355255,0.8532452877872955,0.037341085395153045,0.5927713538448061,0.030349309837602166,0.48178035775644845,56.25001164153028,32.14286379516015,32.25806219024507,-0.0047970462772626565,-0.004205489040414761,-0.0005915572368478958,0.08413044901876023,0.06526955274553727,0.03181207231486766,0.09274858211907998,0.06725141952004775,-0.39220033365762846,0.10457790974070909,0.07098209050009367,-0.7608087809163383,519758.8,229229.15,0.5753418701135988,1.3045417653034093,-0.02597398199184986,-0.10714280962639866,-0.13793097542147592,-0.24999998137354873,-0.02597398199184984,-0.10714280962639862,-0.13793097542147592,-0.24999998137354879,41.17647316629129,21.35075123895578,36.84211351865155,19.298238734457048,-58.82352683370871,-63.15788648134845,0.0030714289418288638,0.002190476017338889,-56.08972228137657,-85.47852873445035,33.640929109483224,33.50005432900491,0.06800000369548798,-0.10666667991214274,SELL,0,2
0.07500000298023224,0.07500000298023224,0.07500000298023224,0.07500000298023224,0,0.0,0.0,FSG,2023-03-08 00:00:00+11:00,Telecommunication Services,0.0,0.0,0.0,0.0,0.07200000137090683,1.0416666882250591,0.07400000095367432,1.0135135407252758,0.07940000109374523,0.9445844073941757,0.08730000019073486,0.8591065614704544,0.09475499995052815,0.7915149914979679,0.10633749939501286,0.7053015484371046,0.034068870705445516,0.540826556012535,0.05359362750597977,0.8507724614319198,0.037341085395153045,0.5927713538448061,0.030350475969171786,0.48179886952122364,41.666682188707036,32.14286379516015,30.00000993410707,-0.004495287520952962,-0.004263448736522401,-0.00023183878443056114,0.08194425182248632,0.06605575008486231,0.12587744811581755,0.0918883120575339,0.06691169012995657,-0.35232932029569963,0.10416077364544538,0.07043922673602435,-0.7295037350179376,370830.8,229229.15,0.0,0.0,0.056338035558996635,-0.08536584257795898,-0.13793097542147592,-0.24242420821588317,0.05633803555899658,-0.08536584257795897,-0.13793097542147592,-0.2424242082158832,41.17647316629129,31.372544722847874,36.84211351865155,28.070176126554305,-58.82352683370871,-63.15788648134845,0.0025714289929185596,0.0021428572280066355,-28.22022319780375,-58.093646772294385,38.346926709976714,33.06408139190576,0.06814000368118286,-0.09333332008785722,SELL,0,2
0.06800000369548798,0.07000000029802322,0.06800000369548798,0.07000000029802322,197413,0.0,0.0,FSG,2023-03-09 00:00:00+11:00,Telecommunication Services,-0.06666669978035689,-0.06899290696590589,0.001999996602535248,0.029411713144773758,0.07200000137090683,0.9722222078499606,0.07280000075697898,0.9615384556340497,0.07860000096261502,0.8905852346149173,0.08674000024795532,0.8070094546682146,0.09435499995946885,0.7418790771881981,0.10603749942034484,0.6601438234650855,0.04884147814527103,0.7753344290231003,0.05661105246003271,0.8986725976012672,0.039677844460316775,0.6298662540066001,0.03157138939382807,0.5011802692851081,29.411772440046946,28.12500582076514,25.714292404602247,-0.004606499107941198,-0.004332058810806161,-0.000274440297135037,0.07874792303636306,0.0668520784775949,-0.4707526977379581,0.09135518618364241,0.06584481574158763,-0.6742356551917703,0.10400532389235696,0.06947467660355368,-0.9695734811991267,408774.8,238544.05,0.48293828288827984,0.82757461357766,0.0,-0.1463414833596739,-0.18604653580502006,-0.2857142639924758,0.0,-0.14634148335967387,-0.18604653580502004,-0.28571426399247585,11.764687835960979,31.372544722847866,11.111092714615019,28.26510658397272,-88.23531216403902,-88.88890728538499,0.003000000225646155,0.002476190527280172,-98.41513595875523,-112.37766934379805,28.079737441407758,31.272147283576018,0.07500000298023224,-0.028571379914575923,HOLD,0,1
0.0689999982714653,0.0689999982714653,0.06199999898672104,0.06300000101327896,200750,0.0,0.0,FSG,2023-03-10 00:00:00+11:00,Telecommunication Services,-0.09999998935631349,-0.10536050383150802,-0.00599999725818634,-0.08695648418106726,0.07060000151395798,0.8923512700042016,0.07180000096559525,0.8774373282176832,0.07745000086724758,0.8134280220508131,0.08604000031948089,0.7322175822797471,0.09383499994874,0.6713912830787496,0.10570249944925308,0.596012405965147,0.06658159395217966,1.0569500369504974,0.05483799249308787,0.8705261432084245,0.04443695089575154,0.7054147265528848,0.03422611728721351,0.5433227681117736,27.777782376899893,23.076928955092498,21.95122305797932,-0.0051995394782057,-0.004505554944286069,-0.0006939845339196315,0.08037904529528804,0.06322095663590245,-1.0257552722811727,0.09147966888794148,0.06342033284655368,-1.0299602123624547,0.10425396600554251,0.06782603463341927,-1.2649633640099296,421976.2,248581.55,0.4757377311800997,0.807582059086847,-0.09999998935631349,-0.13698627480558578,-0.26744187356105253,-0.35714282999059477,-0.09999998935631348,-0.13698627480558578,-0.26744187356105253,-0.35714282999059477,4.5454637817115335,19.162208261321286,4.16667442768685,17.37329355365115,-95.45453621828847,-95.83332557231316,0.0035000001745564596,0.00280952418134326,-147.67028400400932,-147.28507923090018,26.331989193086187,29.8507292211646,0.07486000299453735,0.07936512066333345,BUY,0,0
0.06499999761581421,0.06700000166893005,0.0625,0.06700000166893005,606166,0.0,0.0,FSG,2023-03-13 00:00:00+11:00,Telecommunication Services,0.06349207287803038,0.06155790182504399,0.0020000040531158447,0.030769294253470136,0.07000000178813934,0.9571428565346466,0.07080000117421151,0.9463276914935196,0.07650000080466271,0.8758170060678793,0.08540000036358833,0.7845433417292652,0.09335499994456768,0.7176905544289358,0.10538749948143959,0.6357490404327301,0.07644634475603257,1.2135481011862133,0.05609167590098481,0.890427750329044,0.047675109143781744,0.756818895133848,0.03561262210706637,0.5653328497813122,42.85714792556375,30.232563780860772,28.88889183232753,-0.005285829864392827,-0.004661609928307421,-0.0006242199360854059,0.07900839837670005,0.06259160397172296,-0.462940500019834,0.09066444831773673,0.062335553291588686,-0.6706932357908064,0.10399997767821348,0.06680002304896318,-0.9892484481790401,260673.6,278889.85,2.3253831611639995,2.1734960953222213,-0.042857123090296434,-0.12987010348082417,-0.22093023960979752,-0.32323230270730774,-0.04285712309029646,-0.1298701034808242,-0.22093023960979752,-0.3232323027073077,23.809539014791888,13.373230210821484,20.833341094353518,12.037036078885137,-76.19046098520812,-79.16665890564649,0.0038214288651943207,0.003023809975101834,-120.75117301524699,-125.70789607075152,38.112990069264285,39.00405324187829,0.0743456028342247,0.014925403009678595,HOLD,0,1
0.06400000303983688,0.06499999761581421,0.06300000101327896,0.06300000101327896,455408,0.0,0.0,FSG,2023-03-14 00:00:00+11:00,Telecommunication Services,-0.05970150083602188,-0.06155790182504398,-0.0010000020265579224,-0.015625030922818393,0.06760000139474868,0.9319526584828286,0.06940000131726265,0.9077809771973053,0.07535000070929528,0.8360982139381347,0.08466000035405159,0.7441530917766404,0.0929849999397993,0.6775286449864673,0.10507749948650598,0.5995574820598905,0.06468043241066603,1.0267700331044658,0.05777993137065691,0.9172279750628255,0.048786703286172343,0.7744649050914579,0.03628482451922507,0.57600373226093,36.000004768370445,28.88889183232753,26.530615037701452,-0.005612287286336198,-0.0048517453999131765,-0.0007605418864230218,0.07768385553766535,0.061116147096859946,-0.7725872684022882,0.08999348263052527,0.06070651878806528,-0.8433786282831677,0.10382463530017898,0.06549536540792421,-1.1302067272170757,291947.4,301660.25,1.5598974335787883,1.5096718908109372,-0.1600000198682141,-0.18181816422531138,-0.26744187356105253,-0.369999999254942,-0.16000001986821413,-0.18181816422531136,-0.26744187356105253,-0.3699999992549419,4.761914898750147,11.038972565084542,4.16667442768685,9.722229983242416,-95.23808510124985,-95.83332557231316,0.003964286297559738,0.0032142861967995053,-128.29133125835702,-131.46301335302792,34.27224146681725,35.61079272461974,0.07385177868032455,0.03174597730742401,HOLD,0,1
0.06400000303983688,0.07000000029802322,0.06400000303983688,0.07000000029802322,313336,0.0,0.0,FSG,2023-03-15 00:00:00+11:00,Telecommunication Services,0.11111109797075747,0.10536050383150795,0.00599999725818634,0.09374995270627776,0.06660000085830689,1.0510510419804635,0.06930000111460685,1.0101009981552342,0.07460000067949295,0.9383377970566932,0.08406000033020973,0.8327385203788349,0.09268499992787838,0.755246268031427,0.10475249946117401,0.6682418143537316,0.09199145599263198,1.4603190917954798,0.06640192695858249,1.0540979118473088,0.05628198522134318,0.8934488171321198,0.040027611061911605,0.6354186266750169,50.0,38.46153846153846,35.71428571428572,-0.005245696579544865,-0.0049305356358395145,-0.00031516094370535007,0.07752192402632876,0.06107807820288493,0.08513813507280515,0.08868844255018211,0.06051155880880378,-0.32650880939786325,0.1031426766601389,0.06497732400028056,-0.736793927072738,354614.6,315480.0,0.883595881275052,0.9932040065931279,-0.06666669978035689,-0.014084535124187059,-0.17647059339140525,-0.30000000745058053,-0.06666669978035689,-0.014084535124187008,-0.1764705933914052,-0.3000000074505805,44.444453642692494,24.338635852078195,34.782611512506605,19.927542344849,-55.555546357307506,-65.2173884874934,0.004392858062471662,0.0035476194960730417,-51.82754623610272,-78.25704327195325,37.735555401965826,39.47992325592439,0.07337770749258041,-0.042857123090296434,HOLD,0,1
0.07599999755620956,0.07599999755620956,0.06800000369548798,0.06800000369548798,1083149,0.0,0.0,FSG,2023-03-16 00:00:00+11:00,Telecommunication Services,-0.028571379914575923,-0.028987486785316995,-0.007999993860721588,-0.10526308049950654,0.06620000153779984,1.027190364288139,0.06910000145435333,0.9840810747364167,0.07375000081956387,0.9220339381670817,0.08356000036001206,0.8137865414374702,0.0923649999499321,0.7362096436133649,0.10446749947965145,0.6509201812448211,0.08763580617905889,1.3911752945666844,0.06691293718873328,1.0622099477656421,0.056426811323919045,0.8957478602367186,0.03910042881543313,0.6207000648097194,37.93103536867786,44.44444996339282,35.08772273803329,-0.005058245508847398,-0.0049560776104410915,-0.00010216789840630618,0.07734351830407193,0.06085648460463472,-0.13343792205664004,0.08723488423627651,0.06026511740285123,-0.4264031765339234,0.10299344391886818,0.06412655680115593,-0.8006813932589498,531761.8,352211.25,2.0369063742450093,3.075282234738385,-0.028571379914575923,-0.028571379914575923,-0.19999996493844463,-0.26881718190367776,-0.028571379914575902,-0.028571379914575902,-0.19999996493844463,-0.26881718190367776,37.50002328306055,28.90213060816775,26.086974831292956,21.67875359049548,-62.49997671693945,-73.91302516870705,0.004321428814104625,0.0038809524405570258,3.6649360099959076,-43.28653812600196,54.965253799462495,50.59318905858114,0.06199999898672104,-0.0367647783901619,HOLD,0,1
0.0689999982714653,0.0689999982714653,0.06599999964237213,0.06800000369548798,180000,0.0,0.0,FSG,2023-03-17 00:00:00+11:00,Telecommunication Services,0.0,0.0,-0.0009999945759773254,-0.014492675377223445,0.06720000207424164,1.0119047856629901,0.0689000017940998,0.9869376186476544,0.07295000106096268,0.9321453421044079,0.08304000049829482,0.818882505869979,0.09199500001966954,0.7391706471106998,0.10416999951004982,0.6527791496142579,0.06940268108154302,1.1017334067773406,0.06691293718873328,1.0622099477656421,0.05646406512036592,0.8963392459214673,0.03903882465971239,0.6197221291551284,37.93103536867786,39.02439556257969,35.08772273803329,-0.004853738310906672,-0.004935609750534208,8.187143962753649e-05,0.07714351860364912,0.06065648498455047,-0.10917647399824114,0.085755837709598,0.06014416441232735,-0.3865422854665421,0.10272303868031055,0.0633569623162791,-0.7641095172262993,527611.8,346947.45,0.34115992098736225,0.5188105576219108,0.07936512066333345,-0.028571379914575923,-0.1904761355682828,-0.2765956805970864,0.07936512066333345,-0.028571379914575902,-0.19047613556828286,-0.2765956805970864,40.0000298023212,40.6481689093581,26.086974831292956,28.985520391697516,-59.9999701976788,-73.91302516870705,0.004178571381739208,0.0036904762188593545,-48.85290731380094,-72.22906246061001,50.592092443978586,52.638700361208635,0.06227999895811081,-0.0441177340681943,HOLD,0,1
0.06800000369548798,0.0689999982714653,0.06800000369548798,0.0689999982714653,258108,0.0,0.0,FSG,2023-03-20 00:00:00+11:00,Telecommunication Services,0.01470580178870895,0.014598720024514874,0.0009999945759773254,0.014705801788708997,0.06760000139474868,1.020710012541884,0.06880000159144402,1.00290692842144,0.07220000103116035,0.9556786327701854,0.0825600004196167,0.8357557887689949,0.09163500003516674,0.7529873764935362,0.10388999950140715,0.6641640061855109,0.0645380100757395,1.0245091486283253,0.06709603751528373,1.0651165753398053,0.05668254711175238,0.8998075400123957,0.039137796854281086,0.6212932640363628,47.99999523162671,40.476187941979134,36.842103887242644,-0.0045584269695827795,-0.004860173194343923,0.00030174622476114316,0.07700839927802805,0.06059160390485999,0.024364886748623537,0.0839983057078412,0.060401696354479506,-0.2712256419364897,0.10242139652662315,0.06269860431261025,-0.682731570081716,458000.2,356969.35,0.5635543390592406,0.7230536739358716,0.02985069481666458,-0.014285743175720511,-0.1785714380747203,-0.2580645523094436,0.02985069481666457,-0.01428574317572056,-0.17857143807472028,-0.2580645523094436,46.66666004392862,41.388904376436805,30.434776974986782,27.53624221252424,-53.33333995607138,-69.56522302501321,0.004178570849554879,0.0036904758640698026,-15.705151396340508,-55.17089879524176,60.33350296076016,51.897929393994225,0.06255439893007278,-0.11594199690466156,SELL,0,2
0.06549999862909317,0.0689999982714653,0.06549999862909317,0.06700000166893005,166173,0.0,0.0,FSG,2023-03-21 00:00:00+11:00,Telecommunication Services,-0.02898545873387859,-0.029413835245662073,0.0015000030398368835,0.022900810247813142,0.06840000152587891,0.979532166290681,0.06800000146031379,0.9852941210307568,0.07135000117123128,0.939032944206101,0.08204000040888787,0.8166748090565776,0.09125500008463859,0.7342063624654853,0.1035999995097518,0.6467181658878617,0.0576336058176493,0.9149051289205528,0.06268364726771697,0.9950720516452352,0.056830893968319265,0.9021624733539206,0.0392737474699701,0.6234514131545583,60.00000745058493,44.736840557358406,35.59322098109004,-0.004434653687897833,-0.004775069293054705,0.0003404156051568727,0.07499206088383162,0.06100794203679597,-0.14301934963828172,0.08195833967003495,0.0607416626724276,-0.41005474163477906,0.10214567906847116,0.06193432174930458,-0.7480473051721167,400153.2,365278.0,0.4152734502685471,0.45492200461018734,0.06349207287803038,-0.10666667991214274,-0.2023809217592346,-0.2795698916116799,0.06349207287803033,-0.10666667991214275,-0.20238092175923467,-0.2795698916116799,35.71430852218783,40.79366612281257,22.727285042282045,26.41634561618727,-64.28569147781216,-77.27271495771795,0.003999999591282436,0.0038095233695847647,-47.13807354182427,-69.26387878284183,70.12330267548197,50.506114303836,0.06282331090259552,-0.14925375209005465,SELL,0,2
0.06700000166893005,0.0689999982714653,0.06700000166893005,0.0689999982714653,10248,0.0,0.0,FSG,2023-03-22 00:00:00+11:00,Telecommunication Services,0.02985069481666458,0.029413835245662028,0.001999996602535248,0.02985069481666457,0.06820000112056732,1.0117301633101694,0.0674000009894371,1.0237388317290819,0.07070000097155571,0.9759547004705932,0.08152000039815903,0.8464180315806712,0.09084500007331371,0.7595354528678622,0.10331999950110912,0.6678280933472575,0.026124717112705222,0.41471702731278837,0.06388356187312004,1.0141201054876994,0.057393508556462115,0.9110937030591387,0.039409536566751294,0.625606998239581,55.55555095642773,48.717945778862884,37.70491542978864,-0.00412759906657037,-0.004645575247757838,0.0005179761811874685,0.07249465964782925,0.062305342331044955,0.3140538727540876,0.08008307646601874,0.06131692547709267,-0.18117755751763714,0.10160244160195528,0.06143755919436278,-0.6234302891586224,339535.6,365076.15,0.030182402080959996,0.028070855902254912,-0.014285743175720511,-0.0800000596046424,-0.15853662968816418,-0.273684219607356,-0.01428574317572056,-0.0800000596046424,-0.15853662968816415,-0.27368421960735595,50.0,44.12698952203883,33.333333333333336,28.831798450200733,-50.0,-66.66666666666667,0.003928570875099727,0.003904761303038824,-12.173948930195523,-48.11868760592087,70.34224829639243,50.589254373434684,0.0630868446356678,-0.2753622898895727,SELL,0,2
0.0689999982714653,0.0689999982714653,0.0689999982714653,0.0689999982714653,0,0.0,0.0,FSG,2023-03-23 00:00:00+11:00,Telecommunication Services,0.0,0.0,0.0,0.0,0.06840000003576278,1.0087719040261522,0.0673000007867813,1.0252599920476955,0.07005000077188014,0.9850106711085671,0.08100000038743019,0.8518518264374344,0.09048500008881093,0.7625573100927433,0.10303999949246645,0.6696428436658726,0.021788700977919583,0.3458849050723504,0.06028140502917528,0.9569376383325368,0.057393508556462115,0.9110937030591387,0.039409536566751294,0.625606998239581,71.42858663385569,48.717945778862884,38.983046138673,-0.0038399910405551713,-0.0044844584063173055,0.0006444673657621343,0.07220351312862955,0.06239648844493307,0.3466897534193278,0.07779528765111327,0.062304713892647016,-0.13556663772263075,0.10100408067160177,0.060995920103258605,-0.5998777222195013,122905.8,361463.0,0.0,0.0,0.01470580178870895,-0.014285743175720511,-0.15853662968816418,-0.273684219607356,0.014705801788708997,-0.01428574317572056,-0.15853662968816415,-0.27368421960735595,50.0,45.23810284072929,33.333333333333336,29.797983902982917,-50.0,-66.66666666666667,0.0038571421589170185,0.0038095233695847647,9.929005948075753,-32.24856115073805,69.24823501512768,50.731802500534535,0.06334510769407864,-0.24637677716597828,SELL,0,2
0.0689999982714653,0.0689999982714653,0.0689999982714653,0.0689999982714653,0,0.0,0.0,FSG,2023-03-24 00:00:00+11:00,Telecommunication Services,0.0,0.0,0.0,0.0,0.06859999895095825,1.0058308939741094,0.06790000051259995,1.0162002614221075,0.0698500007390976,0.9878310313723946,0.08048000037670136,0.8573558393203056,0.09007500007748603,0.7660282898929648,0.10273499950766564,0.6716308814146325,0.021788700977919583,0.3458849050723504,0.04906526911960598,0.778887000605607,0.05205133332513098,0.8262893003257519,0.039409536566751294,0.625606998239581,42.857112446541954,48.717945778862884,38.983046138673,-0.003570896535380244,-0.004301746032129894,0.0007308494967496497,0.07183841370580718,0.06396158731939272,0.279299734411455,0.07748027276115646,0.062219728717038736,-0.11139871097320883,0.10034994411837739,0.06061005663502533,-0.5777571519318112,86905.8,342449.65,0.0,0.0,0.01470580178870895,0.09523805018545439,-0.05479453033478421,-0.273684219607356,0.014705801788708997,0.0952380501854544,-0.05479453033478419,-0.27368421960735595,50.0,50.0,38.88888658932688,35.18518441866453,-50.0,-61.11111341067312,0.0037857134427343097,0.0037619045802525113,13.333264898379191,-24.884124965482588,69.24823501512768,50.01643694090243,0.06359820549132125,-0.26086956052263344,SELL,0,2
0.0689999982714653,0.0729999989271164,0.0689999982714653,0.0689999982714653,1158606,0.0,0.0,FSG,2023-03-27 00:00:00+11:00,Telecommunication Services,0.0,0.0,0.0,0.0,0.06859999895095825,1.0058308939741094,0.06810000017285348,1.013215831076761,0.06945000067353249,0.9935204838343696,0.07986000031232834,0.8640119960131464,0.08966500006616115,0.769531012329808,0.10250499948859215,0.6731378822078269,0.02080307112156336,0.33023851616427713,0.045370356649094216,0.7202320835268545,0.05034487975036156,0.7992001896294496,0.038515026570366574,0.6114070922654095,59.999970197604775,41.17646027600906,45.99999850988357,-0.0033193735294981264,-0.0041052715316035404,0.0007858980021054141,0.07203841328198203,0.06416158706372492,0.2285179521990182,0.0763010476554005,0.06259895369166449,-0.06568374195333461,0.09917060782033225,0.060549392804324434,-0.5623853126506642,267005.4,388974.55,4.339260554280925,2.9786164673241475,0.0,0.02985069481666458,-0.10389612148897431,-0.31000002756714784,0.0,0.02985069481666457,-0.10389612148897436,-0.3100000275671478,50.0,50.0,43.74998835846973,38.65740276037666,-50.0,-56.25001164153027,0.003714284726551601,0.0035238092144330344,68.31269921104781,11.92499406333486,75.03565718088117,61.918449219890405,0.06384624133261901,-0.2753622898895727,SELL,0,2
0.0689999982714653,0.0689999982714653,0.0689999982714653,0.0689999982714653,357018,0.0,0.0,FSG,2023-03-28 00:00:00+11:00,Telecommunication Services,0.0,0.0,0.0,0.0,0.0689999982714653,1.0,0.0686999998986721,1.0043667885478265,0.06905000060796737,0.9992758532069252,0.0793400003015995,0.8696747921498843,0.08930500008165837,0.7726330911860853,0.10236999947577714,0.6740255800020017,0.013349636557133107,0.21191891053962425,0.0396469267478159,0.6293754505362942,0.05034487975036156,0.7992001896294496,0.03801254858140228,0.6034305014769092,59.999970197604775,41.17646027600906,41.30434430501777,-0.0030844837268326625,-0.003901113970649365,0.0008166302438167026,0.0703465422058341,0.06705345759151012,0.18219900666280328,0.07490707065212399,0.06319293056381076,-0.008537090409556419,0.09838499477568251,0.0602950058275165,-0.5429249162663284,305174.4,379258.45,1.1698818773789674,0.9413580633470394,0.02985069481666458,0.09523805018545439,-0.10389612148897431,-0.273684219607356,0.02985069481666457,0.0952380501854544,-0.10389612148897436,-0.27368421960735595,50.0,50.0,46.66666004392862,43.101844997241756,-50.0,-53.33333995607138,0.003714284726551601,0.0032857138486135575,45.55308486802256,-13.97211246787321,69.6166543043655,57.24670361939348,0.06408931645709083,-0.2753622898895727,SELL,0,2
0.0689999982714653,0.0689999982714653,0.0689999982714653,0.0689999982714653,0,0.0,0.0,FSG,2023-03-29 00:00:00+11:00,Telecommunication Services,0.0,0.0,0.0,0.0,0.0689999982714653,1.0,0.06859999969601631,1.005830883049876,0.06895000040531159,1.0007251322097144,0.07882000029087066,0.875412306734757,0.08894500009715557,0.7757602810286791,0.10223499946296215,0.6749156221834063,0.0,0.0,0.017470305811096706,0.2773325070264507,0.04726582558733753,0.7503217200974913,0.03801254858140228,0.6034305014769092,50.0,48.27585763936704,41.30434430501777,-0.002865302442957074,-0.0036939516651109073,0.0008286492221538334,0.06999840769734754,0.06720159169468508,0.28603853458233175,0.07473473572407086,0.06316526508655232,0.008643068938967118,0.09753675000009276,0.06010325058164855,-0.5246638530709663,303124.8,342026.45,0.0,0.0,0.0,-0.014285743175720511,-0.028169070248374006,-0.273684219607356,0.0,-0.01428574317572056,-0.028169070248374017,-0.27368421960735595,50.0,50.0,46.66666004392862,45.69443614877567,-50.0,-53.33333995607138,0.0032142847776412964,0.0032380947044917513,47.07597704066032,-3.9548716074022923,72.52689857073591,62.90829990726499,0.0643275300790732,-0.2898550732462277,SELL,0,2
0.06800000369548798,0.06800000369548798,0.06300000101327896,0.06300000101327896,233860,0.0,0.0,FSG,2023-03-30 00:00:00+11:00,Telecommunication Services,-0.08695648418106727,-0.09097173707070598,-0.005000002682209015,-0.07352944721296804,0.06779999881982804,0.9292035709424625,0.0680999994277954,0.9251101548110314,0.06860000044107437,0.9183673558048201,0.0781800003349781,0.8058327032916687,0.08864500008523464,0.7106999938259654,0.10205499947071076,0.6173142064574664,0.03888812194265049,0.6173297976876433,0.03162158782988881,0.5019771447532345,0.05103691476216895,0.8101859048682015,0.039700143271923886,0.6302202366668683,24.999976716917757,50.0,41.30434430501777,-0.0031395584554687606,-0.0035830730231824785,0.00044351456771371794,0.07192389874508479,0.06427610011050602,-1.3337167093959046,0.07493785690013967,0.06226214398200906,-0.8835794032200732,0.09682683591267634,0.05953316475727986,-0.814079110551848,349896.8,353334.8,0.6683685017982446,0.6618651771634155,-0.08695648418106727,-0.07352944721296806,-0.09999998935631349,-0.3368420862755285,-0.08695648418106726,-0.07352944721296804,-0.09999998935631348,-0.3368420862755284,3.7037118799253177,34.56790395997512,7.142872348125221,33.4920641453275,-96.29628812007468,-92.85712765187478,0.003071427345275879,0.0032380947044917513,-139.1812472214515,-140.99520749926242,72.05569719308278,69.26704186264081,0.07599999755620956,-0.2222222550731061,SELL,0,2
0.06300000101327896,0.06300000101327896,0.06199999898672104,0.06199999898672104,46597,0.0,0.0,FSG,2023-03-31 00:00:00+11:00,Telecommunication Services,-0.015873047785303074,-0.01600037377344317,-0.0010000020265579224,-0.015873047785303126,0.06639999896287918,0.9337349390830871,0.06749999895691872,0.9185185177008965,0.06820000037550926,0.9090908892279911,0.07752000033855438,0.7997935850870409,0.08826500006020069,0.7024301698797287,0.10186499945819377,0.6086486950030991,0.037744540195378644,0.5991760002447192,0.031621829157255706,0.5019809757064188,0.051094583515092315,0.8111013679401283,0.039703250495979996,0.6302695623195896,0.0,39.99998807906323,41.30434430501777,-0.0033984251972421498,-0.0035461434579944135,0.00014771826075226377,0.07293649963122228,0.06206349828261514,-1.0116801780590667,0.07514641232176444,0.061253588429254074,-0.8925473232451532,0.09607269405186131,0.05896730662524746,-0.8365362783249973,359216.2,348927.5,0.1297185371929217,0.13354350115711716,-0.10144926753772232,-0.08823535856903275,-0.114285732532034,-0.3473684235292789,-0.10144926753772235,-0.0882353585690328,-0.11428573253203404,-0.3473684235292789,0.0,17.901237293308455,0.0,17.936510797351293,-100.0,-100.0,0.0028214273708207266,0.0031428567710376923,-193.47496291976515,-180.69107923177876,67.55101566423326,68.84648514650182,0.07573999762535095,-0.16129029156886276,SELL,0,2
0.06199999898672104,0.06199999898672104,0.06199999898672104,0.06199999898672104,50000,0.0,0.0,FSG,2023-04-03 00:00:00+10:00,Telecommunication Services,0.0,0.0,0.0,0.0,0.06499999910593032,0.9538461513773224,0.06679999902844429,0.9281437109051551,0.06780000030994415,0.9144542581606385,0.07688000038266182,0.8064515957091936,0.08793500006198883,0.7050662300905761,0.10167999945580959,0.6097560908590132,0.037744540195378644,0.5991760002447192,0.03074073089327404,0.48799397438378134,0.051094583515092315,0.8111013679401283,0.03971594204282982,0.6304710343798938,0.0,47.619040861145905,41.30434430501777,-0.0035625125282926218,-0.0035494172720540555,-1.309525623856625e-05,0.07311048296089011,0.06048951509599847,-0.7606389768372112,0.07521548980799371,0.060384510811894596,-0.7821467921637062,0.09531970931230388,0.058440291453019766,-0.80695424492417,137495.0,280793.55,0.36364958725771845,0.17806676827156465,-0.10144926753772232,-0.10144926753772232,-0.114285732532034,-0.3404255201099896,-0.10144926753772235,-0.10144926753772235,-0.11428573253203404,-0.3404255201099896,0.0,1.234570626641789,0.0,2.380957449375083,-100.0,-100.0,0.00253571303827422,0.003095237626915886,-184.37680470690455,-159.84255050333886,74.10559850500998,67.52239742484691,0.07519039767980576,-0.19354836189970104,SELL,0,2
0.06199999898672104,0.06199999898672104,0.05999999865889549,0.06199999898672104,927625,0.0,0.0,FSG,2023-04-04 00:00:00+10:00,Telecommunication Services,0.0,0.0,0.0,0.0,0.06359999924898148,0.9748427628749372,0.06629999876022338,0.935143290287931,0.06715000011026859,0.9233060146673029,0.0762600003182888,0.813008113400861,0.08756500005722045,0.7080454399155639,0.10151499945670367,0.6107471735067501,0.037744540195378644,0.5991760002447192,0.030132774148557993,0.4783429602573631,0.04788056515736654,0.7600804082376965,0.039727302017179715,0.6306513683820731,0.0,21.428533415360775,41.30434430501777,-0.0036504725451749903,-0.0035696283266782422,-8.084421849674809e-05,0.07329523407358292,0.05930476344686385,-0.6147040922683735,0.07417701599350036,0.06012298422703682,-0.7328859375196157,0.09457163391288682,0.05794836672369079,-0.7787399883194752,251616.4,312222.85,3.68666350841996,2.9710349514777668,-0.10144926753772232,-0.07462690384570048,-0.17333337969249962,-0.3333333600379227,-0.10144926753772235,-0.07462690384570048,-0.17333337969249965,-0.33333336003792263,12.500002910383246,4.166667636794432,12.500002910383246,4.166667636794425,-87.49999708961676,-87.49999708961676,0.002178570255637169,0.003142856593642916,-149.07410249921676,-149.6183441203267,58.341399674563675,58.81229567832748,0.07466278173208236,-0.1774193567769461,SELL,0,2
0.06400000303983688,0.07000000029802322,0.06300000101327896,0.07000000029802322,254976,0.0,0.0,FSG,2023-04-05 00:00:00+10:00,Telecommunication Services,0.12903228132335287,0.12136087760495119,0.00599999725818634,0.09374995270627776,0.06379999965429306,1.0971786940019672,0.06639999896287918,1.0542168884242997,0.06689999997615814,1.0463378224659172,0.07594000026583672,0.9217803536078504,0.08727500006556511,0.8020624491026744,0.10138499945402145,0.6904374480937738,0.07798300551380198,1.2379418344733928,0.052061987629330564,0.8264584321615791,0.05691073349795741,0.9034298865952101,0.0429672402350463,0.6820837931082059,53.333339956071384,54.99999441206131,44.897955149622135,-0.0030396095188088557,-0.003463624565104365,0.00042401504629550934,0.07359258703253857,0.0592074108932198,0.5005154334265283,0.07305244882931397,0.060747551123002314,0.5038644604538196,0.09411560631741399,0.057764394214259454,-0.32681165904220444,302611.6,324971.65,0.8425850165690939,0.7846099805936917,0.014492783356655048,0.014492783356655048,-0.06666669978035689,-0.18604653580502006,0.014492783356655091,0.014492783356655091,-0.06666669978035689,-0.18604653580502004,76.92308794464563,29.80769695167631,62.50001455191623,25.000005820766503,-23.076912055354374,-37.49998544808377,0.002178570787821497,0.003285713671218781,21.712997400343898,9.894008317493947,48.18400424809399,58.37093712752811,0.07378301474769115,-0.24285715502135607,SELL,0,2
0.06800000369548798,0.07100000232458115,0.06800000369548798,0.07100000232458115,249179,0.0,0.0,FSG,2023-04-06 00:00:00+10:00,Telecommunication Services,0.014285743175720622,0.014184663475060866,0.00299999862909317,0.04411762450083852,0.0653999999165535,1.0856269482442342,0.06659999936819076,1.0660661110830565,0.06695000007748604,1.0604929386468671,0.07560000032186508,0.9391534659034451,0.08688500009477139,0.8171721499353929,0.10128499947488308,0.7009922761779538,0.05885771255679116,0.9343372209803582,0.05217796902691273,0.8282995797698517,0.054907550347913434,0.871630339922022,0.04287312679416978,0.6805897885506789,56.25001164153028,57.142857142857146,45.99999850988357,-0.0024466014644796696,-0.003260219944979426,0.0008136184804997562,0.07421285428504282,0.05898714445133871,0.577970157640913,0.07322358706101716,0.060676413093954926,0.6455640541410879,0.09348854420442534,0.05771145643930481,-0.25714770455791636,305675.4,327559.95,0.8151751825629409,0.7607126573318869,0.12698414575606076,0.028985566713310096,0.014285743175720622,-0.19318178739429492,0.12698414575606065,0.028985566713310183,0.01428574317572056,-0.1931817873942949,84.61541106714951,58.01283397405948,68.75002764864084,47.91668170364678,-15.384588932850498,-31.249972351359162,0.002178570787821497,0.0034285707487946467,77.6738879897228,82.11928560608692,54.1845267919954,59.9709383803395,0.07295603378236341,-0.23943662489129758,SELL,0,2
0.0689999982714653,0.07000000029802322,0.0689999982714653,0.07000000029802322,202121,0.0,0.0,FSG,2023-04-11 00:00:00+10:00,Telecommunication Services,-0.014084535124187059,-0.014184663475060855,0.0010000020265579224,0.014492783356655091,0.06700000017881394,1.0447761210627267,0.06669999957084656,1.0494752735893425,0.06730000004172325,1.0401188745115317,0.07526000037789345,0.9301089549101933,0.08648500010371209,0.8093889138472545,0.10115499947220087,0.6920073220628153,0.05854811537542065,0.9294225180892807,0.05248857346731089,0.8332302724022872,0.049602128272355266,0.7874093754490676,0.04288518621263092,0.6807812258839042,52.94118162669796,52.380957449375074,50.0,-0.0020338847577707764,-0.003014952907537696,0.0009810681497669197,0.0744774604860858,0.05892253865560731,0.42430309366268915,0.07342501353736285,0.06117498654608366,0.440815397096204,0.09290877346124125,0.05761122729454564,-0.29803771939439816,336780.2,327628.5,0.6001570163566623,0.6169212995816908,0.12903228132335287,0.014492783356655048,0.11111109797075747,-0.19540227227299756,0.12903228132335293,0.014492783356655091,0.11111109797075754,-0.1954022722729975,76.92308794464563,79.48719565214695,62.50001455191623,64.58335225082445,-23.076912055354374,-37.49998544808377,0.002250000036188534,0.0031904757377647216,66.00878067333596,72.08790853581752,47.750327616003325,59.91894498820584,0.07217867167495534,-0.2928571496995127,SELL,0,2
0.06700000166893005,0.0689999982714653,0.06700000166893005,0.0689999982714653,6784,0.0,0.0,FSG,2023-04-12 00:00:00+10:00,Telecommunication Services,-0.014285743175720511,-0.014388766760802004,0.001999996602535248,0.02985069481666457,0.06840000003576278,1.0087719040261522,0.06669999957084656,1.034482739361576,0.06739999987185001,1.0237388487041161,0.07490000039339066,0.9212282764894887,0.08612500011920929,0.8011610818689052,0.10102999947965145,0.6829654422136532,0.06044268317605763,0.9594978495438969,0.05276211534893211,0.8375726151538698,0.04791184429351389,0.7605769491305214,0.04290938857708649,0.6811654265088393,74.99996895593854,54.999990686775774,57.49999813735447,-0.0017671252801855636,-0.00276538738206727,0.0009982621018817064,0.0744774604860858,0.05892253865560731,0.29572616637803945,0.07356953452401632,0.06123046521968369,0.25933858707698176,0.09230396472852907,0.05749603605825225,-0.33900334477319755,328137.0,297659.4,0.02067429153067164,0.022791149884734026,0.11290321611526966,0.0,0.02985069481666458,-0.20689654877107377,0.11290321611526961,0.0,0.02985069481666457,-0.2068965487710738,69.23076482214175,76.92308794464564,56.25000145519162,62.500014551916244,-30.76923517785825,-43.74999854480838,0.00221428567809718,0.002952380371945245,28.940568841093896,31.944432946634414,49.93251835171732,61.61712168461625,0.07144795129399176,-0.2826086815679002,SELL,0,2
0.06700000166893005,0.0689999982714653,0.06700000166893005,0.0689999982714653,71476,0.0,0.0,FSG,2023-04-13 00:00:00+10:00,Telecommunication Services,0.0,0.0,0.001999996602535248,0.02985069481666457,0.06979999989271164,0.9885386587037821,0.06669999957084656,1.034482739361576,0.06769999973475933,1.0192023418286442,0.07454000040888786,0.9256774603295818,0.08571500010788441,0.8049932705433014,0.1008749994635582,0.6840148563905771,0.06044268317605763,0.9594978495438969,0.05276211534893211,0.8375726151538698,0.04563655760527016,0.7244578926997095,0.04290938857708649,0.6811654265088393,81.81815718817987,50.0,52.77777375354342,-0.0015379875096537265,-0.0025199074075845616,0.000981919897930835,0.0744774604860858,0.05892253865560731,0.29572616637803945,0.07354357481628478,0.06185642465323389,0.22246630163372663,0.09166480110020833,0.0574151997175674,-0.3235075395785749,156907.2,278462.8,0.45553040268387934,0.2566806050933913,0.11290321611526966,0.0,0.09523805018545439,-0.20689654877107377,0.11290321611526961,0.0,0.0952380501854544,-0.2068965487710738,69.23076482214175,71.79487252964306,56.25000145519162,58.33333915409984,-30.76923517785825,-43.74999854480838,0.00221428567809718,0.0028333325116407303,28.940568841093896,29.13655630588198,49.78228926191196,57.82614669944298,0.07076107413588598,-0.2753622898895727,SELL,0,2
0.0689999982714653,0.0689999982714653,0.0689999982714653,0.0689999982714653,0,0.0,0.0,FSG,2023-04-14 00:00:00+10:00,Telecommunication Services,0.0,0.0,0.0,0.0,0.06959999948740006,0.9913792928110096,0.06669999957084656,1.034482739361576,0.06764999963343143,1.0199556340775902,0.07414000034332276,0.9306716745608921,0.08530500009655953,0.8088622963878077,0.10071999944746494,0.6850675004963176,0.01190445525734922,0.18897736862784875,0.05276211534893211,0.8375726151538698,0.038273956175057806,0.6075802183787272,0.04274014358917879,0.6784787456169519,81.81815718817987,50.0,59.37499854480804,-0.0013409366921754706,-0.0022841132645027434,0.0009431765723272728,0.0744774604860858,0.05892253865560731,0.29572616637803945,0.07342745125951121,0.06187254800735166,0.23366680076383312,0.09081460592224808,0.05746539476439744,-0.30825329256086237,105912.0,262796.0,0.0,0.0,-0.014285743175720511,0.0,-0.014285743175720511,-0.22471913404498378,-0.01428574317572056,0.0,-0.01428574317572056,-0.22471913404498375,69.23076482214175,69.23076482214175,56.25000145519162,56.25000145519162,-30.76923517785825,-43.74999854480838,0.00221428567809718,0.0026428562899430594,45.822539817204145,46.576876221587,49.78228926191196,62.32113561112773,0.07011540960726655,-0.14492750962825596,SELL,0,2
0.0689999982714653,0.0689999982714653,0.0689999982714653,0.0689999982714653,0,0.0,0.0,FSG,2023-04-17 00:00:00+10:00,Telecommunication Services,0.0,0.0,0.0,0.0,0.06919999867677688,0.9971098206772264,0.06729999929666519,1.0252600147483857,0.0676999993622303,1.0192023474369525,0.07378000035881996,0.9352127668188167,0.08494500011205673,0.8122902840713722,0.10038999941200018,0.687319440936438,0.007769846356015005,0.1233424870991828,0.042851478295196616,0.6802461292834338,0.03768176937938401,0.5981795444324327,0.042661996135144105,0.67723819324314,81.81815718817987,50.0,47.99999523162671,-0.0011712708187417847,-0.0020615447753505518,0.000890273956608767,0.07472667880399057,0.05987331978933982,0.22890431357961516,0.07350743549654483,0.061892563227915774,0.2238507456937273,0.09009471230579162,0.057465288411848295,-0.2929872193202848,56076.2,208638.55,0.0,0.0,-0.028169070248374006,0.09523805018545439,0.01470580178870895,-0.20689654877107377,-0.028169070248374017,0.0952380501854544,0.014705801788708997,-0.2068965487710738,69.23076482214175,69.23076482214175,56.25000145519162,56.25000145519162,-30.76923517785825,-43.74999854480838,0.00221428567809718,0.002309522990669523,45.822539817204145,44.41485766475994,49.78228926191196,60.038410737865604,0.06950848495036428,-0.14492750962825596,SELL,0,2
0.06800000369548798,0.06800000369548798,0.06800000369548798,0.06800000369548798,100000,0.0,0.0,FSG,2023-04-18 00:00:00+10:00,Telecommunication Services,-0.01449267537722343,-0.014598720024514903,0.0,0.0,0.06879999935626983,0.9883721559844906,0.06789999976754188,1.001472811904101,0.0676999993622303,1.0044313786718446,0.07342000037431717,0.9261781987033992,0.08452500015497208,0.8044957535736598,0.10007999945431947,0.6794564754821557,0.007881634075345569,0.12511706212906135,0.04276133271951823,0.6788151126332072,0.03784877389343379,0.6008306589044382,0.042675231211261835,0.6774482935630832,25.0000465661211,47.36843549973982,50.0,-0.0011047655471125295,-0.0018701889297029473,0.0007654233825904178,0.0743256437510962,0.06147435578398756,0.015563253769123302,0.07350743549654483,0.061892563227915774,0.05165865389117855,0.08942556131305707,0.05741443943557728,-0.3386320979048366,35652.0,204638.55,2.8048917311791763,0.48866648048473765,-0.028571379914575923,0.09677427107784298,0.0,-0.20930230946331996,-0.028571379914575902,0.09677427107784306,0.0,-0.20930230946331996,72.72729427853173,70.39627464093843,61.53849901179513,58.012833974059475,-27.272705721468267,-38.46150098820487,0.0019999995295490536,0.0019761896913959866,25.648000848261088,15.647199498745566,21.863037547786035,47.74183555689783,0.06893797577287615,-0.1323529830698713,SELL,0,2
0.06800000369548798,0.06800000369548798,0.06800000369548798,0.06800000369548798,0,0.0,0.0,FSG,2023-04-19 00:00:00+10:00,Telecommunication Services,0.0,0.0,0.0,0.0,0.06860000044107437,0.9912536918115362,0.06850000023841858,0.9927007804205791,0.06764999963343143,1.0051737481737335,0.07306000038981438,0.9307419016243006,0.08415500022470951,0.8080328383805515,0.09976999949663877,0.6815676459713612,0.00648132146386289,0.10288778856267788,0.04276133271951823,0.6788151126332072,0.037704109092756906,0.5985341763881037,0.042675231211261835,0.6774482935630832,0.0,47.36843549973982,50.0,-0.001040070356552708,-0.0017041652150728995,0.0006640948585201914,0.07342160847958958,0.06357839199724759,-0.1015921053504336,0.07342745125951121,0.06187254800735166,0.06058104588476367,0.08871657015851483,0.05740343062111392,-0.3231868007538918,34295.2,191733.15,0.0,0.0,-0.01449267537722343,0.09677427107784298,-0.01449267537722343,-0.20930230946331996,-0.014492675377223445,0.09677427107784306,-0.014492675377223445,-0.20930230946331996,72.72729427853173,71.56178445973508,61.53849901179513,59.77566649292731,-27.272705721468267,-38.46150098820487,0.0019999995295490536,0.0018333326138201215,27.974658337703534,15.039196864199564,25.880415533281962,49.897357039274866,0.0684016971460373,-0.1323529830698713,SELL,0,2
0.06700000166893005,0.06700000166893005,0.06700000166893005,0.06700000166893005,90702,0.0,0.0,FSG,2023-04-20 00:00:00+10:00,Telecommunication Services,-0.014705911356064805,-0.014815115221147142,0.0,0.0,0.06820000112056732,0.9824047004117222,0.06900000050663949,0.9710145098112429,0.06764999963343143,0.9903917521356472,0.07266000047326088,0.9221029621873768,0.08377500027418136,0.7997612825980355,0.09952999949455262,0.6731638903765597,0.00799671768536627,0.12694395780162723,0.043393392101704197,0.6888487442677425,0.03726043749870435,0.5914911081782236,0.042643493502279875,0.676944473052188,0.0,45.00000931322422,45.83333980085216,-0.0010573028292406444,-0.0015747927379064486,0.0005174899086658042,0.071309400528117,0.06669060048516197,-0.8660252962281795,0.07342745125951121,0.06187254800735166,-0.11250599859066748,0.08787873285039699,0.057441268096124765,-0.37191000301931404,38140.4,187959.6,2.378108252666464,0.482561146118634,-0.02898545873387859,0.08064520586975976,0.0,-0.22988501612836654,-0.028985458733878536,0.08064520586975976,0.0,-0.22988501612836648,63.63636979386621,69.69698611697657,53.84617588929125,58.97439130429385,-36.36363020613379,-46.15382411070875,0.0020714282457317624,0.0018333329686096736,5.258247876323341,-16.608263065384424,24.758132092921272,45.28244888541349,0.0678975952368088,-0.17910450250806553,SELL,0,2
0.06700000166893005,0.06800000369548798,0.06599999964237213,0.06800000369548798,115846,0.0,0.0,FSG,2023-04-21 00:00:00+10:00,Telecommunication Services,0.014925403009678595,0.014815115221147057,0.0010000020265579224,0.014925403009678638,0.06800000220537186,1.0000000219134715,0.06880000084638596,0.9883721345776697,0.06759999990463257,1.005917215849404,0.07228000059723855,0.9407858762259876,0.0834050003439188,0.8152988839409071,0.09924499951303005,0.6851730971751392,0.012332116289204081,0.19576627704217617,0.011427025215144949,0.18139840166722732,0.03679108114546636,0.5840403070566081,0.042726521393944755,0.6782624999715517,33.333416117600024,66.66666666666666,52.173917268759915,-0.000978982777755169,-0.001455630745876193,0.00047664796812102385,0.07107058417150869,0.06652941752126323,-0.3523311133515624,0.07334547879903659,0.06185452101022855,0.06962061791663715,0.08697716204980649,0.057582839144670606,-0.291212484503445,61309.6,193239.5,1.889524642144134,0.5994944097868189,-0.01449267537722343,-0.028571379914575923,-0.01449267537722343,-0.2183907396302902,-0.014492675377223445,-0.028571379914575902,-0.014492675377223445,-0.21839073963029018,72.72729427853173,69.69698611697657,61.53849901179513,58.97439130429385,-27.272705721468267,-38.46150098820487,0.0017857144453695842,0.0017619046072165172,10.144980528296587,-5.477228496067474,31.996109349107655,48.94163023855535,0.05999999865889549,-0.23529414342761312,SELL,0,2
0.06800000369548798,0.06800000369548798,0.06800000369548798,0.06800000369548798,0,0.0,0.0,FSG,2023-04-24 00:00:00+10:00,Telecommunication Services,0.0,0.0,0.0,0.0,0.0678000032901764,1.0029498583422718,0.06850000098347664,0.9927007696232111,0.06755000017583371,1.0066617841374226,0.07192000061273575,0.9454950377662593,0.08308500036597252,0.8184389889385785,0.09893499955534935,0.6873199979896423,0.012332116289204081,0.19576627704217617,0.00983010809150094,0.1560481282259715,0.03679108114546636,0.5840403070566081,0.04271642428157242,0.6781022132817693,33.333416117600024,71.42857903120142,47.61906113483667,-0.0009064644151639129,-0.001345797479733737,0.0004393330645698242,0.07019967078038314,0.06680033118657014,-0.2941731911096431,0.07326148472515996,0.061838515626507454,0.07878923872907131,0.08611882265680053,0.05772117856867097,-0.2760790229698219,61309.6,193239.5,0.0,0.0,-0.01449267537722343,-0.04225350043480958,-0.01449267537722343,-0.20930230946331996,-0.014492675377223445,-0.04225350043480957,-0.014492675377223445,-0.20930230946331996,72.72729427853173,69.69698611697657,61.53849901179513,58.97439130429385,-27.272705721468267,-38.46150098820487,0.0017142857291868754,0.0016666666737624577,23.24048214037427,18.160500184473815,32.71147058856347,48.80089659476396,0.06015999875962734,-0.23529414342761312,SELL,0,2
0.06800000369548798,0.06800000369548798,0.06800000369548798,0.06800000369548798,1388,0.0,0.0,FSG,2023-04-26 00:00:00+10:00,Telecommunication Services,0.0,0.0,0.0,0.0,0.0678000032901764,1.0029498583422718,0.06830000132322311,0.9956076482880956,0.06750000044703483,1.0074074554835815,0.07156000062823295,0.950251580471054,0.08283500038087369,0.8209090768736079,0.09862499959766864,0.689480395162358,0.010476424109597402,0.16630807693941607,0.00925917173474711,0.14698479453947622,0.03679108114546636,0.5840403070566081,0.04271642428157242,0.6781022132817693,33.333416117600024,71.42857903120142,47.61906113483667,-0.0008393179554110758,-0.0012445015748692048,0.00040518361945812904,0.06964989430581311,0.06695010834063311,-0.22223808228082087,0.07317543271120144,0.06182456818286822,0.08809958875027946,0.08520362848238533,0.05791637277408057,-0.26092744325780654,41587.2,193308.9,0.0333756540473992,0.007180217775798217,0.0,-0.028571379914575923,-0.01449267537722343,-0.20930230946331996,0.0,-0.028571379914575902,-0.014492675377223445,-0.20930230946331996,72.72729427853173,72.72729427853173,61.53849901179513,61.53849901179513,-27.272705721468267,-38.46150098820487,0.0017142857291868754,0.0016666666737624577,9.722369897192989,20.095807933960195,33.51112176182781,48.80089659476396,0.06031679885834455,-0.23529414342761312,SELL,0,2
0.06800000369548798,0.06800000369548798,0.06800000369548798,0.06800000369548798,0,0.0,0.0,FSG,2023-04-27 00:00:00+10:00,Telecommunication Services,0.0,0.0,0.0,0.0,0.0678000032901764,1.0029498583422718,0.06820000186562539,0.9970674755914015,0.06745000071823597,1.0081542323409243,0.07120000064373017,0.9550562230433916,0.08258500039577484,0.8233941196295853,0.09833999961614609,0.6914785841052953,0.010476424109597402,0.16630807693941607,0.00835794197184497,0.13267821557886358,0.03679108114546636,0.5840403070566081,0.04271642428157242,0.6781022132817693,33.333416117600024,71.42857903120142,47.61906113483667,-0.00077714545326385,-0.0011510303505481339,0.0003738848972842839,0.0694649092103047,0.06693509452094608,-0.15811290129564082,0.0730872832736783,0.06181271816279363,0.09756526692475721,0.08422431081792357,0.058175690469536766,-0.24569416003180883,41587.2,135378.6,0.0,0.0,0.0,-0.01449267537722343,-0.01449267537722343,-0.20930230946331996,0.0,-0.014492675377223445,-0.014492675377223445,-0.20930230946331996,62.50002328306055,69.31820394670801,61.53849901179513,61.53849901179513,-37.49997671693945,-38.46150098820487,0.0015714285629136221,0.0016666666737624577,-32.269353426700846,22.087483561968938,60.780142485595405,48.80089659476396,0.06047046295508742,-0.2794118227121295,SELL,0,2
0.06499999761581421,0.06499999761581421,0.06499999761581421,0.06499999761581421,9500,0.0,0.0,FSG,2023-04-28 00:00:00+10:00,Telecommunication Services,-0.0441177340681943,-0.045120526305661615,0.0,0.0,0.06740000247955322,0.9643916205423422,0.06780000180006027,0.9587020042786553,0.06725000068545342,0.9665427056251926,0.07078000053763389,0.9183384730444238,0.08218500040471553,0.7908985495616631,0.09798999957740306,0.6633329716923838,0.022353431927711317,0.3548497309772118,0.01582716951833261,0.2512485270214202,0.038084143602269735,0.6045670371988637,0.043090484021244796,0.6840402275616972,20.0,22.22224061869548,41.66666925367259,-0.0009588951692961062,-0.0011126033142977285,0.00015370814500162227,0.07007058775026362,0.06552941584985691,-1.2331637056044011,0.07293932692290242,0.06156067444800442,-0.39547794865918534,0.08319651355740909,0.0583634875178587,-0.46550935134640015,25346.8,118002.7,0.37480076380450394,0.08050663247535862,-0.0298508060193573,-0.057971025447188684,-0.057971025447188684,-0.24418609990275264,-0.029850806019357277,-0.05797102544718872,-0.05797102544718872,-0.2441860999027526,0.0,45.07577252053077,45.45452082453516,56.177172949375155,-100.0,-54.54547917546484,0.0012142860463687352,0.0016190478844302042,-259.04030838554667,-72.88275880905486,47.37587357170985,24.537122450153745,0.06062105376989543,-0.21538460127700665,SELL,0,2
0.06700000166893005,0.06700000166893005,0.06700000166893005,0.06700000166893005,50000,0.0,0.0,FSG,2023-05-01 00:00:00+10:00,Telecommunication Services,0.03076929425347008,0.030305411084514445,0.0,0.0,0.06720000207424164,0.9970238035842525,0.06760000213980674,0.9911242536703505,0.06715000085532666,0.9977662072302906,0.0704200005531311,0.9514342678594456,0.08185500040650368,0.8185205709632696,0.09764999955892563,0.6861239321204479,0.026727737273622383,0.4242896756008581,0.019623958267843408,0.31152067989254106,0.03879733287294822,0.6158885658864726,0.04336714537878251,0.6884320904582552,42.857142857142854,30.000022351713156,46.15385497109607,-0.000930819607314462,-0.0010762465729010752,0.0001454269655866132,0.06974993974006365,0.06545006453954984,-0.27907808617561336,0.07277980996788574,0.06152019174276757,-0.026643742869004776,0.08218011986949025,0.05865988123677197,-0.2908132810730583,12177.6,120502.7,4.105899356194981,0.4149284621838349,-0.014705911356064805,-0.02898545873387859,-0.02898545873387859,-0.21176469453890856,-0.014705911356064761,-0.028985458733878536,-0.028985458733878536,-0.21176469453890856,40.0000596046128,34.16669429589114,63.63636979386621,56.876463210065516,-59.9999403953872,-36.36363020613379,0.0011428578623703548,0.0017142861726738158,-79.87981568029568,-1.1172891715203332,28.452256813493904,30.18039577720458,0.060768632768407285,-0.2835821011704306,SELL,0,2
0.06549999862909317,0.06549999862909317,0.06549999862909317,0.06549999862909317,356000,0.0,0.0,FSG,2023-05-02 00:00:00+10:00,Telecommunication Services,-0.022388104514518004,-0.022642522589038833,0.0,0.0,0.06670000106096267,0.9820089593286104,0.06725000217556953,0.9739776432734139,0.06727500073611736,0.9736157251935745,0.07003000050783158,0.935313410739847,0.08151000037789345,0.8035823619853351,0.09732749957591295,0.6729855273637729,0.02801308190739818,0.44469388910075097,0.02052998615936331,0.32590342678364026,0.03358482898793803,0.5331426319603026,0.04344233113520822,0.6896256273400754,39.99999999999999,28.571448845090572,43.636368562364034,-0.0010178738156940148,-0.0010645720214596632,4.669820576564841e-05,0.06952303706486895,0.06497696728627012,-0.769897353848244,0.07262068418534569,0.06192931728688903,-0.3320439984676648,0.08108904421608462,0.05897095679957854,-0.4096196740191741,83377.6,126609.7,4.269731918404943,2.8117908817412887,-0.0367647783901619,-0.05072463376886116,0.03968250120007566,-0.22941178893960446,-0.0367647783901619,-0.050724633768861174,0.03968250120007564,-0.22941178893960446,12.50002328306055,17.50002762922447,49.99998306686792,53.03029122842312,-87.49997671693946,-50.00001693313208,0.0011071435042790004,0.0017857148888565245,-158.5413600454264,-46.93962606811187,23.025243525617313,26.164156570121847,0.0609132601869489,-0.3282442643893748,SELL,0,2
0.06499999761581421,0.06499999761581421,0.06499999761581421,0.06499999761581421,10500,0.0,0.0,FSG,2023-05-03 00:00:00+10:00,Telecommunication Services,-0.007633603415937662,-0.007662888495475661,0.0,0.0,0.06609999984502793,0.9833585138911848,0.06695000156760215,0.9708737280637858,0.06742500066757202,0.9640340670708496,0.06965000048279762,0.9332375759547642,0.08113500036299229,0.8011338796451444,0.09700249958783388,0.6700858007989574,0.02773278344282108,0.4402442889198855,0.020290820652408424,0.32210679206211634,0.03339821224997711,0.5301801830855425,0.04343172376861838,0.6894572406157033,28.57142857142857,30.000022351713156,54.545442230457745,-0.0011143650989231119,-0.001074530636952353,-3.983446197075883e-05,0.06955128857463637,0.06434871456056794,-0.7496304508171868,0.07229461798668681,0.06255538334845724,-0.4979863699430573,0.08003493878668644,0.05926506217890881,-0.44776413021559724,85200.0,124804.85,0.12323943661971831,0.08413134585715218,-0.0441177340681943,-0.0441177340681943,0.04838707545359311,-0.22619049414113834,-0.04411773406819428,-0.04411773406819428,0.04838707545359316,-0.22619049414113832,0.0,17.50002762922447,45.45452082453516,53.0302912284231,-100.0,-54.54547917546484,0.0009285722460065569,0.0015238103057656968,-149.78502930671362,-65.44385198503018,22.92161920736271,28.51401894037312,0.06105499505711968,-0.2769230751596258,SELL,0,2
0.06199999898672104,0.06199999898672104,0.057999998331069946,0.061000000685453415,607233,0.0,0.0,FSG,2023-05-04 00:00:00+10:00,Telecommunication Services,-0.061538416570458665,-0.06351335780560263,-0.000999998301267624,-0.016129005122754926,0.06469999924302101,0.9428130046235401,0.0662500012665987,0.9207547097241765,0.06737500075250864,0.9053803340133119,0.06919000051915646,0.8816302966866506,0.08074500035494565,0.7554647398266703,0.09668249959126114,0.6309311503461277,0.03549097911328664,0.5634018271196648,0.027044512808337397,0.4293183313185707,0.036377871542431765,0.5774808079627687,0.04417604361020943,0.7012729517961488,18.181836654313386,21.428599938426316,48.000004768368306,-0.0014963524394997763,-0.0011588949974618377,-0.0003374574420379386,0.07070346750833452,0.06179653502486289,-1.1788571634258107,0.07249333832528647,0.06225666317973082,-1.2455216125175166,0.07900230060244876,0.059377700435864156,-0.8346666698105171,206646.6,152666.5,2.9385095133430696,3.9775130758876376,-0.10294121514141963,-0.10294121514141963,-0.016129005122754947,-0.27380950585886166,-0.10294121514141968,-0.10294121514141968,-0.016129005122754926,-0.2738095058588617,27.272748823993577,13.257590702351393,23.07693409848862,39.510479329963914,-72.72725117600642,-76.92306590151138,0.0012857152947357722,0.0018095244609174273,-265.6182647576774,-209.61317766585276,13.074662883977439,23.569298059388174,0.06800000369548798,-0.21311475610066666,SELL,0,2
0.05999999865889549,0.05999999865889549,0.05700000002980232,0.05700000002980232,307493,0.0,0.0,FSG,2023-05-05 00:00:00+10:00,Telecommunication Services,-0.06557378050333318,-0.06782260705285456,-0.00299999862909317,-0.04999997826913944,0.06309999972581863,0.9033280551105871,0.06525000110268593,0.8735632040848501,0.0671250008046627,0.849162001437815,0.06865000054240226,0.8302986100429203,0.08031500034034252,0.709705531821694,0.09634249959141016,0.5916392067004707,0.03999857193444847,0.6349576448176703,0.03221885558528198,0.5114584764345631,0.039203116098951,0.6223301748997019,0.04497782999438892,0.7140009160589685,13.333349890166119,16.666690812052792,41.379317432176954,-0.0020976661923739065,-0.0013466492364442517,-0.0007510169559296548,0.07254155123579259,0.05795845096957927,-1.1314468010615721,0.07364521309056413,0.06060478851876128,-1.552863669293949,0.07810073279103726,0.05919926829376728,-1.2327087686017777,266245.2,121659.9,1.1549241075519858,2.5274802954794473,-0.12307689045307779,-0.14925375209005465,-0.08064514578443138,-0.3214285619252797,-0.12307689045307785,-0.14925375209005462,-0.08064514578443138,-0.32142856192527974,0.0,9.090916274664545,0.0,22.84381830767461,-100.0,-100.0,0.001571429627282279,0.0020000006826150986,-230.42295005306315,-246.53649178767293,10.813320438490464,21.909646909802547,0.06780000358819961,-0.08771927990007855,SELL,0,2
0.05400000140070915,0.05400000140070915,0.05000000074505806,0.05000000074505806,230235,0.0,0.0,FSG,2023-05-08 00:00:00+10:00,Telecommunication Services,-0.12280700493130403,-0.1310282480280908,-0.0040000006556510925,-0.07407408429434897,0.059699999541044234,0.837520956942096,0.06345000080764293,0.7880220663296708,0.06612500082701445,0.7561436691072412,0.0680100005120039,0.7351860074788995,0.07988500032573938,0.6258997376375773,0.0959924996085465,0.5208740365023937,0.044873640306564926,0.7123469560400101,0.04474522525617843,0.7103084303124871,0.03456789448171136,0.5487483128743815,0.04783313036178604,0.7593274042021134,9.09092294528753,12.000019669525159,33.33334368135702,-0.003103280429535525,-0.0016979754750625067,-0.0014053049544730184,0.07522992852952662,0.05167007308575924,-1.1417727154300503,0.0760397697687869,0.05621023188524199,-1.6263616607361635,0.07808419510658503,0.05793580591742277,-1.7877359423485182,302292.2,120422.85,0.7616306342009486,1.9118879847138643,-0.2537313507524197,-0.2647059113560648,-0.2857142781116525,-0.3902439101954287,-0.25373135075241965,-0.26470591135606475,-0.2857142781116525,-0.3902439101954287,0.0,9.090916274664545,0.0,7.692311366162888,-100.0,-100.0,0.0020714295761925833,0.002238095871039799,-254.6892304462993,-328.0753541452321,9.701390517091156,27.925098588343644,0.06736800344586372,-0.060000046193599,SELL,0,2
0.05299999937415123,0.05299999937415123,0.052000001072883606,0.052000001072883606,292773,0.0,0.0,FSG,2023-05-09 00:00:00+10:00,Telecommunication Services,0.04000000596046438,0.03922071888449703,-0.000999998301267624,-0.018867892699548517,0.05700000002980232,0.9122807200999214,0.0618500005453825,0.8407437447753707,0.06517500076442957,0.7978519441961179,0.06741000048816204,0.7713989125695883,0.0794750003144145,0.6542938139938866,0.09565249962732196,0.5436345236714593,0.06196952099826752,0.9837356485632658,0.0492223212981662,0.7813801266495944,0.036196681897138185,0.5746045115132478,0.048313941248102024,0.7669600403991812,19.047635097618553,19.230782456644093,20.000017384678728,-0.0036962456270346333,-0.002097629505456932,-0.0015986161215777012,0.07513365847204097,0.04856634261872403,-0.7415125808630847,0.07664246073304634,0.05370754079581281,-1.148903046324318,0.07765533806986794,0.05716466290645614,-1.5040987466137339,289646.8,122602.55,1.0107931453066286,2.3879845892275484,-0.20610683723302037,-0.23529414342761312,-0.2676056426707959,-0.3658536629688164,-0.2061068372330204,-0.23529414342761312,-0.2676056426707959,-0.36585366296881644,11.11111111111111,3.7037037037037224,9.523810368546489,3.174603456182177,-88.88888888888889,-90.47618963145351,0.0022142870085580008,0.002000000505220322,-162.10345384840585,-226.5839760014769,21.44238124670335,27.06701411731447,0.06632592328381538,0.0,HOLD,0,1
0.052000001072883606,0.052000001072883606,0.04600000008940697,0.050999999046325684,913478,0.0,0.0,FSG,2023-05-10 00:00:00+10:00,Telecommunication Services,-0.019230807806259742,-0.019418125188975035,-0.0010000020265579224,-0.01923080780625969,0.05420000031590462,0.9409593865142485,0.06015000008046627,0.8478802822626753,0.0642250007018447,0.7940832773686656,0.06697000049054623,0.7615349958601996,0.07900500033050775,0.645528749230725,0.09525749964639545,0.5353909060771315,0.06049036587846404,0.9602547889783382,0.04849304882586922,0.7698032850513762,0.03620964277542358,0.5748102590775446,0.04606343015525308,0.7312342843523582,10.0,18.51853027182736,16.66667908429433,-0.004198469283865795,-0.002517797461138705,-0.0016806718227270903,0.07426106753798821,0.046038932622944326,-0.648427276085563,0.0770742282596809,0.0513757731440085,-1.0292448784171193,0.07808794005291018,0.05585206092818228,-1.4364173644441838,470242.4,158170.4,1.9425683434756202,5.775277801662005,-0.21538460127700665,-0.2500000547836779,-0.27142858815436455,-0.3013698658099383,-0.21538460127700665,-0.25000005478367787,-0.27142858815436455,-0.30136986580993835,22.727264260705255,11.279458457272142,20.833328806070856,10.119046391539129,-77.27273573929475,-79.16667119392915,0.0026428585073777606,0.0021428577601909637,-147.85891248118054,-204.76789603217225,15.680077192224758,13.920154648415263,0.06534636793148994,-0.019607810195433117,HOLD,0,1
0.050999999046325684,0.050999999046325684,0.05000000074505806,0.05000000074505806,1551007,0.0,0.0,FSG,2023-05-11 00:00:00+10:00,Telecommunication Services,-0.019607810195433117,-0.019802593695522057,-0.000999998301267624,-0.019607810195433114,0.05200000032782555,0.9615384698046381,0.05834999978542328,0.8568980450544718,0.06327500082552433,0.7902015028483208,0.06643000051379204,0.7526719909429652,0.07857500031590461,0.6363347189823352,0.09490749966353178,0.5268287640314959,0.06067444119608782,0.9631768940559646,0.04765792108239494,0.7565460431181552,0.03622325336885621,0.5750263205500571,0.045250566987966846,0.7183304816089763,10.256412705647975,18.51853282689646,16.66668115390074,-0.004623875497337587,-0.0029390130683784816,-0.0016848624289591057,0.07260209397712478,0.04409790559372179,-0.5858787437166351,0.07738537482659207,0.04916462682445659,-0.9407971808161673,0.07816519132797178,0.0546948096996123,-1.4000624300783813,658997.2,235381.55,2.3535866313240787,6.5893312368790165,-0.18032786584900007,-0.2647059113560648,-0.2753622898895727,-0.35064933745469784,-0.18032786584900007,-0.26470591135606475,-0.2753622898895727,-0.3506493374546978,18.181818181818183,17.3400645178782,17.39130857310842,15.916149249241935,-81.81818181818181,-82.60869142689158,0.0026428582412855966,0.0020952384386743817,-112.5110721916999,-156.21468612040184,43.410402458917304,41.13180782783454,0.0637986585041233,-0.16000002384185752,SELL,0,2
0.05000000074505806,0.05000000074505806,0.05000000074505806,0.05000000074505806,500000,0.0,0.0,FSG,2023-05-12 00:00:00+10:00,Telecommunication Services,0.0,0.0,0.0,0.0,0.05060000047087669,0.9881422980190688,0.05685000009834766,0.879507487397723,0.06232500094920397,0.8022462893471752,0.06589000053703785,0.7588404968512975,0.07812500033527613,0.6400000067901611,0.09455749968066812,0.5287787950602965,0.06015878967542977,0.9549911799349637,0.04816417504312053,0.7645825756000835,0.03622325336885621,0.5750263205500571,0.045250566987966846,0.7183304816089763,10.526318885283203,15.384625304022947,17.241395256885014,-0.004904477225871465,-0.003332105899877079,-0.001572371325994386,0.07114879487472543,0.04255120532196989,-0.4790613097410207,0.07734174700305443,0.047308254895353515,-0.820750391592701,0.07811458309922445,0.05366541797485124,-1.2998398686537684,697498.6,256807.75,0.7168473169695251,1.9469817402317493,-0.12280700493130403,-0.23076919109158112,-0.2753622898895727,-0.35064933745469784,-0.12280700493130402,-0.23076919109158117,-0.2753622898895727,-0.3506493374546978,18.181818181818183,19.69696687478056,17.39130857310842,18.53864865076258,-81.81818181818181,-82.60869142689158,0.002500000808920179,0.0019523813610985165,-96.80478828826196,-133.1380676551834,37.49342742261624,37.51052759730048,0.062374765830946,-0.09999997764825852,SELL,0,2
0.050999999046325684,0.050999999046325684,0.04899999871850014,0.04899999871850014,150000,0.0,0.0,FSG,2023-05-15 00:00:00+10:00,Telecommunication Services,-0.02000004023313462,-0.02020274837173929,-0.0020000003278255463,-0.03921569343577541,0.05040000006556511,0.9722221955308786,0.055049999803304675,0.8900998890749977,0.06132500097155571,0.7990215726409485,0.06545000046491622,0.7486630767064099,0.07768500030040741,0.6307523785675155,0.09417749967426062,0.5202941136468946,0.02590035381902535,0.4111553704423386,0.04416550512287911,0.7011056584961238,0.036053728628946985,0.5723351987328207,0.04414116572136893,0.7007192824753874,12.5,14.814823502044277,16.66668115390074,-0.005148202648056516,-0.0036953252495129664,-0.0014528773985435493,0.06815173719933004,0.041948262407279314,-0.4617709012119194,0.07711398941159026,0.045536012531521154,-0.7806074657578632,0.07848096882378236,0.05241903210605008,-1.2623775373703268,681451.6,264307.75,0.22011834736318764,0.5675202486495383,-0.02000004023313462,-0.2686567537620983,-0.2898550732462277,-0.30985919557448116,-0.020000040233134623,-0.2686567537620983,-0.2898550732462278,-0.3098591955744812,13.636355169796165,16.66666384447753,13.043473331373507,15.942030159196797,-86.36364483020384,-86.9565266686265,0.0026428579751934323,0.0019523815384932927,-85.35613749273217,-116.97430075078493,36.44121827921538,36.53390806030997,0.06106478457162288,-0.10204079770783647,SELL,0,2
0.04899999871850014,0.05000000074505806,0.04899999871850014,0.04899999871850014,149900,0.0,0.0,FSG,2023-05-16 00:00:00+10:00,Telecommunication Services,0.0,0.0,0.0,0.0,0.049799999594688414,0.9839357252470018,0.05339999981224537,0.9176029754828529,0.06032500099390745,0.8122668530655957,0.06503000043332577,0.7534983606333981,0.07720500025898218,0.6346739013552348,0.09382249968126416,0.5222627715629407,0.01074586267236747,0.17058528152361768,0.045143965084327435,0.7166382288510805,0.036053728628946985,0.5723351987328207,0.04413628791517509,0.7006418497025925,16.666666666666657,14.814823502044277,16.66668115390074,-0.005280486638109677,-0.004012357527232309,-0.0012681291108773678,0.0646822368687796,0.04211776275571114,-0.3899936751636438,0.07659339358869467,0.044056608399120234,-0.696135294831532,0.07879539694326375,0.05126460392338779,-1.1645143460453689,652877.0,271802.75,0.229599143483382,0.5515028821452321,-0.05769235177858245,-0.25190840085398447,-0.2898550732462277,-0.300000021287373,-0.05769235177858251,-0.2519084008539844,-0.2898550732462278,-0.300000021287373,13.636355169796165,15.151509507136856,13.043473331373507,14.49275174528516,-86.36364483020384,-86.9565266686265,0.002714286691376141,0.0020000006826150986,-76.83420698602703,-105.331669728938,35.45359120470843,35.613515897601644,0.05985960181304561,-0.10204079770783647,SELL,0,2
0.04899999871850014,0.052000001072883606,0.04600000008940697,0.052000001072883606,382783,0.0,0.0,FSG,2023-05-17 00:00:00+10:00,Telecommunication Services,0.061224539445769555,0.059423467256236345,0.0030000023543834686,0.06122453944576954,0.05,1.0400000214576721,0.05210000015795231,0.9980806317703352,0.05952500086277723,0.8735825337114907,0.06467000044882297,0.8040822748104687,0.07675500024110078,0.6774803062933044,0.09348249970003962,0.5562538575641187,0.033314620707433025,0.5288532084858629,0.05308712617864068,0.8427320021267396,0.04001363336259853,0.6351967375773174,0.045148149331873395,0.7167046517216638,62.499994179237575,23.333343267435467,24.242439978262382,-0.005084635027823199,-0.004226813027350488,-0.0008578220004727116,0.059900285641771314,0.04429971467413331,-0.012819926306049263,0.07577785675242395,0.04327214497313052,-0.4629955400445747,0.07884040713264359,0.05049959376500235,-0.8941168491942875,546738.0,285941.9,0.7001214475672077,1.3386740453217942,0.01960788324034235,-0.1999999541502716,-0.23529414342761312,-0.2571428449786439,0.019607883240342294,-0.19999995415027158,-0.23529414342761312,-0.257142844978644,28.57143110563947,18.614713815077284,27.272727272727273,17.786557978491444,-71.42856889436054,-72.72727272727273,0.0031428581901959012,0.0022857150151616053,-61.786463769330474,-88.35913907952178,39.68428091066474,39.55464172712867,0.05875083367515452,-0.11538463191696846,SELL,0,2
0.050999999046325684,0.050999999046325684,0.04899999871850014,0.05000000074505806,840858,0.0,0.0,FSG,2023-05-18 00:00:00+10:00,Telecommunication Services,-0.03846154397232282,-0.03922071888449705,-0.000999998301267624,-0.019607810195433114,0.05,1.0000000149011612,0.051000000163912776,0.9803921683207698,0.05862500071525574,0.8528784671220783,0.06427000045776367,0.7779679537720958,0.07627500027418137,0.6555227868282651,0.09313249971717596,0.5368695234949955,0.037504031183582726,0.5953580380450277,0.05159790059495743,0.8190912788837343,0.04030272475577868,0.6397859211724607,0.04538948206091772,0.7205356900272947,37.50000582076243,24.137945652144595,23.529423365948972,-0.0050327896609828685,-0.004388008354076964,-0.0006447813069059049,0.055714045793315084,0.04628595453451047,-0.21213189210930614,0.07489533368259252,0.04235466774791896,-0.5301059288407095,0.07894638773131032,0.04959361318421701,-0.9723101092069477,404708.2,327984.8,2.077689555091792,2.563710269500294,0.0,-0.18032786584900007,-0.2647059113560648,-0.2857142781116525,0.0,-0.18032786584900007,-0.26470591135606475,-0.2857142781116525,19.047620737092977,20.418469004176224,18.181818181818183,19.499339595306335,-80.95237926290702,-81.81818181818181,0.003142857924103737,0.002380953480799993,-55.19425156992538,-79.36492543459747,34.75383818569574,35.54792349341501,0.05773076698829471,0.0,HOLD,0,1
0.052000001072883606,0.052000001072883606,0.050999999046325684,0.050999999046325684,319659,0.0,0.0,FSG,2023-05-19 00:00:00+10:00,Telecommunication Services,0.01999996572732976,0.01980259369552205,-0.0010000020265579224,-0.01923080780625969,0.05019999966025353,1.0159362428582956,0.05040000006556511,1.0119047416662705,0.05782500058412552,0.8819714402273006,0.06379000037908554,0.7994983342725729,0.07578500024974347,0.672956374985277,0.09278749972581864,0.5496429928279946,0.038484102949487856,0.610916195002513,0.049984227738090074,0.7934750164236174,0.04103201420653571,0.6513630322953766,0.04417246151862558,0.7012160878551229,50.0,21.42857142857143,25.714292100494234,-0.004855044398987082,-0.004481415563058987,-0.00037362883592809495,0.05254993643365221,0.04825006369747801,0.2790775530228464,0.07393408756471538,0.04171591360353566,-0.4236740136808131,0.0786032464818528,0.048976754276318285,-0.8634165154638563,368640.0,339432.65,0.8671305338541667,0.9417449971297692,0.01999996572732976,-0.10526317509367633,-0.23880600334408741,-0.3200000397364283,0.019999965727329764,-0.10526317509367634,-0.2388060033440874,-0.32000003973642827,25.641022212092828,24.42002468494178,22.727264260705255,22.727269905083585,-74.35897778790718,-77.27273573929475,0.0031428576580115725,0.0024761915916488284,-33.756766472208476,-61.48028917551851,37.21299251472459,38.45079981803518,0.05679230563638369,-0.019607810195433117,HOLD,0,1
0.052000001072883606,0.05299999937415123,0.052000001072883606,0.05299999937415123,932863,0.0,0.0,FSG,2023-05-22 00:00:00+10:00,Telecommunication Services,0.03921569343577547,0.038466287718825265,0.000999998301267624,0.019230736166063123,0.05099999979138374,1.0392156782538926,0.050699999928474425,1.0453648806493403,0.05707500036805868,0.9286026987712824,0.06335000030696392,0.8366219276612231,0.07532500024884939,0.703617646187274,0.09247749971225858,0.5731123737023536,0.03814939014132746,0.6056027938963903,0.03252559696557041,0.5163278448888984,0.04223526895050077,0.670464109193718,0.0446399956191303,0.7086379616113894,66.66665286930031,28.07017819042663,30.555561591902716,-0.004500912963591348,-0.00448531504316546,-1.559792042588829e-05,0.05337498754141669,0.04802501231553216,0.8598168584216342,0.07257466208105305,0.041575338655064305,-0.2629090279106616,0.07811102219082673,0.048588978423101094,-0.7011710309926177,525212.6,380283.5,1.7761626434704727,2.4530725103771265,0.08163266857680296,0.05999997168779414,-0.22058828685522625,-0.29333336975839264,0.08163266857680299,0.059999971687794154,-0.22058828685522625,-0.2933333697583926,36.8421062950944,27.176916414760086,31.818173351614345,24.242418598045944,-63.1578937049056,-68.18182664838565,0.003178571750010763,0.002523810558375858,-3.589741249497016,-44.78896807521488,47.82951299170575,46.44726100004441,0.055928921192625554,-0.05660374838714255,SELL,0,2
0.054999999701976776,0.054999999701976776,0.05400000140070915,0.05400000140070915,291269,0.0,0.0,FSG,2023-05-23 00:00:00+10:00,Telecommunication Services,0.018867962988045495,0.01869217075967797,-0.000999998301267624,-0.018181787394294886,0.05200000032782555,1.0384615588514408,0.05089999996125698,1.0609037611357912,0.05637500025331974,0.9578714174378965,0.06303000032901764,0.8567349058992267,0.07488500028848648,0.7211057113264326,0.09214749973267317,0.5860170005411673,0.03703915430284069,0.5879783463447865,0.030730782245534348,0.4878360444969777,0.04271384952637729,0.6780613403101702,0.04389815416628829,0.6968615936326367,69.9999925494234,31.03449117485239,30.555561591902716,-0.0040923948629309065,-0.004406731007118549,0.00031433614418764286,0.05422666086648197,0.047573339056031984,0.9318657740508459,0.07103922528902208,0.041710775217617395,-0.16195870199947723,0.07789594587183897,0.04816405478619629,-0.6074284950323261,553486.4,394846.95,0.5262441859456709,0.737675699407074,0.10204087373417092,0.03846154397232282,-0.20588237549916144,-0.22857141184563545,0.10204087373417103,0.03846154397232281,-0.20588237549916147,-0.22857141184563545,50.000011641532986,37.49438004957343,36.36363636363637,30.303024658652003,-49.999988358467014,-63.63636363636363,0.0032857145581926617,0.002523810380981082,60.75717780538786,-25.268811444970336,50.04475056729799,47.4818506169416,0.05513460750436807,-0.07407408429434903,SELL,0,2
0.05400000140070915,0.05400000140070915,0.04800000041723251,0.0494999997317791,1295004,0.0,0.0,FSG,2023-05-24 00:00:00+10:00,Telecommunication Services,-0.08333336207785647,-0.08701140834729186,-0.004500001668930054,-0.0833333620778565,0.051500000059604645,0.9611650422230912,0.050750000029802324,0.975369452270164,0.0554500000551343,0.8926961169082223,0.06276000030338764,0.7887189211678063,0.07440000031143428,0.6653225742550383,0.0917949997447431,0.5392450554978497,0.050831765658825856,0.8069292638133992,0.041098396584065194,0.6524168198696579,0.04559636057075357,0.7238197845590705,0.043214053804816195,0.6860018370630493,51.85185491793327,30.508478000840526,27.16049950508851,-0.004084668337565371,-0.004342318473207914,0.0002576501356425431,0.05418996222484349,0.047310037834761155,-0.36337617309432835,0.06934017094811554,0.04155982916215306,-0.4283604837692646,0.0781106504719394,0.047409350134835895,-0.863807097810995,735930.6,459527.75,1.759682230906012,2.8181192539514752,-0.04807694787545269,-0.029411751815604292,-0.2720588670340971,-0.21428573118045458,-0.04807694787545266,-0.02941175181560426,-0.27205886703409715,-0.2142857311804546,25.0,37.28070597887582,15.909086675807172,28.03029879701931,-75.0,-84.09091332419283,0.0032142861081021173,0.0028095247135275885,-35.425083761213905,-57.808663410094304,46.58644951689003,41.023528975212336,0.05440383891117118,-0.030303016619686596,HOLD,0,1
0.0494999997317791,0.0494999997317791,0.0494999997317791,0.0494999997317791,0,0.0,0.0,FSG,2023-05-25 00:00:00+10:00,Telecommunication Services,0.0,0.0,0.0,0.0,0.051399999856948854,0.9630350169171665,0.050699999928474425,0.9763313570337625,0.05452499985694885,0.9078404376276336,0.062410000264644626,0.7931421169985307,0.07390500031411648,0.6697787635666133,0.09144249975681305,0.5413237812113839,0.04804374712020524,0.762670841590432,0.04064129850542199,0.6451606128245257,0.04559636057075357,0.7238197845590705,0.04211221543797279,0.6685106952411061,51.85185491793327,35.29412108446532,27.16049950508851,-0.004032065865127249,-0.004280267951591781,0.00024820208646453203,0.0542023811184058,0.04719761873854305,-0.3426240981835673,0.06731675238462509,0.04173324732927262,-0.3928312492207508,0.0781589105464534,0.04666108998283586,-0.8197392900115507,567759.0,459527.75,0.0,0.0,-0.01000002011656731,-0.01000002011656731,-0.2720588670340971,-0.261194052257259,-0.010000020116567311,-0.010000020116567311,-0.27205886703409715,-0.261194052257259,38.88888658932688,37.96296607695331,15.909086675807172,22.727269905083585,-61.11111341067312,-84.09091332419283,0.0029285717755556107,0.0028095247135275885,-74.33629303384976,-64.4642905003811,48.67208671132071,41.023528975212336,0.05373153180543005,-0.030303016619686596,HOLD,0,1
0.05000000074505806,0.05000000074505806,0.04899999871850014,0.05000000074505806,739135,0.0,0.0,FSG,2023-05-26 00:00:00+10:00,Telecommunication Services,0.010101030626025631,0.01005035617326661,0.0,0.0,0.05120000019669533,0.9765625108002495,0.050699999928474425,0.9861933099723097,0.053775000013411046,0.9298001066032258,0.062150000259280205,0.8045052379157808,0.0734050003066659,0.681152517351295,0.09109249977394938,0.5488926187022595,0.04715520709013273,0.7485657058934457,0.040773477018023994,0.6472588816625936,0.045368416586806355,0.7202012859928046,0.041418761913333886,0.6575024618092515,40.90909244846655,50.0,28.048787468565607,-0.0039050175125551548,-0.004205217863784456,0.0003002003512293013,0.0542023811184058,0.04719761873854305,-0.19986379136249333,0.0657111236376515,0.041838876389170596,-0.31626677028432726,0.07828368951839348,0.04601631100016693,-0.75308252930179,651654.2,496009.5,1.134244204978653,1.4901629908298126,-0.019607810195433117,0.0,-0.23076919109158112,-0.20634920728780304,-0.019607810195433114,0.0,-0.23076919109158117,-0.20634920728780304,44.444453642692494,36.11111341067314,19.047620737092977,16.955264696235787,-55.555546357307506,-80.95237926290702,0.002500000542828015,0.0028571438576493946,-58.33332686581591,-60.03482973180603,54.482966791080976,45.207059394152985,0.0531130092681482,-0.060000046193599,SELL,0,2
0.04899999871850014,0.05900000035762787,0.04899999871850014,0.05900000035762787,428855,0.0,0.0,FSG,2023-05-29 00:00:00+10:00,Telecommunication Services,0.17999998956918728,0.16551442963790156,0.010000001639127731,0.20408167144200745,0.052400000393390656,1.125954196845191,0.0517000000923872,1.1411992311836687,0.05337499994784593,1.1053864246422158,0.061930000260472295,0.952688521063764,0.07299500029534102,0.8082745409810431,0.09076249977573753,0.650048208273343,0.09571522145017591,1.5194320358438433,0.06884581114811063,1.0928933706385136,0.06199947960494027,0.9842112267005584,0.04618931021274832,0.7332325683152878,74.99999482598655,63.46153295075569,43.61702599855585,-0.003043027893867109,-0.0039727798698009865,0.0009297519759338775,0.05779553639112761,0.045604463793646785,1.1975977022315736,0.06389753149067803,0.04285246840501383,0.5345672176781129,0.07792618636303628,0.045933814157908315,-0.18316865558189432,550852.6,514952.25,0.7785295013584397,0.8328053717601972,0.11320756706278212,0.2040816714420075,-0.11940300167204365,-0.15714285562233055,0.11320756706278218,0.20408167144200745,-0.1194030016720437,-0.1571428556223305,100.0,61.11111341067314,61.904758525814046,32.287155312904744,-0.0,-38.095241474185954,0.0030000007578304838,0.0031904769795281546,214.06726369169868,25.344036126978256,55.38434048658074,47.677568598089145,0.04600000008940697,-0.2033898626138202,SELL,0,2
0.05900000035762787,0.05900000035762787,0.05900000035762787,0.05900000035762787,0,0.0,0.0,FSG,2023-05-30 00:00:00+10:00,Telecommunication Services,0.0,0.0,0.0,0.0,0.0534000001847744,1.1048689167317673,0.05270000025629997,1.1195445933717005,0.05305000003427267,1.1121583472103909,0.0617500001937151,0.9554655898387006,0.07265500027686357,0.8120569834532912,0.0904574997909367,0.652240007671971,0.09639321777988544,1.530194893913199,0.06884581114811063,1.0928933706385136,0.06186257569705278,0.9820379445378593,0.04603531933224275,0.7307880388713501,73.52940918665101,65.99999880790739,41.11111147904094,-0.002333001521460619,-0.003644824200132913,0.001311822678672294,0.0599907862040593,0.04540921430854064,0.8641043841458643,0.06232305063713429,0.04377694943141105,0.6416443280832586,0.07766976095214523,0.04583023943528497,-0.17274127908178513,492598.8,497152.25,0.0,0.0,0.09259257087450834,0.2040816714420075,-0.09923661690854135,-0.1323529830698713,0.09259257087450842,0.20408167144200745,-0.09923661690854134,-0.1323529830698713,100.0,81.48148454756418,66.66667303468475,49.20635076586393,-0.0,-33.33332696531525,0.0025714292590107235,0.003095238691284543,225.3869946878016,88.78867377256236,61.88663833740353,47.351418933458696,0.04626000009477139,-0.2033898626138202,SELL,0,2
0.05900000035762787,0.05900000035762787,0.05900000035762787,0.05900000035762787,0,0.0,0.0,FSG,2023-05-31 00:00:00+10:00,Telecommunication Services,0.0,0.0,0.0,0.0,0.055300000309944156,1.0669077762558055,0.0534000001847744,1.1048689167317673,0.05275000017136335,1.1184834154684513,0.061570000126957895,0.9582588961502247,0.07230500031262636,0.8159878307520719,0.09020249979570508,0.6540838723012542,0.07948953938846821,1.2618573183177613,0.06755790968028359,1.0724485686563612,0.061858881608205005,0.9819793026953861,0.04603531933224275,0.7307880388713501,69.99999751647385,68.7499932091084,42.52873868368299,-0.0017501261411254979,-0.00326588458833143,0.0015157584472059323,0.061670429780694334,0.045129570588854466,0.677111159451273,0.06068725455333379,0.04481274578939291,0.7874259643815196,0.07740461743813215,0.04573538281578363,-0.16230261324449027,233598.0,496627.25,0.0,0.0,0.19191920560253561,0.13461536808303154,-0.09230765351176828,-0.1323529830698713,0.19191920560253561,0.13461536808303157,-0.09230765351176826,-0.1323529830698713,100.0,100.0,68.421062950944,65.66416483714761,-0.0,-31.578937049056,0.002500000808920179,0.003023809975101834,161.19162491799742,104.2980063718479,52.23792503742353,49.499115529898695,0.046514800100028515,-0.23728810990894378,SELL,0,2
0.05900000035762787,0.05900000035762787,0.05900000035762787,0.05900000035762787,0,0.0,0.0,FSG,2023-06-01 00:00:00+10:00,Telecommunication Services,0.0,0.0,0.0,0.0,0.057200000435113904,1.031468529874503,0.05430000014603138,1.0865561730931228,0.05265000015497208,1.120607790768565,0.061370000168681146,0.9613817858149077,0.07196500029414893,0.8198429808444652,0.08989749981090427,0.6563030171220776,0.07948953938846821,1.2618573183177613,0.06525449834318389,1.0358830472660456,0.06030791420243031,0.9573584584119051,0.04597450675405681,0.729822669120562,67.85713620483985,68.7499932091084,43.02325984347198,-0.0012735129383999663,-0.0028674102583451373,0.001593897319945171,0.06287904488100848,0.045720955411054275,0.5478465676294236,0.060190068947339706,0.04510993136260445,0.842167409544529,0.07707364609466279,0.045666354242699506,-0.15092035456123726,233598.0,466265.6,0.0,0.0,0.19191920560253561,0.17999998956918728,-0.03278689025166659,-0.14492750962825596,0.19191920560253561,0.1799999895691873,-0.03278689025166656,-0.14492750962825598,100.0,100.0,81.25000727595811,72.11258108719564,-0.0,-18.749992724041885,0.002500000808920179,0.0030000004030409314,126.03406116967393,122.04473376183464,56.84649750338325,49.56491549332872,0.0467645041051805,-0.23728810990894378,SELL,0,2
0.054999999701976776,0.054999999701976776,0.054999999701976776,0.054999999701976776,283383,0.0,0.0,FSG,2023-06-02 00:00:00+10:00,Telecommunication Services,-0.06779662087127336,-0.07020427015334184,0.0,0.0,0.05820000022649765,0.9450171733321754,0.05470000021159649,1.005484451356852,0.0525500001385808,1.0466222560786875,0.06113000012934208,0.8997218973598049,0.07158500026911498,0.7683173778754078,0.08949749978259205,0.6145423038138849,0.09284188017408788,1.473819157153768,0.07070656686774719,1.1224319519473096,0.06043706932390909,0.9594087324038042,0.04675837869715306,0.7422662504474841,70.37036832631553,61.11111034459065,43.02325611616735,-0.00120467343941167,-0.002534862894558444,0.0013301894551467739,0.06296236497576536,0.046437635447427614,0.03630915590670665,0.059897753486790536,0.04520224679037106,0.3334351940369519,0.07684923326319001,0.04541076699549415,-0.3899681603529177,142447.6,465060.1,1.989384166528604,0.6093470499834323,0.09999997764825852,0.07843138687155071,-0.03508772503122548,-0.17910450250806553,0.09999997764825855,0.07843138687155082,-0.035087725031225446,-0.17910450250806553,69.23076482214175,89.74358827404727,64.2857180870313,71.31892943797781,-30.76923517785825,-35.714281912968694,0.0026428579751934323,0.0028571433254650663,36.68762180117266,51.95728606055794,55.25990628450205,51.68396049018952,0.04700921403022945,-0.18181814487315384,SELL,0,2
0.052000001072883606,0.052000001072883606,0.052000001072883606,0.052000001072883606,25000,0.0,0.0,FSG,2023-06-05 00:00:00+10:00,Telecommunication Services,-0.05454542991543587,-0.056089440600062615,0.0,0.0,0.0568000003695488,0.9154929706789486,0.05460000038146973,0.9523809653769065,0.05265000015497208,0.98765433845821,0.060790000185370445,0.8554038643579044,0.07115500029176473,0.7307989720984083,0.08908249976113439,0.5837285798256255,0.03383071920637889,0.5370460181672099,0.07255111400692413,1.1517132300180966,0.054807455882498704,0.8700413895434139,0.04707450504160292,0.7472846005892256,57.57576168076068,55.00000310440807,44.04762126505339,-0.001376327016719886,-0.0023031557189907323,0.0009268287022708463,0.06297721826246859,0.04622278250047086,-0.3103654871485935,0.059905488509733054,0.045394511800211104,-0.08958722697996628,0.07654979162264443,0.04503020874809646,-0.5577484414988724,61676.6,454798.35,0.405340112781833,0.05496941666564974,-0.11864405495447194,-0.018867892699548472,0.04000000596046438,-0.24637677716597828,-0.1186440549544719,-0.018867892699548517,0.04000000596046439,-0.2463767771659783,46.153852766787374,71.79487252964306,46.153852766787374,63.896526043258945,-53.846147233212626,-53.846147233212626,0.0027857148753745215,0.00280952418134326,-30.3899732795812,-9.960136425769448,56.43998856490961,53.47989744272449,0.047249029756777416,-0.13461536808303154,SELL,0,2
0.052000001072883606,0.052000001072883606,0.052000001072883606,0.052000001072883606,55073,0.0,0.0,FSG,2023-06-06 00:00:00+10:00,Telecommunication Services,0.0,0.0,0.0,0.0,0.055400000512599946,0.9386281695260443,0.05440000034868717,0.9558823665363912,0.05265000015497208,0.98765433845821,0.060450000241398814,0.8602150680765709,0.0707250003144145,0.7352421469312522,0.08874249977990985,0.585965024670803,0.03383071920637889,0.5370460181672099,0.0722601825622256,1.1470948365106504,0.05412413656322151,0.8591940316342935,0.04707450504160292,0.7472846005892256,56.25000145519163,50.0,52.85714270509022,-0.0014951287993206844,-0.0021415503350567227,0.0006464215357360383,0.06293489607035677,0.04586510462701758,-0.28119842984257115,0.059905488509733054,0.045394511800211104,-0.08958722697996628,0.07622035498750751,0.04467964549529011,-0.535815414716668,72691.2,442913.35,0.7576295342489875,0.12434260561349077,-0.11864405495447194,-0.037037042147174515,0.0,-0.24637677716597828,-0.1186440549544719,-0.03703704214717449,0.0,-0.2463767771659783,36.363642521141024,50.5827533700234,46.153852766787374,52.19780787353536,-63.636357478858976,-53.846147233212626,0.0023571433765547617,0.0024761908820697238,-34.86588092901199,-10.843350511709055,53.309015145962874,54.84205166940137,0.04748404916879442,-0.11538463191696846,SELL,0,2
0.052000001072883606,0.052000001072883606,0.052000001072883606,0.052000001072883606,0,0.0,0.0,FSG,2023-06-07 00:00:00+10:00,Telecommunication Services,0.0,0.0,0.0,0.0,0.054000000655651095,0.9629629711391829,0.054650000482797625,0.9515096178133032,0.05270000025629997,0.9867172831117267,0.06011000029742718,0.8650806989782914,0.07029500033706426,0.7397396802552642,0.08837749978527426,0.5883850663259882,0.03383071920637889,0.5370460181672099,0.06634462633963165,1.0531882927210248,0.05391019431186704,0.8557978036822144,0.04707450504160292,0.7472846005892256,0.0,54.0000002980232,50.0,-0.0015711686141866021,-0.0020274739908826985,0.00045630537669609636,0.0626784219690508,0.04662157899654446,-0.3300772654315095,0.059921314081350575,0.04547868643124937,-0.09693515617450121,0.07586098370582041,0.044359016889033945,-0.5148884367576689,72691.2,397239.45,0.0,0.0,-0.11864405495447194,0.05050507787173797,0.01960788324034235,-0.24637677716597828,-0.1186440549544719,0.05050507787173788,0.019607883240342294,-0.2463767771659783,36.363642521141024,39.627045936356495,46.153852766787374,46.153852766787374,-63.636357478858976,-53.846147233212626,0.0021428574940987994,0.0023333338044938586,-39.728201085017695,-10.399977862834785,63.304284659051774,53.300028359424736,0.04771436819257109,-0.17307691205535436,SELL,0,2
0.05000000074505806,0.05000000074505806,0.04899999871850014,0.04899999871850014,169607,0.0,0.0,FSG,2023-06-08 00:00:00+10:00,Telecommunication Services,-0.05769235177858245,-0.059423467256236276,-0.0010000020265579224,-0.020000040233134623,0.05200000032782555,0.9423076617228386,0.05460000038146973,0.897435867695156,0.05265000015497208,0.9306742369282358,0.059710000306367875,0.8206330341163045,0.0697850003093481,0.7021566024401995,0.08799749977886677,0.5568339878023197,0.0332321980861873,0.5275447899365293,0.06943573092798466,1.1022580568246614,0.05537679651778854,0.8790793919369766,0.04766331640025858,0.7566316911340233,0.0,46.29629655180311,47.142857294909774,-0.0018521553394119997,-0.0019924102605885586,0.0001402549211765589,0.06277584564832044,0.046424155114619024,-0.6849446730205405,0.05996329068481138,0.04533670962513278,-0.4990915404740726,0.07555502831948986,0.04386497229324589,-0.6759219093205957,106612.6,328169.45,1.59087199824411,0.5168275109093793,-0.16949155217818357,-0.010101030626025631,-0.02000004023313462,-0.2898550732462277,-0.16949155217818354,-0.010101030626025631,-0.020000040233134623,-0.2898550732462278,9.090893697147443,27.27272624647652,23.076912055354374,38.46153919630972,-90.90910630285255,-76.92308794464563,0.002214286210281508,0.0021904767269179935,-94.94255121238771,-76.89244894051855,58.06895180621291,58.0905103829098,0.04794008083587223,-0.16326526112727135,SELL,0,2
0.05000000074505806,0.052000001072883606,0.05000000074505806,0.050999999046325684,659046,0.0,0.0,FSG,2023-06-09 00:00:00+10:00,Telecommunication Services,0.04081633428840159,0.040005342067261446,0.000999998301267624,0.019999965727329764,0.05120000019669533,0.9960937275468497,0.05470000021159649,0.9323582970574396,0.05270000007003546,0.9677419161015073,0.05935000032186508,0.8593091620849885,0.0693450003117323,0.735453151879172,0.0876274997740984,0.5820090631114943,0.04168147038326318,0.6616728294817108,0.07055308959231228,1.1199955757311064,0.05610935687371519,0.8907084270697379,0.04811095493333393,0.7637377325486261,16.666666666666657,46.29629655180311,51.38888615815984,-0.0018916502650536612,-0.001972258261481579,8.060799642791794e-05,0.06264704764122268,0.0467529527819703,-0.46558186521919936,0.059950409049158306,0.045449591090912615,-0.23446967317358738,0.07515138295664126,0.04354861768708892,-0.5284348508315001,181745.2,336121.75,3.6262085601160305,1.960735953564445,-0.0727272850422821,0.01999996572732976,0.01999996572732976,-0.26086956052263344,-0.07272728504228204,0.019999965727329764,0.019999965727329764,-0.2608695605226334,27.272714957717955,24.242417058668824,38.4615296442835,35.89743148880843,-72.72728504228205,-61.5384703557165,0.002285714926464217,0.0022857150151616053,-52.888891232602276,-36.144575014621736,54.82610495346552,53.01716106930269,0.04816127922630734,-0.15686270069819241,SELL,0,2
0.05000000074505806,0.050999999046325684,0.04800000041723251,0.04800000041723251,670576,0.0,0.0,FSG,2023-06-13 00:00:00+10:00,Telecommunication Services,-0.058823503631208474,-0.06062459442459422,-0.0020000003278255463,-0.04000000596046439,0.05040000006556511,0.9523809594204277,0.05360000021755695,0.8955223922090558,0.05265000015497208,0.9116809169220784,0.058930000364780424,0.8145257105058455,0.06887500032782555,0.6969147032851698,0.08721749980002641,0.5503482733085405,0.04274488764266311,0.6785540551313073,0.03667291535206408,0.5821644832397058,0.057578170769550546,0.9140251248134356,0.04870380676878989,0.773148963674174,13.333334989017843,39.655171749353755,47.43589755835929,-0.002140352444842418,-0.002005877098153747,-0.00013447534668867105,0.06193733292530738,0.04526266750980653,-0.6716776212035601,0.060020639363651006,0.04527936094629315,-0.6308814752815726,0.07480066456278214,0.04305933616677871,-0.6886920302254341,310860.4,362150.55,2.1571612209210307,1.8516498180107694,-0.07692308794464564,-0.1864406758257453,-0.020408129131033403,-0.3043478026131671,-0.07692308794464563,-0.1864406758257453,-0.02040812913103344,-0.304347802613167,0.0,12.121202884955153,15.384617588929125,25.64101976285568,-100.0,-84.61538241107087,0.0023571433765547617,0.0024285720927374704,-84.217985208364,-84.52381240999452,43.26731818028851,51.906458621165825,0.05900000035762787,-0.10416664403035425,SELL,0,2
0.04800000041723251,0.04800000041723251,0.04399999976158142,0.04399999976158142,6609709,0.0,0.0,FSG,2023-06-14 00:00:00+10:00,Telecommunication Services,-0.08333334626836897,-0.08701139110057783,-0.0040000006556510925,-0.08333334626836898,0.04879999980330467,0.9016393430108539,0.05210000015795231,0.8445297433433012,0.05240000020712614,0.8396946486194411,0.05855000033974647,0.7514944407560006,0.06836500033736229,0.6436041767637481,0.08681249979883432,0.5068394512718805,0.05084471751366925,0.807134868134995,0.040897477573076255,0.6492273294492071,0.06055300681342352,0.9612491829931102,0.04858358946593344,0.7712405731543034,13.333334989017843,40.35087788093999,44.04762126505339,-0.002629901470542609,-0.0021306819726315193,-0.0004992194979110895,0.06145473794709693,0.04274526236880769,-0.8658714524067426,0.06058599631058036,0.04421400410367191,-1.0261427368625533,0.07492475764863614,0.042175243030856804,-0.8885628228679776,1621787.6,685141.0,4.075570068484923,9.647224439932803,-0.15384617588929128,-0.2542372966970188,-0.10204079770783647,-0.3015873166048485,-0.15384617588929125,-0.2542372966970187,-0.10204079770783642,-0.30158731660484855,0.0,9.090904985906004,0.0,17.948715744404225,-100.0,-100.0,0.002214286210281508,0.002523810203586306,-141.21302102861677,-162.64151393773093,20.84199709792118,29.177765458343472,0.05878000035881996,-0.045454553151426325,HOLD,0,1
0.04500000178813934,0.04800000041723251,0.04500000178813934,0.04699999839067459,809956,0.0,0.0,FSG,2023-06-15 00:00:00+10:00,Telecommunication Services,0.06818178739429492,0.0659579389694348,0.001999996602535248,0.04444436717916725,0.04779999926686287,0.9832635797393647,0.05089999996125698,0.9233791439380961,0.05215000007301569,0.9012463724807184,0.05825000032782555,0.8068669206208241,0.06788500033318996,0.6923473250348591,0.08639749981462956,0.543997204682029,0.06781777820607478,1.0765738536132599,0.05063402735475011,0.8037902655498627,0.06096412875125534,0.967775541429266,0.0496776762673721,0.7886086626902522,33.33332505491077,46.031743966833325,47.777777685795314,-0.0027441647599180316,-0.0022533785300888217,-0.0004907862298292099,0.05935642496196222,0.04244357496055173,-0.4611879807669477,0.060685375955918386,0.043614624190113,-0.6033713984005233,0.07491384447440558,0.04158615618124551,-0.6751144476744175,1783778.8,706499.65,0.45406751106134907,1.1464351043910637,-0.09615389575090527,-0.2033898626138202,-0.09615389575090527,-0.24193549743862253,-0.09615389575090531,-0.20338986261382025,-0.09615389575090531,-0.24193549743862253,19.99999006589293,6.666663355297662,19.99999006589293,11.794869218274036,-80.00000993410707,-80.00000993410707,0.002500000542828015,0.002666667281162171,-107.21908780621499,-124.1758255703901,26.951327976241416,33.32388789521556,0.058188800334930416,-0.10638296017284077,SELL,0,2
0.04600000008940697,0.04800000041723251,0.04600000008940697,0.04800000041723251,901502,0.0,0.0,FSG,2023-06-16 00:00:00+10:00,Telecommunication Services,0.021276639591467195,0.021053452131143048,0.0020000003278255463,0.043478267911701875,0.04759999960660934,1.0084033784438862,0.04979999996721744,0.9638554306994008,0.05205000005662441,0.9221902087418643,0.05797000035643578,0.8280144923598158,0.0674250003695488,0.7119021157456425,0.08603749983012676,0.5578962721139522,0.06546724189058768,1.0392602463828304,0.0520564598082747,0.8263706807227437,0.06061523116590988,0.9622369639661359,0.049806575798925605,0.790654879317872,37.5,46.87499963620213,45.3488370078264,-0.002722642505772581,-0.002347231325225574,-0.000375411180547007,0.05618052657726783,0.04341947335716705,-0.28210830547272236,0.06073695393996722,0.04336304617328161,-0.4662163163036647,0.07484578993520631,0.041094210777665244,-0.5907871683672425,1930157.8,709531.85,0.46706129415947234,1.270558890344387,-0.020408129131033403,-0.1864406758257453,-0.04000000596046438,-0.2258064322305392,-0.02040812913103344,-0.1864406758257453,-0.04000000596046439,-0.22580643223053923,26.66666997803569,15.555553347976224,26.66666997803569,15.555553347976224,-73.33333002196431,-73.33333002196431,0.0025714289929185596,0.0024761910594645,-88.9091484617973,-102.0686069216223,27.829719144595074,35.499389383706585,0.057621248311996456,-0.14583331716453873,SELL,0,2
0.050999999046325684,0.052000001072883606,0.050999999046325684,0.052000001072883606,398037,0.0,0.0,FSG,2023-06-19 00:00:00+10:00,Telecommunication Services,0.08333334626836897,0.08004271961356925,0.0010000020265579224,0.019607883240342294,0.04780000001192093,1.0878661309605697,0.04950000010430813,1.0505050699658058,0.05210000015795231,0.9980806317703352,0.05777000039815903,0.9001211825253977,0.06701500035822391,0.7759456956639753,0.08564749985933304,0.6071397432299613,0.07460370231901493,1.1842970593248372,0.057978712351396504,0.9203835253052645,0.06332811682128775,1.0053026886430418,0.05131179823501772,0.8145495447202793,50.0,37.037039592105586,52.22222231420469,-0.0023556647044297857,-0.0023489180010664162,-6.746703363369466e-06,0.05501764968621015,0.0439823505224061,0.45309165278917335,0.06077300782527563,0.04342699249062899,-0.011529920058235964,0.07468782184009487,0.04085217895622319,-0.34106042229366296,1877956.0,713450.75,0.21195225021246505,0.5579039618361884,0.01960788324034235,-0.05454542991543587,0.01960788324034235,-0.16129029156886276,0.019607883240342294,-0.05454542991543591,0.019607883240342294,-0.16129029156886276,53.33333995607138,33.33333333333335,53.33333995607138,33.33333333333335,-46.66666004392862,-46.66666004392862,0.0021428574940987994,0.00252381002619153,-6.972110249954046,-7.608691646958768,27.344914703902333,39.5279605589343,0.05707639836997985,-0.1923077198616141,SELL,0,2
0.050999999046325684,0.052000001072883606,0.04699999839067459,0.04699999839067459,640431,0.0,0.0,FSG,2023-06-20 00:00:00+10:00,Telecommunication Services,-0.09615389575090527,-0.10109617174471228,-0.0040000006556510925,-0.07843138687155082,0.04759999960660934,0.9873949323341709,0.04899999983608723,0.9591836438346335,0.05180000010877848,0.9073358743624705,0.057310000360012055,0.8201011707455642,0.06662500031292438,0.7054408730945582,0.08525749985128642,0.551271131251281,0.08400439055911424,1.3335283587417506,0.06325574908902805,1.0041538865080124,0.0663926564961265,1.0539507478181263,0.049400809509248106,0.7842135391604717,45.45454545454546,31.25,45.91836750209453,-0.00244016191501345,-0.002367166783855823,-7.299513115762704e-05,0.05441602663265552,0.04358397303951894,-0.3692746584414764,0.06075250711825409,0.042847493099302865,-0.5361628550553957,0.07412094286686259,0.04049905785316152,-0.6132911325546494,1871927.0,698829.15,0.3421239182938224,0.9164342958504235,-0.020833375372199203,-0.09615389575090527,-0.11320756706278223,-0.3285714544203816,-0.020833375372199182,-0.09615389575090531,-0.11320756706278218,-0.32857145442038155,19.99999006589293,33.33333333333335,19.99999006589293,33.33333333333335,-80.00000993410707,-80.00000993410707,0.002500000542828015,0.002666667281162171,-56.41027110568023,-70.27834546842563,25.717081432770954,36.414900569379014,0.056553342425643915,-0.10638296017284077,SELL,0,2
0.052000001072883606,0.05299999937415123,0.052000001072883606,0.052000001072883606,616668,0.0,0.0,FSG,2023-06-21 00:00:00+10:00,Telecommunication Services,0.10638303943433924,0.10109617174471235,0.0,0.0,0.04919999986886978,1.0569105937291976,0.04899999983608723,1.0612245152414665,0.0517000000923872,1.0058027268851124,0.0569300003349781,0.9134024375006814,0.06626500032842159,0.7847279984178978,0.08489249985665083,0.6125394017220676,0.08048212482424388,1.2776141236260439,0.07299186408113062,1.1587099205381985,0.07071900481385883,1.1226293982207005,0.05185712368346439,0.8232063178413872,52.00000357627783,40.540543533833784,49.038463398350856,-0.0020796947074596048,-0.0023096723685765794,0.00022997766111697467,0.05441602663265552,0.04358397303951894,0.5539118157054247,0.06059352296279188,0.04280647722198252,0.033732524767517355,0.07333185523332539,0.040528145436630816,-0.30057571492058877,673318.8,715099.1,0.9158633324956914,0.8623532039125766,0.18181821260570508,0.0,-0.037037042147174515,-0.2676056426707959,0.1818182126057051,0.0,-0.03703704214717449,-0.2676056426707959,53.33333995607138,42.222223326011914,53.33333995607138,42.222223326011914,-46.66666004392862,-46.66666004392862,0.002928572041647775,0.0028571435028598422,38.389032991951794,10.494757383200938,30.0299984802884,34.87837324080462,0.05605120871908142,-0.17307691205535436,SELL,0,2
0.05299999937415123,0.05299999937415123,0.05000000074505806,0.05000000074505806,991490,0.0,0.0,FSG,2023-06-22 00:00:00+10:00,Telecommunication Services,-0.03846154397232282,-0.03922071888449705,-0.00299999862909317,-0.05660374838714258,0.04980000033974648,1.0040160723684164,0.04879999980330467,1.0245901833317657,0.05172500014305115,0.9666505675549074,0.0565300003439188,0.8844861213668257,0.06589500036090612,0.7587829193597186,0.08451749986037611,0.5915934667691145,0.08407236167308302,1.334607366725135,0.07413665670840894,1.1768829401053107,0.06860212852068956,1.0890250288526158,0.05205933445395579,0.8264163143082213,54.16666601991508,38.461541400622885,46.226415226959396,-0.0019331213407130787,-0.002234362163003879,0.0003012408222908005,0.0538596450852768,0.04374035452133254,0.23717096256314202,0.06059526453256042,0.04285473575354187,-0.19446989652678426,0.0726030614316552,0.040456939256182406,-0.4062698177538238,709625.6,699923.4,1.39720156657257,1.4165692988689904,0.06382983951290311,-0.03846154397232282,0.010101030626025631,-0.2857142781116525,0.06382983951290322,-0.03846154397232281,0.010101030626025631,-0.2857142781116525,54.54546378171153,42.6262646012253,40.000004967053535,37.77777832967263,-45.45453621828847,-59.999995032946465,0.0031428576580115725,0.002904762469586872,23.55415091894469,-15.917310043505527,27.525894863573384,31.063095585544943,0.05556916036078142,-0.1399999836087229,SELL,0,2
0.04899999871850014,0.04899999871850014,0.041999999433755875,0.041999999433755875,8067678,0.0,0.0,FSG,2023-06-23 00:00:00+10:00,Telecommunication Services,-0.16000002384185752,-0.17435341552794187,-0.006999999284744263,-0.14285713199623792,0.048600000143051145,0.864197516669371,0.04809999987483025,0.8731808636809086,0.051350000128149983,0.8179162478858797,0.05599000036716461,0.7501339374590684,0.06544500038027763,0.6417602443228483,0.0841024998575449,0.49939061864863254,0.11443983575934402,1.8166760729898053,0.08844016125557957,1.403944035556281,0.07766031421942153,1.2328192689823356,0.056459620831535634,0.8962686950234705,46.42857190373586,34.88372375089526,43.362832791990506,-0.002434431527317968,-0.002274376035866697,-0.00016005549145127083,0.05472989948240793,0.04147010026725256,-0.920074330251146,0.06119672083106899,0.04150327942523098,-0.9495547783357308,0.07216694393795958,0.039813056796369636,-0.8648111351927795,2142860.8,1103307.3,3.764909974553644,7.3122673982126285,-0.12500001940255345,-0.14285713199623795,-0.1515151583568234,-0.39130434078395016,-0.12500001940255348,-0.14285713199623792,-0.15151515835682336,-0.3913043407839501,0.0,35.95960124592765,0.0,31.111114974374985,-100.0,-100.0,0.003428571990558079,0.0030000005804357074,-153.19148857470864,-147.2379669563896,17.598386582208136,22.202744569972324,0.055106393936813415,0.04761905606641803,HOLD,0,1
0.04500000178813934,0.04699999839067459,0.04500000178813934,0.04500000178813934,2298336,0.0,0.0,FSG,2023-06-26 00:00:00+10:00,Telecommunication Services,0.07142862844832165,0.06899292470538358,0.0,0.0,0.047200000286102294,0.9533898626138203,0.04750000014901161,0.9473684557256936,0.05110000018030405,0.8806262549776686,0.05551000043749809,0.810664770914701,0.06502500042319298,0.692041545486693,0.08370249986648559,0.5376183729269632,0.11182088844032914,1.7751015731724489,0.09095316960592739,1.443836806382175,0.07949107292199499,1.2618816624077953,0.05756703191696659,0.913848301010469,46.42857903120142,41.8604683398933,46.21848992039965,-0.002560136681974197,-0.0023315281650881973,-0.00022860851688599965,0.05404896193433805,0.04095103836368517,-0.38173964711074443,0.06133718777683787,0.040862812583770225,-0.5958666220232286,0.07153484197451196,0.03948515890048422,-0.6558566351550471,2522920.6,1181267.35,0.9109822956774779,1.9456526924239461,-0.13461536808303154,-0.11764700726241706,-0.09999997764825852,-0.3478260447037007,-0.13461536808303157,-0.11764700726241704,-0.09999997764825855,-0.34782604470370065,27.272748823993577,27.272737535235056,17.64707171380656,19.21569222695338,-72.72725117600642,-82.35292828619345,0.0035714291568313327,0.0032380957688604084,-96.90719263356318,-109.7178512718015,25.840178874436035,29.43124507646506,0.05432001026662996,-0.066666716337202,SELL,0,2
0.04500000178813934,0.04500000178813934,0.04399999976158142,0.04399999976158142,1388102,0.0,0.0,FSG,2023-06-27 00:00:00+10:00,Telecommunication Services,-0.022222266373809196,-0.022472901007091747,-0.0010000020265579224,-0.02222226637380919,0.04660000056028366,0.9442059921149835,0.0471000000834465,0.9341825835165001,0.05035000015050173,0.8738828129108351,0.05501000046730042,0.7998545607672978,0.06457500040531158,0.6813782343849931,0.0832974998652935,0.5282271356611788,0.10443290026312672,1.657820896736671,0.08943200303818466,1.419689035736457,0.0669599638773157,1.062956473303474,0.05759857825689532,0.9143490836318233,42.857144757800356,40.90909244846655,45.00000031044079,-0.002709220521137118,-0.0024070666362979816,-0.0003021538848391363,0.053992831398726016,0.04020716876816699,-0.44974266452643835,0.06034526270424287,0.04035473759676059,-0.6353010093310214,0.07087613824430837,0.039143862690292464,-0.6939307385615852,2672454.8,1229229.7,0.519410842795171,1.1292454127979499,-0.06382976025140474,-0.08333334626836897,-0.2542372966970188,-0.36231882806035576,-0.06382976025140479,-0.08333334626836898,-0.2542372966970187,-0.36231882806035576,18.181821260570512,15.151523361521383,11.764707171380657,9.80392629506242,-81.81817873942948,-88.23529282861935,0.0036428578730140415,0.0032380957688604084,-112.46536546370412,-122.0692409667297,24.412315812808302,25.618330569658127,0.05358080961665752,-0.045454553151426325,HOLD,0,1
0.0430000014603138,0.04399999976158142,0.04149999842047691,0.04399999976158142,16094410,0.0,0.0,FSG,2023-06-28 00:00:00+10:00,Telecommunication Services,0.0,0.0,0.000999998301267624,0.023255773658299925,0.04500000029802322,0.9777777660040209,0.0471000000834465,0.9341825835165001,0.04960000012069941,0.8870967672280115,0.05451000049710274,0.8071913293033278,0.06414500042796135,0.685945895518327,0.08286749988794327,0.5309681095855429,0.0839936795104976,1.3333583261162285,0.08509470843052915,1.3508366183683893,0.0669599638773157,1.062956473303474,0.05759857825689532,0.9143490836318233,33.33333850734519,40.90909244846655,35.29412108446532,-0.002795149790895686,-0.0024846832672175225,-0.00031046652367816346,0.053992831398726016,0.04020716876816699,-0.44974266452643835,0.05910124712665078,0.04009875311474803,-0.5893963556162961,0.0701507259773465,0.038869275016858974,-0.6719637620899869,5768003.2,2033950.2,2.7902914478272134,7.912883019456426,-0.15384617588929128,0.0,-0.2542372966970188,-0.36231882806035576,-0.15384617588929125,0.0,-0.2542372966970187,-0.36231882806035576,21.73914029377313,22.397903459445757,14.285720367820222,14.565833084335827,-78.26085970622687,-85.71427963217978,0.003821429397378649,0.002880952897525969,-120.73734516311575,-126.43724407602356,15.0338333352247,14.894754251237742,0.05288596100568342,-0.06818178739429492,SELL,0,2
0.04399999976158142,0.04600000008940697,0.0430000014603138,0.04600000008940697,2793721,0.0,0.0,FSG,2023-06-29 00:00:00+10:00,Telecommunication Services,0.045454553151426325,0.04445176993306769,0.0020000003278255463,0.045454553151426276,0.044200000166893,1.0407239799936068,0.04700000025331974,0.9787234008824895,0.04895000010728836,0.9397344226472809,0.05407000042498112,0.8507490240032309,0.06374500039964914,0.7216252223862274,0.0824724998883903,0.5577616799740348,0.09001133580477964,1.4288856582970253,0.08345935299675142,1.3248761556705453,0.06816288759272936,1.0820522952864722,0.058068396911250895,0.9218072235561665,47.61905268746761,46.511630526163316,37.735852106858445,-0.0026710755482771895,-0.002521961723429456,-0.00014911382484773328,0.053928204380255335,0.040071796126384146,-0.1443375722757583,0.05747179933781701,0.04042820087675971,-0.34617103009341715,0.06939639625898081,0.038743604590981424,-0.526542601599253,6128449.4,2173636.25,0.45586098826238164,1.2852753076785501,-0.08000001192092876,-0.02127656032996883,-0.22033898626138204,-0.32352944721296806,-0.08000001192092877,-0.02127656032996879,-0.220338986261382,-0.32352944721296806,39.130446050026436,26.350469201456708,25.714292404602244,17.254906647934387,-60.869553949973564,-74.28570759539775,0.003821429131286485,0.003023809975101834,-64.12902040536162,-86.84099103556346,20.645876873568824,20.37864448644308,0.0519750839988669,-0.08695653582340379,SELL,0,2
0.04600000008940697,0.05000000074505806,0.04600000008940697,0.05000000074505806,1941602,0.0,0.0,FSG,2023-06-30 00:00:00+10:00,Telecommunication Services,0.08695653582340368,0.08338162189658237,0.0040000006556510925,0.08695653582340375,0.04580000042915344,1.091703062806767,0.047200000286102294,1.0593220432623642,0.04850000012665987,1.0309278477212551,0.05371000036597252,0.930925347316421,0.06338500037789345,0.7888301719170829,0.08207249991595746,0.609217469874297,0.04643935266632077,0.7372018692114545,0.08769994936824344,1.3921935361279698,0.07153160496210101,1.1355290256661987,0.05953923709898496,0.9451560876865499,45.00000093132224,48.88889109646769,42.10526556574564,-0.002224338405053747,-0.0024624370597543144,0.00023809865470056759,0.05436783059307711,0.04003216997912748,0.3906343117848598,0.055622980605024255,0.04137701964829549,0.21058609144786353,0.06853839402742928,0.03888160670451574,-0.2501956520454272,4903234.2,2270716.35,0.39598394055907016,0.8550614434955736,0.19047622426567212,0.041666673134184595,-0.15254236539010857,-0.2647059113560648,0.1904762242656721,0.04166667313418449,-0.1525423653901086,-0.26470591135606475,73.91305756253304,44.92754796877755,48.57143647816629,29.523816416862932,-26.08694243746696,-51.42856352183371,0.0038928575813770294,0.0032142861967995053,35.373214187049186,-11.549490633658671,23.077642962088106,24.056698976922775,0.051137077152595696,-0.17999998956918728,SELL,0,2
0.05000000074505806,0.054999999701976776,0.04899999871850014,0.05000000074505806,1231593,0.0,0.0,FSG,2023-07-03 00:00:00+10:00,Telecommunication Services,0.0,0.0,0.0,0.0,0.04680000022053719,1.0683760792615684,0.04700000025331974,1.0638297973525312,0.04825000017881394,1.036269441653029,0.05337000034749508,0.9368559194211211,0.06301500041037798,0.7934618808131203,0.08172249993309379,0.6118266179570261,0.043855071890693216,0.6961776837098007,0.08357383865248671,1.3266935591131037,0.07002760473823856,1.1116537622814457,0.05952355754879754,0.9449071825437583,50.0,52.38095195858401,42.10526556574564,-0.0018489820859464504,-0.002339746064992742,0.0004907639790462915,0.05366666776440275,0.04033333274223673,0.4500000167626424,0.054734801026295674,0.0417651993313322,0.26986188279378026,0.06772669651544516,0.039013304179545,-0.23473364366101282,4689885.6,2318126.85,0.2626061923557368,0.5312880095409791,0.11111108351636934,-0.03846154397232282,-0.09090907243657698,-0.2537313507524197,0.11111108351636925,-0.03846154397232281,-0.09090907243657693,-0.25373135075241965,62.96297420526458,58.668825939274704,62.96297420526458,45.74956769601105,-37.03702579473542,-37.03702579473542,0.004107143463832992,0.003500000529346012,96.0430005208675,59.29633243988116,25.864659463502747,26.333542766937782,0.04149999842047691,-0.17999998956918728,SELL,0,2
0.05000000074505806,0.05000000074505806,0.05000000074505806,0.05000000074505806,75092,0.0,0.0,FSG,2023-07-04 00:00:00+10:00,Telecommunication Services,0.0,0.0,0.0,0.0,0.04800000041723251,1.0416666731341846,0.047300000488758084,1.0570824572600521,0.04815000016242266,1.0384216111400801,0.05301000028848648,0.943218269627473,0.06264500044286252,0.7981483022042956,0.08140999995172024,0.6141751722725745,0.03911846184317173,0.6209863302504106,0.07660748499514787,1.2161061231796406,0.06894239871279437,1.0944266506938807,0.05946361560243704,0.9439556336447319,89.99998509884679,57.89473529420126,45.28302112246059,-0.001533828478828804,-0.0021785625477599544,0.0006447340689311504,0.054231411339861486,0.04036858963765468,0.38953112350426683,0.054450376840558486,0.04184962348428683,0.29363332974287915,0.0667591977470828,0.039260802829890154,-0.2189218354374928,4427283.6,2320631.45,0.01696119037867825,0.03235843416670062,0.13636365945427875,0.06382983951290311,-0.03846154397232282,-0.2647059113560648,0.13636365945427883,0.06382983951290322,-0.03846154397232281,-0.26470591135606475,62.96297420526458,66.61300199102074,62.96297420526458,58.165794962898495,-37.03702579473542,-37.03702579473542,0.003821429131286485,0.0033095243076483407,53.512719254489234,35.93430306944495,30.311142063534007,26.48212553584797,0.04176999844610691,-0.17999998956918728,SELL,0,2
0.05000000074505806,0.05000000074505806,0.05000000074505806,0.05000000074505806,50000,0.0,0.0,FSG,2023-07-05 00:00:00+10:00,Telecommunication Services,0.0,0.0,0.0,0.0,0.04920000061392784,1.0162601650639767,0.04710000045597553,1.0615711308069553,0.04805000014603138,1.040582738670142,0.052650000229477883,0.9496676263462553,0.062285000421106816,0.8027615060931158,0.08108499994501471,0.6166368721584019,0.03911846184317173,0.6209863302504106,0.06853576452932425,1.0879715331496422,0.06894239871279437,1.0944266506938807,0.05946361560243704,0.9439556336447319,85.71426290639573,54.28571580624028,48.00000029802314,-0.001269433732752831,-0.0019967367847585297,0.0007273030520056987,0.05352564431069795,0.04067435660125311,0.45131668586817514,0.05415349422625901,0.041946506065803746,0.3194892259081142,0.06572318565314611,0.03957681480580965,-0.20270495663758856,1218401.6,2320377.8,0.041037372242452734,0.021548215122554615,0.13636365945427875,-0.03846154397232282,-0.03846154397232282,-0.2647059113560648,0.13636365945427883,-0.03846154397232281,-0.03846154397232281,-0.26470591135606475,62.96297420526458,62.96297420526458,62.96297420526458,62.96297420526458,-37.03702579473542,-37.03702579473542,0.0035357147987399784,0.0031666672300724756,46.96203734729437,39.51102945852837,28.746332389643,26.498553591626575,0.04203459847122431,-0.2000000298023219,SELL,0,2
0.04899999871850014,0.04899999871850014,0.04800000041723251,0.04800000041723251,49184,0.0,0.0,FSG,2023-07-06 00:00:00+10:00,Telecommunication Services,-0.04000000596046438,-0.04082200072907221,-0.000999998301267624,-0.02040812913103344,0.04960000067949295,0.9677419306382801,0.04690000042319298,1.0234541574437932,0.047850000113248824,1.0031348025836715,0.05225000016391277,0.9186602921847342,0.061905000396072864,0.7753816349264985,0.08077499995008111,0.5942432738705847,0.04669169214081429,0.7412076341843019,0.06862915625581925,1.0894540808465427,0.06953098841659687,1.1037702225769683,0.059671997827111994,0.9472635989095498,75.0,50.0,46.15384670492443,-0.0012073645563346266,-0.001838862339073749,0.0006314977827391224,0.05304274757391568,0.040757253272470276,0.1790729728978214,0.05366377744008222,0.042036222786415424,0.02580083404491013,0.06461065221383078,0.039889348113994756,-0.34383297333480445,669494.2,2322837.0,0.07346441537506972,0.021174107352345428,0.04347826791170184,-0.04000000596046438,-0.07692308794464564,-0.2941176792845164,0.043478267911701875,-0.04000000596046439,-0.07692308794464563,-0.2941176792845164,48.148158368422344,58.024702259650525,48.148158368422344,58.02470225965052,-51.851841631577656,-51.851841631577656,0.0035357147987399784,0.003261905340921311,3.92663715905734,-0.22308077378521102,26.854223721742088,26.46852808456495,0.04229390649583936,-0.14583331716453873,SELL,0,2
0.04699999839067459,0.04800000041723251,0.04699999839067459,0.04800000041723251,17257,0.0,0.0,FSG,2023-07-07 00:00:00+10:00,Telecommunication Services,0.0,0.0,0.0010000020265579224,0.021276639591467215,0.04920000061392784,0.975609752404035,0.047500000521540645,1.010526313477936,0.04780000019818544,1.0041841049836369,0.051850000098347664,0.9257473544105579,0.06152500037103891,0.7801706644089206,0.0804649999551475,0.596532659466706,0.017888546485599423,0.2839718719038873,0.040576243748838954,0.6441279005794024,0.06826856224937564,1.0837298284546812,0.059671997827111994,0.9472635989095498,75.0,43.75000145519095,46.15384670492443,-0.0011449757194675544,-0.0017000850151525102,0.0005551092956849557,0.052599020465067,0.04240098057801429,0.09805803884463363,0.0535892831425577,0.04201071725381318,0.03454663055318282,0.06339803621707857,0.040301963979616766,-0.33338999302837785,284625.2,2315219.5,0.06063061176592937,0.007453720910695508,-0.04000000596046438,0.1428571681992541,-0.020408129131033403,-0.2941176792845164,-0.04000000596046439,0.14285716819925406,-0.02040812913103344,-0.2941176792845164,48.148158368422344,53.08643031403644,48.148158368422344,53.08643031403644,-51.851841631577656,-51.851841631577656,0.0033214291823761804,0.003309524485043117,-6.140360635327589,-13.821964740003201,25.913945279220158,26.458154300257362,0.04254802835996211,-0.14583331716453873,SELL,0,2
0.04699999839067459,0.04699999839067459,0.04699999839067459,0.04699999839067459,23135,0.0,0.0,FSG,2023-07-10 00:00:00+10:00,Telecommunication Services,-0.020833375372199203,-0.02105345213114309,0.0,0.0,0.048600000143051145,0.9670781533401842,0.04770000018179417,0.9853249100953515,0.04760000016540289,0.9873949207427861,0.05149000011384487,0.912798568396915,0.06113500032573938,0.768790351521212,0.08009999996051193,0.5867665220205353,0.017985340901433767,0.285508435619472,0.0363804262013823,0.5775213619163748,0.06777768310960548,1.0759373636889544,0.05945248826898281,0.9437789927022808,57.142841937597154,50.0,48.00000029802314,-0.0011628196617105846,-0.0015926319444641251,0.00042981228275354054,0.052512023073026555,0.042887977290561784,-0.14546933939050813,0.053196992699916554,0.042003007630889225,-0.1072007459413976,0.062473271346402036,0.04050672888128771,-0.4088036822636951,42933.6,2283423.95,0.5388553487245421,0.010131714699760418,-0.060000046193599,0.04444436717916722,-0.07843138687155082,-0.2769230751596258,-0.06000004619359901,0.04444436717916725,-0.07843138687155082,-0.27692307515962583,40.740736652631064,45.67901779649194,40.740736652631064,45.679017796491934,-59.259263347368936,-59.259263347368936,0.0030357148498296738,0.0032142863741942813,-20.93401978967545,-30.190618469735533,26.40320667226996,26.550246600544185,0.0427970677868024,-0.04255312065993755,HOLD,0,1
0.04699999839067459,0.04800000041723251,0.04699999839067459,0.04699999839067459,187334,0.0,0.0,FSG,2023-07-11 00:00:00+10:00,Telecommunication Services,0.0,0.0,0.0,0.0,0.047999999672174457,0.9791666398264672,0.048000000044703485,0.979166632227134,0.04755000006407499,0.9884331930040114,0.051090000048279766,0.9199451623851997,0.060755000300705436,0.7735988504328732,0.07973499996587634,0.5894525416791732,0.017985340901433767,0.285508435619472,0.035196667625892845,0.5587297770978638,0.06643786448830184,1.0546684024455373,0.059236407545646796,0.9403488175599085,0.0,39.13043337418193,45.83333398008491,-0.0011635484522233772,-0.0015068152460159757,0.00034326679379259855,0.052109610456542416,0.043890389632864554,-0.2433324704327441,0.05314981298434699,0.04195018714380299,-0.09821786570928583,0.06118887850680062,0.040991121589758914,-0.4049956313865987,65382.0,2259261.85,2.865222844207886,0.08291823278474782,-0.060000046193599,0.06818178739429492,-0.020833375372199203,-0.2985075041801092,-0.06000004619359901,0.06818178739429488,-0.020833375372199182,-0.29850750418010924,40.740736652631064,43.20987722456152,40.740736652631064,43.2098772245615,-59.259263347368936,-59.259263347368936,0.0026785720671926227,0.003119048263345446,-2.578295712434208,-16.043750898089236,25.30591282017143,25.670882326462447,0.04304112642510589,-0.08510632058137357,SELL,0,2
0.04699999839067459,0.04699999839067459,0.04600000008940697,0.04699999839067459,59511,0.0,0.0,FSG,2023-07-12 00:00:00+10:00,Telecommunication Services,0.0,0.0,0.0,0.0,0.04739999920129776,0.991561164190648,0.0482999999076128,0.9730848546702935,0.04769999999552965,0.9853249139429631,0.05072000004351139,0.9266561188950019,0.060375000275671484,0.7784678786927237,0.07936999997124077,0.5921632658145994,0.017985340901433767,0.285508435619472,0.035196667625892845,0.5587297770978638,0.06340791943206192,1.0065695158155346,0.05918953926835681,0.9396048067233846,0.0,42.85714032293286,48.88888704924004,-0.001150859630520036,-0.001435624122916788,0.0002847644923967519,0.05143404392446954,0.04516595589075606,-0.41480001874448247,0.053054782366241816,0.04234521762481749,-0.13072456663854348,0.05998516431181495,0.04145483577520783,-0.4015041228748692,67284.2,1931751.95,0.8844721346170423,0.030806750318020906,-0.060000046193599,0.06818178739429492,0.06818178739429492,-0.28244275764307303,-0.06000004619359901,0.06818178739429488,0.06818178739429488,-0.28244275764307303,40.740736652631064,40.740736652631064,40.740736652631064,40.740736652631064,-59.259263347368936,-59.259263347368936,0.002535714900919369,0.0030238101524966104,-15.132953387283607,-33.546352999005016,26.10047381006396,26.05002798992888,0.0432803038906433,-0.08510632058137357,SELL,0,2
0.04600000008940697,0.04699999839067459,0.04500000178813934,0.04500000178813934,363567,0.0,0.0,FSG,2023-07-13 00:00:00+10:00,Telecommunication Services,-0.04255312065993755,-0.04348503796234301,-0.000999998301267624,-0.021739093463565163,0.04679999947547912,0.9615385105232129,0.04820000007748604,0.9336099941036847,0.04760000016540289,0.9453781855414088,0.05032000012695789,0.8942766628498383,0.05998500030487776,0.7501875728836181,0.0789949999935925,0.5696563300435397,0.01898175460443395,0.30132601278592475,0.03555784462238986,0.5644632841699139,0.06245256769396695,0.9914037771339789,0.05942802902664605,0.9433907142674,0.0,60.0000049670523,51.16279271243332,-0.0012873469250513428,-0.0014059686833436992,0.00011862175829235638,0.05170238088923352,0.04469761926573856,-0.9136637222924038,0.05308298890823533,0.04211701142257045,-0.47419363766930156,0.05875888049068442,0.04188111976323136,-0.6304151865555405,130160.8,1909432.5,2.7932142396174577,0.19040578810719938,-0.062499970896169765,-0.021739093463565173,-0.04255312065993755,-0.30769225478877493,-0.06249997089616979,-0.021739093463565163,-0.04255312065993758,-0.3076922547887749,25.92594841052916,35.80247390526378,25.92594841052916,35.802473905263774,-74.07405158947084,-74.07405158947084,0.002107143136007445,0.0029285718642529986,-55.48384251960244,-65.77346246085253,33.63836744518875,30.25443814729448,0.04351469780686997,-0.04444444996339281,HOLD,0,1
0.04699999839067459,0.04699999839067459,0.04500000178813934,0.04500000178813934,166530,0.0,0.0,FSG,2023-07-14 00:00:00+10:00,Telecommunication Services,0.0,0.0,-0.001999996602535248,-0.04255312065993758,0.04619999974966049,0.9740260180081501,0.04770000018179417,0.9433962603068219,0.04745000023394823,0.9483667348002239,0.05000000014901161,0.9000000330805777,0.05959500033408403,0.7550969298745451,0.07871999999508261,0.5716463642143083,0.01898175460443395,0.30132601278592475,0.01756233724229455,0.27879346070495575,0.06224710501854828,0.9881421582767962,0.05888048878762954,0.9346987824359687,0.0,50.0,47.50000512227236,-0.0013796107948402386,-0.0014006971056430072,2.1086310802768526e-05,0.05147712420413144,0.0439228761594569,-0.7148291604108035,0.053049812790082015,0.04185018767781444,-0.43751436699881374,0.05798723521028321,0.04201276508774001,-0.6259986494095051,160015.4,1872683.9,1.040712331438099,0.0889258459476263,-0.062499970896169765,-0.09999997764825852,-0.062499970896169765,-0.2622950609430005,-0.06249997089616979,-0.09999997764825855,-0.06249997089616979,-0.2622950609430004,25.92594841052916,30.86421115789648,25.92594841052916,30.864211157896474,-74.07405158947084,-74.07405158947084,0.0018928572535514832,0.0028333335760093873,-55.48384251960244,-63.05640577605809,27.16519247422444,28.718049555303978,0.04374440384477211,-0.04444444996339281,HOLD,0,1
0.04500000178813934,0.04500000178813934,0.04500000178813934,0.04500000178813934,0,0.0,0.0,FSG,2023-07-17 00:00:00+10:00,Telecommunication Services,0.0,0.0,0.0,0.0,0.04580000042915344,0.982532780927555,0.047200000286102294,0.9533898626138203,0.04710000026971102,0.9554140452325615,0.04976000018417835,0.9043408686008708,0.05920500036329031,0.7600709654929977,0.0784550000168383,0.5735772325343352,0.01903033409007459,0.3020971882128721,0.01756233724229455,0.27879346070495575,0.05898502763150838,0.9363582851354665,0.05821583137039559,0.9241476730376356,0.0,54.54546378171154,46.1538490929303,-0.0014361752421695462,-0.001407792732948315,-2.8382509221231127e-05,0.05094759139436085,0.04345240917784374,-0.5870433658343405,0.052367577629651337,0.041832422909770704,-0.3986649531798182,0.0576086712230737,0.041911329145283005,-0.6064718947258807,155388.4,1852782.05,0.0,0.0,-0.04255312065993755,-0.09999997764825852,-0.13461536808303154,-0.21052628483138258,-0.04255312065993758,-0.09999997764825855,-0.13461536808303157,-0.21052628483138258,25.92594841052916,25.92594841052916,25.92594841052916,25.92594841052916,-74.07405158947084,-74.07405158947084,0.0018214285373687744,0.0027380954651605514,-83.44364386613,-76.60637140808393,28.81308537557186,26.900164267446485,0.0439695157619162,-0.04444444996339281,HOLD,0,1
0.04500000178813934,0.04500000178813934,0.04500000178813934,0.04500000178813934,310818,0.0,0.0,FSG,2023-07-18 00:00:00+10:00,Telecommunication Services,0.0,0.0,0.0,0.0,0.04540000110864639,0.9911894424947301,0.046700000390410425,0.9635974606411317,0.04700000043958426,0.9574468376012933,0.04966000020503998,0.9061619331925074,0.05883500035852194,0.7648508798151359,0.07818000001832842,0.5755948040111231,0.01903033409007459,0.3020971882128721,0.01756233724229455,0.27879346070495575,0.05499057000226099,0.8729482360780271,0.055591727650926626,0.8824913179007087,0.0,54.54546378171154,40.00000425747325,-0.0014641254474313178,-0.0014190592758449158,-4.506617158640206e-05,0.050105876350312814,0.043294124430508035,-0.49913696866394497,0.052350849016267645,0.04164915186290087,-0.3737722386987399,0.05762277091993524,0.04169722949014472,-0.5852232324338544,180085.2,1836301.4,1.7259497171338898,0.16926306324223248,-0.04255312065993755,-0.09999997764825852,-0.04255312065993755,-0.09999997764825852,-0.04255312065993758,-0.09999997764825855,-0.04255312065993758,-0.09999997764825855,16.66667184068173,22.8395228872467,25.92594841052916,25.92594841052916,-83.33332815931827,-74.07405158947084,0.0016428570130041667,0.0025476192434628806,-94.85088657315801,-70.68960668189486,91.42316017226511,25.99051412527149,0.04419012544071741,-0.066666716337202,SELL,0,2
0.04600000008940697,0.04600000008940697,0.04500000178813934,0.04600000008940697,515217,0.0,0.0,FSG,2023-07-19 00:00:00+10:00,Telecommunication Services,0.02222218358958372,0.021978868925975996,0.0,0.0,0.04520000144839287,1.017699084411037,0.04630000032484531,0.9935205133189307,0.046700000390410425,0.9850107003179555,0.04954000018537044,0.9285425901752647,0.058475000336766246,0.7866609632233622,0.07791500002145767,0.5903869611337822,0.02356864506583211,0.3741406414976478,0.020220613435693983,0.3209922870481058,0.0492902640450326,0.7824586843191892,0.05538324276201876,0.8791817228917178,33.33333333333333,50.0,48.38709987537104,-0.0013895666218523076,-0.0014131607450463943,2.3594123194086705e-05,0.04880332943520604,0.043796671214484585,-0.11984050926292886,0.051516638246132854,0.041883362534687996,-0.14532965150614727,0.05753959219236124,0.041540408178379645,-0.44252258026032937,271226.4,1831228.85,1.899582783976781,0.2813504166887716,-0.02127656032996883,-0.08000001192092876,-0.11538463191696846,-0.11538463191696846,-0.02127656032996879,-0.08000001192092877,-0.11538463191696843,-0.11538463191696843,9.999985098835698,17.530868450015547,33.33334253158011,28.39507978421282,-90.0000149011643,-66.66665746841988,0.0014999998467309134,0.0023571428443704334,-71.94442775393676,-45.77587965035993,87.3940181040858,27.54151060814725,0.0444063229259426,-0.1521738971986708,SELL,0,2
0.0430000014603138,0.0430000014603138,0.0430000014603138,0.0430000014603138,517207,0.0,0.0,FSG,2023-07-20 00:00:00+10:00,Telecommunication Services,-0.06521736137526701,-0.06744124877837687,0.0,0.0,0.04480000138282776,0.959821431541207,0.04580000042915344,0.9388646519082271,0.04635000042617321,0.9277238633213105,0.04938000023365021,0.8707979193368101,0.05817500036209822,0.7391491395387918,0.07766000004485249,0.553695614672665,0.03308100892384061,0.5251447363895443,0.025517360589544236,0.4050755414081675,0.05059491500099172,0.8031693761824522,0.05607056891148575,0.8900926872582055,16.666656318626906,11.111097313733339,34.48276083548747,-0.0015546322004647561,-0.0014414550361300667,-0.00011317716433468942,0.04875145736980196,0.04284854348850493,-0.9486836586626289,0.05117428093102989,0.04152571992131653,-0.6944038520328407,0.05757795927697581,0.04118204119032461,-0.7782423331976411,301954.4,1807514.7,1.7128645914747391,0.28614262445555766,-0.04444444996339281,-0.10416664403035425,-0.1399999836087229,-0.15686270069819241,-0.044444449963392814,-0.10416664403035429,-0.13999998360872293,-0.15686270069819247,0.0,8.888885646505829,11.111132573686925,23.456807838598746,-100.0,-88.88886742631307,0.0014285711305482046,0.002214285589399792,-149.9366086751723,-122.32241318008074,65.81627905176411,25.736620319262414,0.054999999701976776,-0.09302326790251003,SELL,0,2
0.041999999433755875,0.0430000014603138,0.03999999910593033,0.04100000113248825,943425,0.0,0.0,FSG,2023-07-21 00:00:00+10:00,Telecommunication Services,-0.046511633951255016,-0.04762805532837575,-0.000999998301267624,-0.023809483684514385,0.04400000125169754,0.9318181810484938,0.04510000050067901,0.909090924109213,0.04630000051110983,0.8855291723517406,0.04920000024139881,0.8333333522626538,0.057815000377595425,0.7091585378312416,0.0773950000666082,0.5297499980257453,0.03642858730308719,0.578285895704243,0.0275229661924933,0.4369135433290533,0.03697249062737328,0.5869200933041769,0.05637252487918863,0.8948860896428075,12.499988358458879,9.090896775895615,34.48276083548747,-0.0018257846634154168,-0.0015183209615871368,-0.00030746370182827996,0.04892389990457029,0.04127610109678774,-1.0722037729388292,0.051330433689665424,0.041269567332554234,-1.0535870750087941,0.05773085663438435,0.040669143848413275,-0.9612164044459806,457333.4,1451302.05,2.062882352349511,0.6500542047742577,-0.08888889992678561,-0.14583331716453873,-0.02380948368451441,-0.17999998956918728,-0.08888889992678563,-0.1458333171645388,-0.023809483684514385,-0.1799999895691873,10.000018626448439,6.666667908428065,6.666679912142757,17.037051672469946,-89.99998137355156,-93.33332008785725,0.001214285514184407,0.002214285766794568,-180.95244453806566,-163.78462945224302,26.761541633013167,25.920064275695225,0.05475999973714352,-0.04878049445322463,HOLD,0,1
0.0430000014603138,0.0430000014603138,0.0430000014603138,0.0430000014603138,24000,0.0,0.0,FSG,2023-07-24 00:00:00+10:00,Telecommunication Services,0.04878049445322463,0.04762805532837576,0.0,0.0,0.04360000118613243,0.986238538773034,0.044700000807642935,0.9619686953777757,0.04620000049471855,0.9307359523779536,0.04906000025570392,0.8764778075049936,0.057475000396370886,0.748151390409193,0.07709750007838011,0.5577353535017145,0.04732407372643247,0.7512463806397564,0.034005261030278094,0.5398167837237114,0.034942538736860894,0.5546956060498498,0.05683528651985168,0.9022322029477755,37.499994179232154,23.07691866829434,52.173917268759915,-0.0018578752032406484,-0.0015862318099178394,-0.000271643393322809,0.04847712325193772,0.04092287836334815,-0.45007790253051766,0.051415361860177936,0.04098463912925916,-0.6135718716631793,0.05776524142411394,0.040354759087293905,-0.6961322125549984,462133.4,1337585.25,0.05193305655899357,0.017942781590930372,-0.04444444996339281,-0.08510632058137357,-0.04444444996339281,-0.1399999836087229,-0.044444449963392814,-0.08510632058137357,-0.044444449963392814,-0.13999998360872293,30.00001862644844,13.333345750965643,20.0000149011606,12.592609128996775,-69.99998137355156,-79.9999850988394,0.00135714268045766,0.0019285714342480614,-107.97386687657617,-103.10076632885436,28.249430125588248,33.298931972827305,0.054169599711894986,-0.11627912819546515,SELL,0,2
0.0430000014603138,0.0430000014603138,0.0430000014603138,0.0430000014603138,0,0.0,0.0,FSG,2023-07-25 00:00:00+10:00,Telecommunication Services,0.0,0.0,0.0,0.0,0.04320000112056732,0.9953703783549601,0.04430000111460686,0.9706546360816136,0.04615000057965517,0.9317443319658371,0.0489400003105402,0.8786269143331593,0.05719500038772821,0.7518139901882035,0.07680000009015203,0.5598958516905996,0.04732407372643247,0.7512463806397564,0.034005261030278094,0.5398167837237114,0.0346071984330411,0.5493722437589457,0.05677229773782403,0.9012322870319833,37.499994179232154,23.07691866829434,44.9999990686774,-0.0018618449970838821,-0.0016413544473510482,-0.00022049054973283396,0.04783396223888967,0.04076603999032404,-0.3678590704805457,0.05147224709944677,0.040827754059863566,-0.5918551701105177,0.057812429411818904,0.0400675712092615,-0.6694895819872293,399969.8,1268180.15,0.0,0.0,-0.04444444996339281,-0.08510632058137357,-0.0227272342428686,-0.12244892683886988,-0.044444449963392814,-0.08510632058137357,-0.02272723424286861,-0.12244892683886986,33.333360928077475,24.444466060324803,20.0000149011606,15.555569904821335,-66.66663907192253,-79.9999850988394,0.00135714268045766,0.0016904762458233606,-93.52617703273829,-93.97125027810412,28.249430125588248,27.273116271552354,0.0536028156876564,-0.09302326790251003,SELL,0,2
0.041999999433755875,0.041999999433755875,0.041999999433755875,0.041999999433755875,75801,0.0,0.0,FSG,2023-07-26 00:00:00+10:00,Telecommunication Services,-0.02325586029295512,-0.02353054485298263,0.0,0.0,0.0424000009894371,0.9905660012654038,0.04380000121891499,0.9589040699756468,0.046050000563263895,0.9120520938117234,0.048800000324845313,0.860655720372457,0.05691500037908554,0.7379425310377322,0.07651000007987023,0.5489478419802808,0.044302284415755434,0.703276962456848,0.03416727566772103,0.5423886863602692,0.034975243417273566,0.5552147767563284,0.056858852101883156,0.9026062949651101,33.333319535961266,24.9999922389774,44.9999990686774,-0.0019235098690558866,-0.001697785531692016,-0.00022572433736387063,0.04703865706129417,0.04056134537653581,-0.5557866821183434,0.05161208970145256,0.040487911425075226,-0.7281438734415772,0.05788688250489145,0.03971311814479918,-0.7483315791219944,312086.6,467249.7,0.24288450705669518,0.16222803353324786,-0.08695653582340379,-0.10638296017284077,-0.045454553151426325,-0.14285713199623795,-0.08695653582340375,-0.1063829601728408,-0.045454553151426276,-0.14285713199623792,25.0,29.444459851508658,13.333334989017844,17.777788263779694,-75.0,-86.66666501098216,0.0012857142303671157,0.0016904762458233606,-111.5538445470505,-116.31425374756105,28.058213325067072,28.715457805075218,0.05305870302438736,-0.11904759581735047,SELL,0,2
0.041999999433755875,0.041999999433755875,0.041999999433755875,0.041999999433755875,25000,0.0,0.0,FSG,2023-07-27 00:00:00+10:00,Telecommunication Services,0.0,0.0,0.0,0.0,0.04220000058412552,0.9952606363127663,0.04350000098347664,0.9655172065331554,0.04585000053048134,0.9160305114028088,0.04860000029206276,0.86419751401967,0.05663500037044287,0.7415908741774313,0.07619500009343028,0.551217263367091,0.03533982504850851,0.5610023307293079,0.03235473781788757,0.5136155400049628,0.033177167958810656,0.5266712137466005,0.05613514188985573,0.8911177515112958,33.333319535961266,24.9999922389774,44.9999990686774,-0.0019499024625489886,-0.0017482089178634105,-0.00020169354468557808,0.046799833295371414,0.04020016867158186,-0.4545690228905774,0.05169987642389924,0.04000012463706344,-0.6581338077714385,0.05783834097116084,0.03936165961296468,-0.7144141017920579,213645.2,328813.65,0.11701643659675012,0.07603090686776537,-0.02325586029295512,-0.066666716337202,-0.08695653582340379,-0.1923077198616141,-0.023255860292955087,-0.066666716337202,-0.08695653582340375,-0.19230771986161407,25.0,27.77778697602584,13.333334989017844,15.555561626398777,-75.0,-86.66666501098216,0.001214285514184407,0.0015714285629136221,-92.43594433084132,-112.29459577939691,28.253290615339537,77.52858273073029,0.05253635486764908,-0.07142853975093244,SELL,0,2
0.04500000178813934,0.04600000008940697,0.04100000113248825,0.04100000113248825,1241707,0.0,0.0,FSG,2023-07-28 00:00:00+10:00,Telecommunication Services,-0.02380948368451441,-0.024097510475393182,-0.0040000006556510925,-0.08888889992678563,0.04220000058412552,0.9715639944306381,0.04310000091791153,0.9512761081044302,0.04540000054985285,0.9030837144476894,0.04842000029981136,0.8467575563531746,0.056345000378787514,0.7276599672883085,0.075875000115484,0.5403624523240202,0.029524036149207507,0.4686795440981048,0.03270573747278188,0.5191874867876819,0.02556217243293151,0.40578690736852613,0.05598280932687958,0.8886995470420239,22.222226821346254,25.000000000000014,36.8421062950944,-0.0020281312539903035,-0.0018041933850887891,-0.00022393786890151433,0.04655768197841308,0.03964231985740998,-0.6073434040555108,0.051290223860392045,0.03950977723931365,-0.747000442155021,0.05789469261729406,0.03894530798232866,-0.7831387995187693,273301.6,293818.9,4.543357960582741,4.226096415172747,0.0,-0.08888889992678561,-0.17999998956918728,-0.17999998956918728,0.0,-0.08888889992678563,-0.1799999895691873,-0.1799999895691873,12.50002328306055,20.833341094353536,6.666679912142757,11.111116630059497,-87.49997671693946,-93.33332008785725,0.0014999995806387492,0.0016666666737624577,-57.40740204176278,-86.17425034695337,50.766241270248884,72.66334985957349,0.05203490063718033,-0.0731707871102052,SELL,0,2
0.0430000014603138,0.0430000014603138,0.041999999433755875,0.041999999433755875,676770,0.0,0.0,FSG,2023-07-31 00:00:00+10:00,Telecommunication Services,0.02439020179624407,0.024097510475393154,-0.0010000020265579224,-0.023255860292955087,0.04200000017881393,0.9999999822605226,0.04280000068247318,0.9813083823373651,0.04500000048428774,0.9333333107056443,0.04824000030755997,0.870646748880178,0.056015000343322754,0.7497991462346294,0.07556000012904406,0.5558496474593274,0.0199986004532968,0.3174679402126016,0.03430359940440276,0.5445527585905987,0.026602823133610908,0.4223067251026229,0.05602213681182427,0.8893238515111436,42.857127651874784,30.76922415628576,24.999988358464307,-0.001986537066511404,-0.0018406621213733123,-0.00014587494513809175,0.04603865642260769,0.03956134494233867,-0.24701645154914756,0.050656854274581616,0.039343146693993865,-0.5303303146493403,0.057855548942450985,0.03862445167266895,-0.6489490210846216,403855.6,266077.75,1.675772231460948,2.543504671097076,-0.02325586029295512,-0.066666716337202,-0.16000002384185752,-0.17647058393853476,-0.023255860292955087,-0.066666716337202,-0.16000002384185755,-0.17647058393853476,28.57143617406261,22.02381981904107,13.333334989017844,11.111116630059497,-71.42856382593739,-86.66666501098216,0.0015714280307292938,0.0015714285629136221,-61.88407821480904,-86.6206260479752,40.812927795942834,55.39363599237415,0.05155350457593033,-0.09523811213283606,SELL,0,2
0.041999999433755875,0.0430000014603138,0.041999999433755875,0.041999999433755875,251900,0.0,0.0,FSG,2023-08-01 00:00:00+10:00,Telecommunication Services,0.0,0.0,0.0,0.0,0.04179999977350235,1.0047846808932355,0.042500000447034836,0.9882352703995361,0.04460000041872263,0.9417040143372891,0.04802000030875206,0.8746355510976749,0.05568500030785799,0.7542426003691527,0.07522000012919307,0.5583621292424802,0.0199986004532968,0.3174679402126016,0.03430359940440276,0.5445527585905987,0.026602823133610908,0.4223067251026229,0.0557020393079255,0.8842424611674915,59.9999850988357,30.76922415628576,24.999988358464307,-0.0019313104288397748,-0.0018587917828666047,-7.251864597317007e-05,0.045367442239711654,0.03963255865435802,-0.17437180923983103,0.049887522532033414,0.03931247830541184,-0.49172389812262335,0.057694203414906386,0.03834579720259773,-0.6222735670255372,454235.6,274918.15,0.554558031118653,0.9162727160793129,-0.02325586029295512,-0.066666716337202,-0.16000002384185752,-0.20754717113751886,-0.023255860292955087,-0.066666716337202,-0.16000002384185755,-0.2075471711375188,28.57143617406261,23.214298543728614,20.0,13.33333830038688,-71.42856382593739,-80.0,0.001571428296821458,0.0013333333744889213,-55.44556453636223,-79.7587353753741,41.41836678126761,41.76321967497251,0.05109136435713033,-0.09523811213283606,SELL,0,2
0.0430000014603138,0.04399999976158142,0.042500000447034836,0.0430000014603138,352783,0.0,0.0,FSG,2023-08-02 00:00:00+10:00,Telecommunication Services,0.02380957238190362,0.023530544852982574,0.0,0.0,0.04200000017881393,1.0238095542200567,0.04220000058412552,1.0189573664719145,0.04425000045448542,0.9717514354501003,0.047800000309944156,0.899581614675601,0.0554150003194809,0.7759632087414666,0.07488500013947487,0.5742138129161434,0.020060483169162893,0.31845029787241125,0.03445380039562816,0.5469371254073455,0.02751282928411426,0.4367526248972494,0.05574622787740062,0.8849439329612288,50.0,41.666664079659135,29.411763416854356,-0.0017862602185301363,-0.0018442854699993114,5.802525146917509e-05,0.04377762253807984,0.0406223786301712,0.5070928901458738,0.04892355363025918,0.03957644727871166,-0.2674622385065023,0.05741928364575535,0.038180716974132965,-0.4989975533583321,509632.0,290057.3,0.6922308646238855,1.2162527886731347,0.02380957238190362,-0.06521736137526701,-0.1399999836087229,-0.20370369731603188,0.023809572381903638,-0.06521736137526704,-0.13999998360872293,-0.20370369731603188,42.85718087031305,33.333351072812775,30.00001862644844,21.11111787182211,-57.14281912968695,-69.99998137355156,0.0015714285629136221,0.001428571485337757,-7.5048816177824325,-48.48268249394618,49.919239544327425,46.54252303455429,0.05064770974708233,-0.06976749424421014,SELL,0,2
0.041999999433755875,0.0430000014603138,0.041999999433755875,0.0430000014603138,89523,0.0,0.0,FSG,2023-08-03 00:00:00+10:00,Telecommunication Services,0.0,0.0,0.0010000020265579224,0.023809572381903638,0.04220000058412552,1.0189573664719145,0.04220000058412552,1.0189573664719145,0.04400000050663948,0.9772727492088373,0.047670000344514844,0.9020348468544033,0.05521500032395124,0.7787739057869967,0.07452500013634562,0.5769876065970354,0.020060483169162893,0.31845029787241125,0.027510027919358995,0.43670815461040535,0.0264317122829504,0.4195904245577884,0.05452874402509933,0.8656169759706721,50.0,41.666664079659135,29.411763416854356,-0.0016522606495578684,-0.0018058805059110227,0.0001536198563531542,0.04377762253807984,0.0406223786301712,0.5070928901458738,0.048352857279371,0.03964714373390796,-0.2297339651950364,0.05737085234614878,0.037969148342880905,-0.481400899984297,522536.6,292074.25,0.1713238842982482,0.30650767741421914,0.02380957238190362,0.0,-0.10416664403035425,-0.13131309710477213,0.023809572381903638,0.0,-0.10416664403035429,-0.1313130971047721,50.000031044080735,40.476216029485485,33.333360928077475,27.777793184841983,-49.999968955919265,-66.66663907192253,0.0015000003789152419,0.0014761906294595627,-29.914518484757888,-57.925399627012375,48.913873544924186,45.74241692692641,0.05022180132143625,-0.06976749424421014,SELL,0,2
0.04399999976158142,0.04399999976158142,0.04399999976158142,0.04399999976158142,174785,0.0,0.0,FSG,2023-08-04 00:00:00+10:00,Telecommunication Services,0.023255773658299894,0.022989478845309223,0.0,0.0,0.04280000030994415,1.0280373701623189,0.042500000447034836,1.0352941011475034,0.043800000473856925,1.0045661937342643,0.047560000345110896,0.9251471707801314,0.05498500030487776,0.8002182325654756,0.07417000012472272,0.5932317606524463,0.013052103525824728,0.20719572009360926,0.02274124195366665,0.3610060242849037,0.027171334086661926,0.4313315566989588,0.05463966426444813,0.8673777801827562,75.00002328308223,46.15383733658866,37.499994179232154,-0.001448674106819696,-0.0017344392260927573,0.00028576511927306137,0.044199674140430995,0.04080032675363868,0.8825219336950492,0.04772562400063821,0.039874376947075636,0.05094713906213019,0.05730080445895964,0.037819196231262155,-0.36547296731572043,309152.2,299950.65,0.5653687730509438,0.5827125228766799,0.0731706962494687,0.0731706962494687,-0.08333334626836897,-0.11111111111111116,0.07317069624946869,0.07317069624946869,-0.08333334626836898,-0.1111111111111111,66.66666666666667,53.174626193686834,50.0,37.77779318484198,-33.333333333333336,-50.0,0.0015714288290057863,0.001428571485337757,79.69814419233361,-5.765086332181045,50.90468339391612,48.054509891528255,0.049812929232816015,-0.0227272342428686,HOLD,0,1
0.04399999976158142,0.04399999976158142,0.041999999433755875,0.041999999433755875,107831,0.0,0.0,FSG,2023-08-07 00:00:00+10:00,Telecommunication Services,-0.045454553151426325,-0.0465200236982919,-0.0020000003278255463,-0.045454553151426276,0.04280000030994415,0.9813083908786233,0.042400000244379045,0.9905660186717523,0.04355000052601099,0.9644087009521538,0.04740000031888485,0.886075931459909,0.054775000289082526,0.7667731485549093,0.07388000011444092,0.5684894337939553,0.02816613310744384,0.44712350157983594,0.023171057045589697,0.36782912734272816,0.028500080169711662,0.4524247468467634,0.054975302496970975,0.8727058719452006,50.0,39.999990065890465,33.33332643464587,-0.0014322040598078387,-0.0016739921928357734,0.00024178813302793475,0.04408654880266014,0.04071345168609795,-0.23717123865727588,0.04724779468924585,0.03985220636277613,-0.419169111051644,0.05723952910041545,0.03756047153735424,-0.548806859050517,195364.4,304185.45,0.551948051948052,0.3544909856799528,0.0,-0.02325586029295512,-0.10638296017284077,-0.16000002384185752,0.0,-0.023255860292955087,-0.1063829601728408,-0.16000002384185755,33.333333333333336,50.00001034802693,25.0,36.11112030935917,-66.66666666666667,-75.0,0.0017142859952790396,0.0014761904520647867,-17.500077579126224,-51.962213258744335,49.7449678682833,47.26949539002151,0.049420412027740585,0.02380957238190362,HOLD,0,1
0.0430000014603138,0.0430000014603138,0.03999999910593033,0.041999999433755875,195450,0.0,0.0,FSG,2023-08-08 00:00:00+10:00,Telecommunication Services,0.0,0.0,-0.0010000020265579224,-0.023255860292955087,0.04280000030994415,0.9813083908786233,0.042300000041723254,0.9929077870526839,0.043300000578165056,0.96997687928289,0.04706000030040741,0.8924776703282824,0.054495000280439854,0.7707128950842694,0.07359000010415911,0.5707297102093922,0.02816613310744384,0.44712350157983594,0.023171057045589697,0.36782912734272816,0.028500080169711662,0.4524247468467634,0.048302028537426954,0.7667709319798598,59.9999850988357,35.71428191296869,35.294115069002274,-0.0014029787630343502,-0.0016197895068754886,0.00021681074384113843,0.043946545566660514,0.040653454516785995,-0.18220000809197803,0.046677947839951606,0.039922053316378506,-0.3848494495801066,0.056426985350620844,0.03769301525019398,-0.5401952538118168,184074.4,304591.25,1.0617989247825879,0.6416796280260841,0.0,-0.02325586029295512,-0.10638296017284077,-0.2881356071326554,0.0,-0.023255860292955087,-0.1063829601728408,-0.28813560713265546,33.333333333333336,44.444444444444464,25.0,33.33333333333335,-66.66666666666667,-75.0,0.001857143427644457,0.0015714285629136221,-112.90319288230052,-88.64785024152467,41.23565663734865,45.87000404455385,0.049043595510868176,0.02380957238190362,HOLD,0,1
0.03999999910593033,0.041999999433755875,0.03999999910593033,0.04100000113248825,363952,0.0,0.0,FSG,2023-08-09 00:00:00+10:00,Telecommunication Services,-0.02380948368451441,-0.024097510475393182,0.0010000020265579224,0.02500005122274275,0.042400000244379045,0.9669811532117528,0.04220000021159649,0.9715640030073156,0.04300000071525574,0.9534883825697724,0.04670000031590462,0.8779443437931815,0.054225000254809856,0.7561088232332738,0.07329500010237097,0.5593833286748569,0.026222542152890698,0.41626995168274233,0.02322779571419226,0.36872982578378793,0.02876670827225459,0.4566573367579811,0.048362943760798784,0.7677379311724587,40.000014901164306,41.666664079659135,33.33333333333333,-0.0014438650330361943,-0.0015846046121076299,0.00014073957907143552,0.044037873319510173,0.04036212710368281,-0.6529281450069523,0.04604354511278852,0.03995645631772296,-0.6571284402451198,0.055564052913324856,0.037835947718484385,-0.643046633666781,186308.2,319813.3,1.9534942638058872,1.1380139600197992,-0.046511633951255016,-0.02380948368451441,-0.1276595205028096,-0.30508473078021725,-0.04651163395125501,-0.023809483684514385,-0.12765952050280957,-0.3050847307802172,16.6666977107474,27.777788125804708,14.285744696250442,21.42858156541683,-83.3333022892526,-85.71425530374955,0.0017857149775539125,0.0016190475296406518,-155.55551010541595,-116.47060879098903,42.919144785200736,41.10534191926999,0.04868185165467066,0.17073168515591797,BUY,0,0
0.041999999433755875,0.041999999433755875,0.04100000113248825,0.041999999433755875,871586,0.0,0.0,FSG,2023-08-10 00:00:00+10:00,Telecommunication Services,0.02439020179624407,0.024097510475393154,0.0,0.0,0.042199999839067456,0.9952606538844954,0.04220000021159649,0.9952606450986307,0.04285000059753656,0.9801633336773034,0.04636000029742718,0.9059533900841397,0.05396500021219253,0.7782822064043399,0.07298000011593103,0.5755001283507475,0.03031193144641509,0.4811869941915163,0.02471306792456016,0.39230779117099995,0.028229222084284265,0.44812500803897154,0.04854820696016084,0.7706788932880838,50.0,54.54544838794781,36.84210113541025,-0.0013796721888278476,-0.0015436181274516736,0.000163945938623826,0.044037873319510173,0.04036212710368281,-0.10882186424048305,0.04577178878248074,0.03992821241259238,-0.2909181329983802,0.054579042424188116,0.03814095817066624,-0.5304755464721711,342720.8,345214.25,2.5431371542083236,2.5247683141701134,-0.02325586029295512,0.0,-0.066666716337202,-0.2881356071326554,-0.023255860292955087,0.0,-0.066666716337202,-0.28813560713265546,33.333333333333336,27.777788125804708,28.57143617406261,22.61906029010437,-66.66666666666667,-71.42856382593739,0.001642857545188495,0.0016190475296406518,-88.43534311852454,-82.43244699072305,64.13825151593304,49.21156089150082,0.04833457755272105,0.23809528033209015,BUY,0,0
0.041999999433755875,0.041999999433755875,0.04100000113248825,0.04100000113248825,2412261,0.0,0.0,FSG,2023-08-11 00:00:00+10:00,Telecommunication Services,-0.02380948368451441,-0.024097510475393182,-0.000999998301267624,-0.023809483684514385,0.041600000113248825,0.9855769476171351,0.04220000021159649,0.9715640030073156,0.04265000056475401,0.9613130267194107,0.04600000031292439,0.891304366382117,0.05368500024080276,0.7637142767734701,0.07266000013798475,0.5642719660697402,0.026698790788673397,0.42383016439783117,0.02471306792456016,0.39230779117099995,0.028593061194449015,0.45390077485538133,0.04860892978091058,0.7716428381837448,33.33331263725381,39.99999254941507,38.8888819902,-0.0013934278341921971,-0.0015135800687997784,0.0001201522346075813,0.044037873319510173,0.04036212710368281,-0.6529281450069523,0.04549882348244812,0.0398011776470599,-0.5791863797562038,0.05350510059360258,0.0384949000322462,-0.6662135072743246,790216.0,457500.8,3.0526602852890856,5.272692419335661,-0.06818178739429492,0.0,-0.08888889992678561,-0.30508473078021725,-0.06818178739429488,0.0,-0.08888889992678563,-0.3050847307802172,16.6666977107474,22.222242918276066,14.285744696250442,19.047641855521178,-83.3333022892526,-85.71425530374955,0.0015714288290057863,0.0015714285629136221,-108.19358193371727,-97.96057264508578,40.76955104237638,37.88396474711577,0.04800119441484942,0.26829267406236723,BUY,0,0
0.03999999910593033,0.0430000014603138,0.03999999910593033,0.04100000113248825,4230881,0.0,0.0,FSG,2023-08-14 00:00:00+10:00,Telecommunication Services,0.0,0.0,0.0010000020265579224,0.02500005122274275,0.0414000004529953,0.9903381807697997,0.04210000038146973,0.9738717520424146,0.042450000531971455,0.9658421818301008,0.04572000034153462,0.8967629227080637,0.05342500023543835,0.7674309958222848,0.07234000016003847,0.5667680542132093,0.020129268865887822,0.3195422369561661,0.02322779571419226,0.36872982578378793,0.028593061194449015,0.45390077485538133,0.047790699800353074,0.7586538399208705,33.33331263725381,39.99999254941507,38.8888819902,-0.0013883255297432728,-0.0014885291609884775,0.00010020363124520464,0.044088857935192814,0.040111142827746644,-0.5530809619433588,0.045162544655002516,0.03973745640894039,-0.5345532952521855,0.05289182730163964,0.038548173381429594,-0.6581306597750441,1614826.0,669044.85,2.6200228383739175,6.32376289870552,-0.02380948368451441,-0.02380948368451441,-0.08888889992678561,-0.25454542991543594,-0.023809483684514385,-0.023809483684514385,-0.08888889992678563,-0.2545454299154359,16.6666977107474,22.222242918276066,16.6666977107474,19.841292860353498,-83.3333022892526,-83.3333022892526,0.0017857147114617483,0.0016190478844302042,-91.82383288435445,-94.38810399637359,40.76955104237638,37.88396474711577,0.04768114660249266,0.17073168515591797,BUY,0,0
0.04100000113248825,0.04100000113248825,0.04100000113248825,0.04100000113248825,260000,0.0,0.0,FSG,2023-08-15 00:00:00+10:00,Telecommunication Services,0.0,0.0,0.0,0.0,0.041200000792741776,0.9951456394076391,0.04200000055134297,0.9761904903398212,0.0422500004991889,0.9704142165223253,0.04550000034272671,0.9010989192012656,0.05314500026404858,0.771474285987046,0.07199500016868114,0.5694840063397046,0.020129268865887822,0.3195422369561661,0.02322779571419226,0.36872982578378793,0.028593061194449015,0.45390077485538133,0.04724952846940116,0.7500630113706109,19.999985098824595,44.44444904357227,38.8888819902,-0.0013685066242092939,-0.0014645246536326409,9.601802942334702e-05,0.044108185218377186,0.03989181588430875,-0.4743414723063659,0.04475263051713261,0.039747370481245194,-0.49947429613575767,0.05255951401163592,0.03844048667381749,-0.6374375659979085,1627736.0,666503.95,0.15973106203954449,0.39009521248898826,-0.02380948368451441,-0.02380948368451441,-0.08888889992678561,-0.21153845602767718,-0.023809483684514385,-0.023809483684514385,-0.08888889992678563,-0.21153845602767718,16.6666977107474,16.6666977107474,16.6666977107474,15.873046705915094,-83.3333022892526,-83.3333022892526,0.0017142859952790396,0.0016190478844302042,-107.34454658334523,-109.67997909730859,39.691415651793456,36.79747783114955,0.047373900702630166,0.17073168515591797,BUY,0,0
0.03999999910593033,0.04100000113248825,0.03999999910593033,0.03999999910593033,844595,0.0,0.0,FSG,2023-08-16 00:00:00+10:00,Telecommunication Services,-0.02439029265698056,-0.024692662563777824,0.0,0.0,0.041000000387430194,0.975609725071943,0.041700000315904616,0.9592325852015426,0.04195000045001507,0.9535160590425205,0.04526000030338764,0.8837825638047199,0.052855000272393225,0.7567874165128476,0.07167000018060207,0.5581135622315315,0.02026869917429774,0.3217556244838322,0.02221872511197339,0.3527113265711241,0.02821890741672372,0.4479612677676425,0.04733715941366957,0.7514541094847388,24.999976716917757,39.99999254941507,36.84209391185411,-0.001417155716018234,-0.0014550508661097597,3.789515009152561e-05,0.044019003778054955,0.03938099685375428,-0.7330740284440671,0.043947367376473805,0.03995263352355633,-0.9762859884448115,0.052232950871305424,0.03828704973546986,-0.754343680802548,1723864.6,682972.85,0.48994277160746846,1.2366450584382673,-0.02439029265698056,-0.06976749424421014,-0.13043480373510563,-0.23076926383393692,-0.024390292656980547,-0.0697674942442101,-0.13043480373510563,-0.23076926383393687,0.0,11.111131807164952,0.0,11.111131807164947,-100.0,-100.0,0.0017857147114617483,0.0016666670285520099,-136.23192599780882,-148.03082801928898,35.42318841275946,33.70817997157582,0.04707894463876217,0.275000004656613,BUY,0,0
0.04100000113248825,0.0430000014603138,0.04100000113248825,0.04100000113248825,1010000,0.0,0.0,FSG,2023-08-17 00:00:00+10:00,Telecommunication Services,0.025000051222742847,0.024692662563777907,0.0,0.0,0.04080000072717667,1.0049019706310536,0.04150000028312206,0.987951827777766,0.04185000043362379,0.9796893836958573,0.04504000030457973,0.910301972807032,0.052575000301003455,0.7798383432763522,0.07132500018924474,0.5748335229401196,0.020488624900411267,0.32524683715304237,0.024391797162400974,0.38720777592986366,0.025424932084731126,0.4036082843814333,0.047513195080623224,0.7542485890645594,40.000014901164306,50.0,36.8421062950944,-0.001359348937214143,-0.0014359104803306365,7.656154311649357e-05,0.043660246578697944,0.03933975398754618,-0.23145469646576647,0.043826174357939236,0.03987382650930834,-0.43012373085024824,0.05183687814704827,0.038243122462111194,-0.5943904342150437,1751547.4,707612.5,0.5766329817851347,1.4273348760797753,-0.02380948368451441,-0.046511633951255016,-0.046511633951255016,-0.21153845602767718,-0.023809483684514385,-0.04651163395125501,-0.04651163395125501,-0.21153845602767718,25.0000465661211,13.888914758956185,16.6666977107474,11.111131807164947,-74.9999534338789,-83.3333022892526,0.0016428578112806594,0.0017619053167956217,-23.132107036085536,-39.16573482007643,33.122860841420504,36.60707824131502,0.0467957868174489,0.19512188695216204,BUY,0,0
0.04100000113248825,0.04100000113248825,0.04100000113248825,0.04100000113248825,227682,0.0,0.0,FSG,2023-08-18 00:00:00+10:00,Telecommunication Services,0.0,0.0,0.0,0.0,0.04080000072717667,1.0049019706310536,0.04120000042021275,0.9951456484057127,0.04185000043362379,0.9796893836958573,0.044880000352859495,0.9135472551277725,0.052295000329613685,0.7840137847608104,0.07098000019788742,0.5776275150490706,0.017462921977229942,0.27721529229764863,0.022487698736746504,0.35698115049343565,0.023173536572400417,0.36786848861058985,0.04686924846641305,0.7440262534717463,50.0,44.444453642692494,43.74999854480838,-0.00129856756992075,-0.0014084418982486593,0.00010987432832790939,0.04246491090635067,0.039935089934074824,-0.15811339214614548,0.043826174357939236,0.03987382650930834,-0.43012373085024824,0.05167303384680805,0.03808696685891094,-0.5711732797766517,1314631.6,671825.35,0.17319072506700736,0.33890057884835695,0.0,-0.06818178739429492,0.0,-0.16326526112727135,0.0,-0.06818178739429488,0.0,-0.16326526112727135,25.0000465661211,16.666697710747417,16.6666977107474,11.111131807164947,-74.9999534338789,-83.3333022892526,0.001500000645007406,0.0016190482392197563,-70.34672899466106,-90.8997172931645,35.35534552482943,37.75534925743488,0.04652395530898815,0.19512188695216204,BUY,0,0
0.03999999910593033,0.04500000178813934,0.03999999910593033,0.04500000178813934,262939,0.0,0.0,FSG,2023-08-21 00:00:00+10:00,Telecommunication Services,0.09756098890644926,0.09309043518077677,0.005000002682209015,0.12500006984919465,0.04160000085830688,1.0817307898962105,0.04150000065565109,1.0843373753540329,0.04195000045001507,1.0727056330251643,0.04476000040769577,1.005361961087076,0.052055000364780425,0.8644703001209778,0.0706800002232194,0.6366723492645971,0.04693222869624551,0.7450260336256487,0.03637011960180087,0.5773577497202438,0.030085852717969538,0.4775981056383845,0.048593789620737037,0.7714024955919715,71.42857903120142,61.538470355716505,61.111113410673134,-0.0009170599783435499,-0.0013101655142676377,0.0003931055359240878,0.044208014053969395,0.03879198725733279,1.2924607886584965,0.044331950432141956,0.03956805046788818,1.280464057184304,0.051319741515117215,0.03820025930027432,0.03658702020603334,521043.2,683772.3,0.5046395385257882,0.3845417546162662,0.09756098890644926,0.07142862844832165,0.046511633951255016,-0.11764700726241706,0.09756098890644924,0.07142862844832167,0.04651163395125501,-0.11764700726241704,100.0,50.00003104408075,83.33336437741407,38.888919932969635,-0.0,-16.666635622585936,0.0017857149775539125,0.001714286350068592,105.77782263579564,105.8536825131796,37.82731659990674,43.43909494706207,0.04626299706086584,0.08888881714256014,BUY,0,0
0.04500000178813934,0.04500000178813934,0.0430000014603138,0.0430000014603138,420445,0.0,0.0,FSG,2023-08-22 00:00:00+10:00,Telecommunication Services,-0.04444444996339281,-0.04546237985240099,-0.0020000003278255463,-0.044444449963392814,0.042000000923871995,1.0238095360582105,0.04160000085830688,1.0336538599308072,0.04195000045001507,1.0250298211927278,0.044660000428557396,0.9628302966342533,0.051795000396668914,0.8301959866975742,0.07037000024691224,0.6110558662702377,0.05508185185972012,0.8743972906423205,0.03992910335258772,0.6338548652684551,0.03188301972767879,0.5061272474712262,0.04828814807950014,0.7665505865413116,62.499994179237575,50.0,50.0,-0.000767251378862098,-0.0012015826871865298,0.0004343313083244318,0.044459683086409296,0.03874031863020447,0.48956509511754565,0.044331950432141956,0.03956805046788818,0.44081572584541145,0.051170400197137644,0.03814960065997715,-0.2549765033254791,553132.2,704794.55,0.7601166592724127,0.5965497321169694,0.04878049445322463,0.02380957238190362,0.0,-0.10416664403035425,0.04878049445322462,0.023809572381903638,0.0,-0.10416664403035429,60.0000149011532,61.66668715575812,50.000031044080735,50.00003104408075,-39.9999850988468,-49.999968955919265,0.0017857149775539125,0.001714286350068592,121.73920519879843,126.37986838122909,38.47382167596842,45.88228066071557,0.04601247714266842,0.13953481521910982,BUY,0,0
0.0430000014603138,0.0430000014603138,0.0430000014603138,0.0430000014603138,432946,0.0,0.0,FSG,2023-08-23 00:00:00+10:00,Telecommunication Services,0.0,0.0,0.0,0.0,0.04260000139474869,1.009389672593166,0.04180000089108944,1.0287081469771011,0.04200000055134297,1.0238095451391334,0.044640000462532047,0.9632616714779213,0.05159500040113926,0.833414112336441,0.07012000024318694,0.6132344739187561,0.05219678610380716,0.8285982916050348,0.038844694887904326,0.6166404145654613,0.03139242074511157,0.4983392300632211,0.04680506007284976,0.7430072943131951,62.499994179237575,50.0,50.0,-0.0006411363635548395,-0.0010894934224601918,0.0004483570589053523,0.044751460973179655,0.03884854080899923,0.40657862069898565,0.044427908863928556,0.03957209223875738,0.41187754240434427,0.05116480390040053,0.038115197024663566,-0.25134841498826876,470802.4,722651.8,0.9195917437973977,0.5991073432599213,0.07500006053596864,0.04878049445322463,0.02380957238190362,-0.0227272342428686,0.07500006053596871,0.04878049445322462,0.023809572381903638,-0.02272723424286861,60.0000149011532,73.33334326743548,50.000031044080735,61.111142155191864,-39.9999850988468,-49.999968955919265,0.0017142862613712037,0.001714286350068592,70.40941455638428,71.37519120859504,36.67163875690124,43.84734168441431,0.045771978021198895,0.13953481521910982,BUY,0,0
0.0430000014603138,0.0430000014603138,0.0430000014603138,0.0430000014603138,18000,0.0,0.0,FSG,2023-08-24 00:00:00+10:00,Telecommunication Services,0.0,0.0,0.0,0.0,0.0430000014603138,1.0,0.04190000109374523,1.0262529913569087,0.04205000065267086,1.0225921710558308,0.04456000052392483,0.964991044765059,0.05140500042587519,0.8364945259035411,0.06983500024303795,0.6157371133481251,0.05227136488340213,0.8297821930283807,0.03828364107316329,0.6077339613698879,0.03139242074511157,0.4983392300632211,0.04577878013775051,0.7267156054103463,62.499994179237575,46.153852766787374,52.94118291572823,-0.0005350219058234545,-0.0009785991191328444,0.0004435772133093898,0.04494776996294517,0.0388522322245453,0.3609198773847056,0.04451875319482293,0.03958124811051879,0.38481005747736846,0.05106475539895706,0.0380552456488926,-0.2398244197639043,272402.4,722301.8,0.06607871296288138,0.024920331085980955,0.04878049445322463,0.02380957238190362,0.02380957238190362,-0.08510632058137357,0.04878049445322462,0.023809572381903638,0.023809572381903638,-0.08510632058137357,60.0000149011532,60.0000149011532,50.000031044080735,50.000031044080735,-39.9999850988468,-49.999968955919265,0.0016428578112806594,0.001666667205946786,83.20417312491755,64.83819441988194,35.09141739181656,44.18244455790076,0.04554109886458815,0.13953481521910982,BUY,0,0
0.0430000014603138,0.0430000014603138,0.0430000014603138,0.0430000014603138,65000,0.0,0.0,FSG,2023-08-25 00:00:00+10:00,Telecommunication Services,0.0,0.0,0.0,0.0,0.043400001525878903,0.9907834089515736,0.042100001126527786,1.0213776795654028,0.04215000066906214,1.020166091999034,0.04446000054478645,0.9671615144718243,0.051215000450611115,0.839597795215888,0.06957500025629998,0.6180381071061537,0.05227136488340213,0.8297821930283807,0.03715536916724029,0.5898232001238892,0.030823035227508865,0.48930051518502987,0.04566876495051442,0.7249691684551449,71.42857903120142,54.54546378171154,52.94118291572823,-0.00044578668217837986,-0.0008720366317419514,0.0004262499495635715,0.04514777005005215,0.039052232203003426,0.29529808734491414,0.04460163871523668,0.0396983626228876,0.3467072933453497,0.050902334947579335,0.03801766614199357,-0.22662578394560137,239866.0,663466.45,0.2709846330868068,0.09797028922864148,0.04878049445322463,0.04878049445322463,0.04878049445322463,-0.10416664403035425,0.04878049445322462,0.04878049445322462,0.04878049445322462,-0.10416664403035429,60.0000149011532,60.0000149011532,50.000031044080735,50.000031044080735,-39.9999850988468,-49.999968955919265,0.001500000645007406,0.001666667205946786,78.65169870812467,59.40513229429776,35.62319252807532,44.18244455790076,0.04531945487424184,0.13953481521910982,BUY,0,0
0.0430000014603138,0.0430000014603138,0.0430000014603138,0.0430000014603138,200000,0.0,0.0,FSG,2023-08-28 00:00:00+10:00,Telecommunication Services,0.0,0.0,0.0,0.0,0.0430000014603138,1.0,0.04230000115931034,1.0165484700193532,0.04220000077039003,1.0189573619743888,0.04428000055253506,0.9710930651253575,0.05102500047534704,0.8427241755948526,0.06929500026628375,0.6205354108532405,0.019876162268147226,0.31552429427929846,0.03715536916724029,0.5898232001238892,0.030404557758917813,0.48265739131797525,0.04401289902285296,0.6986831117607999,66.66666666666666,54.54546378171154,56.25000145519163,-0.00037079285530911693,-0.0007717878764553845,0.0004009950211462676,0.045288870522501315,0.039311131796119364,0.23420237419012646,0.04467939008576884,0.03972061145501122,0.32266037647320345,0.0503549069737892,0.03820509413128092,-0.21070268469370282,227278.2,639627.95,0.8799788101102525,0.3126817707074871,-0.04444444996339281,0.04878049445322463,0.02380957238190362,-0.17307691205535436,-0.044444449963392814,0.04878049445322462,0.023809572381903638,-0.1730769120553544,60.0000149011532,60.0000149011532,60.0000149011532,53.33335899643824,-39.9999850988468,-39.9999850988468,0.001285714762551444,0.0014285720175220853,66.43519516192605,57.27826149964087,36.60507732537096,36.049185702298374,0.04510667664350938,0.13953481521910982,BUY,0,0
0.041999999433755875,0.04699999839067459,0.041999999433755875,0.041999999433755875,2563262,0.0,0.0,FSG,2023-08-29 00:00:00+10:00,Telecommunication Services,-0.02325586029295512,-0.02353054485298263,0.0,0.0,0.042800001055002215,0.9813083737961067,0.0424000009894371,0.9905660012654038,0.04220000077039003,0.9952606319198343,0.04418000057339668,0.9506563804584124,0.05074500046670437,0.8276677317465707,0.06901000026613474,0.6086074376435922,0.010400336898057866,0.16510022990130022,0.03824095377346512,0.6070563214950345,0.030909689739027465,0.49067611290978985,0.04202055221557027,0.6670555866960188,57.142841937597154,54.54544530920069,50.0,-0.00038758368987703434,-0.0006949470391397146,0.00030736334926268025,0.04525968368071929,0.039540318298154915,-0.1398762026642473,0.04467939008576884,0.03972061145501122,-0.08066556365053915,0.05023673907338671,0.038123262073406654,-0.3599298763921202,655841.6,755196.05,3.9083553101846547,3.394167646930886,-0.02325586029295512,0.02439020179624407,0.0,-0.10638296017284077,-0.023255860292955087,0.02439020179624407,0.0,-0.1063829601728408,28.57143617406261,49.523821992123025,28.57143617406261,46.190494039765525,-71.42856382593739,-71.42856382593739,0.0015000003789152419,0.0015714290950979506,94.573509362216,97.08017396723213,56.07673636328285,54.37833364845585,0.03999999910593033,0.19047622426567212,BUY,0,0
0.041999999433755875,0.041999999433755875,0.039000000804662704,0.039000000804662704,1560144,0.0,0.0,FSG,2023-08-30 00:00:00+10:00,Telecommunication Services,-0.07142853975093244,-0.07410793803934201,-0.00299999862909317,-0.07142853975093241,0.042000000923871995,0.9285714273043231,0.04230000115931034,0.9219858093568564,0.04200000073760748,0.928571431422416,0.04392000056803227,0.8879781489130798,0.050425000451505185,0.7734258890521944,0.06865500027313828,0.5680576891632715,0.03102355639905686,0.49248369010014575,0.044389538740805166,0.7046620819262263,0.03427343940957905,0.5440739835155195,0.04020013492697757,0.6381573581281461,0.0,38.461547278790896,42.10526728563994,-0.0006356381239547501,-0.0006830852561027218,4.744713214797165e-05,0.0455727851606509,0.03902721715796978,-1.008315963808161,0.044828428325928524,0.03917157314928643,-1.0606599742316811,0.04971711445273129,0.038122886683333246,-0.8486981386298916,881281.2,815564.1,1.7703134935818443,1.9129630644605373,-0.09302326790251003,-0.024999958090483165,-0.09302326790251003,-0.25,-0.09302326790251002,-0.024999958090483207,-0.09302326790251002,-0.25,0.0,29.523817025071953,0.0,29.523817025071953,-100.0,-100.0,0.001642857545188495,0.0016666670285520099,-122.22223257024926,-140.10115475425144,43.90479433527238,47.714920442362654,0.04699999839067459,0.25641019762855666,BUY,0,0
0.039000000804662704,0.039000000804662704,0.039000000804662704,0.039000000804662704,0,0.0,0.0,FSG,2023-08-31 00:00:00+10:00,Telecommunication Services,0.0,0.0,0.0,0.0,0.041200000792741776,0.9466019430643641,0.042100001126527786,0.9263657900495463,0.041800000704824924,0.9330143575849504,0.04370000056922436,0.892448519374354,0.05011500045657158,0.7782101256979762,0.06830000028014183,0.5710102583411252,0.03102355639905686,0.49248369010014575,0.04341471628404752,0.6891872551680958,0.03427343940957905,0.5440739835155195,0.03991224997773639,0.6335873262368024,0.0,41.666669253672595,38.88888658932687,-0.0008227390267341039,-0.0007110160102289983,-0.00011172301650510565,0.0459239032149144,0.03827609903814117,-0.8106902975575498,0.0448847683868146,0.03871523302283525,-0.9076858255841882,0.04938923121624856,0.038010769922200156,-0.8261222045936958,877681.2,811087.95,0.0,0.0,-0.09302326790251003,-0.04878049445322463,-0.09302326790251003,-0.21999999552965166,-0.09302326790251002,-0.04878049445322462,-0.09302326790251002,-0.21999999552965172,0.0,9.523812058020889,0.0,9.523812058020885,-100.0,-100.0,0.0015714290950979506,0.0015714289177031745,-149.0908938202997,-174.99996981825345,57.634212269522905,46.10329332263226,0.04683999843895435,0.25641019762855666,BUY,0,0
0.04100000113248825,0.04100000113248825,0.03799999877810478,0.039000000804662704,475356,0.0,0.0,FSG,2023-09-01 00:00:00+10:00,Telecommunication Services,0.0,0.0,-0.0020000003278255463,-0.04878049445322462,0.040400000661611556,0.9653465387618386,0.04190000109374523,0.9307875844061628,0.04155000075697899,0.9386281611104912,0.0436400005966425,0.8936755332598053,0.04981500048190355,0.782896726435451,0.06797000030055642,0.5737825604267864,0.03102355639905686,0.49248369010014575,0.04341471628404752,0.6891872551680958,0.03367799161456059,0.5346215428094758,0.03297307743237942,0.5234313770793128,0.0,41.666669253672595,38.88888658932687,-0.000959952109803576,-0.0007608032301439139,-0.00019914887965966207,0.046163542294623744,0.03763645989286672,-0.6801858249862763,0.04469391767227985,0.03840608384167813,-0.8110901213406464,0.04946408833068976,0.03781591286259524,-0.7966912594490356,959752.4,826116.5,0.4952902436086641,0.5754103688765446,-0.09302326790251003,-0.04878049445322463,-0.11363634054572114,-0.07142853975093244,-0.09302326790251002,-0.04878049445322462,-0.11363634054572117,-0.07142853975093241,11.111134106731228,3.703711368910428,11.111134106731228,3.7037113689104237,-88.88886589326877,-88.88886589326877,0.0015714290950979506,0.0016666670285520099,-112.56831962660779,-137.56219345995663,59.98093673231589,48.429414045206215,0.04668319848626852,0.25641019762855666,BUY,0,0
0.03799999877810478,0.03799999877810478,0.03799999877810478,0.03799999877810478,78554,0.0,0.0,FSG,2023-09-04 00:00:00+10:00,Telecommunication Services,-0.025641077075012952,-0.025975539190775346,0.0,0.0,0.039400000125169754,0.9644669709995606,0.041200000792741776,0.9223300496828937,0.04135000072419644,0.9189842348870538,0.043500000536441805,0.8735631795284822,0.04950500048696995,0.767599200167802,0.06761000029742718,0.5620470139171235,0.029174869638545847,0.4631366975779272,0.024856772848463205,0.3945890361159375,0.032718007895208595,0.5193822737050187,0.0314465998192498,0.4991992962018221,0.0,38.46153625722599,33.33333333333333,-0.0011362878538164409,-0.0008359001548784194,-0.00030038769893802144,0.045499872758731526,0.036900128826752025,-0.7442086741065125,0.044860886935236655,0.03783911451315622,-0.9541755969069419,0.04952376294549909,0.03747623812738452,-0.9130509115145811,935463.2,824652.65,0.08397337276335404,0.0952570758124648,-0.11627912819546515,-0.15555561626398762,-0.09523811213283606,-0.15555561626398762,-0.11627912819546511,-0.15555561626398764,-0.09523811213283605,-0.15555561626398764,0.0,3.703711368910428,0.0,3.7037113689104237,-100.0,-100.0,0.0016428578112806594,0.001666667205946786,-141.7004437543525,-188.23535630665083,61.376483994536855,47.35613358793277,0.046335870497941974,0.28947369195004935,BUY,0,0
0.03700000047683716,0.039000000804662704,0.035999998450279236,0.039000000804662704,553309,0.0,0.0,FSG,2023-09-05 00:00:00+10:00,Telecommunication Services,0.02631584365034545,0.025975539190775342,0.0020000003278255463,0.05405406221758272,0.03880000039935112,1.005154649568378,0.04080000072717667,0.9558823556266509,0.041200000792741776,0.9466019430643641,0.04340000055730343,0.8986175185221217,0.04920500051230192,0.7926023859081593,0.06725500030443073,0.5798825459538866,0.036914785208063725,0.5860040481714142,0.026053531795181918,0.4135869954297934,0.0334295646284858,0.5306778866648086,0.031586707122111014,0.5014234306832308,16.666687362707634,46.15385497109607,41.17647703337246,-0.001181721248245636,-0.0009050643735518629,-0.00027665687469377316,0.04509987253914473,0.03650012891520861,-0.41861711260878276,0.04484763971613186,0.037552361869351694,-0.6031298695635176,0.0495544745542173,0.037245526560389555,-0.7149270197334624,533472.6,842545.6,1.0371835404480005,0.6567110432954608,-0.07142853975093244,-0.09302326790251003,-0.07142853975093244,-0.11363634054572114,-0.07142853975093241,-0.09302326790251002,-0.07142853975093241,-0.11363634054572117,27.272748823993577,12.794627643574955,27.272748823993577,12.79462764357495,-72.72725117600642,-72.72725117600642,0.0017857149775539125,0.001714286350068592,-121.33333067821772,-162.7906906227619,70.53876433919103,49.9005753741613,0.046002435629148485,0.2820512747035695,BUY,0,0
0.039000000804662704,0.039000000804662704,0.03700000047683716,0.03700000047683716,252340,0.0,0.0,FSG,2023-09-06 00:00:00+10:00,Telecommunication Services,-0.05128205862976376,-0.05264374123030814,-0.0020000003278255463,-0.05128205862976375,0.03840000033378601,0.9635416707088653,0.040200000628829,0.9203980074145323,0.04100000075995922,0.9024390192931782,0.043260000571608545,0.8552935734614897,0.04888500053435564,0.7568783895345181,0.06691500032320619,0.5529403018474697,0.029443243690557706,0.46739700357772374,0.02889010162579615,0.4586161455194365,0.03485603235724816,0.5533223598461946,0.032346353321722456,0.513482440254634,12.500017462287275,35.71428951560071,36.8421114547745,-0.0013633944894255803,-0.0009967303967266064,-0.000366664092698974,0.044799518337611643,0.03560048292004636,-0.6957251508960475,0.045103915032058864,0.03689608648785958,-0.97467929832647,0.049671851791915404,0.036848149351301686,-0.9763171164897668,271911.8,836965.0,0.9280215128582137,0.3014940887611788,-0.05128205862976376,-0.13953490185376505,-0.09756098890644926,-0.15909089369714746,-0.05128205862976375,-0.13953490185376505,-0.09756098890644924,-0.15909089369714743,9.090927563423067,12.121225462472234,9.090927563423067,12.12122546247223,-90.90907243657693,-90.90907243657693,0.0017142862613712037,0.001666667205946786,-108.6142145889596,-151.18340196726226,63.81839536038663,49.770466798802545,0.045402289398416326,0.32432427262197616,BUY,0,0
0.03799999877810478,0.039000000804662704,0.03799999877810478,0.039000000804662704,102681,0.0,0.0,FSG,2023-09-07 00:00:00+10:00,Telecommunication Services,0.05405406221758269,0.05264374123030809,0.0010000020265579224,0.02631584365034542,0.03840000033378601,1.015625012126596,0.039800000563263896,0.9798995038372034,0.04085000082850456,0.9547123626359647,0.043120000585913656,0.9044526965383005,0.048595000505447385,0.8025517110611182,0.06656000033020973,0.5859375091823984,0.04153102332959528,0.6592845565447849,0.036074183533404254,0.5726599102745339,0.03673287283265406,0.5831162787369801,0.032630599799711585,0.5179947132054654,33.33334713069969,43.75000145519095,45.00000093132225,-0.0013306496295613854,-0.0010635142432935622,-0.0002671353862678232,0.04399523656469462,0.035604764561833174,-0.1906924326374877,0.045018808219755166,0.036681193437253956,-0.44377200724710736,0.04959305300111087,0.03664694817071644,-0.6364848477942424,292448.0,798519.75,0.35110857314804683,0.12858918016742854,0.0,-0.09302326790251003,-0.07142853975093244,-0.1521738971986708,0.0,-0.09302326790251002,-0.07142853975093241,-0.15217389719867078,27.272748823993577,21.212141737136758,27.272748823993577,21.212141737136754,-72.72725117600642,-72.72725117600642,0.001857143427644457,0.001666667205946786,-66.66666666666664,-95.60036875245522,66.46961944417426,51.61391778447465,0.0448381519415281,0.25641019762855666,BUY,0,0
0.03799999877810478,0.03799999877810478,0.03799999877810478,0.03799999877810478,857181,0.0,0.0,FSG,2023-09-08 00:00:00+10:00,Telecommunication Services,-0.025641077075012952,-0.025975539190775346,0.0,0.0,0.03819999992847443,0.9947643677815674,0.03930000029504299,0.9669210812422772,0.04070000071078539,0.9336608873334709,0.04288000054657459,0.8861939900590873,0.04829500045627356,0.7868309021450387,0.06622500034049153,0.5738014131027597,0.04318746062757175,0.6855796834616901,0.036264388085042266,0.5756793139257342,0.03678955020944059,0.5840160042006242,0.030098356291555176,0.47779659371562766,42.85713525451691,23.07692748554804,40.0000037252883,-0.0013696029679167235,-0.0011247319882181945,-0.000244870979698529,0.04295756533178985,0.035642435258296135,-0.35542813425799447,0.045057693182004366,0.03634230823956641,-0.6195944184940003,0.049199907599037314,0.03656009349411187,-0.772163534678597,368813.0,720765.75,2.3241615669729647,1.1892643344942515,-0.025641077075012952,-0.11627912819546515,-0.0731707871102052,-0.24000003576278628,-0.02564107707501292,-0.11627912819546511,-0.07317078711020517,-0.24000003576278633,18.181821260570512,18.181832549329073,18.181821260570512,18.18183254932907,-81.81817873942948,-81.81817873942948,0.0015714290950979506,0.0016666673833415622,-75.44913234069011,-106.87026399108765,57.98100975570424,44.836215417891104,0.044307862732053165,0.28947369195004935,BUY,0,0
0.03799999877810478,0.03799999877810478,0.03700000047683716,0.03799999877810478,420405,0.0,0.0,FSG,2023-09-11 00:00:00+10:00,Telecommunication Services,0.0,0.0,0.0,0.0,0.03819999992847443,0.9947643677815674,0.03880000002682209,0.9793814111297868,0.04055000059306622,0.9371146294040383,0.04264000050723553,0.8911819494855918,0.0480050004273653,0.7915841774775372,0.06589000035077333,0.5767187520990624,0.04153102332959528,0.6592845565447849,0.036264388085042266,0.5756793139257342,0.03678955020944059,0.5840160042006242,0.030098356291555176,0.47779659371562766,42.85713525451691,27.27273035147752,42.10526212595904,-0.001384513954173279,-0.0011766883814092115,-0.00020782557276406754,0.04143312256137247,0.0361668774922717,-0.3038222635749493,0.04506780296816908,0.03603219821796336,-0.5644341215574697,0.04876469139722076,0.036515309617250295,-0.757589535941778,437183.2,530241.95,0.9616220385412797,0.7928550353286835,0.0,-0.11627912819546515,-0.0731707871102052,-0.24000003576278628,0.0,-0.11627912819546511,-0.07317078711020517,-0.24000003576278633,18.181821260570512,21.21213044837822,18.181821260570512,21.212130448378215,-81.81817873942948,-81.81817873942948,0.0015000003789152419,0.0016666673833415622,-77.28238902763218,-104.72441759738403,52.30253914639047,53.71700593168893,0.04380939087514673,0.28947369195004935,BUY,0,0
0.03799999877810478,0.03799999877810478,0.03799999877810478,0.03799999877810478,150000,0.0,0.0,FSG,2023-09-12 00:00:00+10:00,Telecommunication Services,0.0,0.0,0.0,0.0,0.03799999952316284,0.9999999803932088,0.03839999996125698,0.9895833025115685,0.040400000475347045,0.9405940180939653,0.042400000467896465,0.8962263763859346,0.04770500037819147,0.7965621732910966,0.06555500036105513,0.5796659075404382,0.039065832605561804,0.6201508670039698,0.036185720054736505,0.5744304976598121,0.03678955020944059,0.5840160042006242,0.030098356291555176,0.47779659371562766,42.85713525451691,27.27273035147752,42.10526212595904,-0.0013804184140133388,-0.001217434387930037,-0.00016298402608330188,0.03979841293530323,0.03700158698721073,-0.2860393821968149,0.045052109561089244,0.035747891389604845,-0.5158954042152188,0.048283217921653424,0.036516783014139506,-0.747890371956571,356521.4,524741.95,0.4207321075256632,0.28585479014971077,-0.025641077075012952,-0.09523811213283606,-0.0731707871102052,-0.24000003576278628,-0.02564107707501292,-0.09523811213283605,-0.07317078711020517,-0.24000003576278633,18.181821260570512,18.181821260570512,18.181821260570512,18.181821260570512,-81.81817873942948,-81.81817873942948,0.0015000003789152419,0.0015238101283709209,-60.658608609621766,-83.74720505561147,56.67871671804793,54.33175412542288,0.04334082732965468,0.28947369195004935,BUY,0,0
0.03799999877810478,0.03999999910593033,0.03799999877810478,0.03999999910593033,1019648,0.0,0.0,FSG,2023-09-13 00:00:00+10:00,Telecommunication Services,0.05263158926673239,0.05129330419094626,0.0020000003278255463,0.05263158926673246,0.03859999924898148,1.036269427051499,0.03849999979138374,1.0389610213681686,0.040400000475347045,0.9900989761210324,0.042200000435113905,0.9478672676184858,0.047425000332295894,0.8434369810365774,0.0652550003491342,0.6129798313066908,0.03548149537538602,0.5632512774477587,0.03372533806225226,0.5353731443658027,0.038444040074744966,0.610280216582257,0.031178852279160035,0.4949489357704612,62.499994179237575,38.46153625722599,47.61904424010155,-0.0012019342078049208,-0.0012143343519050139,1.2400144100093054e-05,0.04019967348478238,0.03680032609798511,0.8825219336937647,0.045052109561089244,0.035747891389604845,-0.08598280092843101,0.04769582471170096,0.03670417615852685,-0.400304161571518,509983.0,533494.6,1.9993764498032287,1.9112620821279167,0.08108104298461405,0.02564098155475092,0.0,-0.2000000298023219,0.08108104298461395,0.02564098155475083,0.0,-0.20000002980232195,36.363642521141024,24.242428347427367,36.363642521141024,24.242428347427364,-63.636357478858976,-63.636357478858976,0.001642857545188495,0.0016190482392197563,-7.6817910709184085,-36.45836413487707,62.02912197132435,59.58868137983002,0.04290037759689215,0.224999995343387,BUY,0,0
0.03999999910593033,0.04100000113248825,0.03999999910593033,0.03999999910593033,735315,0.0,0.0,FSG,2023-09-14 00:00:00+10:00,Telecommunication Services,0.0,0.0,0.0,0.0,0.038799998909235,1.0309278409904725,0.038599999621510506,1.0362694170504512,0.040350000374019146,0.991325867042267,0.04204000040888786,0.9514747553968566,0.04714500028640032,0.8484462586262604,0.064990000333637,0.6154792875916859,0.028643723014975572,0.4547050063238557,0.03372533806225226,0.5353731443658027,0.03801617466784215,0.603488063814623,0.03074589835289704,0.4880760052622159,57.142841937597154,38.46153625722599,50.0,-0.0010483988985783288,-0.001181147261239677,0.00013274836266134824,0.0405321833330632,0.03666781590995781,0.7245685159486138,0.044996449274917284,0.03570355147312101,-0.07532661513207728,0.04730769200342349,0.036772308814352235,-0.3872666549183902,636509.8,519760.35,1.1552296602503214,1.4147193028479377,0.02564098155475092,0.02564098155475092,-0.02439029265698056,-0.16666669253673794,0.02564098155475083,0.02564098155475083,-0.024390292656980547,-0.16666669253673796,36.363642521141024,30.303035434284208,36.363642521141024,30.3030354342842,-63.636357478858976,-63.636357478858976,0.0017142862613712037,0.0016190482392197563,48.27585173324324,-3.64584921916896,65.20677568015267,66.69693231505593,0.042486354848095376,0.224999995343387,BUY,0,0
0.04100000113248825,0.0430000014603138,0.04100000113248825,0.0430000014603138,13444052,0.0,0.0,FSG,2023-09-15 00:00:00+10:00,Telecommunication Services,0.07500006053596864,0.0723207178921535,0.0020000003278255463,0.04878049445322462,0.039799999445676804,1.0804020617890884,0.03899999968707561,1.1025641488546924,0.040450000390410426,1.0630408169416954,0.04194000042974949,1.025274225553236,0.046895000264048574,0.916942130679103,0.06474000032991171,0.664195261680383,0.035836872292616395,0.5688927111158648,0.040609980184466335,0.6446634498921532,0.041603769582180095,0.6604393675036927,0.03267324079536191,0.518671618026347,87.49998253771273,50.0,54.545453006079164,-0.0006768437089647653,-0.0010802865507846947,0.00040344284181992947,0.042399347073763104,0.03560065230038812,1.1766969709841877,0.045239244255615284,0.03566075652520557,0.5324433546660285,0.046928313650307855,0.03695168720919113,0.21249688696285507,3153884.0,1180578.85,4.262697042757438,11.387678171602007,0.13157902218381023,0.10256411725952752,0.04878049445322463,-0.10416664403035425,0.13157902218381035,0.1025641172595275,0.04878049445322462,-0.10416664403035429,63.636391345134605,45.454558795805575,63.636391345134605,45.45455879580556,-36.363608654865395,-36.363608654865395,0.0019285721438271658,0.0016190482392197563,153.1624539687902,59.86843509842745,86.6485266147313,84.58507290680498,0.035999998450279236,0.16279067551206494,BUY,0,0
0.0430000014603138,0.0430000014603138,0.0430000014603138,0.0430000014603138,544767,0.0,0.0,FSG,2023-09-18 00:00:00+10:00,Telecommunication Services,0.0,0.0,0.0,0.0,0.040799999982118605,1.0539216048813576,0.039499999955296516,1.0886076331386925,0.040350000374019146,1.0656753670813086,0.041860000491142274,1.0272336587624444,0.04667500030249357,0.9212640853055668,0.06443000035360455,0.6673909859432144,0.035836872292616395,0.5688927111158648,0.0388424419806645,0.6166046507717604,0.03518048376564287,0.558472866281017,0.032556613631746674,0.5168202192001026,83.33331263729237,53.3333383003844,54.545453006079164,-0.0003780258970570993,-0.0009398344200391756,0.0005618085229820763,0.0436365592158069,0.035363440694786134,0.8461141940912117,0.044811533329205566,0.035888467418832726,0.5939664937841805,0.0466410862353481,0.03707891474693645,0.23843976664779204,3178756.4,1194670.25,0.17137739777731947,0.455997795207506,0.13157902218381023,0.13157902218381023,-0.04444444996339281,-0.08510632058137357,0.13157902218381035,0.13157902218381035,-0.044444449963392814,-0.08510632058137357,100.0,66.66667795542524,63.636391345134605,54.5454750704701,-0.0,-36.363608654865395,0.0015714293611901148,0.0016190482392197563,197.14797497126173,74.3750110917895,85.23339415474321,85.74118004494713,0.03613999851047993,0.13953481521910982,BUY,0,0
0.0430000014603138,0.0430000014603138,0.0430000014603138,0.0430000014603138,375848,0.0,0.0,FSG,2023-09-19 00:00:00+10:00,Telecommunication Services,0.0,0.0,0.0,0.0,0.04180000051856041,1.028708156145131,0.03990000002086162,1.0776942716248457,0.040350000374019146,1.0656753670813086,0.04178000055253506,1.0292005957789465,0.04643500030040741,0.9260256526785577,0.06414500035345555,0.6703562432515809,0.035836872292616395,0.5688927111158648,0.03873948537289449,0.6149702652918188,0.033710319974402506,0.5351347396120938,0.032556613631746674,0.5168202192001026,100.0,66.66665631864618,44.44444674400503,-0.0001396013903253654,-0.0007797878140964135,0.0006401864237710481,0.044561904091580784,0.03523809595014246,0.6649646565923342,0.044811533329205566,0.035888467418832726,0.5939664937841805,0.04633873372993493,0.03722126737513518,0.26761840632106965,3223926.0,1192440.4,0.11658083963465662,0.3151922729219842,0.13157902218381023,0.10256411725952752,0.0,-0.08510632058137357,0.13157902218381035,0.1025641172595275,0.0,-0.08510632058137357,100.0,87.87879711504489,63.636391345134605,63.636391345134605,-0.0,-36.363608654865395,0.0013571437448263168,0.0013809528734002794,152.48538643756663,75.4902049942038,92.11790566605731,85.57606004204902,0.03627719856947661,0.13953481521910982,BUY,0,0
0.04399999976158142,0.04800000041723251,0.04399999976158142,0.04800000041723251,1049456,0.0,0.0,FSG,2023-09-20 00:00:00+10:00,Telecommunication Services,0.11627904156080993,0.11000086994588708,0.0040000006556510925,0.09090910630285255,0.04340000078082085,1.1059907731256189,0.04100000001490116,1.1707317170679818,0.04060000032186508,1.182266010756216,0.04180000059306622,1.148325352540659,0.0462600003182888,1.0376134908554207,0.06388500034809112,0.7513500846160166,0.054378961021036495,0.8632392444944255,0.04481963455234496,0.7114896412698151,0.04249524327864967,0.6745910737109766,0.03655596153380407,0.5803078989317332,100.0,76.47057405599547,61.904754302131906,0.0004476496515727832,-0.0005343003209625743,0.0009819499725353576,0.04746357472991638,0.03453642529988594,1.0829921074587396,0.0461212522374681,0.03507874840626206,1.34027575783222,0.04645986054580098,0.03714014064033146,1.3305120512318525,3229887.6,1223265.9,0.32492028515171856,0.8579132304758925,0.20000003725290383,0.2972972918549448,0.11627904156080993,0.021276639591467195,0.20000003725290383,0.29729729185494486,0.11627904156080995,0.021276639591467215,100.0,100.0,100.0,75.75759423008975,-0.0,-0.0,0.001714286527463368,0.0015238099509761447,202.89850025600558,171.35411615940825,92.58775584933215,86.01132373538172,0.03641165462729335,0.020833297761985392,HOLD,0,1
0.04899999871850014,0.052000001072883606,0.04899999871850014,0.052000001072883606,771794,0.0,0.0,FSG,2023-09-21 00:00:00+10:00,Telecommunication Services,0.08333334626836897,0.08004271961356925,0.0030000023543834686,0.06122453944576954,0.0458000011742115,1.1353711733562821,0.042300000041723254,1.229314444954908,0.041050000302493575,1.26674788525458,0.0419400005787611,1.2398664843895355,0.046130000352859496,1.1272490933258847,0.06363250035792589,0.8171924846641143,0.05245920278550591,0.8327640272829329,0.047634471210604885,0.7561737879439583,0.04579685840800221,0.7270025890536677,0.03780440903708624,0.6001263886433579,100.0,80.95236828133096,67.99999225139919,0.001221733572581131,-0.0001830935422538331,0.001404827114834964,0.05158798682165915,0.033012013261787355,1.0443599093093558,0.04851853175690415,0.033581468848083,1.4661517913168143,0.0473521570646058,0.0365278440929164,1.858778570138183,3237183.4,1260955.6,0.23841528410160512,0.6120707184297369,0.30000005587935563,0.33333333333333326,0.20930230946331996,0.15555553347976203,0.30000005587935574,0.3333333333333333,0.20930230946331996,0.15555553347976206,100.0,100.0,100.0,87.87879711504489,-0.0,-0.0,0.0017857149775539125,0.0017142861726738158,217.30275767932645,239.85740649723502,92.76961121567689,88.0898480205162,0.036875188458890915,-0.05769235177858245,SELL,0,2
0.052000001072883606,0.052000001072883606,0.052000001072883606,0.052000001072883606,0,0.0,0.0,FSG,2023-09-22 00:00:00+10:00,Telecommunication Services,0.0,0.0,0.0,0.0,0.047600001096725464,1.092436972159247,0.043700000271201134,1.1899313672808438,0.04150000028312206,1.2530120654970662,0.04208000056445599,1.2357414537871183,0.0460400003567338,1.1294526644215825,0.06339250035583972,0.8202863237921386,0.055893293496651314,0.8872785272908991,0.044909154423326825,0.7129107251659147,0.04579685840800221,0.7270025890536677,0.03780440903708624,0.6001263886433579,100.0,84.99999348074427,67.99999225139919,0.0018142866893531284,0.00021638250406755933,0.001597904185285569,0.054243035342682586,0.03315696519971968,0.7872496624936486,0.050408896872734664,0.03259110369350946,1.1785972240382836,0.04813876123873071,0.036021239890181266,1.6372986228928932,548373.0,1257705.6,0.0,0.0,0.20930230946331996,0.3684211248671272,0.20930230946331996,0.15555553347976203,0.20930230946331996,0.36842112486712725,0.20930230946331996,0.15555553347976206,100.0,100.0,100.0,100.0,-0.0,-0.0,0.0017142862613712037,0.0017142861726738158,175.72014869192415,215.40966358171744,93.09956889919532,88.0898480205162,0.037782677215730476,-0.17307691205535436,SELL,0,2
0.04800000041723251,0.05000000074505806,0.04800000041723251,0.04800000041723251,847901,0.0,0.0,FSG,2023-09-25 00:00:00+10:00,Telecommunication Services,-0.07692308794464564,-0.08004271961356928,0.0,0.0,0.04860000088810921,0.9876543115244367,0.04470000043511391,1.0738255022370493,0.041750000230968,1.149700602435652,0.04214000053703785,1.1390602706576658,0.045950000360608104,1.0446137114371348,0.06313250035047531,0.7603057086407814,0.0764393398458752,1.2134369016848168,0.05628445517530994,0.8934880264357947,0.049783315229741595,0.7902856292293838,0.03948115113974466,0.6267438443419121,75.0,69.56521175759639,58.62068478261847,0.0019387737035886088,0.0005608607439717693,0.0013779129596168394,0.05472441629779431,0.034675584572433506,0.3291962371996236,0.0511055511455107,0.032394449316425294,0.6680526078426045,0.04837368197560458,0.03590631909847112,0.9400544345978025,608999.8,1290100.65,1.392284529485888,0.6572363171819191,0.11627904156080993,0.2631579463336624,0.11627904156080993,0.06666663355297642,0.11627904156080995,0.2631579463336623,0.11627904156080995,0.06666663355297645,73.33333002196431,91.11111000732147,75.0,91.66666666666669,-26.66666997803569,-25.0,0.0017857147114617483,0.0019047623943714868,98.50992601926008,129.16665470835983,88.46108672471324,84.71332663344049,0.03863571664715967,-0.041666673134184484,HOLD,0,1
0.04800000041723251,0.04800000041723251,0.04800000041723251,0.04800000041723251,150000,0.0,0.0,FSG,2023-09-26 00:00:00+10:00,Telecommunication Services,0.0,0.0,0.0,0.0,0.04960000067949295,0.9677419306382801,0.04570000059902668,1.050328222933433,0.04205000028014183,1.1414982187265426,0.042200000509619716,1.1374407544447933,0.045930000357329845,1.0450685835793232,0.06290750034153461,0.7630250789911066,0.0764393398458752,1.2134369016848168,0.05628445517530994,0.8934880264357947,0.0493169037022349,0.7828815757670049,0.03948115113974466,0.6267438443419121,69.23076482214175,76.19046943258166,58.62068478261847,0.0020142119773789297,0.0008515309906532015,0.0011626809867257282,0.054696296862186036,0.036703704335867324,0.2556607464812536,0.05181513787834431,0.03228486268193935,0.6093104246873009,0.04860153157013028,0.03579846944910915,0.9060332368597789,563830.2,1169437.55,0.26603754108949823,0.12826678944933828,0.11627904156080993,0.2631579463336624,0.1428571681992541,0.06666663355297642,0.11627904156080995,0.2631579463336623,0.14285716819925406,0.06666663355297645,73.33333002196431,82.2222200146429,75.0,83.33333333333336,-26.66666997803569,-25.0,0.001642857545188495,0.0019047623943714868,73.40823944954485,104.22590112937137,88.69893767385045,84.15052387780142,0.0394375737127031,-0.062499970896169765,SELL,0,2
0.050999999046325684,0.050999999046325684,0.050999999046325684,0.050999999046325684,100000,0.0,0.0,FSG,2023-09-27 00:00:00+10:00,Telecommunication Services,0.062499970896169765,0.060624594424594246,0.0,0.0,0.050200000405311584,1.0159362277799793,0.046800000593066216,1.0897435555563162,0.04265000019222498,1.1957795736569046,0.04230000048875809,1.205673722388721,0.04592000033706427,1.1106271487798989,0.06269750032573938,0.8134295431454148,0.06288507470580372,0.9982696130956495,0.056905213776793896,0.9033422637381796,0.04702726882054133,0.7465347488264051,0.04030361931998037,0.6398001219389173,74.99999417923351,77.2727188061598,64.5161251557862,0.002289678185348823,0.0011391604295923259,0.001150517755756497,0.055379044729769976,0.038220956456362455,0.48956484968885955,0.05307820149754639,0.03222179888690357,0.8007132399563267,0.04908834630422567,0.0355116546732905,1.281608037372554,373939.0,1096430.35,0.267423296313035,0.091205063778105,0.062499970896169765,0.275000004656613,0.3076922562583204,0.10869562928696896,0.06249997089616979,0.27500000465661295,0.3076922562583204,0.10869562928696891,93.33332008785725,79.99999337726199,93.74998835846972,81.24999611948992,-6.666679912142757,-6.250011641530275,0.0017142859952790396,0.0018095242835226514,98.81127447581852,136.09718456668108,88.71381127714857,82.41733333104635,0.04019131935431393,-0.11764700726241706,SELL,0,2
0.04800000041723251,0.04899999871850014,0.04800000041723251,0.04899999871850014,416202,0.0,0.0,FSG,2023-09-28 00:00:00+10:00,Telecommunication Services,-0.039215693435775356,-0.04000534206726129,0.000999998301267624,0.020833297761985305,0.04959999993443489,0.9879032012756476,0.0477000005543232,1.0272536299595307,0.04315000008791685,1.1355735485206047,0.042420000433921815,1.1551154695254677,0.04590000033378601,1.0675380906791037,0.06245250033214688,0.7845962684904357,0.051927483172635666,0.8243232401057117,0.060155922176145404,0.9549456597950171,0.04846073057062642,0.7692902486542965,0.03956849291916256,0.6281303521063459,66.66665976798063,73.91304136562005,66.66665838824616,0.002319861904070221,0.001375300724487905,0.0009445611795823158,0.05488331357511838,0.040516687533528016,0.18097473413918294,0.05379795570633553,0.03250204446949816,0.5494011094922338,0.04946608808611062,0.03537391278173301,0.9338513242216491,302820.6,1117240.45,1.374417724553746,0.37252679134558725,-0.05769235177858245,0.224999995343387,0.25641019762855666,0.13953481521910982,-0.05769235177858251,0.22499999534338702,0.25641019762855666,0.13953481521910988,79.9999850988394,82.22221173622034,81.24998835846972,83.33332557231316,-20.0000149011606,-18.750011641530275,0.0018571428954601288,0.0018095242835226514,55.25845446669275,87.70683825324934,90.0054620085958,86.13370075938583,0.040899840257428106,-0.0816325925504684,SELL,0,2
0.04899999871850014,0.04899999871850014,0.04899999871850014,0.04899999871850014,0,0.0,0.0,FSG,2023-09-29 00:00:00+10:00,Telecommunication Services,0.0,0.0,0.0,0.0,0.048999999463558194,0.9999999847947334,0.04830000028014183,1.0144927212070038,0.043649999983608724,1.1225658358969168,0.04258000038564205,1.1507749712238824,0.04589000031352043,1.0677707209355458,0.06223250031471252,0.7873699187836736,0.051927483172635666,0.8243232401057117,0.05744147940963471,0.9118552167451844,0.04846073057062642,0.7692902486542965,0.038913211051012066,0.6177280749356897,53.84614723321263,73.91304136562005,66.66665838824616,0.0023170729440477253,0.0015636551683998695,0.0007534177756478558,0.05469791575426236,0.0419020848060213,0.10941039174240279,0.05441593110728819,0.032884068859929255,0.49693785641301297,0.04985410897068093,0.03530589180060317,0.8825821415509937,302820.6,1093472.65,0.0,0.0,-0.05769235177858245,0.13953481521910982,0.25641019762855666,0.19512188695216204,-0.05769235177858251,0.13953481521910988,0.25641019762855666,0.195121886952162,78.57141526682254,83.96824015117308,81.24998835846972,85.41665502513642,-21.428584733177455,-18.750011641530275,0.0017857144453695842,0.0018095242835226514,52.23878578891833,82.1393665786123,91.7222776094141,86.13370075938583,0.04156584990635544,-0.0816325925504684,SELL,0,2
0.04899999871850014,0.04899999871850014,0.04899999871850014,0.04899999871850014,514921,0.0,0.0,FSG,2023-10-02 00:00:00+11:00,Telecommunication Services,0.0,0.0,0.0,0.0,0.04919999912381172,0.99593495103916,0.04890000000596047,1.0020449634463697,0.04419999998062849,1.108597256560528,0.04270000033080578,1.1475409447046125,0.045880000293254855,1.0680034526003257,0.06200250031426549,0.7902906894099277,0.03652288822882275,0.5797828764916397,0.05744147940963471,0.9118552167451844,0.04773028553498152,0.7576947931899878,0.038383119672242644,0.6093131351735104,33.333319535961266,73.91304136562005,66.66665838824616,0.002288482471733258,0.0017086206290665477,0.0005798618426667104,0.05410256300873678,0.04369743700318415,0.019221047873193745,0.05487412037545862,0.03352587958579836,0.4496856471842364,0.05019693853989845,0.03520306212171311,0.8403428455703955,236224.6,1115291.0,2.1797941450636387,0.46169206063708934,0.020833297761985392,0.13953481521910982,0.28947369195004935,0.13953481521910982,0.020833297761985305,0.13953481521910988,0.28947369195004935,0.13953481521910988,78.57141526682254,79.04760521082818,81.24998835846972,81.24998835846972,-21.428584733177455,-18.750011641530275,0.0017857144453695842,0.0016666670285520099,45.59384862969494,73.16382665894247,91.66504973887608,85.85068440874039,0.04219189897634713,-0.0816325925504684,SELL,0,2
0.04899999871850014,0.04899999871850014,0.04899999871850014,0.04899999871850014,600129,0.0,0.0,FSG,2023-10-03 00:00:00+11:00,Telecommunication Services,0.0,0.0,0.0,0.0,0.049399998784065244,0.9919028324815641,0.0494999997317791,0.9898989693739744,0.04469999987632036,1.0961968423730954,0.04282000027596951,1.1443250444348743,0.045880000293254855,1.0680034526003257,0.06178250029683113,0.7931048190520282,0.03652288822882275,0.5797828764916397,0.05744147940963471,0.9118552167451844,0.047731352867023645,0.7577117365608865,0.038383119672242644,0.6093131351735104,33.333319535961266,71.42856889436052,68.96551281178424,0.002240002956709293,0.001814897094595097,0.00042510586211419606,0.052662278041214136,0.04633772142234406,-0.15811417097196928,0.05528499439940773,0.03411500535323299,0.40623533935713146,0.050525709743760056,0.03511429080817896,0.8020025240197141,326250.4,1117632.0,1.8394736067756543,0.5369647612094142,0.020833297761985392,0.13953481521910982,0.25641019762855666,0.13953481521910982,0.020833297761985305,0.13953481521910988,0.25641019762855666,0.13953481521910988,74.99998447795963,77.3809383372016,81.24998835846972,81.24998835846972,-25.000015522040368,-18.750011641530275,0.0016428572790963309,0.0016190478844302042,38.6681570818741,65.85135034892039,91.23886976716034,86.13134688253464,0.042780385102139315,-0.14285713199623795,SELL,0,2
0.04899999871850014,0.04899999871850014,0.04899999871850014,0.04899999871850014,218539,0.0,0.0,FSG,2023-10-04 00:00:00+11:00,Telecommunication Services,0.0,0.0,0.0,0.0,0.04899999871850014,1.0,0.04959999956190586,0.9879032086954586,0.04529999978840351,1.0816776809576012,0.04296000026166439,1.1405958663884268,0.045880000293254855,1.0680034526003257,0.06154250027611852,0.7961977251274356,0.017537791261437598,0.27840380533875386,0.044990799661154136,0.7142068031360574,0.04544527666752894,0.7214214019488465,0.0381949111635462,0.6063254177216876,59.9999850988357,71.42856889436052,67.85713620483983,0.0021764933314716087,0.0018872163419703994,0.00028927698950120925,0.05261109110622536,0.04658890801758636,-0.19926356757158054,0.05539637766320505,0.03520362191360197,0.36646795276264926,0.0508568866023049,0.03506311392102388,0.7648582233926199,349958.2,1115941.95,0.6244717226228732,0.19583366321160345,-0.039215693435775356,0.020833297761985392,0.32432427262197616,0.1666666518837685,-0.03921569343577541,0.020833297761985305,0.32432427262197605,0.16666665188376845,72.72725117600642,75.43288364026289,79.9999850988394,80.83332060525963,-27.272748823993577,-20.0000149011606,0.0015714285629136221,0.0014761906294595627,31.60419911400766,59.788854802030876,90.89458624748622,85.80446427142905,0.043333562060383975,-0.10204079770783647,SELL,0,2
0.04899999871850014,0.04899999871850014,0.04899999871850014,0.04899999871850014,0,0.0,0.0,FSG,2023-10-05 00:00:00+11:00,Telecommunication Services,0.0,0.0,0.0,0.0,0.04899999871850014,1.0,0.04929999932646752,0.9939147948871001,0.045799999684095385,1.069868975032242,0.04310000024735928,1.1368909150180886,0.04585000026971102,1.0687022558398989,0.0613025002554059,0.7993148487312982,0.0,0.0,0.0350770045496634,0.5568301846529433,0.04460634109739219,0.7081037126413183,0.0381949111635462,0.6063254177216876,59.9999850988357,66.66665976798063,73.07691591290444,0.00210193173527147,0.0019301594206306138,0.00017177231464085628,0.05180333088397917,0.046796667768955864,-0.11984054092522381,0.0555678311665415,0.03603216820164927,0.32760588060466717,0.051173640652076954,0.0350263598426416,0.7307730063991095,266717.8,1110807.9,0.0,0.0,0.0,-0.05769235177858245,0.25641019762855666,0.1666666518837685,0.0,-0.05769235177858251,0.25641019762855666,0.16666665188376845,66.66663907192253,71.46462490862955,79.9999850988394,80.41665285204952,-33.333360928077475,-20.0000149011606,0.00135714268045766,0.0013809525186107272,23.50743066391442,54.63985373548581,62.97047376642799,86.72854853344029,0.04385354840113395,-0.10204079770783647,SELL,0,2
0.04899999871850014,0.04899999871850014,0.04899999871850014,0.04899999871850014,223451,0.0,0.0,FSG,2023-10-06 00:00:00+11:00,Telecommunication Services,0.0,0.0,0.0,0.0,0.04899999871850014,1.0,0.048999999091029166,0.9999999923973666,0.04634999968111515,1.0571736581578597,0.04326000019907952,1.1326860493066468,0.045840000249445435,1.0689353938014634,0.061057500261813405,0.8025221882387761,0.0,0.0,0.0350770045496634,0.5568301846529433,0.04381698949050579,0.6955731443484545,0.037991697773727566,0.6030995051664564,0.0,66.66665976798063,70.83332557231316,0.002019560892262573,0.0019480397149570059,7.15211773055671e-05,0.05063299150672599,0.04736700667533234,-2.2812661276166916e-07,0.05548696919060348,0.037213030171626825,0.2900304126694393,0.05147953857636495,0.035040461821794086,0.6983358743458175,311408.0,1079121.4,0.717550608847557,0.20706752734215078,0.0,-0.05769235177858245,0.28947369195004935,0.19512188695216204,0.0,-0.05769235177858251,0.28947369195004935,0.195121886952162,66.66663907192253,68.68684310661718,79.9999850988394,79.9999850988394,-33.333360928077475,-20.0000149011606,0.00135714268045766,0.0012857144077618916,11.199957942944827,50.230893836876085,57.62119827756354,86.66857470063736,0.044342335561438934,-0.12244892683886988,SELL,0,2
0.05000000074505806,0.05000000074505806,0.05000000074505806,0.05000000074505806,128374,0.0,0.0,FSG,2023-10-10 00:00:00+11:00,Telecommunication Services,0.020408205157367965,0.020202748371739212,0.0,0.0,0.04919999912381172,1.0162601958433604,0.04929999895393848,1.014198819593761,0.04749999977648258,1.052631599586096,0.04356000021100044,1.1478420684771091,0.04579000025987625,1.0919414820111029,0.06055750025436282,0.8256615701612592,0.00912682680612816,0.14488388392903817,0.025099155602630874,0.3984367430536488,0.04371915979310929,0.6940201460475675,0.03795280208302523,0.6024820552184337,100.0,57.142857142857146,75.0,0.0019211717251913021,0.0019401014254199357,-1.8929700228633535e-05,0.050649896719991816,0.04795010118788515,0.5185591151588895,0.054769256949127716,0.040230742603837445,0.343914227987862,0.05212342467649971,0.03499657574550117,0.7520356558294403,116184.0,1057547.65,1.1049197824141017,0.12138838377637169,0.020408205157367965,0.041666673134184595,0.3157895356003948,0.19047622426567212,0.02040820515736805,0.04166667313418449,0.31578953560039474,0.1904762242656721,50.0,59.72220526295402,85.71428571428571,81.90475197065486,-50.0,-14.285714285714286,0.0010714286140033177,0.0012380954410348619,41.28212616989821,60.74768998321094,42.542013314854124,91.7857877010433,0.0452336878269711,-0.16000002384185752,SELL,0,2
0.04899999871850014,0.04899999871850014,0.04899999871850014,0.04899999871850014,125452,0.0,0.0,FSG,2023-10-11 00:00:00+11:00,Telecommunication Services,-0.02000004023313462,-0.02020274837173929,0.0,0.0,0.04919999912381172,0.99593495103916,0.04909999892115593,0.99796333595004,0.047949999757111075,1.02189778866961,0.04368000015616417,1.1217948384458787,0.04574000023305416,1.0712723757943956,0.06031250026077032,0.8124352084002677,0.014286909457185002,0.22679765656444992,0.015648090518240943,0.2484057360257602,0.043418132845502166,0.6892414913997835,0.03799617022046361,0.6031705030573498,50.0,36.36363020613379,71.99999463558325,0.0018110139554759833,0.0019142839314311455,-0.00010326997595516219,0.04973245573507302,0.04846754210723884,-0.15811388296450615,0.054323463846454444,0.04157653566776771,0.164745411077893,0.05237848657565672,0.03498151373667162,0.6116004906801162,97566.6,1012837.85,1.2858088731184647,0.12386187976683534,0.0,-0.039215693435775356,0.224999995343387,0.13953481521910982,0.0,-0.03921569343577541,0.22499999534338702,0.13953481521910988,24.9999534338789,45.83331005027281,78.57141526682254,81.42856202664923,-75.0000465661211,-21.428584733177455,0.0008571429976395198,0.0012857145851566678,-28.482044973591922,36.7834217325685,13.334062254495194,91.05578634566359,0.04563966662172585,-0.10204079770783647,SELL,0,2
0.04899999871850014,0.04899999871850014,0.04899999871850014,0.04899999871850014,50000,0.0,0.0,FSG,2023-10-12 00:00:00+11:00,Telecommunication Services,0.0,0.0,0.0,0.0,0.04919999912381172,0.99593495103916,0.04909999892115593,0.99796333595004,0.04839999973773956,1.012396673223383,0.043800000101327896,1.1187214293411518,0.045735000222921374,1.0713894933784742,0.06006750026717782,0.8157489241361822,0.014286909457185002,0.22679765656444992,0.00952470347868415,0.15119998029738035,0.043418132845502166,0.6892414913997835,0.03799617022046361,0.6031705030573498,50.0,36.36363020613379,69.56521175759639,0.0017040696748673798,0.0018722410801183926,-0.00016817140525101281,0.04973245573507302,0.04846754210723884,-0.15811388296450615,0.05356669366550102,0.043233305809978105,0.11612822225382574,0.05262482545319222,0.03497517474946357,0.5892466320677606,107566.6,978572.1,0.4648283017219099,0.051094855453164875,0.0,0.0,0.224999995343387,0.13953481521910982,0.0,0.0,0.22499999534338702,0.13953481521910988,33.33329194119999,36.11108179169299,74.99998447795963,79.76189515302264,-66.66670805880001,-25.000015522040368,0.0008571429976395198,0.0011904764743078324,-15.81927720986542,32.258043037300546,13.334062254495194,90.60566480079507,0.046021286688795314,-0.10204079770783647,SELL,0,2
0.04899999871850014,0.04899999871850014,0.04899999871850014,0.04899999871850014,500000,0.0,0.0,FSG,2023-10-13 00:00:00+11:00,Telecommunication Services,0.0,0.0,0.0,0.0,0.04919999912381172,0.99593495103916,0.04909999892115593,0.99796333595004,0.04869999960064888,1.0061601462076246,0.04390000008046627,1.1161730894917052,0.045730000212788585,1.0715066365732726,0.05981750026345253,0.8191582480493305,0.014286909457185002,0.22679765656444992,0.00952470347868415,0.15119998029738035,0.0407635390894076,0.6471011219365971,0.037889199983545015,0.6014724031899161,50.0,57.142841937597154,69.56521175759639,0.0016008618233949237,0.0018179652287736991,-0.00021710340537877543,0.04973245573507302,0.04846754210723884,-0.15811388296450615,0.053200291245136075,0.04419970795616168,0.06666215026725084,0.05284655286079239,0.03495344730014015,0.570051813615743,162876.4,331369.5,3.069812446738754,1.5088896232151723,0.0,0.0,0.13953481521910982,0.11363634054572125,0.0,0.0,0.13953481521910988,0.11363634054572117,33.33329194119999,30.55551243875965,72.72725117600642,75.43288364026289,-66.66670805880001,-27.272748823993577,0.0005714286650930132,0.0011428573301860265,-20.114985938751605,26.415067755370632,25.528461332533283,90.24254431662763,0.046380009551840615,-0.16326526112727135,SELL,0,2
0.04899999871850014,0.04899999871850014,0.04899999871850014,0.04899999871850014,218000,0.0,0.0,FSG,2023-10-16 00:00:00+11:00,Telecommunication Services,0.0,0.0,0.0,0.0,0.04919999912381172,0.99593495103916,0.04909999892115593,0.99796333595004,0.048999999463558194,0.9999999847947334,0.044040000066161156,1.1126248556968117,0.045720000192523,1.0717409998286382,0.05956250024959445,0.8226652426135146,0.014286909457185002,0.22679765656444992,0.00952470347868415,0.15119998029738035,0.0407635390894076,0.6471011219365971,0.03724656912752179,0.5912709546107922,50.0,57.142841937597154,64.99999068677577,0.0015017575315188422,0.0017547236893227277,-0.0002529661578038855,0.04973245573507302,0.04846754210723884,-0.15811388296450615,0.05261284177724168,0.04538715714987471,-2.0622490333855698e-07,0.053083748003903766,0.034996252128418545,0.548445034789087,204365.2,315031.15,1.0667178169277352,0.6919950614407495,0.0,0.0,0.13953481521910982,0.1666666518837685,0.0,0.0,0.13953481521910988,0.16666665188376845,33.33329194119999,33.33329194119999,66.66663907192253,71.46462490862955,-66.66670805880001,-33.333360928077475,0.0005714286650930132,0.0010000000752153852,-33.9394060080959,19.310310533640095,30.37550827876852,62.216449345138265,0.0467172090431032,-0.16326526112727135,SELL,0,2
0.05000000074505806,0.05000000074505806,0.05000000074505806,0.05000000074505806,4597,0.0,0.0,FSG,2023-10-17 00:00:00+11:00,Telecommunication Services,0.020408205157367965,0.020202748371739212,0.0,0.0,0.04919999912381172,1.0162601958433604,0.04919999912381172,1.0162601958433604,0.04934999942779541,1.0131712527821541,0.0442000000923872,1.131221733949042,0.045630000196397305,1.0957703381514732,0.05931250024586916,0.8429926328816382,0.014286909457185002,0.22679765656444992,0.011497145338832114,0.18251152412229127,0.04082606719904983,0.6480937249049831,0.037316362375650614,0.5923788880772338,66.66666666666666,40.000029802284196,66.66666075350895,0.0014867699142869992,0.001701132934315582,-0.00021436302002858293,0.05004327487559858,0.04835672337202486,0.9486832979024659,0.05162341640376929,0.04707658245182153,0.28591381349398337,0.05337850146141415,0.035021498723360245,0.6319115092408317,179609.8,296468.6,0.02559437179931162,0.015505857955952166,0.0,0.020408205157367965,0.16279067551206494,0.19047622426567212,0.0,0.02040820515736805,0.16279067551206497,0.1904762242656721,100.0,55.55552796080002,77.77777317865376,72.39055447552758,-0.0,-22.222226821346247,0.0004285717649119241,0.0010476192193371908,233.33333333333198,75.1220732743485,20.116117308425117,57.207092401109406,0.04703417656489002,-0.17999998956918728,SELL,0,2
0.04899999871850014,0.04899999871850014,0.04899999871850014,0.04899999871850014,568414,0.0,0.0,FSG,2023-10-18 00:00:00+11:00,Telecommunication Services,-0.02000004023313462,-0.02020274837173929,0.0,0.0,0.04919999912381172,0.99593495103916,0.04919999912381172,0.99593495103916,0.04939999934285879,0.9919028212615457,0.04436000004410744,1.1045987076144976,0.045530000180006025,1.0762134532127219,0.0590925002284348,0.8292084194962149,0.014286909457185002,0.22679765656444992,0.01346982741249796,0.21382688121858143,0.03235670619577673,0.5136467870352482,0.03726193912939333,0.5915149458264083,50.0,50.0,63.636352860734135,0.0013783119908125571,0.0016365687456149772,-0.0002582567548024201,0.05004327487559858,0.04835672337202486,-0.23717082447561236,0.05159089057628914,0.04720910810942844,-0.18257438719692104,0.05358958806710582,0.03513041202110905,0.502730854598353,268202.2,272416.5,2.119348760002714,2.0865623044125448,0.0,0.0,0.020833297761985392,0.19512188695216204,0.0,0.0,0.020833297761985305,0.195121886952162,0.0,44.44443064706669,62.49997671693945,68.98146298917193,-100.0,-37.50002328306055,0.00028571486473083496,0.0010952383634589967,-38.88888888888889,-21.341508886526558,16.35640829888645,49.35049163975737,0.04733212603536963,-0.16326526112727135,SELL,0,2
0.04899999871850014,0.04899999871850014,0.04899999871850014,0.04899999871850014,103007,0.0,0.0,FSG,2023-10-19 00:00:00+11:00,Telecommunication Services,0.0,0.0,0.0,0.0,0.04919999912381172,0.99593495103916,0.04919999912381172,0.99593495103916,0.04924999922513962,0.9949238475010601,0.044500000029802325,1.101123565970429,0.04543000016361475,1.078582402421927,0.058867500238120554,0.832377772460082,0.014286909457185002,0.22679765656444992,0.01346982741249796,0.21382688121858143,0.026010889019114577,0.41291006234566774,0.03715221204524084,0.5897730823658738,33.33333333333333,50.0,52.94117002545248,0.0012776305750897068,0.0015647811115099232,-0.0002871505364202163,0.05004327487559858,0.04835672337202486,-0.23717082447561236,0.05107093083641465,0.04742906761386458,-0.13729263915871484,0.053795598504031615,0.035204401555573035,0.4840999426958267,278803.6,238977.15,0.3694607960585875,0.43103284142437887,0.0,0.0,-0.05769235177858245,0.1666666518837685,0.0,0.0,-0.05769235177858251,0.16666665188376845,0.0,33.33333333333336,24.9999534338789,55.09256777649072,-100.0,-75.0000465661211,0.00028571486473083496,0.000857143175034296,-38.88888888888889,-33.69806262386083,16.35640829888645,33.225199475946184,0.04761219853762047,-0.0816325925504684,SELL,0,2
0.04899999871850014,0.04899999871850014,0.04899999871850014,0.04899999871850014,0,0.0,0.0,FSG,2023-10-20 00:00:00+11:00,Telecommunication Services,0.0,0.0,0.0,0.0,0.04919999912381172,0.99593495103916,0.04919999912381172,0.99593495103916,0.049099999107420446,0.9979633321641915,0.04465999998152256,1.0971786551449436,0.04533000014722347,1.0809618036478532,0.0586475002206862,0.8355002094567846,0.014286909457185002,0.22679765656444992,0.01346982741249796,0.21382688121858143,0.026010889019114577,0.41291006234566774,0.03694377804535305,0.5864642951950325,50.0,50.0,38.46153625722599,0.001184189231431182,0.001488662735494175,-0.00030447350406299315,0.05004327487559858,0.04835672337202486,-0.23717082447561236,0.0503814457460102,0.04781855246883069,-0.07803710736668688,0.053985058809885265,0.03533494115315986,0.46541247801860697,178803.6,238977.15,0.0,0.0,0.0,0.0,-0.05769235177858245,0.19512188695216204,0.0,0.0,-0.05769235177858251,0.195121886952162,0.0,0.0,24.9999534338789,37.4999611948991,-100.0,-75.0000465661211,0.00028571486473083496,0.0006666669533366249,-38.88888888888889,-29.7082598000809,16.35640829888645,10.263641041300403,0.04787546668973626,-0.0816325925504684,SELL,0,2
0.04899999871850014,0.04899999871850014,0.04899999871850014,0.04899999871850014,0,0.0,0.0,FSG,2023-10-23 00:00:00+11:00,Telecommunication Services,0.0,0.0,0.0,0.0,0.04919999912381172,0.99593495103916,0.04919999912381172,0.99593495103916,0.04914999902248383,0.9969481117605908,0.044819999933242795,1.0932619096716476,0.04527000013738871,1.0823944901654816,0.05842750020325184,0.838646160592936,0.014286909457185002,0.22679765656444992,0.01346982741249796,0.21382688121858143,0.019260086768376743,0.30574439891190325,0.03694377804535305,0.5864642951950325,50.0,50.0,38.46153625722599,0.001097485167522859,0.001410427221899912,-0.00031294205437705307,0.05004327487559858,0.04835672337202486,-0.23717082447561236,0.05032428529575965,0.047975712749208005,-0.12773742433797203,0.05416324957376072,0.035476750292724867,0.44738168689514235,135203.6,196582.1,0.0,0.0,0.0,0.0,0.020833297761985392,0.19512188695216204,0.0,0.0,0.020833297761985305,0.195121886952162,0.0,0.0,33.33329194119999,27.77773293631928,-100.0,-66.66670805880001,0.00028571486473083496,0.0006666669533366249,-38.88888888888889,-21.212179708365202,16.35640829888645,10.263641041300403,0.0481229387527251,-0.12244892683886988,SELL,0,2
0.04899999871850014,0.04899999871850014,0.04899999871850014,0.04899999871850014,0,0.0,0.0,FSG,2023-10-24 00:00:00+11:00,Telecommunication Services,0.0,0.0,0.0,0.0,0.04899999871850014,1.0,0.04909999892115593,0.99796333595004,0.04919999893754721,0.9959349548096343,0.04497999988496303,1.089373028986623,0.04524000011384487,1.0831122589565287,0.05819750020280481,0.8419605403624982,0.008944289902804764,0.14198620042132493,0.011441221276047362,0.18162375714769438,0.019260086768376743,0.30574439891190325,0.03694377804535305,0.5864642951950325,50.0,50.0,55.5555417581949,0.0010170476796457217,0.0013317513134490741,-0.0003147036338033524,0.04973245573507302,0.04846754210723884,-0.15811388296450615,0.05024629643615917,0.04815370143893525,-0.19115043217860708,0.054330236570305994,0.03562976319962007,0.42993551594674445,134284.2,189082.1,0.0,0.0,-0.02000004023313462,-0.02000004023313462,0.020833297761985392,0.19512188695216204,-0.020000040233134623,-0.020000040233134623,0.020833297761985305,0.195121886952162,0.0,0.0,33.33329194119999,30.55551243875964,-100.0,-66.66670805880001,0.00028571486473083496,0.0004761907316389538,-38.88888888888889,-24.561441432399224,16.35640829888645,16.049241739645026,0.04835556249193461,-0.0816325925504684,SELL,0,2
0.04899999871850014,0.04899999871850014,0.04899999871850014,0.04899999871850014,213578,0.0,0.0,FSG,2023-10-25 00:00:00+11:00,Telecommunication Services,0.0,0.0,0.0,0.0,0.04899999871850014,1.0,0.04909999892115593,0.99796333595004,0.04909999892115593,0.99796333595004,0.04515999987721443,1.0850309754589522,0.04521000009030104,1.0838309803280044,0.05796750020235777,0.8453012213300016,0.0,0.0,0.009524703478684152,0.15119998029738038,0.012767429674963906,0.20267666280876429,0.03671856376409999,0.5828891293156578,50.0,50.0,55.5555417581949,0.0009424365688628158,0.0012538883645318226,-0.0003114517956690067,0.04973245573507302,0.04846754210723884,-0.15811388296450615,0.049715587179748916,0.04848441066256294,-0.16244657246120223,0.05446534101356882,0.035854658740860045,0.4126661005778156,63317.0,194761.0,3.3731541292227996,1.0966158522496803,0.0,0.0,-0.039215693435775356,0.224999995343387,0.0,0.0,-0.03921569343577541,0.22499999534338702,0.0,0.0,33.33329194119999,33.33329194119999,-100.0,-66.66670805880001,0.00028571486473083496,0.0004761907316389538,-38.88888888888889,-35.15982762776872,16.35640829888645,17.799984652715196,0.04857422880679155,-0.14285713199623795,SELL,0,2
0.04899999871850014,0.04899999871850014,0.04899999871850014,0.04899999871850014,0,0.0,0.0,FSG,2023-10-26 00:00:00+11:00,Telecommunication Services,0.0,0.0,0.0,0.0,0.04899999871850014,1.0,0.04909999892115593,0.99796333595004,0.04909999892115593,0.99796333595004,0.04531999982893467,1.081200328849427,0.0451800000667572,1.0845506561774805,0.057737500201910735,0.8486685178115584,0.0,0.0,0.009524703478684152,0.15119998029738038,0.009270665604967886,0.14716725407271114,0.03660672142773561,0.5811136872672464,0.0,50.0,33.33335402936146,0.0008732405525074122,0.0011777588021269405,-0.0003045182496195283,0.04973245573507302,0.04846754210723884,-0.15811388296450615,0.049715587179748916,0.04848441066256294,-0.16244657246120223,0.05460848218426872,0.03603151747360062,0.3961894687189854,42715.6,173950.9,0.0,0.0,0.0,0.0,0.0,0.19512188695216204,0.0,0.0,0.0,0.195121886952162,0.0,0.0,49.9999068677578,38.88883025005261,-100.0,-50.0000931322422,0.00028571486473083496,0.0003333336540630886,-38.88888888888889,-30.17243821120529,16.35640829888645,10.916595342202697,0.04877977514275707,-0.14285713199623795,SELL,0,2
0.05000000074505806,0.05000000074505806,0.05000000074505806,0.05000000074505806,40000,0.0,0.0,FSG,2023-10-27 00:00:00+11:00,Telecommunication Services,0.020408205157367965,0.020202748371739212,0.0,0.0,0.04919999912381172,1.0162601958433604,0.04919999912381172,1.0162601958433604,0.04914999902248383,1.0172940333566516,0.04549999982118606,1.098901119594657,0.04519000008702278,1.1064394921171192,0.057487500198185444,0.8697543043737407,0.00912682680612816,0.14488388392903817,0.011497145338832114,0.18251152412229127,0.010328712376006577,0.16396322586257078,0.03667250217431907,0.5821579242463424,100.0,60.0,60.0,0.000888847931526944,0.0011199766280069413,-0.0002311286964799973,0.05004327487559858,0.04835672337202486,0.9486832979024659,0.04988269560424604,0.048417302440721614,1.1601005705934784,0.054795598295415374,0.03620440134695675,0.484100183150939,50715.6,175950.9,0.7887119545070945,0.22733614889153736,0.020408205157367965,0.020408205157367965,0.020408205157367965,0.2195121796091426,0.02040820515736805,0.02040820515736805,0.02040820515736805,0.21951217960914254,100.0,33.33333333333336,100.0,61.11106626965261,-0.0,-0.0,0.0003571435809135437,0.00023809572060902914,155.55555555555554,233.33333333333337,20.278919357729166,20.278919357729208,0.04897298869856466,-0.13000003799796045,SELL,0,2
0.04899999871850014,0.04899999871850014,0.04899999871850014,0.04899999871850014,45205,0.0,0.0,FSG,2023-10-30 00:00:00+11:00,Telecommunication Services,-0.02000004023313462,-0.02020274837173929,0.0,0.0,0.04919999912381172,0.99593495103916,0.04919999912381172,0.99593495103916,0.04914999902248383,0.9969481117605908,0.04557999975979328,1.0750328867207166,0.04517000008374453,1.0847907599657924,0.05725750019773841,0.8557830598485605,0.014286909457185002,0.22679765656444992,0.01346982741249796,0.21382688121858143,0.011354142234733073,0.1802414202213532,0.034282968127742265,0.5442252472269581,50.0,39.99999999999999,50.0,0.0008111743724404444,0.001058216176893642,-0.00024704180445319756,0.05004327487559858,0.04835672337202486,-0.23717082447561236,0.04988269560424604,0.048417302440721614,-0.2047236301047337,0.054926743575283446,0.036233255944303114,0.3659027171622017,59756.6,152465.1,0.7564854760813031,0.29649408290815404,0.0,0.0,0.0,0.08888881714256014,0.0,0.0,0.0,0.08888881714256007,0.0,33.33333333333336,0.0,49.99996895591928,-100.0,-100.0,0.0003571435809135437,0.00028571486473083496,-38.88888888888889,-38.88888888888889,5.800205502962399,19.277678033313933,0.052000001072883606,-0.11224490028652045,SELL,0,2
0.04899999871850014,0.04899999871850014,0.04899999871850014,0.04899999871850014,0,0.0,0.0,FSG,2023-10-31 00:00:00+11:00,Telecommunication Services,0.0,0.0,0.0,0.0,0.04919999912381172,0.99593495103916,0.04909999892115593,0.99796333595004,0.04914999902248383,0.9969481117605908,0.04569999970495701,1.0722100445262188,0.0451800000667572,1.0845506561774805,0.05702750019729137,0.8592345543637819,0.014286909457185002,0.22679765656444992,0.011441221276047362,0.18162375714769438,0.011354142234733073,0.1802414202213532,0.03361673796215511,0.5336491712225201,50.0,50.0,50.0,0.0007410748674873263,0.0009947879150123788,-0.0002537130475250525,0.04973245573507302,0.04846754210723884,-0.15811388296450615,0.04988269560424604,0.048417302440721614,-0.2047236301047337,0.05506558955302435,0.03633440985688967,0.35235356951106594,59756.6,122458.65,0.0,0.0,0.0,-0.02000004023313462,0.0,0.13953481521910982,0.0,-0.020000040233134623,0.0,0.13953481521910988,0.0,33.33333333333336,0.0,33.33333333333335,-100.0,-100.0,0.00028571486473083496,0.00028571486473083496,-38.88888888888889,-38.88888888888889,6.90416319995343,19.277678033313933,0.051940001025795934,-0.11224490028652045,SELL,0,2
0.04899999871850014,0.04899999871850014,0.04899999871850014,0.04899999871850014,0,0.0,0.0,FSG,2023-11-01 00:00:00+11:00,Telecommunication Services,0.0,0.0,0.0,0.0,0.04919999912381172,0.99593495103916,0.04909999892115593,0.99796333595004,0.04914999902248383,0.9969481117605908,0.045819999650120735,1.0694019880545989,0.04523000005632639,1.0833517280008589,0.05679750019684434,0.8627140023536206,0.014286909457185002,0.22679765656444992,0.009524703478684152,0.15119998029738038,0.011354142234733073,0.1802414202213532,0.03361673796215511,0.5336491712225201,50.0,50.0,50.0,0.0006777083052877247,0.000931371993067448,-0.00025366368777972326,0.04973245573507302,0.04846754210723884,-0.15811388296450615,0.04988269560424604,0.048417302440721614,-0.2047236301047337,0.0551981324887548,0.03644186681148667,0.33908658824698135,17041.0,111531.7,0.0,0.0,0.0,0.0,0.0,0.13953481521910982,0.0,0.0,0.0,0.13953481521910988,0.0,0.0,0.0,0.0,-100.0,-100.0,0.00028571486473083496,0.00028571486473083496,-38.88888888888889,-38.88888888888889,6.90416319995343,19.277678033313933,0.051881200979650016,-0.16326526112727135,SELL,0,2
0.04899999871850014,0.04899999871850014,0.04899999871850014,0.04899999871850014,0,0.0,0.0,FSG,2023-11-02 00:00:00+11:00,Telecommunication Services,0.0,0.0,0.0,0.0,0.04919999912381172,0.99593495103916,0.04909999892115593,0.99796333595004,0.04914999902248383,0.9969481117605908,0.04593999959528446,1.0666086014404268,0.045250000059604646,1.0828728984299643,0.05656750019639731,0.8662217447894377,0.014286909457185002,0.22679765656444992,0.009524703478684152,0.15119998029738038,0.011354142234733073,0.1802414202213532,0.03361673796215511,0.5336491712225201,50.0,50.0,50.0,0.0006203389667520029,0.0008691653878043589,-0.000248826421052356,0.04973245573507302,0.04846754210723884,-0.15811388296450615,0.04988269560424604,0.048417302440721614,-0.2047236301047337,0.05532439765605198,0.036555601534516945,0.32607303136557353,17041.0,111531.7,0.0,0.0,0.0,0.0,0.0,0.13953481521910982,0.0,0.0,0.0,0.13953481521910988,0.0,0.0,0.0,0.0,-100.0,-100.0,0.00028571486473083496,0.00028571486473083496,-38.88888888888889,-38.88888888888889,6.90416319995343,19.277678033313933,0.05182357693442702,-0.16326526112727135,SELL,0,2
0.04500000178813934,0.04500000178813934,0.0430000014603138,0.0430000014603138,5658644,0.0,0.0,FSG,2023-11-03 00:00:00+11:00,Telecommunication Services,-0.12244892683886988,-0.13062012230322004,-0.0020000003278255463,-0.044444449963392814,0.04779999926686287,0.8995816343060773,0.0484999991953373,0.8865979829634253,0.04884999915957451,0.8802456949865858,0.04593999959528446,0.9360035228369388,0.04520000007003546,0.9513274644621048,0.05631250021979213,0.7635960273914566,0.05323391693587312,0.845062233157139,0.03988990595542334,0.6332326258788272,0.02965455576850447,0.4707514788213524,0.03802299805432632,0.6035963817170414,12.500023283060543,20.0000298023064,25.00003104406146,8.968982944843745e-05,0.0007132702761331746,-0.0006235804466847371,0.0524157778702902,0.044584220520384396,-1.4045731875000966,0.051698820962317996,0.04600117735683103,-2.0534796854008293,0.05532439765605198,0.036555601534516945,-0.31328574469380654,1140769.8,383291.35,4.960373249712606,14.763296901952002,-0.1399999836087229,-0.12244892683886988,-0.12244892683886988,0.0,-0.13999998360872293,-0.12244892683886986,-0.12244892683886986,0.0,0.0,0.0,0.0,0.0,-100.0,-100.0,0.0007142860974584307,0.0005714290198825655,-466.666666666668,-699.9999999999955,0.7981100162136272,2.962266853247769,0.05176710537010848,-0.06976749424421014,SELL,0,2
0.04399999976158142,0.04600000008940697,0.04399999976158142,0.04600000008940697,33664,0.0,0.0,FSG,2023-11-06 00:00:00+11:00,Telecommunication Services,0.06976740760955491,0.06744124877837687,0.0020000003278255463,0.045454553151426276,0.04719999954104424,0.9745762825570841,0.04819999933242798,0.9543568615458279,0.04869999922811985,0.9445585383674118,0.04599999956786632,1.0000000113378402,0.04514000006020069,1.019051839345577,0.0560775002092123,0.8202933425668317,0.06947330846247178,1.1028545816914765,0.047614746710318984,0.7558606712090091,0.034165486525893435,0.542360284614253,0.039256544096614415,0.623178318068895,36.363642521141024,33.33333333333333,40.00000993410213,-8.776689551356909e-05,0.0005530628418038259,-0.000640829737317395,0.05239523328163328,0.044004765383222684,-0.5244044240817032,0.05181870264111346,0.04558129581512624,-0.8657441190027054,0.05534595740408732,0.036654041731645326,5.580387298387353e-08,1138461.6,384446.75,0.029569728131366043,0.08756479278339588,-0.06122446341943488,-0.06122446341943488,-0.06122446341943488,0.06976740760955491,-0.06122446341943493,-0.06122446341943493,-0.06122446341943493,0.06976740760955494,42.85712765187478,14.285709217291616,42.85712765187478,14.285709217291606,-57.14287234812522,-57.14287234812522,0.0008571429976395198,0.0007142860974584307,-183.83841065774874,-280.79100065501956,1.2562371271335167,3.4668592242419294,0.051416421213716694,-0.1521738971986708,SELL,0,2
0.04500000178813934,0.04500000178813934,0.04500000178813934,0.04500000178813934,22222,0.0,0.0,FSG,2023-11-07 00:00:00+11:00,Telecommunication Services,-0.021739093463565173,-0.021978868925975913,0.0,0.0,0.046400000154972074,0.9698276215052402,0.047799999639391896,0.9414226386532213,0.048449999280273916,0.9287926203635835,0.046059999614953995,0.9769865862858038,0.04512000009417534,0.9973404630809943,0.05587250020354986,0.8054051926117362,0.06932916686801023,1.100566404816323,0.04784527288593689,0.7595201607972638,0.0339726864528873,0.539299678338677,0.03923712757328529,0.6228700903165689,27.2727241939739,33.33334368136346,37.50001455190946,-0.00030557169385542204,0.0003813359346719762,-0.0006869076285273983,0.05239951461240665,0.043200484666377145,-0.6087593730382611,0.051912579844562406,0.044987418715985425,-0.9963659842939984,0.05533942544470297,0.03678057378520502,-0.11423097142674465,1142906.0,379139.15,0.019443418793846562,0.05861172606416404,-0.0816325925504684,-0.0816325925504684,-0.09999997764825852,0.07142862844832165,-0.08163259255046837,-0.08163259255046837,-0.09999997764825855,0.07142862844832167,28.57143617406261,23.809521275312488,28.57143617406261,23.809521275312477,-71.42856382593739,-71.42856382593739,0.0008571427315473557,0.0007619050641854604,-140.63923172704463,-213.16867420046367,1.389129812520494,3.455086654168312,0.05107976442358058,-0.13333334989017842,SELL,0,2
0.04500000178813934,0.04500000178813934,0.04500000178813934,0.04500000178813934,110,0.0,0.0,FSG,2023-11-08 00:00:00+11:00,Telecommunication Services,0.0,0.0,0.0,0.0,0.04560000076889992,0.9868421278367656,0.04739999994635582,0.9493671274064845,0.04824999943375587,0.9326425350516622,0.04617999963462353,0.9744478593369351,0.0450500001013279,0.9988901595321621,0.05565750021487474,0.8085164014626885,0.06932916686801023,1.100566404816323,0.04784527288593689,0.7595201607972638,0.03379188037373142,0.5364294708128262,0.03777724083795754,0.5996951068525738,30.00000372529246,33.33334368136346,33.33334161175382,-0.00047273418037561965,0.00021052191166245703,-0.0006832560920380767,0.05222585407241895,0.04257414582029269,-0.49732090849052707,0.052026657363765154,0.04447334150374659,-0.8605485870965661,0.05523934985074968,0.037120649418497374,-0.13025192959023935,1142928.0,372872.05,9.624403286996206e-05,0.0002950073624451069,-0.0816325925504684,-0.0816325925504684,-0.0816325925504684,0.15384617588929128,-0.08163259255046837,-0.08163259255046837,-0.08163259255046837,0.15384617588929125,28.57143617406261,33.33333333333336,28.57143617406261,33.33333333333335,-71.42856382593739,-71.42856382593739,0.0008571427315473557,0.0007142859200636545,-107.27966936988702,-162.62623096450878,1.389129812520494,1.3038575451744379,0.05075657390504991,-0.13333334989017842,SELL,0,2
0.04399999976158142,0.04500000178813934,0.0430000014603138,0.04500000178813934,360165,0.0,0.0,FSG,2023-11-09 00:00:00+11:00,Telecommunication Services,0.0,0.0,0.0010000020265579224,0.02272731890855767,0.04480000138282776,1.0044642946236213,0.04700000025331974,0.9574468413957268,0.04804999958723784,0.9365244989531992,0.04629999965429306,0.971922292098048,0.04500000011175871,1.0000000372529028,0.055447500236332416,0.8115785490118945,0.06932916686801023,1.100566404816323,0.04784527288593689,0.7595201607972638,0.03379188037373142,0.5364294708128262,0.03777724083795754,0.5996951068525738,30.00000372529246,33.33334368136346,35.71429901889175,-0.0005983146563629527,4.875459805737505e-05,-0.0006470692544203277,0.051898977500228094,0.04210102300641139,-0.4082481637248994,0.0520749200197612,0.04402507915471447,-0.7577784083513774,0.055127137236096864,0.03747286207248925,-0.14727286780184795,1214961.0,388380.3,0.2964416141752698,0.9273513615391924,-0.0816325925504684,-0.0816325925504684,-0.0816325925504684,0.15384617588929128,-0.08163259255046837,-0.08163259255046837,-0.08163259255046837,0.15384617588929125,28.57143617406261,28.57143617406261,28.57143617406261,28.57143617406261,-71.42856382593739,-71.42856382593739,0.000999999897820609,0.0007619048867906843,-104.22221776014996,-153.73831201728038,1.3069190569581792,1.2608741388892213,0.050446311007260464,-0.11111116630059481,SELL,0,2
0.04500000178813934,0.04600000008940697,0.04500000178813934,0.04500000178813934,10030455,0.0,0.0,FSG,2023-11-10 00:00:00+11:00,Telecommunication Services,0.0,0.0,0.0,0.0,0.04520000144839287,0.9955752288972407,0.04650000035762787,0.9677419664956526,0.047849999740719795,0.9404389139389036,0.04641999967396259,0.9694097825119172,0.04503000013530254,0.9993338141889172,0.05523750025779009,0.8146639796900121,0.034923972988601594,0.5544008839330621,0.04695422673270433,0.7453752416284593,0.03379188037373142,0.5364294708128262,0.03777724083795754,0.5996951068525738,30.00000372529246,33.33334368136346,35.71429901889175,-0.0006898855175340723,-9.897342506091449e-05,-0.0005909120924731579,0.05104605811750244,0.041953942597753306,-0.3299558977732648,0.05206900226118772,0.04363099722025187,-0.6755146361620006,0.05500180242040327,0.03783819692752191,-0.16546615294929656,2089323.2,864903.05,4.800815402806038,11.597201559180535,0.046511633951255016,-0.09999997764825852,-0.0816325925504684,0.15384617588929128,0.04651163395125501,-0.09999997764825855,-0.08163259255046837,0.15384617588929125,28.57143617406261,28.57143617406261,28.57143617406261,28.57143617406261,-71.42856382593739,-71.42856382593739,0.0010714283479111536,0.000809523853517714,-60.38338074333142,-95.83332644344301,63.247702322737375,60.91824632431178,0.0501484586253826,-0.11111116630059481,SELL,0,2
0.04500000178813934,0.04500000178813934,0.04500000178813934,0.04500000178813934,517,0.0,0.0,FSG,2023-11-13 00:00:00+11:00,Telecommunication Services,0.0,0.0,0.0,0.0,0.04500000178813934,1.0,0.046100000664591786,0.9761388533493597,0.04764999989420175,0.9443861886265215,0.04655999973416328,0.9664948892841316,0.04503000013530254,0.9993338141889172,0.055027500279247764,0.8177729600613888,0.009722018150751409,0.15433225361126574,0.046880434528001336,0.7442038266944234,0.03379188037373142,0.5364294708128262,0.037546020042783505,0.5960245905207111,30.00000372529246,33.33334368136346,35.71429901889175,-0.0007537671265139059,-0.00022993216535151283,-0.0005238349611623931,0.05036353852578309,0.04183646280340048,-0.25800143267523007,0.052016135308846356,0.04328386447955715,-0.6069436365106684,0.05480284386986579,0.03831715559846078,-0.18925481549105966,2082693.8,854028.9,0.000248236202556516,0.0006053659308250575,-0.021739093463565173,-0.0816325925504684,-0.0816325925504684,0.18421061145054285,-0.021739093463565163,-0.08163259255046837,-0.08163259255046837,0.1842106114505428,28.57143617406261,28.57143617406261,28.57143617406261,28.57143617406261,-71.42856382593739,-71.42856382593739,0.0010714283479111536,0.000809523853517714,-60.80584569055786,-93.40657640187769,63.24567143663068,60.91636322344261,0.049862520338779845,-0.15555561626398762,SELL,0,2
0.041999999433755875,0.041999999433755875,0.041999999433755875,0.041999999433755875,899999,0.0,0.0,FSG,2023-11-14 00:00:00+11:00,Telecommunication Services,-0.066666716337202,-0.06899292470538358,0.0,0.0,0.04440000131726265,0.9459459051283033,0.045400000736117364,0.9251101046864816,0.047249999828636646,0.888888880128653,0.04661999970674515,0.9009008944219097,0.04501000013202429,0.9331259566887488,0.054792500268667936,0.7665282516368903,0.029814261913336138,0.47328673527379306,0.05031865863239007,0.7987839422859457,0.03605834294394531,0.5724084487125597,0.03870682358339595,0.614451775457494,42.857127651874784,26.666669978035685,29.411772440046946,-0.001034543308525683,-0.0003908543939863469,-0.0006436889145393361,0.049842220968919965,0.040957780503314764,-0.7653833272954202,0.05214360269543679,0.042356396961836504,-1.0728292707400824,0.054679877116545476,0.038560122296944825,-0.5732097447749805,2258249.2,898799.0,0.39853838982872214,1.0013351149700878,-0.066666716337202,-0.14285713199623795,-0.16000002384185752,0.07692304018451468,-0.066666716337202,-0.14285713199623792,-0.16000002384185755,0.07692304018451458,0.0,19.047624116041764,0.0,19.047624116041757,-100.0,-100.0,0.0012857142303671157,0.0009523811084883553,-129.40027814121342,-161.50179183365927,60.10968960259764,58.003190012005305,0.0495880195836412,-0.09523811213283606,SELL,0,2
0.04399999976158142,0.04399999976158142,0.04399999976158142,0.04399999976158142,50000,0.0,0.0,FSG,2023-11-15 00:00:00+11:00,Telecommunication Services,0.04761905606641803,0.046520023698291856,0.0,0.0,0.044200000911951066,0.9954750871890691,0.04490000084042549,0.9799554329176369,0.04699999988079071,0.9361702100676937,0.04675999969244003,0.9409751935626116,0.04501000013202429,0.9775605339373403,0.05457750027999282,0.8061930197582,0.04074144970261687,0.646750463792224,0.05392609427718537,0.8560502078067356,0.03799538189574374,0.6031579887903828,0.03844321759196012,0.610267160072819,33.33333333333333,35.29412151414198,33.33333333333333,-0.0010831907946795907,-0.0005293216741249958,-0.000553869120554595,0.04860585144851037,0.041194150232340604,-0.24285951432596256,0.052026244951535995,0.04197375481004543,-0.5968670601977744,0.05436837266891352,0.039151626715966545,-0.3627582321993214,2268227.2,872878.3,0.02204364712670759,0.057281753939810394,-0.022222266373809196,-0.10204079770783647,-0.10204079770783647,0.18918916741977942,-0.02222226637380919,-0.10204079770783642,-0.10204079770783642,0.1891891674197794,25.0,17.857145391354226,25.0,17.85714539135422,-75.0,-75.0,0.0014285713966403688,0.0010000000752153852,-64.19375696529747,-89.63700513946695,60.22447588978684,58.10760803750478,0.049132738374648086,-0.13636365945427886,SELL,0,2
0.041999999433755875,0.04399999976158142,0.041999999433755875,0.04399999976158142,257835,0.0,0.0,FSG,2023-11-16 00:00:00+11:00,Telecommunication Services,0.0,0.0,0.0020000003278255463,0.047619056066418024,0.04400000050663948,0.9999999830668626,0.04440000094473362,0.9909909645351113,0.04674999993294478,0.9411764668383362,0.04685999967157841,0.9389671376431605,0.04499000012874603,0.9779951019263933,0.05436750026419759,0.8093070225367077,0.04074144970261687,0.646750463792224,0.05392609427718537,0.8560502078067356,0.03799538189574374,0.6031579887903828,0.0377665914072938,0.5995260523817296,39.99998509884679,31.24999563442512,35.29412151414198,-0.0011089608673679266,-0.000645249512773582,-0.00046371135459434456,0.046747577475355455,0.042052424414111785,-0.17038898537899635,0.05185417610883745,0.04164582375705211,-0.538774540023084,0.05417796707151761,0.03954203227163921,-0.3908188918716351,2247761.2,880619.7,0.11470746981485398,0.292788135445982,-0.022222266373809196,-0.10204079770783647,-0.10204079770783647,0.12820509881427844,-0.02222226637380919,-0.10204079770783642,-0.10204079770783642,0.12820509881427833,28.57143617406261,17.857145391354226,25.0,16.666666666666682,-71.42856382593739,-75.0,0.0014999998467309134,0.0010476190419424149,-80.26010481932478,-96.96399178162464,59.25198293386421,59.3570425042902,0.04870477403819455,-0.11363634054572114,SELL,0,2
0.0430000014603138,0.0430000014603138,0.0430000014603138,0.0430000014603138,20000,0.0,0.0,FSG,2023-11-17 00:00:00+11:00,Telecommunication Services,-0.0227272342428686,-0.022989478845309243,0.0,0.0,0.04360000044107437,0.9862385556263589,0.04440000094473362,0.9684684807515554,0.046450000070035455,0.9257266177713694,0.046959999725222586,0.915672949572403,0.04492000013589859,0.9572573760067646,0.05415250025689602,0.7940538526628415,0.041471449160375796,0.6583388459268767,0.03736415627552616,0.5931375927167736,0.038188268240370034,0.6062199645854717,0.03772353745973726,0.5988425921525643,33.33333333333333,31.250002910383913,33.33334023201938,-0.0011962853088360662,-0.0007554566719860789,-0.00044082863684998723,0.046747577475355455,0.042052424414111785,-0.5963594652434975,0.051700562229791275,0.041199437910279635,-0.657072234315211,0.053911257981240135,0.040008741469205036,-0.5696807857024597,245670.2,881619.7,0.08140995529779355,0.022685518483763465,-0.04444444996339281,0.0,-0.12244892683886988,0.13157902218381023,-0.044444449963392814,0.0,-0.12244892683886986,0.13157902218381035,14.285744696250442,22.619060290104375,12.50002328306055,20.833341094353532,-85.71425530374955,-87.49997671693946,0.0014999995806387492,0.0010952380086694444,-89.11703993989175,-95.74861205680536,59.35593620620408,59.291308719035534,0.04830248756192823,-0.09302326790251003,SELL,0,2
0.04500000178813934,0.04500000178813934,0.04100000113248825,0.04100000113248825,101000,0.0,0.0,FSG,2023-11-20 00:00:00+11:00,Telecommunication Services,-0.046511633951255016,-0.04762805532837575,-0.0040000006556510925,-0.08888889992678563,0.04280000030994415,0.9579439447565217,0.04390000104904175,0.9339407779668651,0.046050000190734866,0.8903366115672099,0.04701999977231026,0.8719694030418277,0.04483000013977289,0.9145661611567409,0.05392250027507543,0.760350520160128,0.04425206948638234,0.7024798251655047,0.031008796733132057,0.49224938766731724,0.03921945840423113,0.6225896009534262,0.03837127900124278,0.6091251703485797,25.000000000000014,27.777778927559027,30.000005587935576,-0.0014106131987150008,-0.0008864879773318634,-0.0005241252213831375,0.04679827735896048,0.04100172473912302,-1.0005947005911318,0.05168728045065519,0.04041271993081454,-0.8958218902386079,0.053702171360601285,0.04033782818401923,-0.9009045278589786,265766.8,886669.7,0.38003241939926286,0.11390938474608979,-0.08888889992678561,-0.10869562928696896,-0.16326526112727135,0.07894743291707784,-0.08888889992678563,-0.10869562928696891,-0.16326526112727135,0.07894743291707788,0.0,14.285726956771041,0.0,12.500007761020198,-100.0,-100.0,0.001785713913185256,0.0012857142303671157,-106.87827972157446,-103.70371109246291,59.02915879042957,58.96664913731177,0.04792433827423789,-0.0731707871102052,SELL,0,2
0.041999999433755875,0.041999999433755875,0.041999999433755875,0.041999999433755875,6666,0.0,0.0,FSG,2023-11-21 00:00:00+11:00,Telecommunication Services,0.02439020179624407,0.024097510475393154,0.0,0.0,0.04280000030994415,0.9813083908786233,0.0436000008136034,0.9633027213304932,0.04570000022649765,0.9190371821793459,0.04709999978542328,0.8917197372632308,0.04475000012665987,0.9385474707235659,0.05369750028476119,0.7821593037111088,0.03721821026621539,0.5908207716439019,0.03262325810500857,0.5178781674151497,0.03985905481063544,0.6327428791382046,0.0384970166263461,0.6111211932673832,33.333319535961266,31.57894324067422,33.33333333333333,-0.0014826866018100224,-0.0010057277022274952,-0.00047695889958252716,0.04661109257786992,0.04058890904933688,-0.5313691860325197,0.0514344744928717,0.0399655259601236,-0.645220576616401,0.05342778009887118,0.040772219471975374,-0.8059698818602785,87100.2,887003.0,0.07653254527544139,0.007515194424370606,0.0,-0.066666716337202,-0.14285713199623795,0.10526317853346501,0.0,-0.066666716337202,-0.14285713199623792,0.10526317853346492,12.499982537696457,8.92857574464899,11.111092714615019,7.8703719992252035,-87.50001746230355,-88.88890728538499,0.0018571423632758005,0.0013333331970941452,-111.90479880920218,-104.20993978901384,59.00788677319207,58.94551431068224,0.04737039130289792,-0.09523811213283606,SELL,0,2
0.0430000014603138,0.04399999976158142,0.0430000014603138,0.04399999976158142,50000,0.0,0.0,FSG,2023-11-22 00:00:00+11:00,Telecommunication Services,0.04761905606641803,0.046520023698291856,0.000999998301267624,0.023255773658299925,0.04280000030994415,1.0280373701623189,0.04350000061094761,1.0114942331864698,0.04545000027865172,0.9680967984998808,0.0471799997985363,0.9325985576402327,0.044690000116825106,0.9845602964099365,0.05348750026896596,0.8226220993750704,0.03721821026621539,0.5908207716439019,0.03685986424204775,0.5851322048643639,0.04167357177129581,0.6615474429039012,0.03837073527818951,0.6091165390126935,45.45453621828847,38.09523725050083,39.13043619103615,-0.0013627134686612363,-0.0010771248555142435,-0.00028558861314699284,0.046367443269736575,0.04063255795215864,0.17437110698666275,0.051012088845777896,0.03988791171152554,-0.2606935325770051,0.053236737222036465,0.041123262375036135,-0.5250351492234853,87100.2,878824.1,0.5740514947152819,0.05689420670188722,0.0,-0.022222266373809196,-0.10204079770783647,0.1000000186264518,0.0,-0.02222226637380919,-0.10204079770783642,0.10000001862645191,59.999985098835694,24.16665587884407,33.333319535961266,14.814804083525443,-40.000014901164306,-66.66668046403873,0.0019999995295490536,0.0014285713079429808,-12.698440011567271,-55.40542071202713,59.12276271176784,59.059945946671114,0.046860760089265145,-0.11363634054572114,SELL,0,2
0.04399999976158142,0.04399999976158142,0.04399999976158142,0.04399999976158142,0,0.0,0.0,FSG,2023-11-23 00:00:00+11:00,Telecommunication Services,0.0,0.0,0.0,0.0,0.04280000030994415,1.0280373701623189,0.04340000040829182,1.013824869761406,0.045200000330805776,0.9734513150344714,0.04725999981164932,0.9310198886360485,0.044650000110268595,0.9854423214539324,0.053277500253170726,0.8258645685795446,0.03721821026621539,0.5908207716439019,0.03685986424204775,0.5851322048643639,0.04167357177129581,0.6615474429039012,0.03837073527818951,0.6091165390126935,62.50000582076784,53.333328366278565,39.13043619103615,-0.0012531879259530879,-0.0011123374696020124,-0.0001408504563510755,0.046099795204361624,0.04070020561222201,0.22223887317771135,0.050535086813284544,0.03986491384832701,-0.22492617001905,0.05302845608903495,0.041491543534263695,-0.5651425430488646,35533.2,878824.1,0.0,0.0,0.0,-0.022222266373809196,-0.10204079770783647,0.1000000186264518,0.0,-0.02222226637380919,-0.10204079770783642,0.10000001862645191,59.999985098835694,44.166650911789304,33.333319535961266,25.925910595512534,-40.000014901164306,-66.66668046403873,0.001571428296821458,0.0014285713079429808,7.9908036392499575,-42.55768063258919,86.58295269322272,59.059945946671114,0.04639189937272299,-0.13636365945427886,SELL,0,2
0.04100000113248825,0.04100000113248825,0.04100000113248825,0.04100000113248825,100000,0.0,0.0,FSG,2023-11-24 00:00:00+11:00,Telecommunication Services,-0.06818178739429492,-0.07061753417368505,0.0,0.0,0.042400000244379045,0.9669811532117528,0.043000000342726705,0.9534883908302865,0.04475000035017729,0.916201135455987,0.04721999980509281,0.8682761817391258,0.04458000011742115,0.9196949534431721,0.053052500244230034,0.7728193948210271,0.04824457769264807,0.7658589280924868,0.04241300136857948,0.6732855238626206,0.04355095050451829,0.6913499063726303,0.038201991916295,0.6064378211868984,33.33333333333333,33.33333333333333,34.615387370777185,-0.0013924121016398588,-0.0011683523960095818,-0.00022405970563027706,0.04582842734575761,0.0401715733396958,-0.7071065323924869,0.04989525757501907,0.039604743125335504,-0.7288263839529132,0.05313490538564468,0.04130509422454094,-1.0515803824588235,51533.2,881824.1,1.9404966118929157,0.11340130078096074,-0.046511633951255016,-0.08888889992678561,-0.17999998956918728,-0.046511633951255016,-0.04651163395125501,-0.08888889992678563,-0.1799999895691873,-0.04651163395125501,0.0,39.99999006589049,0.0,22.222213023974195,-100.0,-100.0,0.001571428296821458,0.0015714283855188462,-154.60116309931362,-129.230753536054,85.88059107756129,58.75242471464183,0.045960547513504216,-0.0731707871102052,SELL,0,2
0.04100000113248825,0.04100000113248825,0.04100000113248825,0.04100000113248825,56818,0.0,0.0,FSG,2023-11-27 00:00:00+11:00,Telecommunication Services,0.0,0.0,0.0,0.0,0.042400000244379045,0.9669811532117528,0.0426000002771616,0.962441334876443,0.04435000047087669,0.9244645027548921,0.0471799997985363,0.8690123210589803,0.044520000144839283,0.9209344339420658,0.052827500235289336,0.7761109450547087,0.04332517360196559,0.6877658091570087,0.04241300136857948,0.6732855238626206,0.04351332461311129,0.69075261386351,0.038201991916295,0.6064378211868984,33.33333333333333,35.71428191296869,31.999997019767136,-0.0014856229275865829,-0.0012318065023249822,-0.0002538164252616007,0.0452997936013996,0.039900206952923595,-0.5926376401886009,0.049345787148396374,0.03935421379335701,-0.6705649289356075,0.05323673712161759,0.04112326247545501,-1.0203511125531277,42696.8,882404.75,1.3307320454928706,0.0643899525699516,0.0,-0.08888889992678561,-0.16326526112727135,-0.046511633951255016,0.0,-0.08888889992678563,-0.16326526112727135,-0.04651163395125501,0.0,19.999995032945257,0.0,11.111106511987103,-100.0,-100.0,0.0014999998467309134,0.0015238092413970403,-127.27269898669165,-121.80973151372037,86.04154224883054,58.647390421925124,0.04556370380302294,-0.09756098890644926,SELL,0,2
0.04100000113248825,0.04100000113248825,0.04100000113248825,0.04100000113248825,0,0.0,0.0,FSG,2023-11-28 00:00:00+11:00,Telecommunication Services,0.0,0.0,0.0,0.0,0.04220000058412552,0.9715639944306381,0.042500000447034836,0.9647058988524967,0.0439500005915761,0.9328782839731458,0.04713999979197979,0.8697497096608776,0.04446000017225742,0.9221772598658653,0.052607500236481426,0.779356573647957,0.04132724721356683,0.6560497109879093,0.03715880276182392,0.589877706748117,0.04351332461311129,0.69075261386351,0.038201991916295,0.6064378211868984,37.499994179232154,35.71428191296869,33.33333333333333,-0.001541721176660668,-0.0012937894371921196,-0.0002479317394685485,0.045367441084894836,0.039632559809174836,-0.523114339226931,0.04865050370686704,0.03924949747628515,-0.627592278258761,0.05333426849344865,0.04094573109051093,-0.9912386684219157,41363.6,882404.75,0.0,0.0,-0.02380948368451441,-0.02380948368451441,-0.16326526112727135,-0.046511633951255016,-0.023809483684514385,-0.023809483684514385,-0.16326526112727135,-0.04651163395125501,0.0,0.0,0.0,0.0,-100.0,-100.0,0.0014999998467309134,0.0014761900972752344,-107.69227793407273,-115.80244698960156,86.04154224883054,58.81325760409633,0.045198607589380164,-0.10975613523493954,SELL,0,2
0.04100000113248825,0.04100000113248825,0.04100000113248825,0.04100000113248825,68029,0.0,0.0,FSG,2023-11-29 00:00:00+11:00,Telecommunication Services,0.0,0.0,0.0,0.0,0.04160000085830688,0.9855769299654036,0.04220000058412552,0.9715639944306381,0.04355000071227551,0.9414466236950374,0.04699999980628491,0.872340453222846,0.04440000019967556,0.923423444777098,0.05238750023767352,0.782629462113633,0.030491822288216574,0.4840426727747851,0.03293631354683879,0.5228477684890991,0.04351332461311129,0.69075261386351,0.03430495064897477,0.5445742089331865,50.0,35.71428191296869,33.33333333333333,-0.0015681033242069126,-0.0013486522145950783,-0.00021945110961183421,0.044996823098556266,0.039403178069694775,-0.42905813488186745,0.047778973038800784,0.03932102838575023,-0.6029832741616579,0.05342698247219481,0.040573017140375006,-0.9335638488060559,44969.4,885806.2,1.51278424884477,0.07679896573313666,-0.06818178739429492,-0.06818178739429492,-0.16326526112727135,-0.14583331716453873,-0.06818178739429488,-0.06818178739429488,-0.16326526112727135,-0.1458333171645388,0.0,0.0,0.0,0.0,-100.0,-100.0,0.00135714268045766,0.0014761900972752344,-91.35800220675158,-109.84041132913936,88.69577046983068,58.81325760409633,0.044862719072828815,-0.12195128156342983,SELL,0,2
0.04399999976158142,0.04500000178813934,0.041999999433755875,0.04500000178813934,930157,0.0,0.0,FSG,2023-11-30 00:00:00+11:00,Telecommunication Services,0.09756098890644926,0.09309043518077677,0.0010000020265579224,0.02272731890855767,0.04180000126361847,1.0765550341575243,0.04230000078678131,1.0638298097195729,0.043350000865757465,1.038062304254421,0.04685999982059002,0.9603073401713202,0.04440000019967556,1.0135135492289518,0.05219250025227666,0.8621928738923831,0.05914870073041939,0.9389565150316453,0.046673640884622745,0.740921079375891,0.04950654606709635,0.7858920549797983,0.03508215631174469,0.5569119663406285,66.66668046403873,50.0,42.85714665846038,-0.0012518146031817237,-0.0013292846923124075,7.747008913068379e-05,0.04543404295462388,0.03916595861893874,0.8615075537470113,0.046800401575910346,0.039899600155604585,0.47820559436088467,0.05314584254920448,0.04057415709197556,-0.29590273138454126,231000.8,932314.05,4.026639734581006,0.997686348285752,0.022727318908557725,0.022727318908557725,-0.0816325925504684,-0.13461536808303154,0.02272731890855767,0.02272731890855767,-0.08163259255046837,-0.13461536808303157,100.0,33.333333333333364,50.00002328307139,16.666674427690477,-0.0,-49.99997671692861,0.0015714285629136221,0.0016666663189729054,74.66669329007644,19.384627078646492,43.64225550917577,60.858638097245326,0.04100000113248825,-0.22222224981696403,SELL,0,2
0.04500000178813934,0.04500000178813934,0.04500000178813934,0.04500000178813934,345058,0.0,0.0,FSG,2023-12-01 00:00:00+11:00,Telecommunication Services,0.0,0.0,0.0,0.0,0.04260000139474869,1.0563380355589964,0.042500000819563864,1.058823551067431,0.043450000882148745,1.0356732076989994,0.04671999983489514,0.9631849731842009,0.04440000019967556,1.0135135492289518,0.0519975002668798,0.8654262523616435,0.04363060062938489,0.6926143129063838,0.045815505173785014,0.7272985972837694,0.04076536066715193,0.6471300385868287,0.03508215631174469,0.5569119663406285,57.14287234812522,50.0,42.85714665846038,-0.000989744356188406,-0.0012613766250876074,0.00027163226889920147,0.046059026905468814,0.038940974733658915,0.7024396304585686,0.04697285894530526,0.039927142818992234,0.43998392163486283,0.052848419815815305,0.04059157985397497,-0.2806592975205236,280012.4,666634.75,1.2322954269168078,0.5176117806639993,0.09756098890644926,0.046511633951255016,0.046511633951255016,-0.13461536808303154,0.09756098890644924,0.04651163395125501,0.04651163395125501,-0.13461536808303157,100.0,66.6666666666667,80.00002980232861,43.33335102846669,-0.0,-19.999970197671395,0.0015714285629136221,0.0016666663189729054,130.66674057643064,82.35297585384048,50.984446245587336,61.582476660306874,0.04108000114560127,-0.22222224981696403,SELL,0,2
0.0430000014603138,0.0430000014603138,0.041999999433755875,0.0430000014603138,1263040,0.0,0.0,FSG,2023-12-04 00:00:00+11:00,Telecommunication Services,-0.04444444996339281,-0.04546237985240099,0.0,0.0,0.0430000014603138,1.0,0.04270000085234642,1.0070257752219902,0.043300000950694084,0.9930716054551154,0.04661999985575676,0.9223509565284574,0.044380000196397304,0.9689049407396007,0.051792500279843806,0.8302360617459551,0.05227136488340214,0.8297821930283809,0.04555876089033817,0.7232229081365424,0.03888461907245353,0.6172741913471467,0.0339543309827423,0.539008294283469,44.444453642692494,52.94118291572823,50.0,-0.0009326837118328393,-0.0011956380424366538,0.00026295433060381443,0.046105878222014195,0.03929412348267864,0.0880832089373325,0.04661503897909714,0.03998496292229103,-0.09049654568361166,0.05282585454399256,0.04041414516752096,-0.5833198773257221,521256.8,728103.55,2.4230667110721624,1.7346983131726248,0.04878049445322463,0.04878049445322463,-0.06521736137526701,-0.10416664403035425,0.04878049445322462,0.04878049445322462,-0.06521736137526704,-0.10416664403035429,50.0,83.33333333333336,40.000014901164306,56.666689328854794,-50.0,-59.999985098835694,0.0015714285629136221,0.0015238094187918164,-2.7777734660986373,-33.333331784649154,44.92661922902251,79.98771833358786,0.04115840115845203,-0.18604653580502006,SELL,0,2
0.04500000178813934,0.04500000178813934,0.04500000178813934,0.04500000178813934,37695,0.0,0.0,FSG,2023-12-05 00:00:00+11:00,Telecommunication Services,0.046511633951255016,0.045462379852401,0.0,0.0,0.04380000159144402,1.027397263769272,0.04300000108778477,1.0465116430176724,0.043300000950694084,1.039260988455429,0.0465599998831749,0.9664948861909408,0.044380000196397304,1.0139702926768435,0.05160750027745962,0.8719663139311903,0.054017666589081505,0.857503873192274,0.04707911073654688,0.7473577137298437,0.0400974996549633,0.6365280736951867,0.03463016539348297,0.5497368329531471,75.0,52.94118291572823,47.826090477590355,-0.0007178050188863319,-0.0011000714377265893,0.00038226641884025743,0.0466514849496154,0.03934851722595414,0.54772272753573,0.04661503897909714,0.03998496292229103,0.5128148826287207,0.05276940512200264,0.040350594644347156,-0.2512314843426234,528795.8,728877.2,0.07128460551313001,0.051716530576069605,0.09756098890644926,0.07142862844832165,0.0,-0.062499970896169765,0.09756098890644924,0.07142862844832167,0.0,-0.06249997089616979,100.0,83.33333333333336,80.00002980232861,66.66669150194053,-0.0,-19.999970197671395,0.0015714285629136221,0.0014761904520647867,121.56868130369756,84.99430847811763,44.72099061453067,79.99298507670514,0.04123523317104578,-0.22222224981696403,SELL,0,2
0.041999999433755875,0.041999999433755875,0.041999999433755875,0.041999999433755875,40000,0.0,0.0,FSG,2023-12-06 00:00:00+11:00,Telecommunication Services,-0.066666716337202,-0.06899292470538358,0.0,0.0,0.04400000125169754,0.9545454145216756,0.042800001055002215,0.9813083737961067,0.04315000083297491,0.9733487514016405,0.0463799998909235,0.9055627324823521,0.04434000018984079,0.9472259642294485,0.05140750026330352,0.8170013951006474,0.06686543824218937,1.0614559253650857,0.05013974672054777,0.7959438037340147,0.04284103794680933,0.680080393890832,0.034637536951280024,0.549853852805384,54.54544530920069,44.999999068677404,43.99999582767524,-0.0007805890795327744,-0.0010361749660878264,0.00025558588655505204,0.04642706036058957,0.03917294174941486,-0.2205648030110691,0.04641222534868463,0.03988777631726519,-0.3525206170455276,0.052585854605620916,0.040174145176226084,-0.7057852074419995,523190.0,730871.7,0.07645406066629713,0.05472916792372724,0.02439020179624407,-0.045454553151426325,-0.066666716337202,-0.17647058393853476,0.02439020179624407,-0.045454553151426276,-0.066666716337202,-0.17647058393853476,24.9999534338789,58.333317811293,19.999970197671395,46.66667163372146,-75.0000465661211,-80.00002980232861,0.0016428572790963309,0.0015714287403083983,-37.80267866928706,-59.815305291396385,48.10586887447319,79.90894940424768,0.041310528543387647,-0.1904761355682828,SELL,0,2
0.04500000178813934,0.04500000178813934,0.041999999433755875,0.041999999433755875,44142,0.0,0.0,FSG,2023-12-07 00:00:00+11:00,Telecommunication Services,0.0,0.0,-0.0030000023543834686,-0.066666716337202,0.04340000078082085,0.9677419050258714,0.042600001022219655,0.9859154560078337,0.04300000071525574,0.9767441566310235,0.04623999990522862,0.9083044878857515,0.044330000169575216,0.9474396407194584,0.05125250026583671,0.8194722055687055,0.044012703781403845,0.6986800123988801,0.05013974672054777,0.7959438037340147,0.04284103794680933,0.680080393890832,0.034248990500233265,0.5436858691117852,54.54544530920069,47.36841589295007,43.99999582767524,-0.000820883268591574,-0.000993116626588576,0.00017223335799700199,0.046152778576073875,0.039047223468365436,-0.16888239676387007,0.04617887889323459,0.03982112253727689,-0.31457678637300657,0.0525199957547835,0.03996000405567374,-0.6751597569564108,345987.0,715070.55,0.12758282825655298,0.06173097186004933,-0.066666716337202,-0.045454553151426325,-0.066666716337202,-0.14285713199623795,-0.066666716337202,-0.045454553151426276,-0.066666716337202,-0.14285713199623792,24.9999534338789,49.99996895591929,19.999970197671395,39.999990065890486,-75.0000465661211,-80.00002980232861,0.0017857147114617483,0.0017142859952790396,16.94596665093902,-4.3156872384235445,49.21194420986432,79.96769130360484,0.04138431800828268,-0.1428571681992541,SELL,0,2
0.04349999874830246,0.04349999874830246,0.04349999874830246,0.04349999874830246,51000,0.0,0.0,FSG,2023-12-08 00:00:00+11:00,Telecommunication Services,0.03571426987546622,0.03509130451861668,0.0,0.0,0.04310000017285347,1.0092807093699487,0.04285000078380108,1.015169147085456,0.04292500056326389,1.0133954147348494,0.04612999990582466,0.9429871848495252,0.044355000145733355,0.9807236750169837,0.05108500026166439,0.8515219443180873,0.04922329145752497,0.7813955274519669,0.04583195438117968,0.7275597203559518,0.043689929983629576,0.6935561372070488,0.034671874993020574,0.5503989523191107,59.99998807907389,56.756750225933814,47.16980575072327,-0.0007234399298722063,-0.0009391812872453021,0.00021574135737309572,0.04625098176862415,0.03944901979897801,0.19112072881383538,0.045973296343223974,0.03987670478330381,0.18862939378084154,0.052405347033779,0.03985465277787033,-0.4191005061387804,287175.4,216097.8,0.1775918132263418,0.23600425362960661,-0.033333399560713795,0.06097554992097831,-0.033333399560713795,-0.11224490028652045,-0.03333339956071379,0.060975549920978415,-0.03333339956071379,-0.11224490028652044,62.49993015081835,37.49994567285875,49.99996274708924,29.99996771414403,-37.50006984918165,-50.00003725291076,0.0016071431870971406,0.0016904764232181368,38.730063398766184,25.909277279507048,51.80909935753013,82.0470352298934,0.041456631683879815,-0.1724138049157048,SELL,0,2
0.04349999874830246,0.04349999874830246,0.04349999874830246,0.04349999874830246,0,0.0,0.0,FSG,2023-12-11 00:00:00+11:00,Telecommunication Services,0.0,0.0,0.0,0.0,0.0431999996304512,1.00694442408374,0.0431000005453825,1.009280700646367,0.04285000041127205,1.0151691559111262,0.04601999990642071,0.9452411742015963,0.04436000011861324,0.980613134174679,0.05091750025749207,0.8543231409303487,0.0442574134176168,0.7025646574439235,0.04583195438117968,0.7275597203559518,0.043689929983629576,0.6935561372070488,0.034671874993020574,0.5503989523191107,41.1764551199061,54.28571185287191,47.16980575072327,-0.0006388511040393979,-0.0008791152506041212,0.00024026414656472326,0.046255243875962235,0.03994475721480277,0.12677253733279045,0.0457537185864351,0.039946282236109,0.22385035248605376,0.052282813952286136,0.03975718586055528,-0.40237521658205694,34567.4,216071.95,0.0,0.0,0.011627843511822444,0.06097554992097831,-0.033333399560713795,-0.11224490028652045,0.011627843511822382,0.060975549920978415,-0.03333339956071379,-0.11224490028652044,62.49993015081835,49.999937911838565,62.49993015081835,44.166621031859684,-37.50006984918165,-37.50006984918165,0.0015357147370065962,0.001642857456491107,33.51740661786206,33.12746938470406,51.92596243645231,36.87818290171724,0.04152749908596501,-0.19540227227299756,SELL,0,2
0.04349999874830246,0.04349999874830246,0.04349999874830246,0.04349999874830246,0,0.0,0.0,FSG,2023-12-12 00:00:00+11:00,Telecommunication Services,0.0,0.0,0.0,0.0,0.04289999902248383,1.0139860079135241,0.04335000030696392,1.0034601716326734,0.04292500037699938,1.0133954191322776,0.04590999990701675,0.9475059646352568,0.04436500009149313,0.9805026182484663,0.05078000023961067,0.8566364423600478,0.03717643524979677,0.5901576138171459,0.04583195438117968,0.7275597203559518,0.04085013581488311,0.6484758023363615,0.034671874993020574,0.5503989523191107,41.1764551199061,48.387093673015684,47.16980575072327,-0.0005652974529847671,-0.0008163516910802505,0.00025105423809548345,0.04614085945699097,0.040559141156936866,0.05374633160440445,0.04581372610855976,0.040036274645439004,0.19904913956386108,0.05215234902098981,0.0396676507930437,-0.38607279322453764,27028.4,171072.0,0.0,0.0,-0.033333399560713795,0.06097554992097831,0.03571426987546622,-0.11224490028652045,-0.03333339956071379,0.060975549920978415,0.035714269875466206,-0.11224490028652044,62.49993015081835,62.49993015081835,62.49993015081835,58.33327434957533,-37.50006984918165,-37.50006984918165,0.001392857570733343,0.001642857456491107,34.44745901337301,39.651321854978725,51.065177307778825,36.88293070891904,0.04159694914000849,-0.12643678456225949,SELL,0,2
0.041999999433755875,0.041999999433755875,0.04100000113248825,0.04100000113248825,97058,0.0,0.0,FSG,2023-12-13 00:00:00+11:00,Telecommunication Services,-0.05747121121266163,-0.059188814994009784,-0.000999998301267624,-0.023809483684514385,0.042699999362230304,0.9601873944933648,0.04335000030696392,0.9457901001652783,0.04277500044554472,0.9585038154396712,0.045749999955296515,0.8961748890174949,0.04435500010848045,0.9243602983251771,0.050635000243783,0.8097166176576104,0.03348050287748836,0.5314865062992998,0.050185360773624954,0.7966679043784062,0.0415006915479072,0.6588030544377759,0.035553104261131195,0.5643880332678237,38.88888658932688,41.66667011600968,48.0769261078549,-0.0007006578216196199,-0.0007932129171881244,9.255509556850452e-05,0.04614085945699097,0.040559141156936866,-0.8420343156525425,0.04573926112371294,0.0398107397673765,-0.5988000063993495,0.05207858619344236,0.03942141371715067,-0.7505623916724761,38440.0,173424.9,2.5249219562955254,0.5596543518260643,-0.02380948368451441,0.0,-0.06818178739429492,-0.16326526112727135,-0.023809483684514385,0.0,-0.06818178739429488,-0.16326526112727135,0.0,41.66662010054559,0.0,41.666620100545586,-100.0,-100.0,0.0015714288290057863,0.001619047707035428,-71.74604327951072,-93.82457202887828,49.43864591469324,45.36511978478693,0.04500000178813934,-0.17073168515591797,SELL,0,2
0.041999999433755875,0.041999999433755875,0.04100000113248825,0.04100000113248825,209064,0.0,0.0,FSG,2023-12-14 00:00:00+11:00,Telecommunication Services,0.0,0.0,-0.000999998301267624,-0.023809483684514385,0.04249999970197678,0.9647059157645416,0.04295000024139881,0.9545983912002173,0.04262500051409006,0.9618768478122446,0.04559000000357628,0.8993200510917314,0.04434500012546778,0.9245687454388243,0.05049000024795532,0.8120420069546072,0.03348050287748836,0.5314865062992998,0.037142065742796174,0.5896120148079012,0.0415006915479072,0.6588030544377759,0.035553104261131195,0.5643880332678237,21.428563825937402,50.0,43.75000194025565,-0.0007987246879674892,-0.0007943152713439975,-4.4094166234917055e-06,0.04583482675241877,0.04006517373037886,-0.675950217963409,0.045631572128578254,0.03961842889960186,-0.5404825129630009,0.05198735145717484,0.03919264854997771,-0.7174842439688248,71424.4,170986.35,2.9270669407093375,1.2226940922477145,-0.02380948368451441,-0.08888889992678561,-0.06818178739429492,-0.16326526112727135,-0.023809483684514385,-0.08888889992678563,-0.06818178739429488,-0.16326526112727135,0.0,20.83331005027281,0.0,20.833310050272804,-100.0,-100.0,0.0014285716627325331,0.0015714285629136221,-74.43366472992516,-84.13462442574789,51.10216979924652,44.53457675872487,0.04492000177502632,-0.17073168515591797,SELL,0,2
0.03999999910593033,0.03999999910593033,0.03999999910593033,0.03999999910593033,5789,0.0,0.0,FSG,2023-12-15 00:00:00+11:00,Telecommunication Services,-0.02439029265698056,-0.024692662563777824,0.0,0.0,0.04179999977350235,0.9569377828391026,0.04244999997317791,0.9422850207586427,0.042475000396370886,0.941730399827094,0.045410000011324884,0.8808632260725535,0.0443350001052022,0.9022216986808305,0.05034000024199486,0.7945967205729442,0.025286188576887643,0.40140579947476174,0.03731240966320826,0.5923161407124741,0.04154455222398016,0.6594993210851212,0.035679196355730414,0.5663896832154283,29.99999254941784,46.87499417923486,41.99999821186055,-0.0009462276687008733,-0.0008246977508153728,-0.00012152991788550057,0.04548498133299307,0.039415018613362746,-0.8072540081092254,0.045694595079060804,0.03925540571368097,-0.7687307050627671,0.05192118230965082,0.03889881771299895,-0.830878426915723,62382.2,170275.8,0.09279890738063101,0.03399778477035492,-0.08045976420881429,-0.11111116630059481,-0.06976749424421014,-0.18367346628463943,-0.08045976420881426,-0.11111116630059482,-0.0697674942442101,-0.1836734662846394,0.0,0.0,0.0,0.0,-100.0,-100.0,0.0015000003789152419,0.0015238095961865924,-134.63888065585672,-142.02269594918545,51.00524008506331,48.17688506969482,0.04484160176217556,-0.19999994412064426,SELL,0,2
0.03999999910593033,0.04100000113248825,0.039000000804662704,0.039000000804662704,3547483,0.0,0.0,FSG,2023-12-18 00:00:00+11:00,Telecommunication Services,-0.024999958090483165,-0.02531776500017097,-0.000999998301267624,-0.024999958090483207,0.040900000184774396,0.9535452476399011,0.0420499999076128,0.9274673220059171,0.04237500037997961,0.9203539930370962,0.045210000053048136,0.8626410254125461,0.04430500011891127,0.8802618372641836,0.05016000023111701,0.777511974181947,0.023658772095242128,0.3755713637349913,0.03585852773060176,0.5692364805365135,0.04062133246801667,0.6448436618066744,0.03580528545421228,0.5683912856011444,25.000000000000014,44.117646414309675,41.99999821186055,-0.0011307814050608989,-0.0008859144816644781,-0.0002448669233964208,0.04574534194710235,0.038354657868123254,-0.8253631383392607,0.045897484592851534,0.03885251616710769,-0.9581305043139523,0.051883400267920446,0.038536599838175825,-0.9305599916734878,771878.8,342599.95,4.595906766710007,10.354592871364984,-0.10344823156610694,-0.09302326790251003,-0.04878049445322463,-0.20408159541567283,-0.10344823156610695,-0.09302326790251002,-0.04878049445322462,-0.20408159541567283,0.0,0.0,0.0,0.0,-100.0,-100.0,0.001642857545188495,0.0015714287403083983,-135.50197955646834,-139.03280590579152,23.69408577064148,23.553438431347857,0.04464793765592575,-0.1794871574440421,SELL,0,2
0.039000000804662704,0.039000000804662704,0.039000000804662704,0.039000000804662704,50000,0.0,0.0,FSG,2023-12-19 00:00:00+11:00,Telecommunication Services,0.0,0.0,0.0,0.0,0.04000000059604645,0.9750000055879353,0.041449999809265135,0.9408926654794629,0.04222500044852495,0.9236234550715107,0.044990000054240226,0.866859318907403,0.04427500013262033,0.880858287698317,0.049980000220239164,0.7803121375111527,0.023658772095242128,0.3755713637349913,0.03044761841286908,0.4833409580078564,0.040159768973049154,0.6375165684749752,0.03563826470899888,0.5657399134674044,0.0,44.117646414309675,45.6521728567229,-0.0012624883904704745,-0.0009612292634256774,-0.0003012591270447971,0.04496030058951233,0.03793969902901794,-0.6979456057978887,0.04605665525736938,0.038393345639680526,-0.8416728032019305,0.0517436524103496,0.03823634769813085,-0.8869273888755836,781878.8,344766.65,0.06394853013024525,0.14502562820388804,-0.10344823156610694,-0.13333334989017842,-0.07142853975093244,-0.21999999552965166,-0.10344823156610695,-0.13333334989017845,-0.07142853975093241,-0.21999999552965172,0.0,0.0,0.0,0.0,-100.0,-100.0,0.001642857545188495,0.0013809525186107272,-143.62848553608973,-147.80587937644182,23.519566594071563,23.75533788670819,0.044309061444849966,-0.07692313570477671,SELL,0,2
0.039000000804662704,0.039000000804662704,0.039000000804662704,0.039000000804662704,0,0.0,0.0,FSG,2023-12-20 00:00:00+11:00,Telecommunication Services,0.0,0.0,0.0,0.0,0.039600000530481336,0.9848484919752263,0.04114999994635582,0.9477521471568431,0.04197500050067902,0.9291244869438849,0.04479000009596348,0.8707300897768345,0.04423500012606382,0.8816548139147266,0.04982500022277236,0.7827396012100343,0.01352779459704783,0.2147470817457107,0.024249034751130875,0.384941492909132,0.03837668285767653,0.6092109539100461,0.03557091441445626,0.564670760686884,0.0,26.923073616606317,43.18182126057051,-0.0013512902919683503,-0.0010392414691342122,-0.00031204882283413816,0.04495204456504996,0.03734795532766168,-0.5654849843481213,0.045968086601488434,0.0379819143998696,-0.7450377028968311,0.05165038504000337,0.037929615151923585,-0.8439758611987159,762467.2,342266.65,0.0,0.0,-0.04878049445322463,-0.07142853975093244,-0.11363634054572114,-0.20408159541567283,-0.04878049445322462,-0.07142853975093241,-0.11363634054572117,-0.20408159541567283,0.0,0.0,0.0,0.0,-100.0,-100.0,0.0013571432126419885,0.0013333335518836975,-118.88110265542555,-129.28672703739988,9.534653391681303,23.77987692517152,0.04399051780643873,-0.07692313570477671,SELL,0,2
0.039000000804662704,0.03999999910593033,0.039000000804662704,0.03999999910593033,536870,0.0,0.0,FSG,2023-12-21 00:00:00+11:00,Telecommunication Services,0.02564098155475092,0.0253177650001711,0.000999998301267624,0.02564098155475083,0.039400000125169754,1.015228400478539,0.040949999913573266,0.976800957029354,0.041775000467896464,0.9575104406442748,0.044610000103712084,0.8966599195905819,0.04420500010251999,0.9048749918145584,0.049710000213235614,0.8046670475627974,0.021003206053318537,0.3334155597127636,0.026349598113778926,0.41828690253333395,0.0389871434029205,0.6189017146376407,0.03581266426212409,0.5685084205453849,18.181799709291695,32.14284573890609,40.47618794197912,-0.0013256931674912875,-0.0010965318088056273,-0.00022916135868566024,0.044763716389604205,0.03713628343754233,-0.24910105762021306,0.04574163783820103,0.0378083630975919,-0.4474826398940137,0.05149177028760058,0.03772822991982359,-0.6698859268178736,828028.4,369110.15,0.6483714809781886,1.454498067853187,-0.02439029265698056,-0.04761905606641803,-0.09090910630285254,-0.18367346628463943,-0.024390292656980547,-0.047619056066418024,-0.09090910630285255,-0.1836734662846394,16.666635622585936,5.555545207528674,16.666635622585936,5.555545207528664,-83.33336437741407,-83.33336437741407,0.0014285716627325331,0.0012857144077618916,-80.09595277424577,-92.2683254685511,11.807524372109015,28.80070283739113,0.04369108678633217,-0.10000001862645191,SELL,0,2
0.03999999910593033,0.03999999910593033,0.03999999910593033,0.03999999910593033,375985,0.0,0.0,FSG,2023-12-22 00:00:00+11:00,Telecommunication Services,0.0,0.0,0.0,0.0,0.039400000125169754,1.015228400478539,0.04059999994933605,0.9852216540848657,0.041725000366568565,0.9586578491196284,0.044430000111460685,0.9002925727117511,0.044165000095963476,0.9056945322997109,0.04957500020042062,0.8068582742152152,0.01790513653536819,0.28423523077944535,0.022411821508680475,0.35577663683962174,0.03594525348421122,0.5706132091944054,0.03581266426212409,0.5685084205453849,33.3332919412,37.499988358466105,40.47618794197912,-0.00129053082589254,-0.0011353316122230098,-0.00015519921366953016,0.04399280166189884,0.037207198236773265,-0.1768452430285138,0.045757434992084955,0.037692565741052175,-0.42778158131139854,0.051313905280342464,0.037546094942578906,-0.6435302196718036,902067.6,382909.4,0.416803574366267,0.9819163488804401,0.0,-0.08045976420881429,-0.02439029265698056,-0.18367346628463943,0.0,-0.08045976420881426,-0.024390292656980547,-0.1836734662846394,16.666635622585936,11.111090415057319,16.666635622585936,11.11109041505731,-83.33336437741407,-83.33336437741407,0.001214285780276571,0.0012857144077618916,-58.33337661838724,-72.33339370787827,22.097363940238935,32.30940595199283,0.043409621627432005,-0.14999993480741836,SELL,0,2
0.039000000804662704,0.039000000804662704,0.03799999877810478,0.03799999877810478,1163734,0.0,0.0,FSG,2023-12-27 00:00:00+11:00,Telecommunication Services,-0.0500000093132259,-0.05129330419094627,-0.0010000020265579224,-0.02564107707501292,0.03919999971985817,0.9693877308589498,0.040049999952316284,0.9488139531422661,0.04157500024884939,0.9140107889513831,0.044210000112652775,0.8595340122432908,0.044125000089406965,0.8611897722630802,0.049450000189244746,0.7684529551603457,0.027562603377339852,0.4375427641317014,0.02573023205164674,0.4084547711078431,0.03760000057114299,0.5968815048427856,0.03640856139940603,0.5779679943387249,19.999970197671402,20.833316517784382,42.49999394640314,-0.0014078192644563225,-0.0011898291426696724,-0.00021799012178665015,0.04312137285387116,0.03697862705076141,-0.6674543404266197,0.04593118218481545,0.03721881831288334,-0.8206731314934838,0.05120005060435835,0.0372199496209472,-0.8884057907617131,425317.8,438255.2,2.7361516494254414,2.6553797878496366,-0.025641077075012952,-0.12643678456225949,-0.0731707871102052,-0.2244898005730409,-0.02564107707501292,-0.12643678456225954,-0.07317078711020517,-0.22448980057304088,0.0,11.111090415057319,0.0,11.11109041505731,-100.0,-100.0,0.001214285780276571,0.0012380954410348619,-110.12348409870215,-128.2085965614667,17.31287915142738,28.523241905220246,0.04314504437806585,-0.052631589266732504,SELL,0,2
0.03799999877810478,0.03799999877810478,0.03799999877810478,0.03799999877810478,1093770,0.0,0.0,FSG,2023-12-28 00:00:00+11:00,Telecommunication Services,0.0,0.0,0.0,0.0,0.038999999314546584,0.9743589601533964,0.039499999955296516,0.9620252866103965,0.04142500013113022,0.9173204262598998,0.04397000007331371,0.8642255791390766,0.044085000082850455,0.8619711626786907,0.04929000018164516,0.7709474262135507,0.027562603377339852,0.4375427641317014,0.02573023205164674,0.4084547711078431,0.03760000057114299,0.5968815048427856,0.03623862818480354,0.5752703881867572,24.999976716917757,27.777763980399996,42.49999394640314,-0.0014836683913714704,-0.001248596992410032,-0.00023507139896143843,0.04166024778373968,0.03733975212685335,-0.694365321164445,0.046062093954615364,0.03678790630764508,-0.7386094574319568,0.0509726519342436,0.03696734821238382,-0.852534356094088,634071.8,492943.7,1.7249939202468867,2.218853796082595,-0.025641077075012952,-0.12643678456225949,-0.0731707871102052,-0.24000003576278628,-0.02564107707501292,-0.12643678456225954,-0.07317078711020517,-0.24000003576278633,0.0,5.555545207528674,0.0,5.555545207528664,-100.0,-100.0,0.000999999897820609,0.0012380954410348619,-105.51133236599429,-126.5586550476876,14.788544193962963,25.461906990353782,0.04273344073006896,-0.07894733488311956,SELL,0,2
0.03799999877810478,0.03849999979138374,0.03799999877810478,0.03799999877810478,172927,0.0,0.0,FSG,2023-12-29 00:00:00+11:00,Telecommunication Services,0.0,0.0,0.0,0.0,0.038799998909235,0.9793814393396849,0.03919999971985817,0.9693877308589498,0.04127500001341104,0.9206541190977069,0.04375000007450581,0.8685713991632267,0.04405500005930662,0.8625581370321047,0.04914000015705824,0.7733007459636045,0.027562603377339852,0.4375427641317014,0.02063828572450892,0.32762262908247064,0.03760000057114299,0.5968815048427856,0.03617798469610056,0.5743077026482966,33.3332919412,27.777763980399996,42.49999394640314,-0.0015261864436112993,-0.0013041148826502856,-0.00022207156096101365,0.04126559165740493,0.03713440778231141,-0.5809477273515079,0.04615756933854762,0.03639243068827446,-0.6707536580066172,0.05079866420856759,0.03670133594044403,-0.8157575942106353,668657.2,498188.6,0.25861831742782404,0.347111515598711,-0.025641077075012952,-0.0731707871102052,-0.0731707871102052,-0.2244898005730409,-0.02564107707501292,-0.07317078711020517,-0.07317078711020517,-0.22448980057304088,0.0,0.0,0.0,0.0,-100.0,-100.0,0.0008214283734560013,0.001261905013095765,-89.81871795584398,-108.42764722027708,16.22853700630293,26.710981382938712,0.04235476537391183,-0.052631589266732504,SELL,0,2
0.039000000804662704,0.039000000804662704,0.039000000804662704,0.039000000804662704,98883,0.0,0.0,FSG,2024-01-02 00:00:00+11:00,Telecommunication Services,0.02631584365034545,0.025975539190775342,0.0,0.0,0.03859999924898148,1.0103627348047626,0.03899999968707561,1.0000000286560795,0.040974999964237216,0.951799898442995,0.04355000011622906,0.8955224041464289,0.04402500007301569,0.8858603234521522,0.04899500014260411,0.7959996059016203,0.027750390167179687,0.4405237870042175,0.02320171377684156,0.3683157878641436,0.03020667691614756,0.4795161303228115,0.0364341185117274,0.5783737009193126,50.0,23.529419498873864,45.238094815726754,-0.0014623336283631078,-0.0013357586317928503,-0.00012657499657025748,0.040632993116675335,0.03736700625747589,6.843794176122757e-07,0.04562569380852416,0.03632430611995027,-0.4246676357766832,0.05055801254255553,0.03654198768990259,-0.649256741394139,581059.8,456624.9,0.17017697662099493,0.2165519225955483,-0.024999958090483165,-0.04878049445322463,-0.13333334989017842,-0.20408159541567283,-0.024999958090483207,-0.04878049445322462,-0.13333334989017845,-0.20408159541567283,18.181855126846134,6.060618375615406,14.285737093604265,4.761912364534774,-81.81814487315387,-85.71426290639573,0.0007857142814568111,0.0013095241572175706,-50.74995375672714,-72.72724143709914,16.71880028786714,27.421632500959205,0.042006384046247264,-0.07692313570477671,SELL,0,2
0.039500001817941666,0.039500001817941666,0.039000000804662704,0.039000000804662704,30002,0.0,0.0,FSG,2024-01-03 00:00:00+11:00,Telecommunication Services,0.0,0.0,-0.0005000010132789612,-0.012658252918151792,0.03839999958872795,1.0156250318323148,0.03889999985694885,1.0025707184596813,0.04067499991506338,0.9588199357369791,0.04335000015795231,0.8996539945227284,0.044005000069737434,0.8862629415488468,0.0488450001552701,0.7984440716693256,0.027750390167179687,0.4405237870042175,0.022165748747236598,0.3518703528523772,0.03020667691614756,0.4795161303228115,0.0364341185117274,0.5783737009193126,50.0,23.529419498873864,32.352939242929025,-0.0013956417232158028,-0.0013477352500774408,-4.790647313836194e-05,0.040375729954154796,0.037424269759742904,0.06776371092735047,0.04499478327381101,0.03635521655631575,-0.3877507206487053,0.050293650479237055,0.036406349836667566,-0.6264715462348847,511863.2,440872.1,0.05861331699563477,0.06805148250478994,-0.024999958090483165,-0.024999958090483165,-0.13333334989017842,-0.20408159541567283,-0.024999958090483207,-0.024999958090483207,-0.13333334989017845,-0.20408159541567283,18.181855126846134,12.121236751230784,14.285737093604265,9.52382472906953,-81.81814487315387,-85.71426290639573,0.0008214286395481654,0.0011428575075808026,-34.64975118468381,-61.10053021892004,17.06700146551357,19.361733428869755,0.04168587322479587,-0.1794871574440421,SELL,0,2
0.039000000804662704,0.039000000804662704,0.03799999877810478,0.03799999877810478,95456,0.0,0.0,FSG,2024-01-04 00:00:00+11:00,Telecommunication Services,-0.025641077075012952,-0.025975539190775346,-0.0010000020265579224,-0.02564107707501292,0.03839999958872795,0.9895833121117901,0.03879999965429306,0.979381420533086,0.04042499978095293,0.940012343451125,0.0431300001591444,0.8810572371409565,0.0439750000461936,0.8641273163885761,0.04870000014081597,0.7802874469861981,0.018370474943574595,0.29162224900105016,0.022239491661433783,0.3530409853238908,0.029247105830127747,0.4642834115694319,0.03655843155963604,0.580347109376233,25.00002328303887,21.05263364281997,30.555550381542105,-0.0014072577230313382,-0.0013596397446682205,-4.761797836311775e-05,0.04037762160824979,0.037222377700336325,-0.5070928901450973,0.044756949793352055,0.036093049768553806,-0.5597943180108701,0.05003994542260229,0.03622005489568651,-0.7424083962240323,298207.6,382492.9,0.3200991524025545,0.2495628023422134,0.0,-0.025641077075012952,-0.11627912819546515,-0.2244898005730409,0.0,-0.02564107707501292,-0.11627912819546511,-0.22448980057304088,0.0,12.121236751230784,0.0,9.52382472906953,-100.0,-100.0,0.0008928573557308742,0.0011904766517026083,-81.57186357804771,-82.93174360086788,16.847652475928285,15.539142644360808,0.04139100326906058,-0.13157892414985195,SELL,0,2
0.03799999877810478,0.03799999877810478,0.03799999877810478,0.03799999877810478,0,0.0,0.0,FSG,2024-01-05 00:00:00+11:00,Telecommunication Services,0.0,0.0,0.0,0.0,0.03839999958872795,0.9895833121117901,0.03869999945163727,0.9819121270426047,0.040074999630451205,0.9482220618470144,0.0429100001603365,0.8855744263834743,0.04394500002264976,0.8647172319608406,0.04854500014334917,0.782778837488806,0.018370474943574595,0.29162224900105016,0.022239491661433783,0.3530409853238908,0.026602483982074262,0.4223013412388865,0.03655843155963604,0.580347109376233,25.00002328303887,28.571420968798577,34.374994179234875,-0.0014003214525388774,-0.001367776086242352,-3.254536629652537e-05,0.040346545378797165,0.03705345352447737,-0.4251327958643139,0.04395850025456722,0.03619149900633519,-0.5343119657200379,0.04975728467809651,0.03606271564257649,-0.7170727854956949,79453.6,380608.15,0.0,0.0,0.0,-0.025641077075012952,-0.15555561626398762,-0.2244898005730409,0.0,-0.02564107707501292,-0.15555561626398764,-0.22448980057304088,0.0,6.060618375615406,0.0,4.761912364534774,-100.0,-100.0,0.0007142860974584307,0.001047619396731967,-102.01558259126132,-87.81977000212034,17.08843933214726,18.404967705395677,0.04111972290978412,-0.157894669766239,SELL,0,2
0.039000000804662704,0.039000000804662704,0.039000000804662704,0.039000000804662704,20528,0.0,0.0,FSG,2024-01-08 00:00:00+11:00,Telecommunication Services,0.02631584365034545,0.025975539190775342,0.0,0.0,0.038599999994039534,1.0103627153027186,0.03869999945163727,1.0077519730562359,0.039924999698996544,0.9768315866923579,0.04271000020205975,0.9131351116870722,0.04393500003963709,0.8876749919079971,0.04839500015601516,0.8058683888611431,0.021776211100388767,0.3456866344132372,0.0240353453420657,0.38154927870396316,0.023801356647959605,0.37783482333873025,0.036811721470253154,0.5843679620548009,66.66666666666666,37.50000582076243,30.00000248352616,-0.0012991567319143651,-0.0013540522153767547,5.48954834623896e-05,0.040346545378797165,0.03705345352447737,0.18220041608125948,0.04372631497987844,0.03612368441811465,-0.2433365364314748,0.049413913179918174,0.03600608722420132,-0.5534080483518161,48973.8,379634.55,0.419162899346181,0.054073055258010636,0.02631584365034545,0.0,-0.07142853975093244,-0.20408159541567283,0.02631584365034542,0.0,-0.07142853975093241,-0.20408159541567283,33.333374725415275,11.111124908471787,14.285737093604265,4.761912364534774,-66.66662527458472,-85.71426290639573,0.0007142863635505949,0.0010000004300049373,5.656666229040222,-48.039178662528684,17.324243262942986,18.1540864861435,0.040870144979249776,-0.1794871574440421,SELL,0,2
0.03799999877810478,0.03849999979138374,0.03799999877810478,0.03799999877810478,50000,0.0,0.0,FSG,2024-01-09 00:00:00+11:00,Telecommunication Services,-0.025641077075012952,-0.025975539190775346,0.0,0.0,0.03839999958872795,0.9895833121117901,0.038499999418854715,0.9870129701740965,0.03972499966621399,0.9565764404630992,0.04249000020325184,0.8943280441593543,0.04390500001609325,0.8655050396122536,0.04824000015854835,0.7877279986155018,0.021695563844768517,0.344406398919491,0.023483542628427844,0.372789682185625,0.02429262090318158,0.38563340162272647,0.03693495482396481,0.586324230897698,50.0,37.50000582076243,34.61538681969773,-0.0012848636596756863,-0.0013402145042365411,5.535084456085486e-05,0.03991421409118231,0.03708578474652712,-0.35355356618313366,0.04348734759609656,0.035962651736331425,-0.45849052779205623,0.04907225857745324,0.03590774182905044,-0.6821369156132242,39197.2,379927.45,1.275601318461523,0.1316040733566369,-0.025641077075012952,-0.0500000093132259,-0.09523811213283606,-0.2244898005730409,-0.02564107707501292,-0.05000000931322596,-0.09523811213283605,-0.22448980057304088,0.0,11.111124908471787,0.0,4.761912364534774,-100.0,-100.0,0.0007142863635505949,0.0009047623191561018,-77.77777777777709,-78.08089774131355,17.2216605762775,18.139867996203748,0.04064053328315818,-0.18421051341658445,SELL,0,2
0.03700000047683716,0.03799999877810478,0.03700000047683716,0.03799999877810478,184321,0.0,0.0,FSG,2024-01-10 00:00:00+11:00,Telecommunication Services,0.0,0.0,0.000999998301267624,0.027026980767031222,0.038199999183416364,0.9947643871835891,0.03829999938607216,0.992167085828297,0.03944999966770411,0.9632445905750825,0.042250000163912775,0.8994082516137344,0.04387499999254942,0.8660968383944776,0.048085000161081554,0.7902672070460084,0.021695563844768517,0.344406398919491,0.023483542628427844,0.372789682185625,0.02240411019419877,0.35565422351722176,0.03676766786673472,0.5836686327792049,50.0,42.85713525451691,34.61538681969773,-0.0012590230627972307,-0.0013239762159486792,6.495315315144853e-05,0.03926609312711942,0.0373339056450249,-0.31052950166323967,0.04283572836177102,0.036064270973637194,-0.4282684823920711,0.04858503419857401,0.03591496612925154,-0.6708726997447396,70061.0,386593.5,2.630864532336107,0.47678246012930897,-0.025641077075012952,-0.0500000093132259,-0.12643678456225949,-0.24000003576278628,-0.02564107707501292,-0.05000000931322596,-0.12643678456225954,-0.24000003576278633,33.33329194119999,22.22222222220512,15.384593341471662,9.890110145025327,-66.66670805880001,-84.61540665852834,0.0006428576473678861,0.0008095240309124901,-115.64618154622009,-95.9409944706788,32.6420147667134,17.191319331427735,0.0404292905227539,-0.18421051341658445,SELL,0,2
0.03700000047683716,0.03700000047683716,0.03700000047683716,0.03700000047683716,29729,0.0,0.0,FSG,2024-01-11 00:00:00+11:00,Telecommunication Services,-0.026315745616387054,-0.026668202039532827,0.0,0.0,0.03799999952316284,0.973684235292789,0.0381999995559454,0.9685864111765029,0.03912499975413084,0.9456869190888794,0.042010000199079515,0.8807426874910577,0.043794999979436394,0.844845313259738,0.04792500017210841,0.7720396524561844,0.021857578586761836,0.3469783032157347,0.01923585833237972,0.30535978441407824,0.022772405227034893,0.36150072591313026,0.0368317404180732,0.5846857529994471,25.00002328303887,37.50000582076243,24.000013113018724,-0.0013042016840015755,-0.0013200213095592587,1.581962555768316e-05,0.03946491161280628,0.036935087499084515,-0.94868182542766,0.04209635453489753,0.03615364497336415,-0.7151617474455118,0.04820904591741218,0.03581095448074685,-0.8081888648483593,56915.6,388079.95,0.5223348256014169,0.07660534897512741,-0.026315745616387054,-0.026315745616387054,-0.14942525191955225,-0.2448979297040743,-0.026315745616387044,-0.026315745616387044,-0.14942525191955222,-0.24489792970407434,0.0,11.111097313733358,0.0,5.128197780490573,-100.0,-100.0,0.0007142860974584307,0.0007857144588515872,-155.15444452381467,-124.27238688351281,32.82879679132775,16.50553953320052,0.04008636151816223,-0.16216218665274817,SELL,0,2
0.03750000149011612,0.03750000149011612,0.0364999994635582,0.0364999994635582,218538,0.0,0.0,FSG,2024-01-12 00:00:00+11:00,Telecommunication Services,-0.013513540725275774,-0.013605679640305133,-0.0010000020265579224,-0.02666671964857103,0.03769999966025352,0.9681697557689777,0.03804999962449074,0.9592641215182854,0.03877499978989363,0.9413281666366794,0.04176000021398067,0.8740421282693983,0.04372999995946884,0.8346672649757197,0.04776250017806888,0.7641978398843935,0.021900384855350907,0.3476578316631826,0.019513647733796963,0.3097695544520754,0.02272893798243367,0.36081070479677796,0.0368444211363787,0.5848870531619392,22.22224061869548,35.29412022511255,23.076934098488636,-0.0013646214631098386,-0.0013289413402693747,-3.5680122840463886e-05,0.03971333040066758,0.036386668848313895,-0.9318652568283539,0.04116962182071313,0.03638037775907412,-0.9500456844777562,0.0478149869255501,0.035705013502411245,-0.8687055811983951,100623.2,399006.85,2.171845061576257,0.5477048827607847,-0.03947366744155978,-0.03947366744155978,-0.16091952841762847,-0.2551020322827584,-0.03947366744155975,-0.03947366744155975,-0.16091952841762852,-0.25510203228275835,0.0,11.111097313733358,0.0,5.128197780490573,-100.0,-100.0,0.0007857148136411395,0.000833333602973393,-146.53771722838837,-134.1822829977833,31.141347328183656,16.067791381931613,0.03977772541402972,-0.12328761670620236,SELL,0,2
0.035999998450279236,0.035999998450279236,0.035999998450279236,0.035999998450279236,260895,0.0,0.0,FSG,2024-01-15 00:00:00+11:00,Telecommunication Services,-0.01369865809938342,-0.013793350483099966,0.0,0.0,0.03709999918937683,0.9703503837430658,0.037849999591708185,0.9511228226846737,0.038524999655783175,0.9344581121852158,0.04150000020861626,0.8674698378147211,0.0436599999293685,0.824553332764972,0.047627500165253876,0.7558657986534981,0.010801684174338832,0.17147142039577565,0.019693500746065296,0.3126246325101225,0.019664582641947086,0.312165571838817,0.03685590908786965,0.5850694187382509,25.00002328303887,25.00002328303887,22.222231420466457,-0.0014362937758566827,-0.0013504118273868365,-8.588194846984617e-05,0.03996081938592173,0.03573917979749464,-0.876437271670664,0.04098467527855674,0.03606532403300961,-1.0265586169678391,0.04740053720790454,0.035599463209327976,-0.9321188493522584,148696.6,407198.7,1.7545458335967332,0.6407068588382036,-0.07692313570477671,-0.052631589266732504,-0.12195128156342983,-0.2653061348614424,-0.07692313570477667,-0.05263158926673246,-0.12195128156342978,-0.2653061348614424,0.0,0.0,0.0,0.0,-100.0,-100.0,0.0007500007216419492,0.000857143175034296,-189.6499622101467,-175.38015987912627,18.985634561258323,15.585493448174802,0.03938439829997314,-0.08333329883990315,SELL,0,2
0.035999998450279236,0.035999998450279236,0.03500000014901161,0.03500000014901161,226284,0.0,0.0,FSG,2024-01-16 00:00:00+11:00,Telecommunication Services,-0.02777773178653753,-0.028170829661421756,-0.000999998301267624,-0.027777731786537547,0.0364999994635582,0.9589041277645992,0.03744999952614307,0.9345794550565705,0.03822499960660934,0.9156311447799176,0.04122000023722649,0.8491023762149936,0.043579999916255475,0.8031207025302564,0.04749250017106533,0.7369584676094871,0.011316661056201858,0.17964642495791797,0.01736045840752835,0.27558873355440255,0.02017090675105569,0.32020321789180317,0.036980886231651695,0.5870533693903377,20.0000298023064,22.222249816943517,25.00000776101777,-0.0015558512212625261,-0.0013914997061619746,-0.00016435151510055149,0.04005128160040766,0.03484871745187848,-0.9418430247800401,0.040870253884585775,0.03557974532863291,-1.2191642536780198,0.0469952475644319,0.035444752910021075,-1.0770101669783676,183953.4,408059.7,1.2301158880455594,0.5545365053201774,-0.07894733488311956,-0.10256411725952752,-0.1463414833596739,-0.2857142639924758,-0.0789473348831195,-0.1025641172595275,-0.14634148335967387,-0.28571426399247585,0.0,0.0,0.0,0.0,-100.0,-100.0,0.0008214291717324938,0.0007857146362463633,-187.76041202445376,-194.91158184400635,9.0315502903524,15.389565177331704,0.03891058232101599,-0.057142866266017056,SELL,0,2
0.03500000014901161,0.03500000014901161,0.03500000014901161,0.03500000014901161,399,0.0,0.0,FSG,2024-01-17 00:00:00+11:00,Telecommunication Services,0.0,0.0,0.0,0.0,0.035899999737739566,0.9749303733898962,0.037049999460577965,0.9446693834976273,0.03797499965876341,0.9216589983809187,0.041060000211000446,0.8524111049476982,0.043499999903142454,0.8045977063665051,0.04735750017687678,0.7390592834986894,0.011316661056201858,0.17964642495791797,0.01736045840752835,0.27558873355440255,0.019842412617109798,0.31498853517841696,0.03294839689171813,0.5230395856424384,0.0,28.571458981932352,25.00000776101777,-0.0016317910862242227,-0.0014395579821744244,-0.00019223310404979828,0.039816866636225155,0.034283132284930774,-0.7409099105333249,0.04084911305898852,0.03510088625853829,-1.035101645439174,0.04707236941382673,0.03504763100817416,-1.0079221447578697,147169.0,407790.2,0.0027111687923407784,0.0009784443078818472,-0.07894733488311956,-0.10256411725952752,-0.12499997671693508,-0.18604653580502006,-0.0789473348831195,-0.1025641172595275,-0.12499997671693511,-0.18604653580502004,0.0,0.0,0.0,0.0,-100.0,-100.0,0.0006785720054592405,0.0007380956695193337,-157.0230382930296,-193.33789202589193,13.359768761151273,15.388886997416463,0.03828488917349529,0.0,HOLD,0,1
0.03500000014901161,0.03500000014901161,0.03500000014901161,0.03500000014901161,0,0.0,0.0,FSG,2024-01-18 00:00:00+11:00,Telecommunication Services,0.0,0.0,0.0,0.0,0.03549999967217445,0.9859155062597156,0.03674999959766865,0.9523809668621587,0.037774999625980854,0.9265387292006575,0.040840000212192536,0.8570029374917234,0.04341999989002943,0.8060801528709512,0.04722250018268823,0.7411721110404614,0.01158763248184806,0.18394796298590485,0.016780425000146825,0.266380988666157,0.01939580110758396,0.3078987972572298,0.031210300872202928,0.49544816670810743,0.0,28.571458981932352,27.272739587732417,-0.0016726922216076107,-0.0014861848300610618,-0.0001865073915465489,0.03970334013369693,0.033796659061640366,-0.5925491582526663,0.040894969318785605,0.0346550299331761,-0.8894315490848903,0.046919206316441746,0.034760794107943326,-0.9606517632456835,141223.2,230416.05,0.0,0.0,-0.05405406221758269,-0.07894733488311956,-0.10256411725952752,-0.23913043302207448,-0.05405406221758272,-0.0789473348831195,-0.1025641172595275,-0.23913043302207454,0.0,0.0,0.0,0.0,-100.0,-100.0,0.0006785720054592405,0.0006904765253975278,-123.2704231878242,-162.11451206938196,24.143199639787355,15.40013993294788,0.0377593069295779,0.0,HOLD,0,1
0.03500000014901161,0.03500000014901161,0.03500000014901161,0.03500000014901161,93197,0.0,0.0,FSG,2024-01-19 00:00:00+11:00,Telecommunication Services,0.0,0.0,0.0,0.0,0.03519999980926514,0.9943181914392828,0.036449999734759334,0.9602194898134669,0.0375749995931983,0.9314704065984126,0.04064000017940998,0.8612204723056117,0.04334999989718199,0.8073817815922723,0.047047500181943175,0.7439290082078497,0.012401586928039653,0.1968690892448544,0.016780425000146825,0.266380988666157,0.01939580110758396,0.3078987972572298,0.03112328378362306,0.49406681325093615,0.0,28.571458981932352,30.000007450576604,-0.0016856752510777048,-0.0015260829142643905,-0.00015959233681331429,0.03944814706385641,0.03345185240566226,-0.48363186547753934,0.04087212739099416,0.03427787179540244,-0.7809826012531517,0.04681777559290697,0.03446222476591299,-0.9129499946010168,116155.0,232575.9,0.8023503077783996,0.40071649728110265,-0.04109587223540079,-0.07894733488311956,-0.10256411725952752,-0.22222224981696403,-0.041095872235400795,-0.0789473348831195,-0.1025641172595275,-0.2222222498169641,0.0,0.0,0.0,0.0,-100.0,-100.0,0.0006428576473678861,0.0005952384145486922,-102.6086814552266,-137.3340846969355,12.991026542522917,27.716353975148508,0.037317817844687295,-0.14285716566504258,SELL,0,2
0.03400000184774399,0.03400000184774399,0.03400000184774399,0.03400000184774399,88621,0.0,0.0,FSG,2024-01-22 00:00:00+11:00,Telecommunication Services,-0.028571379914575923,-0.028987486785316995,0.0,0.0,0.03480000048875809,0.9770115336270604,0.03594999983906746,0.9457580528497145,0.037324999645352366,0.9109176736985609,0.04042000018060207,0.8411677806983509,0.0432999999076128,0.7852194438865637,0.046862500179558994,0.7255268437976873,0.015434390622300231,0.24501335534660318,0.012787415723331686,0.20299393149079661,0.02003314311272938,0.31801628793149,0.031300027965318014,0.49687254015359095,0.0,14.285737093604268,27.272739587732417,-0.0017564091101530746,-0.0015721481534421275,-0.00018426095671094712,0.03871686584784118,0.03318313383029373,-0.7047677716015277,0.040912623887693435,0.0337373754030113,-0.9267965575566192,0.04674571769139507,0.03409428266980907,-1.014904368066424,81700.2,237006.95,1.0847097069529819,0.37391730495666897,-0.05555546357307506,-0.12820509881427833,-0.12820509881427833,-0.24444443340654776,-0.055555463573075094,-0.12820509881427833,-0.12820509881427833,-0.2444444334065477,0.0,0.0,0.0,0.0,-100.0,-100.0,0.000642857381275722,0.000642857381275722,-126.22942830470826,-156.11246262204259,4.485060191246475,27.549895327449022,0.036946967013379184,-0.14705889442593612,SELL,0,2
0.035999998450279236,0.035999998450279236,0.035999998450279236,0.035999998450279236,15000,0.0,0.0,FSG,2024-01-23 00:00:00+11:00,Telecommunication Services,0.05882342628954751,0.05715831644673874,0.0,0.0,0.03500000014901161,1.028571379914576,0.035749999806284904,1.0069929691006707,0.037124999612569806,0.969696938073242,0.04024000011384487,0.8946321657164501,0.04326999988406897,0.8319851755657993,0.04669250017032027,0.7710017308767364,0.03199016242804279,0.5078280851109805,0.025495668010600568,0.404731182393084,0.023856855477899803,0.3787158399511912,0.0325755437624266,0.5171207257084928,44.44442604792551,33.333319535961266,38.4615296442835,-0.0016322674290537367,-0.0015841720085644493,-4.809542048928744e-05,0.038118776891485094,0.033381222721084715,0.1055391178664679,0.04052585035398883,0.03372414887115078,-0.3307999226749825,0.046545942236676865,0.03393405799101287,-0.6723819503851471,39443.4,210913.45,0.38029175983814784,0.07111921975578134,0.028571379914575923,-0.052631589266732504,-0.10000001862645191,-0.20000006622738042,0.028571379914575902,-0.05263158926673246,-0.10000001862645191,-0.20000006622738045,39.99994039534279,13.333313465114292,33.33329194119999,11.111097313733348,-60.00005960465721,-66.66670805880001,0.0007499999233654567,0.0007380953147297813,-26.190543505460628,-58.77598736954266,3.0878578158213656,27.77023885349024,0.03641651328356485,-0.19444443294663438,SELL,0,2
0.035999998450279236,0.035999998450279236,0.035999998450279236,0.035999998450279236,0,0.0,0.0,FSG,2024-01-24 00:00:00+11:00,Telecommunication Services,0.0,0.0,0.0,0.0,0.03519999980926514,1.0227272342428686,0.03554999977350235,1.0126581907072836,0.03692499957978725,0.9749491905203876,0.04006000004708767,0.8986519822257565,0.04323999986052513,0.8325624090286949,0.04652750017121434,0.7737359264478975,0.03199016242804279,0.5078280851109805,0.025495668010600568,0.404731182393084,0.023856855477899803,0.3787158399511912,0.0325755437624266,0.5171207257084928,50.0,37.499994179232154,33.33333333333333,-0.0015164040899695932,-0.0015706184248454782,5.421433487588496e-05,0.037341955848889205,0.0337580436981155,0.25112148838789916,0.040075187131489325,0.03377481202808518,-0.2936336692106572,0.04632503157889641,0.03379496851527893,-0.6480416860146746,39363.6,192114.2,0.0,0.0,0.028571379914575923,-0.052631589266732504,-0.10000001862645191,-0.20000006622738042,0.028571379914575902,-0.05263158926673246,-0.10000001862645191,-0.20000006622738045,39.99994039534279,26.666626930228556,33.33329194119999,22.222194627466678,-60.00005960465721,-66.66670805880001,0.000678571207182748,0.0006904763480027517,-19.553140420607058,-52.418156965934706,3.372065979132117,17.92636487194511,0.03400000184774399,-0.16666664941995157,SELL,0,2
0.032999999821186066,0.03500000014901161,0.03200000151991844,0.03500000014901161,124383,0.0,0.0,FSG,2024-01-25 00:00:00+11:00,Telecommunication Services,-0.02777773178653753,-0.028170829661421756,0.0020000003278255463,0.06060607086856837,0.03519999980926514,0.9943181914392828,0.0353499997407198,0.9900990213783504,0.0367749996483326,0.951733527769008,0.03986000001430511,0.8780732598206391,0.0432099998742342,0.8099976915269989,0.04635750018060207,0.7550018877777427,0.03552075860441763,0.5638745618858807,0.025634620732965803,0.4069369884773269,0.02210300850560131,0.35087438239299884,0.032743512478971955,0.519787146420599,50.0,33.33333333333333,30.76923517785825,-0.0014881189555749352,-0.0015541185309913697,6.599957541643451e-05,0.0368444319573009,0.033855567524138694,-0.2342023865819082,0.039994593856013956,0.03355540544065124,-0.5513115581728177,0.046119817298393595,0.03360018273021663,-0.7763804668303809,64240.2,140146.65,1.9362175086628,0.8875203224622209,0.0,-0.05405406221758269,-0.07894733488311956,-0.22222224981696403,0.0,-0.05405406221758272,-0.0789473348831195,-0.2222222498169641,42.85712765187478,40.95233614752015,39.99998013178586,35.555521338061965,-57.14287234812522,-60.00001986821414,0.0009642852736370904,0.0008809523923056466,-116.33232527057474,-129.82994872887292,3.0478509659289443,8.91872085957732,0.035999998450279236,0.028571379914575923,HOLD,0,1
0.03500000014901161,0.03799999877810478,0.03500000014901161,0.03799999877810478,360936,0.0,0.0,FSG,2024-01-29 00:00:00+11:00,Telecommunication Services,0.08571424618059287,0.0822380618243596,0.00299999862909317,0.08571424618059292,0.03579999953508377,1.061452493619868,0.03549999967217445,1.0704225106765248,0.0367749996483326,1.033310649666525,0.03978000000119209,0.9552538656854206,0.04319999985396862,0.8796296043184794,0.04620250018313527,0.8224662870511811,0.05205672185720726,0.826374840620585,0.03820428501016952,0.6064742229236478,0.02984700616699962,0.47380653418615304,0.033908977263952804,0.5382883263177751,71.42858663385569,45.45453313952779,50.0,-0.0012096834872118642,-0.001485231522235469,0.0002755480350236047,0.037660244818103566,0.03333975452624534,1.1572756502388029,0.039994593856013956,0.03355540544065124,0.3804824616871165,0.04603042094537171,0.033529579057012475,-0.2847810153882265,117788.0,103504.95,3.06428498658607,3.4871375716813544,0.08571424618059287,0.0410958722354009,0.0,-0.09523811213283606,0.08571424618059292,0.041095872235400795,0.0,-0.09523811213283605,92.30767467317733,58.388247573465,79.99996026357172,51.11107744551921,-7.692325326822671,-20.00003973642827,0.0011071421738181794,0.0009285713590326763,69.07895526918797,9.753458411971307,24.575362682574223,23.054554760477075,0.03200000151991844,-0.052631589266732504,SELL,0,2
0.035999998450279236,0.035999998450279236,0.03400000184774399,0.03400000184774399,1106616,0.0,0.0,FSG,2024-01-30 00:00:00+11:00,Telecommunication Services,-0.1052630804995065,-0.11122554860967657,-0.001999996602535248,-0.055555463573075094,0.03579999953508377,0.9497207343375579,0.03530000001192093,0.9631728565513336,0.036574999801814556,0.9295967746268363,0.03958000004291534,0.8590197526750597,0.04316999986767769,0.7875840155654141,0.04602750020101667,0.7386888642497467,0.07522069266395559,1.194091477409083,0.05168902705927786,0.820537866658425,0.03807125524355728,0.604362440847098,0.036209554532171846,0.5748088582593507,45.454548533300915,35.714283813625684,38.88889463779511,-0.0012968385478996439,-0.001447552927368304,0.0001507143794686602,0.03761900161776807,0.03298099840607378,-0.5605852798459113,0.03996655211674508,0.03318344748688403,-0.7592387541052318,0.04591860908210813,0.03324139100372255,-0.8803190354018041,321387.0,150189.4,3.4432506604187476,7.368136499646447,0.0,-0.05555546357307506,-0.1052630804995065,-0.22727268109144239,0.0,-0.055555463573075094,-0.10526308049950654,-0.22727268109144233,33.333354029400006,56.16605211815074,26.66666997803569,48.88887012446444,-66.6666459706,-73.33333002196431,0.0013214275240898132,0.0011190474033355713,-69.95883198982102,-89.76211174510202,14.941553028126023,23.71935171442324,0.03212000146508217,0.05882342628954751,BUY,0,0
0.03350000083446503,0.03400000184774399,0.03200000151991844,0.03400000184774399,474320,0.0,0.0,FSG,2024-01-31 00:00:00+11:00,Telecommunication Services,0.0,0.0,0.0005000010132789612,0.014925403009678638,0.03540000021457672,0.9604520237755182,0.035200000181794165,0.9659091384132767,0.03632499985396862,0.9359945487798641,0.03938000008463859,0.8633824726934614,0.0431199998781085,0.7884972621487732,0.04585750019177794,0.7414272846438333,0.06846694407867752,1.0868790423644825,0.051040523993761765,0.8102431996435133,0.03738596335034107,0.5934837692974657,0.036209554532171846,0.5748088582593507,45.454548533300915,35.714283813625684,38.88889463779511,-0.0013503436404852312,-0.0014281110699916897,7.776742950645846e-05,0.0376585430796811,0.03274145728390723,-0.48809330725184824,0.03970099760495057,0.03294900210298667,-0.6886847023367775,0.04578012794648856,0.03297987222278863,-0.8406079305014873,413251.0,168961.25,1.1477770168735224,2.807270897912983,-0.05555546357307506,-0.028571379914575923,-0.12820509881427833,-0.22727268109144239,-0.055555463573075094,-0.028571379914575902,-0.12820509881427833,-0.22727268109144233,33.333354029400006,52.991460910659136,26.66666997803569,44.44443340654772,-66.6666459706,-73.33333002196431,0.001392856240272522,0.0011904759421235039,-143.52516332260882,-133.38249799574413,13.640759063860614,16.411121828446824,0.03799999877810478,0.05882342628954751,BUY,0,0
0.032999999821186066,0.032999999821186066,0.03200000151991844,0.03200000151991844,399492,0.0,0.0,FSG,2024-02-01 00:00:00+11:00,Telecommunication Services,-0.05882353585690325,-0.060624628664394574,-0.000999998301267624,-0.03030297899049148,0.03460000082850456,0.9248555131118911,0.03490000031888485,0.9169054792988875,0.03597499988973141,0.8895066467825736,0.03916000008583069,0.8171604047441522,0.04305999990552664,0.7431491312151935,0.045677500180900096,0.7005637653809073,0.07142389312957968,1.133819153333536,0.054118724029197984,0.85910811032036,0.03914757843196942,0.621448541768322,0.03693298806857496,0.5862930096237905,41.66665890563925,33.333325054904606,31.57894324067422,-0.0015364192389986445,-0.0014497727037930809,-8.664653520556358e-05,0.03809026097714021,0.03170973966062949,-0.9090162559169416,0.039623718334495434,0.03232628144496738,-1.0894231577438245,0.04580382500961934,0.03251617516204204,-1.0776922402448332,493149.4,187435.75,0.8100831107165496,2.1313543440885745,-0.11111103062644068,-0.08571424618059287,-0.1794871574440421,-0.255813943414575,-0.1111110306264407,-0.08571424618059292,-0.1794871574440421,-0.255813943414575,0.0,22.222236019600032,0.0,17.777779985357146,-100.0,-100.0,0.0014642849564552307,0.0012380949088505336,-181.39278840505588,-160.41663902930583,12.222790137611327,12.277438690098435,0.037879998832941054,0.12499989813659829,BUY,0,0
0.03200000151991844,0.032999999821186066,0.03200000151991844,0.03200000151991844,205832,0.0,0.0,FSG,2024-02-02 00:00:00+11:00,Telecommunication Services,0.0,0.0,0.0,0.0,0.03400000110268593,0.9411764847675403,0.034600000455975534,0.9248555230695651,0.03567500002682209,0.8969867272840751,0.03898000009357929,0.8209338492328382,0.042999999932944774,0.74418608301907,0.04550250018015504,0.7032580933624076,0.07186621390449453,1.1408407779543883,0.054118724029197984,0.85910811032036,0.038997227012744114,0.6190617869811073,0.03645443679829676,0.5786962437192895,30.00000372529246,34.48275330517012,31.57894324067422,-0.0016646959131729963,-0.001492757345669064,-0.00017193856750393225,0.038275744419532264,0.030924256492418804,-0.7073395105412282,0.039598946430788484,0.0317510536228557,-0.9365567539834129,0.0459021915218128,0.03205780866534578,-1.0083509891378561,509439.2,192954.55,0.4040364384994323,1.0667382552005122,-0.08571424618059287,-0.08571424618059287,-0.157894669766239,-0.2195121796091426,-0.08571424618059292,-0.08571424618059292,-0.157894669766239,-0.21951217960914254,0.0,11.11111800980003,0.0,8.888889992678582,-100.0,-100.0,0.0014642846903630666,0.0012619043035166605,-145.8333998841466,-144.412627731835,13.154234421363498,11.472678029385364,0.0377623988866806,0.09374995270627773,BUY,0,0
0.03500000014901161,0.035999998450279236,0.03500000014901161,0.035999998450279236,407801,0.0,0.0,FSG,2024-02-05 00:00:00+11:00,Telecommunication Services,0.12499989813659829,0.1177829451111334,0.000999998301267624,0.028571379914575902,0.03360000103712082,1.0714284922344774,0.034700000286102296,1.0374639237307903,0.03557500001043081,1.0119465478488774,0.03886000007390976,0.9264024287650298,0.04297999992966652,0.837598848515367,0.045342500153928995,0.7939570673885697,0.08640015149418864,1.371559884551573,0.06857230858259374,1.0885516520107383,0.049040921074824724,0.7785004873771958,0.04060977499356377,0.6446601925875562,50.0,50.0,45.454542375791554,-0.0014271386131591776,-0.001479633599167087,5.249498600790937e-05,0.03847712180987463,0.03092287876232996,0.34417694956200096,0.039348521129657074,0.03180147889120455,0.11262649033101689,0.045776528677750845,0.03194347147006867,-0.4135024645227702,518812.2,213344.6,0.7860281620208622,1.9114662381892955,-0.052631589266732504,0.028571379914575923,-0.052631589266732504,-0.1428571681992541,-0.05263158926673246,0.028571379914575902,-0.05263158926673246,-0.14285716819925406,66.6666459706,22.222215323533362,57.14281912968695,19.047606376562335,-33.333354029400006,-42.85718087031305,0.0017142843987260545,0.0014047612036977495,60.93416086729084,1.4477344046897538,25.671789364536295,21.039902394493964,0.037647150939345356,-0.02777773178653753,HOLD,0,1
0.035999998450279236,0.035999998450279236,0.035999998450279236,0.035999998450279236,0,0.0,0.0,FSG,2024-02-06 00:00:00+11:00,Telecommunication Services,0.0,0.0,0.0,0.0,0.03400000035762787,1.058823472694543,0.03489999994635582,1.0315185818227566,0.03542499989271164,1.0162314342783074,0.038700000047683716,0.9302325169488964,0.04293999992311001,0.8383790990857521,0.04518250012770295,0.7967686238815809,0.06747095804854433,1.071068254294321,0.06761074531157252,1.0732873083008827,0.048604258882629224,0.7715686899722343,0.03996900363092734,0.6344882625508284,53.846149437523835,52.94117389253055,45.454542375791554,-0.001224754533511209,-0.0014286577860359116,0.0002039032525247026,0.038723898744073365,0.03107610114863828,0.2876641255725691,0.03884744701056811,0.03200255277485517,0.1680080181714323,0.04550036029740428,0.031899639797963154,-0.3970380242010604,297489.0,212318.2,0.0,0.0,0.05882342628954751,0.05882342628954751,-0.07692313570477671,-0.18181821260570508,0.058823426289547516,0.058823426289547516,-0.07692313570477667,-0.1818182126057051,66.6666459706,44.444430647066696,57.14281912968695,38.09521275312465,-33.333354029400006,-42.85718087031305,0.0016428559486355101,0.0014047612036977495,75.86908676047584,22.38141642206514,27.668711137766152,21.039902394493964,0.03753420795095682,-0.11111103062644068,SELL,0,2
0.035999998450279236,0.035999998450279236,0.035999998450279236,0.035999998450279236,0,0.0,0.0,FSG,2024-02-07 00:00:00+11:00,Telecommunication Services,0.0,0.0,0.0,0.0,0.03439999967813492,1.0465115926486854,0.03489999994635582,1.0315185818227566,0.03532499987632036,1.0191082399525033,0.038540000021457674,0.9340944065966721,0.042899999916553494,0.8391608046690973,0.04502250010147691,0.7996001636767901,0.06747095804854433,1.071068254294321,0.06519074740162731,1.034871032442816,0.04830990317747358,0.7668959380152249,0.03996900363092734,0.6344882625508284,39.99999254941507,52.94117389253055,42.85713272029208,-0.0010522341915247813,-0.0013533730671336857,0.00030113887560890445,0.038723898744073365,0.03107610114863828,0.2876641255725691,0.038541321388131225,0.032108678364509494,0.20986663537216954,0.045206517212904904,0.031873482830010444,-0.3810087783823792,202625.0,209818.2,0.0,0.0,0.05882342628954751,0.0,-0.052631589266732504,-0.18181821260570508,0.058823426289547516,0.0,-0.05263158926673246,-0.1818182126057051,66.6666459706,66.6666459706,61.53843067806033,58.60802297914476,-33.333354029400006,-38.46156932193967,0.0016428559486355101,0.0013571420595759438,67.82943186082161,32.55808653607037,27.672470856354977,20.582400923525924,0.037423523822336054,-0.13888886589326876,SELL,0,2
0.032999999821186066,0.03400000184774399,0.032999999821186066,0.03400000184774399,110000,0.0,0.0,FSG,2024-02-08 00:00:00+11:00,Telecommunication Services,-0.05555546357307506,-0.05715831644673871,0.0010000020265579224,0.030303091878076893,0.03479999974370003,0.9770115545445983,0.034700000286102296,0.9798271345075849,0.035125000029802324,0.9679715820326317,0.038400000035762785,0.8854167139603911,0.0428099999204278,0.7942070056281427,0.044852500092238186,0.7580402826558994,0.06660870470255709,1.0573804067706274,0.06768859442207541,1.074523124617952,0.0497870556632078,0.7903450067698667,0.039588344274315616,0.6284454825998815,50.0,47.36842311650621,40.909090139402174,-0.001064621297104898,-0.0012956227131279282,0.00023100141602303025,0.03847712180987463,0.03092287876232996,-0.1853258980291417,0.03813156972050124,0.03211843033910341,-0.3741799784447423,0.04514914969396917,0.0316508503775564,-0.6519337117778645,144726.6,206102.15,0.7600537841695998,0.5337159267867899,0.06250000727595717,-0.05555546357307506,-0.1052630804995065,-0.17073168515591797,0.06250000727595727,-0.055555463573075094,-0.10526308049950654,-0.17073168515591794,33.333354029400006,55.5555486568667,33.333354029400006,50.67153461238244,-66.6666459706,-66.6666459706,0.0018571415649993078,0.0014523799930300032,-56.41024538867742,-84.94281336751952,26.709990186119995,20.318446732073156,0.0373150533762877,0.029411713144773755,HOLD,0,1
0.035999998450279236,0.035999998450279236,0.035999998450279236,0.035999998450279236,113000,0.0,0.0,FSG,2024-02-09 00:00:00+11:00,Telecommunication Services,0.05882342628954751,0.05715831644673874,0.0,0.0,0.035599999129772186,1.0112359362439571,0.03480000011622906,1.034482710633399,0.035074999928474425,1.0263720177816418,0.03829999998211861,0.9399477406550081,0.04273999989032745,0.8423022588361411,0.044707500096410516,0.8052339847373754,0.06870416785366189,1.0906448530465658,0.06976952537039359,1.1075568793264383,0.0514263324897465,0.8163677196479422,0.0405412577239199,0.6435725146516112,59.999992549412305,52.38095069147664,45.83332880606664,-0.0009026499693986986,-0.0012170281643820824,0.00031437819498338375,0.03866436445440584,0.030935635778052275,0.31052929512757577,0.037981886001801524,0.032168113855147326,0.3182094166993264,0.04504007210644981,0.03155992785778741,-0.3412428664578421,126160.2,210265.7,0.8956865952970905,0.537415279810259,0.12499989813659829,0.028571379914575923,-0.02702708145055155,-0.12195128156342983,0.12499989813659824,0.028571379914575902,-0.027027081450551504,-0.12195128156342978,66.6666459706,55.5555486568667,66.6666459706,53.846143559353465,-33.333354029400006,-33.333354029400006,0.001999998465180397,0.0014999989597570327,61.81816736855704,53.663458788088015,29.407067565503112,23.71180936128212,0.037208752339160316,-0.08333329883990315,SELL,0,2
0.03500000014901161,0.03500000014901161,0.03400000184774399,0.03500000014901161,208823,0.0,0.0,FSG,2024-02-12 00:00:00+11:00,Telecommunication Services,-0.02777773178653753,-0.028170829661421756,0.0,0.0,0.03539999946951866,0.9887005839971419,0.03450000025331974,1.0144927504933499,0.034999999962747094,1.0000000053218434,0.03817999996244907,0.9167103243435027,0.04265999987721443,0.8204406997128432,0.04454750008881092,0.7856782104323432,0.04242069554030321,0.6734076650521744,0.06418658141008285,1.0189303915108847,0.051719772071616564,0.821025928598648,0.040706041808860935,0.6461883809042632,66.66668046405587,52.38095069147664,45.83332880606664,-0.0008452346914462616,-0.0011426694697949183,0.00029743477834865664,0.037662275159532396,0.03133772534710709,0.15811398772116933,0.03782842477824674,0.03217157514724745,6.585450554596044e-08,0.044937490152283974,0.03142250977261417,-0.4705888908608467,86364.6,209779.95,2.417923547379366,0.9954383152441403,-0.02777773178653753,-0.07894733488311956,-0.04109587223540079,-0.1463414833596739,-0.027777731786537547,-0.0789473348831195,-0.041095872235400795,-0.14634148335967387,50.0,50.00000000000003,50.0,50.00000000000002,-50.0,-50.0,0.0020714269152709414,0.0015476179264840625,-8.804991837389384,-20.82725166095629,28.32422866765117,22.695482040001963,0.03710457732277548,0.0,HOLD,0,1
0.03500000014901161,0.035999998450279236,0.03500000014901161,0.035999998450279236,191572,0.0,0.0,FSG,2024-02-13 00:00:00+11:00,Telecommunication Services,0.028571379914575923,0.028170829661421794,0.000999998301267624,0.028571379914575902,0.03539999946951866,1.0169491240042872,0.03469999991357327,1.037463934868699,0.034999999962747094,1.0285713853884717,0.038079999908804896,0.9453781128280749,0.0425399998575449,0.8462623077299863,0.04440000008791685,0.8108107743016961,0.045086671561999817,0.7157287223801977,0.0544940126830438,0.8650656330080014,0.0520295788445628,0.8259439586528432,0.04093969186874833,0.6498974606179275,70.00001117588572,50.0,48.97958873361593,-0.0007108469631323042,-0.0010563049684623954,0.0003454580053300913,0.03797278047483084,0.0314272193523157,0.3972153074040627,0.03782842477824674,0.03217157514724745,0.3535531445107519,0.04481510442210762,0.03134489539550217,-0.3088298710758506,124679.0,206313.8,1.5365217879514594,0.9285467089453057,0.0,0.05882342628954751,0.0,-0.12195128156342983,0.0,0.058823426289547516,0.0,-0.12195128156342978,66.6666459706,61.11109731373336,66.6666459706,61.11109731373335,-33.333354029400006,-33.333354029400006,0.001999998465180397,0.0015476177490892865,46.15384321475849,48.714060692690246,32.04989221283074,27.70114602892515,0.03700248580671834,-0.05555546357307506,SELL,0,2
0.035999998450279236,0.035999998450279236,0.035999998450279236,0.035999998450279236,0,0.0,0.0,FSG,2024-02-14 00:00:00+11:00,Telecommunication Services,0.0,0.0,0.0,0.0,0.03539999946951866,1.0169491240042872,0.03489999957382679,1.031518592833376,0.035049999877810475,1.0271040963132838,0.03789999984204769,0.9498680369475748,0.042379999831318856,0.849457257988831,0.04425500009208918,0.8134673681023092,0.045086671561999817,0.7157287223801977,0.0544940126830438,0.8650656330080014,0.051582211408046,0.8188422207626916,0.03835114788140278,0.6088055987283204,50.0,50.0,50.0,-0.0005974566123093175,-0.0009645352972317799,0.00036707868492246234,0.038226656796063484,0.0315733423515901,0.3306619236570621,0.03791356170460397,0.03218643805101698,0.3317541683856468,0.04435549887881869,0.03144450080527669,-0.2943229301012841,124679.0,194999.6,0.0,0.0,0.0,0.05882342628954751,0.028571379914575923,-0.20000006622738042,0.0,0.058823426289547516,0.028571379914575902,-0.20000006622738045,66.6666459706,61.11109731373336,66.6666459706,61.11109731373335,-33.333354029400006,-33.333354029400006,0.001999998465180397,0.0015238081770283835,64.1025470191169,70.9530757930815,32.04989221283074,29.662889013270245,0.03690243612098234,-0.02777773178653753,HOLD,0,1
0.032999999821186066,0.032999999821186066,0.03200000151991844,0.03200000151991844,448005,0.0,0.0,FSG,2024-02-15 00:00:00+11:00,Telecommunication Services,-0.11111103062644068,-0.11778294511113331,-0.000999998301267624,-0.03030297899049148,0.034999999403953555,0.9142857732821493,0.03489999957382679,0.9169054988733237,0.03489999994635582,0.9169054890861056,0.03763999983668327,0.8501594489575903,0.042179999835789204,0.7586534292199508,0.0441100000962615,0.7254591124480766,0.06492968742326521,1.030726833762708,0.06330959628892731,1.0050086843063963,0.057524753857746816,0.9131771576268091,0.04124041147966724,0.6546712364470368,29.999988824114283,43.47825805270805,44.4444413783588,-0.0008208974702140007,-0.000935807731828224,0.00011491026161422331,0.038226656796063484,0.0315733423515901,-0.871745376867691,0.03807224555697408,0.03172775433573756,-0.9141784030626112,0.04397435664500652,0.031305643028360024,-0.8903821630878072,192280.0,217379.9,2.329961514458082,2.0609311164463686,-0.05882353585690325,0.0,-0.08571424618059287,-0.28888888336994056,-0.05882353585690328,0.0,-0.08571424618059292,-0.2888888833699405,0.0,44.444430647066696,0.0,44.44443064706669,-100.0,-100.0,0.001999998465180397,0.0016666652546042488,-115.78951908944924,-145.83340080420842,29.54667509008428,28.279023847192406,0.03680438742896106,0.09374995270627773,BUY,0,0
0.032999999821186066,0.032999999821186066,0.032999999821186066,0.032999999821186066,21200,0.0,0.0,FSG,2024-02-16 00:00:00+11:00,Telecommunication Services,0.031249945430320558,0.030771605750699496,0.0,0.0,0.03439999967813492,0.9593023293590695,0.034999999403953555,0.9428571538049348,0.03479999992996454,0.9482758588390517,0.03743999980390072,0.8814102562508008,0.04202999982982874,0.785153460737488,0.04399000009521842,0.7501704876052744,0.05843760439304634,0.9276682106302575,0.06397886606533487,1.0156330126367135,0.05802978628032107,0.9211942987917449,0.041188161666612697,0.6538417963786851,36.36362404861036,38.095228803121586,46.4285671520858,-0.0009068310702351964,-0.0009300123995096187,2.318132927442223e-05,0.037981421086021976,0.032018577721885134,-0.6708207680907287,0.03808312828042095,0.03151687157950813,-0.5482576118378816,0.043714794964251576,0.03116520464354986,-0.7075928168572101,173920.0,218439.9,0.12189512419503219,0.09705186644015128,-0.08333329883990315,0.031249945430320558,-0.057142866266017056,-0.23255816975627508,-0.08333329883990316,0.031249945430320485,-0.05714286626601702,-0.23255816975627505,24.999976716917768,30.555540895839286,16.666645970599994,27.77776398040002,-75.00002328308223,-83.3333540294,0.0018571412989071437,0.0017142842213312786,-69.52866919412116,-93.97749763862186,22.03308534109263,28.640760645668465,0.03670829971078021,0.060606070868568285,BUY,0,0
0.032999999821186066,0.032999999821186066,0.03200000151991844,0.03200000151991844,9722,0.0,0.0,FSG,2024-02-19 00:00:00+11:00,Telecommunication Services,-0.030302978990491503,-0.03077160575069945,-0.000999998301267624,-0.03030297899049148,0.033799999952316286,0.9467456084338103,0.03459999971091747,0.9248555429849139,0.03464999999850989,0.9235209674255294,0.0371799997985363,0.8606778292983804,0.0418699998408556,0.7642703998458992,0.04390000009909272,0.7289294179427527,0.05857760083181519,0.9298905851987598,0.04859040696147261,0.771348797540869,0.05838759829134948,0.9268743883755032,0.040678082976112494,0.6457445481938631,39.99998509881904,44.44443754575126,44.82758310617602,-0.0010435956518886971,-0.0009527290499854344,-9.086660190326269e-05,0.038025392533254626,0.031174606888580318,-0.7590365035053246,0.03816088284763618,0.0311391171493836,-0.7547954723840813,0.04325020045700231,0.03110979914007029,-0.8533487721519385,134099.8,214266.15,0.07249824384525555,0.0453734759316859,-0.08571424618059287,-0.11111103062644068,-0.08571424618059287,-0.28888888336994056,-0.08571424618059292,-0.1111110306264407,-0.08571424618059292,-0.2888888833699405,0.0,8.33332557230595,0.0,5.555548656866684,-100.0,-100.0,0.0016428556825433458,0.0017619031880583083,-86.02151765184934,-113.44830306571373,32.43214889472614,28.57650561399379,0.03661413374696298,0.031249945430320558,HOLD,0,1
0.03200000151991844,0.03200000151991844,0.03200000151991844,0.03200000151991844,54000,0.0,0.0,FSG,2024-02-20 00:00:00+11:00,Telecommunication Services,0.0,0.0,0.0,0.0,0.03300000056624412,0.969696999116158,0.03420000001788139,0.9356725585727285,0.03454999998211861,0.9261939663235913,0.03697999984025955,0.8653326570618461,0.041679999865591524,0.7677543575602479,0.043800000101327896,0.7305936403170987,0.05434442598911067,0.862691017858453,0.04859040696147261,0.771348797540869,0.05807383672320064,0.9218935778937545,0.03972994423456968,0.6306933122828149,24.999988358453464,44.44443754575126,44.82758310617602,-0.0011388545617096665,-0.000989954152330281,-0.00014890040937938563,0.037827056219398206,0.03057294381636458,-0.6065520840407501,0.03824779197141069,0.030852207992826522,-0.6896002992013466,0.04306094936959469,0.030899050310924405,-0.8189507734469871,106585.4,212535.1,0.5066359932973935,0.2540756797347826,-0.11111103062644068,-0.11111103062644068,-0.05882353585690325,-0.23809519163470083,-0.1111110306264407,-0.1111110306264407,-0.05882353585690328,-0.23809519163470086,0.0,8.33332557230595,0.0,5.555548656866684,-100.0,-100.0,0.0014999985162700926,0.0017619031880583083,-90.90907996240927,-113.69427646429399,39.296930139656055,28.2283719071024,0.036521851102422086,0.031249945430320558,HOLD,0,1
0.03099999949336052,0.03099999949336052,0.03099999949336052,0.03099999949336052,20085,0.0,0.0,FSG,2024-02-21 00:00:00+11:00,Telecommunication Services,-0.031250061845636834,-0.03174876215523972,0.0,0.0,0.032000000774860385,0.9687499607098298,0.03370000012218952,0.9198812872688624,0.03430000003427267,0.9037900717896565,0.036759999841451646,0.8433079332716432,0.04149999987334013,0.7469879418788895,0.04370000010356307,0.7093821377550281,0.05295626995226647,0.8406547239317964,0.04883648103754151,0.7752551023971389,0.05663060217249,0.8989829396654561,0.039900746942283155,0.6334047212100127,24.999976716917757,47.05881450620788,44.827577347696185,-0.0012802814525858797,-0.0010480196123814007,-0.000232261840204479,0.03759301195786216,0.029806988286516886,-0.6935505831470188,0.038252345640708875,0.03034765442783647,-0.834947362785851,0.04289534316095989,0.03062465652194341,-0.9388228250856553,110602.4,212789.35,0.18159642105415436,0.09438912238793906,-0.13888886589326876,-0.13888886589326876,-0.13888886589326876,-0.26190476401660445,-0.13888886589326876,-0.13888886589326876,-0.13888886589326876,-0.2619047640166045,0.0,0.0,0.0,0.0,-100.0,-100.0,0.001428570066179548,0.0017619033654530842,-121.9048391475567,-139.1931786768472,48.204431224179935,28.712260681394213,0.03643141411077201,0.06451614066167655,BUY,0,0
0.03099999949336052,0.03099999949336052,0.03099999949336052,0.03099999949336052,0,0.0,0.0,FSG,2024-02-22 00:00:00+11:00,Telecommunication Services,0.0,0.0,0.0,0.0,0.031800000369548796,0.9748427400348604,0.03339999988675117,0.9281437005530451,0.03405000008642674,0.910425827156399,0.03650999985635281,0.8490824326302061,0.04131999988108873,0.7502420034504537,0.043605000097304586,0.7109276327068914,0.02592171132572889,0.4114944103505103,0.04666202710973487,0.740736716415075,0.05663060217249,0.8989829396654561,0.03946935228653114,0.6265565433537598,14.285699080438107,47.05881450620788,40.7407346085703,-0.0013764958946958922,-0.001113714868844299,-0.00026278102585159313,0.037637397858843555,0.02916260191465879,-0.5663854113295754,0.03817820676965866,0.02992179340319481,-0.7388197411371871,0.04254219159469191,0.030477808118013712,-0.9134325634863543,21001.4,212789.35,0.0,0.0,-0.031250061845636834,-0.08823535856903275,-0.13888886589326876,-0.28735631297988806,-0.031250061845636785,-0.0882353585690328,-0.13888886589326876,-0.28735631297988806,0.0,0.0,0.0,0.0,-100.0,-100.0,0.0013571416160890035,0.001666665431999025,-111.71176912855609,-124.09980147701613,48.204431224179935,28.435140396538443,0.036214157526075555,-0.06451614066167644,SELL,0,2
0.03099999949336052,0.03099999949336052,0.03099999949336052,0.03099999949336052,0,0.0,0.0,FSG,2024-02-23 00:00:00+11:00,Telecommunication Services,0.0,0.0,0.0,0.0,0.03140000030398369,0.987261120804116,0.0328999999910593,0.9422492249782639,0.03385000005364418,0.9158050057380477,0.036259999871253966,0.8549365582854443,0.04113999988883734,0.7535245400370518,0.043510000091046094,0.7124798765454381,0.016860319791003008,0.26764927915208686,0.04058950517087609,0.6443384191278504,0.056406638335565244,0.8954276239744077,0.03946935228653114,0.6265565433537598,14.285699080438107,30.76921313470062,40.7407346085703,-0.0014361910172071973,-0.0011782100985168787,-0.0002579809186903186,0.03694969018180336,0.02885030980031525,-0.46917181517771733,0.03816764884677867,0.02953235126050968,-0.6600816084938294,0.042144048874034876,0.03037595086847306,-0.893942313432039,16761.4,206570.2,0.0,0.0,-0.060606070868568396,-0.13888886589326876,-0.114285732532034,-0.28735631297988806,-0.06060607086856837,-0.13888886589326876,-0.11428573253203404,-0.28735631297988806,0.0,0.0,0.0,0.0,-100.0,-100.0,0.001071427549634661,0.001666665431999025,-96.49126410196376,-111.92418162441412,29.224888046150298,28.435140396538443,0.03600559120476696,0.09677427107784298,BUY,0,0
0.03200000151991844,0.03200000151991844,0.03200000151991844,0.03200000151991844,263170,0.0,0.0,FSG,2024-02-26 00:00:00+11:00,Telecommunication Services,0.03225813041616665,0.03174876215523971,0.0,0.0,0.03140000030398369,1.019108318793826,0.03260000012814999,0.9815951347891729,0.03355000019073486,0.9538003379432329,0.03602999992668629,0.8881488089101284,0.04096999991685152,0.7810593503749657,0.04342500010505319,0.7369027390329179,0.02245523381560545,0.3564657858474003,0.04271947229271928,0.678150598958697,0.053073070156094596,0.8425088696862617,0.03983122366838848,0.6323010734516747,50.0,35.714283813625684,44.44444291140205,-0.0013868216094526653,-0.001219932400704036,-0.0001668892087486292,0.03639473193536031,0.028805268320939662,-0.15811357395310408,0.03746891356149987,0.029631086819969857,-0.3955174621565688,0.04165214929896025,0.030407850554412325,-0.7168074236237971,67451.0,201681.9,3.901647121614209,1.304876639896788,0.0,-0.08571424618059287,-0.157894669766239,-0.2643677599837355,0.0,-0.08571424618059292,-0.157894669766239,-0.26436775998373546,20.000044703492907,6.666681567830998,14.285744696250442,4.761914898750166,-79.9999552965071,-85.71425530374955,0.0011428562658173697,0.0015238085318179358,-51.851806627121,-65.7963152797583,41.61252396533986,33.48691470513036,0.0358053675363107,0.06250000727595717,BUY,0,0
0.03099999949336052,0.032999999821186066,0.029999999329447746,0.032999999821186066,312350,0.0,0.0,FSG,2024-02-27 00:00:00+11:00,Telecommunication Services,0.031249945430320558,0.030771605750699496,0.0020000003278255463,0.06451614066167646,0.031599999964237215,1.0443037929915595,0.03230000026524067,1.021671812699602,0.03350000008940697,0.9850746188989113,0.03586999990046024,0.9199888461879435,0.04080999992787838,0.8086253339746493,0.04334500011056661,0.7613334810706657,0.02638937541532967,0.4189183476197049,0.04298225463182061,0.6823221392679087,0.04836863776518446,0.7678283206898704,0.039435849482171055,0.6260247028223995,50.0,39.999995032941534,39.999994039530726,-0.00125256569490622,-0.001226459059544473,-2.610663536174707e-05,0.0352888676342146,0.029311132896266745,0.2342022811757293,0.03742025621016047,0.02957974396865347,-0.12754275558016367,0.041368830142634073,0.030371169658286408,-0.5219292018259483,119121.0,161968.6,2.6221237229371814,1.9284602077192738,0.031249945430320558,-0.08333329883990315,-0.0294118227121295,-0.19512197781289853,0.031249945430320485,-0.08333329883990316,-0.029411822712129523,-0.19512197781289847,50.00001552204518,23.333353408512725,50.00001552204518,21.428586739431893,-49.99998447795482,-49.99998447795482,0.0013571420152272498,0.0015238086205153238,-45.42775601328181,-60.61456243162707,34.45496703647903,24.73551124844252,0.035613152814592694,0.030303091878076893,HOLD,0,1
0.032999999821186066,0.032999999821186066,0.032999999821186066,0.032999999821186066,0,0.0,0.0,FSG,2024-02-28 00:00:00+11:00,Telecommunication Services,0.0,0.0,0.0,0.0,0.03200000002980232,1.0312499934516381,0.03200000040233135,1.0312499814463083,0.03344999998807907,0.9865470802076719,0.0357099998742342,0.9241108915543997,0.04064999993890524,0.811808114902418,0.04325000010430813,0.7630057743722164,0.017396055068605906,0.27615381303069536,0.04298225463182061,0.6823221392679087,0.04836863776518446,0.7678283206898704,0.039435849482171055,0.6260247028223995,66.66662527458473,46.15383513226797,47.619040861145905,-0.0011331051841372841,-0.0012077882844630352,7.468310032575105e-05,0.0336329938319356,0.0303670069727271,0.6123719794127174,0.03736891327879399,0.029531086697364154,-0.1148277937047474,0.041063197501819505,0.03035680224664889,-0.5062394930243861,115104.0,138252.6,0.0,0.0,0.06451614066167655,-0.08333329883990315,-0.0294118227121295,-0.19512197781289853,0.06451614066167646,-0.08333329883990316,-0.029411822712129523,-0.19512197781289847,50.00001552204518,40.00002524919445,50.00001552204518,38.095258580113615,-49.99998447795482,-49.99998447795482,0.0011428563988634519,0.001333332576212429,-6.008534546435244e-06,-16.843132612224966,36.80023620517772,34.09532293583675,0.035276363605483994,-0.09090910630285254,SELL,0,2
0.03400000184774399,0.035999998450279236,0.03400000184774399,0.03500000014901161,569034,0.0,0.0,FSG,2024-02-29 00:00:00+11:00,Telecommunication Services,0.060606070868568285,0.05884050969901206,0.000999998301267624,0.029411713144773758,0.03280000016093254,1.0670731700391711,0.03230000026524067,1.0835913269844928,0.03359999991953373,1.04166667359615,0.03560999989509583,0.9828699874225997,0.040509999953210356,0.8639842061080505,0.043175000101327896,0.8106543153878336,0.0255410337031862,0.40545134043689873,0.029214886899866777,0.4637719519075576,0.04814576153176642,0.7642902701692448,0.040341537846252815,0.6404020598825111,79.9999701976936,46.15385056247616,52.173910930835724,-0.0008670537015813828,-0.0011396413678867047,0.0002725876663053218,0.034803331492063286,0.029796669038418055,1.0785627786051897,0.037514882237000606,0.02968511760206686,0.3576097864376547,0.04082101558754608,0.03039898420264557,-0.11705966400523135,228910.8,146729.7,2.48583290958749,3.8781105665724116,0.12903228132335287,0.09374995270627773,0.09374995270627773,-0.12499997671693508,0.12903228132335293,0.09374995270627776,0.09374995270627776,-0.12499997671693511,83.33335920340865,61.1111300824997,83.33335920340865,61.11113008249969,-16.66664079659136,-16.66664079659136,0.0012142851150461606,0.0013809515429394586,99.02441891158115,61.36989126178674,51.056932491171224,51.64841164168946,0.029999999329447746,-0.14285716566504258,SELL,0,2
0.03500000014901161,0.03500000014901161,0.03500000014901161,0.03500000014901161,0,0.0,0.0,FSG,2024-03-01 00:00:00+11:00,Telecommunication Services,0.0,0.0,0.0,0.0,0.03360000029206276,1.041666662047011,0.032500000298023225,1.0769230716327238,0.03374999985098839,1.0370370460308793,0.035529999881982806,0.9850830358927202,0.04036999996751547,0.8669804354019089,0.04309500010684133,0.8121591846441454,0.0255410337031862,0.40545134043689873,0.02827187372960635,0.44880208191815135,0.04814576153176642,0.7642902701692448,0.040203689989496146,0.6382137929960627,100.0,50.0,57.142859677070284,-0.0006487278539768354,-0.001041458665104731,0.0003927308111278955,0.035518462094153824,0.029481538501892626,0.8282363733054914,0.03763654744854129,0.02986345225343549,0.3216222795805378,0.040650625474493295,0.030409374289472317,-0.10350292623354072,228910.8,136438.1,0.0,0.0,0.12903228132335287,0.060606070868568285,0.09374995270627773,-0.10256411725952752,0.12903228132335293,0.06060607086856837,0.09374995270627776,-0.1025641172595275,83.33335920340865,72.22224464295418,83.33335920340865,72.22224464295418,-16.66664079659136,-16.66664079659136,0.0010714282148650714,0.001285713432090623,96.0127915572609,55.44557017577231,56.9223210995249,58.855174851068085,0.030119999311864376,-0.17142859879805106,SELL,0,2
0.03099999949336052,0.03099999949336052,0.028999999165534973,0.029999999329447746,812778,0.0,0.0,FSG,2024-03-04 00:00:00+11:00,Telecommunication Services,-0.14285716566504258,-0.154150706436475,-0.0010000001639127731,-0.03225807033083823,0.03319999985396862,0.9036144416085485,0.032300000078976154,0.9287925466283369,0.03344999989494681,0.8968609693173647,0.035349999852478504,0.8486562787734877,0.04016999995335937,0.7468259737187001,0.04298000010661781,0.6979990520015965,0.07832241258100979,1.2433297546316906,0.05459451257318425,0.866661019304607,0.05038363829576129,0.7998154624632874,0.0449056497333313,0.7128550899370114,44.444444444444436,31.24999927240411,46.15383954090067,-0.0008691423936937268,-0.0010069954108225302,0.00013785301712880343,0.03570587776462875,0.028894122393323556,-0.6753033907286973,0.037526891353307376,0.029373108436586248,-0.8462331167596037,0.04060376334936812,0.03009623635558889,-1.0183177309367122,338832.4,156686.95,2.3987611574335865,5.18727309453659,-0.06250006548361542,-0.06250006548361542,-0.16666664941995157,-0.23076926383393692,-0.06250006548361542,-0.06250006548361542,-0.16666664941995157,-0.23076926383393687,14.285718087031306,60.31747883128289,14.285718087031306,60.31747883128289,-85.7142819129687,-85.7142819129687,0.0014285712635942868,0.0015238087979101,-128.36338773346822,-130.39801448733857,36.04143457293732,46.584703987484495,0.035999998450279236,-0.033333339542150675,HOLD,0,1
0.029999999329447746,0.029999999329447746,0.028999999165534973,0.028999999165534973,339623,0.0,0.0,FSG,2024-03-05 00:00:00+11:00,Telecommunication Services,-0.033333339542150675,-0.03390155809859586,-0.0010000001639127731,-0.03333333954215063,0.0323999997228384,0.8950617102966577,0.03199999984353781,0.9062499783540259,0.0330999999307096,0.8761329071372379,0.03514999981969595,0.8250355423696223,0.03996999995782971,0.7255441380067896,0.042855000095441936,0.6767004807128543,0.07503403367927738,1.1911283578884768,0.055268798042011104,0.8773649692836898,0.05066242589573816,0.8042410784121715,0.045088687121981524,0.7157607184029825,40.0,29.411763416854356,34.78260165351152,-0.0011116991841123233,-0.0010279361654804888,-8.376301863183451e-05,0.03600000049922142,0.027999999187854202,-0.7500000465600248,0.03744801758393717,0.028751982277482026,-0.9429586290044515,0.04059452434429972,0.029705475295092182,-1.1295753424140464,344287.0,173668.1,0.9864531626230442,1.9555865469824336,-0.12121214173713679,-0.093750069121594,-0.19444443294663438,-0.2564102931488188,-0.12121214173713674,-0.09375006912159405,-0.19444443294663438,-0.25641029314881875,0.0,32.53969243014668,0.0,32.539692430146665,-100.0,-100.0,0.0014999998467309134,0.0013809518090316228,-155.10600148739556,-140.0000465738022,32.0752296310322,35.540918841082586,0.03585999846458435,0.0,HOLD,0,1
0.029999999329447746,0.032999999821186066,0.028999999165534973,0.028999999165534973,248300,0.0,0.0,FSG,2024-03-06 00:00:00+11:00,Telecommunication Services,0.0,0.0,-0.0010000001639127731,-0.03333333954215063,0.031599999591708186,0.9177215044377579,0.03179999981075525,0.9119496647206496,0.03274999996647239,0.88549615863278,0.03492999982088804,0.8302318727237169,0.03976999996230006,0.7291928386478627,0.04275250009261072,0.6783228841053741,0.07503403367927738,1.1911283578884768,0.05470966651228805,0.8684890314167558,0.05066242589573816,0.8042410784121715,0.04487965127540481,0.7124423772121434,33.333319535961266,38.4615296442835,34.78260165351152,-0.0012890676189518252,-0.0010801624561747561,-0.00020890516277706907,0.036202020308402486,0.027397979313108015,-0.6360716963305382,0.03723975411628368,0.028260245816661103,-0.8352352213082841,0.040462869279092976,0.029397130362683106,-1.0717767155267344,393947.0,186083.1,0.6302878305965015,1.334350083376728,-0.12121214173713679,-0.06451614066167644,-0.19444443294663438,-0.275000004656613,-0.12121214173713674,-0.06451614066167646,-0.19444443294663438,-0.27500000465661295,0.0,4.761906029010464,0.0,4.761906029010454,-100.0,-100.0,0.0015000001128230775,0.0015714280307292938,-83.60071162047065,-96.36827394736338,43.756013959843166,39.589929435438215,0.03572279847860336,0.0,HOLD,0,1
0.028999999165534973,0.029999999329447746,0.028999999165534973,0.029999999329447746,118116,0.0,0.0,FSG,2024-03-07 00:00:00+11:00,Telecommunication Services,0.03448276526508387,0.033901558098595734,0.0010000001639127731,0.03448276526508396,0.03059999942779541,0.9803921532821123,0.03169999979436398,0.9463722247336267,0.03254999984055758,0.9216589700890717,0.03472999982535839,0.8638064923784712,0.03957999996840954,0.7579585485950482,0.04265500009059906,0.7033172961136528,0.06835957448541603,1.085174602911642,0.05614231009815353,0.8912315432903071,0.050351312123063124,0.7993023003805001,0.04522800653304694,0.7179723454898809,33.33333333333333,38.46153846153846,37.499995149358995,-0.0013335691702780275,-0.0011308437989954105,-0.00020272537128261702,0.03622646597700987,0.027173533611718086,-0.375569019256986,0.03716005718328656,0.027939942497828597,-0.5531385667320846,0.04023773024866312,0.029222269402053663,-0.8587930295020807,303763.4,186488.9,0.3888421054017699,0.6333674551139505,-0.14285716566504258,-0.03225807033083827,-0.11764712649748443,-0.25,-0.14285716566504256,-0.03225807033083823,-0.11764712649748445,-0.25,14.285718087031306,4.761906029010464,14.285718087031306,4.761906029010454,-85.7142819129687,-85.7142819129687,0.0015000002458691597,0.0016190470861537115,-99.41519611711655,-112.14473544541698,41.525455356302245,38.46579025238481,0.03558834249234199,0.0666667411724744,BUY,0,0
0.029999999329447746,0.035999998450279236,0.029999999329447746,0.035999998450279236,466149,0.0,0.0,FSG,2024-03-08 00:00:00+11:00,Telecommunication Services,0.19999997516473078,0.18232153609789672,0.0059999991208314896,0.19999997516473078,0.030799999088048934,1.1688311531232485,0.032199999690055846,1.1180123849938086,0.03254999984055758,1.1059907412172374,0.03468999981880188,1.0377630048521171,0.03944999996572733,0.9125474900267344,0.04258500007912516,0.8453680493927287,0.12452784380977988,1.97681823614263,0.08503029888053144,1.3498141484602804,0.06693132950959882,1.0625019168079033,0.053230543920713844,0.8450086882014596,59.999995032946465,61.111100763084195,53.57142381978103,-0.000874605280107979,-0.0010795960952179242,0.0002049908151099452,0.037432377746966054,0.026967621633145634,0.7262469796510346,0.03716005718328656,0.027939942497828597,0.748363491652229,0.040129424382632284,0.02925057525497148,0.24083404707700648,396993.2,204146.35,1.174198953533713,2.283405997707037,0.028571379914575923,0.16129029156886276,0.0,-0.052631589266732504,0.028571379914575902,0.16129029156886276,0.0,-0.05263158926673246,100.0,38.0952393623438,100.0,38.09523936234379,-0.0,-0.0,0.001857143161552293,0.0017619042524269649,98.92465520395166,51.32136646368188,50.74715220214567,46.711333614822905,0.028999999165534973,-0.11111103062644068,SELL,0,2
0.035999998450279236,0.035999998450279236,0.03500000014901161,0.035999998450279236,273174,0.0,0.0,FSG,2024-03-11 00:00:00+11:00,Telecommunication Services,0.0,0.0,0.0,0.0,0.031999998912215236,1.124999989813659,0.032599999383091924,1.1042944518873437,0.03259999975562096,1.1042944392682714,0.03464999981224537,1.0389609998657714,0.03930999994277954,0.9157974689056624,0.042470000069588426,0.847657131888206,0.09247695171738603,1.4680260974971857,0.08505131630383105,1.350147789711781,0.066566152400487,1.056704909916683,0.053230543920713844,0.8450086882014596,53.84614723321263,61.111100763084195,50.0,-0.0005050511749307846,-0.0009646871111604963,0.0004596359362297117,0.038350361654146556,0.026849637112037292,0.5912669336159483,0.037341751051147135,0.027858248460094787,0.7170343788098219,0.040019033573233935,0.029280966051256803,0.25144163701166605,289072.4,207363.9,0.9450020133364513,1.3173652694610778,0.19999997516473078,0.12499989813659829,0.028571379914575923,-0.052631589266732504,0.19999997516473078,0.12499989813659824,0.028571379914575902,-0.05263158926673246,100.0,71.42857269567713,100.0,71.42857269567712,-0.0,-0.0,0.0019285716116428375,0.0017142852856999351,136.2991414798127,115.76225903238453,55.910217011910504,48.852714048872016,0.029139999151229858,-0.16666664941995157,SELL,0,2
0.032999999821186066,0.035999998450279236,0.032999999821186066,0.035999998450279236,366859,0.0,0.0,FSG,2024-03-12 00:00:00+11:00,Telecommunication Services,0.0,0.0,0.00299999862909317,0.09090904985905984,0.03339999876916409,1.0778443046984645,0.032899999246001246,1.094224901985515,0.03259999975562096,1.1042944392682714,0.03460999980568886,1.0401617640102356,0.03917999994009733,0.9188361027391518,0.04235500006005168,0.8499586447701049,0.08688011863240742,1.3791791266628348,0.08496257187732861,1.3487390156151702,0.06630535948476857,1.0525649507246126,0.053230543920713844,0.8450086882014596,53.84614723321263,64.70587848585802,51.99999701976714,-0.00020975891389530404,-0.0008137014717074577,0.0006039425578121537,0.03904274539944727,0.026757253092555226,0.5046601514762123,0.037341751051147135,0.027858248460094787,0.7170343788098219,0.039906474693658864,0.029313524917718853,0.26243844707873726,294519.6,216128.25,1.2456182882225837,1.6974134570561692,0.24137929262644287,0.0909090498590599,0.0,-0.052631589266732504,0.24137929262644278,0.09090904985905984,0.0,-0.05263158926673246,100.0,100.0,100.0,100.0,-0.0,-0.0,0.0020714285118239267,0.001761904429821741,91.19716457821606,88.91729182440677,50.31793006719014,46.98920823672647,0.029277199137210847,-0.16666664941995157,SELL,0,2
0.035999998450279236,0.035999998450279236,0.035999998450279236,0.035999998450279236,0,0.0,0.0,FSG,2024-03-13 00:00:00+11:00,Telecommunication Services,0.0,0.0,0.0,0.0,0.03479999862611294,1.0344827549293594,0.03319999910891056,1.084337331822915,0.03259999975562096,1.1042944392682714,0.03454999975860119,1.0419681245096701,0.03904999993741512,0.9218949681940057,0.04224000005051494,0.8522726895650268,0.08688011863240742,1.3791791266628348,0.08496257187732861,1.3487390156151702,0.06630535948476857,1.0525649507246126,0.05309783468079667,0.8429019943284521,87.49999708961676,64.70587848585802,50.0,2.3985836646964187e-05,-0.0006461640100365734,0.0006701498466835376,0.03964980492723822,0.0267501932905829,0.4341214945436407,0.037341751051147135,0.027858248460094787,0.7170343788098219,0.039709693655588366,0.029390305861614008,0.2810241693842972,244859.6,216128.25,0.0,0.0,0.24137929262644287,0.0909090498590599,0.0,-0.07692313570477671,0.24137929262644278,0.09090904985905984,0.0,-0.07692313570477667,100.0,100.0,100.0,100.0,-0.0,-0.0,0.0020714285118239267,0.0017142854630947113,104.54543030027799,124.64132893763438,50.31793006719014,44.40194305066751,0.029411655123472213,-0.13888886589326876,SELL,0,2
0.035999998450279236,0.035999998450279236,0.03500000014901161,0.035999998450279236,170000,0.0,0.0,FSG,2024-03-14 00:00:00+11:00,Telecommunication Services,0.0,0.0,0.0,0.0,0.035999998450279236,1.0,0.033299998939037324,1.0810810689869639,0.032799999602138995,1.097560941675486,0.03448999971151352,1.0437807698288164,0.03891999993473291,0.9249742680023024,0.042125000040978196,0.8545993689082325,0.0894427079933217,1.4198589716309895,0.08324564319889302,1.321483617803318,0.06074675640824679,0.9643248624602416,0.05309783468079667,0.8429019943284521,100.0,64.70587848585802,50.0,0.00020684584534365336,-0.00047556203896052807,0.0006824078843041814,0.039903027936528494,0.02669696994154615,0.4089031734174996,0.037767260202142584,0.027832739002135405,0.6442180319949247,0.03950625809611532,0.029473741326911728,0.30102092495890875,255236.4,202228.0,0.6660491998790141,0.840635322507269,0.19999997516473078,0.028571379914575923,0.12499989813659829,-0.07692313570477671,0.19999997516473078,0.028571379914575902,0.12499989813659824,-0.07692313570477667,100.0,100.0,100.0,100.0,-0.0,-0.0,0.002142856961914471,0.001761904429821741,81.48147749557373,113.98123927890092,47.93828414410411,42.55870288712738,0.029543421990008353,-0.13888886589326876,SELL,0,2
0.03500000014901161,0.03500000014901161,0.03500000014901161,0.03500000014901161,29500,0.0,0.0,FSG,2024-03-15 00:00:00+11:00,Telecommunication Services,-0.02777773178653753,-0.028170829661421756,0.0,0.0,0.03579999879002571,0.9776536684901512,0.033299998939037324,1.0510510890131408,0.032899999618530275,1.0638298040981908,0.034429999738931655,1.0165553416904454,0.03877999994903803,0.9025270808407986,0.04202500004321337,0.8328375993580462,0.012422579307091732,0.19720233293125083,0.08392246511864476,1.3322278326925605,0.06097102858103707,0.9678850728314128,0.05311954808584821,0.8432466839477489,87.50001746230355,58.82352683370871,57.1428546086458,0.0002679830720522594,-0.00032685301675797055,0.00059483608881023,0.039903027936528494,0.02669696994154615,0.2574577834839442,0.03796380247757873,0.02783619675948182,0.414708192426739,0.03934565484200555,0.02951434463585776,0.11595614381560668,167906.6,202643.0,0.17569291498964304,0.14557621037983054,-0.02777773178653753,0.0,0.060606070868568285,-0.07894733488311956,-0.027777731786537547,0.0,0.06060607086856837,-0.0789473348831195,85.71430852218784,95.23810284072931,85.71430852218784,95.2381028407293,-14.285691477812168,-14.285691477812168,0.002142856695822307,0.0016190473522458757,53.22919183117315,79.46862613843922,43.899824561202436,46.87628600472593,0.02967255351921377,-0.17142859879805106,SELL,0,2
0.03500000014901161,0.03500000014901161,0.03500000014901161,0.03500000014901161,125580,0.0,0.0,FSG,2024-03-18 00:00:00+11:00,Telecommunication Services,0.0,0.0,0.0,0.0,0.035599999129772186,0.9831460956340643,0.03379999902099371,1.0355029929815254,0.03304999954998493,1.0590015317875419,0.034369999766349794,1.0183299501584118,0.03863999996334314,0.9057971061649919,0.04194000003859401,0.8345255154221252,0.012422579307091732,0.19720233293125083,0.06672163692849896,1.0591731502797104,0.06043074736402604,0.9593083744019097,0.05311954808584821,0.8432466839477489,85.71430472087587,56.25000145519163,55.000000931322596,0.00031282867050427127,-0.00019891667930552217,0.0005117453498097934,0.04003965669464865,0.027560341347338774,0.192318423666821,0.03817886478180867,0.027921134318161185,0.3802011772364884,0.03917989522003915,0.02956010431266044,0.1309800574103093,138387.8,208435.9,0.9074499341704978,0.602487383411399,-0.02777773178653753,0.16666669771075315,0.09374995270627773,-0.07894733488311956,-0.027777731786537547,0.16666669771075318,0.09374995270627776,-0.0789473348831195,85.71430852218784,90.47620568145858,85.71430852218784,90.47620568145858,-14.285691477812168,-14.285691477812168,0.001928570946412427,0.0015714283855188462,47.257406755618206,72.24773009212409,47.85907714085304,46.5945328116489,0.02979910241783508,-0.17142859879805106,SELL,0,2
0.03400000184774399,0.03400000184774399,0.029999999329447746,0.03200000151991844,116030,0.0,0.0,FSG,2024-03-19 00:00:00+11:00,Telecommunication Services,-0.08571424618059287,-0.08961211544971151,-0.0020000003278255463,-0.05882353585690328,0.03479999974370003,0.9195402803332353,0.034099999256432055,0.9384164873224299,0.03304999954998493,0.9682300137862796,0.034229999780654906,0.934852518988424,0.03846999999135733,0.8318170399560063,0.04184000004082918,0.7648183912211169,0.037223811495244036,0.5909096883981786,0.07291068286883753,1.157421208745049,0.06383479705254608,1.0133459879598952,0.054323700302531024,0.8623620077838081,0.0,47.368425180377606,50.0,0.00010508298183668774,-0.0001381167470770802,0.00024319972891376793,0.039552826401592356,0.028647172111271754,-0.38512090712016855,0.03817886478180867,0.027921134318161185,-0.20472326384234596,0.03889515403929827,0.029564845522011544,-0.47801168773890745,88222.0,211537.4,1.315204824193512,0.5485082070593663,-0.11111103062644068,0.10344836002439672,0.0,-0.1794871574440421,-0.1111110306264407,0.1034483600243968,0.0,-0.1794871574440421,42.85718087031305,71.42859930489627,42.85718087031305,71.42859930489625,-57.14281912968695,-57.14281912968695,0.0022857138620955603,0.0017619046959139052,-41.780435284794834,-28.14867364591394,46.30764799553704,45.42417228632391,0.029923120338483964,-0.093750069121594,SELL,0,2
0.03099999949336052,0.03099999949336052,0.03099999949336052,0.03099999949336052,288429,0.0,0.0,FSG,2024-03-20 00:00:00+11:00,Telecommunication Services,-0.031250061845636834,-0.03174876215523972,0.0,0.0,0.033799999952316286,0.9171597496181687,0.03429999928921461,0.9037900914216126,0.03304999954998493,0.9379727659746566,0.034089999794960024,0.9093575734765378,0.03828999999910593,0.8096108512427362,0.04173500003293157,0.74278182506049,0.03501802796073815,0.5558939603281168,0.0741461114424787,1.1770330293556754,0.06383479705254608,1.0133459879598952,0.054378172363307734,0.8632267249411064,0.0,38.88888658932688,47.82608273124009,-0.00013865050264921797,-0.00013822349819150775,-4.2700445771021666e-07,0.03901875506644164,0.029581243511987574,-0.6993368488744561,0.03817886478180867,0.027921134318161185,-0.39969856176069996,0.038713320421230615,0.029466679168689433,-0.6683508567503481,145907.8,224954.6,1.9767894519689833,1.2821653791476146,-0.13888886589326876,0.06896553053016796,0.0,-0.18421051341658445,-0.13888886589326876,0.06896553053016792,0.0,-0.18421051341658443,28.57143617406261,52.38097518885453,28.57143617406261,52.38097518885453,-71.42856382593739,-71.42856382593739,0.002142856961914471,0.001809523840035711,-60.36821908528818,-58.67953328415648,31.98414939104822,43.12512970941416,0.03004465790071987,-0.09677415090718633,SELL,0,2
0.03200000151991844,0.03500000014901161,0.03200000151991844,0.03500000014901161,2197585,0.0,0.0,FSG,2024-03-21 00:00:00+11:00,Telecommunication Services,0.12903228132335287,0.12136087760495119,0.00299999862909317,0.09374995270627776,0.03360000029206276,1.041666662047011,0.034799999371170995,1.0057471488923733,0.03324999958276749,1.0526315966377064,0.03402999982237816,1.0285042706934011,0.03813999999314546,0.9176717397824287,0.041665000040084124,0.8400336041123149,0.08014841088259024,1.2723165790341397,0.08323202644818785,1.3212674585871342,0.0698696593000878,1.1091464561810616,0.05747925480977598,0.9124548826318829,44.444453642692494,50.0,57.69230879446456,-8.94135126687512e-06,-0.00011236706880658122,0.0001034257175397061,0.03842705675953911,0.031172941982802873,0.05514133260808456,0.03835417702629425,0.028145822139240734,0.34285652989268955,0.03852221445300759,0.02953778519174873,0.2159292033866029,551424.8,334833.85,3.985285028892425,6.563210380312505,-0.02777773178653753,0.16666669771075315,0.12903228132335287,-0.07894733488311956,-0.027777731786537547,0.16666669771075318,0.12903228132335293,-0.0789473348831195,85.71430852218784,52.38097518885453,85.71430852218784,52.380975188854514,-14.285691477812168,-14.285691477812168,0.0024285712944609778,0.0019523809176115762,27.860730945990436,35.396259712746016,60.48958696867872,62.867200857836416,0.030163764711711057,-0.19999997871262698,SELL,0,2
0.03500000014901161,0.03500000014901161,0.032999999821186066,0.032999999821186066,147348,0.0,0.0,FSG,2024-03-22 00:00:00+11:00,Telecommunication Services,-0.057142866266017056,-0.05884050969901219,-0.0020000003278255463,-0.05714286626601702,0.03320000022649765,0.9939758914473754,0.03449999950826168,0.956521747580999,0.03334999959915876,0.9895052539076634,0.033949999809265136,0.9720176732425251,0.03798000000417232,0.8688783522264567,0.04157500004395843,0.793746236591563,0.08341430626253032,1.3241610609337975,0.05625239455851091,0.8929790799222173,0.0713804523648522,1.1331295525721476,0.05793022335626838,0.9196137863706698,36.363642521141024,57.89473839000987,53.57142904659314,-6.67596622181757e-05,-0.00010324558748890013,3.648592527072443e-05,0.03818178520630979,0.030818213810213563,-0.4074109169012288,0.03834578686537627,0.028354212332941255,-0.0700589835639047,0.03836818949794956,0.02953181012058071,-0.21502019039882947,574994.4,342201.25,0.25625988705281305,0.4305887252019097,-0.057142866266017056,-0.08333329883990315,0.06451614066167655,-0.10810812443516549,-0.05714286626601702,-0.08333329883990316,0.06451614066167646,-0.10810812443516545,57.14287234812522,57.14287234812525,57.14287234812522,57.142872348125245,-42.85712765187478,-42.85712765187478,0.002142856961914471,0.0020476190284604116,11.725307268006409,20.797507837141968,67.88523411664225,61.459705289862974,0.03028048938648242,-0.12121214173713679,SELL,0,2
0.03500000014901161,0.03500000014901161,0.03500000014901161,0.03500000014901161,28443,0.0,0.0,FSG,2024-03-25 00:00:00+11:00,Telecommunication Services,0.060606070868568285,0.05884050969901206,0.0,0.0,0.03320000022649765,1.0542168647660835,0.03439999967813492,1.017441874316588,0.033499999530613424,1.0447761384900152,0.0339199998229742,1.03183963241963,0.03784000001847744,0.9249471493636616,0.04151000004261732,0.8431703231288353,0.08925103288058342,1.4168162235460349,0.06024748547393548,0.956399182086058,0.07221677048256527,1.1464056911105862,0.05854008012514117,0.9292949624455107,46.153852766787374,65.00000279396778,56.66666749450892,4.824607087693111e-05,-7.294725581573388e-05,0.00012119332669266499,0.0379527752746844,0.030847224081585432,0.16888217523770033,0.03850525964491244,0.028494739416314405,0.2996848483684173,0.038287597622085924,0.029552402023862483,0.24727559077373382,555567.0,330464.9,0.05119634535528568,0.08606965520392634,0.0,-0.02777773178653753,0.09374995270627773,-0.04109587223540079,0.0,-0.027777731786537547,0.09374995270627776,-0.041095872235400795,85.71430852218784,76.19049646416698,85.71430852218784,76.19049646416698,-14.285691477812168,-14.285691477812168,0.002214285545051098,0.0021428571393092475,50.40002667506789,61.256979820410955,72.61036808696579,61.63208659999936,0.030394879567758357,-0.17142859879805106,SELL,0,2
0.03400000184774399,0.03400000184774399,0.03400000184774399,0.03400000184774399,234866,0.0,0.0,FSG,2024-03-26 00:00:00+11:00,Telecommunication Services,-0.028571379914575923,-0.028987486785316995,0.0,0.0,0.03360000029206276,1.0119048081013178,0.03420000001788139,0.9941521002914375,0.033549999631941316,1.0134128828834397,0.0338799998909235,1.0035419704016184,0.03769000004976988,0.9020960945302939,0.04146000005304813,0.8200675784910982,0.077981278829009,1.2379144242020639,0.06085734388244925,0.9660803841893925,0.0723935727680021,1.1492123403815484,0.05865297606141942,0.931087129874043,46.153852766787374,61.90476950739595,53.33333416117569,5.802852068363673e-05,-4.675210051585975e-05,0.00010478062119949647,0.03757309526910915,0.030826904766653635,-0.059292179805657,0.038554208161002634,0.028545791102879997,0.08992475297329044,0.03820628321221972,0.029553716569627287,0.027737886751376974,579334.2,326590.7,0.4054067583097977,0.7191447888748822,0.06250000727595717,-0.05555546357307506,0.030303091878076893,-0.05555546357307506,0.06250000727595727,-0.055555463573075094,0.030303091878076893,-0.055555463573075094,71.42861704437566,71.42859930489627,71.42861704437566,71.42859930489625,-28.571382955624337,-28.571382955624337,0.001999999662595136,0.002142856961914471,1.1609642399882942,23.409536898363886,67.38164309095643,57.96191664902094,0.030506981945408775,-0.20588237549916144,SELL,0,2
0.032999999821186066,0.03500000014901161,0.032999999821186066,0.03500000014901161,181096,0.0,0.0,FSG,2024-03-27 00:00:00+11:00,Telecommunication Services,0.029411713144773755,0.028987486785316968,0.0020000003278255463,0.06060607086856837,0.03440000042319298,1.0174418522801558,0.03410000018775463,1.0263929605953543,0.033649999648332596,1.040118886026375,0.0338799998909235,1.0330578589638117,0.037550000064074995,0.9320905483165889,0.04140000006183982,0.8454106303558351,0.07367736609885452,1.169591927710981,0.06178025196431265,0.9807310957948857,0.07260850568545014,1.1526242946703231,0.05864768062438871,0.9310030674172429,50.0,61.90476612844786,53.33333416117569,0.00014480348378791835,-8.440983655104122e-06,0.00015324446744302247,0.03729026261054438,0.030909737764964883,0.28210844187230566,0.03868775167213253,0.028612247624532662,0.26797676707809087,0.03820628321221972,0.029553716569627287,0.2588827811102629,557867.6,335645.5,0.32462182783155,0.5395454430343919,0.12903228132335287,-0.02777773178653753,0.060606070868568285,0.0,0.12903228132335293,-0.027777731786537547,0.06060607086856837,0.0,83.33335920340865,80.15876158999073,85.71430852218784,80.95241136291713,-16.66664079659136,-14.285691477812168,0.0020714282457317624,0.0020952379064900534,1.5452690740755042,32.352950554147384,70.24929308953674,61.81211168728195,0.030616842275506182,-0.22857141184563545,SELL,0,2
0.03500000014901161,0.03500000014901161,0.03500000014901161,0.03500000014901161,2804,0.0,0.0,FSG,2024-03-28 00:00:00+11:00,Telecommunication Services,0.0,0.0,0.0,0.0,0.03440000042319298,1.0174418522801558,0.03400000035762787,1.0294117582607436,0.033649999648332596,1.040118886026375,0.0338799998909235,1.0330578589638117,0.037470000050961974,0.9340806005179882,0.041335000060498714,0.8467400531700721,0.04641139817970318,0.7367581054937428,0.06178025196431265,0.9807310957948857,0.07143735700338044,1.1340328857040982,0.05864768062438871,0.9310030674172429,63.636357478858976,46.666671633721435,53.33333416117569,0.00021113938384069442,3.54750898440556e-05,0.00017566429399663882,0.036981424261030585,0.031018576454225153,0.33541013414511095,0.03868775167213253,0.028612247624532662,0.26797676707809087,0.03820628321221972,0.029553716569627287,0.2588827811102629,118911.4,307334.0,0.02358058184497029,0.009123624460684467,0.0,-0.02777773178653753,0.0,0.0,0.0,-0.027777731786537547,0.0,0.0,83.33335920340865,79.36511181706435,85.71430852218784,80.95241136291713,-16.66664079659136,-14.285691477812168,0.0016428568799580847,0.0020952379064900534,39.65144926276494,53.216385677635316,66.83653625332104,61.82926740336902,0.030724505399001643,-0.2571428449786439,SELL,0,2
0.03500000014901161,0.03500000014901161,0.03500000014901161,0.03500000014901161,0,0.0,0.0,FSG,2024-04-02 00:00:00+11:00,Telecommunication Services,0.0,0.0,0.0,0.0,0.03480000048875809,1.005747116593235,0.03400000035762787,1.0294117582607436,0.033649999648332596,1.040118886026375,0.0338799998909235,1.0330578589638117,0.03736000005155802,0.9368308378134494,0.04125000005587935,0.8484848509478504,0.033909203511457355,0.538291917885566,0.061069906174136115,0.969454705960873,0.07143735700338044,1.1340328857040982,0.05864768062438871,0.9310030674172429,70.00000745058216,46.666671633721435,50.0,0.00026070580828272544,8.052123353178958e-05,0.00018018457475093587,0.036981424261030585,0.031018576454225153,0.33541013414511095,0.03868775167213253,0.028612247624532662,0.26797676707809087,0.03820628321221972,0.029553716569627287,0.2588827811102629,89441.8,307334.0,0.0,0.0,0.060606070868568285,0.0,0.0,0.0,0.06060607086856837,0.0,0.0,0.0,83.33335920340865,83.33335920340865,85.71430852218784,85.71430852218784,-16.66664079659136,-14.285691477812168,0.0015714284298675401,0.0019523808289141882,44.44447246156736,53.21638567763522,64.3035748057305,58.00022304205812,0.030830015260027196,-0.22857141184563545,SELL,0,2
0.032999999821186066,0.032999999821186066,0.032999999821186066,0.032999999821186066,441997,0.0,0.0,FSG,2024-04-03 00:00:00+11:00,Telecommunication Services,-0.057142866266017056,-0.05884050969901219,0.0,0.0,0.03440000042319298,0.9593023085818623,0.033800000324845314,0.9763313462730593,0.03379999967291951,0.9763313651042902,0.03383999988436699,0.9751773030126699,0.03724000003188849,0.886143925696248,0.041180000063031914,0.8013598778697139,0.03283551712772153,0.5212476749409184,0.0638502418196585,1.0135911660369157,0.06450235967739966,1.0239432160994397,0.059234420913807526,0.9403172807571485,37.499994179232154,41.176473166291295,46.6666658388243,0.00013702470944886025,9.182192871520373e-05,4.520278073365652e-05,0.036751459509383966,0.03084854114030666,-0.27105253830040593,0.03855062263933886,0.02904937670650016,-0.16839893575819198,0.038160996650287646,0.029519003118446335,-0.1943996046944393,172152.6,288794.95,2.567472114856238,1.530487288645456,-0.057142866266017056,-0.057142866266017056,0.1000000186264518,-0.057142866266017056,-0.05714286626601702,-0.05714286626601702,0.10000001862645191,-0.05714286626601702,50.00001552204518,72.2222446429542,57.14287234812522,76.19049646416698,-49.99998447795482,-42.85712765187478,0.0014999999797769956,0.0020476189397630237,-74.31001591972802,-17.05882010704308,63.43541015271817,54.03079224631458,0.030933414923832236,-0.18181815616191244,SELL,0,2
0.032999999821186066,0.032999999821186066,0.032999999821186066,0.032999999821186066,2818,0.0,0.0,FSG,2024-04-04 00:00:00+11:00,Telecommunication Services,0.0,0.0,0.0,0.0,0.03420000001788139,0.9649122749687746,0.033900000154972076,0.9734513177087992,0.03399999970570207,0.9705882384361229,0.03381999984383583,0.9757539909392039,0.037120000012218955,0.8890086155798306,0.04108500005677342,0.8032128459434081,0.03152995664649605,0.5005225448116598,0.05706623093678371,0.9058983319110612,0.06384267894595813,1.0134711091388668,0.0590857556545231,0.9379572929291793,50.0,41.176473166291295,56.00000178813958,3.8562028488425826e-05,8.116994866984816e-05,-4.260792018142233e-05,0.03664064127326353,0.03115935903668062,-0.32839043674097723,0.03820525914028508,0.029794740271119058,-0.2377974296406668,0.03814722650220215,0.029492773185469515,-0.18949782098064274,125743.0,271954.7,0.02241079026267864,0.0103620198511002,-0.0294118227121295,0.031249945430320558,0.13793106106033592,-0.0294118227121295,-0.029411822712129523,0.031249945430320485,0.13793106106033584,-0.029411822712129523,50.00001552204518,61.1111300824997,57.14287234812522,66.6666844061461,-49.99998447795482,-42.85712765187478,0.0014999999797769956,0.0017619046072165172,-63.1463292119598,-24.99999724279511,63.43541015271817,61.01096898704607,0.031034746594361177,-0.18181815616191244,SELL,0,2
0.032999999821186066,0.032999999821186066,0.03200000151991844,0.032999999821186066,764440,0.0,0.0,FSG,2024-04-05 00:00:00+11:00,Telecommunication Services,0.0,0.0,0.0,0.0,0.033799999952316286,0.9763313570337625,0.03410000018775463,0.9677419249116727,0.03419999973848462,0.9649122828516218,0.03375999987125397,0.9774881500898632,0.036999999992549416,0.8918918872386805,0.04100000005215407,0.8048780433953269,0.025555066679999135,0.4056741070377045,0.055731375357502055,0.8847081565172633,0.06384267894595813,1.0134711091388668,0.05849529504557158,0.9285840213475863,24.999976716917757,41.176473166291295,58.333335920340865,-3.902055093627649e-05,5.713184874862323e-05,-9.615239968489972e-05,0.036088858324217564,0.032111142051291695,-0.5530813618133911,0.03773031885147416,0.030669680625495084,-0.3399125911545075,0.03804685605770216,0.029473143684805782,-0.17728610828384045,242411.8,297761.7,3.1534768521994394,2.567287868117357,-0.057142866266017056,0.06451614066167655,0.13793106106033592,-0.08333329883990315,-0.05714286626601702,0.06451614066167646,0.13793106106033584,-0.08333329883990316,60.0,53.33334368136349,57.14287234812522,57.14287234812522,-40.0,-42.85712765187478,0.0014999999797769956,0.001761904518519129,-70.61401507245698,-51.93545870296792,55.34296020045001,56.5165666894894,0.031134051631479538,-0.24242422703048083,SELL,0,2
0.032999999821186066,0.032999999821186066,0.028999999165534973,0.028999999165534973,309146,0.0,0.0,FSG,2024-04-08 00:00:00+10:00,Telecommunication Services,-0.12121214173713679,-0.12921175483605868,-0.0040000006556510925,-0.12121214173713674,0.03259999975562096,0.8895705332186309,0.03350000008940697,0.8656716145712805,0.03414999973028898,0.8491947114076762,0.03361999988555908,0.8625817746653666,0.036839999966323374,0.7871878173736374,0.04093500005081296,0.7084401888246497,0.05384140760984687,0.8547058486398923,0.05115127309625298,0.8120012871422055,0.0697048835112137,1.1065307216243894,0.06095151802828803,0.9675753524083205,14.285691477812179,34.999997206032205,50.0,-0.0004184483158829397,-3.798418417768938e-05,-0.0003804641317052503,0.03718178781108683,0.02981821236772711,-1.222232584832136,0.03794889096587717,0.030351108494700796,-1.3556588608035334,0.03806264966331029,0.02917735010780787,-1.0399200817406473,303680.2,307313.2,1.0179985392528061,1.0059639481805531,-0.17142859879805106,-0.17142859879805106,-0.033333339542150675,-0.19444443294663438,-0.17142859879805106,-0.17142859879805106,-0.03333333954215063,-0.19444443294663438,0.0,36.66667184068176,0.0,38.0952482320835,-100.0,-100.0,0.0017142858622329576,0.001761904518519129,-168.51853542029593,-162.5806704875795,52.39316835023108,52.345846527511185,0.035999998450279236,-0.13793099683119092,SELL,0,2
0.029999999329447746,0.03400000184774399,0.028999999165534973,0.03400000184774399,134432,0.0,0.0,FSG,2024-04-09 00:00:00+10:00,Telecommunication Services,0.17241389055456469,0.15906477774975378,0.004000002518296242,0.13333342025677558,0.032400000095367434,1.0493827699897236,0.03360000029206276,1.0119048081013178,0.03404999990016222,0.9985316284121929,0.03359999991953373,1.0119048193204818,0.03672999996691942,0.9256738872411059,0.04088000005111098,0.8317025881906764,0.1091755246729476,1.733107725237694,0.07654383267674418,1.2150956739504275,0.06570804629120143,1.043082897734634,0.06565222670863051,1.0421967893320134,45.45455469079932,48.00000357627837,56.25000400177674,-0.00031209152669476464,-9.280565268110445e-05,-0.0002192858740136602,0.03727574740866429,0.029924253175461237,0.10882183757272607,0.03774779395734879,0.030352205842975648,-0.013521048399399627,0.03802626595234617,0.029173733886721294,0.09037006028218675,330566.6,290727.35,0.40667145440585956,0.46239887647309413,-0.028571379914575923,0.030303091878076893,-0.05555546357307506,-0.028571379914575923,-0.028571379914575902,0.030303091878076893,-0.055555463573075094,-0.028571379914575902,83.33336437741407,47.777788125804726,71.42861704437566,42.85716313083365,-16.666635622585936,-28.571382955624337,0.002071428910962173,0.0019523808289141882,-50.66662136714215,-83.05080066408027,53.67915365537103,54.23773658901375,0.03585999846458435,-0.2647059113560648,SELL,0,2
0.03400000184774399,0.03400000184774399,0.03400000184774399,0.03400000184774399,0,0.0,0.0,FSG,2024-04-10 00:00:00+10:00,Telecommunication Services,0.0,0.0,0.0,0.0,0.032600000500679016,1.0429448259375276,0.033500000461936,1.0149254142959225,0.03395000007003546,1.0014728064095841,0.033519999980926515,1.014319864770006,0.03664999999105931,0.9276944571906744,0.0408300000615418,0.8327210824515512,0.10475520171365314,1.6629372736484007,0.07405929377204783,1.1756548415634793,0.06570804629120143,1.043082897734634,0.06451728412383949,1.0241801343418502,45.45455469079932,54.54545454545455,46.15385276678738,-0.00022520695936277535,-0.00011928591401743865,-0.0001059210453453367,0.037059027478258,0.029940973445614,0.14048822431381972,0.037532119124266655,0.03036788101580426,0.01395871464670287,0.03776244769320969,0.029277552268643346,0.11314267125266436,242167.2,277068.65,0.0,0.0,0.030303091878076893,-0.028571379914575923,-0.05555546357307506,-0.1052630804995065,0.030303091878076893,-0.028571379914575902,-0.055555463573075094,-0.10526308049950654,83.33336437741407,55.55557625160941,71.42861704437566,47.61907802958379,-16.666635622585936,-28.571382955624337,0.0017142859952790396,0.0016666665850650695,36.32742494268888,5.932299184158185,54.94703352995369,50.43224974598267,0.03572279847860336,-0.2941176792845164,SELL,0,2
0.03400000184774399,0.03400000184774399,0.03400000184774399,0.03400000184774399,0,0.0,0.0,FSG,2024-04-11 00:00:00+10:00,Telecommunication Services,0.0,0.0,0.0,0.0,0.0328000009059906,1.0365853935551026,0.033500000461936,1.0149254142959225,0.033850000239908695,1.0044313620907583,0.033519999980926515,1.014319864770006,0.03655000001192093,0.9302326083900069,0.040780000071972605,0.833742074245645,0.10475520171365314,1.6629372736484007,0.07340466387668217,1.1652629141399247,0.06570804629120143,1.043082897734634,0.0627120910287932,0.9955235823541895,45.45455469079932,57.14286221127894,46.15385276678738,-0.00015456854382502744,-0.00012634243997895642,-2.822610384607102e-05,0.037059027478258,0.029940973445614,0.14048822431381972,0.037300400609111425,0.03039959987070597,0.04347368182955336,0.03776244769320969,0.029277552268643346,0.11314267125266436,241603.6,258725.7,0.0,0.0,0.030303091878076893,0.0,-0.05555546357307506,0.0,0.030303091878076893,0.0,-0.055555463573075094,0.0,83.33336437741407,83.33336437741407,71.42861704437566,71.42861704437566,-16.666635622585936,-28.571382955624337,0.0016428572790963309,0.00161904761833804,28.43497248368831,10.687115175553451,58.26085923140212,47.76176930032985,0.03558834249234199,-0.2647059113560648,SELL,0,2
0.029999999329447746,0.029999999329447746,0.029999999329447746,0.029999999329447746,152951,0.0,0.0,FSG,2024-04-12 00:00:00+10:00,Telecommunication Services,-0.11764712649748443,-0.12516321965115798,0.0,0.0,0.03220000080764294,0.9316769744405409,0.03300000037997961,0.9090908783033863,0.03355000028386712,0.894187751881289,0.03343999993056059,0.8971291684133931,0.03641000000759959,0.8239494458441655,0.040700000068172815,0.7371007193906024,0.11976725521899888,1.9012462351096424,0.08164808026232583,1.296123092399733,0.07070253371739932,1.122367927670386,0.06495105586460308,1.0310660472528184,38.46154176800765,38.095238095238095,40.000002483526615,-0.0004165521109592493,-0.00018438437417501503,-0.0002321677367842343,0.03700000165654485,0.028999999103414376,-0.7500000232769773,0.03724779516290903,0.029852205404825215,-0.9600318758998266,0.03779487000886518,0.029085129852256003,-0.7899203740314762,119305.8,266373.25,1.282008083429305,0.5741980472889076,-0.09090910630285254,-0.14285716566504258,-0.16666664941995157,-0.11764712649748443,-0.09090910630285255,-0.14285716566504256,-0.16666664941995157,-0.11764712649748445,16.666666666666668,61.11113180716497,14.285718087031306,52.38098405859423,-83.33333333333333,-85.7142819129687,0.001642857412142413,0.001666666851157234,-181.19180718602843,-175.58530793181768,14.921620266002591,50.04518702805257,0.03545657562580585,-0.1666666356225801,SELL,0,2
0.029999999329447746,0.029999999329447746,0.029999999329447746,0.029999999329447746,0,0.0,0.0,FSG,2024-04-15 00:00:00+10:00,Telecommunication Services,0.0,0.0,0.0,0.0,0.03240000084042549,0.9259258812122232,0.032500000298023225,0.9230768939799814,0.033250000327825546,0.9022556100350468,0.03339999988675117,0.8982035757834805,0.03627999998629093,0.8269018561406781,0.04060000006109476,0.7389162385296512,0.10364303683825052,1.6452822035851018,0.08164808026232583,1.296123092399733,0.07070253371739932,1.122367927670386,0.06440304317737332,1.0223666155385094,38.46154176800765,42.10526315789474,40.000002483526615,-0.0006170628588739943,-0.00027092007111481094,-0.00034614278775918337,0.03663655975866363,0.02836344083738282,-0.6043672265231836,0.037081999376939,0.029418001278712094,-0.8481215565879908,0.037844670648180624,0.028955329125321724,-0.7649611725593715,57476.6,257873.25,0.0,0.0,0.03448276526508387,-0.14285716566504258,-0.16666664941995157,-0.06250006548361542,0.03448276526508396,-0.14285716566504256,-0.16666664941995157,-0.06250006548361542,16.666666666666668,38.888899236915826,14.285718087031306,33.333351072812775,-83.33333333333333,-85.7142819129687,0.0015000002458691597,0.001666666851157234,-142.22222056653817,-150.93751414203336,15.933305880444678,50.04518702805257,0.03532744409660043,-0.19999997516473078,SELL,0,2
0.029999999329447746,0.029999999329447746,0.02800000086426735,0.028999999165534973,388741,0.0,0.0,FSG,2024-04-16 00:00:00+10:00,Telecommunication Services,-0.033333339542150675,-0.03390155809859586,-0.0010000001639127731,-0.03333333954215063,0.03140000030398369,0.9235668434645132,0.03190000019967556,0.9090908772417474,0.03295000027865171,0.8801213632864233,0.03333999983966351,0.8698260139472053,0.0361599999666214,0.8019911281057609,0.040495000053197144,0.7161377732420914,0.05097287924239321,0.8091693725057933,0.08176780111148299,1.2980236019614488,0.0708003439928602,1.1239206176576033,0.0645827236631477,1.0252189548233712,35.71428951560071,33.33333333333333,38.70967974523824,-0.0008468982116677792,-0.00038611569922540465,-0.0004607825124423746,0.036163542643230566,0.02763645775612055,-0.6801858014863624,0.037128895607353385,0.02877110494995004,-0.9452261428964653,0.03794008824441728,0.028739911434909733,-0.9434602755989508,108338.4,275835.3,3.5882106436868186,1.4093228821691786,-0.14705889442593612,-0.17142859879805106,-0.17142859879805106,-0.093750069121594,-0.1470588944259361,-0.17142859879805106,-0.17142859879805106,-0.09375006912159405,14.285691477812168,15.873008270381865,14.285691477812168,14.285709217291611,-85.71430852218784,-85.71430852218784,0.0015000001128230775,0.0017142859065816516,-147.77776277745187,-169.2456410544039,12.777777500344925,48.578737364379776,0.03520089519797912,-0.1724137620962749,SELL,0,2
0.028999999165534973,0.028999999165534973,0.028999999165534973,0.028999999165534973,0,0.0,0.0,FSG,2024-04-17 00:00:00+10:00,Telecommunication Services,0.0,0.0,0.0,0.0,0.030399999767541885,0.9539473482660452,0.03150000013411045,0.9206348902243877,0.03265000022947788,0.8882082377246808,0.03319999985396862,0.8734939546112199,0.03602999996393919,0.8048847958523389,0.04039000004529953,0.7179994833624643,0.05097287924239321,0.8091693725057933,0.08053661114863757,1.2784790672112418,0.0708003439928602,1.1239206176576033,0.06201491548099077,0.9844562636363468,50.0,35.29411377997653,40.0,-0.0010173173830968912,-0.0005123560359997021,-0.0005049613470971892,0.03604606281071622,0.026953937457504684,-0.5499266390321872,0.037064093640223006,0.02823590681873275,-0.8268971053167544,0.03789476443048964,0.028505235277447593,-0.8946136957406253,108338.4,269556.3,0.0,0.0,-0.14705889442593612,-0.12121214173713679,-0.17142859879805106,-0.19444443294663438,-0.1470588944259361,-0.12121214173713674,-0.17142859879805106,-0.19444443294663438,14.285691477812168,15.079349874097028,14.285691477812168,14.2857003475519,-85.71430852218784,-85.71430852218784,0.0014285716627325331,0.0016666669398546219,-117.3088700174395,-144.74154724490595,14.12997685548602,48.86247678446058,0.034912859424630655,-0.20689652736135877,SELL,0,2
0.028999999165534973,0.028999999165534973,0.028999999165534973,0.028999999165534973,0,0.0,0.0,FSG,2024-04-18 00:00:00+10:00,Telecommunication Services,0.0,0.0,0.0,0.0,0.029399999231100083,0.9863945552371994,0.031100000068545342,0.9324758553574951,0.03250000011175871,0.8923076635634407,0.03305999986827374,0.8771929607103546,0.03587999995797873,0.8082496989826827,0.040285000037401916,0.7198708983147678,0.05097287924239321,0.8091693725057933,0.08053661114863757,1.2784790672112418,0.06833798405629844,1.0848318654747762,0.06201491548099077,0.9844562636363468,0.0,31.250004365572835,40.0,-0.0011392433164604775,-0.0006377334920918572,-0.0005015098243686203,0.035761904707509756,0.026438095429580925,-0.4504598582859168,0.03720162484263097,0.027798375380886444,-0.74442371447506,0.03783082951929467,0.0282891702172528,-0.8510051709496569,108338.4,263754.8,0.0,0.0,-0.14705889442593612,-0.12121214173713679,-0.093750069121594,-0.19444443294663438,-0.1470588944259361,-0.12121214173713674,-0.09375006912159405,-0.19444443294663438,14.285691477812168,14.285691477812168,14.285691477812168,14.285691477812168,-85.71430852218784,-85.71430852218784,0.0012857144964592798,0.0016666669398546219,-96.35950017537061,-125.77666811486915,6.419204687730286,48.86247678446058,0.03463634508221612,-0.20689652736135877,SELL,0,2
0.029999999329447746,0.029999999329447746,0.028999999165534973,0.028999999165534973,948221,0.0,0.0,FSG,2024-04-19 00:00:00+10:00,Telecommunication Services,0.0,0.0,-0.0010000001639127731,-0.03333333954215063,0.029199999198317526,0.9931506836207695,0.030700000002980232,0.9446253798931521,0.032400000095367434,0.8950617000054085,0.03291999988257885,0.8809234285836578,0.03572999995201826,0.8116428548692698,0.040190000031143425,0.7215725091580675,0.014907122626666793,0.23664323540222576,0.08053661114863757,1.2784790672112418,0.06800831560804137,1.0795985410996194,0.06201491548099077,0.9844562636363468,0.0,31.250004365572835,44.44444137836261,-0.001221786502811309,-0.0007545440942357477,-0.0004672424085755613,0.035323613435946366,0.0260763865700141,-0.3676779778612845,0.037316140247432975,0.027483859943301894,-0.6915996746764702,0.037749163031806865,0.028090836733350832,-0.811734993395392,267392.4,296744.4,3.5461778270437003,3.195413291708285,-0.033333339542150675,-0.12121214173713679,-0.06451614066167644,-0.19444443294663438,-0.03333333954215063,-0.12121214173713674,-0.06451614066167646,-0.19444443294663438,14.285691477812168,14.285691477812168,14.285691477812168,14.285691477812168,-85.71430852218784,-85.71430852218784,0.0013571430795959064,0.0014761907181569508,-73.17073355407953,-100.3098383046734,33.17009396216879,56.84649552310505,0.03437089131349817,-0.24137929262644275,SELL,0,2
0.03099999949336052,0.03200000151991844,0.03099999949336052,0.03200000151991844,35172,0.0,0.0,FSG,2024-04-22 00:00:00+10:00,Telecommunication Services,0.10344836002439672,0.09844014908535914,0.0010000020265579224,0.032258130416166604,0.029599999636411668,1.081081145709018,0.03100000023841858,1.0322581056067397,0.03225000016391277,0.9922481041015908,0.03287999987602234,0.9732360596282839,0.035639999955892565,0.8978676082918372,0.04011000003665686,0.7978060705727593,0.05203232528276157,0.825987557007634,0.07733083669466563,1.2275889754238,0.06562920319489848,1.0418313023821626,0.06330041554494631,1.0048629445138506,37.50000582076243,42.10527038144602,51.724141031751024,-0.001033217170368278,-0.0008102787094622538,-0.00022293846090602417,0.035521556132551625,0.02647844434428553,0.22116309184575494,0.03701279590343051,0.02748720442439503,-0.05248989410149364,0.03770578095954141,0.028054218792503263,-0.18235355911797402,274426.8,188623.75,0.12816532496097321,0.18646644444297178,0.0666667411724744,0.10344836002439672,-0.08571424618059287,-0.05882353585690325,0.0666667411724743,0.1034483600243968,-0.08571424618059292,-0.05882353585690328,66.66666666666667,31.7460165407637,57.14287234812522,28.571418434583208,-33.333333333333336,-42.85712765187478,0.0015714289620518684,0.0015714288290057863,16.66668994972126,-22.134358434793956,33.92906544453086,59.7284062262841,0.03411605569552894,-0.3125000363797863,SELL,0,2
0.03200000151991844,0.03200000151991844,0.03200000151991844,0.03200000151991844,0,0.0,0.0,FSG,2024-04-23 00:00:00+10:00,Telecommunication Services,0.0,0.0,0.0,0.0,0.03020000010728836,1.0596026955707087,0.030800000205636023,1.0389610813724226,0.03220000024884939,0.9937888593979717,0.03279999993741512,0.9756098042980751,0.03554999995976686,0.9001406907491962,0.04003500005230307,0.7993006488850396,0.04626351303508481,0.7344105016021765,0.05315343720427607,0.8437846570248169,0.06435471237055211,1.0215993877654372,0.06274256742436123,0.9960073801353732,75.00001164152485,47.058829974547514,44.00000417232414,-0.0008737031102449,-0.0008229635896187831,-5.073952062611693e-05,0.03488792524894741,0.02671207516232463,0.29354777829056455,0.036950624816623534,0.027449375681075253,-0.04209945999261686,0.037546642179654095,0.028053357695176143,-0.16853985968812396,196678.6,181256.35,0.0,0.0,0.10344836002439672,-0.05882353585690325,-0.030302978990491503,-0.11111103062644068,0.1034483600243968,-0.05882353585690328,-0.03030297899049148,-0.1111110306264407,66.66666666666667,49.2063416037152,57.14287234812522,42.85714539135423,-33.333333333333336,-42.85712765187478,0.001428571795778615,0.0013809526073081152,33.81646184419273,-7.398325878529334,39.85683398736795,34.29931670442049,0.03387141350227848,-0.3750000436557436,SELL,0,2
0.028999999165534973,0.029999999329447746,0.028999999165534973,0.029999999329447746,29356,0.0,0.0,FSG,2024-04-24 00:00:00+10:00,Telecommunication Services,-0.06250006548361542,-0.06453859098676339,0.0010000001639127731,0.03448276526508396,0.030400000140070917,0.9868420786585484,0.0303999999538064,0.9868420847050505,0.0319500002078712,0.9389671090536316,0.03269999992102385,0.9174311743701202,0.03543999994173646,0.846501111139049,0.03995000005699694,0.7509386554855204,0.05973371914596015,0.9482433944711287,0.056123941612258255,0.8909399526164689,0.06418009699145796,1.018827454556415,0.06324124963459667,1.0039237148045832,50.0,42.10526625370212,44.000000894069395,-0.0008983153106958165,-0.0008380339338341898,-6.028137686162668e-05,0.0338253975130311,0.0269746023945817,-0.11677494873009386,0.03660550209541497,0.027294498320327428,-0.41885943245794,0.037468091195004015,0.02793190864704368,-0.5662644518384552,202549.8,181302.0,0.14493225863466663,0.16191768430574402,0.03448276526508387,-0.11764712649748443,-0.14285716566504258,-0.14285716566504258,0.03448276526508396,-0.11764712649748445,-0.14285716566504256,-0.14285716566504256,33.3333022892526,55.555545207528674,28.571409564843474,47.619051420364656,-66.6666977107474,-71.42859043515652,0.0016428576782345772,0.0014285717514299211,-53.07582809557295,-81.57481516874022,39.44535508621071,35.52724572467271,0.033636556996758035,-0.266666654249032,SELL,0,2
0.029999999329447746,0.029999999329447746,0.029999999329447746,0.029999999329447746,0,0.0,0.0,FSG,2024-04-26 00:00:00+10:00,Telecommunication Services,0.0,0.0,0.0,0.0,0.03060000017285347,0.9803921294112277,0.029999999701976775,0.9999999875823656,0.03175000008195639,0.9448818662049966,0.03257999993860722,0.9208102942289396,0.03532999992370606,0.8491366938644702,0.03986500006169081,0.752539803913783,0.05973371914596015,0.9482433944711287,0.056123941612258255,0.8909399526164689,0.0639631567269045,1.015383634620225,0.06309607214963683,1.001619093677566,59.99999254942618,42.10526625370212,39.13043654314228,-0.0009073611622092657,-0.000851899379509205,-5.546178270006072e-05,0.03230940259119757,0.027690596812755982,-1.61309674547132e-07,0.03637828975954477,0.027121710404368005,-0.378109598667233,0.03731096626761266,0.02784903360960177,-0.5453432617648422,202549.8,169558.7,0.0,0.0,0.03448276526508387,-0.11764712649748443,-0.11764712649748443,-0.16666664941995157,0.03448276526508396,-0.11764712649748445,-0.11764712649748445,-0.16666664941995157,33.3333022892526,44.444423748390655,28.571409564843474,38.09523049260408,-66.6666977107474,-71.42859043515652,0.0015714292281440326,0.0013333336405810855,-33.4103276351269,-62.92135614519162,56.03226910765013,34.96047913822481,0.033411094751458405,-0.19999997516473078,SELL,0,2
0.03099999949336052,0.03099999949336052,0.03099999949336052,0.03099999949336052,25700,0.0,0.0,FSG,2024-04-29 00:00:00+10:00,Telecommunication Services,0.033333339542150675,0.03278982883152377,0.0,0.0,0.03100000023841858,0.9999999759658692,0.030099999718368055,1.0299003250303438,0.03155000004917383,0.9825673358175568,0.03247999995946884,0.9544334831294586,0.035189999900758266,0.8809320710652386,0.03979500005021691,0.7789923220063307,0.06044704432356409,0.9595670806142947,0.04302759856531132,0.6830419518968,0.06407793891826655,1.0172057454199228,0.06329049869625536,1.0047055194212964,66.66665631864618,56.249997089618795,43.478258404818384,-0.000824335976818389,-0.0008463866989710418,2.2050722152652802e-05,0.032494439424172815,0.02770556001256329,0.37587071948841494,0.03592577211454064,0.027174227983807028,-0.125692231587298,0.03712652625708175,0.027833473661855932,-0.3185176132261753,18045.6,161788.9,1.4241698807465533,0.15884896924325465,0.06896553053016796,0.033333339542150675,-0.114285732532034,-0.13888886589326876,0.06896553053016792,0.03333333954215063,-0.11428573253203404,-0.13888886589326876,49.999968955919265,38.88885784480819,42.85712765187478,33.33331559385393,-50.000031044080735,-57.14287234812522,0.0013571434787341527,0.0013333337292784737,9.722189944536263,-23.372298782843984,67.0641181375592,38.08141603949741,0.03319465099597076,-0.2580645025613775,SELL,0,2
0.03099999949336052,0.03099999949336052,0.03099999949336052,0.03099999949336052,126178,0.0,0.0,FSG,2024-04-30 00:00:00+10:00,Telecommunication Services,0.0,0.0,0.0,0.0,0.030799999833106995,1.0064934954979625,0.03019999973475933,1.0264900584644845,0.03135000001639128,0.9888357090000713,0.032459999918937686,0.9550215517799376,0.035049999877810475,0.8844507732220012,0.03972500003874302,0.7803649959251561,0.034811026019279066,0.5526079063800671,0.04302759856531132,0.6830419518968,0.06407793891826655,1.0172057454199228,0.0612658800221666,0.9725656943530392,66.66665631864618,36.36363482426125,40.90909398784167,-0.0007498936124600841,-0.0008270880816688502,7.719446920876607e-05,0.03265854653860475,0.027741452930913915,0.32539537475955627,0.03541655319823081,0.02728344683455175,-0.08606810421016944,0.03712353658220569,0.027796463255669684,-0.3130672129323547,36246.8,167957.6,3.481079709105355,0.7512491247791109,-0.031250061845636834,0.033333339542150675,-0.114285732532034,-0.031250061845636834,-0.031250061845636785,0.03333333954215063,-0.11428573253203404,-0.031250061845636785,49.999968955919265,44.44441340036374,42.85712765187478,38.095221622864365,-50.000031044080735,-57.14287234812522,0.0010000004300049373,0.001238095618429638,15.16663479837771,-18.617034188204016,63.982611528419426,34.225288983415965,0.03298686499070263,-0.2580645025613775,SELL,0,2
0.029999999329447746,0.029999999329447746,0.02800000086426735,0.028999999165534973,514441,0.0,0.0,FSG,2024-05-01 00:00:00+10:00,Telecommunication Services,-0.06451614066167644,-0.06669138693011951,-0.0010000001639127731,-0.03333333954215063,0.0301999993622303,0.9602648933100274,0.03019999973475933,0.9602648814647772,0.031049999967217447,0.9339774298277983,0.03237999990582466,0.8956145537331618,0.03490999985486269,0.8307075132082964,0.03964500002563,0.731491969902556,0.0430824970764504,0.6839134387437302,0.046989039882753436,0.7459278832527675,0.06546783766007054,1.0392697039301726,0.06180064084830055,0.9810547592941385,50.0,30.769231871387007,37.500003880508885,-0.0008425682122627717,-0.0008301841077876345,-1.238410447513725e-05,0.03265854653860475,0.027741452930913915,-0.4880934409495222,0.034859960946414574,0.02724003898802032,-0.5380634638716093,0.037141924052014996,0.027618075759634323,-0.7097972660891239,139135.0,193679.65,3.6974233657958098,2.6561437920814086,-0.093750069121594,0.0,-0.17142859879805106,-0.12121214173713679,-0.09375006912159405,0.0,-0.17142859879805106,-0.12121214173713674,16.666635622585936,38.88885784480819,14.285691477812168,33.333315593853925,-83.33336437741407,-85.71430852218784,0.0012142860463687352,0.0013809526960055034,-77.77774069736076,-90.44940843583734,48.43039661067916,29.715760834501836,0.03278739042564522,-0.24137929262644275,SELL,0,2
0.028999999165534973,0.028999999165534973,0.028999999165534973,0.028999999165534973,0,0.0,0.0,FSG,2024-05-02 00:00:00+10:00,Telecommunication Services,0.0,0.0,0.0,0.0,0.029999999329447746,0.9666666604578493,0.03019999973475933,0.9602648814647772,0.03084999993443489,0.9400323898595884,0.03231999985873699,0.8972772058257131,0.03474999982863665,0.834532354202683,0.039565000012516977,0.7329710389576745,0.03563344816944336,0.5656634532723415,0.046989039882753436,0.7459278832527675,0.064419283294745,1.0226244194094771,0.061653361639637354,0.9787167743376592,19.999992549423396,30.769231871387007,37.500003880508885,-0.0009055746000026198,-0.0008452622062306316,-6.031239377198819e-05,0.03265854653860475,0.027741452930913915,-0.4880934409495222,0.0346488935751353,0.027051106293734476,-0.4869840916522282,0.03717613458798878,0.027463865129485204,-0.6836714544189656,133263.8,171579.8,0.0,0.0,-0.033333339542150675,0.0,-0.12121214173713679,-0.093750069121594,-0.03333333954215063,0.0,-0.12121214173713674,-0.09375006912159405,24.9999534338789,30.5555193374614,16.666635622585936,24.60315158409098,-75.0000465661211,-83.33336437741407,0.0012142860463687352,0.0013809526960055034,-78.09525046218427,-85.36585320607972,48.43039661067916,29.715760834501836,0.03259589484319011,-0.3103448231566107,SELL,0,2
0.028999999165534973,0.028999999165534973,0.028999999165534973,0.028999999165534973,0,0.0,0.0,FSG,2024-05-03 00:00:00+10:00,Telecommunication Services,0.0,0.0,0.0,0.0,0.029799999296665193,0.9731543573821579,0.03019999973475933,0.9602648814647772,0.030649999901652337,0.9461663705901542,0.03225999981164932,0.8989460426178572,0.034619999825954435,0.8376660690735712,0.039480000007897614,0.7345491175211193,0.03563344816944336,0.5656634532723415,0.046989039882753436,0.7459278832527675,0.064419283294745,1.0226244194094771,0.061653361639637354,0.9787167743376592,19.999992549423396,44.44444674400502,40.90909398784167,-0.0009446186405395081,-0.000865133493092407,-7.94851474471011e-05,0.03265854653860475,0.027741452930913915,-0.4880934409495222,0.03439306561147026,0.026906934191834417,-0.44081532733702045,0.037205581642131086,0.027314417981167554,-0.6591743414337116,133263.8,171438.9,0.0,0.0,-0.033333339542150675,0.0,-0.12121214173713679,-0.093750069121594,-0.03333333954215063,0.0,-0.12121214173713674,-0.09375006912159405,24.9999534338789,22.22218083011461,16.666635622585936,15.872987574328036,-75.0000465661211,-83.33336437741407,0.0009285715807761465,0.0012857145851566678,-67.68448812195648,-78.7499988115941,52.34361413675277,34.046935002177776,0.0324120590840332,-0.27586205789152674,SELL,0,2
0.02800000086426735,0.02800000086426735,0.02800000086426735,0.02800000086426735,50223,0.0,0.0,FSG,2024-05-06 00:00:00+10:00,Telecommunication Services,-0.03448270103593898,-0.035091260169922964,0.0,0.0,0.02919999957084656,0.9589041532802866,0.03009999990463257,0.9302325898000412,0.0303999999538064,0.9210526614083582,0.03219999983906746,0.8695652485779097,0.034479999840259554,0.8120649940251442,0.03940500000491738,0.7105697464984952,0.029117155360359893,0.4622205118148614,0.048315201131746664,0.7669800404320088,0.06475307392524635,1.0279231813990972,0.061688327335371336,0.9792718375496421,25.000011641535693,40.00001117586698,39.13044147263581,-0.0010442157602573963,-0.0009009499465254049,-0.00014326581373199146,0.03284064150622439,0.02735935830304075,-0.7662435829425843,0.03415008949971107,0.02664991040790173,-0.6399844750800675,0.037278968407091925,0.027121031271042997,-0.8269393516711133,138168.4,135728.05,0.3634912179630075,0.3700266820307225,-0.09677415090718633,-0.03448270103593898,-0.15151512072762818,-0.09677415090718633,-0.09677415090718632,-0.034482701035939034,-0.1515151207276282,-0.09677415090718632,0.0,16.666635622585968,0.0,11.111090415057314,-100.0,-100.0,0.001000000030866691,0.0013333335518836975,-119.90729531577395,-116.66657240678151,51.078751489128976,33.57512850827014,0.032235576755242565,-0.25000003326151954,SELL,0,2
0.02800000086426735,0.02800000086426735,0.02800000086426735,0.02800000086426735,0,0.0,0.0,FSG,2024-05-07 00:00:00+10:00,Telecommunication Services,0.0,0.0,0.0,0.0,0.028599999845027924,0.9790210145450443,0.02969999983906746,0.942760976969302,0.030350000038743018,0.9225700437734498,0.032139999866485594,0.8711885806030981,0.0343249998614192,0.8157320022523566,0.03934000000357628,0.7117437941464656,0.029117155360359893,0.4622205118148614,0.03113789672886112,0.4942987865650688,0.058825473524196766,0.9338254422038338,0.061688327335371336,0.9792718375496421,25.000011641535693,44.444455942249746,39.13044147263581,-0.0011103477969565123,-0.0009428295166116265,-0.00016751828034488583,0.032374986956857615,0.0270250127212773,-0.6355166959474934,0.03420391284750851,0.026496087229977525,-0.6097696785279458,0.03734611896421339,0.026933880768757797,-0.7952178819776025,112932.8,120270.75,0.0,0.0,-0.09677415090718633,-0.12500001455191456,-0.03448270103593898,-0.09677415090718633,-0.09677415090718632,-0.12500001455191453,-0.034482701035939034,-0.09677415090718632,0.0,8.333317811293,0.0,5.555545207528667,-100.0,-100.0,0.0008571429976395198,0.0012857145851566678,-109.35084230854017,-110.3217798687688,63.351232779697064,44.53397647627106,0.03206615371960356,-0.25000003326151954,SELL,0,2
0.028999999165534973,0.029999999329447746,0.028999999165534973,0.028999999165534973,341314,0.0,0.0,FSG,2024-05-08 00:00:00+10:00,Telecommunication Services,0.035714223942892476,0.03509126016992313,0.0,0.0,0.028599999845027924,1.0139859903033037,0.02939999960362911,0.9863945427385392,0.03009999990463257,0.9634551248311366,0.03209999985992908,0.9034267692236383,0.034179999865591525,0.8484493645281965,0.039269999992102386,0.7384771879645322,0.024820652352642917,0.3940156410209005,0.0346242360265814,0.5496427071716254,0.0437204139716352,0.6940400555144429,0.06189725364562691,0.9825884399052895,24.999976716917757,50.0,50.0,-0.0010697351658138857,-0.0009682106464520784,-0.00010152451936180722,0.031549934277486466,0.027250064929771754,-0.18605236845474382,0.03358832770532923,0.026611672103935915,-0.31533754909097544,0.037372183586378865,0.0268278161334793,-0.5879917801122626,78307.4,130614.85,4.358642989040628,2.6131331927418664,0.0,-0.093750069121594,-0.14705889442593612,-0.06451614066167644,0.0,-0.09375006912159405,-0.1470588944259361,-0.06451614066167646,24.9999534338789,8.333317811293,16.666635622585936,5.555545207528667,-75.0000465661211,-83.33336437741407,0.001000000030866691,0.0011904763856104442,-25.055961848235548,-41.98475193821303,69.79607946553392,57.14630828946274,0.03190350760539011,-0.24137929262644275,SELL,0,2
0.028999999165534973,0.028999999165534973,0.028999999165534973,0.028999999165534973,0,0.0,0.0,FSG,2024-05-09 00:00:00+10:00,Telecommunication Services,0.0,0.0,0.0,0.0,0.028599999845027924,1.0139859903033037,0.029299999587237835,0.9897610776133412,0.029849999770522117,0.9715242676207138,0.03203999981284142,0.9051185809905019,0.034034999869763854,0.852064030454077,0.03919999998062849,0.7397958974455596,0.024820652352642917,0.3940156410209005,0.02915151699279304,0.4627659858192233,0.0437204139716352,0.6940400555144429,0.061727377478550546,0.979891739354724,24.999976716917757,50.0,33.33332919412308,-0.0010257254386700741,-0.0009797136048956777,-4.601183377439641e-05,0.03141869872962401,0.02718130044485166,-0.14159651821305208,0.03284297511263741,0.026857024428406824,-0.2839985325059188,0.03738461403584811,0.026695385589834728,-0.5687970207878257,78307.4,130614.85,0.0,0.0,0.0,-0.033333339542150675,-0.14705889442593612,-0.093750069121594,0.0,-0.03333333954215063,-0.1470588944259361,-0.09375006912159405,24.9999534338789,16.666635622585968,16.666635622585936,11.111090415057312,-75.0000465661211,-83.33336437741407,0.001000000030866691,0.0009523810197909673,-46.97989783806196,-54.80428568174209,69.79607946553392,54.5874801200691,0.0317473673357452,-0.24137929262644275,SELL,0,2
0.02800000086426735,0.02800000086426735,0.027000000700354576,0.027000000700354576,50000,0.0,0.0,FSG,2024-05-10 00:00:00+10:00,Telecommunication Services,-0.06896546630102296,-0.07145890926843038,-0.0010000001639127731,-0.03571429046593136,0.028200000151991846,0.9574468281854775,0.02899999972432852,0.9310345157591117,0.029499999713152647,0.9152542699285708,0.03191999983042479,0.8458646880887299,0.03389499986544251,0.7965776901472215,0.039124999986961485,0.6900958647757802,0.039696412265948014,0.6301610087831547,0.035770549185184526,0.5678398644252143,0.045809122704295116,0.7271972787216451,0.062311464079868435,0.9891638267019964,24.999988358453464,41.66667313418449,29.411764705882348,-0.0011390997415356638,-0.0010115908322236749,-0.0001275089093119889,0.03149443706360062,0.026505562385056424,-0.8017836297132901,0.032054665549731014,0.02694533387657428,-0.9786011841558441,0.03744308703914422,0.026396912621705355,-0.8908059829840979,88307.4,133114.85,0.566203964786643,0.37561549293711405,-0.06896546630102296,-0.09999995653827887,-0.20588237549916144,-0.18181815616191244,-0.06896546630102299,-0.09999995653827888,-0.20588237549916147,-0.1818181561619124,0.0,16.666635622585968,0.0,11.111090415057312,-100.0,-100.0,0.0010714284809572355,0.0010476190419424149,-132.12845819129353,-141.87911194927835,39.10899164722049,53.5815277089885,0.03159747267688609,-0.2592592950302214,SELL,0,2
0.027000000700354576,0.027000000700354576,0.027000000700354576,0.027000000700354576,87968,0.0,0.0,FSG,2024-05-13 00:00:00+10:00,Telecommunication Services,0.0,0.0,0.0,0.0,0.02800000011920929,0.9642857351929557,0.028599999845027924,0.9440559736593318,0.02934999978169799,0.9199318876040053,0.03179999984800816,0.8490566298554798,0.033754999861121175,0.79988152307632,0.039049999993294476,0.6914212728550811,0.03811368622387784,0.6050360117779754,0.03271785434641093,0.5193798361934222,0.03824875230121768,0.6071801192851888,0.062311464079868435,0.9891638267019964,24.999988358453464,22.22221072440979,29.411764705882348,-0.0012149445686635667,-0.0010522615795116534,-0.0001626829891519133,0.030947574259833705,0.026252425430222142,-0.6815541754853035,0.03212393880723835,0.026576060756157628,-0.8471704171239439,0.03748564250750725,0.026114357188509064,-0.8442315908887006,95856.4,129865.7,0.9177060686610389,0.6773767053194185,-0.03571429046593133,-0.1290322212380245,-0.09999995653827887,-0.18181815616191244,-0.03571429046593136,-0.12903222123802455,-0.09999995653827888,-0.1818181561619124,0.0,8.333317811293,0.0,5.555545207528667,-100.0,-100.0,0.0008571425985012736,0.0010476190419424149,-137.94546522490575,-165.15618295159751,34.046722090456186,51.918748876799626,0.0313216243582942,-0.2592592950302214,SELL,0,2
0.026000000536441803,0.026000000536441803,0.026000000536441803,0.026000000536441803,47032,0.0,0.0,FSG,2024-05-14 00:00:00+10:00,Telecommunication Services,-0.037037042147174515,-0.03774033328952827,0.0,0.0,0.02760000005364418,0.9420290031125881,0.02809999994933605,0.9252669246732911,0.02914999984204769,0.8919382736646831,0.03161999985575676,0.8222644103430704,0.033614999875426294,0.7734642461042722,0.038974999990314244,0.6670943051418374,0.040048081218806625,0.635743580341673,0.0331479172997156,0.526206873928699,0.03890702449309621,0.6176298663733886,0.06183284008707986,0.9815659063634323,19.999985098824595,19.999988824126774,35.714290465931356,-0.001340293724717917,-0.0011098680085529062,-0.0002304257161650108,0.030301008486862967,0.025898991411809135,-0.954107799715233,0.03228049501631959,0.026019504667775795,-1.006230366203496,0.037459904892434295,0.025780094819079225,-0.9623442990970813,105262.8,132217.3,0.44680551913876504,0.3557174439350978,-0.07142858093186266,-0.16129029156886276,-0.13333329608042954,-0.2571428449786439,-0.07142858093186272,-0.16129029156886276,-0.13333329608042951,-0.257142844978644,0.0,0.0,0.0,0.0,-100.0,-100.0,0.0009285711816379002,0.0009047617869717735,-169.95890500332126,-201.42447497726928,32.78392230698309,54.30689560988197,0.031062326938817823,-0.23076926383393692,SELL,0,2
0.027000000700354576,0.027000000700354576,0.027000000700354576,0.027000000700354576,370000,0.0,0.0,FSG,2024-05-15 00:00:00+10:00,Telecommunication Services,0.03846154397232282,0.03774033328952825,0.0,0.0,0.0272000003606081,0.9926470714116912,0.027900000102818012,0.9677419570198306,0.02904999991878867,0.9294320404762474,0.03145999986678362,0.8582327023104015,0.03349499987438321,0.8060904851951955,0.03889999999664724,0.6940874216627683,0.040911221020026534,0.6494454999059307,0.03271448312686752,0.5193263197422611,0.0395988006629506,0.6286114726235216,0.06212345476045516,0.9861792712820161,39.99999254941507,33.33333333333333,40.000004967053535,-0.0013434556575569988,-0.0011565855383537248,-0.000186870119203274,0.030101008677956946,0.02569899152767908,-0.4089031785833117,0.03232510527137147,0.025774894566205877,-0.625933824332532,0.03735998259348428,0.025560017140082956,-0.755934275238654,111000.0,131280.25,3.3333333333333335,2.818398045402869,-0.06896546630102296,-0.06896546630102296,-0.06896546630102296,-0.22857141184563545,-0.06896546630102299,-0.06896546630102299,-0.06896546630102299,-0.22857141184563545,20.000007450582153,6.6666691501940845,16.666666666666668,5.555555555555578,-79.99999254941785,-83.33333333333333,0.0007857138823185648,0.0009523808423961912,-90.15152418733776,-125.69057002037543,49.4165943352316,59.795943666469384,0.03065734082662774,-0.18518521073587246,SELL,0,2
0.026000000536441803,0.027000000700354576,0.02500000037252903,0.027000000700354576,323363,0.0,0.0,FSG,2024-05-16 00:00:00+10:00,Telecommunication Services,0.0,0.0,0.0010000001639127731,0.03846154397232281,0.026800000667572023,1.0074626876045027,0.027700000256299973,0.9747292581419311,0.028949999995529652,0.9326425113825151,0.03139999989420175,0.859872636666484,0.03337499987334013,0.8089887880995053,0.03882500000298023,0.6954282214625123,0.040911221020026534,0.6494454999059307,0.03271448312686752,0.5193263197422611,0.0395988006629506,0.6286114726235216,0.05877011733145801,0.9329466898867491,39.99999254941507,33.33333333333333,42.857148559117626,-0.0013306229193818415,-0.0011913930145593483,-0.00013922990482249323,0.029818698890736156,0.02558130162186379,-0.3303912810288272,0.03235123796248013,0.025548762028579173,-0.5733204539414892,0.03742037342867224,0.025379626359731258,-0.7308515275097737,175672.6,147448.4,1.8407139189606119,2.1930587242723556,-0.06896546630102296,-0.06896546630102296,-0.06896546630102296,-0.09999995653827887,-0.06896546630102299,-0.06896546630102299,-0.06896546630102299,-0.09999995653827888,33.33334368136346,17.77778371064857,28.571428571428573,15.079365079365102,-66.66665631863654,-71.42857142857143,0.0009285710485918182,0.0009523809310935793,-106.91826728595095,-141.3793342646562,41.10108841363735,61.84728138559185,0.030284753603412866,-0.18518521073587246,SELL,0,2
0.027000000700354576,0.027000000700354576,0.027000000700354576,0.027000000700354576,50,0.0,0.0,FSG,2024-05-17 00:00:00+10:00,Telecommunication Services,0.0,0.0,0.0,0.0,0.026800000667572023,1.0074626876045027,0.027500000409781934,0.9818181926553897,0.02885000007227063,0.9358752385690913,0.03135999992489815,0.8609694121497121,0.03325499987229705,0.8119080079397872,0.038744999999180435,0.6968641295889973,0.026695631733752882,0.4237800159556451,0.03271448312686752,0.5193263197422611,0.0395988006629506,0.6286114726235216,0.05857851941725102,0.9299051672904869,25.000011641535693,24.999994179230796,42.857148559117626,-0.001305404985832849,-0.0012141954088140485,-9.120957701880044e-05,0.029443650082291422,0.025556350737272446,-0.25724785515580995,0.03236088513847068,0.025339115006070584,-0.5269324791421821,0.03747134757573029,0.02524865227406601,-0.7134268043072138,165682.6,147450.9,0.00030178184070023045,0.0003390959295602808,0.0,-0.06896546630102296,-0.06896546630102296,-0.06896546630102296,0.0,-0.06896546630102299,-0.06896546630102299,-0.06896546630102299,33.33334368136346,28.888898271103056,28.571428571428573,24.603174603174626,-66.66665631863654,-71.42857142857143,0.0008571424654551915,0.0009523809310935793,-63.25301580196534,-91.64785783257359,40.160574141940295,61.847921977924074,0.029756278280324483,-0.18518521073587246,SELL,0,2
0.026000000536441803,0.026000000536441803,0.02500000037252903,0.02500000037252903,509514,0.0,0.0,FSG,2024-05-20 00:00:00+10:00,Telecommunication Services,-0.07407408429434903,-0.07696105217402534,-0.0010000001639127731,-0.03846154397232281,0.026400000602006913,0.9469696894866185,0.0272000003606081,0.9191176485694029,0.028650000132620333,0.8726003580036468,0.03127999994903803,0.799232749784511,0.033104999884963036,0.7551729484791371,0.038654999993741515,0.6467468730197047,0.04266852016769233,0.6773417590491474,0.038367007939175184,0.6090573693401898,0.04266578353758141,0.6772983163929243,0.059512717126528565,0.9447350961751745,16.66667184068173,19.99999254941646,37.50000436557436,-0.0014303151211884357,-0.001257419351288926,-0.00017289576989950976,0.029658544740068016,0.024741455981148186,-0.8948384281606343,0.032558155968982684,0.024741844296257982,-0.9339442726748234,0.03761796443753902,0.024942035460537037,-0.9908543331069212,249991.8,125515.55,2.0381228504294944,4.059369536284548,-0.07407408429434903,-0.1071428713977941,-0.13793099683119092,-0.13793099683119092,-0.07407408429434897,-0.10714287139779408,-0.1379309968311909,-0.1379309968311909,0.0,22.222229120909002,0.0,19.04761904761907,-100.0,-100.0,0.0009999996317284448,0.0010476190419424149,-142.02902822955954,-145.8333672878136,31.895031898520614,53.29257482303018,0.029280650489544938,-0.12000001788139314,SELL,0,2
0.02500000037252903,0.02500000037252903,0.02500000037252903,0.02500000037252903,0,0.0,0.0,FSG,2024-05-21 00:00:00+10:00,Telecommunication Services,0.0,0.0,0.0,0.0,0.026200000569224356,0.9541984667700771,0.026900000311434268,0.9293680328286981,0.028300000075250863,0.8833922369630036,0.031179999969899654,0.8017960358134499,0.032954999897629025,0.7586102397265574,0.03855999999679625,0.6483402586775454,0.040965258827278694,0.6503033235022374,0.038367007939175184,0.6090573693401898,0.034027194338724566,0.5401649642011809,0.059289097069493084,0.9411852378206826,25.000000000000014,24.999994179230796,37.50000436557436,-0.0015118792999292696,-0.0013083113410169947,-0.00020356795891227487,0.029640640130863514,0.02415936049200502,-0.6932687489379484,0.032198717215048855,0.024401282935452875,-0.8464321940762345,0.03775378816773685,0.024606211772062462,-0.9400971572835086,240585.4,123756.95,0.0,0.0,-0.03846154397232282,-0.1071428713977941,-0.21875002546585043,-0.1666666356225801,-0.03846154397232281,-0.10714287139779408,-0.21875002546585043,-0.16666663562258016,0.0,11.111114560454519,0.0,9.523809523809545,-100.0,-100.0,0.0007857140153646469,0.000999999986517997,-138.0671033259569,-137.60147339741624,41.8503647871388,33.45748026927953,0.028852585477843348,-0.12000001788139314,SELL,0,2
0.02500000037252903,0.02500000037252903,0.02500000037252903,0.02500000037252903,200000,0.0,0.0,FSG,2024-05-22 00:00:00+10:00,Telecommunication Services,0.0,0.0,0.0,0.0,0.02580000050365925,0.9689922435847722,0.026500000432133675,0.9433962250888963,0.027950000017881393,0.8944543955826454,0.03096000000834465,0.8074935518666272,0.032824999913573266,0.7616146363550006,0.038475000001490116,0.6497725892543416,0.03312693757064309,0.5258738310545028,0.035101054365441524,0.5572119636426983,0.034027194338724566,0.5401649642011809,0.05163709667026466,0.8197134972895304,25.000000000000014,24.999994179230796,23.07691536182388,-0.0015585534650404166,-0.0013583597658216792,-0.00020019369921873737,0.029038591068324925,0.023961409795942426,-0.5908790642413916,0.03170429480458498,0.024195705231177807,-0.7857666520488059,0.03761119280347986,0.024308807213209438,-0.8960798189724491,206585.4,133756.95,0.9681226262843357,1.4952494057318142,-0.07407408429434903,-0.13793099683119092,-0.21875002546585043,-0.30555551531322034,-0.07407408429434897,-0.1379309968311909,-0.21875002546585043,-0.30555551531322034,0.0,0.0,0.0,0.0,-100.0,-100.0,0.0007857140153646469,0.0008571427315473557,-120.7843383588168,-125.20328166007988,41.8503647871388,32.30634930578694,0.028467326967311916,0.08000001192092876,BUY,0,0
0.024000000208616257,0.024000000208616257,0.024000000208616257,0.024000000208616257,268734,0.0,0.0,FSG,2024-05-23 00:00:00+10:00,Telecommunication Services,-0.04000000596046438,-0.04082200072907221,0.0,0.0,0.025200000405311583,0.9523809453414773,0.026000000536441803,0.9230769120553544,0.02765000006183982,0.8679927723305512,0.03072000004351139,0.7812500056843419,0.03268499992787838,0.7342817886361894,0.03838500000536442,0.6252442413771573,0.03348279717777072,0.53152292718718,0.035583760385047875,0.5648746841480919,0.032601444567995276,0.5175318882502384,0.05185198418490411,0.8231247308310629,25.000000000000014,22.22221532353332,21.42856382593739,-0.001657132342917797,-0.001418114281240903,-0.00023901806167689397,0.028309401991799436,0.02369059908108417,-0.8660254037623908,0.03166444676905935,0.023635553354620288,-0.9092161683600009,0.03749377897459277,0.023946221112430006,-0.9920606951107477,195659.6,145725.85,1.3734772022430792,1.8441065878154081,-0.11111112644152343,-0.1724137620962749,-0.19999997516473078,-0.33333329883990315,-0.11111112644152346,-0.17241376209627488,-0.19999997516473078,-0.33333329883990315,0.0,0.0,0.0,0.0,-100.0,-100.0,0.0008571425985012736,0.0009047617869717735,-145.83334573409607,-149.45949412725443,36.8745948015537,29.36473323831443,0.028120594307833625,0.12500001940255356,BUY,0,0
0.024000000208616257,0.02500000037252903,0.024000000208616257,0.02500000037252903,71666,0.0,0.0,FSG,2024-05-24 00:00:00+10:00,Telecommunication Services,0.041666673134184595,0.04082200072907232,0.0010000001639127731,0.04166667313418449,0.024800000339746477,1.00806451734043,0.02580000050365925,0.9689922435847722,0.027400000113993885,0.912408768924088,0.030500000081956385,0.8196721411590709,0.032554999943822625,0.7679312061332941,0.03830500000156462,0.6526563208852074,0.044086605902865846,0.6998531722073714,0.03522981300659447,0.5592559437045461,0.03458404116454143,0.5490046335179836,0.052296073168615044,0.8301744248963581,25.000000000000014,33.33332643464587,30.76922966707359,-0.0016357097145846093,-0.0014616333679096445,-0.00017407634667496478,0.02807058572468719,0.02352941528263131,-0.35233213169952887,0.0314209968103205,0.023379003417667268,-0.5968668772240913,0.03728834547408126,0.023711654689831514,-0.8102121197026716,209982.8,149309.15,0.3412946203212835,0.47998397954847377,-0.07407408429434903,-0.07407408429434903,-0.1666666356225801,-0.30555551531322034,-0.07407408429434897,-0.07407408429434897,-0.16666663562258016,-0.30555551531322034,16.66667184068173,5.555557280227276,14.285718087031306,4.761906029010457,-83.33332815931827,-85.7142819129687,0.0008571427315473557,0.0008095235874255499,-93.33333875193755,-110.52633517268322,39.86765207232782,31.462044292144938,0.02762612301592754,0.08000001192092876,BUY,0,0
0.02500000037252903,0.02500000037252903,0.02500000037252903,0.02500000037252903,0,0.0,0.0,FSG,2024-05-27 00:00:00+10:00,Telecommunication Services,0.0,0.0,0.0,0.0,0.024800000339746477,1.00806451734043,0.025600000470876693,0.976562496589395,0.02710000015795231,0.9225092334618659,0.03028000012040138,0.825627485902323,0.03241499993950128,0.7712478920002634,0.03822000000625849,0.654107806604796,0.028877138756352994,0.45841036634649024,0.03522981300659447,0.5592559437045461,0.033239214915682866,0.5276561786515539,0.052296073168615044,0.8301744248963581,25.000000000000014,33.33332643464587,30.76922966707359,-0.0016002850375191856,-0.001489363701831553,-0.00011092133568763258,0.0277499362228882,0.023450064718865186,-0.2790781528174949,0.030878052351915434,0.023321947963989186,-0.5558419200186882,0.037053779229264894,0.02350622101153787,-0.7794762219162794,108080.0,148024.15,0.0,0.0,0.0,-0.07407408429434903,-0.19354836189970104,-0.30555551531322034,0.0,-0.07407408429434897,-0.193548361899701,-0.30555551531322034,16.66667184068173,11.111114560454519,14.285718087031306,9.523812058020892,-83.33332815931827,-85.7142819129687,0.0008571427315473557,0.0008095235874255499,-66.6666666666666,-89.83958176256995,39.86765207232782,31.462044292144938,0.027190988279050185,-0.08000001192092876,SELL,0,2
0.024000000208616257,0.024000000208616257,0.024000000208616257,0.024000000208616257,21200,0.0,0.0,FSG,2024-05-28 00:00:00+10:00,Telecommunication Services,-0.04000000596046438,-0.04082200072907221,0.0,0.0,0.02460000030696392,0.975609752404035,0.02540000043809414,0.9448818816798835,0.026750000193715096,0.8971962629837681,0.03004000015556812,0.7989347564689573,0.032264999933540824,0.7438400823818768,0.03813500000163913,0.6293431285586648,0.034066932761981854,0.5407957921137765,0.0355208446296127,0.5638759274935166,0.03379437129281976,0.5364690129274886,0.05250878214192176,0.8335510751663668,20.0,22.222226821346254,23.07691866829434,-0.0016340658872242807,-0.0015183041389100988,-0.00011576174831418192,0.02774757640450441,0.02305242447168387,-0.5963599259446563,0.03029668070777464,0.02320331967965555,-0.7753729083286325,0.036836878434717384,0.023243121876418863,-0.8886432416306078,112320.0,142775.25,0.18874643874643873,0.14848511909452095,-0.04000000596046438,-0.07692308794464564,-0.2258064322305392,-0.33333329883990315,-0.04000000596046439,-0.07692308794464563,-0.22580643223053923,-0.33333329883990315,0.0,11.111114560454519,0.0,9.523812058020892,-100.0,-100.0,0.0007857142814568111,0.0008095235874255499,-106.6666711370147,-119.88951381325856,26.07048367207561,30.4736608482948,0.026808069710598112,0.0,HOLD,0,1
0.024000000208616257,0.024000000208616257,0.024000000208616257,0.024000000208616257,78800,0.0,0.0,FSG,2024-05-29 00:00:00+10:00,Telecommunication Services,0.0,0.0,0.0,0.0,0.024400000274181367,0.9836065548741667,0.025100000388920306,0.9561752923004091,0.02650000024586916,0.9056603768280113,0.029820000156760215,0.8048289766080179,0.032124999947845935,0.7470817197690149,0.038049999997019766,0.6307490199867553,0.034066932761981854,0.5407957921137765,0.031901828041349584,0.5064258201945467,0.03153771972426226,0.5006457798507269,0.052428602080045905,0.8322782561433911,33.33333333333333,22.222226821346254,23.07691866829434,-0.0016419105314408149,-0.0015430254174162421,-9.888511402457272e-05,0.027301010618985287,0.022898990158855326,-0.4997705895585839,0.03008358806119549,0.02291641243054283,-0.6976248849158587,0.0366734517831065,0.02296654853041393,-0.8492071244466812,88080.0,120993.2,0.8946412352406903,0.6512762700713759,-0.04000000596046438,-0.11111112644152343,-0.1724137620962749,-0.314285711244661,-0.04000000596046439,-0.11111112644152346,-0.17241376209627488,-0.314285711244661,0.0,5.555557280227276,0.0,4.761906029010457,-100.0,-100.0,0.0007857142814568111,0.0008095235874255499,-97.84946236559139,-108.75707166355204,26.07048367207561,30.4736608482948,0.026471101370360288,0.0,HOLD,0,1
0.02199999988079071,0.023000000044703484,0.02199999988079071,0.023000000044703484,165427,0.0,0.0,FSG,2024-05-30 00:00:00+10:00,Telecommunication Services,-0.041666673134184484,-0.0425596211675102,0.0010000001639127731,0.045454553151426276,0.02420000024139881,0.9504132155072258,0.024700000323355197,0.9311740786884011,0.026200000289827587,0.8778625874150644,0.029580000154674053,0.7775523977158993,0.031974999960511924,0.719311964757083,0.037959999991580846,0.6059009496787318,0.034468187077404365,0.5471655069003731,0.03297357781518617,0.5234393204101148,0.032283758253134585,0.5124887743459388,0.05265883864508608,0.8359331483062514,25.000000000000014,25.000000000000014,24.999996119488102,-0.0017091174819346654,-0.001576243830319927,-0.00013287365161473844,0.02681870048164466,0.022581300165065734,-0.8023788887731111,0.029904904296839355,0.02249509628281582,-0.8637201501220811,0.03653278577579993,0.022627214533548178,-0.946383287006203,67418.6,129264.55,2.4537293862524585,1.279755354426252,-0.041666673134184484,-0.14814816858869795,-0.20689652736135877,-0.34285714437766945,-0.04166667313418449,-0.14814816858869795,-0.20689652736135883,-0.3428571443776695,20.0,6.6666666666667,12.500002910383246,4.166667636794437,-80.0,-87.49999708961676,0.0007857144145028931,0.0007619046206985201,-161.07526881720432,-145.96556389811784,24.76223403795227,36.120706381360286,0.026174569230951003,0.08695653582340368,BUY,0,0
0.023000000044703484,0.023000000044703484,0.023000000044703484,0.023000000044703484,0,0.0,0.0,FSG,2024-05-31 00:00:00+10:00,Telecommunication Services,0.0,0.0,0.0,0.0,0.023800000175833703,0.9663865493605108,0.02430000025779009,0.9465020494117133,0.025900000333786012,0.8880308783124015,0.029400000125169756,0.7823129233599172,0.03181499995291233,0.722929438275799,0.03787499999627471,0.6072607273126259,0.02237310233315086,0.35516198898309687,0.03297357781518617,0.5234393204101148,0.032283758253134585,0.5124887743459388,0.051425564369039084,0.81635552610973,25.000000000000014,25.000000000000014,24.999996119488102,-0.0017422953778266012,-0.0016094541398212617,-0.00013284123800533947,0.025946545732460573,0.022653454783119607,-0.7895319218843757,0.029621912645683212,0.022178088021888812,-0.779169428525383,0.03655997980819703,0.022240020442142485,-0.8938572962207518,53085.4,129264.55,0.0,0.0,-0.08000001192092876,-0.14814816858869795,-0.20689652736135877,-0.2812500327418077,-0.08000001192092877,-0.14814816858869795,-0.20689652736135883,-0.2812500327418077,20.0,13.333333333333366,12.500002910383246,8.333335273588853,-80.0,-87.49999708961676,0.0007857144145028931,0.0007619046206985201,-124.34210526315783,-120.01796265428236,26.065932240942786,36.120706381360286,0.025590129521928563,0.08695653582340368,BUY,0,0
0.02199999988079071,0.02199999988079071,0.02199999988079071,0.02199999988079071,203998,0.0,0.0,FSG,2024-06-03 00:00:00+10:00,Telecommunication Services,-0.04347826791170184,-0.044451769933067604,0.0,0.0,0.023200000077486037,0.948275853763473,0.024000000208616257,0.916666653731631,0.02560000028461218,0.8593749857891454,0.029220000132918356,0.7529089589567176,0.03165499996393919,0.6949928891439809,0.03777999999001622,0.5823186841345804,0.02288132620318088,0.3632297928057743,0.027964055252284854,0.44391561507849187,0.03268799031468135,0.5189057593868089,0.051580293403627055,0.8188117733864553,25.000000000000014,25.000000000000014,23.07691866829434,-0.0018282063306714266,-0.0016532045779912947,-0.0001750017526801319,0.026108185661019058,0.021891814756213455,-0.948683298021078,0.029568295668040295,0.021631704901184063,-0.9071906337555734,0.036662734114788154,0.021777266151048556,-0.9700736677832735,93885.0,136953.3,2.1728497630079353,1.4895442461043291,-0.12000001788139314,-0.12000001788139314,-0.2142857427955881,-0.29032257289221575,-0.12000001788139317,-0.12000001788139317,-0.21428574279558815,-0.2903225728922157,0.0,13.333333333333366,0.0,8.333335273588853,-100.0,-100.0,0.0007857144145028931,0.0008095236761229378,-150.5813953488371,-143.70044920056665,24.306695289037677,33.61752453041122,0.025087511372169264,0.13636365945427875,BUY,0,0
0.02199999988079071,0.02199999988079071,0.02199999988079071,0.02199999988079071,142000,0.0,0.0,FSG,2024-06-04 00:00:00+10:00,Telecommunication Services,0.0,0.0,0.0,0.0,0.02280000001192093,0.9649122749687745,0.023700000159442423,0.928270030919202,0.025300000235438345,0.8695652045874197,0.02896000012755394,0.759668500825,0.03149499997496605,0.6985235719408641,0.03768499998375773,0.5837866496025668,0.02332669733123014,0.3702998402814542,0.027964055252284854,0.44391561507849187,0.03268799031468135,0.5189057593868089,0.04779853392498993,0.7587782027940445,0.0,14.285714285714292,24.9999922389774,-0.001874681221582089,-0.0016974999067094535,-0.00017718131487263556,0.02601900415707315,0.021380996161811695,-0.7330734575656462,0.029409040300650953,0.021190960170225738,-0.8031073686980191,0.03648638932114923,0.021433610933958645,-0.9247462584961664,118045.0,144053.3,1.202931085602948,0.9857462480901167,-0.08333334626836897,-0.12000001788139314,-0.2142857427955881,-0.37142857751067804,-0.08333334626836898,-0.12000001788139317,-0.21428574279558815,-0.37142857751067804,0.0,6.6666666666667,0.0,4.166667636794437,-100.0,-100.0,0.0007142858313662666,0.0007619047093959082,-128.00000000000003,-130.6423695289895,4.608491840098623,34.36371269026711,0.024655259763376267,0.13636365945427875,BUY,0,0
0.02199999988079071,0.02199999988079071,0.019999999552965164,0.019999999552965164,869712,0.0,0.0,FSG,2024-06-05 00:00:00+10:00,Telecommunication Services,-0.09090910630285254,-0.0953101967374628,-0.0020000003278255463,-0.09090910630285255,0.02199999988079071,0.9090908936971475,0.023200000077486037,0.8620689433692611,0.024850000254809858,0.804828947601079,0.028700000122189522,0.69686409295525,0.03132499996572733,0.6384676640015053,0.037559999972581866,0.5324813516391057,0.03772244531403588,0.5988252548770365,0.036864397925672546,0.5852041748607295,0.03523186455631225,0.5592885110466793,0.04873445730303659,0.7736355258211822,0.0,11.111111111111114,21.42856382593739,-0.002049273470280718,-0.0017678546194237067,-0.0002814188508570112,0.0262983872623619,0.020101612892610175,-1.0327955589737183,0.02921613823810128,0.020483862271518435,-1.1108216736174954,0.03654804710517518,0.020851953139203863,-1.1085561271594968,276227.4,170473.2,3.1485363146451073,5.101752064254088,-0.16666669253673794,-0.2000000298023219,-0.3103448231566107,-0.39393940420190166,-0.16666669253673796,-0.20000002980232195,-0.3103448231566107,-0.3939394042019017,0.0,0.0,0.0,0.0,-100.0,-100.0,0.0007142858313662666,0.0008571428202447437,-165.35433070866137,-164.04400522580667,3.6974421138946525,26.769155078501612,0.02428352337981429,0.30000005587935563,BUY,0,0
0.02199999988079071,0.02199999988079071,0.02199999988079071,0.02199999988079071,7000,0.0,0.0,FSG,2024-06-06 00:00:00+10:00,Telecommunication Services,0.1000000186264518,0.09531019673746272,0.0,0.0,0.021799999848008157,1.0091743134943567,0.023000000044703484,0.9565217320882982,0.024500000290572643,0.8979591681578915,0.028440000116825105,0.7735583611258675,0.031179999969899654,0.7055804971786057,0.037454999964684245,0.5873715098527347,0.07056615879762645,1.1202030429336738,0.05235955281177261,0.8311821329910184,0.04391644571070324,0.69715196289834,0.05017668377248743,0.796530161255592,33.33333333333333,27.272727272727266,26.666669978035685,-0.0020031645396023263,-0.0018149166034594308,-0.00018824793614289552,0.026126944397176242,0.019873055692230725,-0.3198010745288712,0.02857818424907237,0.020421816332072917,-0.6130180578469115,0.03629750691611,0.02058249331754021,-0.8195984299524239,244542.0,170823.2,0.02862493968316281,0.04097804045352153,-0.04347826791170184,-0.08333334626836897,-0.24137929262644275,-0.37142857751067804,-0.043478267911701875,-0.08333334626836898,-0.24137929262644278,-0.37142857751067804,33.333333333333336,11.111111111111144,22.222226821346247,7.407408940448771,-66.66666666666667,-77.77777317865376,0.0008571429976395198,0.0008571429089421318,-80.72072072072082,-104.72441114643694,4.003707193382368,16.66851142999367,0.02359815956751843,0.18181821260570508,BUY,0,0
0.024000000208616257,0.024000000208616257,0.02199999988079071,0.024000000208616257,1278818,0.0,0.0,FSG,2024-06-07 00:00:00+10:00,Telecommunication Services,0.09090910630285265,0.08701139110057793,0.0,0.0,0.02199999988079071,1.0909091063028526,0.022900000028312207,1.0480349423119684,0.024350000265985727,0.9856262811685311,0.02824000008404255,0.8498583617985833,0.031059999987483024,0.7726980108914391,0.03735999995842576,0.6423982932367098,0.08333719617116829,1.322936976181893,0.0593409921162282,0.9420090461483058,0.04755467417426217,0.7549070492628215,0.051990342779059916,0.8253211054223715,50.0,45.45454545454546,35.29412151414198,-0.0017846670373969607,-0.001808866690246937,2.4199652849976258e-05,0.025798275852662422,0.02000172420396199,0.3795360576320119,0.028258157020437824,0.02044184351153363,-0.08955629964707956,0.03602863670344441,0.020451363464640687,-0.5443828082650886,500305.6,232264.1,2.556073727737607,5.505878868064414,0.04347826791170184,-0.04000000596046438,-0.11111112644152343,-0.2941176792845164,0.043478267911701875,-0.04000000596046439,-0.11111112644152346,-0.2941176792845164,80.0,37.77777777777781,50.0,24.074075607115436,-20.0,-50.0,0.0008571429976395198,0.0009523810197909673,-2.777777777777749,-46.357615894039796,48.914808474857985,41.21237983037524,0.019999999552965164,0.08333334626836897,BUY,0,0
0.02500000037252903,0.02500000037252903,0.023000000044703484,0.023000000044703484,195000,0.0,0.0,FSG,2024-06-11 00:00:00+10:00,Telecommunication Services,-0.041666673134184484,-0.0425596211675102,-0.0020000003278255463,-0.08000001192092877,0.022199999913573264,1.0360360420830945,0.02269999999552965,1.0132158611996878,0.024150000233203173,0.952380945035413,0.028000000081956387,0.8214285706207917,0.030939999986439943,0.74337427455668,0.03725999995134771,0.6172839526230747,0.08304289667645334,1.3182651165379666,0.06059440704915728,0.961906391360936,0.04824077059478802,0.7657984922875594,0.05198433181215474,0.8252256842809507,50.0,41.66666666666667,37.5,-0.0016729135426205924,-0.001781676060721668,0.00010876251810107559,0.02520333151998237,0.020196668471076932,0.11984031928788161,0.027893064607287184,0.020406935859119162,-0.30723494804470564,0.035677159629230216,0.020322840534682557,-0.6512825487687577,498506.0,237615.7,0.39116881241148554,0.8206528440671218,0.045454553151426325,-0.08000001192092876,-0.14814816858869795,-0.34285714437766945,0.045454553151426276,-0.08000001192092877,-0.14814816858869795,-0.3428571443776695,60.0,57.77777777777781,42.857142857142854,38.359789892829724,-40.0,-57.142857142857146,0.0010000001639127731,0.0009523811084883553,24.08602150537632,-27.00507614213191,52.30477111098873,44.34583585725516,0.020079999566078185,0.0,HOLD,0,1
0.023000000044703484,0.023000000044703484,0.023000000044703484,0.023000000044703484,65217,0.0,0.0,FSG,2024-06-12 00:00:00+10:00,Telecommunication Services,0.0,0.0,0.0,0.0,0.02239999994635582,1.0267857187403822,0.022599999979138374,1.0176991179616965,0.024000000208616257,0.9583333268658155,0.027760000079870225,0.8285302585925283,0.030819999985396862,0.746268658520485,0.037159999944269655,0.6189451043917521,0.08304289667645334,1.3182651165379666,0.05946019383493095,0.9439013147695395,0.0477307621875644,0.7577023598151642,0.05198433181215474,0.8252256842809507,50.0,41.66666666666667,37.5,-0.0015662928439482762,-0.0017385994173669899,0.00017230657341871366,0.0249475759455499,0.02025242401272685,0.17038855026981092,0.027670652552176316,0.020329347865056198,-0.27243118397393684,0.03529289414189584,0.02022710601784461,-0.6318952577818098,483149.4,238524.95,0.13498309218639204,0.2734179380396055,0.045454553151426325,-0.041666673134184484,-0.11538463191696846,-0.34285714437766945,0.045454553151426276,-0.04166667313418449,-0.11538463191696843,-0.3428571443776695,60.0,66.6666666666667,42.857142857142854,45.23809523809526,-40.0,-57.142857142857146,0.0010000001639127731,0.0009523811084883553,-9.999999999999897,-51.68295331161782,51.20046186069067,44.72014048209008,0.02027679959833622,-0.08695653582340379,SELL,0,2
0.02199999988079071,0.023000000044703484,0.020999999716877937,0.02199999988079071,404958,0.0,0.0,FSG,2024-06-13 00:00:00+10:00,Telecommunication Services,-0.04347826791170184,-0.044451769933067604,0.0,0.0,0.02280000001192093,0.9649122749687745,0.02239999994635582,0.9821428541730785,0.023750000167638063,0.926315777915997,0.027500000074505804,0.7999999934976751,0.030689999982714652,0.7168458746556416,0.03705499993637204,0.5937120474583024,0.0700958776359954,1.1127375609339476,0.0608164920191203,0.9654318809636205,0.0473153171184796,0.7511073737979256,0.05222700743872835,0.829078040423974,50.0,41.66666666666667,37.5,-0.0015446807102698634,-0.0016998156759475648,0.00015513496567770135,0.024549935698368896,0.020250064194342745,-0.18605210187819474,0.027236818018092676,0.02026318231718345,-0.5018903659160708,0.03490931599647581,0.0200906841525358,-0.7423087706931982,390198.6,240272.85,1.0378253535507305,1.685408900755953,0.1000000186264518,-0.08333334626836897,-0.18518521073587246,-0.37142857751067804,0.10000001862645191,-0.08333334626836898,-0.18518521073587244,-0.37142857751067804,40.0,53.333333333333364,28.571428571428573,38.09523809523811,-60.0,-71.42857142857143,0.0010714287470493997,0.0010000001639127731,-70.0,-90.8396946564885,49.48731579394856,41.633742556837184,0.02046572762930393,0.045454553151426325,HOLD,0,1
0.020999999716877937,0.020999999716877937,0.019999999552965164,0.019999999552965164,74606,0.0,0.0,FSG,2024-06-14 00:00:00+10:00,Telecommunication Services,-0.09090910630285254,-0.0953101967374628,-0.0010000001639127731,-0.047619056066418024,0.02239999994635582,0.892857125038471,0.022099999897181987,0.9049773595481058,0.023400000110268594,0.8547008315691669,0.027240000069141387,0.7342143723274803,0.03053999997675419,0.6548788332740129,0.036944999936968086,0.5413452317522585,0.06838397189966737,1.0855618998560945,0.06572791962921054,1.043398377195191,0.05064136184997325,0.8039066970519784,0.05308765049254475,0.8427403253519342,40.0,30.769230769230774,29.411764705882348,-0.0016696891136216419,-0.0016937903634823802,2.4101249860738333e-05,0.024673368194460053,0.01952663159990392,-0.8160512222203329,0.02691837351658777,0.019881626703949416,-0.9663558027118027,0.03477289419414469,0.01970710594413808,-0.9611180505172764,403719.8,227835.0,0.18479648508693405,0.3274562731801523,-0.09090910630285254,-0.13043480373510563,-0.2592592950302214,-0.39393940420190166,-0.09090910630285255,-0.13043480373510563,-0.25925929503022144,-0.3939394042019017,0.0,33.333333333333364,0.0,23.809523809523828,-100.0,-100.0,0.0011428573301860265,0.0010476192193371908,-153.48837209302337,-154.04530744336574,47.2435521078755,35.3532732560609,0.02500000037252903,0.15000002793967782,BUY,0,0
0.019999999552965164,0.020999999716877937,0.019999999552965164,0.020999999716877937,385447,0.0,0.0,FSG,2024-06-17 00:00:00+10:00,Telecommunication Services,0.05000000931322601,0.04879017303917102,0.0010000001639127731,0.05000000931322596,0.021799999848008157,0.9633027460225733,0.021899999864399434,0.9589041025984418,0.02310000006109476,0.9090908944301839,0.027000000067055226,0.7777777653601434,0.03040999995544553,0.6905623067295487,0.036854999931529166,0.5698005631771172,0.052945759673856535,0.8404878784345,0.06857822686233113,1.0886456017889852,0.05255044502500596,0.8342124529316233,0.05372007801128833,0.8527798009731491,55.55555555555556,35.71428571428572,33.33333333333333,-0.001668830281364362,-0.0016887983470587765,1.9968065694414517e-05,0.024473368161677583,0.019326631567121284,-0.3497362380944176,0.02633793365569566,0.019862066466493862,-0.6485618938320645,0.034548483128392454,0.019451517005717997,-0.7948617359835973,225045.6,247104.85,1.7127506603106215,1.5598520223297923,-0.12500001940255345,-0.08695653582340379,-0.22222225288304698,-0.3636363687676175,-0.12500001940255348,-0.08695653582340375,-0.22222225288304692,-0.3636363687676175,20.0,20.00000000000003,14.285714285714286,14.285714285714308,-80.0,-85.71428571428571,0.001214285913322653,0.0010000001639127731,-114.28571428571426,-125.62162162162157,52.417771374850396,43.32625926910639,0.024900000356137753,0.09523811213283606,BUY,0,0
0.020999999716877937,0.020999999716877937,0.020999999716877937,0.020999999716877937,0,0.0,0.0,FSG,2024-06-18 00:00:00+10:00,Telecommunication Services,0.0,0.0,0.0,0.0,0.021399999782443047,0.9813084079611404,0.021799999848008157,0.9633027460225733,0.022900000028312207,0.9170305541884183,0.026760000064969064,0.7847533507433949,0.030259999968111514,0.6939854507272994,0.03676499992609024,0.571195423883989,0.05298721744371429,0.8411460001282298,0.06737291882656596,1.0695119298938107,0.05045292830801951,0.8009154073079425,0.05372007801128833,0.8527798009731491,42.857142857142854,38.46153846153846,33.33333333333333,-0.0016491393981842711,-0.0016808665572838756,3.1727159099604425e-05,0.024433122634081327,0.019166877061934987,-0.30382181011895626,0.026137933622913057,0.019662066433711357,-0.5867940944194961,0.03429289426748337,0.01922710586245475,-0.7646463886574388,186045.6,221629.15,0.0,0.0,-0.08695653582340379,-0.045454553151426325,-0.16000002384185752,-0.3636363687676175,-0.08695653582340375,-0.045454553151426276,-0.16000002384185755,-0.3636363687676175,20.0,13.333333333333362,16.666666666666668,10.31746031746034,-80.0,-83.33333333333333,0.0011428573301860265,0.0010000001639127731,-81.66666666666667,-101.94954128440362,52.74820863024313,43.32551170833426,0.0248020003400743,0.09523811213283606,BUY,0,0
0.020999999716877937,0.020999999716877937,0.020999999716877937,0.020999999716877937,0,0.0,0.0,FSG,2024-06-19 00:00:00+10:00,Telecommunication Services,0.0,0.0,0.0,0.0,0.020999999716877937,1.0,0.021699999831616877,0.9677419299460528,0.02269999999552965,0.9251101198684363,0.026600000075995923,0.7894736713113216,0.030109999980777503,0.697442701105431,0.03667499992065132,0.5725971305334087,0.05298721744371429,0.8411460001282298,0.06737291882656596,1.0695119298938107,0.05045292830801951,0.8009154073079425,0.05116247466407507,0.8121791065187132,20.0,38.46153846153846,37.5,-0.0016149184566821018,-0.001667676937163521,5.275848048141916e-05,0.02437498728983239,0.019025012373401363,-0.26168351279146196,0.02588549395210151,0.01951450603895779,-0.5336692838937938,0.03427715980152238,0.01892284035046947,-0.7294364790272707,173002.2,221629.15,0.0,0.0,-0.08695653582340379,-0.045454553151426325,-0.16000002384185752,-0.27586205789152674,-0.08695653582340375,-0.045454553151426276,-0.16000002384185755,-0.27586205789152674,20.0,20.0,20.0,16.984126984127005,-80.0,-80.0,0.0011428573301860265,0.0009047620530639376,-72.91666666666673,-92.0415224913494,52.74820863024313,49.57825417002332,0.024705960324332116,0.09523811213283606,BUY,0,0
0.02199999988079071,0.02199999988079071,0.02199999988079071,0.02199999988079071,107385,0.0,0.0,FSG,2024-06-20 00:00:00+10:00,Telecommunication Services,0.04761905606641803,0.046520023698291856,0.0,0.0,0.020999999716877937,1.047619056066418,0.021899999864399434,1.0045662108223954,0.022549999970942737,0.9756097520682598,0.026360000036656856,0.8345978698860765,0.029979999978095292,0.7338225449254463,0.036594999926164745,0.601175021865791,0.057059259394510925,0.9057876621084111,0.06115366666761704,0.9707843625735285,0.0519264236517634,0.8243064207332903,0.044994428308056805,0.7142644061198582,40.0,46.15384615384615,41.1764705882353,-0.0014899314557436892,-0.0016321278408795547,0.0001421963851358655,0.02429443825641265,0.019505561472386218,0.04176345347820695,0.02555700981913535,0.019542990122750126,-0.1829059823274636,0.033840696541431084,0.018879303531882625,-0.5828334504793189,113487.6,216998.4,0.946226724329354,0.4948653999292161,0.0,0.1000000186264518,-0.12000001788139314,-0.35294121514141963,0.0,0.10000001862645191,-0.12000001788139317,-0.3529412151414197,40.0,26.666666666666696,40.0,25.555555555555582,-60.0,-60.0,0.0010714287470493997,0.0009523811084883553,7.588075880758732,-35.897435897435905,56.64889115628853,50.87585081945713,0.024611841108904776,0.0,HOLD,0,1
0.02199999988079071,0.02199999988079071,0.02199999988079071,0.02199999988079071,23,0.0,0.0,FSG,2024-06-21 00:00:00+10:00,Telecommunication Services,0.0,0.0,0.0,0.0,0.021399999782443047,1.0280373880582894,0.021899999864399434,1.0045662108223954,0.022449999954551457,0.9799554532440204,0.026119999997317792,0.8422664580034397,0.029819999989122152,0.7377598889609641,0.03650999992154538,0.6025746351154607,0.02674733186161003,0.4246007300420066,0.052606946839989566,0.8351093914380457,0.051277556660709364,0.8140059765795639,0.044994428308056805,0.7142644061198582,40.0,46.15384615384615,41.1764705882353,-0.001375027891410252,-0.0015807078509856942,0.00020567995957544217,0.02429443825641265,0.019505561472386218,0.04176345347820695,0.025386163345358655,0.01951383656374426,-0.15326125077699929,0.033366561575477446,0.018873438419158138,-0.5685455194287332,98571.0,203562.85,0.0002333343478304978,0.00011298721746133934,0.1000000186264518,0.0,-0.08333334626836897,-0.35294121514141963,0.10000001862645191,0.0,-0.08333334626836898,-0.3529412151414197,40.0,33.333333333333364,40.0,33.33333333333335,-60.0,-60.0,0.0010714287470493997,0.0009523811084883553,14.141414141414144,-30.31496062992134,56.64889115628853,50.87585081945713,0.024519604277785986,-0.09090910630285254,SELL,0,2
0.02199999988079071,0.02199999988079071,0.019999999552965164,0.019999999552965164,686743,0.0,0.0,FSG,2024-06-24 00:00:00+10:00,Telecommunication Services,-0.09090910630285254,-0.0953101967374628,-0.0020000003278255463,-0.09090910630285255,0.02119999974966049,0.9433962164686089,0.021499999798834324,0.9302325460509778,0.022199999913573264,0.9009008842714904,0.025839999951422214,0.7739937922044918,0.029679999966174365,0.6738544331455094,0.03642499991692603,0.5490734275519252,0.050391552912034475,0.7999411031015754,0.04950335124116241,0.7858413386903783,0.053698518087303145,0.8524375477902476,0.046490073170967726,0.7380070322614597,33.33333333333333,42.857142857142854,38.888888888888886,-0.0014288780834950873,-0.001550341897487573,0.00012146381399248565,0.023660247052460726,0.019339752545207922,-0.6943650748085031,0.025072739770244348,0.01932726005690218,-0.7658195556758307,0.032923870651335264,0.018756129251509164,-0.8244081019898811,158830.2,234316.7,4.3237558096634015,2.9308325014819685,-0.04761905606641803,-0.16666669253673794,-0.2000000298023219,-0.411764750998323,-0.047619056066418024,-0.16666669253673796,-0.20000002980232195,-0.41176475099832294,0.0,26.666666666666696,0.0,26.666666666666686,-100.0,-100.0,0.0011428573301860265,0.0010000001639127731,-82.0312500000001,-98.68247694334656,50.473815956216605,46.91842922257555,0.02442921218328957,0.0,HOLD,0,1
0.019999999552965164,0.019999999552965164,0.019999999552965164,0.019999999552965164,0,0.0,0.0,FSG,2024-06-25 00:00:00+10:00,Telecommunication Services,0.0,0.0,0.0,0.0,0.020999999716877937,0.952380943933582,0.02119999974966049,0.9433962164686089,0.02194999987259507,0.9111617161299161,0.025639999955892563,0.7800311851548495,0.029539999943226578,0.6770480565810257,0.036329999910667536,0.5505092100782689,0.050391552912034475,0.7999411031015754,0.04894068314071835,0.7769092595037137,0.053698518087303145,0.8524375477902476,0.04380381237452713,0.6953639641171949,50.0,42.857142857142854,35.294117647058826,-0.0014547848940060538,-0.0015312304967912693,7.644560278521548e-05,0.02326559120628274,0.01913440829303824,-0.580947501911933,0.024662544277518853,0.019237455467671288,-0.7188823586040787,0.032808639169023796,0.018471360742761334,-0.7867602532704212,158830.2,234316.7,0.0,0.0,-0.04761905606641803,-0.13043480373510563,-0.2000000298023219,-0.33333333333333337,-0.047619056066418024,-0.13043480373510563,-0.20000002980232195,-0.3333333333333333,0.0,13.333333333333362,0.0,13.333333333333355,-100.0,-100.0,0.0011428573301860265,0.0009523811084883553,-108.94308943089425,-130.16528925619832,50.473815956216605,45.958726951736544,0.024340627930683083,0.0,HOLD,0,1
0.019999999552965164,0.019999999552965164,0.019999999552965164,0.019999999552965164,302916,0.0,0.0,FSG,2024-06-26 00:00:00+10:00,Telecommunication Services,0.0,0.0,0.0,0.0,0.020799999684095384,0.9615384546499808,0.02089999970048666,0.9569377913675022,0.021749999839812517,0.9195402161040918,0.025439999960362912,0.7861635056653458,0.029419999923557042,0.6798096398685188,0.03623999991454184,0.5518763686569399,0.050391552912034475,0.7999411031015754,0.04894068314071835,0.7769092595037137,0.05325462259774108,0.8453909253493407,0.04380381237452713,0.6953639641171949,33.33333333333333,50.0,35.294117647058826,-0.0014585035074376543,-0.0015166850989205465,5.818159148289221e-05,0.022651190059151526,0.019148809341821796,-0.5139362166244856,0.024415570226599657,0.019084429453025378,-0.6565200061952443,0.03266987005915106,0.01821012986157476,-0.752434045572905,219413.4,248402.5,1.3805720161120516,1.2194563259226456,-0.04761905606641803,-0.13043480373510563,-0.16666669253673794,-0.33333333333333337,-0.047619056066418024,-0.13043480373510563,-0.16666669253673796,-0.3333333333333333,0.0,0.0,0.0,0.0,-100.0,-100.0,0.0010000001639127731,0.0009523811084883553,-100.77519379844959,-122.27074235807869,63.241617711863846,45.958726951736544,0.024253815363128723,0.05000000931322601,BUY,0,0
0.02199999988079071,0.02199999988079071,0.02199999988079071,0.02199999988079071,110303,0.0,0.0,FSG,2024-06-27 00:00:00+10:00,Telecommunication Services,0.1000000186264518,0.09531019673746272,0.0,0.0,0.020799999684095384,1.0576923180250286,0.02089999970048666,1.0526315883286081,0.02164999982342124,1.0161662845369095,0.025299999974668027,0.8695652135501388,0.029319999907165765,0.7503410624300153,0.03615999992005527,0.6084070776944039,0.06754246885608169,1.0722034531711044,0.058945873120210525,0.9357367265378641,0.05845823325302076,0.927995683630196,0.046170945673835936,0.7329410402978606,60.0,50.0,44.44444444444444,-0.0012852516427220573,-0.0014703984076808489,0.0001851467649587916,0.022651190059151526,0.019148809341821796,0.6281442647632594,0.024101637701642326,0.019198361945200155,0.1427617269575843,0.03251958796428295,0.018080411985053106,-0.45708980881239075,219997.0,249977.65,0.5013841097833153,0.44125144787944043,0.0,0.0,-0.08333334626836897,-0.24137929262644275,0.0,0.0,-0.08333334626836898,-0.24137929262644278,40.0,13.333333333333362,40.0,13.333333333333355,-60.0,-60.0,0.0010000001639127731,0.0010000001639127731,29.45736434108531,13.145539906103384,64.38087790908548,47.50871603250102,0.02416873904692545,-0.045454553151426325,HOLD,0,1
0.02199999988079071,0.02199999988079071,0.02199999988079071,0.02199999988079071,20765,0.0,0.0,FSG,2024-06-28 00:00:00+10:00,Telecommunication Services,0.0,0.0,0.0,0.0,0.020799999684095384,1.0576923180250286,0.021099999733269214,1.0426540359667602,0.0215999998152256,1.0185185217123545,0.025159999988973142,0.8744038112254625,0.02917999992147088,0.7539410534611733,0.0360799999255687,0.6097560955148462,0.06754246885608169,1.0722034531711044,0.04932133055778287,0.7829518499202246,0.05773535628229652,0.9165203674720036,0.046170945673835936,0.7329410402978606,60.0,40.0,44.44444444444444,-0.0011348662599081592,-0.0014032919781263112,0.0002684257182181519,0.022851190091933957,0.01934880937460447,0.5139362166245214,0.023975311818419894,0.019224687812031307,0.16839895770626953,0.032358185862297786,0.0179618141156485,-0.4389995151268462,224145.4,242744.55,0.09264075907870517,0.08554260023551508,0.0,0.1000000186264518,-0.04347826791170184,-0.24137929262644275,0.0,0.10000001862645191,-0.043478267911701875,-0.24137929262644278,40.0,26.666666666666696,40.0,26.666666666666686,-60.0,-60.0,0.0008571429976395198,0.0010000001639127731,39.31623931623928,21.319796954314754,39.94142561899759,47.50871603250102,0.024085364257046247,-0.045454553151426325,HOLD,0,1
0.02199999988079071,0.02199999988079071,0.02199999988079071,0.02199999988079071,270000,0.0,0.0,FSG,2024-07-01 00:00:00+10:00,Telecommunication Services,0.0,0.0,0.0,0.0,0.02119999974966049,1.0377358556875942,0.02119999974966049,1.0377358556875942,0.021549999807029964,1.0208816741434006,0.025020000003278257,0.87929655787003,0.029039999935775995,0.7575757551461866,0.035989999929443,0.611280909250371,0.044721367879998516,0.7099297062066477,0.04738781111829764,0.7522581803683029,0.05773535628229652,0.9165203674720036,0.046170945673835936,0.7329410402978606,50.0,44.444444444444436,47.05882352941176,-0.0010041100054538725,-0.0013234555835918236,0.0003193455781379511,0.023037873217933384,0.019362126281387598,0.4352857500478558,0.023841862215777235,0.019258137398282693,0.19634689763366558,0.03218556411413277,0.01785443589242374,-0.42146020547256013,140796.8,256244.55,1.9176572194822612,1.0536809465801322,0.1000000186264518,0.04761905606641803,-0.04347826791170184,-0.24137929262644275,0.10000001862645191,0.047619056066418024,-0.043478267911701875,-0.24137929262644278,66.66666666666667,48.888888888888914,40.0,40.0,-33.333333333333336,-60.0,0.0007142858313662666,0.0009047620530639376,54.90196078431373,24.347826086956616,32.8114194755031,49.36545174211829,0.024003656962964626,-0.045454553151426325,HOLD,0,1
0.02199999988079071,0.02199999988079071,0.02199999988079071,0.02199999988079071,0,0.0,0.0,FSG,2024-07-02 00:00:00+10:00,Telecommunication Services,0.0,0.0,0.0,0.0,0.0215999998152256,1.0185185217123545,0.02129999976605177,1.0328638555130225,0.021549999807029964,1.0208816741434006,0.02488000001758337,0.884244367574064,0.02889999995008111,0.7612456719304931,0.0358999999333173,0.6128133682912189,0.044721367879998516,0.7099297062066477,0.04738781111829764,0.7522581803683029,0.05684925930544225,0.9024540140425482,0.046170945673835936,0.7329410402978606,50.0,44.444444444444436,47.05882352941176,-0.0008902227974859414,-0.0012368090263706472,0.00034658622888470575,0.0231973666732296,0.01940263285887394,0.3689323936718859,0.023841862215777235,0.019258137398282693,0.19634689763366558,0.03200156853998765,0.017758431495179094,-0.4044053115170137,140796.8,246044.65,0.0,0.0,0.1000000186264518,0.04761905606641803,0.0,-0.24137929262644275,0.10000001862645191,0.047619056066418024,0.0,-0.24137929262644278,66.66666666666667,57.77777777777781,40.0,40.0,-33.333333333333336,-60.0,0.0007142858313662666,0.0009047620530639376,66.66666666666676,29.219600725952876,34.128300352497675,49.36545174211829,0.023923583814764636,-0.045454553151426325,HOLD,0,1
0.02199999988079071,0.02199999988079071,0.02199999988079071,0.02199999988079071,5181,0.0,0.0,FSG,2024-07-03 00:00:00+10:00,Telecommunication Services,0.0,0.0,0.0,0.0,0.02199999988079071,1.0,0.021399999782443047,1.0280373880582894,0.021549999807029964,1.0208816741434006,0.024679999984800815,0.8914100443411433,0.028779999930411578,0.7644197336339636,0.035794999925419686,0.6146109771372703,0.044721367879998516,0.7099297062066477,0.04738781111829764,0.7522581803683029,0.05684925930544225,0.9024540140425482,0.04347551010720153,0.6901523271919818,100.0,50.0,50.0,-0.0007908499388502577,-0.0011476172088665693,0.00035676727001631163,0.023332183665383997,0.019467815899502097,0.3105295016923606,0.023841862215777235,0.019258137398282693,0.19634689763366558,0.0315423790684562,0.01781762090114543,-0.3905351294849406,81249.8,239203.7,0.06376631080938046,0.021659363964687837,0.1000000186264518,0.04761905606641803,0.0,-0.3125000363797863,0.10000001862645191,0.047619056066418024,0.0,-0.31250003637978635,100.0,77.77777777777781,40.0,40.0,-0.0,-60.0,0.0005714286650930132,0.0008571429976395198,66.66666666666676,29.219600725952876,44.8100019734972,51.78792998518715,0.023845112129528646,-0.045454553151426325,HOLD,0,1
0.024000000208616257,0.027000000700354576,0.024000000208616257,0.027000000700354576,105195,0.0,0.0,FSG,2024-07-04 00:00:00+10:00,Telecommunication Services,0.2272727657571314,0.20479444400367536,0.0030000004917383194,0.12500001940255348,0.023000000044703484,1.1739130716468076,0.021899999864399434,1.2328767519421626,0.021899999864399434,1.2328767519421626,0.02457999996840954,1.0984540575693753,0.02868999995291233,0.9410944839549851,0.03571499992161989,0.7559849015710137,0.10163947073346657,1.6134765776938818,0.08454492596469701,1.3421090922897352,0.07209495563237563,1.144471940313008,0.05462440341961967,0.8671355217814791,100.0,81.81818181818181,61.904761904761905,-0.00030512071142005034,-0.0009791179093772656,0.0006739971979572153,0.02594969187449349,0.01785030785430538,1.2593552357174675,0.02513793345900004,0.018662066269798827,1.5750788850208703,0.031146333413090865,0.01801366652372821,0.36854673195209386,80228.2,200977.85,1.3111973096741545,0.523415888865365,0.2272727657571314,0.2272727657571314,0.35000006519258164,-0.15625001818989315,0.2272727657571314,0.2272727657571314,0.3500000651925817,-0.15625001818989318,100.0,88.88888888888891,100.0,60.00000000000002,-0.0,-0.0,0.0007857144145028931,0.0010952382747616088,303.33333333333337,284.54404945904173,52.18547808138481,53.187887563762814,0.019999999552965164,-0.2592592950302214,SELL,0,2
0.027000000700354576,0.027000000700354576,0.027000000700354576,0.027000000700354576,65575,0.0,0.0,FSG,2024-07-05 00:00:00+10:00,Telecommunication Services,0.0,0.0,0.0,0.0,0.024000000208616257,1.1250000194025536,0.02239999994635582,1.205357177009597,0.022149999905377627,1.2189616621081545,0.024519999995827674,1.101141953709172,0.02860999995842576,0.9437259957913061,0.0356349999178201,0.7576820755611285,0.10163947073346657,1.6134765776938818,0.08454492596469701,1.3421090922897352,0.06948848631387006,1.1030955226128933,0.05392211007729046,0.8559869605941625,100.0,80.0,68.42105263157895,7.891353470241766e-05,-0.0007675116205613289,0.0008464251552637466,0.027581163256368252,0.01721883663634339,0.887831646825222,0.026111658899659804,0.01818834091109545,1.2242347970829661,0.03093732357324122,0.018102676418414128,0.3864540527854211,89190.2,203906.6,0.7352265159176681,0.3215933177248799,0.2272727657571314,0.2272727657571314,0.2272727657571314,-0.09999995653827887,0.2272727657571314,0.2272727657571314,0.2272727657571314,-0.09999995653827888,100.0,100.0,100.0,80.00000000000001,-0.0,-0.0,0.0007142858313662666,0.0010000001639127731,259.96376811594195,275.86649550706034,39.57323226592074,66.50904919536657,0.02013999957591295,-0.2592592950302214,SELL,0,2
0.027000000700354576,0.027000000700354576,0.027000000700354576,0.027000000700354576,0,0.0,0.0,FSG,2024-07-08 00:00:00+10:00,Telecommunication Services,0.0,0.0,0.0,0.0,0.02500000037252903,1.0800000119209288,0.02310000006109476,1.16883119605823,0.022299999929964544,1.2107623670471241,0.02446000002324581,1.1038430365778762,0.028519999980926514,0.9467040925109229,0.03552999991923571,0.7599212147967654,0.10163947073346657,1.6134765776938818,0.07523457113172283,1.1943117912548273,0.0670148523237983,1.0638278003789357,0.05392211007729046,0.8559869605941625,100.0,80.0,64.70588235294117,0.0003788957670239866,-0.0005382301430442658,0.0009171259100682524,0.028713476830578788,0.017486523291610732,0.6947567077254141,0.02675326675875472,0.017846733101174368,1.0554051556050341,0.030722424566461605,0.018197575480030016,0.4055938174712856,35190.2,139965.7,0.0,0.0,0.2272727657571314,0.35000006519258164,0.12500001940255356,-0.09999995653827887,0.2272727657571314,0.3500000651925817,0.12500001940255348,-0.09999995653827888,100.0,100.0,100.0,100.0,-0.0,-0.0,0.0007142858313662666,0.0009047620530639376,168.14386640976244,205.2208835341365,39.57323226592074,66.44278455843954,0.020277199598401782,-0.2592592950302214,SELL,0,2
0.027000000700354576,0.027000000700354576,0.023000000044703484,0.023000000044703484,3209,0.0,0.0,FSG,2024-07-09 00:00:00+10:00,Telecommunication Services,-0.14814816858869795,-0.1603426740706077,-0.0040000006556510925,-0.14814816858869795,0.025200000405311583,0.9126983997927084,0.023400000110268594,0.9829059801846078,0.022299999929964544,1.031390139772976,0.02430000003427267,0.9465020581178737,0.028389999996870755,0.8101444187121741,0.03538499991409481,0.6499929377007561,0.13448852138348824,2.1349390906410135,0.09451174579443401,1.5003274520797627,0.07492287941741971,1.1893638386842347,0.0575664172680132,0.9138385437608233,55.55555555555556,57.142857142857146,47.368421052631575,0.0002905183096510583,-0.0003724804525052009,0.0006629987621562593,0.02858116342028082,0.018218836800256367,-0.0772027518978486,0.02675326675875472,0.017846733101174368,0.15718800189862187,0.030282969273556816,0.018317030794988524,-0.21728341523693506,35832.0,130376.15,0.08955682071891047,0.024613397465717467,0.045454553151426325,0.15000002793967782,0.0,-0.2580645025613775,0.045454553151426276,0.15000002793967787,0.0,-0.2580645025613775,42.857142857142854,80.95238095238098,42.857142857142854,80.95238095238098,-57.142857142857146,-57.142857142857146,0.0010000001639127731,0.0010000001639127731,54.75330926594463,81.36407300672428,39.44210406673101,45.50554145596842,0.02041165562044084,-0.04347826791170184,HOLD,0,1
0.024000000208616257,0.024000000208616257,0.024000000208616257,0.024000000208616257,18000,0.0,0.0,FSG,2024-07-10 00:00:00+10:00,Telecommunication Services,0.04347826791170184,0.04255962116751017,0.0,0.0,0.025600000470876693,0.9374999909050532,0.023800000175833703,1.0084033626598723,0.02234999993816018,1.0738255156609142,0.024160000048577785,0.9933774900811332,0.028309999983757734,0.847756984188829,0.03524499990977347,0.6809476598114853,0.13461505969477505,2.1369478240589355,0.09459618798610629,1.5016679303157192,0.07547306163476335,1.1980977106214028,0.057960832921528045,0.9200996981551711,60.0,57.142857142857146,52.631578947368425,0.00029773805487441976,-0.00023843675102927677,0.0005361748059036966,0.02839951781262605,0.019200482539041358,0.04348282767364951,0.026858472235146782,0.01784152764117358,0.3659776886194716,0.029822047263197114,0.018497952833958456,-0.02825830197042705,38395.8,128015.3,0.46880127513946834,0.14060819292693919,0.09090910630285265,0.20000003725290383,0.04347826791170184,-0.2258064322305392,0.09090910630285255,0.20000003725290383,0.043478267911701875,-0.22580643223053923,57.142857142857146,66.6666666666667,57.142857142857146,66.66666666666669,-42.857142857142854,-42.857142857142854,0.0010000001639127731,0.0009523811084883553,36.521739130434824,65.62500000000007,32.04182949861725,39.32751399593716,0.020543422522039112,-0.08333334626836897,SELL,0,2
0.024000000208616257,0.024000000208616257,0.024000000208616257,0.024000000208616257,0,0.0,0.0,FSG,2024-07-11 00:00:00+10:00,Telecommunication Services,0.0,0.0,0.0,0.0,0.02500000037252903,0.9599999940395356,0.024000000208616257,1.0,0.022449999954551457,1.0690423277150412,0.02406000006943941,0.9975062402057361,0.028219999987632038,0.850460673959416,0.03512499990873039,0.6832740290670011,0.07356473682281582,1.1678039933825193,0.09066911972116416,1.4393276542520546,0.07463239043998159,1.1847524691267943,0.057289061331466155,0.909435654764318,60.0,57.142857142857146,52.631578947368425,0.00030000152415341624,-0.00013074909599273814,0.0004307506201461544,0.02842216732063752,0.019577833096594992,0.0,0.0270141631611238,0.017885836747979115,0.33960228499997924,0.029547053829249725,0.018572946309629097,-0.010934804623679881,17356.8,107767.4,0.0,0.0,-0.11111112644152343,0.09090910630285265,0.09090910630285265,-0.1724137620962749,-0.11111112644152346,0.09090910630285255,0.09090910630285255,-0.17241376209627488,57.142857142857146,52.38095238095241,57.142857142857146,52.3809523809524,-42.857142857142854,-42.857142857142854,0.0010000001639127731,0.0009523811084883553,31.164383561643803,61.03542234332436,32.04182949861725,40.71915468325351,0.02067255408560542,-0.08333334626836897,SELL,0,2
0.02500000037252903,0.02500000037252903,0.02500000037252903,0.02500000037252903,50000,0.0,0.0,FSG,2024-07-12 00:00:00+10:00,Telecommunication Services,0.041666673134184595,0.04082200072907232,0.0,0.0,0.02460000030696392,1.0162601650639767,0.02430000025779009,1.028806588778308,0.02269999999552965,1.1013216025309394,0.02398000009357929,1.0425354576717807,0.028149999976158142,0.8880994811262157,0.03500999990850687,0.7140817034522309,0.07870906864951424,1.249467729432751,0.09099988597260215,1.4445784057124424,0.0712991515434354,1.1318389420430228,0.05762396019317,0.9147520093788799,63.63636363636363,69.23076923076923,57.89473684210526,0.0003781281695798139,-2.8973642878227702e-05,0.0004071018124580416,0.028521638336199646,0.020078362179380534,0.1658124409856221,0.027246833067858686,0.018153166923200615,0.5058466718289363,0.029286754026575924,0.01867324616058266,0.19220794704791633,14241.8,106537.1,3.5107921751464004,0.46932007723131186,-0.07407408429434903,0.13636365945427875,0.25000004656612984,-0.13793099683119092,-0.07407408429434897,0.13636365945427883,0.2500000465661298,-0.1379309968311909,71.42857142857143,61.90476190476193,71.42857142857143,61.904761904761926,-28.571428571428573,-28.571428571428573,0.0009285715807761465,0.0009047620530639376,55.284552845528474,87.71929824561403,94.1317841518579,53.29808034939967,0.020799103017900403,-0.08000001192092876,SELL,0,2
0.02500000037252903,0.02500000037252903,0.02500000037252903,0.02500000037252903,0,0.0,0.0,FSG,2024-07-15 00:00:00+10:00,Telecommunication Services,0.0,0.0,0.0,0.0,0.02420000024139881,1.0330578563285162,0.02460000030696392,1.0162601650639767,0.022900000028312207,1.091703071686485,0.023900000117719172,1.0460251150373145,0.028079999964684247,0.8903134046998261,0.034879999915137884,0.7167431316901769,0.07870906864951424,1.249467729432751,0.09099988597260215,1.4445784057124424,0.07082881812382136,1.1243726304735349,0.05762396019317,0.9147520093788799,33.33333333333333,69.23076923076923,64.70588235294117,0.00043502935138591686,6.382695597460125e-05,0.0003712023954113156,0.02851010182754521,0.02068989878638263,0.10229915091965297,0.027483724845893866,0.018316275210730548,0.45814276113651337,0.02901500459291491,0.018784995642523436,0.21505362510318501,14241.8,87264.75,0.0,0.0,-0.07407408429434903,0.13636365945427875,0.19047622426567212,-0.13793099683119092,-0.07407408429434897,0.13636365945427883,0.1904762242656721,-0.1379309968311909,71.42857142857143,66.6666666666667,71.42857142857143,66.66666666666669,-28.571428571428573,-28.571428571428573,0.0009285715807761465,0.0008095239422151021,47.3818646232439,77.08502024291502,94.1317841518579,55.73241584593117,0.020923120971549487,-0.08000001192092876,SELL,0,2
0.02500000037252903,0.02500000037252903,0.02500000037252903,0.02500000037252903,0,0.0,0.0,FSG,2024-07-16 00:00:00+10:00,Telecommunication Services,0.0,0.0,0.0,0.0,0.02460000030696392,1.0162601650639767,0.024900000356137753,1.0040160648578718,0.02310000006109476,1.082251095515548,0.023840000107884406,1.0486577290014771,0.028019999973475932,0.8922198571090053,0.03475999992340803,0.7192175036713266,0.023326697331230176,0.37029984028145474,0.09099988597260215,1.4445784057124424,0.07082881812382136,1.1243726304735349,0.05742568671560191,0.9116045154995291,33.33333333333333,69.23076923076923,62.5,0.00047465244993616026,0.00014599205476691307,0.0003286603951692472,0.02835768158423936,0.021442319128036146,0.028921120772657315,0.027683724878676458,0.018516275243513063,0.41451011721874725,0.02882749517627102,0.018852505039497792,0.23258173667124407,13600.0,87264.75,0.0,0.0,0.08695653582340368,0.13636365945427875,0.19047622426567212,-0.1071428713977941,0.08695653582340375,0.13636365945427883,0.1904762242656721,-0.10714287139779408,60.0,67.61904761904765,71.42857142857143,71.42857142857143,-40.0,-28.571428571428573,0.0009285715807761465,0.0007619048867906843,39.58333333333338,68.6602870813397,94.1317841518579,41.76543785645064,0.021044658566125588,-0.08000001192092876,SELL,0,2
0.02500000037252903,0.02500000037252903,0.02500000037252903,0.02500000037252903,0,0.0,0.0,FSG,2024-07-17 00:00:00+10:00,Telecommunication Services,0.0,0.0,0.0,0.0,0.024800000339746477,1.00806451734043,0.025200000405311583,0.9920634908902463,0.023300000093877317,1.0729613850558923,0.02378000009804964,1.0513036278153527,0.027959999982267617,0.8941344917161719,0.03463999993167818,0.7217090191061636,0.018633902704860695,0.29580403506981123,0.09099988597260215,1.4445784057124424,0.07082881812382136,1.1243726304735349,0.05742568671560191,0.9116045154995291,33.33333333333333,63.63636363636363,62.5,0.0005002870433879307,0.00021685105249111662,0.0002834359908968141,0.027996824458915937,0.02240317635170723,-0.0715096941921702,0.02784683316620646,0.018753167021548174,0.373886670482248,0.028633612728694267,0.018926387467405013,0.25135921782809373,10000.0,87264.75,0.0,0.0,0.041666673134184595,0.13636365945427875,0.19047622426567212,-0.1071428713977941,0.04166667313418449,0.13636365945427883,0.1904762242656721,-0.10714287139779408,60.0,63.80952380952383,71.42857142857143,71.42857142857143,-40.0,-28.571428571428573,0.0007857144145028931,0.0007619048867906843,32.68921095008058,61.813842482100206,91.85905429626112,41.76543785645064,0.021163765408810167,-0.16000002384185752,SELL,0,2
0.026000000536441803,0.026000000536441803,0.026000000536441803,0.026000000536441803,25407,0.0,0.0,FSG,2024-07-18 00:00:00+10:00,Telecommunication Services,0.04000000596046438,0.03922071888449703,0.0,0.0,0.025200000405311583,1.0317460364390152,0.025100000388920306,1.035856579026938,0.02350000012665987,1.1063829955875522,0.023720000125467777,1.0961214333437557,0.02790999999269843,0.931565766508194,0.03452499994076788,0.7530774969166742,0.022373102333150895,0.3551619889830974,0.05489529117974262,0.8714357316604591,0.0706420170678245,1.1214072556406631,0.05748430113950639,0.9125349906328846,100.0,66.66666666666666,64.70588235294117,0.0005944419425766567,0.0002923692305082247,0.000302072712068432,0.02767336868619713,0.022526632091643482,0.3497362380945977,0.028156631702669747,0.018843368550649994,0.5368688437070012,0.028380560375215694,0.01905943987571986,0.489211658855252,15081.4,83165.85,1.6846579230044956,0.30549798986002064,0.08333334626836897,-0.037037042147174515,0.18181821260570508,-0.10344823156610694,0.08333334626836898,-0.03703704214717449,0.1818182126057051,-0.10344823156610695,80.0,66.6666666666667,85.71428571428571,76.1904761904762,-20.0,-14.285714285714286,0.0008571429976395198,0.0008095239422151021,70.96219931271482,87.91469194312805,92.6354848846671,43.25025238578692,0.021280490114641056,-0.11538463191696846,SELL,0,2
0.027000000700354576,0.027000000700354576,0.026000000536441803,0.026000000536441803,44957,0.0,0.0,FSG,2024-07-19 00:00:00+10:00,Telecommunication Services,0.0,0.0,-0.0010000001639127731,-0.03703704214717449,0.02540000043809414,1.0236220507086213,0.02500000037252903,1.0400000059604644,0.023700000159442423,1.097046428756374,0.023660000152885913,1.0989011144731742,0.027849999982863666,0.9335727307877851,0.03440999994985759,0.7555943206721628,0.01788854648559954,0.2839718719038892,0.05489529117974262,0.8714357316604591,0.0706420170678245,1.1214072556406631,0.05748430113950639,0.9125349906328846,100.0,66.66666666666666,62.5,0.0006614357588347539,0.0003661825361735306,0.00029525322266122327,0.027309401827887107,0.022690598917170953,0.4330127018811121,0.028428414488376574,0.018971585830508272,0.48642107416966396,0.028115861504685837,0.01920413880108599,0.5251510760339655,14072.8,85412.55,3.19460235347621,0.5263512212198325,0.04000000596046438,-0.037037042147174515,0.18181821260570508,-0.10344823156610694,0.04000000596046439,-0.03703704214717449,0.1818182126057051,-0.10344823156610695,80.0,73.33333333333336,85.71428571428571,80.95238095238096,-20.0,-14.285714285714286,0.0009285715807761465,0.0008095239422151021,81.39534883720927,90.62015503875973,93.71051216349646,40.54557079075054,0.021394880326355326,-0.11538463191696846,SELL,0,2
0.026000000536441803,0.026000000536441803,0.026000000536441803,0.026000000536441803,0,0.0,0.0,FSG,2024-07-22 00:00:00+10:00,Telecommunication Services,0.0,0.0,0.0,0.0,0.025600000470876693,1.0156250022737368,0.024900000356137753,1.0441767134365885,0.024000000208616257,1.083333346268369,0.023640000149607657,1.0998308109940225,0.02777999999001622,0.9359251456366404,0.0342949999589473,0.7581280235476018,0.01788854648559954,0.2839718719038892,0.05489529117974262,0.8714357316604591,0.06656942051308826,1.0567567895958798,0.05663158062820071,0.8989984721683326,100.0,66.66666666666666,62.5,0.0007063860620701891,0.0004342232413528624,0.0002721628207173267,0.026888858534229305,0.0229111421780462,0.5530812565828988,0.028495612841067518,0.019504387576164996,0.4448782605041827,0.028043339122645734,0.01923666117656958,0.53595700927968,14072.8,51075.4,0.0,0.0,0.04000000596046438,-0.037037042147174515,0.30000005587935563,-0.037037042147174515,0.04000000596046439,-0.03703704214717449,0.30000005587935574,-0.03703704214717449,80.0,80.0,85.71428571428571,85.71428571428571,-20.0,-14.285714285714286,0.0009285715807761465,0.0008095239422151021,52.53863134657826,73.28124999999997,93.71051216349646,40.54557079075054,0.021506982733835313,-0.1923077198616141,SELL,0,2
0.02500000037252903,0.02500000037252903,0.02199999988079071,0.023000000044703484,278368,0.0,0.0,FSG,2024-07-23 00:00:00+10:00,Telecommunication Services,-0.11538463191696846,-0.12260234078107948,-0.0020000003278255463,-0.08000001192092877,0.025200000405311583,0.9126983997927084,0.024900000356137753,0.9236947677004379,0.024150000233203173,0.952380945035413,0.023560000136494636,0.9762308960718676,0.027679999992251396,0.8309248573389447,0.03416499996557832,0.6732035728926177,0.058687829644081965,0.9316404133461913,0.04537566505794811,0.7203163519049637,0.0726770082266442,1.1537117387993756,0.05896662275011189,0.936066116700958,25.000000000000014,53.33333333333333,58.82352941176471,0.0004942372739584859,0.00044622604787398714,4.801122608449876e-05,0.026888858534229305,0.0229111421780462,-0.9553221704613716,0.02826799735508323,0.020032003111323117,-0.27926201851609406,0.027858268171117893,0.01926173210187138,-0.13028505604589097,69746.4,64993.8,3.991145062684239,4.28299314703864,-0.08000001192092876,0.0,0.15000002793967782,-0.14814816858869795,-0.08000001192092877,0.0,0.15000002793967787,-0.14814816858869795,20.0,60.00000000000003,42.857142857142854,71.42857142857144,-80.0,-57.142857142857146,0.001214285913322653,0.0009047620530639376,-137.6498800959233,-25.0,52.035912925313305,58.869665746633245,0.021616843093165698,-0.08695653582340379,SELL,0,2
0.023000000044703484,0.023000000044703484,0.020999999716877937,0.020999999716877937,319143,0.0,0.0,FSG,2024-07-24 00:00:00+10:00,Telecommunication Services,-0.08695653582340379,-0.09097179363135954,-0.0020000003278255463,-0.08695653582340375,0.024400000274181367,0.860655716430417,0.02460000030696392,0.8536585144242103,0.02420000024139881,0.8677685746859354,0.02346000012010336,0.8951406483106794,0.02753999998793006,0.7625272231692664,0.03402499997057021,0.6171932324773491,0.06558224287154338,1.0410858303596537,0.05028245918026897,0.7982092937984904,0.0758054462919522,1.2033741534766136,0.059993706722838894,0.9523705693054533,16.666666666666657,25.0,52.631578947368425,0.00016284731667737945,0.0003895503016346656,-0.00022670298495728615,0.027755243375178432,0.021444757238749407,-1.14095824386777,0.028125625206610452,0.020274375276187168,-0.8151569630005013,0.027759217649543606,0.019160782590663113,-0.5721972397022933,133575.0,65805.15,2.3892419988770355,4.849817985370446,-0.16000002384185752,-0.12500001940255345,0.05000000931322601,-0.1923077198616141,-0.16000002384185755,-0.12500001940255348,0.05000000931322596,-0.19230771986161407,0.0,33.333333333333364,14.285714285714286,47.61904761904763,-100.0,-85.71428571428571,0.0010000001639127731,0.0010000001639127731,-204.62670872765494,-94.91525423728815,25.898080261651515,41.87074941704961,0.027000000700354576,0.0,HOLD,0,1
0.023000000044703484,0.023000000044703484,0.023000000044703484,0.023000000044703484,86900,0.0,0.0,FSG,2024-07-25 00:00:00+10:00,Telecommunication Services,0.09523811213283606,0.0909717936313595,0.0,0.0,0.023800000175833703,0.9663865493605108,0.024500000290572643,0.9387755008947349,0.02425000024959445,0.9484536003288548,0.023380000106990338,0.9837467895402944,0.02741999998688698,0.8388037948833966,0.033894999977201225,0.6785661619759245,0.08314315591729984,1.3198566826454625,0.060751553806873984,0.9644010188024872,0.07549853463242101,1.1985020819230998,0.06130832711691478,0.9732395210925244,37.5,35.71428571428572,57.142857142857146,6.0899686079377013e-05,0.0003238201785236079,-0.0002629204924442309,0.02779983247703604,0.021200168104109247,-0.4545686450427616,0.028081999119624872,0.020418001379564028,-0.326200567194072,0.027557491494472775,0.0192025087195079,-0.09096369735806,145873.6,64635.0,0.5957212271445964,1.3444728088496944,-0.11538463191696846,-0.041666673134184484,0.045454553151426325,-0.14814816858869795,-0.11538463191696843,-0.04166667313418449,0.045454553151426276,-0.14814816858869795,33.333333333333336,17.777777777777807,33.333333333333336,30.15873015873018,-66.66666666666667,-66.66666666666667,0.0011428573301860265,0.0010952382747616088,-101.01626016260174,-52.739726027397204,26.78736531944817,46.34870771860317,0.026880000680685044,-0.17391307164680747,SELL,0,2
0.023000000044703484,0.023000000044703484,0.023000000044703484,0.023000000044703484,0,0.0,0.0,FSG,2024-07-26 00:00:00+10:00,Telecommunication Services,0.0,0.0,0.0,0.0,0.023200000077486037,0.9913793089605789,0.02430000025779009,0.9465020494117133,0.02430000025779009,0.9465020494117133,0.023300000093877317,0.9871244614607247,0.027349999994039535,0.8409506416715152,0.03375999997369945,0.6812796227079831,0.08314315591729984,1.3198566826454625,0.058779313214099925,0.9330926699980866,0.07549853463242101,1.1985020819230998,0.06130832711691478,0.9732395210925244,37.5,35.71428571428572,52.631578947368425,-1.966782719346749e-05,0.0002551225773801928,-0.0002747904045736603,0.027705878089282543,0.020894122426297637,-0.38169314268003185,0.028033208887622528,0.020566791627957652,-0.34822597448698056,0.027345658545161508,0.019254341642593126,-0.07415357791229413,136882.2,63596.75,0.0,0.0,-0.11538463191696846,-0.08000001192092876,0.045454553151426325,-0.14814816858869795,-0.11538463191696843,-0.08000001192092877,0.045454553151426276,-0.14814816858869795,33.333333333333336,22.222222222222253,33.333333333333336,26.984126984127005,-66.66666666666667,-66.66666666666667,0.0011428573301860265,0.0010000001639127731,-87.40740740740749,-56.62285136501509,26.78736531944817,40.8129875313651,0.026762400661408902,-0.17391307164680747,SELL,0,2
0.023000000044703484,0.023000000044703484,0.023000000044703484,0.023000000044703484,0,0.0,0.0,FSG,2024-07-29 00:00:00+10:00,Telecommunication Services,0.0,0.0,0.0,0.0,0.022599999979138374,1.0176991179616965,0.024100000225007533,0.9543568394176766,0.024350000265985727,0.9445585130786202,0.023220000080764292,0.9905254076100086,0.02729000000283122,0.8427995618291437,0.03362999998033047,0.683913174491696,0.08314315591729984,1.3198566826454625,0.058779313214099925,0.9330926699980866,0.07549853463242101,1.1985020819230998,0.06130832711691478,0.9732395210925244,28.57142857142857,50.0,52.631578947368425,-8.256638799477439e-05,0.00018758478430519934,-0.0002701511722999737,0.027557681453109384,0.020642318996905683,-0.31813232849921014,0.027978832773737472,0.02072116775823398,-0.37202053784472955,0.027122694714132117,0.019317305447396467,-0.056371316930569,136882.2,50096.75,0.0,0.0,-0.11538463191696846,-0.08000001192092876,0.045454553151426325,-0.14814816858869795,-0.11538463191696843,-0.08000001192092877,0.045454553151426276,-0.14814816858869795,33.333333333333336,33.333333333333336,33.333333333333336,33.333333333333336,-66.66666666666667,-66.66666666666667,0.0008571429976395198,0.0010000001639127731,-74.82993197278903,-60.774058577405924,26.89783221879513,40.8129875313651,0.026647152642518282,-0.17391307164680747,SELL,0,2
0.023000000044703484,0.023000000044703484,0.023000000044703484,0.023000000044703484,0,0.0,0.0,FSG,2024-07-30 00:00:00+10:00,Telecommunication Services,0.0,0.0,0.0,0.0,0.022599999979138374,1.0176991179616965,0.02390000019222498,0.9623430903647323,0.024400000274181367,0.9426229420595835,0.02318000007420778,0.9922346838253645,0.027230000011622905,0.8446566299994903,0.03349999998696149,0.6865671657807552,0.06445545016482285,1.0231985506730306,0.058779313214099925,0.9330926699980866,0.07549853463242101,1.1985020819230998,0.06040454361456306,0.9588924027749308,28.57142857142857,44.444444444444436,52.631578947368425,-0.00013090495969955707,0.00012388683550424806,-0.00025479179520380513,0.02735768142032689,0.02044231896412307,-0.2602900869538951,0.027918373680500784,0.02088162686786195,-0.39791121288130343,0.02704908275953334,0.019310917388882222,-0.04652266290069011,81208.6,50096.75,0.0,0.0,0.0,-0.08000001192092876,0.045454553151426325,-0.08000001192092876,0.0,-0.08000001192092877,0.045454553151426276,-0.08000001192092877,33.333333333333336,33.333333333333336,33.333333333333336,33.333333333333336,-66.66666666666667,-66.66666666666667,0.0007857144145028931,0.0010000001639127731,-66.66666666666673,-65.08108108108112,27.525825414209862,40.8129875313651,0.026534209584005475,-0.17391307164680747,SELL,0,2
0.023000000044703484,0.023000000044703484,0.023000000044703484,0.023000000044703484,0,0.0,0.0,FSG,2024-07-31 00:00:00+10:00,Telecommunication Services,0.0,0.0,0.0,0.0,0.023000000044703484,1.0,0.023700000159442423,0.970464130378495,0.024450000282377003,0.9406952874876388,0.02314000006765127,0.9939498693803592,0.027160000018775464,0.8468335798528641,0.0333699999935925,0.689241835454594,0.04259177855555402,0.6761235237235786,0.058779313214099925,0.9330926699980866,0.07549853463242101,1.1985020819230998,0.06040454361456306,0.9588924027749308,28.57142857142857,44.444444444444436,52.631578947368425,-0.00016728526562553164,6.56524152782921e-05,-0.00023293768090382373,0.027105877990935057,0.02029412232794979,-0.2055270768276979,0.02785123900448915,0.021048761560264858,-0.4263153386578757,0.026973473038950594,0.019306527096351948,-0.03652041477687411,17380.0,49837.7,0.0,0.0,0.09523811213283606,-0.08000001192092876,0.045454553151426325,-0.08000001192092876,0.09523811213283605,-0.08000001192092877,0.045454553151426276,-0.08000001192092877,33.333333333333336,33.333333333333336,33.333333333333336,33.333333333333336,-66.66666666666667,-66.66666666666667,0.0007857144145028931,0.0010000001639127731,-59.39393939393939,-69.60893854748606,27.525825414209862,40.8129875313651,0.026423525386662924,-0.17391307164680747,SELL,0,2
0.023000000044703484,0.023000000044703484,0.02199999988079071,0.02199999988079071,26996,0.0,0.0,FSG,2024-08-01 00:00:00+10:00,Telecommunication Services,-0.04347826791170184,-0.044451769933067604,-0.0010000001639127731,-0.043478267911701875,0.02280000001192093,0.9649122749687745,0.023300000093877317,0.944205999663141,0.02420000024139881,0.9090908950965806,0.023080000057816505,0.9532062316152364,0.02702000003308058,0.8142116896319807,0.03323499999940396,0.6619527570689112,0.01944407251890308,0.3086650821559368,0.05731805677190807,0.9098959431117025,0.055013626176678244,0.8733142415001826,0.060717956732380944,0.9638676817791598,40.0,33.33333333333333,50.0,-0.000273654062368265,-2.2088802510193367e-06,-0.00027144518211724564,0.026434043080575967,0.020165957107178667,-0.4147997390603778,0.027546640896053153,0.020853359586744467,-0.6573757351415805,0.026888476728468145,0.019271523387164865,-0.2835779946739186,5399.2,45927.75,5.0,0.5877927832301821,-0.04347826791170184,-0.15384617588929128,-0.18518521073587246,-0.12000001788139314,-0.043478267911701875,-0.15384617588929125,-0.18518521073587244,-0.12000001788139317,16.666666666666668,27.777777777777803,16.666666666666668,27.7777777777778,-83.33333333333333,-83.33333333333333,0.0007857144145028931,0.0010476192193371908,-80.90452261306527,-104.4067796610169,21.522921014030175,39.79288841806653,0.026315054873267223,-0.13636365945427886,SELL,0,2
0.02199999988079071,0.02199999988079071,0.019999999552965164,0.019999999552965164,484739,0.0,0.0,FSG,2024-08-02 00:00:00+10:00,Telecommunication Services,-0.09090910630285254,-0.0953101967374628,-0.0020000003278255463,-0.09090910630285255,0.022199999913573264,0.9009008842714904,0.02269999999552965,0.8810572492028105,0.02385000018402934,0.8385743982659485,0.023000000044703484,0.8695651962648944,0.02686000004410744,0.7446016202577325,0.03308499999344349,0.604503538066453,0.04044388742359157,0.6420268090530966,0.06170576510745452,0.9795486535997489,0.057936754527795044,0.9197174655044466,0.061806112623909566,0.9811416210390869,40.0,27.272727272727266,29.411764705882348,-0.0005134170596158283,-0.00010445051612398116,-0.0004089665434918471,0.025834042982228494,0.019565957008830806,-0.8615071503561139,0.027420346469714287,0.020279653898344394,-1.0783269529066368,0.026896624025410498,0.01910337606399647,-0.769897353861173,102347.0,66885.95,4.736230666262812,7.247246992828838,-0.13043480373510563,-0.23076926383393692,-0.2592592950302214,-0.16666669253673794,-0.13043480373510563,-0.23076926383393687,-0.25925929503022144,-0.16666669253673796,0.0,16.666666666666696,0.0,16.666666666666686,-100.0,-100.0,0.0009285715807761465,0.0009047620530639376,-140.0,-164.57446808510636,13.787569956101507,21.855615188624895,0.026208753770139436,-0.0500000093132259,SELL,0,2
0.019999999552965164,0.019999999552965164,0.019999999552965164,0.019999999552965164,200000,0.0,0.0,FSG,2024-08-05 00:00:00+10:00,Telecommunication Services,0.0,0.0,0.0,0.0,0.0215999998152256,0.9259259131505819,0.022099999897181987,0.9049773595481058,0.02350000012665987,0.8510638061774269,0.022900000028312207,0.8733624248139016,0.026700000055134298,0.7490636521223245,0.032939999997615814,0.6071645280635324,0.04044388742359157,0.6420268090530966,0.06170576510745452,0.9795486535997489,0.057936754527795044,0.9197174655044466,0.06148815655040017,0.9760942248489963,0.0,27.272727272727266,29.411764705882348,-0.0006954146550705725,-0.0002226433439132995,-0.00047277131115727305,0.024673368194460015,0.01952663159990396,-0.8160512222203452,0.027141862595572847,0.019858137657746893,-0.9610468828987342,0.026843478886658247,0.018956521169966167,-0.7353914093413831,142347.0,76885.95,1.4050173168384301,2.6012554959651277,-0.13043480373510563,-0.23076926383393692,-0.2592592950302214,-0.2000000298023219,-0.13043480373510563,-0.23076926383393687,-0.25925929503022144,-0.20000002980232195,0.0,5.555555555555585,0.0,5.555555555555575,-100.0,-100.0,0.0009285715807761465,0.0009047620530639376,-152.62745098039215,-174.45932028836248,12.057311819064324,15.142814009472673,0.025960403601452464,-0.0500000093132259,SELL,0,2
0.019999999552965164,0.019999999552965164,0.019999999552965164,0.019999999552965164,0,0.0,0.0,FSG,2024-08-06 00:00:00+10:00,Telecommunication Services,0.0,0.0,0.0,0.0,0.020999999716877937,0.952380943933582,0.021799999848008157,0.9174311785507899,0.023350000102072953,0.8565310263613067,0.02280000001192093,0.8771929623907109,0.026540000066161154,0.7535794839151272,0.03279500000178814,0.609849048692626,0.04044388742359157,0.6420268090530966,0.05291113649621508,0.8399382525286714,0.04847670853424113,0.769543890963387,0.06148815655040017,0.9760942248489963,0.0,27.272727272727266,29.411764705882348,-0.0008300804104260477,-0.0003441307572158492,-0.0004859496532101985,0.024596823901613767,0.019003175794402548,-0.6435872477292479,0.027311659096355384,0.019388341107790523,-0.8456054783974584,0.026779540171989795,0.018820459851852066,-0.7035989954445677,142347.0,76725.5,0.0,0.0,-0.13043480373510563,-0.13043480373510563,-0.13043480373510563,-0.2000000298023219,-0.13043480373510563,-0.13043480373510563,-0.13043480373510563,-0.20000002980232195,0.0,0.0,0.0,0.0,-100.0,-100.0,0.0009285715807761465,0.0009047620530639376,-136.4779874213837,-157.53564154786147,12.057311819064324,15.142814009472673,0.025721987439512973,-0.0500000093132259,SELL,0,2
0.019999999552965164,0.020999999716877937,0.01899999938905239,0.020999999716877937,524623,0.0,0.0,FSG,2024-08-07 00:00:00+10:00,Telecommunication Services,0.05000000931322601,0.04879017303917102,0.0010000001639127731,0.05000000931322596,0.020599999651312827,1.019417479239599,0.021799999848008157,0.9633027460225733,0.023200000077486037,0.905172398566367,0.02274000000208616,0.9234828370691031,0.026390000078827143,0.7957559550644475,0.03265500000678003,0.6430868079166372,0.05298721744371427,0.8411460001282295,0.049118168681689646,0.7797267551200326,0.04884628205770311,0.7754106887687928,0.061688988278025034,0.9792823296889974,25.000000000000014,27.272727272727266,42.857142857142854,-0.0008463560699459756,-0.00044457581976187454,-0.00040178025018410105,0.024596823901613767,0.019003175794402548,-0.28603877676855494,0.02728334303103815,0.019116657123933924,-0.5387743291790645,0.02673612122483621,0.01874387877933611,-0.4354222978277899,247271.6,102056.65,2.121646804566315,5.140507747412834,-0.08695653582340379,0.0,-0.12500001940255345,-0.12500001940255345,-0.08695653582340375,0.0,-0.12500001940255348,-0.12500001940255348,25.0,8.333333333333362,25.0,8.333333333333352,-75.0,-75.0,0.0010000001639127731,0.0008095239422151021,-100.46296296296293,-126.66025024061602,33.069835788261784,35.638374695085574,0.02549310792405106,-0.09523811213283606,SELL,0,2
0.020999999716877937,0.020999999716877937,0.020999999716877937,0.020999999716877937,0,0.0,0.0,FSG,2024-08-08 00:00:00+10:00,Telecommunication Services,0.0,0.0,0.0,0.0,0.020399999618530274,1.0294117700768315,0.0215999998152256,0.9722222174314682,0.023050000052899124,0.9110628923506945,0.022679999992251395,0.9259259137589317,0.026250000074505807,0.7999999869437445,0.03251500001177192,0.6458557499392581,0.05106308768769464,0.8106013871803455,0.03642755914171578,0.5782695741484647,0.04884628205770311,0.7754106887687928,0.061688988278025034,0.9792823296889974,25.000000000000014,27.272727272727266,38.46153846153846,-0.0008494625716217487,-0.0005255531701338494,-0.0003239094014878993,0.024299794488650543,0.018900205141800658,-0.2222391592418793,0.02722889507662772,0.018871105029170526,-0.4905603812445338,0.02668897018464366,0.01867102979985913,-0.4190603059512782,241872.4,102056.65,0.0,0.0,-0.045454553151426325,-0.08695653582340379,-0.12500001940255345,-0.12500001940255345,-0.045454553151426276,-0.08695653582340375,-0.12500001940255348,-0.12500001940255348,28.571428571428573,17.857142857142886,25.0,16.666666666666686,-71.42857142857143,-75.0,0.0009285715807761465,0.0007619048867906843,-58.333333333333336,-89.04363974001855,31.122845848851,35.98994589194264,0.02510352141195114,-0.04761905606641803,HOLD,0,1
0.02199999988079071,0.024000000208616257,0.020999999716877937,0.020999999716877937,87058,0.0,0.0,FSG,2024-08-09 00:00:00+10:00,Telecommunication Services,0.0,0.0,-0.0010000001639127731,-0.045454553151426276,0.020599999651312827,1.019417479239599,0.021399999782443047,0.9813084079611404,0.022850000020116567,0.9190371859251669,0.022639999985694884,0.9275618255365201,0.02611000007018447,0.8042895312305363,0.03237500001676381,0.6486486395676947,0.02236068393999962,0.3549648531033296,0.03642755914171578,0.5782695741484647,0.04760180774994437,0.7556552715807595,0.061406925594690166,0.9748047234035837,25.000000000000014,27.272727272727266,38.46153846153846,-0.0008422159553093563,-0.0005888857271689509,-0.0002533302281404054,0.023929822325303454,0.01887017723958264,-0.15811388300494772,0.027018807171499463,0.01868119286873367,-0.44377209980196347,0.02667575918047114,0.01860424079091863,-0.4063672260078615,162336.2,103909.55,0.5362821108292544,0.8378248197591078,0.05000000931322601,-0.08695653582340379,-0.16000002384185752,-0.08695653582340379,0.05000000931322596,-0.08695653582340375,-0.16000002384185755,-0.08695653582340375,33.333333333333336,28.968253968254,25.0,25.0,-66.66666666666667,-75.0,0.0011428573301860265,0.0009047620530639376,7.291666666666696,-44.36160298229265,34.2186453418484,38.672202828585455,0.024737310090577214,-0.1904761355682828,SELL,0,2
0.020999999716877937,0.020999999716877937,0.020999999716877937,0.020999999716877937,0,0.0,0.0,FSG,2024-08-12 00:00:00+10:00,Telecommunication Services,0.0,0.0,0.0,0.0,0.020799999684095384,1.0096153863375048,0.02119999974966049,0.9905660360781016,0.022649999987334014,0.9271523058993923,0.022599999979138374,0.9292035281532139,0.026000000052154065,0.8076922951828269,0.032235000021755694,0.6514657888228585,0.02236068393999962,0.3549648531033296,0.03642755914171578,0.5782695741484647,0.04760180774994437,0.7556552715807595,0.061406925594690166,0.9748047234035837,33.33333333333333,37.5,33.33333333333333,-0.0008269405042918461,-0.0006364966825935299,-0.00019044382169831615,0.023470584970690513,0.018929414528630468,-0.08808303292480063,0.026767997109213786,0.018532002865454242,-0.4006802874361623,0.026660763617197214,0.018539236341079533,-0.3940146250485247,122336.2,103909.55,0.0,0.0,0.05000000931322601,-0.08695653582340379,-0.16000002384185752,-0.08695653582340379,0.05000000931322596,-0.08695653582340375,-0.16000002384185755,-0.08695653582340375,40.0,33.968253968254,25.0,25.0,-60.0,-75.0,0.0008571429976395198,0.0008571429976395198,-45.45454545454543,-77.77777777777773,40.37251287986444,36.94783120471562,0.024393071448485727,-0.1904761355682828,SELL,0,2
0.02199999988079071,0.02199999988079071,0.020999999716877937,0.020999999716877937,89280,0.0,0.0,FSG,2024-08-13 00:00:00+10:00,Telecommunication Services,0.0,0.0,-0.0010000001639127731,-0.045454553151426276,0.020999999716877937,1.0,0.020999999716877937,1.0,0.022449999954551457,0.9354120160085101,0.02257999997586012,0.9300265606434308,0.02590000005438924,0.8108107981767781,0.03209500002674758,0.6543075151698643,0.02236068393999962,0.3549648531033296,0.03642755914171578,0.5782695741484647,0.04760180774994437,0.7556552715807595,0.0610856914313396,0.9697052891505227,100.0,50.0,33.33333333333333,-0.0008055487349272264,-0.0006703070930602693,-0.00013524164186695707,0.022885618109193692,0.019114381324562182,0.0,0.02647492297375448,0.018425076935348433,-0.36025539637789994,0.026662616853084076,0.01849738309863616,-0.3870067426107659,140192.2,108373.55,0.6368399953777741,0.8238172506114269,0.05000000931322601,-0.08695653582340379,-0.16000002384185752,-0.045454553151426325,0.05000000931322596,-0.08695653582340375,-0.16000002384185755,-0.045454553151426276,40.0,37.77777777777781,25.0,25.0,-60.0,-75.0,0.0007857144145028931,0.0009047620530639376,-22.222222222222317,-57.507082152974476,52.99789815202264,39.538176271543136,0.024069487124919728,-0.1904761355682828,SELL,0,2
0.020999999716877937,0.020999999716877937,0.020999999716877937,0.020999999716877937,0,0.0,0.0,FSG,2024-08-14 00:00:00+10:00,Telecommunication Services,0.0,0.0,0.0,0.0,0.020999999716877937,1.0,0.020799999684095384,1.0096153863375048,0.022249999921768904,0.94382021531299,0.022559999972581863,0.9308510524113537,0.025760000050067903,0.8152173787291037,0.03195000002160668,0.6572769859992602,0.0,0.0,0.03642755914171578,0.5782695741484647,0.04760180774994437,0.7556552715807595,0.0610856914313396,0.9697052891505227,100.0,25.000000000000014,33.33333333333333,-0.0007796087591010713,-0.0006921674262684298,-8.74413328326415e-05,0.022064910955609397,0.01953508841258137,0.15811388299447005,0.026136549562455626,0.018363450281082182,-0.32162208654309155,0.026663955930071422,0.018456044015092304,-0.3801211006801831,35267.6,108373.55,0.0,0.0,0.0,-0.08695653582340379,-0.16000002384185752,-0.045454553151426325,0.0,-0.08695653582340375,-0.16000002384185755,-0.045454553151426276,40.0,40.0,25.0,25.0,-60.0,-75.0,0.0006428572482296399,0.0009047620530639376,-36.26126126126123,-64.92753623188413,49.77051121654246,39.538176271543136,0.023765317860767687,0.04761905606641803,HOLD,0,1
0.020999999716877937,0.020999999716877937,0.019999999552965164,0.019999999552965164,732863,0.0,0.0,FSG,2024-08-15 00:00:00+10:00,Telecommunication Services,-0.04761905606641803,-0.04879017303917098,-0.0010000001639127731,-0.047619056066418024,0.020799999684095384,0.9615384546499808,0.020599999651312827,0.9708737811406019,0.02194999987259507,0.9111617161299161,0.022559999972581863,0.8865248039570932,0.025630000047385693,0.7803355253994704,0.03180500002577901,0.6288319300976104,0.021295889277777303,0.33806176186179393,0.03689070592440942,0.585621801393627,0.047021318871341485,0.7464402963110275,0.060056442711768486,0.9533664722552218,50.0,20.0,30.769230769230774,-0.000830173078761931,-0.0007197685567671301,-0.00011040452199480094,0.02163279537972672,0.019567203922898936,-0.5809475018541269,0.025532119797112323,0.018367879948077818,-0.5443704735521103,0.026663955930071422,0.018456044015092304,-0.6237884729110698,181840.2,143746.35,4.030258435703436,5.098306843965081,-0.04761905606641803,-0.09090910630285254,-0.23076926383393692,0.0,-0.047619056066418024,-0.09090910630285255,-0.23076926383393687,0.0,20.0,33.333333333333364,12.5,20.833333333333353,-80.0,-87.5,0.0007142858313662666,0.0009523811084883553,-72.96969696969704,-86.19662363455805,32.91835088787337,29.9209230533814,0.02347939875246477,0.05000000931322601,BUY,0,0
0.019999999552965164,0.019999999552965164,0.019999999552965164,0.019999999552965164,0,0.0,0.0,FSG,2024-08-16 00:00:00+10:00,Telecommunication Services,0.0,0.0,0.0,0.0,0.020599999651312827,0.9708737811406019,0.020599999651312827,0.9708737811406019,0.02164999982342124,0.923787515754569,0.022519999966025352,0.888099448629575,0.025480000041425227,0.7849293375372562,0.031660000029951334,0.6317119246381727,0.021295889277777303,0.33806176186179393,0.023014508800954864,0.36534400100180336,0.047021318871341485,0.7464402963110275,0.058358311931768936,0.9264094818299641,0.0,20.0,25.000000000000014,-0.0008603283368579101,-0.0007478805127852862,-0.00011244782407262394,0.02163279537972672,0.019567203922898936,-0.5809475018541269,0.024780495505006744,0.018519504141835737,-0.5270731661320801,0.02668477028486895,0.018355229647181753,-0.6050754831925278,164428.6,141498.5,0.0,0.0,-0.04761905606641803,0.0,-0.23076926383393692,-0.09090910630285254,-0.047619056066418024,0.0,-0.23076926383393687,-0.09090910630285255,20.0,26.666666666666696,12.5,16.666666666666686,-80.0,-87.5,0.0007142858313662666,0.0009047620530639376,-89.59999999999992,-94.97863247863243,32.91835088787337,29.157040679741385,0.023210634790660028,0.05000000931322601,BUY,0,0
0.019999999552965164,0.019999999552965164,0.019999999552965164,0.019999999552965164,0,0.0,0.0,FSG,2024-08-19 00:00:00+10:00,Telecommunication Services,0.0,0.0,0.0,0.0,0.020399999618530274,0.9803921532821123,0.020599999651312827,0.9708737811406019,0.021349999774247407,0.9367681388497893,0.02243999995291233,0.8912655790968264,0.02534000001847744,0.7892659644191614,0.03151500003412366,0.6346184207935797,0.021295889277777303,0.33806176186179393,0.023014508800954864,0.36534400100180336,0.047021318871341485,0.7464402963110275,0.05685658806754933,0.9025703545342679,0.0,20.0,25.000000000000014,-0.0008741499397894245,-0.0007731343981861139,-0.00010101554160331057,0.02163279537972672,0.019567203922898936,-0.5809475018541269,0.02380163765246844,0.018898361896026374,-0.5506523754078378,0.02664223522705382,0.01823776467877084,-0.5806434530121963,164428.6,141498.5,0.0,0.0,-0.04761905606641803,0.0,-0.23076926383393692,-0.16666669253673794,-0.047619056066418024,0.0,-0.23076926383393687,-0.16666669253673796,20.0,20.0,14.285714285714286,13.095238095238114,-80.0,-85.71428571428571,0.0007142858313662666,0.0008571429976395198,-83.87096774193539,-90.64748201438847,32.91835088787337,27.745546269145635,0.02295799666656357,0.05000000931322601,BUY,0,0
0.02199999988079071,0.02199999988079071,0.02199999988079071,0.02199999988079071,218145,0.0,0.0,FSG,2024-08-20 00:00:00+10:00,Telecommunication Services,0.1000000186264518,0.09531019673746272,0.0,0.0,0.020599999651312827,1.0679611773385957,0.020799999684095384,1.0576923180250286,0.02129999976605177,1.0328638555130225,0.022419999949634076,0.9812667230246707,0.02521000001579523,0.8726695702898332,0.03138000003993511,0.7010834879793775,0.05412676135287497,0.859235698878295,0.03904327060682346,0.6197927063775166,0.04675017495220667,0.7421360200337987,0.058353914561478426,0.926339675740696,66.66666666666666,42.857142857142854,35.71428571428572,-0.0007154728226039381,-0.0007616020830696789,4.612926046574078e-05,0.022064910955609397,0.01953508841258137,0.9486832979668256,0.02364857194540573,0.01895142758669781,0.2980534815546929,0.026620875182732987,0.018219124716535164,-0.09997918184624081,190201.6,138487.35,1.1469146421481207,1.5751980235017855,0.04761905606641803,0.1000000186264518,-0.04347826791170184,-0.04347826791170184,0.047619056066418024,0.10000001862645191,-0.043478267911701875,-0.043478267911701875,60.0,33.333333333333364,50.0,25.595238095238113,-40.0,-50.0,0.0008571429976395198,0.0009523811084883553,114.28571428571414,30.04291845493553,39.514237951774945,33.14536018604879,0.0227205168299129,-0.045454553151426325,HOLD,0,1
0.02199999988079071,0.02199999988079071,0.02199999988079071,0.02199999988079071,53643,0.0,0.0,FSG,2024-08-21 00:00:00+10:00,Telecommunication Services,0.0,0.0,0.0,0.0,0.020799999684095384,1.0576923180250286,0.02089999970048666,1.0526315883286081,0.021349999774247407,1.0304449701834348,0.02239999994635582,0.9821428541730785,0.025080000013113023,0.8771929772443404,0.031275000032037495,0.7034372456676049,0.05412676135287497,0.859235698878295,0.03650449242075992,0.5794908520918378,0.04217307078738867,0.6694767439641202,0.058353914561478426,0.926339675740696,66.66666666666666,50.0,45.45454545454545,-0.0005829996074574254,-0.0007258815879472283,0.00014288198048980293,0.022375729517218404,0.019424269883754917,0.7453940198485586,0.023714206938672166,0.01898579260982265,0.2749336506225572,0.02659912590799305,0.01820087398471859,-0.09525793444146909,200930.2,125212.35,0.2669733071484525,0.4284162065483157,0.04761905606641803,0.04761905606641803,0.04761905606641803,-0.04347826791170184,0.047619056066418024,0.047619056066418024,0.047619056066418024,-0.043478267911701875,60.0,46.66666666666669,60.0,41.428571428571445,-40.0,-40.0,0.0007857144145028931,0.0007619048867906843,120.98765432098766,36.33587786259544,40.008441822384725,36.87507130559214,0.022497285783461267,-0.09090910630285254,SELL,0,2
0.02199999988079071,0.02199999988079071,0.02199999988079071,0.02199999988079071,0,0.0,0.0,FSG,2024-08-22 00:00:00+10:00,Telecommunication Services,0.0,0.0,0.0,0.0,0.02119999974966049,1.0377358556875942,0.020999999716877937,1.047619056066418,0.02129999976605177,1.0328638555130225,0.02239999994635582,0.9821428541730785,0.024950000010430812,0.8817635219075431,0.031155000030994414,0.7061466813963765,0.0447213678799985,0.7099297062066475,0.03650449242075992,0.5794908520918378,0.03618023890491197,0.5743434871038057,0.058004298506184895,0.9207896929207234,66.66666666666666,75.0,55.55555555555556,-0.0004725661812605038,-0.0006752185066098835,0.0002026523253493797,0.02263299314648813,0.019367006287267743,0.6123724356634309,0.023557152510556366,0.019042847021547175,0.3101252746156428,0.02659912590799305,0.01820087398471859,-0.09525793444146909,54357.6,120867.35,0.0,0.0,0.1000000186264518,0.04761905606641803,-0.04347826791170184,0.0,0.10000001862645191,0.047619056066418024,-0.043478267911701875,0.0,60.0,60.0,60.0,56.666666666666686,-40.0,-40.0,0.0006428572482296399,0.0006666667759418488,101.9417475728156,34.68468468468479,50.503944836594805,41.89366627099752,0.022287448599796734,-0.09090910630285254,SELL,0,2
0.02199999988079071,0.023000000044703484,0.02199999988079071,0.023000000044703484,95707,0.0,0.0,FSG,2024-08-23 00:00:00+10:00,Telecommunication Services,0.045454553151426325,0.04445176993306769,0.0010000001639127731,0.045454553151426276,0.021799999848008157,1.05504588096614,0.02119999974966049,1.0849056752970867,0.02129999976605177,1.0798122205316263,0.022459999956190586,1.0240427466414157,0.024850000012665987,0.9255533212466976,0.031045000022277235,0.7408600427830301,0.044256958880128254,0.702557441884986,0.038552296104974286,0.6119987277857162,0.03768252304020811,0.5981915084271135,0.056757374448011697,0.9009953871504651,75.0,80.0,50.0,-0.0003008868037141961,-0.0006003521660307461,0.00029946536231655,0.023265591206282674,0.019134408293038307,0.8714212528679287,0.023557152510556366,0.019042847021547175,0.7531613812094192,0.02660453231681781,0.018315467595563364,0.13029216363294965,73499.0,125652.7,1.3021537707996027,0.7616788178845342,0.15000002793967782,0.09523811213283606,0.0,0.15000002793967782,0.15000002793967787,0.09523811213283605,0.0,0.15000002793967787,80.0,66.6666666666667,80.0,66.66666666666669,-20.0,-20.0,0.0007142858313662666,0.0006190477205174309,136.6366366366366,81.22137404580155,59.013654814754105,42.08818765392795,0.01899999938905239,-0.13043480373510563,SELL,0,2
0.023000000044703484,0.023000000044703484,0.023000000044703484,0.023000000044703484,0,0.0,0.0,FSG,2024-08-26 00:00:00+10:00,Telecommunication Services,0.0,0.0,0.0,0.0,0.02239999994635582,1.0267857187403822,0.021399999782443047,1.0747663681554382,0.02129999976605177,1.0798122205316263,0.022499999962747097,1.0222222259015212,0.02475000001490116,0.9292929305396339,0.030935000013560057,0.7434944249109958,0.044256958880128254,0.702557441884986,0.038552296104974286,0.6119987277857162,0.03768252304020811,0.5981915084271135,0.05637578480788277,0.8949378394065065,100.0,80.0,50.0,-0.0001629512594404324,-0.0005128719847126834,0.000349920725272251,0.023747575748855058,0.019052423816031037,0.6815542010791009,0.023557152510556366,0.019042847021547175,0.7531613812094192,0.02662558037561352,0.018374419549880675,0.12119508818614695,73499.0,125652.7,0.0,0.0,0.15000002793967782,0.09523811213283606,0.0,0.09523811213283606,0.15000002793967787,0.09523811213283605,0.0,0.09523811213283605,80.0,73.33333333333336,80.0,73.33333333333336,-20.0,-20.0,0.0007142858313662666,0.0006190477205174309,137.2549019607843,103.6641221374046,59.013654814754105,42.08818765392795,0.019079999402165412,-0.26086952648563966,SELL,0,2
0.023000000044703484,0.023000000044703484,0.023000000044703484,0.023000000044703484,0,0.0,0.0,FSG,2024-08-27 00:00:00+10:00,Telecommunication Services,0.0,0.0,0.0,0.0,0.022599999979138374,1.0176991179616965,0.0215999998152256,1.0648148259932408,0.02129999976605177,1.0798122205316263,0.022539999969303608,1.0204081666382578,0.024650000017136336,0.9330628814894201,0.030825000004842878,0.7461476087944844,0.02032789414669378,0.3226953155387837,0.038552296104974286,0.6119987277857162,0.03768252304020811,0.5981915084271135,0.05637578480788277,0.8949378394065065,100.0,75.0,50.0,-5.30251064118116e-05,-0.000420902609052509,0.0003678775026406974,0.02412982235808592,0.01907017727236528,0.5533985905173358,0.023557152510556366,0.019042847021547175,0.7531613812094192,0.026644950367176436,0.01843504957143078,0.11205983771161923,29870.0,125652.7,0.0,0.0,0.045454553151426325,0.09523811213283606,0.0,0.09523811213283606,0.045454553151426276,0.09523811213283605,0.0,0.09523811213283605,75.0,78.33333333333336,80.0,80.0,-25.0,-20.0,0.0005714286650930132,0.0006190477205174309,114.8148148148147,103.6641221374046,41.99478230668695,42.08818765392795,0.019158399415016174,-0.3043477943973416,SELL,0,2
0.020999999716877937,0.020999999716877937,0.020999999716877937,0.020999999716877937,137519,0.0,0.0,FSG,2024-08-28 00:00:00+10:00,Telecommunication Services,-0.08695653582340379,-0.09097179363135954,0.0,0.0,0.02239999994635582,0.9374999896057747,0.0215999998152256,0.9722222174314682,0.02119999974966049,0.9905660360781016,0.022539999969303608,0.9316770073414845,0.024570000022649766,0.8547008423898723,0.03070499999448657,0.6839276899739041,0.04817435160814776,0.764744123561661,0.04931001535659612,0.7827722266699757,0.0424758667938538,0.6742834815506616,0.05780428548346953,0.9176145846182484,60.0,50.0,39.99999999999999,-0.00012584053852177784,-0.0003618901949463628,0.00023604965642458494,0.02412982235808592,0.01907017727236528,-0.2371708245074292,0.023312618825028393,0.019087380674292588,-0.0946692355069852,0.026644950367176436,0.01843504957143078,-0.3751568479910728,46645.2,132528.65,2.948191882551688,1.037654876888884,-0.045454553151426325,0.0,-0.08695653582340379,0.0,-0.045454553151426276,0.0,-0.08695653582340375,0.0,25.0,60.00000000000003,40.0,66.66666666666669,-75.0,-60.0,0.0007142858313662666,0.0007142858313662666,-40.740740740740854,-26.307189542483716,37.75106104904557,39.83173238644938,0.01923523142760992,-0.1904761355682828,SELL,0,2
0.020999999716877937,0.023000000044703484,0.019999999552965164,0.023000000044703484,753381,0.0,0.0,FSG,2024-08-29 00:00:00+10:00,Telecommunication Services,0.09523811213283606,0.0909717936313595,0.0020000003278255463,0.09523811213283605,0.022599999979138374,1.0176991179616965,0.021899999864399434,1.0502283190463488,0.02124999975785613,1.082352955613582,0.022559999972581863,1.0195035493198745,0.02446000000461936,0.9403107130155295,0.03059499998576939,0.7517568248210963,0.06730590465431441,1.068448112889244,0.0540929004682868,0.8586981739995373,0.04674527511304051,0.7420582374984115,0.058958602829974414,0.9359388044156478,60.0,62.50000000000001,50.0,-2.191140033669728e-05,-0.0002938944360244297,0.00027198303568773245,0.024294438256412594,0.019505561472386274,0.4593979882602904,0.023486068101816603,0.01901393141389566,0.7826237921457234,0.026663955930071422,0.018456044015092304,0.10721364378159023,197321.4,168847.9,3.818040009851947,4.461891441942719,0.045454553151426325,0.15000002793967782,0.045454553151426325,0.045454553151426325,0.045454553151426276,0.15000002793967787,0.045454553151426276,0.045454553151426276,100.0,66.6666666666667,80.0,66.66666666666669,-0.0,-20.0,0.0007142858313662666,0.0008571429976395198,37.037037037036924,52.16637781629106,58.85598122140209,53.989101736707795,0.019310526799951794,-0.26086952648563966,SELL,0,2
0.023000000044703484,0.023000000044703484,0.023000000044703484,0.023000000044703484,0,0.0,0.0,FSG,2024-08-30 00:00:00+10:00,Telecommunication Services,0.0,0.0,0.0,0.0,0.022599999979138374,1.0176991179616965,0.022199999913573264,1.0360360420830945,0.021399999782443047,1.0747663681554382,0.02257999997586012,1.0186005345125058,0.024349999986588954,0.9445585239166736,0.03049999998882413,0.7540983623977439,0.06445545016482285,1.0231985506730306,0.0540929004682868,0.8586981739995373,0.0411970906088558,0.6539835389425618,0.058958602829974414,0.9359388044156478,60.0,62.50000000000001,54.54545454545455,5.976426519675726e-05,-0.00022316269578019233,0.00028292696097694957,0.02426559137019493,0.020134408456951598,0.38729833460806595,0.02368496243922937,0.019115037125656726,0.7002303768547149,0.026682563311853712,0.018477436639866524,0.1023750359095056,178180.0,144610.95,0.0,0.0,0.0,0.15000002793967782,0.15000002793967782,0.045454553151426325,0.0,0.15000002793967787,0.15000002793967787,0.045454553151426276,100.0,75.00000000000003,80.0,66.66666666666669,-0.0,-20.0,0.0007142858313662666,0.0008095239422151021,98.24561403508773,121.33333333333346,58.85598122140209,54.45519193801138,0.019384316264846827,-0.26086952648563966,SELL,0,2
0.02199999988079071,0.023000000044703484,0.020999999716877937,0.020999999716877937,913498,0.0,0.0,FSG,2024-09-02 00:00:00+10:00,Telecommunication Services,-0.08695653582340379,-0.09097179363135954,-0.0010000001639127731,-0.045454553151426276,0.022199999913573264,0.9459459368753584,0.022299999929964544,0.9417040261359018,0.021449999790638684,0.9790209753774852,0.022599999979138374,0.9292035281532139,0.024219999965280296,0.8670520126747203,0.03038499998860061,0.691130482960553,0.07575491138621893,1.2025719367180236,0.0630813801666064,1.0013858656773766,0.04633272835288271,0.7355092607090339,0.058833239159000864,0.933948717834619,42.857142857142854,50.0,54.54545454545455,-3.647008870125146e-05,-0.00018582417436440417,0.0001493540856631527,0.023946545404636213,0.020653454455292874,-0.7895319218838064,0.023648085442067698,0.01925191413920967,-0.20472363006791544,0.026660763617197214,0.018539236341079533,-0.3940146250485246,360879.6,180285.85,2.5313096112941826,5.066942303014907,-0.08695653582340379,0.05000000931322601,0.05000000931322601,0.05000000931322601,-0.08695653582340375,0.05000000931322596,0.05000000931322596,0.05000000931322596,33.333333333333336,77.77777777777781,40.0,66.66666666666669,-66.66666666666667,-60.0,0.0007857144145028931,0.0008095239422151021,-1.808785529715876,20.169491525423602,38.51614677890157,47.769357388918195,0.019456629940443962,-0.1904761355682828,SELL,0,2
0.020999999716877937,0.020999999716877937,0.020999999716877937,0.020999999716877937,0,0.0,0.0,FSG,2024-09-03 00:00:00+10:00,Telecommunication Services,0.0,0.0,0.0,0.0,0.021799999848008157,0.9633027460225733,0.022199999913573264,0.9459459368753584,0.021499999798834324,0.9767441820169926,0.02261999998241663,0.928381951069939,0.024129999969154596,0.8702859404775076,0.030269999988377094,0.6937561851648959,0.07575491138621893,1.2025719367180236,0.053902105823373195,0.8556694029079916,0.04633272835288271,0.7355092607090339,0.058833239159000864,0.933948717834619,33.33333333333333,50.0,54.54545454545455,-0.00011145176097232881,-0.0001709496916859891,5.949793071366029e-05,0.024037873381845497,0.02036212644530103,-0.6529286250720153,0.02360263007557051,0.019397369522098137,-0.23779743280997226,0.026638122854521204,0.018601877110312054,-0.4031734013873455,360879.6,180285.85,0.0,0.0,-0.08695653582340379,-0.045454553151426325,0.05000000931322601,0.05000000931322601,-0.08695653582340375,-0.045454553151426276,0.05000000931322596,0.05000000931322596,33.333333333333336,55.55555555555558,40.0,53.33333333333335,-66.66666666666667,-60.0,0.0007857144145028931,0.0008095239422151021,-52.45478036175724,-35.00000000000009,38.51614677890157,50.29643264532708,0.019527497342529152,-0.23809519163470083,SELL,0,2
0.02199999988079071,0.02199999988079071,0.020999999716877937,0.020999999716877937,1399442,0.0,0.0,FSG,2024-09-04 00:00:00+10:00,Telecommunication Services,0.0,0.0,-0.0010000001639127731,-0.045454553151426276,0.021799999848008157,0.9633027460225733,0.022099999897181987,0.9502262359537698,0.021499999798834324,0.9767441820169926,0.022639999985694884,0.9275618255365201,0.0240399999730289,0.8735440823809644,0.030159999979659916,0.6962864632307846,0.06445545016482285,1.0231985506730306,0.053902105823373195,0.8556694029079916,0.04501959487407675,0.7146639129701118,0.058833239159000864,0.933948717834619,33.33333333333333,55.55555555555556,54.54545454545455,-0.00016892797986308924,-0.00017054534932140915,1.617369458319903e-06,0.024088858075274968,0.020111141719089006,-0.5530812565825007,0.02360263007557051,0.019397369522098137,-0.23779743280997226,0.026614613954281784,0.018665386017107984,-0.41261875537563686,613264.2,224026.8,2.2819561291854313,6.246761548171915,0.0,-0.045454553151426325,0.0,0.05000000931322601,0.0,-0.045454553151426276,0.0,0.05000000931322596,33.333333333333336,33.333333333333336,40.0,40.0,-66.66666666666667,-60.0,0.0007857144145028931,0.0008571429976395198,-35.897435897435805,-14.807692307692253,70.18804246937432,64.36614506848356,0.01959694739657264,-0.23809519163470083,SELL,0,2
0.01899999938905239,0.01899999938905239,0.01899999938905239,0.01899999938905239,52631,0.0,0.0,FSG,2024-09-05 00:00:00+10:00,Telecommunication Services,-0.09523811213283606,-0.1000834772301173,0.0,0.0,0.020999999716877937,0.9047618878671639,0.021799999848008157,0.8715596110790065,0.021399999782443047,0.8878504477668425,0.02257999997586012,0.841452586774356,0.02393999997526407,0.7936507689508805,0.030049999970942737,0.6322795143901732,0.049981894662602555,0.7934379799984379,0.06117318907537136,0.9710942711889952,0.04989872857380113,0.7921177592675429,0.05871836509891803,0.93212514866419,25.000000000000014,45.45454545454546,41.66666666666667,-0.00037157828600161563,-0.00021075193665745046,-0.00016082634934416518,0.024596823901613756,0.019003175794402558,-1.0011357186899443,0.023775311785637316,0.01902468777924878,-1.0103937462376256,0.026682563311853712,0.018477436639866524,-0.8726253060857845,473114.2,226658.35,0.11124375467910284,0.23220410807720077,-0.17391307164680747,-0.13636365945427886,-0.09523811213283606,-0.13636365945427886,-0.1739130716468075,-0.13636365945427883,-0.09523811213283605,-0.13636365945427883,0.0,22.222222222222246,0.0,26.666666666666686,-100.0,-100.0,0.0009285715807761465,0.0008571429976395198,-204.39276485788133,-192.50000000000009,69.27744237404154,59.72641658752334,0.023000000044703484,-0.157894669766239,SELL,0,2
0.01899999938905239,0.01899999938905239,0.01899999938905239,0.01899999938905239,0,0.0,0.0,FSG,2024-09-06 00:00:00+10:00,Telecommunication Services,0.0,0.0,0.0,0.0,0.020199999585747717,0.9405940484502784,0.021399999782443047,0.8878504477668425,0.02129999976605177,0.8920187604572113,0.022519999966025352,0.8436944679270254,0.023839999977499245,0.7969798408970235,0.029934999970719217,0.6347085153712094,0.049981894662602555,0.7934379799984379,0.057964451367583346,0.9201571392055401,0.04989872857380113,0.7921177592675429,0.05871836509891803,0.93212514866419,33.33333333333333,45.45454545454546,41.66666666666667,-0.0005261153829933148,-0.00027382462592462337,-0.0002522907570686914,0.024555242850658597,0.018244756714227497,-0.76063882924493,0.023903641367821818,0.018696358164281723,-0.8833782558381916,0.02674316322212327,0.018296836709927433,-0.8334985799780185,473114.2,222305.45,0.0,0.0,-0.17391307164680747,-0.17391307164680747,-0.09523811213283606,-0.13636365945427886,-0.1739130716468075,-0.1739130716468075,-0.09523811213283605,-0.13636365945427883,0.0,11.111111111111141,0.0,13.333333333333352,-100.0,-100.0,0.0009285715807761465,0.0008571429976395198,-180.75117370892028,-167.09677419354833,69.27744237404154,59.72641658752334,0.022920000031590462,0.10526317853346501,BUY,0,0
0.01899999938905239,0.01899999938905239,0.01899999938905239,0.01899999938905239,63286,0.0,0.0,FSG,2024-09-09 00:00:00+10:00,Telecommunication Services,0.0,0.0,0.0,0.0,0.01979999952018261,0.9595959519941017,0.020999999716877937,0.9047618878671639,0.02119999974966049,0.8962263968591164,0.022459999956190586,0.8459483270753736,0.02373999997973442,0.80033695894152,0.02980999996885657,0.6373699902348969,0.04259177855555399,0.6761235237235781,0.057964451367583346,0.9201571392055401,0.04989872857380113,0.7921177592675429,0.05871836509891803,0.93212514866419,0.0,33.33333333333333,41.66666666666667,-0.0006411958392347587,-0.0003472988685866505,-0.00029389697064810826,0.02426598657596887,0.017734012857787005,-0.6123724356877036,0.023998496044904505,0.018401503454416476,-0.7861365992683123,0.026797026827762423,0.01812297308461875,-0.797781676156462,303071.8,225469.75,0.20881520484584842,0.28068510299053423,-0.09523811213283606,-0.17391307164680747,-0.09523811213283606,-0.13636365945427886,-0.09523811213283605,-0.1739130716468075,-0.09523811213283605,-0.13636365945427883,0.0,0.0,0.0,0.0,-100.0,-100.0,0.0007857144145028931,0.0007142858313662666,-138.62745098039224,-143.93491124260356,67.2375178882449,58.90481926828496,0.0228416000187397,0.1578947678001974,BUY,0,0
0.01899999938905239,0.01899999938905239,0.01899999938905239,0.01899999938905239,0,0.0,0.0,FSG,2024-09-10 00:00:00+10:00,Telecommunication Services,0.0,0.0,0.0,0.0,0.0193999994546175,0.9793814393396849,0.020599999651312827,0.9223300830416048,0.021099999733269214,0.9004739160775596,0.02239999994635582,0.8482142604711673,0.023639999981969594,0.8037224789993161,0.02968499996699393,0.6400538794063687,0.04259177855555399,0.6761235237235781,0.057964451367583346,0.9201571392055401,0.04989872857380113,0.7921177592675429,0.05871836509891803,0.93212514866419,0.0,33.33333333333333,41.66666666666667,-0.0007240515147602794,-0.0004226493978213763,-0.0003014021169389031,0.023755242719528648,0.017444756583097007,-0.5070925528299096,0.024066479614306517,0.01813351985223191,-0.7079098555971014,0.02684467187092806,0.01795532802178358,-0.7649609723738274,303071.8,221005.75,0.0,0.0,-0.09523811213283606,-0.17391307164680747,-0.09523811213283606,-0.13636365945427886,-0.09523811213283605,-0.1739130716468075,-0.09523811213283605,-0.13636365945427883,0.0,0.0,0.0,0.0,-100.0,-100.0,0.0007857144145028931,0.0007142858313662666,-111.80555555555566,-125.47169811320762,67.2375178882449,58.90481926828496,0.022764768006145953,-0.1052630804995065,SELL,0,2
0.017999999225139618,0.01899999938905239,0.017999999225139618,0.01899999938905239,271331,0.0,0.0,FSG,2024-09-11 00:00:00+10:00,Telecommunication Services,0.0,0.0,0.0010000001639127731,0.05555556705336561,0.01899999938905239,1.0,0.020399999618530274,0.931372536487393,0.020999999716877937,0.9047618878671639,0.022339999936521054,0.8504923654002126,0.023509999960660933,0.8081667129240713,0.029574999958276747,0.642434468837087,0.04259177855555399,0.6761235237235781,0.05264756110782508,0.8357541229522881,0.04989872857380113,0.7921177592675429,0.05871836509891803,0.93212514866419,0.0,33.33333333333333,41.66666666666667,-0.0007807156307445377,-0.0004942626444060086,-0.00028645298633852916,0.023693090567747103,0.017106908669313445,-0.42513257333838117,0.024111946647784946,0.01788805278597093,-0.6426845869259814,0.026886540069928994,0.017793459803113115,-0.7346246705107402,77449.6,234572.3,3.5033234516382263,1.156705203470316,-0.09523811213283606,-0.09523811213283606,-0.09523811213283606,-0.13636365945427886,-0.09523811213283605,-0.09523811213283605,-0.09523811213283605,-0.13636365945427883,20.0,6.666666666666695,20.0,6.666666666666686,-80.0,-80.0,0.0008571429976395198,0.0007142858313662666,-105.6603773584906,-126.01726263871775,62.83447472471583,55.02396476631295,0.02268947263380408,-0.052631589266732504,SELL,0,2
0.01899999938905239,0.01899999938905239,0.01899999938905239,0.01899999938905239,0,0.0,0.0,FSG,2024-09-12 00:00:00+10:00,Telecommunication Services,0.0,0.0,0.0,0.0,0.01899999938905239,1.0,0.019999999552965164,0.9499999906867741,0.020949999708682297,0.9069212244990262,0.02217999991029501,0.856627568345183,0.023379999939352275,0.8126603694755514,0.02946499994955957,0.6448328329060933,0.0,0.0,0.038459572064765184,0.6105267792800135,0.048822503475567554,0.7750332154796303,0.048588876057035,0.7713244951863315,0.0,25.000000000000014,41.66666666666667,-0.0008162135491852594,-0.0005586528253618588,-0.0002575607238234006,0.02282842714137689,0.017171571964553437,-0.35355339058699825,0.024160181406960038,0.017739818010404557,-0.6074423515267312,0.026618974595466204,0.017741025225123812,-0.7163817653355183,66923.4,197929.15,0.0,0.0,0.0,-0.17391307164680747,-0.0500000093132259,-0.2962963371773959,0.0,-0.1739130716468075,-0.05000000931322596,-0.2962963371773959,20.0,13.333333333333362,20.0,13.333333333333352,-80.0,-80.0,0.0007857144145028931,0.0007142858313662666,-75.30303030303038,-94.44444444444437,61.76196300168109,55.02396476631295,0.022501893697457503,-0.052631589266732504,SELL,0,2
0.01899999938905239,0.01899999938905239,0.01899999938905239,0.01899999938905239,295000,0.0,0.0,FSG,2024-09-13 00:00:00+10:00,Telecommunication Services,0.0,0.0,0.0,0.0,0.01899999938905239,1.0,0.019599999487400054,0.9693877492836989,0.02089999970048666,0.9090908928869493,0.022019999884068966,0.8628519295678342,0.02326999993994832,0.8165019096727418,0.02935499994084239,0.6472491714304924,0.0,0.0,0.038459572064765184,0.6105267792800135,0.048822503475567554,0.7750332154796303,0.048588876057035,0.7713244951863315,0.0,25.000000000000014,45.45454545454545,-0.000834723729739268,-0.0006138670062373407,-0.00022085672350192738,0.021532183370341927,0.01766781560445818,-0.31052950169221205,0.024202312031665014,0.017597687369308307,-0.5753545155301217,0.02632453071403717,0.017715469054100763,-0.7015864479332541,125923.4,212679.15,2.342694050510072,1.3870659159583816,0.0,-0.17391307164680747,-0.0500000093132259,-0.2962963371773959,0.0,-0.1739130716468075,-0.05000000931322596,-0.2962963371773959,20.0,20.0,20.0,20.0,-80.0,-80.0,0.0007857144145028931,0.0006666667759418488,-64.48087431693993,-86.55913978494628,61.76196300168109,65.00586694861431,0.022321817918564787,-0.1052630804995065,SELL,0,2
0.019999999552965164,0.019999999552965164,0.019999999552965164,0.019999999552965164,10000,0.0,0.0,FSG,2024-09-19 00:00:00+10:00,Telecommunication Services,0.05263158926673239,0.05129330419094626,0.0,0.0,0.019199999421834944,1.0416666747510643,0.019099999405443668,1.0471204280385993,0.02044999962672591,0.9779951060159118,0.0215999998152256,0.9259259131505819,0.022829999942332507,0.8760402804855107,0.0288699998985976,0.6927606381438433,0.023537562272852808,0.37364721745598856,0.016643569895734765,0.26420848123461244,0.04461070716483868,0.7081730218133427,0.04425075247149135,0.7024589182022575,100.0,20.0,39.99999999999999,-0.0007200747879753111,-0.0007194186390404594,-6.561489348516766e-07,0.01973245504137093,0.018467543769516405,1.4230249465671705,0.02385123834883715,0.01704876090461467,-0.13230476027316873,0.025799125776862823,0.017400873853588378,-0.3810317377658759,61000.0,199589.75,0.16393442622950818,0.05010277331375985,0.05263158926673239,0.05263158926673239,-0.09090910630285254,-0.16666669253673794,0.05263158926673246,0.05263158926673246,-0.09090910630285255,-0.16666669253673796,40.0,26.666666666666696,40.0,26.666666666666686,-60.0,-60.0,0.0005000000819563866,0.0006190477205174309,36.3387978142077,-21.87500000000003,53.75363762459983,62.930331713834164,0.02167072106534398,0.1000000186264518,BUY,0,0
0.01899999938905239,0.01899999938905239,0.014999999664723873,0.017000000923871994,1044146,0.0,0.0,FSG,2024-09-20 00:00:00+10:00,Telecommunication Services,-0.14999993480741836,-0.16251885280062298,-0.001999998465180397,-0.10526308049950654,0.018799999728798866,0.9042553813354829,0.01889999955892563,0.8994709693442109,0.020149999670684336,0.8436725162137255,0.02143999982625246,0.7929104972779031,0.022709999959915877,0.7485689543759455,0.02872999989427626,0.5917160106658692,0.07644270025369616,1.2134902465052049,0.05198504609729267,0.8252370232059916,0.053731231002323666,0.8529568492170734,0.04843589041300788,0.7688959233767786,25.000011641535693,16.66667184068173,30.76923517785825,-0.0008728065774407899,-0.0007500962267205256,-0.0001227103507202643,0.020375728309812983,0.017424270808038274,-1.287498555483971,0.023660885222739892,0.01663911411862878,-0.8972091798800101,0.025719233564620966,0.017160766087883954,-1.037568680245369,210829.2,247011.7,4.952568240073007,4.22711150929288,-0.1052630804995065,-0.1052630804995065,-0.26086952648563966,-0.3199999731779103,-0.10526308049950654,-0.10526308049950654,-0.2608695264856397,-0.31999997317791024,28.571445677352884,29.523815225784322,25.000014551914536,28.33333818397153,-71.42855432264712,-74.99998544808547,0.0007142857648432255,0.0008571429532908258,-220.30449186041906,-139.05035308234258,55.79119838745298,51.20827498045073,0.021523892191735807,0.29411756971716074,BUY,0,0
0.017000000923871994,0.017000000923871994,0.017000000923871994,0.017000000923871994,0,0.0,0.0,FSG,2024-09-23 00:00:00+10:00,Telecommunication Services,0.0,0.0,0.0,0.0,0.018400000035762788,0.9239130918929503,0.01869999971240759,0.9090909724769871,0.019849999714642762,0.8564232326578621,0.02127999983727932,0.7988722299748603,0.022589999977499248,0.7525454157062785,0.02860499990172684,0.5943017298470863,0.07644270025369616,1.2134902465052049,0.05198504609729267,0.8252370232059916,0.053731231002323666,0.8529568492170734,0.04843589041300788,0.7688959233767786,25.000011641535693,16.66667184068173,25.00000388051069,-0.0009825217221508843,-0.0007965813258065975,-0.00018594039634428682,0.020597365136128816,0.016802634288686363,-0.8959785855069802,0.02336088498188514,0.016339114447400382,-0.8117607309364727,0.025613825441806452,0.016946174232752187,-0.9875798668355324,210829.2,247011.7,0.0,0.0,-0.1052630804995065,-0.1052630804995065,-0.26086952648563966,-0.3199999731779103,-0.10526308049950654,-0.10526308049950654,-0.2608695264856397,-0.31999997317791024,28.571445677352884,32.38096378490195,25.000014551914536,30.000009701276372,-71.42855432264712,-74.99998544808547,0.0007142857648432255,0.000809523897866408,-218.49703785747485,-129.40013125493255,55.79119838745298,50.0716633207332,0.021132458640115093,0.3529411055740639,BUY,0,0
0.017000000923871994,0.017000000923871994,0.017000000923871994,0.017000000923871994,0,0.0,0.0,FSG,2024-09-24 00:00:00+10:00,Telecommunication Services,0.0,0.0,0.0,0.0,0.018000000342726707,0.9444444777880916,0.01849999986588955,0.9189189755193854,0.019549999758601187,0.8695652753853719,0.02111999984830618,0.8049242919495282,0.022479999978095293,0.756227799841501,0.028479999909177423,0.5969101467024196,0.07644270025369616,1.2134902465052049,0.05198504609729267,0.8252370232059916,0.053731231002323666,0.8529568492170734,0.04843589041300788,0.7688959233767786,25.000011641535693,16.66667184068173,25.00000388051069,-0.0010572840523693262,-0.0008487218711191433,-0.00020856218125018297,0.020660245395043117,0.016339754336735984,-0.6943650255373014,0.022951237598727976,0.0161487619184744,-0.7497267038032646,0.025483859125401024,0.016756140571211334,-0.9441181905336311,210829.2,247011.7,0.0,0.0,-0.1052630804995065,-0.1052630804995065,-0.26086952648563966,-0.3199999731779103,-0.10526308049950654,-0.10526308049950654,-0.2608695264856397,-0.31999997317791024,40.00002607703267,32.380972477246175,25.000014551914536,25.000014551914536,-59.99997392296733,-74.99998544808547,0.0006428571817065988,0.000809523897866408,-155.55552572886762,-122.55400755172326,0.832801844570497,50.0716633207332,0.02076451110159162,0.4705881772878704,BUY,0,0
0.017000000923871994,0.02199999988079071,0.017000000923871994,0.02199999988079071,284799,0.0,0.0,FSG,2024-09-25 00:00:00+10:00,Telecommunication Services,0.29411756971716074,0.25782904953808583,0.004999998956918716,0.29411756971716063,0.01860000044107437,1.1827956644671966,0.01879999991506338,1.1702127649034375,0.019599999766796827,1.122448986864764,0.021059999838471413,1.0446343803195168,0.022419999968260527,0.981266722209438,0.028372499914839863,0.7753987116688262,0.16127085756925508,2.5600954971022047,0.10949590744553793,1.7381936440814343,0.0848759227076955,1.3473635026902135,0.06445272902001158,1.0231553538383185,66.66667356535413,66.66667356535413,47.058822884897836,-0.0007049493908504387,-0.0008199673750654024,0.00011501798421496368,0.02189838565714217,0.01570161417298459,1.0327958595563267,0.023118372303776162,0.016081627229817493,0.6821335969312623,0.02528644743601624,0.016833552240926586,0.22240901386435033,267789.0,254375.7,1.0635201595285841,1.1195998674401682,0.1578947678001974,0.1578947678001974,0.04761905606641803,-0.12000001788139314,0.15789476780019737,0.15789476780019737,0.047619056066418024,-0.12000001788139317,100.0,56.190490584795214,87.49999854480855,45.8333425495459,-0.0,-12.500001455191454,0.0008571427980703967,0.0010476190862911089,145.5658594719455,38.75434797100923,20.79727523567996,52.99466313492085,0.014999999664723873,0.13636365945427875,BUY,0,0
0.02199999988079071,0.023000000044703484,0.020999999716877937,0.020999999716877937,125583,0.0,0.0,FSG,2024-09-26 00:00:00+10:00,Telecommunication Services,-0.045454553151426325,-0.0465200236982919,-0.0010000001639127731,-0.045454553151426276,0.018800000473856927,1.1170212333813665,0.018999999947845937,1.1052631460274684,0.01949999975040555,1.0769230761883055,0.020959999822080137,1.0019083919435754,0.022339999973773957,0.9400178935331641,0.02825999991968274,0.7430997797792525,0.16516988293900992,2.621990606005623,0.11133149604344218,1.7673327097183167,0.0828522218187656,1.3152382470096802,0.06448671463003465,1.0236948586719739,60.00000372529107,60.00000372529107,50.0,-0.0005006421974272472,-0.0007561023395377713,0.0002554601421105241,0.022399345386300593,0.015600654509391283,0.5883484939209949,0.022711819635324225,0.016288179865486876,0.467024932972033,0.024938718919785312,0.01698128072437496,0.010053460376449204,290905.6,222985.8,0.43169674286091436,0.563188328584152,0.05000000931322601,0.10526317853346501,-0.08695653582340379,-0.1923077198616141,0.05000000931322596,0.10526317853346492,-0.08695653582340375,-0.19230771986161407,74.9999970896171,71.6666743888833,74.9999970896171,62.50000339544675,-25.000002910382907,-25.000002910382907,0.00099999996434365,0.0010476190862911089,216.53341832362665,101.90369298807546,27.63289034977815,55.83969135266926,0.01513999966904521,0.23809528033209015,BUY,0,0
0.020999999716877937,0.020999999716877937,0.020999999716877937,0.020999999716877937,0,0.0,0.0,FSG,2024-09-27 00:00:00+10:00,Telecommunication Services,0.0,0.0,0.0,0.0,0.019600000232458115,1.07142854427631,0.01919999998062849,1.0937499863575795,0.019399999734014274,1.0824742270515788,0.020859999805688857,1.0067114052010153,0.022259999979287386,0.9433962145740403,0.02814749992452562,0.7460698027599998,0.1380259052288833,2.19109331832117,0.11133149604344218,1.7673327097183167,0.0828522218187656,1.3152382470096802,0.06448671463003465,1.0236948586719739,60.00000372529107,60.00000372529107,42.85714095648435,-0.0003348671348030706,-0.0006718552985908313,0.0003369881637877607,0.022827057871130384,0.015572942090126596,0.4962699219560491,0.022258044184932678,0.01654195528309587,0.5598233373695501,0.024563500763198232,0.01715649884817948,0.03780204536067718,82076.4,222985.8,0.0,0.0,0.23529403386025738,0.10526317853346501,-0.08695653582340379,-0.1923077198616141,0.23529403386025735,0.10526317853346492,-0.08695653582340375,-0.19230771986161407,74.9999970896171,83.3333313930781,74.9999970896171,79.1666642413476,-25.000002910382907,-25.000002910382907,0.00099999996434365,0.0009047619200178555,133.79952539369015,74.59015860328678,27.63289034977815,46.932663069593154,0.01545439968407154,0.42857141590037306,BUY,0,0
0.019999999552965164,0.020999999716877937,0.019999999552965164,0.020999999716877937,344932,0.0,0.0,FSG,2024-09-30 00:00:00+10:00,Telecommunication Services,0.0,0.0,0.0010000001639127731,0.05000000931322596,0.020399999991059303,1.0294117512785097,0.019400000013411044,1.0824742114618984,0.019399999734014274,1.0824742270515788,0.02075999978929758,1.011560690270531,0.02219999996945262,0.9459459344943292,0.028047499917447566,0.7487298254278423,0.1380259052288833,2.19109331832117,0.11133149604344218,1.7673327097183167,0.08037887486358508,1.2759750813133615,0.06448671463003465,1.0236948586719739,55.55555785511804,60.00000372529107,42.85714095648435,-0.00020117023804848075,-0.0005777182864823612,0.0003765480484338805,0.023194732256935725,0.015605267769886362,0.421637048621053,0.022258044184932678,0.01654195528309587,0.5598233373695501,0.024154112390004773,0.017365887188590386,0.07071065571906818,151062.8,194557.5,2.28336824155252,1.772905182272593,0.23529403386025738,0.10526317853346501,0.0,-0.1923077198616141,0.23529403386025735,0.10526317853346492,0.0,-0.19230771986161407,74.9999970896171,74.9999970896171,74.9999970896171,74.9999970896171,-25.000002910382907,-25.000002910382907,0.0010714285474802767,0.0009523809754422732,89.36169408908229,70.6421954149217,22.537052909893063,43.18627271458966,0.015756223698496816,0.42857141590037306,BUY,0,0
0.020999999716877937,0.020999999716877937,0.020999999716877937,0.020999999716877937,148024,0.0,0.0,FSG,2024-10-01 00:00:00+10:00,Telecommunication Services,0.0,0.0,0.0,0.0,0.02119999974966049,0.9905660360781016,0.0196000000461936,1.071428554458408,0.019399999734014274,1.0824742270515788,0.02071999978274107,1.0135135104764865,0.022139999959617854,0.9485094740370725,0.027947499910369517,0.7514088839512328,0.1380259052288833,2.19109331832117,0.11133149604344218,1.7673327097183167,0.08037887486358508,1.2759750813133615,0.06238868329789982,0.990389643786072,83.33332815931827,60.00000372529107,50.0,-9.412941879006348e-05,-0.0004810005129439017,0.0003868710941538382,0.0235100999153688,0.0156899001770184,0.35804703652739545,0.022258044184932678,0.01654195528309587,0.5598233373695501,0.02405295217911078,0.017387047386371358,0.08400958094746477,180667.6,201958.7,0.819316800577414,0.7329419331774268,0.23529403386025738,0.10526317853346501,0.0,-0.08695653582340379,0.23529403386025735,0.10526317853346492,0.0,-0.08695653582340375,74.9999970896171,74.9999970896171,74.9999970896171,74.9999970896171,-25.000002910382907,-25.000002910382907,0.00099999996434365,0.0008571428645934377,89.74358643711889,94.97964346294485,32.20860052804544,57.38871752036175,0.016045974752345083,0.2857143363985082,BUY,0,0
0.019999999552965164,0.019999999552965164,0.019999999552965164,0.019999999552965164,871286,0.0,0.0,FSG,2024-10-02 00:00:00+10:00,Telecommunication Services,-0.04761905606641803,-0.04879017303917098,0.0,0.0,0.020799999684095384,0.9615384546499808,0.019700000062584877,1.015228400478539,0.019349999725818634,1.0335917228091347,0.020699999779462814,0.9661835635770323,0.02207999994978309,0.9057970832632019,0.02784749991260469,0.7181973109159616,0.02550074291214571,0.40481174395758346,0.11305556010527068,1.7947013782299692,0.08116767530699165,1.288496900157229,0.06151184178969282,0.9764702163664648,71.42856382593739,54.54545608483097,46.153845051689125,-8.896492197619718e-05,-0.0004025933947503608,0.0003136284727741636,0.02359301266379423,0.015806987461375523,0.07706101189785335,0.02212393805160276,0.01657606140003451,0.23432382079467842,0.02403809166259581,0.01736190789632982,-0.20970070657271983,297965.0,175550.9,2.9241219606329603,4.963153136782552,-0.09090910630285254,0.05263158926673239,-0.04761905606641803,-0.04761905606641803,-0.09090910630285255,0.05263158926673246,-0.047619056066418024,-0.047619056066418024,62.49999563442564,70.83332993788663,62.49999563442564,70.83332993788663,-37.50000436557436,-37.50000436557436,0.0010714285474802767,0.0009047619200178555,31.446528149000972,40.11460233390871,21.83897106843169,46.282690495838345,0.01632413576403942,0.25000004656612984,BUY,0,0
0.019999999552965164,0.019999999552965164,0.019999999552965164,0.019999999552965164,0,0.0,0.0,FSG,2024-10-03 00:00:00+10:00,Telecommunication Services,0.0,0.0,0.0,0.0,0.020599999651312827,0.9708737811406019,0.019700000062584877,1.015228400478539,0.019399999734014274,1.0309278261431571,0.020639999769628048,0.9689922372186918,0.022009999938309193,0.9086778559301333,0.027752499906346203,0.7206557830990835,0.021295889277777456,0.3380617618617964,0.11209037370975247,1.7793795192017852,0.07799172314159226,1.238080222524326,0.05998237752156356,0.9521907238106881,71.42856382593739,54.54545608483097,46.153845051689125,-8.390481852400475e-05,-0.0003388556795050896,0.00025495086098108487,0.02359301266379423,0.015806987461375523,0.07706101189785335,0.022183408671596877,0.01661659079643167,0.21556294184784494,0.023916633214104453,0.017363366325151643,-0.1953224941110718,272848.4,172919.35,0.0,0.0,-0.04761905606641803,0.0,0.05263158926673239,-0.13043480373510563,-0.047619056066418024,0.0,0.05263158926673246,-0.13043480373510563,62.49999563442564,66.66666278615615,62.49999563442564,66.66666278615615,-37.50000436557436,-37.50000436557436,0.0010714285474802767,0.0008571428645934377,27.598553908913626,47.67800788111654,21.83897106843169,19.63844423850834,0.01659117033526598,0.5,BUY,0,0
0.019999999552965164,0.019999999552965164,0.017000000923871994,0.019999999552965164,1104159,0.0,0.0,FSG,2024-10-04 00:00:00+10:00,Telecommunication Services,0.0,0.0,0.0,0.0,0.020399999618530274,0.9803921532821123,0.019999999925494193,0.9999999813735485,0.01944999974220991,1.0282776256064239,0.020579999759793282,0.971817287969009,0.021939999926835298,0.9115770109234469,0.027657499900087715,0.7231311443628257,0.021295889277777456,0.3380617618617964,0.09820441736718613,1.558946796009402,0.07799172314159226,1.238080222524326,0.05998237752156356,0.9521907238106881,0.0,54.54545608483097,54.54545608483097,-7.898416973924766e-05,-0.0002868813775519212,0.00020789720781267356,0.023399345363948415,0.01660065448703997,-1.0958845907340681e-07,0.022239075602399953,0.016660923882019868,0.1971978670805238,0.023789424673067956,0.01737057484651861,-0.18071779913876404,493680.2,228127.3,2.236587572278572,4.84010024227701,-0.04761905606641803,0.17647049800335401,0.05263158926673239,-0.13043480373510563,-0.047619056066418024,0.17647049800335407,0.05263158926673246,-0.13043480373510563,62.49999563442564,62.49999563442564,62.49999563442564,62.49999563442564,-37.50000436557436,-37.50000436557436,0.0012857141638440745,0.0009047618313204675,-25.08960300867289,-20.58821534810876,15.7386432835346,14.744321948810608,0.01684752352364348,0.5,BUY,0,0
0.01899999938905239,0.019999999552965164,0.017000000923871994,0.017000000923871994,1144766,0.0,0.0,FSG,2024-10-07 00:00:00+11:00,Telecommunication Services,-0.14999993480741836,-0.16251885280062298,-0.001999998465180397,-0.10526308049950654,0.019599999859929086,0.8673469921103102,0.019999999925494193,0.8500000493600967,0.019349999818950893,0.8785530275417692,0.020459999777376652,0.8308895947628259,0.021839999929070472,0.7783883232180728,0.02754749990068376,0.6171159264964744,0.06510933464582445,1.0335786450103994,0.11209037370975247,1.7793795192017852,0.08537890275025437,1.3553480633324502,0.06356832098183585,1.0091158114792016,0.0,42.85714665846038,42.85714665846038,-0.00031354498603509626,-0.00029221409924855626,-2.1330886786539993e-05,0.023399345363948415,0.01660065448703997,-0.8825225491018008,0.022342973307147566,0.01635702633075422,-0.7851719717353127,0.023747825084979548,0.017172174469773756,-1.0523669993973286,653647.0,282201.3,1.7513520294593259,4.056558208626254,-0.1904761355682828,0.0,-0.1052630804995065,-0.26086952648563966,-0.19047613556828286,0.0,-0.10526308049950654,-0.2608695264856397,25.000014551914536,50.000001940255295,25.000014551914536,50.00000194025529,-74.99998544808547,-74.99998544808547,0.0014999997802078724,0.0010476189088963327,-69.52860881950068,-82.53727037000557,12.350207414614502,11.72949799350721,0.023000000044703484,0.7647057470050311,BUY,0,0
0.017999999225139618,0.017999999225139618,0.01600000075995922,0.01600000075995922,421000,0.0,0.0,FSG,2024-10-08 00:00:00+11:00,Telecommunication Services,-0.05882353585690325,-0.060624628664394574,-0.001999998465180397,-0.1111110306264407,0.01860000006854534,0.8602150914513701,0.019899999909102916,0.804020142363935,0.01919999988749623,0.833333377797519,0.020319999791681767,0.7874016202750657,0.021749999932944776,0.735632221116653,0.027427499908953906,0.5833561503261879,0.06139057218007027,0.9745451209945578,0.11391662275262693,1.8083703239988784,0.08630310282435609,1.370019284678894,0.06403284893928109,1.016489964193823,0.0,40.00000248352739,40.00000248352739,-0.0005735166359689368,-0.0003484746065926324,-0.00022504202937630445,0.02372390050370397,0.016076099314501862,-1.019900766942029,0.022546639136073684,0.01585336063891878,-0.9561828717861435,0.02375903123970116,0.016880968343662373,-1.256167353226886,708242.2,303251.3,0.594429419766289,1.3882875357830289,-0.23809519163470083,-0.05882353585690325,-0.157894669766239,-0.3043477943973416,-0.23809519163470086,-0.05882353585690328,-0.157894669766239,-0.30434779439734155,12.500013096723084,33.333341094354445,12.500013096723084,33.33334109435444,-87.49998690327692,-87.49998690327692,0.0016428568134350435,0.0011428569310477801,-111.5044400868612,-150.41320552990442,11.50663579793975,10.96596859550327,0.022880000062286854,0.812499861756812,BUY,0,0
0.017000000923871994,0.017000000923871994,0.017000000923871994,0.017000000923871994,28947,0.0,0.0,FSG,2024-10-09 00:00:00+11:00,Telecommunication Services,0.06250000727595717,0.06062462866439451,0.0,0.0,0.018000000342726707,0.9444444777880916,0.019400000013411044,0.8762887068103118,0.019099999964237214,0.8900524060577355,0.020199999809265137,0.8415842120985862,0.021669999938458206,0.7844947379857502,0.027312499918043614,0.6224256649843022,0.07997550958706004,1.269571856058137,0.05624256473135228,0.8928230362536624,0.08762491778622222,1.3910024466889466,0.06474474832232245,1.0277910165499895,16.66667184068173,40.00000248352739,43.750003637979475,-0.000690890233115294,-0.0004169577318971648,-0.0002739325012181292,0.0233100997978987,0.015489900228923388,-0.6137948445869453,0.022588325404242656,0.015611674524231772,-0.6020077760754865,0.02367586379838191,0.016724135820148364,-0.9206340913834983,539774.4,291132.1,0.05362796012556357,0.09942909078043954,-0.14999993480741836,-0.22727268109144239,-0.1052630804995065,-0.26086952648563966,-0.14999993480741833,-0.22727268109144233,-0.10526308049950654,-0.2608695264856397,25.000014551914536,20.83334740018408,25.000014551914536,20.83334740018407,-74.99998544808547,-74.99998544808547,0.0016428568134350435,0.0011904759864721978,-82.12559011952365,-116.66661949890354,11.7575495886298,11.370587215027143,0.02260480009019375,0.7058822111481278,BUY,0,0
0.017999999225139618,0.017999999225139618,0.017000000923871994,0.017000000923871994,126755,0.0,0.0,FSG,2024-10-10 00:00:00+11:00,Telecommunication Services,0.0,0.0,-0.000999998301267624,-0.055555463573075094,0.017400000616908072,0.9770115127095232,0.01900000013411045,0.894736884414654,0.019000000040978193,0.8947368888003838,0.020099999830126763,0.8457711973903426,0.021589999943971636,0.7874016196382038,0.02720749992877245,0.6248277485390772,0.07997550958706004,1.269571856058137,0.05614727077352785,0.8913102915705593,0.08762491778622222,1.3910024466889466,0.06449605461916023,1.0238431264028198,16.66667184068173,50.0,43.750003637979475,-0.0007749762111289339,-0.0004885614277435187,-0.00028641478338541527,0.022999998927152192,0.01500000134106871,-0.4999999534293828,0.022612841594878863,0.015387158487077524,-0.5535806337664778,0.02365137169595858,0.016548627964294946,-0.8729018034073646,565125.4,297469.85,0.22429535108490964,0.4261104108534025,-0.14999993480741836,-0.1904761355682828,-0.1052630804995065,-0.22727268109144239,-0.14999993480741833,-0.19047613556828286,-0.10526308049950654,-0.22727268109144233,14.285718087031306,17.261915245223005,25.000014551914536,20.83334740018407,-85.7142819129687,-74.99998544808547,0.001357142414365496,0.0011904758977748099,-70.5882442098954,-89.65517930735433,16.360268832948293,13.764124734348357,0.022340608116984368,0.4705881772878704,BUY,0,0
0.017000000923871994,0.017000000923871994,0.017000000923871994,0.017000000923871994,0,0.0,0.0,FSG,2024-10-11 00:00:00+11:00,Telecommunication Services,0.0,0.0,0.0,0.0,0.01680000089108944,1.0119047632246634,0.018600000254809856,0.9139785317731858,0.018900000117719175,0.8994709427506358,0.0200399998575449,0.848303445345167,0.02151999995112419,0.7899628700038136,0.027102499939501284,0.6272484443066034,0.07997550958706004,1.269571856058137,0.05614727077352785,0.8913102915705593,0.08762491778622222,1.3910024466889466,0.06324201107627594,1.0039358023165106,20.000007450582146,50.0,43.750003637979475,-0.0008320239008988359,-0.0005572539223745822,-0.0002747699785242537,0.02251009986992261,0.014689900639697103,-0.4091965649043251,0.02262191137602797,0.01517808885941038,-0.5104901922649614,0.023698035009999528,0.01638196470509027,-0.8310469437760853,344293.6,282719.85,0.0,0.0,-0.14999993480741836,-0.1904761355682828,-0.1052630804995065,-0.14999993480741836,-0.14999993480741833,-0.19047613556828286,-0.10526308049950654,-0.14999993480741833,14.285718087031306,17.85715024199241,25.000014551914536,25.000014551914536,-85.7142819129687,-74.99998544808547,0.001357142414365496,0.0011904758977748099,-84.31371447974767,-93.70077316236438,16.360268832948293,13.764124734348357,0.02208698382270336,0.4705881772878704,BUY,0,0
0.017000000923871994,0.017000000923871994,0.017000000923871994,0.017000000923871994,549072,0.0,0.0,FSG,2024-10-14 00:00:00+11:00,Telecommunication Services,0.0,0.0,0.0,0.0,0.01680000089108944,1.0119047632246634,0.018200000375509263,0.9340659655561303,0.018800000194460154,0.904255358937785,0.019979999884963035,0.8508509019895545,0.02143999995663762,0.7929104924558992,0.02699749995023012,0.6296879694494486,0.042906165034247,0.6811142543526761,0.05614727077352785,0.8913102915705593,0.08762491778622222,1.3910024466889466,0.06324201107627594,1.0039358023165106,20.000007450582146,50.0,43.750003637979475,-0.0008672376304803969,-0.0006192506639957451,-0.0002479869664846518,0.0218270579008263,0.01457294285019223,-0.3308465452398304,0.022616859156852166,0.014983141232068141,-0.47159176912843165,0.023737766840951965,0.016222232928974106,-0.7930238878549074,225154.8,310173.45,2.43864221415666,1.7702095392110446,0.0,-0.1904761355682828,-0.1052630804995065,-0.14999993480741836,0.0,-0.19047613556828286,-0.10526308049950654,-0.14999993480741833,14.285718087031306,14.285718087031306,25.000014551914536,25.000014551914536,-85.7142819129687,-74.99998544808547,0.001357142414365496,0.0011904758977748099,-84.31371447974767,-82.91403429816538,16.360268832948293,13.764124734348357,0.021843504500193595,0.4705881772878704,BUY,0,0
0.01600000075995922,0.017000000923871994,0.014000000432133675,0.01600000075995922,2873743,0.0,0.0,FSG,2024-10-15 00:00:00+11:00,Telecommunication Services,-0.05882353585690325,-0.060624628664394574,0.0,0.0,0.01680000089108944,0.9523809471013461,0.01770000047981739,0.9039548206907332,0.018650000263005496,0.8579088758350923,0.019899999909102916,0.804020142363935,0.02134999996051192,0.7494145568876891,0.026882499950006605,0.5951827690770735,0.042906165034247,0.6811142543526761,0.05696505236840384,0.9042921719314051,0.08853210132989295,1.4054035389892048,0.06376092842020332,1.012173359774691,16.66667184068173,12.500002910383245,41.17647316629129,-0.0009647157777811499,-0.0006883436867528262,-0.00027637209102832376,0.02097278265994396,0.014427218299690823,-0.5194356441382317,0.022664446706484136,0.014635553819526855,-0.6601157943833396,0.02382272226982544,0.01597727754838039,-0.9942072852755648,715703.4,453860.6,4.0152708510257185,6.331774558091185,0.0,-0.23809519163470083,-0.157894669766239,-0.19999994412064426,0.0,-0.23809519163470086,-0.157894669766239,-0.19999994412064429,22.222226821346247,16.931220998469648,22.222226821346247,24.07408530839179,-77.77777317865376,-77.77777317865376,0.0012142853811383247,0.0013333330640480632,-115.3153260639644,-124.5480629365936,6.723674290182942,9.644893904446675,0.021609764350584218,0.31249991996447,BUY,0,0
0.017000000923871994,0.017000000923871994,0.01600000075995922,0.01600000075995922,721061,0.0,0.0,FSG,2024-10-16 00:00:00+11:00,Telecommunication Services,0.0,0.0,-0.0010000001639127731,-0.05882353585690328,0.016600000858306884,0.9638554176310531,0.017300000600516795,0.9248555031542173,0.018500000331550838,0.8648648904439212,0.01979999992996454,0.8080808493208855,0.02126999996602535,0.7522332292203141,0.026767499949783086,0.5977398259073828,0.026306684970586875,0.41760567750416033,0.05688010681659713,0.9029437031010349,0.08853210132989295,1.4054035389892048,0.06331041839626977,1.0050217348558712,33.33333333333333,14.285718087031313,41.17647316629129,-0.001030093633611874,-0.0007566936761246358,-0.0002733999574872383,0.020288867831007737,0.014311133370025854,-0.43494733633385285,0.022680152798301424,0.014319847864800252,-0.5980642073409768,0.02386076230240414,0.015739237557524943,-0.9357846683657045,854126.2,489913.65,0.8442089705244963,1.471812430619151,-0.05882353585690325,-0.19999994412064426,-0.157894669766239,-0.23809519163470083,-0.05882353585690328,-0.19999994412064429,-0.157894669766239,-0.23809519163470086,28.57143617406261,21.693127027480084,22.222226821346247,23.148156064869028,-71.42856382593739,-77.77777317865376,0.0011428567980016982,0.001380952119472481,-80.00000040547391,-86.55234659270025,12.946341988961734,16.204959039325345,0.021153178515477187,0.3749999272404274,BUY,0,0
0.014999999664723873,0.01600000075995922,0.014999999664723873,0.01600000075995922,200049,0.0,0.0,FSG,2024-10-17 00:00:00+11:00,Telecommunication Services,0.0,0.0,0.0010000010952353477,0.0666667411724743,0.01640000082552433,0.9756097533274166,0.016900000721216203,0.9467455666953242,0.01830000039190054,0.8743169626947503,0.019699999950826167,0.8121827817206783,0.02118999997153878,0.7550731845894065,0.026657499959692358,0.6002063503386336,0.026306684970586875,0.41760567750416033,0.05688010681659713,0.9029437031010349,0.08750280534800704,1.3890639718279159,0.06331041839626977,1.0050217348558712,50.0,14.285718087031313,41.17647316629129,-0.0010695766416432134,-0.0008192702692283514,-0.000250306372414862,0.019294438041451523,0.014505563400980883,-0.37587117175760215,0.022559972105213977,0.014040028678587103,-0.5399096019237092,0.023884518890026782,0.015515481011625554,-0.8842113620768492,868785.0,499416.1,0.23026295343496953,0.40056578071872334,-0.05882353585690325,-0.19999994412064426,-0.19999994412064426,-0.23809519163470083,-0.05882353585690328,-0.19999994412064429,-0.19999994412064429,-0.23809519163470086,28.57143617406261,26.45503305649052,22.222226821346247,22.222226821346247,-71.42856382593739,-77.77777317865376,0.0012142854476613657,0.0014285712192455928,-97.39132591437516,-101.37105631838733,12.654196738863462,15.897803243574856,0.020723987830476576,0.3749999272404274,BUY,0,0
0.017000000923871994,0.020999999716877937,0.017000000923871994,0.020999999716877937,1890918,0.0,0.0,FSG,2024-10-18 00:00:00+11:00,Telecommunication Services,0.31249991996447,0.2719336545041885,0.003999998793005943,0.23529403386025735,0.01720000058412552,1.2209301746338062,0.01700000073760748,1.2352940473950476,0.018500000331550838,1.1351350994877267,0.019699999950826167,1.065989836004911,0.021169999968260526,0.9919697566538751,0.026572499964386223,0.7902907044885944,0.14853119771426027,2.3578596665189884,0.12010661148988849,1.9066333489013876,0.10688563784493599,1.6967568987732866,0.07750242681659691,1.2303128841641926,83.33332815931827,50.0,52.38095322568957,-0.0006894613990458369,-0.0007933084951918484,0.00010384709614601152,0.019981424085682434,0.014018577389532525,1.3416407240029085,0.022876972451573115,0.014123028211528561,0.5711709640303526,0.023884518890026782,0.015515481011625554,0.3106688689763978,1246968.6,541754.7,1.5164118807803177,3.4903582746951716,0.23529403386025738,0.05000000931322601,0.23529403386025738,0.0,0.23529403386025735,0.05000000931322596,0.23529403386025735,0.0,100.0,52.3809574493751,77.77777317865376,40.740742273782104,-0.0,-22.222226821346247,0.0014999996471617902,0.0016190473522458757,80.27523969646637,50.90909618402101,32.41447666013404,31.272015472397698,0.014000000432133675,0.04761905606641803,HOLD,0,1
0.020999999716877937,0.02199999988079071,0.01899999938905239,0.02199999988079071,1377475,0.0,0.0,FSG,2024-10-21 00:00:00+11:00,Telecommunication Services,0.04761905606641803,0.046520023698291856,0.0010000001639127731,0.047619056066418024,0.018200000375509263,1.2087911773010125,0.017500000633299352,1.2571428048367421,0.018750000279396772,1.1733333094914757,0.019719999954104422,1.115618657808959,0.0211599999666214,1.039697538539431,0.026487499959766864,0.8305804592433248,0.1459693412974436,2.317191456677677,0.10617054176250645,1.685405100387536,0.10705431255865948,1.6994345268431508,0.07776073394511389,1.2344133827077794,85.7142819129687,53.846154948310875,63.1578937049056,-0.00030402110873239616,-0.000695451017899958,0.00039142990916756187,0.021846134758698933,0.013153866507899771,1.0354027551042573,0.023332574885688313,0.014167425673105232,0.7092082247677814,0.02393929416917261,0.015500705739036235,0.5403747191992018,1412649.2,610628.45,0.97510054159235,2.2558316763655544,0.29411756971716074,0.29411756971716074,0.29411756971716074,0.04761905606641803,0.29411756971716063,0.29411756971716063,0.29411756971716063,0.047619056066418024,100.0,76.19047872468757,88.88888658932687,62.96296219644231,-0.0,-11.111113410673124,0.0017142853965716703,0.0015238092857457342,140.21407454416254,90.77306893039307,41.3737685537743,43.183124175677094,0.01414000041782856,0.0,HOLD,0,1
0.017999999225139618,0.017999999225139618,0.017000000923871994,0.017000000923871994,553568,0.0,0.0,FSG,2024-10-22 00:00:00+11:00,Telecommunication Services,-0.22727268109144239,-0.25782904953808583,-0.000999998301267624,-0.055555463573075094,0.018400000408291817,0.9239130731872743,0.01760000064969063,0.965909107746017,0.018750000279396772,0.906666702429453,0.019639999978244303,0.8655804960643229,0.02110999997705221,0.8053055870370429,0.0263824999704957,0.6443665665832873,0.19238439283964914,3.0540075575032017,0.13211075267690897,2.097193182603971,0.12028767897715413,1.909507706152333,0.08434252284590027,1.338896042388215,50.0,41.176473166291295,50.0,-0.0003974336629278298,-0.0006358475469055324,0.0002384138839777026,0.02183739944232222,0.013362601857059037,-0.14159623749881028,0.023332574885688313,0.014167425673105232,-0.3818812579989766,0.02391159510660623,0.015368404849882377,-0.6180358800494974,948614.2,638306.85,0.5835544102122865,0.867244335541754,0.06250000727595717,0.06250000727595717,0.0,-0.1904761355682828,0.06250000727595727,0.06250000727595727,0.0,-0.19047613556828286,37.50000873114974,79.16666957704994,33.33334023201937,66.66666666666669,-62.49999126885026,-66.66665976798063,0.0019999995960720946,0.001761904474170435,-18.087861269304227,-44.593467930538395,43.10688559387729,41.32596085798612,0.014454400396347046,0.29411756971716074,BUY,0,0
0.017000000923871994,0.017999999225139618,0.017000000923871994,0.017999999225139618,380455,0.0,0.0,FSG,2024-10-23 00:00:00+11:00,Telecommunication Services,0.05882342628954751,0.05715831644673874,0.000999998301267624,0.058823426289547516,0.018800000101327895,0.9574467621342315,0.01770000047981739,1.0169490811971618,0.01855000024661422,0.9703503496408314,0.019579999968409537,0.919305375596573,0.0210699999704957,0.8542951708754152,0.026282499972730876,0.6848663271688509,0.1921518833645609,3.050316584011904,0.13196474234654412,2.0948753404660203,0.10055884005393532,1.5963220974710033,0.08476444803963935,1.3455938971952532,53.84614833536792,44.44444214488196,51.99999701976714,-0.00038631903420002084,-0.0005859418443644301,0.0001996228101644093,0.021921637009077618,0.013478363950557164,0.07106219193503065,0.0228773905265489,0.01422260996667954,-0.12709762371673655,0.023857896968867868,0.015302102967951207,-0.36934052949396384,880493.0,643089.65,0.432093156901872,0.5916049185366301,0.12499989813659829,0.05882342628954751,-0.18181821260570508,-0.1428571681992541,0.12499989813659824,0.058823426289547516,-0.1818182126057051,-0.14285716819925406,49.999988358467014,62.49999902987228,44.444432946634386,55.555553255993566,-50.000011641532986,-55.555567053365614,0.0020714280461626394,0.0018095234408974648,8.64194000964808,-34.01536724801367,45.081523389893185,43.04187883394006,0.014756224375724793,0.22222226821346247,BUY,0,0
0.017999999225139618,0.017999999225139618,0.017999999225139618,0.017999999225139618,0,0.0,0.0,FSG,2024-10-24 00:00:00+11:00,Telecommunication Services,0.0,0.0,0.0,0.0,0.019199999794363976,0.9374999696835096,0.017800000309944154,1.0112358939164587,0.018400000222027302,0.9782608156488591,0.019539999961853027,0.9211872702292796,0.021049999967217445,0.85510685288229,0.026187499966472388,0.687350806613264,0.1921518833645609,3.050316584011904,0.13196474234654412,2.0948753404660203,0.10011688590455077,1.5893062928500155,0.08448230683024247,1.3411150443472502,58.33332945282143,44.44444214488196,39.99999627470893,-0.00037320849563322184,-0.0005433951746181885,0.00017018667898496668,0.021995234851144525,0.01360476576874378,0.0476728805580055,0.022575113459381166,0.014224886984673439,-0.09580602348912587,0.023839216181987526,0.015240783741718528,-0.3582049978089333,840483.2,636810.5,0.0,0.0,0.12499989813659829,0.05882342628954751,-0.1428571681992541,-0.10000001862645191,0.12499989813659824,0.058823426289547516,-0.14285716819925406,-0.10000001862645191,49.999988358467014,45.83332848269462,44.444432946634386,40.740735375096065,-50.000011641532986,-55.555567053365614,0.0018571424297988415,0.001571428252472764,36.13910745962454,-18.044483883741705,50.55861800814679,41.569640104071325,0.01504597539592743,0.22222226821346247,BUY,0,0
0.017000000923871994,0.017000000923871994,0.017000000923871994,0.017000000923871994,26764,0.0,0.0,FSG,2024-10-25 00:00:00+11:00,Telecommunication Services,-0.05555546357307506,-0.05715831644673871,0.0,0.0,0.018400000035762788,0.9239130918929503,0.017800000309944154,0.9550562150481968,0.018200000282377005,0.9340659703358924,0.019479999989271163,0.8726899863056952,0.02099999997764826,0.8095238543793458,0.026089999973773956,0.6515906838237118,0.11645242667158663,1.8486249632580207,0.13374356635213755,2.123113296135732,0.10079606601585836,1.6000879428696617,0.0848633510179203,1.3471639333019831,53.84615605046854,50.0,39.99999999999999,-0.000438455562149144,-0.0005224072521243797,8.395168997523566e-05,0.021995234851144525,0.01360476576874378,-0.19069241021343644,0.0222314545382547,0.01416854602649931,-0.2976591776417804,0.023836369306743325,0.015123630671799,-0.5692811799616244,467652.4,638148.7,0.057230541316584706,0.041940068200405335,-0.1904761355682828,0.0,-0.1904761355682828,-0.14999993480741836,-0.19047613556828286,0.0,-0.19047613556828286,-0.14999993480741833,37.50000873114974,45.83332848269462,37.50000873114974,42.12962487480619,-62.49999126885026,-62.49999126885026,0.0017142852635255881,0.001523809108350958,-26.10719969947582,-52.75360344303283,57.23812040181414,40.76746722107749,0.015324136375321961,0.29411756971716074,BUY,0,0
0.017000000923871994,0.01899999938905239,0.017000000923871994,0.01899999938905239,136236,0.0,0.0,FSG,2024-10-28 00:00:00+11:00,Telecommunication Services,0.11764696214645087,0.11122554860967668,0.001999998465180397,0.11764696214645079,0.01779999993741512,1.0674156997672175,0.018000000156462193,1.05555551243877,0.018100000265985728,1.0497237077260146,0.019459999985992908,0.9763617370364018,0.02094999996945262,0.9069212132103321,0.02600499997846782,0.7306287023566398,0.13207752441657997,2.0966657003239915,0.13809183621899557,2.1921399403423454,0.10451850298056739,1.6591797977480671,0.086475491112185,1.372755863910107,60.0,58.823528767250565,45.45454314548042,-0.00032503437701590296,-0.0004829326771026843,0.00015789830008678134,0.022216369490451013,0.013783630822473372,0.2371706919811427,0.021933370719303975,0.014266629812667483,0.2347801064433011,0.023815807116086368,0.015104192855899447,-0.10560628218877233,219404.6,627713.9,0.6209350214170533,0.21703518115498158,-0.13636365945427886,0.11764696214645087,-0.09523811213283606,-0.0500000093132259,-0.13636365945427883,0.11764696214645079,-0.09523811213283605,-0.05000000931322596,62.49999126885026,49.99999611948903,62.49999126885026,48.14814431554481,-37.50000873114974,-37.50000873114974,0.0017142852635255881,0.0016190471305024055,54.26355897412904,10.526303832698066,60.673269220426846,41.42712741561132,0.01559117091554071,0.1578947678001974,BUY,0,0
0.017999999225139618,0.02199999988079071,0.017999999225139618,0.02199999988079071,3880161,0.0,0.0,FSG,2024-10-29 00:00:00+11:00,Telecommunication Services,0.1578947678001974,0.14660350092840915,0.0040000006556510925,0.22222226821346244,0.018799999728798866,1.1702127764975394,0.01860000006854534,1.1827956881567514,0.018150000274181365,1.212121187242406,0.019459999985992908,1.130524146794762,0.020939999967813493,1.0506208173164528,0.025939999977126718,0.8481110215955973,0.08627166607532158,1.369520241759052,0.14140122239384903,2.244674817207971,0.11031694495211823,1.7512272104382425,0.08817879195258552,1.3997949264998695,53.84615605046854,63.15789628474716,52.00000089406992,6.848748876912142e-06,-0.000384976391906765,0.00039182514078367714,0.02323800656439476,0.013961993572695923,0.7330735339176541,0.02216444689837009,0.014135553649992636,0.9590361927871902,0.023815807116086368,0.015104192855899447,0.5831295599039308,884723.2,814320.75,4.385734430836673,4.764904983693465,0.29411756971716074,0.3749999272404274,0.04761905606641803,0.0,0.29411756971716063,0.3749999272404273,0.047619056066418024,0.0,100.0,66.6666666666667,100.0,66.66666666666669,-0.0,-0.0,0.001928571012935468,0.0017619042967756589,153.04661015147508,121.05263377444511,74.43783981923781,58.21733772514735,0.01584752407415071,0.045454553151426325,HOLD,0,1
0.02199999988079071,0.02199999988079071,0.02199999988079071,0.02199999988079071,4237760,0.0,0.0,FSG,2024-10-30 00:00:00+11:00,Telecommunication Services,0.0,0.0,0.0,0.0,0.019599999859929086,1.122448981531284,0.01919999998062849,1.145833328280585,0.018250000290572645,1.20547942632939,0.019459999985992908,1.130524146794762,0.020929999966174364,1.0511227862563597,0.025874999975785615,0.850241542082272,0.08969278601870549,1.423828837212155,0.14140122239384903,2.244674817207971,0.10956592978964061,1.7393052143337153,0.08817879195258552,1.3997949264998695,50.0,63.15789628474716,52.00000089406992,0.0002667930925379265,-0.00025462249501782667,0.0005214155875557532,0.023895150573342332,0.014504849387914649,0.5963599771447997,0.022548101772108625,0.013951898809036665,0.8724781409483977,0.023815807116086368,0.015104192855899447,0.5831295599039308,1656184.2,982644.45,2.558749201930558,4.312607678189197,0.22222226821346247,0.3749999272404274,0.1000000186264518,0.0,0.22222226821346244,0.3749999272404273,0.10000001862645191,0.0,100.0,87.49999708961678,100.0,87.49999708961677,-0.0,-0.0,0.0018571425628449237,0.0017619042967756589,162.83689235112595,174.63919763620368,81.73855003661474,67.93601147308618,0.01609362310641631,0.045454553151426325,HOLD,0,1
0.02199999988079071,0.02199999988079071,0.02199999988079071,0.02199999988079071,0,0.0,0.0,FSG,2024-10-31 00:00:00+11:00,Telecommunication Services,0.0,0.0,0.0,0.0,0.020399999991059303,1.0784313671780705,0.01979999989271164,1.1111111111111112,0.01835000030696392,1.1989100551917482,0.019459999985992908,1.130524146794762,0.020929999966174364,1.0511227862563597,0.025809999974444508,0.852382793590615,0.08969278601870549,1.423828837212155,0.14140122239384903,2.244674817207971,0.10956592978964061,1.7393052143337153,0.08817879195258552,1.3997949264998695,85.71430091956188,63.15789628474716,54.16666860692261,0.0004674128137249038,-0.00011021543326928052,0.0005776282469941844,0.024202019299615768,0.015397980485807511,0.4997706245066959,0.02290492735783764,0.013795073256090204,0.801329973687867,0.023815807116086368,0.015104192855899447,0.5831295599039308,1656184.2,982644.45,0.0,0.0,0.22222226821346247,0.3749999272404274,0.1000000186264518,0.0,0.22222226821346244,0.3749999272404273,0.10000001862645191,0.0,100.0,100.0,100.0,100.0,-0.0,-0.0,0.0018571425628449237,0.0017142852413512411,126.65452838242437,157.63360254491124,81.73855003661474,71.13531169005432,0.016329878177391288,0.045454553151426325,HOLD,0,1
0.020999999716877937,0.02199999988079071,0.020999999716877937,0.02199999988079071,4947480,0.0,0.0,FSG,2024-11-01 00:00:00+11:00,Telecommunication Services,0.0,0.0,0.0010000001639127731,0.047619056066418024,0.021399999782443047,1.0280373880582894,0.019899999909102916,1.1055276372502487,0.018450000323355198,1.19241189675979,0.019439999982714652,1.1316872376724443,0.02094999996945262,1.0501193275832508,0.025744999973103404,0.8545348574004579,0.07679016280189883,1.2190060434599232,0.10448573741607668,1.6586596605368127,0.10956592978964061,1.7393052143337153,0.08797291333476179,1.3965267047617056,83.3333540294,63.15789628474716,54.16666860692261,0.0006192668652107054,3.568102642671671e-05,0.0005835858387839887,0.024465571250687768,0.015334428567518066,0.45996433185924546,0.023239241805892735,0.01366075884081766,0.7412446355815362,0.023738266667415044,0.01514173329801426,0.5955888933528332,2640327.4,1174810.5,1.873813073333254,4.2113004607977205,0.29411756971716074,0.04761905606641803,0.1000000186264518,-0.04347826791170184,0.29411756971716063,0.047619056066418024,0.10000001862645191,-0.043478267911701875,100.0,100.0,100.0,100.0,-0.0,-0.0,0.0019285711459815502,0.0017619042967756589,94.11111204070916,132.075474626801,61.167283763889735,55.156711252932475,0.016556683045527265,0.0,HOLD,0,1
0.02199999988079071,0.023000000044703484,0.02199999988079071,0.023000000044703484,3917222,0.0,0.0,FSG,2024-11-04 00:00:00+11:00,Telecommunication Services,0.045454553151426325,0.04445176993306769,0.0010000001639127731,0.045454553151426276,0.022199999913573264,1.0360360420830945,0.019999999925494193,1.1500000065192582,0.018750000279396772,1.226666650772095,0.019439999982714652,1.1831275753680173,0.020969999972730875,1.0968049630239578,0.025689999964088203,0.895289999099064,0.06842273897356224,1.0861773080755954,0.10440116113880288,1.6573170537579198,0.10303521848114197,1.6356333862938475,0.08817879195258552,1.3997949264998695,85.71430472087587,68.42105675932578,56.000002682209775,0.0008109557577671497,0.00019073597269480337,0.0006202197850723463,0.024807401380927435,0.01519259847006095,0.6240377773773692,0.02389525790435279,0.013604742654440753,0.8260032976177824,0.023738266667415044,0.01514173329801426,0.828240852216218,3396524.6,1313433.3,1.1533029968338813,2.982429332345997,0.2105263570669298,0.045454553151426325,0.3529411055740639,0.0,0.21052635706692985,0.045454553151426276,0.35294110557406394,0.0,100.0,100.0,100.0,100.0,-0.0,-0.0,0.0017857139797082969,0.0016666662746242114,107.57576471140807,144.75139125332086,74.37106240870226,64.58505751165228,0.016774415718937803,-0.04347826791170184,HOLD,0,1
0.023000000044703484,0.02500000037252903,0.023000000044703484,0.02500000037252903,1467576,0.0,0.0,FSG,2024-11-05 00:00:00+11:00,Telecommunication Services,0.08695653582340368,0.08338162189658237,0.0020000003278255463,0.08695653582340375,0.02280000001192093,1.0964912438358698,0.0207999998703599,1.2019231023243493,0.019200000260025264,1.302083335101795,0.019479999989271163,1.283367576298669,0.021009999979287385,1.189909585777019,0.02563499997369945,0.9752291943896273,0.03911846184317193,0.6209863302504137,0.06500895050661006,1.03198509620278,0.10231213375316783,1.6241547720915575,0.088959700537736,1.4121914659777703,100.0,71.42857649699502,66.6666692536744,0.0011114418876847255,0.0003748771556927879,0.0007365647319919376,0.026032377958915293,0.015567621781804503,0.8026943831439954,0.024879139655261413,0.013520860864789114,1.0212815197614271,0.02394738689753004,0.015012613081012285,1.2356217396467313,2914007.6,1365762.1,0.503628061917203,1.0745473168423694,0.13636365945427875,0.4705881772878704,0.5624999490682991,0.08695653582340368,0.13636365945427883,0.4705881772878705,0.5624999490682991,0.08695653582340375,100.0,100.0,100.0,100.0,-0.0,-0.0,0.0018571425628449237,0.0016190473078971817,136.2318988464587,164.37248809879287,75.61366864116059,69.21876531470807,0.017147950778483745,-0.12000001788139314,SELL,0,2
0.02500000037252903,0.02500000037252903,0.02500000037252903,0.02500000037252903,1164980,0.0,0.0,FSG,2024-11-06 00:00:00+11:00,Telecommunication Services,0.0,0.0,0.0,0.0,0.023400000110268594,1.0683760792615684,0.021499999985098838,1.1627907158072541,0.019600000232458115,1.2755102079605272,0.019560000002384184,1.2781186282966135,0.021049999985843896,1.1876484745530407,0.0255799999833107,0.9773260511665331,0.03911846184317193,0.6209863302504137,0.0658846979812577,1.045887156378043,0.10213755319174654,1.6213833915959568,0.08796223347370868,1.3963571672234063,100.0,71.42857649699502,69.56522126448044,0.0013341994893274443,0.0005667416224197193,0.000767457866907725,0.026936502334433635,0.01606349763576404,0.6437963533407557,0.02573531594864337,0.013464684516272859,0.8801503280141653,0.024274891226340797,0.014845108778427572,1.153791277835619,2299451.6,1422563.75,0.5066338426083854,0.8189299073591605,0.13636365945427875,0.3888889693735593,0.4705881772878704,0.19047622426567212,0.13636365945427883,0.3888889693735593,0.4705881772878705,0.1904762242656721,100.0,100.0,100.0,100.0,-0.0,-0.0,0.001785713913185256,0.0015238092857457342,137.945507584658,155.13055834363803,77.43655701922336,71.59261831608069,0.017776114746007366,-0.12000001788139314,SELL,0,2
0.026000000536441803,0.026000000536441803,0.02500000037252903,0.026000000536441803,2469653,0.0,0.0,FSG,2024-11-07 00:00:00+11:00,Telecommunication Services,0.04000000596046438,0.03922071888449703,0.0,0.0,0.02420000024139881,1.0743801767391614,0.022300000116229058,1.1659193004900494,0.020050000213086606,1.2967581177117216,0.019620000012218954,1.3251784159148579,0.021089999992400407,1.2328117850076183,0.02553499998524785,1.0182103211851417,0.03634019424164733,0.576882699355082,0.06471129217876527,1.027259916735912,0.1020290313867954,1.6196606613495852,0.08717620465126688,1.3838793464983465,100.0,64.70588879808187,69.56522126448044,0.001573292216062474,0.0007680517411482703,0.0008052404749142036,0.02780151516337786,0.016798485069080257,0.6725420885889054,0.026682455942890097,0.013417544483283115,0.8971036620144143,0.02458337565243251,0.0146566243720054,1.2854156095967673,2793382.2,1539708.65,0.8841085190562179,1.6039742323977981,0.18181821260570508,0.44444453642692494,0.5294117131447738,0.13043480373510552,0.1818182126057051,0.4444445364269249,0.5294117131447738,0.13043480373510563,100.0,100.0,100.0,100.0,-0.0,-0.0,0.0014999997136848314,0.0015238092857457342,131.62394251396722,148.66222412616736,78.51960487635799,74.36207718501535,0.0183540255961291,-0.15384617588929128,SELL,0,2
0.026000000536441803,0.029999999329447746,0.026000000536441803,0.029999999329447746,8201423,0.0,0.0,FSG,2024-11-08 00:00:00+11:00,Telecommunication Services,0.15384610424909462,0.1431008006565544,0.003999998793005943,0.15384610424909467,0.025800000131130218,1.16279066577406,0.023599999956786633,1.2711864145923726,0.02070000013336539,1.4492753205876607,0.01975999999791384,1.5182185897072367,0.021169999986886977,1.417099638546538,0.025494999988004564,1.1767012882354497,0.058325439968625464,0.9258876555924594,0.06450800991152068,1.0240329107854407,0.10567902419166149,1.6776025008426898,0.08964003664058445,1.4229914667942256,100.0,70.00000465661428,74.07407714015739,0.0020617745442449535,0.001026796301767607,0.0010349782424773466,0.02965162978946954,0.017548370124103724,1.0575662341567513,0.02851631191149221,0.012883688355238572,1.1898193751824855,0.02545367664223224,0.014066323353595436,1.7984862806974091,3444170.8,1949779.8,2.3812474689118206,4.206332940776184,0.36363634054572125,0.7647057470050311,0.7647057470050311,0.3043477943973416,0.3636363405457212,0.7647057470050311,0.7647057470050311,0.30434779439734155,100.0,100.0,100.0,100.0,-0.0,-0.0,0.001571428163775376,0.0016666664520189876,167.22221328842429,185.65066992686798,84.40896721317333,81.16272081680853,0.01911862309016037,-0.266666654249032,SELL,0,2
0.029999999329447746,0.032999999821186066,0.028999999165534973,0.029999999329447746,9671482,0.0,0.0,FSG,2024-11-11 00:00:00+11:00,Telecommunication Services,0.0,0.0,0.0,0.0,0.027199999988079072,1.1029411523013173,0.024699999950826168,1.2145748740555888,0.02135000005364418,1.4051521898861596,0.019939999990165234,1.5045135077354204,0.021269999984651802,1.4104372050350453,0.025474999975413085,1.1776250974838829,0.06530704056234067,1.0367171291373674,0.06358426148666134,1.009368859148448,0.10567902419166149,1.6776025008426898,0.0885759001191327,1.4060988232135294,100.0,93.33334243960154,74.07407714015739,0.002420992612829572,0.0013056355639800002,0.001115357048849572,0.031028067588111212,0.018371932313541124,0.8375383580595637,0.029989565827099475,0.012710434280188884,1.0012076419836198,0.026321221934048584,0.013558778046281885,1.576500461471241,4595022.8,2405900.3,2.104773451831403,4.019901406554545,0.3043477943973416,0.5789473839000987,0.7647057470050311,0.42857141590037306,0.30434779439734155,0.5789473839000987,0.7647057470050311,0.42857141590037295,81.24999563442513,93.7499985448084,84.21052321998026,94.73684107332677,-18.75000436557487,-15.789476780019738,0.0014999997136848314,0.0018571426737166586,172.00853196529638,193.97589883024062,89.63907208729353,85.91903362921285,0.020424388238874856,-0.266666654249032,SELL,0,2
0.029999999329447746,0.029999999329447746,0.027000000700354576,0.027000000700354576,184534,0.0,0.0,FSG,2024-11-12 00:00:00+11:00,Telecommunication Services,-0.09999995653827887,-0.10536046736702621,-0.00299999862909317,-0.09999995653827888,0.02760000005364418,0.9782608930390063,0.025200000032782555,1.0714285978266036,0.021900000050663948,1.2328767414562636,0.020060000009834766,1.3459621479121313,0.021339999996125698,1.2652296487936485,0.025439999969676136,1.0613207835117109,0.09152485381761005,1.4529120118976209,0.0664805210541979,1.0553455544364072,0.10795816029189098,1.7137826647943508,0.0899437034036158,1.427812027212727,72.72728042415486,76.47059983654736,66.66667080587922,0.002435525481190949,0.00153161354742219,0.000903911933768759,0.03136801762533909,0.019031982440226018,0.29182806964497515,0.03050599520106932,0.013294004900258578,0.5926102165477518,0.02674119464033809,0.013378805379331442,1.0387364946434718,4338414.4,2271439.85,0.042534894776303525,0.08124098025312006,0.08000001192092876,0.2272727657571314,0.6874999636202137,0.2857143363985082,0.08000001192092877,0.2272727657571314,0.6874999636202137,0.28571433639850813,62.500002910383245,81.24999951493616,68.42105624335636,84.21052648777889,-37.499997089616755,-31.57894375664364,0.0016428568799580847,0.001999999751292524,96.78302794195987,125.0000054049972,89.12550421678849,85.54275435024476,0.022184973860398426,-0.18518521073587246,SELL,0,2
0.027000000700354576,0.027000000700354576,0.02500000037252903,0.02500000037252903,603337,0.0,0.0,FSG,2024-11-13 00:00:00+11:00,Telecommunication Services,-0.07407408429434903,-0.07696105217402534,-0.0020000003278255463,-0.07407408429434897,0.02760000005364418,0.9057971131861698,0.025500000081956388,0.9803921683207698,0.02235000003129244,1.1185682477640404,0.020140000022947788,1.2413108413129936,0.021390000004321338,1.1687704706628508,0.02540499996393919,0.9840582723091899,0.100843193369304,1.6008360664126566,0.07308075419027572,1.1601210072750665,0.11035403038055557,1.7518159233636994,0.09069888737516091,1.4398002011095898,58.33333592034087,68.42105985513518,64.51613213343705,0.002259612169782113,0.0016772132718941748,0.0005823988978879383,0.03125422523091355,0.019745774932999227,-0.08689262176645506,0.030590464826892535,0.014109535235692344,0.3215838435049839,0.026961454381851553,0.01331854566404402,0.712458090881702,4226085.8,2265553.65,0.14276496705296424,0.26630885567419693,0.0,0.13636365945427875,0.5624999490682991,0.19047622426567212,0.0,0.13636365945427883,0.5624999490682991,0.1904762242656721,50.0,64.58333284826949,55.55555900489839,69.39571282274503,-50.0,-44.44444099510161,0.0017857140462313379,0.001952380695868106,41.22138180275253,73.82813275249498,87.81472347301639,87.73928386318212,0.023699077494908696,-0.12000001788139314,SELL,0,2
0.02500000037252903,0.03099999949336052,0.023000000044703484,0.029999999329447746,2057222,0.0,0.0,FSG,2024-11-14 00:00:00+11:00,Telecommunication Services,0.19999995529651704,0.18232151954105147,0.004999998956918716,0.1999999552965171,0.02839999981224537,1.0563380115415528,0.02630000002682209,1.140684383986776,0.023049999959766865,1.3015184113584344,0.020360000021755694,1.4734773721704923,0.021469999998807908,1.3972985249703518,0.025394999952986837,1.181334884228629,0.1348072433518577,2.139998645035085,0.09308289533199038,1.4776451541738096,0.11655254767419584,1.8502143349015312,0.09345290948193742,1.4835189467078187,66.66666666666666,78.26087062153806,69.44444731889755,0.002494898099916494,0.0018407502374986387,0.0006541478624178553,0.0321156869967495,0.02048431305689468,0.6362101883677963,0.03139707616699822,0.01470292375253551,0.832626802144188,0.02771968013705941,0.01300031990645198,1.3098394436528078,4143599.6,2358412.3,0.496481851190448,0.8722910748048592,0.15384610424909462,0.36363634054572125,0.8749998690327692,0.5789473839000987,0.15384610424909467,0.3636363405457212,0.8749998690327692,0.5789473839000987,81.24999563442513,64.58333284826949,83.3333307463262,69.10331533152701,-18.75000436557487,-16.666669253673795,0.0022857141281877246,0.0022857139951416422,81.11110071134257,105.52016111283967,88.48301077365544,88.2090144440833,0.032999999821186066,-0.266666654249032,SELL,0,2
0.029999999329447746,0.029999999329447746,0.029999999329447746,0.029999999329447746,44863,0.0,0.0,FSG,2024-11-15 00:00:00+11:00,Telecommunication Services,0.0,0.0,0.0,0.0,0.02839999981224537,1.0563380115415528,0.027099999971687792,1.1070110465236043,0.023499999940395356,1.276595719384629,0.020580000020563604,1.4577259134825873,0.021549999993294478,1.3921113382265697,0.02536499995738268,1.1827320867278777,0.11763557368219353,1.8674068397849928,0.09308289533199038,1.4776451541738096,0.09718034966021198,1.5426902251393273,0.09345290948193742,1.4835189467078187,66.66666666666666,76.19047872468754,69.44444731889755,0.002650807041190816,0.0020027615982370745,0.0006480454429537417,0.03247070148031021,0.021729298463065372,0.5399665859486203,0.03233771786845464,0.014662282012336068,0.7354839158664745,0.02841597100009461,0.012744029041032598,1.2021483149300718,2512287.6,2266109.55,0.017857430017168417,0.019797365930521765,0.0,0.36363634054572125,0.42857141590037306,0.5789473839000987,0.0,0.3636363405457212,0.42857141590037295,0.5789473839000987,79.99999751647323,70.4166643836328,81.24999563442513,73.37962846188326,-20.000002483526767,-18.75000436557487,0.0021428570949605535,0.0022380948953685306,113.04346492775738,126.17282704197956,88.47104886214565,88.45377861324143,0.032799999825656415,-0.266666654249032,SELL,0,2
0.029999999329447746,0.029999999329447746,0.029999999329447746,0.029999999329447746,0,0.0,0.0,FSG,2024-11-18 00:00:00+11:00,Telecommunication Services,0.0,0.0,0.0,0.0,0.02839999981224537,1.0563380115415528,0.02779999990016222,1.0791366704023868,0.023899999912828207,1.2552301020447032,0.02080000001937151,1.4423076587263495,0.02162999998778105,1.3869625217935726,0.025334999961778522,1.1841325981727666,0.11763557368219353,1.8674068397849928,0.0936356804023701,1.4864203451219742,0.09711758152762297,1.5416938119247845,0.09345290948193742,1.4835189467078187,64.28571333538491,72.2222239468939,64.51613213343705,0.00274274929385656,0.0021507591373609715,0.0005919901564955883,0.03258887478255414,0.0230111250177703,0.4593979762082825,0.033165669072696774,0.014634330752959642,0.6583441855489333,0.029061046499568362,0.012538953539174658,1.1136602768342019,577991.2,2197235.8,0.0,0.0,0.0,0.3043477943973416,0.36363634054572125,0.5789473839000987,0.0,0.30434779439734155,0.3636363405457212,0.5789473839000987,74.99999611948931,78.74999642346258,81.24999563442513,81.9444406717255,-25.000003880510693,-18.75000436557487,0.0018571427624140466,0.00199999970694383,96.6914753922884,111.37606468101248,87.57237040573033,88.08270283392305,0.03260399983003735,-0.266666654249032,SELL,0,2
0.029999999329447746,0.029999999329447746,0.028999999165534973,0.028999999165534973,116941,0.0,0.0,FSG,2024-11-19 00:00:00+11:00,Telecommunication Services,-0.033333339542150675,-0.03390155809859586,-0.0010000001639127731,-0.03333333954215063,0.02879999950528145,1.0069444327669814,0.028199999779462814,1.0283687727776074,0.024499999824911356,1.183673443787051,0.02100000001490116,1.3809523402360562,0.02169999998062849,1.336405492692312,0.0252999999653548,1.14624502787537,0.10592849974304921,1.6815628024456657,0.09332782177384605,1.4815332409017339,0.07912434026088673,1.256059961894171,0.09366798885341225,1.4869332258821937,45.454543915169026,68.4210531475472,61.29032432505834,0.002703755327241448,0.0022613583753370668,0.0004423969519043811,0.03260201839651425,0.02379798116241138,0.18173466667617497,0.03343249493334826,0.015567504716474452,0.5037785395900509,0.02956189887652848,0.012438101153273842,0.9343720686176489,564472.6,2175404.45,0.20716860304645435,0.05375598087059167,0.07407401530749347,0.15999994933605266,0.7058822111481278,0.5263157946333663,0.07407401530749338,0.1599999493360527,0.7058822111481279,0.5263157946333662,66.66666149265241,73.88888504287168,74.99999417923351,79.16666181602795,-33.33333850734759,-25.000005820766493,0.0019285713455506734,0.0019047615960949944,69.02654054260836,89.87914359776003,86.01845396664433,87.51106808863668,0.03241191983433068,-0.24137929262644275,SELL,0,2
0.02500000037252903,0.028999999165534973,0.02500000037252903,0.028999999165534973,415342,0.0,0.0,FSG,2024-11-20 00:00:00+11:00,Telecommunication Services,0.0,0.0,0.003999998793005943,0.1599999493360527,0.029599999263882636,0.9797297259030755,0.02859999965876341,1.0139859969071363,0.025049999821931124,1.1576846056559909,0.021200000010430813,1.3679244882672834,0.021769999973475933,1.332108369355439,0.025274999951943756,1.1473788020048938,0.09428088549944592,1.4966626585109377,0.09332782177384605,1.4815332409017339,0.0790852290810371,1.2554390911619844,0.09366798885341225,1.4869332258821937,45.454543915169026,68.4210531475472,73.07692583231605,0.0026423924721755733,0.002337565194704768,0.00030482727747080515,0.03239473177139207,0.024805267546134747,0.10540915534996194,0.03364559187991836,0.016454407763943885,0.45953778599036843,0.030034070685258457,0.012365929335603168,0.8829450705358253,526873.6,2177148.8,0.788314312958554,0.19077336376824588,0.15999994933605266,0.15999994933605266,0.6111111341067312,0.5263157946333663,0.1599999493360527,0.1599999493360527,0.6111111341067312,0.5263157946333662,66.66666149265241,69.44443970159807,74.99999417923351,77.08332799763075,-33.33333850734759,-25.000005820766493,0.002214285545051098,0.0018571425406705764,19.943014831369847,56.73420317151392,84.978452741766,87.36469592106201,0.03222368143853813,-0.24137929262644275,SELL,0,2
0.02500000037252903,0.02500000037252903,0.02500000037252903,0.02500000037252903,102,0.0,0.0,FSG,2024-11-21 00:00:00+11:00,Telecommunication Services,-0.13793099683119092,-0.1484199614424557,0.0,0.0,0.028599999472498895,0.8741259032738256,0.028499999642372133,0.8771930065346559,0.025399999879300594,0.9842519878475456,0.021320000030100345,1.172607895742642,0.021749999970197678,1.149425306059061,0.025219999961555006,0.9912767807549032,0.05972808558207396,0.9481539644169015,0.10503142414901638,1.6673221688714472,0.0871601450534105,1.3836244082858444,0.0960469601229556,1.5246982240144695,41.666664079659135,56.52174124307612,62.06897016831829,0.0022451152036969887,0.0023190751965032124,-7.39599928062237e-05,0.032636556501345386,0.02436344278339888,-0.8461141449683465,0.033331283098723775,0.017468716659877412,-0.050433138712281986,0.030195004403576732,0.012444995656623955,0.41464772157483554,115449.6,2177153.9,0.0008835024114418759,4.6850156068434117e-05,-0.1666666356225801,-0.03846154397232282,0.3888889693735593,0.3157895356003948,-0.16666663562258016,-0.03846154397232281,0.3888889693735593,0.31578953560039474,27.272731890855766,53.53535162538689,50.0,66.6666627861557,-72.72726810914423,-50.0,0.002428571161414896,0.00199999970694383,-69.02464867312003,4.281354872965406,95.78095917996002,87.28912895865963,0.03203920781066144,-0.12000001788139314,SELL,0,2
0.02500000037252903,0.02500000037252903,0.02500000037252903,0.02500000037252903,5604,0.0,0.0,FSG,2024-11-22 00:00:00+11:00,Telecommunication Services,0.0,0.0,0.0,0.0,0.02759999968111515,0.9057971254121018,0.02799999974668026,0.8928571642395491,0.025799999851733445,0.9689922680696967,0.02144000004976988,1.1660447907880187,0.021729999966919423,1.1504832218402061,0.025169999962672593,0.9932459439652096,0.05972808558207396,0.9481539644169015,0.09037618240436174,1.434677418512116,0.08549329006128946,1.3571639056012916,0.0960469601229556,1.5246982240144695,50.0,54.54545608483097,62.06897016831829,0.0019082727260719204,0.002236914702416954,-0.00032864197634503364,0.03252155197905336,0.02347844751430716,-0.6634888241856502,0.03268552963301177,0.01891447007045512,-0.1161856102023702,0.03034915542565462,0.012530844673885143,0.3995889815094418,107597.8,2176095.9,0.05208284927758746,0.0025752541512531688,-0.1666666356225801,-0.1666666356225801,0.4705881772878704,0.3157895356003948,-0.16666663562258016,-0.16666663562258016,0.4705881772878705,0.31578953560039474,20.00000372529038,37.979799036266215,50.0,58.333331393077856,-79.99999627470962,-50.0,0.002357142578278269,0.00199999970694383,-81.62544313960969,-2.389069502816256,95.28442340274292,87.28912895865963,0.031858423655342284,-0.12000001788139314,SELL,0,2
0.02500000037252903,0.02500000037252903,0.02500000037252903,0.02500000037252903,40000,0.0,0.0,FSG,2024-11-25 00:00:00+11:00,Telecommunication Services,0.0,0.0,0.0,0.0,0.026599999889731406,0.9398496419610876,0.027499999850988388,0.909090927563423,0.026099999900907278,0.9578544240400548,0.021560000069439412,1.1595547445273762,0.021709999963641168,1.1515430867986085,0.02511499997228384,0.995421079041142,0.05972808558207396,0.9481539644169015,0.09037618240436174,1.434677418512116,0.08262477689391444,1.3116276707609607,0.0960469601229556,1.5246982240144695,0.0,50.0,64.28571571120827,0.0016226181042736827,0.0021140553827883,-0.0004914372785146171,0.03214279483220377,0.02285720486977301,-0.5384686355038909,0.03221813453297176,0.0199818652688428,-0.17979328578571488,0.030496601511550522,0.012623398627328301,0.38493383926462543,115597.8,2171284.1,0.34602734654119716,0.018422278319083163,-0.1666666356225801,-0.1666666356225801,0.3157895356003948,0.3157895356003948,-0.16666663562258016,-0.16666663562258016,0.31578953560039474,0.31578953560039474,20.00000372529038,22.42424644714554,50.0,50.0,-79.99999627470962,-50.0,0.002214285412005016,0.0019523807402168,-85.69697275437665,-11.982319943950099,95.05012608090207,87.32438926910531,0.03168125518312951,-0.12000001788139314,SELL,0,2
0.023000000044703484,0.023000000044703484,0.020999999716877937,0.020999999716877937,280253,0.0,0.0,FSG,2024-11-26 00:00:00+11:00,Telecommunication Services,-0.16000002384185752,-0.17435341552794187,-0.0020000003278255463,-0.08695653582340375,0.025,0.8399999886751175,0.026899999752640725,0.7806691416350814,0.026049999892711638,0.8061420270006754,0.021600000075995923,0.972222205694121,0.021689999960362912,0.9681880938337526,0.025039999978616834,0.8386581363742454,0.08196399956746896,1.3011381558943713,0.09832296081378362,1.5608286148849224,0.08463460860894276,1.3435327601312927,0.09900082235023451,1.5715893331776336,0.0,41.666664079659135,53.33333416117569,0.0010612348798581805,0.001903491282202276,-0.0008422564023440955,0.033114676939116454,0.020685322566164996,-0.949365487334123,0.0323235863886915,0.019776413396731782,-0.8049622299891401,0.03050768926643778,0.012692310885554066,-0.06735757684066913,148260.2,1991288.7,1.8902780382058029,0.14073951205568536,-0.27586205789152674,-0.22222225288304698,-0.045454553151426325,0.10526317853346501,-0.27586205789152674,-0.22222225288304692,-0.045454553151426276,0.10526317853346492,0.0,13.333335816860282,20.000002483526767,40.00000082784228,-100.0,-79.99999751647323,0.0024999997445515226,0.0020476189397630237,-171.1111425691235,-102.68849515062101,94.0132746811239,86.82709480531123,0.03150763008036099,0.04761905606641803,HOLD,0,1
0.020999999716877937,0.02500000037252903,0.020999999716877937,0.02199999988079071,660772,0.0,0.0,FSG,2024-11-27 00:00:00+11:00,Telecommunication Services,0.04761905606641803,0.046520023698291856,0.0010000001639127731,0.047619056066418024,0.023600000143051147,0.9322033791287266,0.02659999970346689,0.8270676739114158,0.026049999892711638,0.8445297493819165,0.02166000008583069,1.0156971280522957,0.021669999957084657,1.01522842290538,0.024989999970421194,0.8803521371280703,0.09268404136075901,1.4713135436699576,0.09849082372489618,1.5634933559878532,0.08527105548276671,1.353636041036349,0.09916472878482253,1.5741912671628526,10.000001862645192,41.666664079659135,50.0,0.000689082966342118,0.0016606096190302448,-0.0009715266526881268,0.03347669073596187,0.019723308670971912,-0.6689263485794885,0.0323235863886915,0.019776413396731782,-0.6455637480277329,0.030536567948275833,0.012783432223385545,0.038303069410249004,197346.2,1812439.3,3.348288439301086,0.36457607159588734,-0.24137929262644275,-0.12000001788139314,0.0,0.1578947678001974,-0.24137929262644278,-0.12000001788139317,0.0,0.15789476780019737,8.333334626836898,9.444446117375788,8.333334626836898,26.111112370121248,-91.6666653731631,-91.6666653731631,0.0027142854939614025,0.0020476189397630237,-119.65813232612223,-81.75798485339412,93.56552148020532,86.02026940481102,0.031087324865821667,0.0,HOLD,0,1
0.02199999988079071,0.02199999988079071,0.02199999988079071,0.02199999988079071,0,0.0,0.0,FSG,2024-11-28 00:00:00+11:00,Telecommunication Services,0.0,0.0,0.0,0.0,0.023000000044703484,0.9565217320882982,0.02579999975860119,0.8527131816525061,0.026049999892711638,0.8445297493819165,0.0217000000923872,1.0138248749827774,0.0216499999538064,1.0161662784171404,0.02493499997071922,0.882293960562461,0.0795953606475008,1.2635371787267051,0.06663181396080382,1.0577472548724516,0.08527105548276671,1.353636041036349,0.09895580882806208,1.5708747656658135,11.111113410673127,29.99999906867731,50.0,0.0003896581569908762,0.001406419326622371,-0.0010167611696314948,0.032779333722239734,0.018820665794962648,-0.5444645431223099,0.0323235863886915,0.019776413396731782,-0.6455637480277329,0.030564051989929723,0.012835948194844675,0.03384454331620999,197325.8,1812439.3,0.0,0.0,-0.12000001788139314,-0.266666654249032,0.0,0.1000000186264518,-0.12000001788139317,-0.2666666542490321,0.0,0.10000001862645191,8.333334626836898,5.555556417891293,8.333334626836898,12.22222391240021,-91.6666653731631,-91.6666653731631,0.0024285712944609778,0.0020476189397630237,-113.93940754748078,-99.45817037018061,89.89517415931923,84.67867056972125,0.030683831859863918,0.0,HOLD,0,1
0.02199999988079071,0.02199999988079071,0.02199999988079071,0.02199999988079071,0,0.0,0.0,FSG,2024-11-29 00:00:00+11:00,Telecommunication Services,0.0,0.0,0.0,0.0,0.02239999994635582,0.9821428541730785,0.024999999813735484,0.8800000017881394,0.026049999892711638,0.8445297493819165,0.021800000071525574,1.0091743031471991,0.021619999948889017,1.0175763151156354,0.02488499996252358,0.8840667033925002,0.0795953606475008,1.2635371787267051,0.06663181396080382,1.0577472548724516,0.08527105548276671,1.353636041036349,0.096353285827492,1.5295609938208092,11.111113410673127,29.99999906867731,50.0,0.00015062552109470703,0.0011552605655168382,-0.0010046350444221312,0.03166666595888205,0.01833333366858892,-0.4500000251443248,0.0323235863886915,0.019776413396731782,-0.6455637480277329,0.03055983351703999,0.013040166626011158,0.022831462551100138,196205.0,1565065.3,0.0,0.0,-0.12000001788139314,-0.266666654249032,0.0,0.29411756971716074,-0.12000001788139317,-0.2666666542490321,0.0,0.29411756971716063,10.00000186264519,8.888890372106358,8.333334626836898,8.333334626836898,-89.99999813735481,-91.6666653731631,0.002142856961914471,0.0020476189397630237,-100.80001181231734,-99.45817037018061,63.96370357208865,84.67867056972125,0.03029647857414448,0.0,HOLD,0,1
0.02199999988079071,0.02199999988079071,0.02199999988079071,0.02199999988079071,0,0.0,0.0,FSG,2024-12-02 00:00:00+11:00,Telecommunication Services,0.0,0.0,0.0,0.0,0.021799999848008157,1.0091743134943567,0.02419999986886978,0.9090909090909091,0.025999999884516,0.8461538453272285,0.021900000050663948,1.0045662022783297,0.021589999943971636,1.0189902703975484,0.02483499995432794,0.8858465843063881,0.0795953606475008,1.2635371787267051,0.06663181396080382,1.0577472548724516,0.08469574602128198,1.3445032864644024,0.096353285827492,1.5295609938208092,20.0,35.29411442448918,50.0,-3.836729074525175e-05,0.0009165349942644201,-0.0009549022850096719,0.030072723623732728,0.018327276114006835,-0.3746132254658407,0.032390782173166086,0.01960921759586592,-0.6259014660582668,0.03054964254761012,0.013250357553717776,0.011561151823565905,188205.0,1369204.2,0.0,0.0,-0.12000001788139314,-0.266666654249032,-0.04347826791170184,0.29411756971716074,-0.12000001788139317,-0.2666666542490321,-0.043478267911701875,0.29411756971716063,10.00000186264519,9.444446117375788,8.333334626836898,8.333334626836898,-89.99999813735481,-91.6666653731631,0.0019285713455506734,0.001999999884338606,-88.42106030058673,-100.3629893533896,66.95714005522667,95.18115240081693,0.029924619419853818,0.0,HOLD,0,1
0.02199999988079071,0.02199999988079071,0.02199999988079071,0.02199999988079071,10000,0.0,0.0,FSG,2024-12-03 00:00:00+11:00,Telecommunication Services,0.0,0.0,0.0,0.0,0.02199999988079071,1.0,0.023499999940395356,0.9361702100676937,0.025849999859929085,0.851063829787234,0.022000000029802323,0.9999999932267449,0.02155999993905425,1.0204081606206052,0.02478999995626509,0.8874546155547985,0.02129588927777764,0.3380617618617993,0.06718708048292767,1.0665618376458483,0.08225609285068716,1.3057749930165377,0.096353285827492,1.5295609938208092,20.0,39.999997516472924,48.148147637134336,-0.0001860013479902875,0.0006960277258134785,-0.000882029073803766,0.028421607508751175,0.018578392372039537,-0.3047784771075838,0.03247610401971682,0.019223895700141352,-0.5810352337204594,0.030533247713879004,0.013466752345725641,-1.7462473561539175e-08,134154.4,1296325.4,0.07454097666569266,0.007714112521439448,0.04761905606641803,-0.24137929262644275,-0.12000001788139314,0.29411756971716074,0.047619056066418024,-0.24137929262644278,-0.12000001788139317,0.29411756971716063,10.00000186264519,10.00000186264519,8.333334626836898,8.333334626836898,-89.99999813735481,-91.6666653731631,0.00178571417927742,0.0019523808289141882,-77.10145611093033,-98.56202550783559,77.88061524045222,94.62941956657795,0.02956763463173478,0.0,HOLD,0,1
0.02199999988079071,0.02199999988079071,0.02199999988079071,0.02199999988079071,0,0.0,0.0,FSG,2024-12-04 00:00:00+11:00,Telecommunication Services,0.0,0.0,0.0,0.0,0.02199999988079071,1.0,0.02280000001192093,0.9649122749687745,0.025699999835342168,0.856031129250698,0.022000000029802323,0.9999999932267449,0.021529999934136866,1.0218300022337035,0.024744999958202243,0.8890684953708539,0.0,0.0,0.06718708048292767,1.0665618376458483,0.08225609285068716,1.3057749930165377,0.0871638905948372,1.3836838669126865,20.0,10.000001862645192,43.999998211860415,-0.00029954938317667754,0.0004969123040154473,-0.0007964616871921249,0.025898387196796876,0.019701612827044985,-0.25819888974342337,0.0325395130245585,0.018860486646125833,-0.540974167633033,0.030533247713879004,0.013466752345725641,-1.7462473561539175e-08,2000.0,1238076.4,0.0,0.0,0.0,-0.24137929262644275,-0.12000001788139314,0.0,0.0,-0.24137929262644278,-0.12000001788139317,0.0,11.111113410673124,10.37037237865453,8.333334626836898,8.333334626836898,-88.88888658932687,-91.6666653731631,0.0012142856472304889,0.0018571427180653526,-67.84660788356274,-92.2010462853984,43.73958747216259,94.37017047007137,0.029224929235140508,0.0,HOLD,0,1
0.02199999988079071,0.02199999988079071,0.02199999988079071,0.02199999988079071,454551,0.0,0.0,FSG,2024-12-05 00:00:00+11:00,Telecommunication Services,0.0,0.0,0.0,0.0,0.02199999988079071,1.0,0.022499999962747097,0.9777777740984787,0.025499999802559615,0.86274510004437,0.022020000033080578,0.9990917278719427,0.021489999927580355,1.0237319662600752,0.024699999960139395,0.8906882557204082,0.0,0.0,0.054369756644497856,0.8630931295466576,0.08163453144269689,1.2959080115559531,0.08687797544205014,1.3791451045706489,100.0,10.000001862645192,43.999998211860415,-0.000385097850822122,0.0003205102730479334,-0.0007056081238700554,0.02520801320822175,0.019791986717272444,-0.18463723646549146,0.03253375252020561,0.018466247084913626,-0.49760064964869305,0.03054836744308659,0.013491632623074564,-0.002345132582632635,92910.2,1137321.3,4.892369190896156,0.39966806213864103,0.0,-0.12000001788139314,-0.15384617588929128,0.04761905606641803,0.0,-0.12000001788139317,-0.15384617588929125,0.047619056066418024,11.111113410673124,10.74074289466384,8.333334626836898,8.333334626836898,-88.88888658932687,-91.6666653731631,0.0012142856472304889,0.0018571427180653526,-59.47712437397353,-84.18451839607258,41.634701218491166,94.13944748501028,0.028895932054410003,0.0,HOLD,0,1
0.023000000044703484,0.023000000044703484,0.023000000044703484,0.023000000044703484,10998,0.0,0.0,FSG,2024-12-10 00:00:00+11:00,Telecommunication Services,0.045454553151426325,0.04445176993306769,0.0,0.0,0.022199999913573264,1.0360360420830945,0.022099999897181987,1.0407239887650976,0.024499999824911356,0.9387755187376496,0.0221000000461936,1.0407239817479048,0.021409999914467334,1.0742643688270985,0.024544999953359365,0.9370543934979954,0.020327894146694097,0.3226953155387888,0.01962827107790351,0.31158914362976636,0.07068333826699569,1.1220632093419547,0.087067020543246,1.3821461025166846,100.0,20.000003725290384,33.33333333333333,-0.00044078157349007954,-6.003806528906007e-05,-0.00038074350820101947,0.022732455533104167,0.021467544261259807,1.4230249465785993,0.031037341495369235,0.017962658154453477,-0.22945103007027196,0.030616490023688974,0.013583510068698224,0.1056773390079849,93109.8,234999.25,0.11811860835271905,0.046800149362178814,0.045454553151426325,0.09523811213283606,-0.14814816858869795,0.09523811213283606,0.045454553151426276,0.09523811213283605,-0.14814816858869795,0.09523811213283605,50.0,24.537038773685484,20.00000372529038,12.222224326321415,-50.0,-79.99999627470962,0.0009285714477300644,0.0014761903633673985,17.34234234234227,-41.24782991213709,71.48718495230253,64.04240288405862,0.027985815309456707,-0.04347826791170184,HOLD,0,1
0.023000000044703484,0.023000000044703484,0.023000000044703484,0.023000000044703484,0,0.0,0.0,FSG,2024-12-11 00:00:00+11:00,Telecommunication Services,0.0,0.0,0.0,0.0,0.02239999994635582,1.0267857187403822,0.022199999913573264,1.0360360420830945,0.02439999980852008,0.9426229600490513,0.022160000056028365,1.0379061365772246,0.02142999991774559,1.0732617887533364,0.024484999952837826,0.9393506264653992,0.020327894146694097,0.3226953155387888,0.01437399179836942,0.22818004587460541,0.06882350624257805,1.0925392912401775,0.08673439815766651,1.3768658858402663,100.0,33.33333333333333,38.88888658932687,-0.00039586015068069497,-0.00012720248236738706,-0.0002686576683133079,0.023043274094673813,0.021356725732472714,0.948683297864221,0.030966260785424565,0.017833738831615594,-0.21321110579381722,0.03065835459876573,0.013661645513290998,0.09884266235903001,93109.8,204832.4,0.0,0.0,0.045454553151426325,0.045454553151426325,-0.08000001192092876,0.15000002793967782,0.045454553151426276,0.045454553151426276,-0.08000001192092877,0.15000002793967787,50.0,37.50000097012778,20.00000372529038,16.111114025805907,-50.0,-79.99999627470962,0.0006428572482296399,0.0013333332857915334,33.19386331938643,-36.842101485321855,71.49574223245877,67.03267141852314,0.027706382685753556,-0.04347826791170184,HOLD,0,1
0.023000000044703484,0.023000000044703484,0.023000000044703484,0.023000000044703484,0,0.0,0.0,FSG,2024-12-12 00:00:00+11:00,Telecommunication Services,0.0,0.0,0.0,0.0,0.022599999979138374,1.0176991179616965,0.022299999929964544,1.031390139772976,0.024049999844282865,0.9563409643917737,0.02222000006586313,1.035103509294704,0.02142999991774559,1.0732617887533364,0.024424999952316284,0.941658140823142,0.020327894146694097,0.3226953155387888,0.01437399179836942,0.22818004587460541,0.04985929056174595,0.7914917002349383,0.08673439815766651,1.3768658858402663,100.0,33.33333333333333,43.74999854480838,-0.00035615407696187873,-0.0001729928012862854,-0.00018316127567559332,0.023266091871543052,0.021333907988386035,0.7245688372011476,0.0300841129650909,0.01801588672347483,-0.17401062568060952,0.030698447480727156,0.013741552650999108,0.09199797329318721,2199.6,101971.3,0.0,0.0,0.045454553151426325,0.045454553151426325,-0.23333331470688146,0.15000002793967782,0.045454553151426276,0.045454553151426276,-0.23333331470688143,0.15000002793967787,50.0,50.0,20.00000372529038,20.00000372529038,-50.0,-79.99999627470962,0.0006428572482296399,0.0012380951749426977,58.01801801801795,-33.80195213346355,71.49574223245877,77.93940386364086,0.027438127366998532,-0.04347826791170184,HOLD,0,1
0.023000000044703484,0.023000000044703484,0.02199999988079071,0.02199999988079071,159579,0.0,0.0,FSG,2024-12-13 00:00:00+11:00,Telecommunication Services,-0.04347826791170184,-0.044451769933067604,-0.0010000001639127731,-0.043478267911701875,0.022599999979138374,0.9734513230574552,0.022299999929964544,0.9865470829544388,0.023649999871850014,0.9302325581395349,0.022260000072419642,0.9883198476737171,0.021419999916106464,1.0270774961230567,0.024384999955072997,0.9021939684774894,0.031447158226650375,0.49920816064449514,0.020965807116622458,0.3328218699979872,0.05025893893473758,0.797835921475783,0.08701746032791072,1.3813593584884847,50.0,28.57142857142857,16.666669253673803,-0.0004007586866742324,-0.00021854597836387483,-0.0001822127083103576,0.023266091871543052,0.021333907988386035,-0.31052950165763676,0.029050779189938494,0.018249220553761533,-0.30551146304628024,0.030714535685097487,0.013805464459741795,-0.03075274663685285,34115.4,107707.1,4.677623595209202,1.4816014914522813,0.0,0.0,-0.266666654249032,0.1000000186264518,0.0,0.0,-0.2666666542490321,0.10000001862645191,25.0,41.66666666666669,11.111113410673124,17.03704028708465,-75.0,-88.88888658932687,0.0007142858313662666,0.0009047618756691614,12.389380530973632,-47.92626688950308,61.24880100074177,40.29607565743464,0.027180602260993707,0.0,HOLD,0,1
0.02199999988079071,0.02199999988079071,0.02199999988079071,0.02199999988079071,0,0.0,0.0,FSG,2024-12-16 00:00:00+11:00,Telecommunication Services,0.0,0.0,0.0,0.0,0.022599999979138374,0.9734513230574552,0.022299999929964544,0.9865470829544388,0.023249999899417163,0.9462365581060589,0.022360000051558016,0.9838998135090692,0.021409999914467334,1.0275572147912386,0.02434999995864928,0.9034907563922261,0.031447158226650375,0.49920816064449514,0.020965807116622458,0.3328218699979872,0.05025893893473758,0.797835921475783,0.08408180708688326,1.3347573080208082,50.0,66.66666666666666,16.666669253673803,-0.00043113826765485766,-0.0002610644362220714,-0.00017007383143278625,0.023266091871543052,0.021333907988386035,-0.31052950165763676,0.027786402118724858,0.018713597680109467,-0.27554876269706446,0.030677769922826895,0.014042230180289137,-0.04328085248076088,34115.4,107707.1,0.0,0.0,0.0,0.0,-0.266666654249032,0.29411756971716074,0.0,0.0,-0.2666666542490321,0.29411756971716063,25.0,33.333333333333364,11.111113410673124,14.074076848878898,-75.0,-88.88888658932687,0.0004285714988197599,0.0009047618756691614,-51.851851851851926,-55.062306757454444,81.03725529918704,38.276624934162456,0.026933378159229075,0.0,HOLD,0,1
0.02199999988079071,0.02199999988079071,0.02199999988079071,0.02199999988079071,0,0.0,0.0,FSG,2024-12-17 00:00:00+11:00,Telecommunication Services,0.0,0.0,0.0,0.0,0.02239999994635582,0.9821428541730785,0.022299999929964544,0.9865470829544388,0.022899999935179948,0.9606986874700109,0.022480000033974646,0.9786476800507785,0.021399999912828208,1.0280373817946995,0.024314999962225557,0.9047912776051285,0.019444072518903423,0.3086650821559423,0.020965807116622458,0.3328218699979872,0.05013953567551261,0.7959404534979438,0.08352973211053855,1.3259933894659883,50.0,50.0,16.666669253673803,-0.00045002667705386704,-0.00029885688438843056,-0.00015116979266543648,0.023266091871543052,0.021333907988386035,-0.31052950165763676,0.026564911743977453,0.019235088126382444,-0.24557209050128204,0.030593882724314563,0.014366117343634728,-0.05915788673595264,31915.8,101860.05,0.0,0.0,-0.04347826791170184,0.0,-0.24137929262644275,0.3749999272404274,-0.043478267911701875,0.0,-0.24137929262644278,0.3749999272404273,0.0,16.666666666666696,11.111113410673124,11.111113410673124,-100.0,-88.88888658932687,0.0001428571662732533,0.0009047618756691614,-46.666666666666806,-53.84615534909506,6.627236637780513,38.276624934162456,0.02669604302153503,0.0,HOLD,0,1
0.02199999988079071,0.02199999988079071,0.02199999988079071,0.02199999988079071,0,0.0,0.0,FSG,2024-12-18 00:00:00+11:00,Telecommunication Services,0.0,0.0,0.0,0.0,0.022199999913573264,0.9909909894792265,0.022299999929964544,0.9865470829544388,0.022549999970942737,0.9756097520682598,0.02258000001311302,0.9743135459705278,0.02138999991118908,1.0285179977622414,0.02427499996498227,0.9062821797127355,0.019444072518903423,0.3086650821559423,0.020965807116622458,0.3328218699979872,0.05013953567551261,0.7959404534979438,0.08319068724550302,1.3206112190889236,50.0,50.0,18.181821260570516,-0.00045969677926615757,-0.000331024863363976,-0.0001286719159021816,0.023266091871543052,0.021333907988386035,-0.31052950165763676,0.02484186237969043,0.020258137562195043,-0.23997954155221476,0.030540001504951,0.014619998521275043,-0.07286432457544514,31915.8,81092.95,0.0,0.0,-0.04347826791170184,0.0,-0.24137929262644275,0.29411756971716074,-0.043478267911701875,0.0,-0.24137929262644278,0.29411756971716063,0.0,8.333333333333364,12.500002910383246,11.574076577243188,-100.0,-87.49999708961676,0.0001428571662732533,0.0008571428202447437,-46.666666666666806,-52.884615591269785,6.627236637780513,41.88769119808812,0.026468201289348747,0.0,HOLD,0,1
0.02199999988079071,0.02199999988079071,0.02199999988079071,0.02199999988079071,0,0.0,0.0,FSG,2024-12-19 00:00:00+11:00,Telecommunication Services,0.0,0.0,0.0,0.0,0.02199999988079071,1.0,0.022299999929964544,0.9865470829544388,0.02239999994635582,0.9821428541730785,0.022679999992251395,0.9700176317595677,0.02138999991118908,1.0285179977622414,0.02420499997213483,0.9089031153116072,0.019444072518903423,0.3086650821559423,0.020965807116622458,0.3328218699979872,0.04053237732230641,0.6434315426463413,0.08319068724550302,1.3206112190889236,0.0,50.0,18.181821260570516,-0.000462034360437992,-0.00035722676277877925,-0.00010480759765921276,0.023266091871543052,0.021333907988386035,-0.31052950165763676,0.024389446109004474,0.020410553783707167,-0.2010610154097205,0.030477853707763534,0.014882146276739255,-0.08720349679142758,31915.8,81087.85,0.0,0.0,-0.04347826791170184,0.0,-0.12000001788139314,0.29411756971716074,-0.043478267911701875,0.0,-0.12000001788139317,0.29411756971716063,0.0,0.0,25.0,16.20370544035215,-100.0,-75.0,0.0001428571662732533,0.0006666666872444607,-46.666666666666806,-49.9999999999999,6.627236637780513,61.24252073493696,0.026249473226449913,0.0,HOLD,0,1
