Open,High,Low,Close,Volume,Dividends,Stock Splits,Ticker,Date,Sector,Returns,Log_Returns,Price_Change,Price_Change_Pct,MA_5,MA_Ratio_5,MA_10,MA_Ratio_10,MA_20,MA_Ratio_20,MA_50,MA_Ratio_50,MA_100,MA_Ratio_100,MA_200,MA_Ratio_200,Volatility_5,Volatility_Annualized_5,Volatility_10,Volatility_Annualized_10,Volatility_20,Volatility_Annualized_20,Volatility_50,Volatility_Annualized_50,RSI_7,RSI_14,RSI_21,MACD,MACD_Signal,MACD_Histogram,BB_Upper_10,BB_Lower_10,BB_Position_10,BB_Upper_20,BB_Lower_20,BB_Position_20,BB_Upper_50,BB_Lower_50,BB_Position_50,Volume_MA_5,Volume_MA_20,Volume_Ratio_5,Volume_Ratio_20,Momentum_5,Momentum_10,Momentum_20,Momentum_50,ROC_5,ROC_10,ROC_20,ROC_50,Stoch_K_14,Stoch_D_14,Stoch_K_21,Stoch_D_21,Williams_R_14,Williams_R_21,ATR_14,ATR_21,CCI_14,CCI_21,MFI_14,MFI_21,PSAR,Future_Return,Target,Sector_Encoded,Target_Encoded
1.0,0.9999999999999999,0.9999999999999998,1.0,0.051340847613863955,0.0,0.0,AVH,2020-10-13 00:00:00+11:00,"Pharmaceuticals, Biotechnology & Life Sciences",0.39604362692966205,0.4511930244358628,0.42857142857142855,0.24512384825092468,0.9880814390192447,0.48722879579156775,0.9873230872343091,0.5001961984551688,1.0000000000000002,0.46332212202734424,0.9876956891712565,0.4492579667825467,0.9999999999999999,0.31221902813428626,1.0000000000000002,0.2087497834739277,0.18311902711322864,0.18311902711322867,0.1684749183864567,0.16847491838645673,0.25255355086436426,0.2525535508643642,0.2785162446648558,0.2785162446648557,0.7628862685259696,0.45856002036795096,0.5502372867446031,0.6019713100846413,0.6057733984186163,0.4874619582887345,0.9630414610695008,0.973285149515249,0.6895970191837748,0.991381400572698,0.9835839828563995,0.528991630834135,0.9733994818952394,0.9727802615221468,0.6546395309738781,0.14555703687955132,0.25170794363271304,0.1761058976768154,0.07211435162256603,0.4879166784835792,0.41690775122279516,0.4272485059349087,0.4130095863394729,0.4879166784835793,0.4169077512227951,0.4272485059349087,0.413009586339473,0.6867466833961839,0.7438003834735283,0.47107411310261776,0.5244044309300783,0.6867466833961839,0.4710741131026177,0.5498220091030066,0.6226929499645306,0.6658799925450233,0.4773017307603863,0.5445879564726591,0.6499645515146202,0.8723317825430068,-0.19028338413590418,SELL,0.0,1.0
0.9664536679765341,0.9556961697018161,0.9657422443076396,0.9770492018566632,0.03320735510338409,0.0,0.0,AVH,2020-10-14 00:00:00+11:00,"Pharmaceuticals, Biotechnology & Life Sciences",0.39527532866253656,0.4504008395307371,0.47619058431679623,0.2691378349067486,1.0000000000000002,0.4240669089317559,0.9937483696315632,0.4603655724844482,0.9962907066498965,0.4420358120580552,0.9907351469369197,0.42864313310068436,0.9965240615261829,0.30057236491330075,0.9964617225195321,0.2016408948604556,0.19156434059252178,0.1915643405925218,0.13806124424620805,0.13806124424620803,0.24969532959996513,0.2496953295999651,0.2823158949506772,0.2823158949506771,0.6336632634995575,0.5853687732221711,0.48829035667183396,0.599466678856417,0.6099211189296065,0.47213692507444216,0.9653856568481871,0.9838862452154908,0.5677170738920888,0.9837274016177251,0.9847619080725143,0.4793367994178925,0.9747795565985562,0.9777230481693746,0.6148016728347281,0.12835118722250688,0.2369080066958179,0.12580807506029054,0.0488463869717643,0.48017422376895347,0.4371483358725889,0.3899845217362212,0.39640297640345357,0.48017422376895336,0.43714833587258883,0.3899845217362212,0.3964029764034537,0.5180721299570962,0.6944911936536441,0.3553717477539394,0.47953563121832204,0.5180721299570961,0.3553717477539393,0.48754445530102,0.6076554035213917,0.5340177255411627,0.4230929082866902,0.608822571142039,0.590244267106003,0.8774385112412866,-0.1884456518780464,SELL,0.0,1.0
0.9456868765006612,0.9351266069605436,0.9298532076614585,0.9311475273999625,0.08085879268309203,0.0,0.0,AVH,2020-10-15 00:00:00+11:00,"Pharmaceuticals, Biotechnology & Life Sciences",0.35223852671501693,0.4055682772565406,0.37414972165041416,0.2129119194693333,0.9890746432254016,0.35965386567330215,0.994790306646206,0.3965558539357523,0.9904248424243165,0.39750656174754795,0.9924196642469716,0.3908320619468325,0.9929111395836819,0.27531547918623234,0.992675830383965,0.18617072067202217,0.13704938728177776,0.13704938728177773,0.17700594335447453,0.17700594335447456,0.26606836942912926,0.26606836942912915,0.2944360088659904,0.2944360088659903,0.49612394504474133,0.49708536895774025,0.3968913362302494,0.576358699341046,0.6079257265997343,0.41855013974147875,0.9644951170832046,0.9870505956060696,0.3535208194707459,0.9757335632719251,0.9818035048959544,0.36879741914187025,0.9748624684351459,0.9813324315461485,0.539462547053351,0.10967014178334147,0.2307883351804022,0.34554115352405285,0.12130805541635117,0.36393480411205154,0.39499306781607113,0.35830947848523753,0.36285856482108103,0.36393480411205154,0.39499306781607113,0.3583094784852376,0.36285856482108103,0.18072244857626754,0.4716631735730639,0.12396662297629922,0.32249456478803334,0.1807224485762675,0.12396662297629912,0.501779315044736,0.6213259951041895,0.41497659361402545,0.3680567848726068,0.6314832665878909,0.5181055043642191,0.8823409707916352,-0.1359084177928619,SELL,0.0,1.0
0.9025558890665009,0.9034809923335788,0.916802648881029,0.929508223760452,0.06288807479371702,0.0,0.0,AVH,2020-10-16 00:00:00+11:00,"Pharmaceuticals, Biotechnology & Life Sciences",0.4335781021290073,0.4895540868817969,0.5510205935226712,0.30989223767180496,0.9741764538394795,0.38263995410319485,0.9961795559990632,0.39259222077654643,0.9828337264343454,0.403429842356841,0.9938112237710173,0.38853572115339163,0.9885961819568806,0.2766332968864642,0.9889485841434972,0.18684768002229168,0.1160506619439543,0.1160506619439543,0.17650112102335488,0.1765011210233549,0.2546537824887761,0.2546537824887761,0.2938960997181943,0.2938960997181943,0.5289256784582009,0.42480039894858757,0.4002160693054648,0.5571770364184834,0.6019186816118485,0.38355622454176885,0.9629145833487729,0.9917168903955211,0.3339443474255017,0.9590579609302783,0.9854007315082356,0.3736459998565624,0.9750344859418305,0.9841820255361902,0.5348138095956942,0.10071930097781498,0.2260636102700121,0.28630019572205456,0.09582089922259288,0.3454150116194167,0.3977457744145812,0.3358154494890243,0.3554719564785732,0.34541501161941673,0.39774577441458114,0.33581544948902436,0.35547195647857327,0.16867455343908777,0.29530209962350595,0.1157023653486783,0.20190959870290304,0.16867455343908766,0.11570236534867828,0.47508891060203984,0.6035542781955218,0.3714778372532068,0.34515675025079307,0.548113540857298,0.4463093668944269,1.0,-0.14469917279683642,SELL,0.0,1.0
0.9121406206492655,0.9351266069605436,0.9314844886152791,0.9639344600604707,0.04595196394353386,0.0,0.0,AVH,2020-10-19 00:00:00+11:00,"Pharmaceuticals, Biotechnology & Life Sciences",0.5027062934155705,0.5585148867238984,0.653061131810093,0.36716211387690967,0.962257892858724,0.46819363611560005,0.9994790273523888,0.43515555317167687,0.9767953411456509,0.4480841051113207,0.9953126422465433,0.4148265473299224,0.9846408042003528,0.2993109738260078,0.9854885005683988,0.2007248531887144,0.14935071526324947,0.14935071526324947,0.18913754028198917,0.1891375402819892,0.26968480798113537,0.26968480798113525,0.2950790128157694,0.2950790128157693,0.43564352228670283,0.4856173227913366,0.4054058973936182,0.5574276716995399,0.5971706779988466,0.3945389268995129,0.9629954319797385,0.9984379042998177,0.4832149097004788,0.9375800618460723,0.9978961496353855,0.49997093957109967,0.9762729506057937,0.9859133678303598,0.5882665329474501,0.1050075756544179,0.21568008457875237,0.20284973697111486,0.07250408946545911,0.36082475637877803,0.4123228014400099,0.35824892261194563,0.35713441291058795,0.36082475637877803,0.41232280144001,0.35824892261194563,0.35713441291058806,0.421686670849046,0.26249075522089416,0.2892561104118375,0.1794751988470249,0.421686670849046,0.2892561104118375,0.4839857403650909,0.609022553940368,0.4623214249726888,0.40541820713161614,0.5546033148372129,0.4247074283472584,0.9975899844498106,-0.19193325500116953,SELL,0.0,1.0
0.9217252760599599,0.9098101001691884,0.9200652885761365,0.9377049764680858,0.07598576910120207,0.0,0.0,AVH,2020-10-20 00:00:00+11:00,"Pharmaceuticals, Biotechnology & Life Sciences",0.3879060999234204,0.4427881006821731,0.5034014377773034,0.2831507104606153,0.9496772062649947,0.44227033289543183,1.0,0.39895165826851753,0.9722234219133516,0.42358429417146226,0.9961915225892686,0.39335530087395576,0.9798977753771766,0.2862129601632225,0.9820544816284232,0.1922597164990265,0.15181640378849984,0.15181640378849984,0.2003995953593843,0.20039959535938429,0.2551620797025903,0.25516207970259025,0.29945908210505723,0.2994590821050571,0.31132100934690426,0.5229395479378077,0.37217336992105343,0.5457597771373247,0.5906892988772009,0.37941857607911783,0.9625678236623942,1.0,0.34829302311078625,0.9275902267373555,1.0,0.4133539427057563,0.9767280280524886,0.9872711411896291,0.5446273708990166,0.11770670906271632,0.20989627046652787,0.3077728796689358,0.12231343887011306,0.35651888477488425,0.3908940365692061,0.37621747023868407,0.3427117487062431,0.35651888477488425,0.390894036569206,0.3762174702386841,0.34271174870624316,0.22891575263294567,0.2788966229932393,0.2134832423860078,0.20985003473029065,0.22891575263294572,0.2134832423860078,0.48220642532035474,0.6199589750576368,0.388681640197719,0.36376357764867334,0.5630816274979389,0.34673988144500884,0.9952281692106251,-0.16073969853718162,SELL,0.0,1.0
0.8961661187927046,0.8813291149089454,0.8923328122739909,0.8918033020113851,0.12954639176631338,0.0,0.0,AVH,2020-10-21 00:00:00+11:00,"Pharmaceuticals, Biotechnology & Life Sciences",0.34935452158560587,0.40253130491819505,0.4217688773957819,0.23624007698270727,0.9324615140868797,0.38670730673053955,0.9972215012942856,0.34009391871645067,0.9657537216268972,0.37870595440028865,0.9976929410647946,0.3558763166207757,0.9753602213487859,0.2610696173762048,0.9780470404050249,0.1766513573568776,0.17282540277895822,0.17282540277895822,0.22578434897608232,0.22578434897608235,0.27171321120502556,0.2717132112050255,0.2768011126666752,0.2768011126666752,0.1721311411336059,0.4337101010067186,0.37984914019884575,0.5160846462974518,0.5786805419825788,0.3312028890410303,0.968833181028899,0.987136629749847,0.17077989492649243,0.9208676290025368,0.9942806705278786,0.24935032507888646,0.9753778518072176,0.9923049975844034,0.46686103143795377,0.16734867199767853,0.21901913687012248,0.39681368326406136,0.2020917644672409,0.33230366703832337,0.36516824474003884,0.34735999708246734,0.3595434458214779,0.3323036670383233,0.36516824474003884,0.34735999708246734,0.3595434458214779,0.0,0.2214767702886687,0.0,0.1705898349825039,0.0,0.0,0.5071175147183149,0.604921428614498,0.28767014456733053,0.27789466763330317,0.514683536390879,0.3426756907629422,0.9929135902762232,-0.13629630759910305,SELL,0.0,1.0
0.8562300164954426,0.8496835002819808,0.8597064153229173,0.8688525038680484,0.08315318202177627,0.0,0.0,AVH,2020-10-22 00:00:00+11:00,"Pharmaceuticals, Biotechnology & Life Sciences",0.3912233600118951,0.4462182090859124,0.49659888660165674,0.2781914101355899,0.9198808274931505,0.36556353101231265,0.9848919008668089,0.3235994829014541,0.96273452898255,0.35587201051069184,0.9982788618753371,0.33727989893100296,0.9698980327850625,0.25008508382210526,0.9734922409118963,0.16965852037118712,0.15520739193527677,0.15520739193527677,0.14493924729438457,0.14493924729438457,0.21118843818374725,0.21118843818374722,0.2786765174328968,0.2786765174328968,0.17213120841109614,0.40772911901110104,0.3676784922460484,0.48290883229676146,0.5614449176152609,0.2856085735076901,0.9748244422566203,0.9548632564942263,0.18729888736009231,0.9256473515903219,0.9823252018643513,0.19865137650438042,0.9747908633928646,0.9943460940215689,0.42732839748736595,0.1685309340843116,0.2086365849473933,0.25323651071649395,0.13444208927454468,0.3528332548887758,0.2959428238272076,0.3953486028697961,0.3366616702965184,0.35283325488877587,0.29594282382720755,0.3953486028697962,0.33666167029651844,0.053571382955624344,0.09616370333115647,0.053571382955624344,0.09061714428124767,0.05357138295562436,0.05357138295562436,0.4928826549745986,0.5953520275437819,0.23164363882462152,0.2061315236534921,0.4195259108378891,0.3468237056716145,0.9874380478470812,-0.12556730816051598,SELL,0.0,1.0
0.8578274971499267,0.8528480541997857,0.8629690550180247,0.873770492956607,0.05243363603195001,0.0,0.0,AVH,2020-10-23 00:00:00+11:00,"Pharmaceuticals, Biotechnology & Life Sciences",0.4466707261096477,0.5027805600443004,0.51020398895295,0.2862605135623007,0.9086244079120651,0.3960377541017084,0.9711730510864751,0.3470921816875423,0.9601466472226383,0.36403860117227316,0.9986084404759545,0.3409576673197122,0.9644872123076748,0.25589308270288047,0.9690221516382752,0.17299361661499718,0.15946315734702043,0.15946315734702043,0.1347972447000127,0.1347972447000127,0.21183185339497404,0.21183185339497396,0.2770894590349403,0.2770894590349402,0.2162160768919486,0.3865558958920382,0.47145417148056235,0.4598382820560397,0.5423514560644106,0.26940253514952517,0.9665092820763945,0.9359932133847428,0.2630512682220602,0.9287784155685093,0.9732105699761953,0.2432493012423427,0.9745370406808669,0.9953967909753578,0.43462227391423613,0.1631439291951796,0.19600954293159972,0.1639954186110335,0.08870296497064123,0.35959456222693237,0.28719476889379225,0.40216342133559235,0.33030967977129944,0.3595945622269323,0.28719476889379225,0.40216342133559246,0.33030967977129955,0.08035686155968341,0.04559158400752932,0.08035686155968341,0.04544461658753341,0.08035686155968336,0.08035686155968336,0.48398582521154765,0.5420368768177786,0.27435526577080455,0.24520421798356917,0.43351693661490454,0.4175919505991391,0.9776753342985838,-0.14608430868915812,SELL,0.0,1.0
0.8546326120130285,0.8718354531555311,0.8760196137984539,0.8950819874604332,0.04452363329831347,0.0,0.0,AVH,2020-10-26 00:00:00+11:00,"Pharmaceuticals, Biotechnology & Life Sciences",0.47965891434252556,0.535760609539412,0.6122448516193322,0.3466990586314794,0.8947194227322997,0.46470411023456704,0.9576278533349587,0.393887919777933,0.9567824042254129,0.3916368393811376,1.0,0.3568980634714358,0.9592989890483578,0.2716237385333098,0.9639851560846543,0.18269616702928915,0.13555379202868367,0.13555379202868367,0.1395499158004538,0.13954991580045378,0.2016475052310537,0.20164750523105368,0.27451899433256743,0.27451899433256743,0.38541672358085005,0.4248289583589264,0.5088738980084577,0.45228314964222754,0.525339420465856,0.2875589533338402,0.9396453739345807,0.938578853591769,0.36420122161667184,0.9277952600085784,0.9672892832077491,0.3311018519617477,0.9733345055045564,1.0,0.46689134936970483,0.16240793328526631,0.1920459340526855,0.13977126386460073,0.07643320613316847,0.3479875976349316,0.29002081628136,0.39131171915348406,0.3565580909649356,0.34798759763493164,0.29002081628136006,0.39131171915348406,0.3565580909649357,0.19642840417062257,0.1124593468354539,0.19642840417062257,0.11209682685685195,0.19642840417062257,0.19642840417062257,0.4928826549745986,0.5434039620505431,0.33713691019850434,0.3036950937076104,0.4832159009338537,0.4842381410133255,0.9684983835629963,-0.17134414337965131,SELL,0.0,1.0
0.841853071465436,0.8401898385285665,0.8205546611941628,0.8426229421056364,0.12921506879948053,0.0,0.0,AVH,2020-10-27 00:00:00+11:00,"Pharmaceuticals, Biotechnology & Life Sciences",0.3330399499463114,0.3852727161233303,0.4489794064773288,0.249350219978074,0.8755172905684785,0.3973718575272893,0.9409568445395138,0.3410468223892682,0.9504852291153973,0.3383598872183686,0.9997436595362517,0.31552948334593345,0.953734063495482,0.24253438786517745,0.9582835117139646,0.16491724184438822,0.16763762754828648,0.16763762754828648,0.16670597841796467,0.1667059784179647,0.22893746204669443,0.2289374620466944,0.28998294816528114,0.28998294816528114,0.2913384969416715,0.37768118151093805,0.3899082948354181,0.4239614319310702,0.5052173492286492,0.2604299038659927,0.9227597065471032,0.9233609823699331,0.2067290396958381,0.9309657482873688,0.9503283024432518,0.20536794036110795,0.9736580578374474,0.9990218688298285,0.37893896125902027,0.18983613906981425,0.21159252887687396,0.3564410280230316,0.206771352510974,0.31917411501602394,0.2654174017528259,0.34574664455042714,0.31625966057391414,0.3191741150160239,0.26541740175282597,0.3457466445504272,0.3162596605739142,0.10294106819226494,0.1292656759263599,0.10294106819226494,0.12884897965886902,0.102941068192265,0.102941068192265,0.5462634638599911,0.563909784238528,0.2615757714588234,0.2146209467317192,0.45578688612447676,0.4039122096661588,0.9598720498715441,-0.1302325117194748,SELL,0.0,1.0
0.8178913948526647,0.8117088532683235,0.8123981008501275,0.8229508294113477,0.1031795679433038,0.0,0.0,AVH,2020-10-28 00:00:00+11:00,"Pharmaceuticals, Biotechnology & Life Sciences",0.39590863976138824,0.4510538609489069,0.4693877087621893,0.2607344329186577,0.8616123053887133,0.3845068549331345,0.9246331480822829,0.3335496089545884,0.9455682554168952,0.3207571318320239,0.999670419653206,0.29999740985227874,0.9481348914630746,0.2333629333484104,0.9526991585120436,0.15934396166155596,0.1490104783548362,0.1490104783548362,0.1666403615592584,0.16664036155925843,0.21456611848519222,0.2145661184851922,0.28731733270009907,0.28731733270009907,0.13559311075271993,0.22673253110241498,0.36477813869569,0.3943628694896512,0.48231364517650366,0.23616553425556563,0.9105047993664013,0.9035932960073219,0.1978706563654989,0.9377590570778707,0.9320201686162677,0.19539258179384222,0.9737915861052009,0.9986899885888991,0.3460859985773623,0.17624973696041704,0.21456804091682624,0.3028145272468962,0.1634211500922694,0.34343306345854474,0.2656575621595632,0.3641481421693695,0.3206145143210596,0.3434330634585448,0.2656575621595632,0.3641481421693696,0.32061451432105964,0.04964517900671766,0.11881086663506008,0.04964517900671766,0.11842787212155607,0.04964517900671761,0.04964517900671761,0.4982206849552637,0.5625426990057636,0.2656031796466751,0.2031293722545641,0.32990765537645883,0.35270724057367836,0.9460556804209457,-0.09004734623922372,SELL,0.0,1.0
0.7859424673116131,0.7784809994069148,0.7765089864164803,0.8081967058056176,0.06001009513543714,0.0,0.0,AVH,2020-10-29 00:00:00+11:00,"Pharmaceuticals, Biotechnology & Life Sciences",0.4055301810397318,0.4609512874765966,0.5442177179680642,0.3069400121745909,0.8493626658147746,0.37821472534686107,0.9116089229783777,0.3287897753065947,0.9396161306597581,0.309683534249549,0.9994873190725035,0.28842792305049936,0.9430665284326755,0.22687432785779826,0.9470561597257384,0.15560820562424682,0.14666179050584044,0.1466617905058404,0.15144256659879574,0.15144256659879574,0.2148324494823781,0.214832449482378,0.28823616787645623,0.2882361678764561,0.14414398933946898,0.17218347646951737,0.3965437813641782,0.3663017905251665,0.457538171802532,0.21983796492062835,0.9096407478036872,0.8776827624476919,0.22246049769360243,0.9444614443889177,0.9116419121587314,0.20369975054695744,0.9741774736721411,0.9977938606009307,0.3222999500079231,0.16432447487344065,0.21661443866881208,0.18658772128915518,0.09438350516646563,0.3509044863503398,0.2862849751865426,0.34777787402979166,0.3178594861842612,0.3509044863503398,0.2862849751865426,0.34777787402979177,0.31785948618426124,0.12269926087320286,0.09371213975625532,0.12269926087320286,0.09341005261227708,0.12269926087320282,0.12269926087320282,0.5053381148271219,0.563909784238528,0.2553655009513849,0.19844085840395997,0.24127804478455464,0.36429447391651265,0.9293843874294889,-0.11698711041867838,SELL,0.0,1.0
0.7955271988943775,0.7895569758436901,0.7438825894654066,0.7573770422603583,0.17007172076313537,0.0,0.0,AVH,2020-10-30 00:00:00+11:00,"Pharmaceuticals, Biotechnology & Life Sciences",0.3277492685976472,0.3796469541480835,0.29251683688993235,0.14889764450182058,0.8258566224464468,0.31823037512558505,0.8933750045206788,0.2772687847095465,0.9312486493191485,0.25906150593629484,0.9984619589636865,0.24878897226372865,0.9384947271082721,0.197727369622543,0.9410156747877333,0.13817567749770437,0.16627875301946254,0.16627875301946254,0.17682474635556236,0.1768247463555624,0.24191949190039638,0.24191949190039636,0.3061621752159891,0.3061621752159891,0.14035075978154168,0.09400905932159896,0.3384661376430217,0.32362754603592037,0.42790505584896393,0.17746442289392028,0.9137212383594779,0.8353910433997609,0.1696171451684656,0.9567949259121444,0.8795793199125768,0.1572876817235998,0.977052337827919,0.9918647855144702,0.24613508821798663,0.22494149622064047,0.23563093245292294,0.406103174088486,0.25119071794432807,0.28995996587543116,0.24584674143072982,0.3081875695994487,0.2965407879195137,0.28995996587543116,0.24584674143072976,0.3081875695994487,0.29654078791951377,0.049180152733814375,0.0754109568928789,0.049180152733814375,0.07516786479561502,0.049180152733814375,0.049180152733814375,0.5622775538019866,0.6131237444524497,0.2468882378998127,0.20900505165255964,0.17032659137467135,0.33405030572989836,0.9072479306528549,-0.0741989999928434,SELL,0.0,1.0
0.7380191902581406,0.7278480612731216,0.701468195641545,0.7081967605246366,0.13951894658838385,0.0,0.0,AVH,2020-11-02 00:00:00+11:00,"Pharmaceuticals, Biotechnology & Life Sciences",0.3257517611627053,0.37751922223293044,0.3333334414596534,0.16698416693034093,0.7881145310918669,0.2870534256584656,0.8662846172982253,0.23755176494813246,0.9194306644497563,0.21279469159078568,0.9965943410729319,0.21086802524885284,0.9340941557320844,0.16930232871721873,0.9351055133360585,0.12115357346768107,0.09948069526453093,0.09948069526453093,0.14257178299952564,0.1425717829995256,0.2581551285597681,0.2581551285597681,0.3242296687620255,0.3242296687620255,0.12307683278821059,0.08273569262100737,0.30247486288145853,0.27072409793325813,0.3920336696639532,0.12304757326066423,0.9037124207748874,0.790836896233047,0.142580204064217,0.9718098896821237,0.837115480448547,0.14427680743998006,0.9832533829484758,0.9798346857612736,0.18707374190069154,0.27389106001833813,0.2584814775314504,0.2805771680207721,0.1920082731774191,0.21644381569548393,0.18346657966529248,0.25496513111912955,0.2747434702741941,0.21644381569548388,0.18346657966529248,0.2549651311191295,0.2747434702741941,0.027624415643947527,0.06791469285688675,0.023923534490153886,0.06643998011911223,0.027624415643947464,0.02392353449015383,0.581850443526368,0.625427250802483,0.20888939171537904,0.19022672024830226,0.10362957174188936,0.26133645129646277,0.8801393259776007,-0.07637660682685121,SELL,0.0,1.0
0.7028753775801908,0.7151898456019025,0.6916802765562229,0.736065625926559,0.08521995337051168,0.0,0.0,AVH,2020-11-03 00:00:00+11:00,"Pharmaceuticals, Biotechnology & Life Sciences",0.5029463155055025,0.5587506331462238,0.5986397492680389,0.3453554025892948,0.766594927709245,0.3932607021134942,0.8449248877965976,0.3079217830964749,0.9090791456367588,0.25530401181323725,0.9956788416617719,0.23353134896919625,0.9287860738768111,0.1892110249740192,0.9294364499146303,0.13364497976377926,0.19718845909704422,0.19718845909704422,0.19862484196570354,0.1986248419657035,0.2775141488178128,0.2775141488178128,0.3299316011313662,0.3299316011313662,0.2083334575096717,0.1562808506934409,0.3205712719982641,0.24488485681830552,0.35739495151000367,0.13380021917136664,0.880316968425706,0.7733415878260937,0.2635304833731818,0.9768147172715047,0.8094771507514675,0.23097119495722435,0.9859977794284771,0.9743143525718052,0.23852482206615216,0.2512210815226465,0.2677757735663577,0.1848924526082883,0.1141148338226161,0.2973191874142206,0.2228453156636201,0.2784086190979811,0.29870270364181867,0.2973191874142206,0.2228453156636201,0.2784086190979811,0.2987027036418187,0.1609196378778557,0.08092559683246982,0.13023264994809128,0.06899621446200237,0.16091963787785568,0.13023264994809125,0.6067614480778714,0.6431989677111507,0.25931270223633496,0.23146323472602695,0.16795574007976508,0.2828437950559211,0.8469852624715379,-0.15000005754931034,SELL,0.0,1.0
0.7204472839191658,0.7341771691087311,0.737357310075192,0.7639344131584545,0.08338590753735321,0.0,0.0,AVH,2020-11-04 00:00:00+11:00,"Pharmaceuticals, Biotechnology & Life Sciences",0.5010048988385114,0.556843081877312,0.6394557050798394,0.37215187256989185,0.7546763667284897,0.48223972742558585,0.8313796900450814,0.36995009884326735,0.9009704541174703,0.2963161131840606,0.9935915023757034,0.2569393719413625,0.9239403072480016,0.2090600159502941,0.9240736461112556,0.14615823945094625,0.24236556040055157,0.24236556040055163,0.2238546191771623,0.22385461917716226,0.29436563107024716,0.29436563107024716,0.28556881241582066,0.28556881241582066,0.22972958169769542,0.24599782455847113,0.3616917186114914,0.24054419582457492,0.3286858628701994,0.18552477512692667,0.8622625926088008,0.765907375673594,0.3695753389851133,0.9775265585381703,0.7915907716439698,0.2951755130599504,0.9895746927461551,0.9651474552583603,0.29209084060852075,0.2410217252673278,0.27128120116666743,0.18756678427504184,0.11053345106617794,0.3498325101051628,0.2785416674771771,0.31257495068316843,0.2723933618194025,0.3498325101051628,0.2785416674771771,0.31257495068316843,0.27239336181940255,0.2586205431832164,0.15222287389528005,0.20930222758349806,0.12332893811621631,0.25862054318321637,0.20930222758349792,0.5889677885517693,0.6459330078042562,0.3288454740034865,0.2882871152825409,0.24001241414529997,0.3293523466440938,0.8139645332528291,-0.1959798392922938,SELL,0.0,1.0
0.7444089605319371,0.748417699463311,0.7487765101143347,0.773770547675626,0.07125309144091958,0.0,0.0,AVH,2020-11-05 00:00:00+11:00,"Pharmaceuticals, Biotechnology & Life Sciences",0.4587602394550144,0.514924060831525,0.5782314469831783,0.32980818564034875,0.7477238899253031,0.5205128082525636,0.8213076239562873,0.399881634501569,0.8898425699538344,0.31942131608769,0.9931520630774289,0.2650364767659207,0.9198821933188025,0.21730769033868735,0.9190105859225116,0.15165873750266523,0.24869970995236457,0.24869970995236462,0.22908808797325356,0.22908808797325358,0.2397630652726588,0.23976306527265873,0.25857930562817355,0.25857930562817355,0.32786898701400236,0.266670222369866,0.3875369472334723,0.24502790484230919,0.30674959928004986,0.24460458229234658,0.8471299998835848,0.7623215194229482,0.4216058920230374,0.967812234470627,0.7795852102527152,0.3259718593913913,0.9905412454024871,0.9629451828437183,0.3090097947178757,0.24681506123172442,0.2617052078068414,0.1569958402804556,0.09712496408244085,0.37760434807171905,0.30461357799418665,0.2737741631663232,0.31122210795240723,0.3776043480717191,0.3046135779941866,0.2737741631663233,0.31122210795240735,0.29310353804899636,0.24259674353852442,0.23720939826036508,0.1957012322327892,0.29310353804899636,0.23720939826036502,0.5978646183148203,0.6527683035956551,0.36237692700157853,0.31533503803037277,0.3011101906203563,0.37729165817796223,0.786887535293488,-0.19568826933975925,SELL,0.0,1.0
0.7587859817340137,0.7705695768879445,0.74225123072412,0.7590164240698958,0.11690859683169082,0.0,0.0,AVH,2020-11-06 00:00:00+11:00,"Pharmaceuticals, Biotechnology & Life Sciences",0.40397865293774393,0.45935825336160896,0.4557822820319357,0.24957289495026197,0.7480549685184863,0.4861177021732379,0.8091516838382073,0.39419766526335764,0.8769894340258073,0.3149517656963312,0.9899295047310634,0.2552493192798445,0.9144713728414148,0.21077437295769752,0.9142798502976598,0.14747253515281622,0.20399989539565852,0.2039998953956585,0.2260723095642723,0.22607230956427227,0.23131277439396683,0.2313127743939668,0.15527111094876367,0.15527111094876356,0.33613451775937836,0.18405274787688103,0.27252327527136655,0.24537128296492727,0.289279546555555,0.28356363922479033,0.8259932347000702,0.7612618110513344,0.40375908216462847,0.9532710557324349,0.7696135258236989,0.319525642944529,0.9941820279135332,0.9511931063783567,0.30096588742064145,0.21942095476016688,0.2693581010586255,0.28518475182950404,0.15583166927191136,0.41987539425931136,0.28804231839271405,0.2503083687750788,0.24835563519913584,0.41987539425931136,0.28804231839271405,0.2503083687750788,0.24835563519913584,0.26582284593330313,0.2783076829301971,0.19534886402977947,0.2177965071561892,0.2658228459333031,0.19534886402977947,0.6174375080392017,0.6390977120128573,0.37681757564533896,0.3266912427167167,0.336697455760095,0.36737312399019856,0.6635367668120448,-0.20370370816346006,SELL,0.0,1.0
0.7412140753950389,0.7689873376535006,0.7601957879409436,0.803278716717059,0.06379010823290938,0.0,0.0,AVH,2020-11-09 00:00:00+11:00,"Pharmaceuticals, Biotechnology & Life Sciences",0.5364156323815441,0.5913809275630608,0.7142857142857142,0.4201851094666319,0.7672570848956111,0.5420664643450896,0.7994269300876278,0.4800155132365793,0.8654302348644114,0.38144479823422484,0.9869632868484461,0.2924639506334449,0.9096940983551877,0.24131483664947906,0.9093340809669698,0.166515487847691,0.1331518914284994,0.1331518914284994,0.26194967880184117,0.2619496788018412,0.2638240296640686,0.26382402966406854,0.16702228131443642,0.16702228131443642,0.48905119143168807,0.29548202867439544,0.3154739153098819,0.26887380339872097,0.2807077959010471,0.36118412499553754,0.789991518775685,0.7821293894908118,0.6097689932037844,0.9295980638064558,0.7730742869895482,0.39755726629982674,0.9949488289947643,0.943672925645543,0.3700392626962727,0.18039909698611278,0.2748206642956176,0.18362850782049575,0.08370602487978286,0.5410819314853696,0.30932733901581927,0.272563690363091,0.2561896358646268,0.5410819314853696,0.3093273390158193,0.272563690363091,0.25618963586462684,0.4928571501556703,0.35804603821941827,0.3209302449368213,0.2556741965667189,0.4928571501556702,0.3209302449368213,0.6174375080392017,0.6418318172921744,0.42142193960090624,0.354829684793722,0.39710296225228203,0.3533381748768575,0.6657276894967811,-0.25120771871122816,SELL,0.0,1.0
0.8099041439243841,0.8354430453763176,0.7716150657675525,0.7852459076622806,0.1609354677460867,0.0,0.0,AVH,2020-11-10 00:00:00+11:00,"Pharmaceuticals, Biotechnology & Life Sciences",0.3978634954038991,0.45306834576397736,0.346938868189907,0.18467988059568666,0.7771892058906607,0.4795959487669301,0.7933489600285877,0.4603039747402704,0.8541298255243366,0.37179103217835663,0.9848393284939432,0.27937644840832276,0.9047284723139409,0.23250688499553362,0.9049682502338413,0.1609351579505796,0.16081357000363009,0.1608135700036301,0.23694449013534294,0.2369444901353429,0.2636325174781633,0.2636325174781633,0.14923105673011605,0.14923105673011594,0.5726496005164513,0.3233759626344634,0.27084922480222273,0.28237916319619005,0.2769558879012035,0.40322793574180005,0.7718223060398397,0.7902446248562693,0.5664631933510931,0.9078742036492253,0.7747929421876834,0.37855682776781163,0.9968712032894016,0.9365360795179118,0.35185801980658615,0.21941408912667887,0.29770524490278544,0.39259365779814276,0.19826606083331388,0.4797264664346453,0.3360035228048604,0.2732349151179233,0.2725825878683815,0.4797264664346453,0.33600352280486034,0.2732349151179233,0.2725825878683816,0.4328357146720642,0.4056133851380691,0.26976739440885167,0.2667217964003541,0.43283571467206416,0.26976739440885167,0.6779356619499955,0.7019821334371533,0.47400826846783467,0.38231455852463947,0.5275451291766133,0.40114966586177536,0.6678747937278228,-0.25409831772629654,SELL,0.0,1.0
0.7779552925554027,0.7832278680080804,0.7292006719436905,0.7639344131584545,0.23085283020208702,0.0,0.0,AVH,2020-11-11 00:00:00+11:00,"Pharmaceuticals, Biotechnology & Life Sciences",0.38997142891814607,0.44492431191501136,0.3945576995563144,0.2114132199339233,0.7771892058906607,0.432435684680029,0.7870973296601511,0.4352769554916571,0.8429156767158188,0.35773675813197636,0.981653389216012,0.2642716680793088,0.9005676205791088,0.2211041766302143,0.9000615778558357,0.15419831152664,0.16489036284438344,0.16489036284438344,0.23829316880638005,0.23829316880638007,0.2643124856349396,0.2643124856349396,0.14651895791975,0.14651895791975,0.6699997568131653,0.3251451494552299,0.27197880664087337,0.2864310341605892,0.2748860697398275,0.41790091822148784,0.756534412031429,0.7947240987082935,0.483322472353605,0.888584368104185,0.7738379151150987,0.3521073723873772,0.9993243292524747,0.9263799437594187,0.33299094207283364,0.29540143301790717,0.33897582735547654,0.4341471504871143,0.25615038917231686,0.41785828329988256,0.33355802310096466,0.27127631721923573,0.2494113909290956,0.41785828329988256,0.3335580231009647,0.2712763172192357,0.24941139092909564,0.33582071494250915,0.429441919117819,0.2406416239595642,0.28209056433014656,0.3358207149425091,0.24064162395956412,0.7402133005984389,0.7416266925803587,0.39964545070616153,0.34744939060150687,0.476335497588648,0.3232750288494967,0.6746496301804037,-0.20268000064217273,SELL,0.0,1.0
0.749201250151249,0.746835460228867,0.7553017895045493,0.7655737949679922,0.11611226696636738,0.0,0.0,AVH,2020-11-12 00:00:00+11:00,"Pharmaceuticals, Biotechnology & Life Sciences",0.44039003723609016,0.4964454985942756,0.523809740062164,0.29384352304648526,0.7755338444981374,0.4396551634554502,0.7825822692633653,0.4449401355332303,0.8342031491356556,0.36958751818675006,0.9771857528578689,0.26837273385100535,0.89676634871455,0.2241595795217577,0.894835613542215,0.15664600532668815,0.16176137499332577,0.16176137499332577,0.2373685851158572,0.23736858511585723,0.25366109096526346,0.25366109096526346,0.11723178819565006,0.11723178819565006,0.6071426746797955,0.318795934307558,0.29125050976561095,0.2932995235689211,0.2748095913122886,0.4352889544141946,0.7448601575399769,0.7986792503266389,0.5234351188188185,0.876019991640338,0.7702545677267081,0.36711214060033126,0.9998059076101866,0.9159123019040674,0.3449418028581021,0.3185166478452954,0.34633714648724595,0.2041380008429673,0.126593208269042,0.40794017460560006,0.3478132571626653,0.3044108973920956,0.22515834702541765,0.4079401746056001,0.34781325716266526,0.3044108973920956,0.22515834702541765,0.3432835714672064,0.37852438187419085,0.2643678003422813,0.2628977598761266,0.34328357146720645,0.26436780034228136,0.7384340704001596,0.7347914619751716,0.402396180737178,0.35019909079330636,0.41611966102332043,0.30830846249740324,0.6811534731748813,-0.14715720930336407,SELL,0.0,1.0
0.7507987308057333,0.7452531455455063,0.7487765101143347,0.7557377386208477,0.11556598379049018,0.0,0.0,AVH,2020-11-13 00:00:00+11:00,"Pharmaceuticals, Biotechnology & Life Sciences",0.41470865311772287,0.4703519790334926,0.47619058431679623,0.26257200889388527,0.7748717030984675,0.4192784424591842,0.7824086172345477,0.42907879808913085,0.8250593065577321,0.36751939549613133,0.972351917084497,0.2634485313910414,0.8935301306985693,0.21955085327431922,0.8894402291002942,0.15458608321953238,0.15838134408767843,0.15838134408767846,0.19731232796009365,0.19731232796009363,0.253231096266737,0.2532310962667369,0.11684558997741568,0.11684558997741556,0.4657536662523197,0.2649209367337555,0.3202603542814778,0.2971618053185436,0.275636521680755,0.44316944993389723,0.7447703187001817,0.7984228635280639,0.45471617178527834,0.8619828095693465,0.7674918072465153,0.3599172160399167,1.0000000000000002,0.9050037829687887,0.3424558891788832,0.31782482084415487,0.3573368821786448,0.2035744998653654,0.1228029449219399,0.41383094917501884,0.38529519024938985,0.29729614910306745,0.2177673033257749,0.4138309491750189,0.38529519024938985,0.29729614910306745,0.21776730332577493,0.35087731773211206,0.3506242689985741,0.22988507952080614,0.24936486757794266,0.35087731773211206,0.22988507952080606,0.7330959555730376,0.7211209355785855,0.3972092733880385,0.34914903781879936,0.36397306962612486,0.30465923762136926,0.6873971624495798,-0.14695943823428492,SELL,0.0,1.0
0.7476038456688352,0.7515822533811158,0.7618270688947641,0.773770547675626,0.013255583469293444,0.0,0.0,AVH,2020-11-16 00:00:00+11:00,"Pharmaceuticals, Biotechnology & Life Sciences",0.4774716018542714,0.5335889429778298,0.5646260202529247,0.3207361634411105,0.7689124305014381,0.4724313339887334,0.789354872279413,0.44783587759811283,0.8150528380976132,0.4022140080917864,0.9679209015409649,0.280865820193938,0.8898658414862136,0.23312533173959937,0.8839210374861809,0.1637502216593078,0.08744354417865824,0.08744354417865824,0.13921152057404415,0.13921152057404412,0.2431110305725007,0.2431110305725006,0.1214739990461452,0.1214739990461452,0.5,0.36379879583815616,0.3519881787764795,0.3110947098080892,0.2795018703447158,0.46967377651396236,0.7358669950852199,0.8228924870442123,0.5541568458679488,0.8359397810937679,0.7769977539354562,0.4067554996560058,0.9990752372653737,0.8964110771641616,0.37243731476594477,0.29178518943255427,0.3505095127911452,0.025203520805602418,0.014310890388401864,0.3831881894083098,0.4534842505950084,0.2881519562114586,0.2264885775149572,0.3831881894083098,0.4534842505950084,0.2881519562114586,0.22648857751495727,0.45945961039401784,0.39271317346361645,0.29310353804899636,0.2671662774289459,0.45945961039401784,0.29310353804899636,0.6832738616235742,0.7238550408579026,0.46353349712867914,0.3708179855833542,0.40692945080616816,0.32388628643118866,0.6933911041532903,-0.1824212841121423,SELL,0.0,1.0
0.7635782713533259,0.7579113612167254,0.7748777054626597,0.7852459076622806,0.14163745939239542,0.0,0.0,AVH,2020-11-17 00:00:00+11:00,"Pharmaceuticals, Biotechnology & Life Sciences",0.4621780965894008,0.5183451669145738,0.5442177179680642,0.307138515552979,0.7689124305014381,0.49803680474038714,0.7945645573526277,0.4584185067649933,0.8070304071098819,0.42664049287814954,0.9632335437875079,0.293230127828905,0.8849002154449669,0.24325624482742347,0.8782519737540376,0.17041104628001918,0.08678089822332696,0.08678089822332696,0.12570374291134018,0.12570374291134018,0.2451703337590079,0.24517033375900787,0.11863657434142527,0.11863657434142527,0.6052630258069212,0.4159236620412404,0.31303783934615936,0.32982479217859006,0.28690104162405794,0.5004995482034547,0.7342531914316661,0.8354853149825179,0.6495613481824731,0.8126458621450294,0.7874511773615283,0.4469692827527169,0.9963248866018506,0.8895820480717054,0.39268918574215894,0.2818412347429891,0.36421831890455675,0.2777198007179713,0.1481569858625702,0.41785828329988256,0.43536792668665913,0.3161896086579452,0.2228638029219622,0.41785828329988256,0.43536792668665913,0.3161896086579453,0.22286380292196223,0.5225223909385486,0.4537292923929143,0.36708857703334846,0.30202155630752203,0.5225223909385486,0.3670885770333484,0.6637008870527361,0.7006150482043887,0.5430300063296021,0.3921034352604917,0.5018658199503359,0.3557944356934762,0.6991452881888525,-0.19016391238484476,SELL,0.0,1.0
0.7731629267640203,0.7974683229137435,0.7895595451969097,0.8114754694246928,0.15111080910090005,0.0,0.0,AVH,2020-11-18 00:00:00+11:00,"Pharmaceuticals, Biotechnology & Life Sciences",0.49424768225818905,0.550190921716174,0.6122451759982924,0.35071778405803633,0.7785135044766966,0.5346404458969918,0.7996005986776038,0.49296713702037587,0.8028035382304606,0.46589036834603026,0.9597912675381814,0.3169195722939919,0.8805852586346464,0.2627037359671428,0.872817492048717,0.18304264150763888,0.07453217072327578,0.07453217072327578,0.12211912283325199,0.122119122833252,0.2419899826776489,0.24198998267764882,0.12243876569295675,0.12243876569295675,0.538461651322305,0.48832002263179153,0.382024933390535,0.35870166898421074,0.2994604775693151,0.5455128829861577,0.7463919524270297,0.8320775958746351,0.8290969419618774,0.7998924592578216,0.7935222434555629,0.5338221562202167,0.9941806235434985,0.884725785207406,0.42897543079227674,0.24075144816235028,0.36872121006969405,0.3402375646837028,0.15646770620857542,0.4759613250482464,0.43241683725672875,0.3738169390155632,0.24748127472031095,0.4759613250482465,0.4324168372567288,0.37381693901556323,0.247481274720311,0.6666668098609912,0.5612297170508607,0.5285715696762923,0.40337204495251205,0.6666668098609912,0.5285715696762923,0.6637008870527361,0.703349153483706,0.6847545953818979,0.4493857452486147,0.5789811037330853,0.4263993412879582,0.7046693048629921,-0.19169332942926098,SELL,0.0,1.0
0.806709258787486,0.8227848297050987,0.8172920214990553,0.8344262675680296,0.13987247618838242,0.0,0.0,AVH,2020-11-19 00:00:00+11:00,"Pharmaceuticals, Biotechnology & Life Sciences",0.4857694113841823,0.5418161613512446,0.5646260202529247,0.3194299835601508,0.7924184896564621,0.5536503926618095,0.8060258810748582,0.5197099031595387,0.8009920218211874,0.4980520606874832,0.9566785698894726,0.33782504670707825,0.8767497402905561,0.2798733216285766,0.8670181051409579,0.1946031467702286,0.07533066537085226,0.07533066537085226,0.12879497776226032,0.1287949777622603,0.2456849049146169,0.24568490491461686,0.12749103985299948,0.12749103985299937,0.7205882765429883,0.6265741802719846,0.4690374186318855,0.3937321489986667,0.3175631167059414,0.593866616210305,0.7659008287041673,0.8231557977310542,0.8573984268209469,0.7939312162320373,0.7967053395255661,0.6136200077628067,0.9912437823852271,0.8816075480256667,0.4602026232212667,0.2529947035070457,0.38056483211766834,0.3016056237336781,0.14107799834665447,0.5018666833545142,0.44440154120738307,0.413223708722561,0.2551238235668836,0.5018666833545141,0.44440154120738307,0.41322370872256103,0.2551238235668836,0.7927928005330266,0.6747023321494884,0.6567164285327936,0.5267534007981213,0.7927928005330266,0.6567164285327936,0.6263343378022528,0.7047161735302587,0.723393312225828,0.511487716844038,0.6910751692396024,0.5058916206756828,0.7099723608701661,-0.21875001164153196,SELL,0.0,1.0
0.8210862799895629,0.8212025150217378,0.7944535436333038,0.806557402166107,0.15282715977828007,0.0,0.0,AVH,2020-11-20 00:00:00+11:00,"Pharmaceuticals, Biotechnology & Life Sciences",0.37845388126126306,0.4329851552338487,0.38775514838066777,0.21089378167821915,0.8026816892446944,0.47065532619399564,0.8110619141192552,0.46726537826943804,0.797455253647523,0.46622814044997996,0.9531264329424898,0.3173885713808281,0.8725717653159578,0.264081306389473,0.8605866500546767,0.18567895914262872,0.1211373993988211,0.12113739939882107,0.14370520365061715,0.14370520365061717,0.25324913376769076,0.25324913376769076,0.13293443148438988,0.13293443148438988,0.680555647537998,0.6802459669198825,0.4631189155701487,0.41044535365256063,0.33588834903379616,0.5958083115468442,0.7691251154269032,0.829887273548874,0.6279156062678021,0.7830336638206459,0.8020507013537543,0.5429032370922839,0.988816578663215,0.8768699578105292,0.43046858954848827,0.2721947908379037,0.4015281210440653,0.3090303009101113,0.14738442865937648,0.4804929010104492,0.43264676361494847,0.3842864026523077,0.24508951753255098,0.4804929010104491,0.4326467636149485,0.3842864026523078,0.24508951753255104,0.6396395970683539,0.71457113623423,0.5298507144016192,0.5819819521349762,0.6396395970683539,0.5298507144016192,0.6298930527381817,0.7306902062768782,0.616075546125985,0.48440752888512173,0.6790155524059628,0.4880823735953098,0.7150632946370533,-0.21348313316760625,SELL,0.0,1.0
0.7971246033767916,0.7911392150781339,0.7699837070262656,0.7688524804170402,0.170895808919916,0.0,0.0,AVH,2020-11-23 00:00:00+11:00,"Pharmaceuticals, Biotechnology & Life Sciences",0.3557399088254021,0.40924979515788085,0.3333334414596534,0.1747097598220176,0.8016884692518413,0.39134394512541304,0.8074151304277153,0.41250050279724637,0.7908130281846293,0.42511773081741966,0.9479996358907581,0.2897630483057644,0.8679314734819338,0.2419686272222047,0.8540053231610799,0.17264373011094553,0.17149379304835158,0.1714937930483516,0.13030312262297036,0.1303031226229704,0.25995136714902045,0.25995136714902045,0.134674275724187,0.134674275724187,0.5106382870792864,0.5463380445877235,0.4139073576192668,0.4082158077341817,0.35003586153641064,0.5593657813091957,0.7660314778010959,0.82587581447781,0.3767828511613951,0.7612851226332413,0.8135937906357831,0.4246687245553864,0.9851840886508869,0.8701971647365097,0.39084200501427663,0.3534242747516672,0.42791604260469174,0.27354231729358663,0.15618763716863154,0.41190739916609415,0.35517289068336383,0.3340993306032562,0.21382449400241688,0.4119073991660942,0.3551728906833638,0.33409933060325625,0.21382449400241693,0.28409087214588613,0.5843354039081488,0.35820892866801607,0.5241743930985713,0.28409087214588613,0.358208928668016,0.6298930527381817,0.7552972189769447,0.469425872913846,0.42284891359875715,0.5885292988745637,0.4314072582088032,0.7199505910532649,-0.1799999872843424,SELL,0.0,1.0
0.7539936159426315,0.7452531455455063,0.7536705085507289,0.7688524804170402,0.20269171041928566,0.0,0.0,AVH,2020-11-24 00:00:00+11:00,"Pharmaceuticals, Biotechnology & Life Sciences",0.4367159267158128,0.4927311798870367,0.5170068645075571,0.2894121570603639,0.7983777622534916,0.39822205669334565,0.8056785687366437,0.41508720054558745,0.7869312096580865,0.4299234949116133,0.9423601596577067,0.29348819831742134,0.8632055670820425,0.24461757739451417,0.847684643240144,0.1750173576309676,0.16647735927942908,0.16647735927942908,0.124451104995076,0.12445110499507601,0.23530963943157526,0.23530963943157523,0.12979742074288592,0.12979742074288592,0.5454544961945149,0.4932648604072598,0.37987606835987875,0.4080415568033534,0.36131380337511665,0.5343343239441631,0.7654512873110886,0.822949946662664,0.39092696257574067,0.7517751547371467,0.8165859451806219,0.4365045037070925,0.9796059529046315,0.864875870044417,0.39644815373183645,0.384884552656491,0.443258785942492,0.30020280558474244,0.17977863649076037,0.39824978714731,0.3715071197859506,0.3765441063815403,0.20518275623406518,0.39824978714730996,0.3715071197859505,0.37654410638154034,0.20518275623406523,0.28409087214588613,0.4111641151573006,0.42105269762288283,0.44420882695867875,0.28409087214588613,0.4210526976228828,0.6245550227575165,0.7470948379527813,0.3592065980544154,0.37461263487519586,0.49869972625114667,0.3767948791332023,0.8372457050423439,-0.16999999682108557,SELL,0.0,1.0
0.7507987308057333,0.748417699463311,0.7536705085507289,0.7524590531717996,0.14509392184464284,0.0,0.0,AVH,2020-11-25 00:00:00+11:00,"Pharmaceuticals, Biotechnology & Life Sciences",0.4001593999001647,0.4554319498724389,0.4625851575865427,0.2536351896387917,0.7864592012727363,0.3874120209309968,0.8044629796931833,0.39057889880935726,0.7832219163079828,0.4128425856399054,0.9357685649450604,0.2842238305434712,0.8586851354769366,0.23630607710574503,0.8409078322045539,0.1707407013918706,0.13389816936818272,0.13389816936818272,0.12017701469825254,0.12017701469825252,0.2345258214177153,0.23452582141771527,0.12479621875482838,0.12479621875482838,0.4252872807233895,0.4380988697883016,0.41871190174347783,0.4021443237662722,0.36898011647528184,0.5028298442238497,0.766654799652214,0.8190710567853117,0.29125659454049346,0.7456465363947469,0.8159746210228378,0.3703015373566229,0.9718926630788483,0.8601786709109938,0.38212145895107524,0.38178414700053637,0.4520109711254445,0.2164894094564984,0.12656074955106594,0.34907184186399537,0.3758835867348514,0.37831735121988147,0.18823650560908395,0.3490718418639953,0.37588358673485145,0.3783173512198816,0.18823650560908395,0.170454631659599,0.2514451115750642,0.3423424042642125,0.38058338863527263,0.17045463165959895,0.34234240426421236,0.6192169079303946,0.7088172988561287,0.3413062080824978,0.3675349418119026,0.4371115281419231,0.3759270231623235,0.8349608849888568,-0.17796613114621873,SELL,0.0,1.0
0.7444089605319371,0.77531644548911,0.763458427636051,0.7754098513151364,0.14652269662252654,0.0,0.0,AVH,2020-11-26 00:00:00+11:00,"Pharmaceuticals, Biotechnology & Life Sciences",0.48876250642562546,0.544776324419579,0.585033998158825,0.3343064773151726,0.7745406402919808,0.4636398140761102,0.8055049167078263,0.4258655721394107,0.7814966645435915,0.4454089456689305,0.9297995083652149,0.3074009227346084,0.8544386683597559,0.25395185950969446,0.8338312772436182,0.1830772483870593,0.13714589713151518,0.1371458971315152,0.1342062751181031,0.13420627511810307,0.2418720443322128,0.24187204433221277,0.13255284806675982,0.1325528480667597,0.4680851387621409,0.5160227590881828,0.48031353549607014,0.4094350579209575,0.376789636205375,0.5040790452616627,0.7666280531422671,0.8212529394845989,0.4405684335643676,0.7419660790302962,0.8166637905425875,0.4933140461796619,0.9633463795193484,0.8579171733410378,0.41469293348735475,0.3852108991016205,0.47007576846566534,0.2168439421225138,0.12358283152516006,0.35057654381298653,0.3962825506236233,0.41295225876329156,0.20043431983293403,0.35057654381298653,0.3962825506236233,0.4129522587632916,0.20043431983293403,0.329545368340401,0.2669186398757752,0.4684683949362477,0.4179967004265218,0.32954536834040093,0.4684683949362477,0.6120994780585366,0.7265890157647964,0.4347841732190828,0.4462886101975216,0.44775900640870486,0.43719644638835675,0.8327217613364395,-0.07450328015020058,SELL,0.0,1.0
0.7571885010795296,0.7436709063110623,0.7585644291996567,0.7639344131584545,0.11186524837341963,0.0,0.0,AVH,2020-11-27 00:00:00+11:00,"Pharmaceuticals, Biotechnology & Life Sciences",0.4112957385467342,0.4668610834860652,0.48299313549244294,0.2672474573126047,0.7659327863095751,0.45705463379905664,0.8063731934130722,0.4061684835820485,0.7818417148964696,0.42975810071855647,0.9228783315595979,0.30248192040135224,0.8511682038642435,0.2481825961867521,0.827100079164136,0.1808610171110449,0.12733150875325014,0.12733150875325014,0.13511778348883569,0.13511778348883569,0.2086854812110758,0.20868548121107577,0.12460842220046398,0.12460842220046398,0.3294114875133164,0.3921116135712575,0.484543970058564,0.4115711345809103,0.38352843254273694,0.49473905329283346,0.7658031367330633,0.8239840652130614,0.3501715305379527,0.7419932586807931,0.8173574999425917,0.43190720110500486,0.9513940438874187,0.8579011428215553,0.40394273780325884,0.36410388206947136,0.457921606996295,0.17428006074513236,0.09649725001742127,0.36793993442029616,0.3947942191689997,0.45040338815975534,0.18439526388106742,0.36793993442029616,0.3947942191689997,0.4504033881597554,0.18439526388106747,0.24999972906983173,0.2553134014207383,0.4054051848087432,0.4126871764873365,0.2499997290698317,0.4054051848087432,0.585409158462297,0.703349153483706,0.36328300244636913,0.3877503836373018,0.4001146073792512,0.42725774419832674,0.8305274201570703,-0.1105527421452257,SELL,0.0,1.0
0.7715655222816065,0.7705695768879445,0.7389885910290126,0.7377049295660696,0.98602270095282,0.0,0.0,AVH,2020-11-30 00:00:00+11:00,"Pharmaceuticals, Biotechnology & Life Sciences",0.37793155992122784,0.4324421884481136,0.31292513917479287,0.1583623673342187,0.7596424351193625,0.41197923316932883,0.8025527494121358,0.3696583709712844,0.7833944414844218,0.39309756844019805,0.9152613767381348,0.2854750944690553,0.8488908652301651,0.23195304862580346,0.8200691368485934,0.17244446190520674,0.10789201137178617,0.10789201137178617,0.14149923850375967,0.14149923850375967,0.17896859732282186,0.17896859732282183,0.12819459515377163,0.12819459515377152,0.16091940793259824,0.3767678728274058,0.5182552997563948,0.40304261907739847,0.3869583784953123,0.4658757294598358,0.7697992483444978,0.8115502281751159,0.2279202755948383,0.7376939600806374,0.8256656732691672,0.2641582533705737,0.9386096695058497,0.8574120829093854,0.3734624051876074,0.7841257170725078,0.6346810444363039,0.7497260831396761,0.6391590052920887,0.37998115796115284,0.35267174940955603,0.4747547285490834,0.1710971213542754,0.3799811579611528,0.35267174940955603,0.4747547285490835,0.1710971213542754,0.07499991059305415,0.2228188969928597,0.2612611954692743,0.38517464946605867,0.07499991059305411,0.2612611954692743,0.5480426092118137,0.6910456471336726,0.3448355779370876,0.3681198924471914,0.20805042494812584,0.30481428718308856,0.8283769658012887,-0.04991393540604572,HOLD,0.0,0.5
0.7268370541929621,0.746835460228867,0.7455138704192272,0.7524590531717996,0.15062381763557536,0.0,0.0,AVH,2020-12-01 00:00:00+11:00,"Pharmaceuticals, Biotechnology & Life Sciences",0.47069282339300417,0.5268451231943887,0.5646260202529247,0.3212343167216927,0.7563317281210127,0.45256579517368944,0.7990796260299928,0.39853573076000526,0.7842570673666176,0.4115699573075926,0.9091824612068087,0.302149437799491,0.8474696689888371,0.24262365299396804,0.81368329533985,0.181246779266433,0.12321277337301476,0.12321277337301476,0.14458213655099098,0.14458213655099095,0.16854541021223649,0.16854541021223646,0.1192977710262636,0.11929777102626349,0.29113927870831435,0.456462988436527,0.620610758583411,0.40459396680095494,0.39005906020432013,0.4630035353792545,0.7689843608142026,0.8053055325976102,0.34682981132378765,0.7364031375020534,0.8289937663064737,0.33949894266664604,0.9298456742829404,0.8551860445451627,0.3976419583781452,0.7572959656736635,0.6483381017078045,0.11839927324057137,0.09579761951474788,0.39792297918976904,0.3561381283473491,0.4605353890792129,0.1963815304703374,0.39792297918976904,0.35613812834734915,0.460535389079213,0.1963815304703374,0.12162178706908273,0.15203796906399258,0.3423424042642125,0.34237749858457794,0.12162178706908278,0.34234240426421236,0.49644120021761406,0.6760081006905339,0.347220147443696,0.3523672808117836,0.21535690389559917,0.30292980196284514,0.8235986940363487,0.023728790546210465,HOLD,0.0,0.5
0.7428114798774528,0.7357594837920919,0.7406199497702994,0.7409836150151177,0.16351232545863914,0.0,0.0,AVH,2020-12-02 00:00:00+11:00,"Pharmaceuticals, Biotechnology & Life Sciences",0.41069254822602475,0.46624353957742065,0.44897973085628906,0.24424777272153841,0.7540142253288196,0.4317482687244243,0.7916123983375163,0.39105470314063195,0.7830493911315435,0.397857758497288,0.9030669248608716,0.2965598048984064,0.8453635586700124,0.23612873413245072,0.8075124869155142,0.1787538458591526,0.11897556052624828,0.11897556052624828,0.12175823743430828,0.12175823743430826,0.15631601208004012,0.15631601208004003,0.11970183671468149,0.11970183671468149,0.36507932903725837,0.4286120073267923,0.5564246155034523,0.4022885422939094,0.3920094842953742,0.4529697610294019,0.7609408075200315,0.7990353365100196,0.31640034029501385,0.7374151223880279,0.8252671551090245,0.2853839203926466,0.9215822978078922,0.8522405648159397,0.3869403138211108,0.7667866741257962,0.6650693926002865,0.12701147552319744,0.10164842960276112,0.40366700175985276,0.3224784602738341,0.42125467191749466,0.19460782969190057,0.4036670017598528,0.32247846027383414,0.42125467191749466,0.1946078296919006,0.027026992195982584,0.07613403781063446,0.0909089923890297,0.23566245177367573,0.02702699219598259,0.09090899238902972,0.4999998303070864,0.6527681732232316,0.3145024453247559,0.3028091059690823,0.21134032989679005,0.26621892183392387,0.8190115531420064,0.03773589535297228,HOLD,0.0,0.5
0.7268370541929621,0.719936714203068,0.7340946703800846,0.7327869404775109,0.13532589011402885,0.0,0.0,AVH,2020-12-03 00:00:00+11:00,"Pharmaceuticals, Biotechnology & Life Sciences",0.4179047673785381,0.4736161490916155,0.4829934598714032,0.26623850502456853,0.7454063871331102,0.43223395876575665,0.7808457075722937,0.3937913146682366,0.780892824369392,0.3896089543024839,0.8987457682688198,0.29249958945060106,0.8437882573531964,0.23151457266560682,0.801895553075047,0.1774342505800865,0.08125393196166425,0.08125393196166425,0.09558120600249476,0.09558120600249477,0.15490346805299635,0.15490346805299632,0.0733205364502999,0.0733205364502999,0.3382354075521208,0.4318951539823468,0.49203902900318774,0.3984547861125736,0.3926882697749377,0.4418771721318343,0.7356194568243781,0.8056037389910566,0.26663644235852524,0.7386297832692308,0.8193074290532303,0.26399141595943165,0.9194261498981116,0.8454611161437275,0.3823727097528429,0.7610171390241579,0.6784485085112006,0.10587773670446145,0.08263527076856479,0.36636974918036225,0.296054910365416,0.4038704197002094,0.22510336502822137,0.3663697491803623,0.296054910365416,0.4038704197002095,0.22510336502822137,0.0,0.05060271888134319,0.03409114307605443,0.158578965997083,0.0,0.03409114307605443,0.48754428560810636,0.6431988373387272,0.2836484428006697,0.2661289919701696,0.209868173447636,0.23354798205011568,0.8146078978834379,0.07785463545511839,BUY,0.0,0.0
0.7156549942998536,0.7041139446140441,0.7145187544219742,0.7147541314227328,0.169545645623439,0.0,0.0,AVH,2020-12-04 00:00:00+11:00,"Pharmaceuticals, Biotechnology & Life Sciences",0.3949730908730633,0.4500891275547294,0.4557822820319357,0.2472958146470154,0.7354742661380609,0.4130045633099111,0.7711209538217141,0.37868793705170467,0.7785637324308015,0.36845122465225066,0.894095031329974,0.28014920923090125,0.8425725350901728,0.22007499554256338,0.7963372645082493,0.1717875038033605,0.08583387935614534,0.08583387935614534,0.08962184455015001,0.08962184455015003,0.15705805503289047,0.15705805503289044,0.07581135019367036,0.07581135019367036,0.3333333333333333,0.35203780611695873,0.4442127187160757,0.3890661285588179,0.3910724215141602,0.4218609281124319,0.7217796260442175,0.8012646652537732,0.15108967751765845,0.7419310843702516,0.8105373088619621,0.2069291394322238,0.9176840536862143,0.8374265511049894,0.3656142621122494,0.7907389241025959,0.6894397121354744,0.12788384762846816,0.10204550565830166,0.357751836634409,0.3026056160774151,0.4000138002424341,0.21737886078863022,0.35775183663440896,0.30260561607741515,0.40001380024243416,0.21737886078863022,0.011236207892348428,0.013025481723719912,0.010309511473092137,0.045913354930872015,0.011236207892348471,0.010309511473092114,0.4804269405827051,0.6336295014542229,0.2503735641355038,0.21793266803599975,0.19239425967641832,0.20194871603345826,0.8079849466821911,0.19929455012979735,BUY,0.0,0.0
0.7044728582346749,0.6914556534939083,0.706362194077939,0.7049180750755883,0.17073014743649956,0.0,0.0,AVH,2020-12-07 00:00:00+11:00,"Pharmaceuticals, Biotechnology & Life Sciences",0.41350543381184224,0.469121894227362,0.4625851575865427,0.2513657700015324,0.7288528521413613,0.40504461982375606,0.7643483590862454,0.3725430408287469,0.7733879730243027,0.3615103845585359,0.888418936028488,0.2754966449695446,0.8413910584901999,0.21410814757249852,0.7912611723126587,0.16948376681292027,0.06738737680609933,0.06738737680609933,0.062149447094094756,0.06214944709409477,0.11306694620204802,0.11306694620204799,0.0627446073527026,0.0627446073527026,0.14754120145740174,0.3037020823542813,0.4516279276503925,0.3790999719221944,0.3874880731248129,0.40468956946247886,0.7226041726691113,0.7863423275540158,0.1780665407842869,0.7415338481136566,0.8001193915420877,0.20385708083826581,0.9136036558330387,0.8301137227866329,0.36001330327533576,0.37063172638985886,0.7117699865990902,0.2617216118890367,0.09984743833924258,0.37668381657399896,0.32593802386992843,0.3506243784799578,0.19815885541773176,0.3766838165739989,0.3259380238699284,0.35062437847995787,0.19815885541773182,0.0,0.0038250073231677222,0.0,0.015066058168117466,0.0,0.0,0.4804269405827051,0.5953519623575702,0.25060318271015586,0.21080844745763042,0.13611858435014662,0.16045068329103934,0.7981818292464102,0.25668449606940835,BUY,0.0,0.0
0.6900958370325982,0.6819619917404939,0.7047308353366522,0.7049180750755883,0.10882804715534139,0.0,0.0,AVH,2020-12-08 00:00:00+11:00,"Pharmaceuticals, Biotechnology & Life Sciences",0.4367159267158128,0.4927311798870367,0.523809740062164,0.2935488554695123,0.7192517939527987,0.4268032798425563,0.757575764350777,0.3828438438468684,0.7691611041448818,0.3665720164292572,0.8826696008439558,0.2794181155274176,0.8393191938344263,0.21524292703414394,0.7863805645697767,0.17141160096361469,0.026443446554257927,0.026443446554257927,0.062149447094094756,0.06214944709409477,0.10988996740510273,0.1098899674051027,0.062389195630313865,0.062389195630313754,0.1666669610106122,0.217915222894283,0.3495604854284645,0.3731960782424785,0.3832630224597997,0.39910068053957437,0.7189810687969331,0.7764786921421684,0.24388055799598557,0.7420843403354014,0.7905851812887619,0.23975739087983788,0.9087260132527728,0.8236564678169769,0.3670306004986098,0.349095035128586,0.7008893752579327,0.17615103262618176,0.06453629048756487,0.3590659831157827,0.32593802386992843,0.3663499270417977,0.19690605962308705,0.3590659831157827,0.3259380238699284,0.3663499270417977,0.1969060596230871,0.010526553547541907,0.007408435539593421,0.009708958101762585,0.006792679750196327,0.01052655354754195,0.009708958101762533,0.43950167639629256,0.5666438243316335,0.2603102926504379,0.22487250833025918,0.0780256214638666,0.13693785720128904,0.7861257760719934,0.23529405764867617,BUY,0.0,0.0
0.6948882028239804,0.7009493906962394,0.7096248337730464,0.7295082550284628,0.10655497618449626,0.0,0.0,AVH,2020-12-09 00:00:00+11:00,"Pharmaceuticals, Biotechnology & Life Sciences",0.495362853000382,0.5512901293156393,0.6054423004436855,0.35051674956945994,0.716934306947302,0.4900210496085977,0.7551445779832768,0.4279956231177844,0.767349591848933,0.4018182840878224,0.8784949240179956,0.30379051308713356,0.8380863491481177,0.23251611214097612,0.7823144777619936,0.18390334543727815,0.09639230331206652,0.09639230331206652,0.08920086867911736,0.08920086867911738,0.1205617603965913,0.12056176039659122,0.05935773905799946,0.05935773905799946,0.45283047725982484,0.22385149135075288,0.43772459198452995,0.3815450302302306,0.3818027832783668,0.4232183165483454,0.7159349131291579,0.7749232747097679,0.44726208461739453,0.7417844370299469,0.7871276164821193,0.35464364754483324,0.9056791693670827,0.8183364010039551,0.40556029137921046,0.31974582509409644,0.6749345952136958,0.18668851969468958,0.06537090017648536,0.40349670642490937,0.3646301480530038,0.4099360648849705,0.22758474859492017,0.4034967064249094,0.3646301480530038,0.40993606488497053,0.22758474859492023,0.17021310054212324,0.06152703003569143,0.16842134322477342,0.060443286445683066,0.17021310054212324,0.16842134322477342,0.41814938678071834,0.5051264229538903,0.3387995380790148,0.2910281260184908,0.0609931898800641,0.11973457275839447,0.7729174409212258,0.24999991721577453,BUY,0.0,0.0
0.707667743371573,0.693037968177269,0.6900489956024023,0.688524647830348,0.21559243189059057,0.0,0.0,AVH,2020-12-10 00:00:00+11:00,"Pharmaceuticals, Biotechnology & Life Sciences",0.34151655112707624,0.3942565520869,0.38095259720502106,0.19538210111970403,0.7079953901584095,0.413914631781632,0.7459407968803082,0.37299839518011835,0.7632952481459512,0.35153544200225273,0.873294888829395,0.2714977021292536,0.8363911876023834,0.20577313540725484,0.7780854868293335,0.16745285826430722,0.14936802712969807,0.1493680271296981,0.10579896974775047,0.10579896974775048,0.1511232062553132,0.15112320625531317,0.0752083157120238,0.0752083157120238,0.21739142453361537,0.2072353657295623,0.406934857798973,0.37162459473727083,0.37835343550955897,0.40586718893001383,0.7071292654706083,0.7659341231067535,0.19442177235032965,0.7445324754642413,0.7753785117060819,0.22438795358825964,0.9032419741723998,0.8099771601161838,0.35889739326225095,0.36110588877971267,0.6957071646178885,0.33841526328542704,0.12870679547589267,0.3619842002483126,0.30461125822793433,0.3680223918085827,0.20480268512387412,0.36198420024831257,0.30461125822793433,0.36802239180858276,0.20480268512387415,0.0,0.06152703003569143,0.0,0.060443286445683066,0.0,0.0,0.39323838222921503,0.4641147785779204,0.2805292864585668,0.24637830255256005,0.059638546204999594,0.12161735537958249,0.7612941059885504,0.3375679817448396,BUY,0.0,0.0
0.6773162964850055,0.6693037760692747,0.6867862781198286,0.6852458842112725,0.16039407002950595,0.0,0.0,AVH,2020-12-11 00:00:00+11:00,"Pharmaceuticals, Biotechnology & Life Sciences",0.42875424318620975,0.48466097145167364,0.4965985622226965,0.27412200631837674,0.7020361017746837,0.4198838619619609,0.7376052924825857,0.38031532935058143,0.7595859506825229,0.3515404116375267,0.8681314709630525,0.2721534397700659,0.8342337083807424,0.20472373850177628,0.7739086251669199,0.16765305706621425,0.14580329233240988,0.14580329233240988,0.10622388705116903,0.10622388705116902,0.1504100907471507,0.15041009074715067,0.07521232718532189,0.07521232718532189,0.23437502328305188,0.255317392878691,0.39841317969577694,0.36437462861218345,0.3739268624568608,0.3973427872355756,0.6984944195881315,0.7585435797681409,0.22386652730992485,0.7470753097373188,0.7645956905269837,0.24457966084955893,0.9007469868137732,0.8017724073892929,0.3625872237276455,0.3563902284184819,0.7050677696527355,0.2547937928487195,0.09460702941274957,0.37988617539047276,0.3114984688223678,0.3737757902718236,0.2051231488296858,0.37988617539047276,0.31149846882236776,0.37377579027182367,0.20512314882968585,0.0,0.05794360181926574,0.0,0.05714883664537528,0.0,0.0,0.3469750880621374,0.45454537750720425,0.27493210092312903,0.250156376627391,0.0605375334449123,0.11965987787198096,0.7473889916081788,0.2750455904981377,BUY,0.0,0.0
0.667731641074311,0.6534810064802509,0.6288744429785396,0.6377049061150615,0.2646788621054686,0.0,0.0,AVH,2020-12-14 00:00:00+11:00,"Pharmaceuticals, Biotechnology & Life Sciences",0.32085361049416145,0.37229309338890776,0.34013599263530003,0.1613313126955574,0.6884621794014052,0.3364744021585966,0.7270122537461807,0.31463322289804885,0.7524261455769872,0.29531685378093586,0.8615398745042298,0.23453096433946252,0.8317166492888276,0.17382303618642359,0.7692169864947526,0.14823675776222883,0.19627597816906675,0.19627597816906672,0.14634613757802878,0.14634613757802878,0.17910221677428775,0.17910221677428773,0.09488730639376453,0.09488730639376453,0.17045453929704493,0.1923233722341256,0.34890967753673385,0.3394943958816485,0.36466451417386503,0.35515999556345623,0.7089675040715211,0.7247584058077975,0.10240292020973912,0.7536334805308682,0.7418470217289204,0.155664139642548,0.8987769539460673,0.789748121293353,0.31256504443619093,0.4048004967056975,0.7575677580602531,0.374311574326208,0.14629160050847737,0.3304412913268667,0.28844567427433476,0.3110203749265969,0.17481787648708408,0.3304412913268667,0.28844567427433476,0.31102037492659695,0.1748178764870841,0.05829559975435397,0.019844870983626934,0.0459361004492042,0.015587066641509679,0.058295599754353944,0.045936100449204265,0.3816725374758315,0.4771016971719124,0.19728678399521787,0.20024533882971862,0.05951664762922069,0.11265583988361885,0.7332214566907921,0.2750000687745926,BUY,0.0,0.0
0.6150159982294563,0.6012658291120135,0.5889070094791418,0.5934426134678983,0.24117935875681937,0.0,0.0,AVH,2020-12-15 00:00:00+11:00,"Pharmaceuticals, Biotechnology & Life Sciences",0.3228281807385682,0.3744013609082535,0.3809522728260608,0.18378892895558452,0.6659493402392342,0.2786283758741255,0.7101675846413388,0.26245916739778496,0.742333412471986,0.24605416359793808,0.8539595387512013,0.20002518756699939,0.828908501652741,0.14515672219239173,0.7641539263060086,0.13024868335102935,0.21152518838921375,0.21152518838921375,0.15882591730154208,0.15882591730154216,0.20207568359961106,0.20207568359961098,0.11541036062511134,0.11541036062511134,0.14423080009114927,0.16521470579311387,0.26254128745778504,0.30255185997762113,0.348759877112355,0.29721886504633777,0.7178924498682773,0.6798252791003426,0.09680472683356861,0.7629572991513902,0.7096867668107327,0.12367958527364159,0.8985468844700848,0.773323400347363,0.2733579475718817,0.47299900825924274,0.7783532183049935,0.29540636095064526,0.1300618573422125,0.27287405352385996,0.23274317696968336,0.25874047234175146,0.1526771955143333,0.2728740535238599,0.23274317696968339,0.25874047234175146,0.1526771955143333,0.029411733769218552,0.029857154320866927,0.02409635785530178,0.023763458020738336,0.029411733769218462,0.024096357855301842,0.40480422698259866,0.49487341408058017,0.1490214454360192,0.16672546623389356,0.05767036235746537,0.09833264241375506,0.709833149252782,0.3245436992254249,BUY,0.0,0.0
0.5766773004146084,0.5664556605672442,0.561174533176996,0.5721311971340992,0.26327806768537376,0.0,0.0,AVH,2020-12-16 00:00:00+11:00,"Pharmaceuticals, Biotechnology & Life Sciences",0.37887811816717937,0.43342606292223573,0.45578260641089596,0.23825525223373056,0.6341665214816838,0.29809868294522257,0.6922809868024333,0.2511717671159315,0.7297390622519553,0.23051777212958946,0.8462327249782577,0.1857854073900551,0.8261859693990029,0.13196093904462736,0.7599184190592105,0.12216480084207837,0.11738976520131866,0.11738976520131866,0.15939183319882785,0.15939183319882788,0.1830266939710977,0.18302669397109766,0.11880719368376758,0.11880719368376758,0.13513520479723895,0.07447919107465624,0.21824564174382147,0.2668491727081248,0.3278265062577908,0.2533528828894513,0.7215992422152073,0.6386757706903806,0.1557529110237118,0.766196361865465,0.6794033053102779,0.14498574511294304,0.8995785009401742,0.7549660029905763,0.2663195263335275,0.5537559077345824,0.8017749945515332,0.2783395589059328,0.13819280244212329,0.21850505208069104,0.22124413863685627,0.21875351437429935,0.147143547009455,0.218505052080691,0.22124413863685624,0.21875351437429932,0.14714354700945506,0.05333360036214192,0.04801287143740596,0.04371605630220943,0.0385972178789575,0.05333360036214185,0.04371605630220943,0.37989322243109536,0.5085440056633781,0.17019378394670787,0.1744653771718817,0.0,0.05212737471046214,0.6808555596473184,0.4437499068677462,BUY,0.0,0.0
0.5718850107952962,0.5759493223206585,0.5758564506987123,0.580327871671706,0.24200233658194167,0.0,0.0,AVH,2020-12-17 00:00:00+11:00,"Pharmaceuticals, Biotechnology & Life Sciences",0.4595636461206622,0.5157287054663213,0.51020398895295,0.2818373165246356,0.6123158237191828,0.37286782441129995,0.67613094237402,0.2907612101896302,0.7163683466812862,0.25719684255653874,0.8371875898181378,0.1989127146937254,0.8239599988512601,0.13863493172245112,0.7563019476733734,0.1271828870739527,0.16646163900942426,0.16646163900942426,0.17481001983866098,0.17481001983866096,0.171416552294789,0.17141655229478897,0.07719574645718197,0.07719574645718197,0.17241365135635534,0.10964762050641826,0.17491149016355237,0.24572814533296533,0.3062231309227468,0.24750838886863868,0.7137844386856362,0.6142165341046275,0.2477789092204823,0.7578566578030907,0.6610689861177317,0.19930894222594392,0.8936576752024936,0.7425708085655867,0.28816242811881426,0.567364508725591,0.8231008499608174,0.25007913403417587,0.12401404423813561,0.27458439025522885,0.236031136028956,0.21010358263789283,0.12873066263755947,0.2745843902552288,0.236031136028956,0.21010358263789278,0.1287306626375595,0.08666674296061197,0.057670919025194035,0.07103829835355722,0.04711491153944091,0.08666674296061205,0.07103829835355724,0.3923485974371618,0.49487341408058017,0.25683533886675985,0.22473656900258177,0.07079338919353775,0.062192744421082885,0.652352671890864,0.4783505602640086,BUY,0.0,0.0
0.5638977598670158,0.5514240483199007,0.5415986950063518,0.5606557589774173,0.9999999999999999,0.0,0.0,AVH,2020-12-18 00:00:00+11:00,"Pharmaceuticals, Biotechnology & Life Sciences",0.38244644254092475,0.4371311449686213,0.4625851575865427,0.24281109090644468,0.5871544347450282,0.38444819585953205,0.6598072459167894,0.2801852964523106,0.7034289461083771,0.2441359513678678,0.8273001968760803,0.1873207238140513,0.8216655369774161,0.1262831265082237,0.752607282382167,0.11957475307315818,0.15022550564492593,0.15022550564492593,0.17588802339427914,0.17588802339427917,0.17067540497196623,0.1706754049719662,0.07436404309163003,0.07436404309163014,0.044247548613141986,0.11430291168186656,0.10261711641636281,0.22380229723807676,0.28389868735005747,0.2412184622691972,0.7073149402366146,0.5878685958974276,0.25233391506339864,0.7536244404179042,0.638823637267065,0.1997253801642686,0.8859006664129783,0.7306605859697457,0.27636842321812327,1.0,1.0,0.6019637015228745,0.4282392920570539,0.25227531869618885,0.23145127215357605,0.21147149990636258,0.11382921170038254,0.2522753186961889,0.23145127215357603,0.21147149990636263,0.11382921170038257,0.08843543593612849,0.07776364916973423,0.06701036629203817,0.061676520008958,0.08843543593612846,0.06701036629203816,0.3638788779497295,0.48940520352194583,0.26589651449356,0.2209584715039933,0.07783572361454313,0.0008326963702520174,0.6295503616857006,0.5221986850383722,BUY,0.0,0.0
0.5367411981173464,0.5332278067058356,0.5415986950063518,0.5475410171812247,0.10824068170810756,0.0,0.0,AVH,2020-12-21 00:00:00+11:00,"Pharmaceuticals, Biotechnology & Life Sciences",0.39961839436749746,0.4548752183056793,0.523809740062164,0.2925661057787633,0.5689455383607562,0.3964206407396009,0.6431362371213444,0.2822073186651306,0.691783486415424,0.2387400156891586,0.8166804033573889,0.18203893063879928,0.8190971097991658,0.1185096140634534,0.7495121043202218,0.1146945976789776,0.1274814755786635,0.12748147557866352,0.17478232726165208,0.1747823272616521,0.1611735707615413,0.16117357076154126,0.06838829146768732,0.06838829146768732,0.05208305911044988,0.053728040363446236,0.11107755994541732,0.20442985553836424,0.2615845327057708,0.2413082132817371,0.698131362024287,0.5638904643633955,0.27065355916992395,0.7534883304174285,0.61449458334492,0.2157620670776057,0.8753452077238537,0.7207052550124069,0.27030240333157035,0.9193899106540787,0.9869169097223832,0.07065274727933883,0.04692319141995149,0.29134571696503886,0.22644669995312164,0.2266950549229308,0.10193882259236328,0.2913457169650388,0.2264466999531217,0.22669505492293082,0.10193882259236331,0.035714419520622015,0.07176576301519576,0.02857153756277902,0.05653767233715516,0.03571441952062204,0.02857153756277897,0.34074718844296226,0.4538618348908221,0.2886655928605887,0.2417260654153163,0.08045891574675185,0.00266708310075639,0.6075526486205041,0.5311827396847564,BUY,0.0,0.0
0.5351437936349324,0.5221519057179772,0.5334421346623166,0.5311475899359841,0.10747188806790965,0.0,0.0,AVH,2020-12-22 00:00:00+11:00,"Pharmaceuticals, Biotechnology & Life Sciences",0.3895462156630311,0.4444846733737462,0.4625851575865427,0.24066238867679365,0.556364851767027,0.3842032782645557,0.6247286666348277,0.280828380283177,0.679275400840275,0.2294009322194268,0.8062070913509654,0.1735043520061249,0.8159293831092865,0.10872210951062744,0.7470033811699762,0.10807666303021368,0.08026578589289862,0.08026578589289862,0.16697563549336378,0.1669756354933638,0.1595303166867734,0.15953031668677337,0.0690524201779289,0.0690524201779289,0.048076693828070775,0.05127671891285841,0.1244620619088512,0.18581166611462513,0.23945204588706337,0.2428929139088309,0.6832177802393,0.5428437982827985,0.2763725738611621,0.75163078522632,0.5903707711369182,0.22379019642569742,0.8667380770576396,0.7085873640739,0.2625766374698219,0.8504925920386801,0.9670339474257733,0.07560109613107424,0.04747762035358365,0.3256625531706667,0.2097353195469617,0.2106064092658897,0.10087177495440097,0.3256625531706668,0.20973531954696176,0.21060640926588972,0.100871774954401,0.0,0.04226284444378059,0.0,0.03243291203516204,0.0,0.0,0.3265123286992462,0.419685486306251,0.3009737985462395,0.2591730693954972,0.08377230200976657,0.004951580855117127,0.5899544781683468,0.5450549263983537,BUY,0.0,0.0
0.5255591382242379,0.5648734213328002,0.5399674140525312,0.565573826236003,0.14329496249188625,0.0,0.0,AVH,2020-12-23 00:00:00+11:00,"Pharmaceuticals, Biotechnology & Life Sciences",0.5379494962793743,0.5928649036284076,0.6462585806344463,0.3976174135983145,0.5550405689676872,0.4856987374680797,0.6073630331629541,0.37796873120388974,0.6694414575565952,0.29222178628454687,0.7970154781709307,0.21176896115240185,0.8130527449635793,0.13382183550375581,0.7441753654626853,0.12487792702003403,0.17704824779226921,0.17704824779226921,0.20999399645982195,0.20999399645982197,0.21308513681640737,0.21308513681640734,0.09896610509375936,0.09896610509375936,0.2708333333333333,0.16880803732326827,0.21599062289524876,0.1907358553215498,0.22287835005455708,0.2913826205127804,0.6430689560366403,0.5526508442206175,0.39422391062384277,0.7454474365642412,0.5769443963037901,0.303954345645293,0.8569248527484989,0.7008349269856604,0.31103367830379547,0.7886672191975929,0.9666583046226184,0.10835506703686552,0.06332589710674877,0.40789063164090467,0.2241140765156987,0.25737259600776957,0.12424028599076811,0.4078906316409047,0.2241140765156987,0.2573725960077696,0.12424028599076814,0.16800003051757814,0.0693480639283873,0.12352944806373238,0.05161100258872352,0.16800003051757806,0.12352944806373245,0.37099630782158755,0.44839362433218766,0.3581339570109125,0.30917814231137175,0.1312085036238357,0.037961603355415846,0.5743110055600839,0.4705881645817398,BUY,0.0,0.0
0.5623003553846018,0.5933544065930432,0.5774878094399991,0.6213114788698209,0.09589334953529288,0.0,0.0,AVH,2020-12-24 00:00:00+11:00,"Pharmaceuticals, Biotechnology & Life Sciences",0.5933867483923077,0.6458437431733737,0.721088265461361,0.45406467817409113,0.5633173443569097,0.6192146750070515,0.600243117808692,0.5017988636486865,0.6613327660373067,0.3860531946632464,0.7900943031114902,0.26922317622617054,0.8106041771977662,0.17357564328169506,0.74274180897734,0.15104443270925794,0.2732212149520379,0.2732212149520379,0.3075238677379687,0.3075238677379687,0.2862281453464576,0.2862281453464575,0.14893848304108903,0.14893848304108903,0.5825244066842464,0.3267864497905268,0.35243661086133216,0.22358460884248804,0.21717280625603558,0.38618623963845317,0.6191512710042757,0.5651528417390395,0.6209759950607243,0.7313318940443956,0.5764503237051719,0.41099981079385894,0.8480818023838419,0.6968521630223456,0.38290552670144146,0.7133795977860163,0.9560863315357256,0.07979347750772636,0.04281173197522907,0.4795139230336409,0.3171158345526586,0.29366008537143007,0.16721594692429187,0.47951392303364077,0.3171158345526586,0.2936600853714301,0.16721594692429192,0.4471542320072479,0.20940957853206862,0.3235292797682459,0.1516962501223003,0.4471542320072479,0.32352927976824586,0.4065833723344212,0.4702664665667253,0.42675730293209924,0.3611638142287838,0.1701652982355328,0.06205119709675316,0.5117371151270317,0.38823530511735105,BUY,0.0,0.0
0.607028747301176,0.5933544065930432,0.6084829254372521,0.6131148043322141,0.11016599680357722,0.0,0.0,AVH,2020-12-29 00:00:00+11:00,"Pharmaceuticals, Biotechnology & Life Sciences",0.41521218954877537,0.47086655613300377,0.49659888660165674,0.2720346482434031,0.5739116225383252,0.5652331261020862,0.5926022463679774,0.500396119046256,0.6533966038077819,0.3845781770609249,0.7830266482859585,0.2666448767294949,0.8079501362701297,0.1692891631032425,0.7410150255022173,0.14794827892474,0.256616741048504,0.256616741048504,0.30742348772672357,0.3074234877267236,0.2861056430943486,0.2861056430943485,0.14888146387953471,0.1488814638795346,0.6315791058740385,0.3287784069395935,0.29782581065316416,0.2493298118649197,0.21852835681611354,0.44778063932018636,0.5879605026184143,0.5848514485620708,0.6623421802343453,0.7176367709552951,0.5758259092191607,0.4066660239439862,0.838841842514942,0.6930527074776036,0.37810654998066545,0.25486238467023054,0.9557315088311532,0.23602609847257525,0.04920068381391562,0.498779722565188,0.31173881778911705,0.2951325440261574,0.1637040970214037,0.49877972256518804,0.31173881778911705,0.2951325440261574,0.1637040970214037,0.4065040587370329,0.34779087375760875,0.29940126941505774,0.2532892781174738,0.4065040587370329,0.2994012694150576,0.40302465739849225,0.43472303274938984,0.448641188968717,0.3761933097507928,0.21580803169768373,0.04874892630880226,0.513458553952911,0.3881188047760764,BUY,0.0,0.0
0.6038338621642778,0.5917721673585992,0.5954322888693564,0.5934426134678983,0.08796646976045037,0.0,0.0,AVH,2020-12-30 00:00:00+11:00,"Pharmaceuticals, Biotechnology & Life Sciences",0.3845955249290588,0.4393596110119414,0.42857142857142855,0.21915442140033362,0.5831816021337046,0.48485374814299576,0.5879135256617948,0.46994630132814375,0.6458054878178106,0.3650929648065573,0.7747505327709072,0.2539125193870333,0.8047824087637695,0.15726878321080817,0.7397965024119951,0.13934870358279183,0.26534580189266516,0.26534580189266516,0.2804503807243013,0.28045038072430123,0.2847864948137293,0.28478649481372925,0.13897336626368284,0.13897336626368284,0.5392156679416613,0.3060815131101431,0.2900209941586247,0.2640814407209421,0.2230048633633171,0.47500494772020097,0.5729102306034062,0.5922878549950301,0.5965184317498652,0.7072967862017188,0.5719915481284912,0.38062275029765563,0.8258391583620404,0.6913883988493146,0.3575640083062725,0.2444154079004447,0.7682073385051262,0.19547815052309644,0.04800785594126796,0.48988260634958847,0.3381977424090361,0.2976817359490471,0.14199405396440373,0.4898826063495884,0.33819774240903605,0.2976817359490471,0.1419940539644037,0.3089427900090599,0.3957703248649101,0.22754474775165517,0.2885838153576358,0.30894279000906,0.22754474775165523,0.42081831692459415,0.44019124330802417,0.4386772764822469,0.3700746888875236,0.21862971202872464,0.05015554356186902,0.5151455640022726,0.2636917314402736,BUY,0.0,0.0
0.5830670706884047,0.5775316370040193,0.5954322888693564,0.595081995277436,0.027882426536571324,0.0,0.0,AVH,2020-12-31 00:00:00+11:00,"Pharmaceuticals, Biotechnology & Life Sciences",0.4411651031456203,0.49722825315804936,0.523809740062164,0.2929031607452513,0.596093367320617,0.45437184431567657,0.5880871859711915,0.47291944876165015,0.6375242711220828,0.37902546400832127,0.7670969571348327,0.26113373174288657,0.8016146820738902,0.160042190098461,0.7385844956359111,0.1405707898426885,0.24278362489682925,0.2427836248968292,0.2413806652304735,0.24138066523047352,0.27911080164119695,0.2791108016411969,0.13749146867338014,0.13749146867338014,0.6153846556920742,0.25509874197693694,0.3195976745494782,0.27958762755725963,0.23015164167831675,0.49829790744735336,0.5732694585197435,0.5922378591109968,0.605684317142904,0.6924360650394443,0.5720087639203892,0.39466101452157554,0.8143823386379014,0.6891249163687241,0.3638940367026372,0.2034042328232435,0.7425775653004539,0.07256048541230536,0.015693039808534127,0.5203827628160909,0.38877779651401884,0.2868229977514027,0.151768525564251,0.520382762816091,0.3887777965140187,0.2868229977514027,0.15176852556425105,0.33050840950942745,0.3560619882494107,0.2565788627496376,0.26586615753424525,0.3305084095094274,0.2565788627496376,0.403024742244949,0.39371145355963155,0.44557385866117516,0.3713452855607551,0.18062670182999205,0.09493844821691394,0.5167988338506468,0.30566796246036776,BUY,0.0,0.0
0.5846645513428887,0.5917721673585992,0.5938010079155358,0.6147541079717247,0.08490639571021143,0.0,0.0,AVH,2021-01-04 00:00:00+11:00,"Pharmaceuticals, Biotechnology & Life Sciences",0.48999669392713163,0.5459957837921936,0.5986394248890786,0.3523726277672503,0.6060254883156664,0.48070973550017637,0.5926022463679774,0.5036889825907067,0.6308820456591893,0.41886339427485586,0.76090818090585,0.2848927421380234,0.7994229571891983,0.1749255203988579,0.7369293897520195,0.1503123008419362,0.2241596355465244,0.2241596355465244,0.23408498409523595,0.23408498409523598,0.2914418928384651,0.291441892838465,0.13535003632221398,0.13535003632221398,0.7157894366996035,0.3493010709704606,0.3300191998906876,0.30357703214343174,0.24138531252429923,0.5339481451053552,0.5814725233454476,0.5922307953910713,0.690640424094373,0.6780718998731567,0.5748900870415581,0.44600374949336197,0.8058324063502524,0.6863834876642261,0.39429057280073665,0.17331753932491833,0.726163769318872,0.25267143376919915,0.048765015958809686,0.49324388345274994,0.43765781762445877,0.3163969151374594,0.17870541451108096,0.4932438834527499,0.43765781762445877,0.3163969151374594,0.17870541451108096,0.4951455187017434,0.38623713601720844,0.3517240131935926,0.2836203440273827,0.4951455187017434,0.3517240131935927,0.3887898825012327,0.38140794720959825,0.5003103618592275,0.3903170833509196,0.22636106692125377,0.1256406069243549,0.5184190383020538,0.264822167537774,BUY,0.0,0.0
0.6006389770273797,0.5886076134407945,0.5970636476106432,0.6049180516245802,0.07968161905897615,0.0,0.0,AVH,2021-01-05 00:00:00+11:00,"Pharmaceuticals, Biotechnology & Life Sciences",0.41070733026827194,0.46625867542908067,0.48979601104704984,0.2665282289160811,0.6027147813173166,0.4632146516807172,0.5952070930448744,0.47886733509709334,0.6241535555514137,0.41330982442474307,0.75501236420905,0.2798402046672124,0.7969401445768155,0.16935938866987987,0.7354958335773892,0.14632132732745523,0.10031620283296108,0.10031620283296111,0.23814062269379108,0.23814062269379105,0.2917262279692673,0.2917262279692672,0.13348181807781712,0.13348181807781712,0.7472526839124548,0.3404222426215796,0.33178284574287087,0.32073601357508585,0.2543178744454694,0.5487676858998211,0.5853825071131022,0.5931622909745629,0.6135983383759336,0.6634488819994644,0.5778936386318174,0.43548566350878143,0.7988722291331274,0.6822600096388096,0.3866783555370148,0.1649638942056228,0.7145446241021622,0.24696476099416892,0.046436433232086884,0.39440498390824297,0.41587126498733396,0.31362388176664613,0.18260874380068565,0.39440498390824297,0.41587126498733396,0.31362388176664613,0.18260874380068567,0.4838708519645951,0.4457857955309867,0.3333332155957551,0.319516553807152,0.4838708519645951,0.33333321559575513,0.39590731237309085,0.37457271660441105,0.5205058830054383,0.391798423934393,0.23562986560047214,0.13240994419576807,0.5200068386644325,0.24200000762939444,BUY,0.0,0.0
0.5990415725449656,0.5886076134407945,0.5872757285253212,0.5885246243793398,0.1083119650005696,0.0,0.0,AVH,2021-01-06 00:00:00+11:00,"Pharmaceuticals, Biotechnology & Life Sciences",0.3928480945370351,0.4478962824505112,0.42857142857142855,0.2186841392802506,0.5977487129264438,0.43228824670638,0.5981592520599855,0.4404515605595949,0.61751133008852,0.3972180245182322,0.7486404891455409,0.2686436449527505,0.7941148745174441,0.15934229258808918,0.7339971158149512,0.1393000655462206,0.1091741580647862,0.10917415806478617,0.23393340448843927,0.2339334044884393,0.29202830401018287,0.29202830401018276,0.13455504317223632,0.1345550431722362,0.5874999478459172,0.38619170853656015,0.3230983915618668,0.3294138831915996,0.26665935835960153,0.5436116728004856,0.5858242553124549,0.5987556683534777,0.5014442026435993,0.6507345595003988,0.578839720190961,0.4075515246504634,0.7913581479363174,0.6777932519066552,0.3704577514321503,0.164008541305768,0.7017583477466532,0.33730253060614024,0.0641585301250727,0.3823299634203544,0.42057096568619573,0.3127991747595258,0.17200215943724065,0.3823299634203544,0.4205709656861956,0.3127991747595258,0.17200215943724068,0.5833332671059397,0.5318519257637742,0.2799999237060547,0.32746380301578304,0.5833332671059397,0.27999992370605464,0.3665479777865188,0.3841421176751272,0.5072760953012341,0.3846406556240986,0.2536819589983048,0.13555677927632515,0.5215628830195637,0.30612244302161007,BUY,0.0,0.0
0.5862619558253028,0.5775316370040193,0.5905383682204284,0.5918033098283879,0.06514160392737631,0.0,0.0,AVH,2021-01-07 00:00:00+11:00,"Pharmaceuticals, Biotechnology & Life Sciences",0.4456685453535655,0.5017709150912458,0.49659888660165674,0.2713471218752948,0.5974176501199568,0.4420034611554877,0.6028479727661682,0.4381633601132009,0.611559205331383,0.41108174586492785,0.7418657938521922,0.27709983556477213,0.7915978162420102,0.16296217033372684,0.7319249751476601,0.14162510141118667,0.09236675022641982,0.09236675022641982,0.22560124907068604,0.22560124907068607,0.29317467088163773,0.2931746708816377,0.1293075492302438,0.1293075492302438,0.31250018626450754,0.47896337667264777,0.349560351825734,0.34015040418534814,0.27900135685005045,0.5436161614842098,0.5834004981226757,0.6111940051305481,0.4943316907158257,0.638393753685389,0.5807988535605815,0.4266123056504264,0.7809230930053266,0.6761645792620352,0.3790214074547511,0.15224725343192996,0.6797102806771864,0.2155161657146346,0.039711633924696864,0.415432137720682,0.4413121334534974,0.32516280001883946,0.16556384787735684,0.415432137720682,0.44131213345349746,0.32516280001883957,0.16556384787735684,0.6727274145962531,0.5923039980969219,0.30081291042400904,0.3101886154421283,0.6727274145962531,0.30081291042400904,0.3291814285360355,0.3786738419302811,0.5034002352540701,0.3868276781222309,0.27486258347847947,0.14402683430037028,0.5230878064875922,0.319105624080974,BUY,0.0,0.0
0.591054321616685,0.5775316370040193,0.5938010079155358,0.6016393661755322,0.07660355763587294,0.0,0.0,AVH,2021-01-08 00:00:00+11:00,"Pharmaceuticals, Biotechnology & Life Sciences",0.4634646044588151,0.5196315327823312,0.5170068645075571,0.2875951028081472,0.5987419329192969,0.46498883139273595,0.6103151921780653,0.4436491446911155,0.6061246561035634,0.434824972231306,0.7364826580828889,0.2910991484496188,0.7889608977376587,0.17128932935373797,0.7289145066837924,0.14738785745356553,0.09843428490037617,0.09843428490037617,0.21054830826106194,0.2105483082610619,0.2966979698069093,0.29669796980690927,0.11529169774533388,0.11529169774533377,0.42857128955191925,0.5534958934104661,0.3813146571115076,0.355311571899219,0.2923611932320043,0.5524948296787818,0.5696619970045937,0.6422388215521644,0.525501172134272,0.624525162240819,0.5856384434589965,0.46572370575791855,0.7742620225544317,0.6727902140703514,0.39780408471972317,0.17735247212581412,0.6729814473909959,0.22365811991041548,0.047118339744612193,0.4275434511764174,0.47547585754380195,0.33548706436588227,0.19159981962053355,0.4275434511764175,0.4754758575438019,0.3354870643658823,0.19159981962053357,0.7818182763975021,0.6937306619049979,0.3495933509517553,0.31570601484946814,0.7818182763975021,0.34959335095175537,0.30604973902926835,0.37457271660441105,0.5165989207308977,0.40018440614812,0.33815319051958975,0.17788346768655594,0.5245822314862602,0.2449798766102469,BUY,0.0,0.0
0.591054321616685,0.5775316370040193,0.5791190903938197,0.580327871671706,0.14545877682755592,0.0,0.0,AVH,2021-01-11 00:00:00+11:00,"Pharmaceuticals, Biotechnology & Life Sciences",0.3794586112507991,0.4340292251203286,0.42857142857142855,0.21788778477607076,0.5917894403294142,0.4258425504534,0.6118780935597401,0.39888949452093825,0.598274750292271,0.41245742258347495,0.7310629014989745,0.27409554433577443,0.7863924705594082,0.15758956525877477,0.7260148130745555,0.13856398751276322,0.08689583828383704,0.08689583828383704,0.19928016284759734,0.19928016284759736,0.2875007320293408,0.2875007320293407,0.11785817674271781,0.1178581767427177,0.4200000762939453,0.482713356114729,0.3566694847504748,0.35982958934762566,0.30408795871786864,0.538249442721186,0.5652591211555,0.6504737814918329,0.21073708064893198,0.5997281509340326,0.5982177678273648,0.41226907101400756,0.7692425316132425,0.6672408023770937,0.37428271315102585,0.20855414450259005,0.6811049954325619,0.370576670119602,0.08851135297219073,0.36821695527517617,0.40460206376698743,0.2913848157377156,0.1882129304651641,0.3682169552751761,0.40460206376698743,0.2913848157377156,0.18821293046516413,0.5454543090062448,0.6808359830673122,0.2439022026387315,0.3034573133188457,0.5454543090062448,0.2439022026387314,0.302491108939796,0.3896103282337616,0.45856329614079694,0.37959467614782216,0.22937454010671157,0.17631350157304249,0.5260467679849549,0.2680412817107778,BUY,0.0,0.0
0.5750798959321943,0.6756328839048843,0.5889070094791418,0.7016393896265403,0.2884301886742173,0.0,0.0,AVH,2021-01-12 00:00:00+11:00,"Pharmaceuticals, Biotechnology & Life Sciences",0.771378177089811,0.8078666554665027,1.0,0.6758546874316029,0.6113226352997223,0.6971076765300186,0.6203872582668595,0.6195689886714826,0.5989648509980277,0.6066138211600918,0.7286826044268999,0.3976880295368439,0.7851938715361505,0.24411484631904368,0.7229456993370185,0.19671762350745292,0.45964124519859506,0.45964124519859506,0.43346587580214124,0.43346587580214124,0.5116476724478192,0.5116476724478192,0.32367402657840516,0.32367402657840516,0.7642276769463194,0.7102760308063102,0.5129446519457206,0.41977416036890924,0.3272533368755909,0.6380292282521504,0.6142067812467267,0.6123716174472289,0.9918542027570757,0.6034707375778063,0.5952789493529047,0.8371248231560776,0.7643020211825842,0.6682940799741075,0.5488078073901181,0.3161189397768372,0.6963143324816723,0.5105416206406024,0.17205501488871022,0.5590004075057371,0.4769505869239592,0.4579074795903788,0.2626289653341058,0.5590004075057371,0.4769505869239592,0.45790747959037875,0.26262896533410585,0.9719628583855626,0.7827011118377513,0.8813560280913701,0.5004475709781183,0.9719628583855626,0.8813560280913701,0.39501778212040795,0.47163355179948985,0.7907276405923356,0.5949133648137098,0.5731374466642165,0.22232744826638967,0.5274820137536755,0.08407867215782883,BUY,0.0,0.0
0.6837060667588017,0.6693037760692747,0.6460032430372535,0.6557377151698396,0.17986595632088495,0.0,0.0,AVH,2021-01-13 00:00:00+11:00,"Pharmaceuticals, Biotechnology & Life Sciences",0.3268499732935781,0.37868928310618843,0.346938868189907,0.1685911481415386,0.6248965418863044,0.5384666736188564,0.6249023186636453,0.5215849259609484,0.5974121244100754,0.535302829365139,0.7264121663063052,0.35358778308220473,0.7836528150659042,0.21249681553046362,0.7197592947414274,0.17653065187259914,0.49606700916941016,0.49606700916941016,0.4652890963043357,0.46528909630433557,0.5323076714059637,0.5323076714059636,0.3239723731874068,0.3239723731874068,0.5899280353422008,0.6424278047912335,0.5071291641181251,0.4476413931652583,0.3521935755400739,0.6535114554935424,0.624318724505293,0.6101934191694015,0.7053697206129359,0.5967349050304014,0.5999148250944226,0.6967761138709632,0.7617092850589076,0.6665944253120668,0.4855837812682245,0.35298956572465223,0.7003802797961578,0.2882217598002996,0.10673248962940286,0.51794170304298,0.4351438718580271,0.41224216703010635,0.26240711087944846,0.5179417030429802,0.43514387185802716,0.41224216703010635,0.26240711087944857,0.7102803446776045,0.7583483128031918,0.7102803446776045,0.6228361096863055,0.7102803446776045,0.7102803446776045,0.4341637312620842,0.48530414338228756,0.7498335847424663,0.6165521021887748,0.6749025119392308,0.2890614081494285,0.5335501813595211,0.14124293937513865,BUY,0.0,0.0
0.6581469856636166,0.6756328839048843,0.6639478002540771,0.6901639514698583,0.13139598224268784,0.0,0.0,AVH,2021-01-14 00:00:00+11:00,"Pharmaceuticals, Biotechnology & Life Sciences",0.5234603270522588,0.5788072404163065,0.5986394248890786,0.3477850744527956,0.6447607996630993,0.5743310158951718,0.6351480450618362,0.5679630113284639,0.6001725313464261,0.5860997533218926,0.7260093460764654,0.38857118706625493,0.7825911986948494,0.23754319538177415,0.7166445677370674,0.19414581179862078,0.49587386593491634,0.4958738659349162,0.4632442545251463,0.4632442545251463,0.5199168510488479,0.5199168510488479,0.31743585718191036,0.31743585718191036,0.668831114544613,0.7069062085029837,0.5538253871084711,0.48600197044648547,0.38096659670058897,0.6869450742733616,0.6458817893878104,0.6068239219427306,0.7783315251725844,0.607600410365166,0.5929744791908129,0.7810217022126106,0.7613000678641753,0.666228083180969,0.5357510290046006,0.3871293859526164,0.672549326013067,0.19357636308101941,0.08086742180986978,0.5637264758180525,0.49907300433742136,0.5032962839012992,0.3112071631814858,0.5637264758180525,0.49907300433742136,0.5032962839012992,0.31120716318148584,0.9029126887789539,0.8800335765022923,0.9065421185479903,0.8476835048199718,0.902912688778954,0.9065421185479903,0.4715302805125675,0.515379301454777,0.7340077601302266,0.6771162040693797,0.7545348697059191,0.33965750531907835,0.5393756222611331,0.08152170485870291,BUY,0.0,0.0
0.6869009518957001,0.7547468072989206,0.7047308353366522,0.7754098513151364,0.29287640076666177,0.0,0.0,AVH,2021-01-15 00:00:00+11:00,"Pharmaceuticals, Biotechnology & Life Sciences",0.643339964121769,0.6925220778580361,0.8299320036823499,0.5089731145187826,0.6798543254189995,0.6937118584321511,0.6542502402247813,0.6910567618608459,0.6097476889221096,0.7054997096377094,0.7268882246730142,0.4734700644473059,0.7825740754550835,0.2980620461863217,0.7145854596980529,0.23545305101413438,0.5276867648087002,0.5276867648087002,0.5177571008064312,0.5177571008064311,0.5513320010868059,0.5513320010868057,0.37523709692067564,0.37523709692067553,0.7908162160597253,0.7453268382182289,0.7003945534088835,0.5548859386429492,0.4198245507793784,0.7749166205217357,0.701639829894551,0.5828489170185213,0.8829712411620999,0.6448607530544999,0.5694038012390048,0.8903514832124593,0.7632039675022337,0.6657374867379926,0.6567795440229913,0.4985713188847603,0.6833442457235331,0.3415764433814761,0.1776894586884392,0.6724539614636438,0.5956332350182476,0.6612357742042809,0.3461748753014552,0.6724539614636438,0.5956332350182475,0.6612357742042809,0.3461748753014553,0.9384615836058947,0.8686291398279807,0.9490446246774515,0.8706516422008146,0.9384615836058947,0.9490446246774515,0.5124555446989799,0.5488721726091775,0.784813125423954,0.7820625363555804,0.7938879888099123,0.44297067965518877,0.5449680455266805,-0.07615894719407379,SELL,0.0,1.0
0.7603833862164278,0.7515822533811158,0.7536705085507289,0.7770492331246741,0.17458966028070516,0.0,0.0,AVH,2021-01-18 00:00:00+11:00,"Pharmaceuticals, Biotechnology & Life Sciences",0.4403474563803375,0.49640248733486847,0.523809740062164,0.2938952234049041,0.7195828567592857,0.5954066216124514,0.6714422216678374,0.6595489394932939,0.6205305227328672,0.6887497698401075,0.7271811859513739,0.4748297796749238,0.7817350563020994,0.29977651190640964,0.7128586762229302,0.23708634925915995,0.49599040476535383,0.49599040476535383,0.5209750969073248,0.5209750969073248,0.5406291652818438,0.5406291652818438,0.3695767974202723,0.3695767974202723,0.789743505724978,0.7040909077485935,0.7664507586085177,0.6094894910823327,0.46346673827918217,0.8166498095345371,0.7406729528757918,0.5739522873797217,0.785740888385026,0.6739775121285942,0.5579249965419044,0.8098342104576536,0.7639215151236771,0.6654681786081,0.6584180268256846,0.5135819966612425,0.6648251158089002,0.1980623966300361,0.10857048608912719,0.713805424581202,0.5703019030349566,0.6952772812266141,0.33011451057511426,0.7138054245812021,0.5703019030349565,0.6952772812266141,0.3301145105751143,0.9457366690742631,0.9487827088729884,0.9554141984517672,0.9538306164172505,0.9457366690742631,0.9554141984517671,0.4875445401474767,0.533834560979827,0.7129137172954965,0.707597004401157,0.8117333806397585,0.5153119335455415,0.5577159706327451,-0.047933876481052184,HOLD,0.0,0.5
0.7603833862164278,0.7816455533247196,0.7797716261115877,0.806557402166107,0.17772368241938602,0.0,0.0,AVH,2021-01-19 00:00:00+11:00,"Pharmaceuticals, Biotechnology & Life Sciences",0.5019738568252404,0.557795342650416,0.6462585806344463,0.37353024722203343,0.7407713973354204,0.6120416006864917,0.6928019511694652,0.6713283143205555,0.6324347722471415,0.7136191365782754,0.7279135847818312,0.5037414827836145,0.7818720389543025,0.32064550131022207,0.7105324052078315,0.25228275221700225,0.32639126929257234,0.32639126929257234,0.5112246516661418,0.5112246516661418,0.542738109156023,0.542738109156023,0.37487807717825583,0.37487807717825583,0.8019322725591128,0.7437239194523934,0.8229350732737684,0.664752314537138,0.5110879087146567,0.8513587445550737,0.7806562790826541,0.572580754632979,0.7696924582691276,0.7054728899313076,0.546014280732644,0.796558258179624,0.765993253602191,0.6644404007834286,0.698268214973617,0.4565367067089484,0.6514030149728504,0.2249544449561926,0.11255734646737459,0.5548021522241315,0.6175034166662281,0.7185602656617326,0.3414611530864531,0.5548021522241315,0.6175034166662281,0.7185602656617327,0.34146115308645314,0.9589041498548914,0.9678432095954937,0.965517269728729,0.9738421019952173,0.9589041498548913,0.965517269728729,0.5142349445901728,0.537935686305697,0.6892165326228572,0.6762245459341645,0.8269435948038437,0.5926190024663689,0.569699020232446,0.038523237621732154,HOLD,0.0,0.5
0.7955271988943775,0.8813291149089454,0.8140293818039479,0.900000054719019,0.34260504681269305,0.0,0.0,AVH,2021-01-20 00:00:00+11:00,"Pharmaceuticals, Biotechnology & Life Sciences",0.6373956670215799,0.6870186729972574,0.8843537106033643,0.520316903054563,0.790100986864269,0.7021365805839901,0.7257966564221409,0.7715507539877415,0.6502911465185528,0.8243562911424314,0.731062903245151,0.594109264104603,0.7818377932912516,0.38704096083731443,0.7087078788849247,0.29776042324021607,0.24494499493605532,0.24494499493605532,0.5242786093791281,0.5242786093791281,0.5728879110205518,0.5728879110205518,0.42795237064435465,0.42795237064435454,0.8884461629152638,0.8345097234001017,0.8745311553390186,0.7485093807588162,0.5684443795637362,0.9362804230151609,0.8464709135016903,0.5658536932522849,0.82964288006964,0.7561869863258897,0.5240767394457806,0.8489802648004067,0.7770537943636355,0.6572754204210867,0.8130910611224595,0.5403935541313435,0.5141316071354048,0.3705970400678122,0.26741158620106087,0.7534925964616322,0.7504001588519833,0.8663469004839448,0.40552939353956924,0.7534925964616321,0.7504001588519833,0.866346900483945,0.4055293935395693,0.9425837910057111,0.9692464831592243,0.9493671344499773,0.9739515362150954,0.9425837910057111,0.9493671344499773,0.608540932815521,0.6062884486610508,0.7182023405970845,0.6960378704219028,0.9091805508561515,0.6220068816795626,0.586846102159571,-0.08235300057486927,SELL,0.0,1.0
0.905750774203399,0.9446202687139579,0.916802648881029,0.9409836619171339,0.37168019161659627,0.0,0.0,AVH,2021-01-21 00:00:00+11:00,"Pharmaceuticals, Biotechnology & Life Sciences",0.5173553987451911,0.572857356518354,0.5850343225377852,0.32909187515415317,0.8407548591924576,0.6715872003493146,0.7627854577045707,0.7695473080597424,0.670994188257872,0.8474485814064929,0.7341389818254251,0.6316490492850423,0.7818891621940683,0.41611228913955856,0.7067856103356638,0.31841989645957763,0.2463886864799515,0.2463886864799515,0.5146386027404282,0.5146386027404282,0.5640051630352328,0.5640051630352327,0.423505973932635,0.4235059739326351,0.8613860661604325,0.8503470562686937,0.9243442445616724,0.8301636907995182,0.633105572074279,1.0,0.9071707763471095,0.5731913871958093,0.7995341152634471,0.8066682406233421,0.5083984464689404,0.8208692417721859,0.7897336689474075,0.6478830115487477,0.8472454491398493,0.6642081595994315,0.5691407188266553,0.33098667307520474,0.2653879263284198,0.7493914209577639,0.7927490801491925,0.9421214746117533,0.4000673616585948,0.7493914209577641,0.7927490801491924,0.9421214746117534,0.40006736165859486,0.891566283518154,0.9508059093076099,0.9025270820268368,0.9560058464388322,0.891566283518154,0.9025270820268368,0.6886120612971529,0.643198902524939,0.710295918930305,0.6964637656642927,0.9527741899262004,0.8880111886333216,0.616424402934423,-0.14751772109450423,SELL,0.0,1.0
0.9265175656792721,0.9272151844415731,0.8988580916642055,0.9213114710528181,0.21563617895792708,0.0,0.0,AVH,2021-01-22 00:00:00+11:00,"Pharmaceuticals, Biotechnology & Life Sciences",0.3993814541139262,0.4546313466501714,0.41496600184117494,0.23412514121798686,0.8702201751578149,0.5670131602302226,0.7966484396624927,0.6753148402813864,0.6915247007074277,0.7817742468362081,0.7371784395910883,0.608648013003119,0.7823172333904435,0.40181787146231984,0.7043290161449495,0.3104449594603656,0.2510781769249617,0.2510781769249617,0.5353530029540132,0.5353530029540132,0.5611511947393202,0.5611511947393202,0.4233121978758998,0.4233121978758997,0.9354836973018203,0.8085308124410582,0.914333672551061,0.8820995615557763,0.6967769297481743,0.9913656043311307,0.9393561222534754,0.6065067358548137,0.7188370593697868,0.8410658616939382,0.5112232183883827,0.7515085848350108,0.8006245502308862,0.6406921829359116,0.8067776006638243,0.6244075101333889,0.5917266307145143,0.20359466456125372,0.14876484937543477,0.5941076378917195,0.7539731113603317,0.9488283025831536,0.40052648349394965,0.5941076378917195,0.7539731113603316,0.9488283025831536,0.4005264834939497,0.8433733716922298,0.9114771538451564,0.8592056512605801,0.9199321208586174,0.8433733716922298,0.8592056512605801,0.7330960404194944,0.6828434616681445,0.6423470535339542,0.6328855216694655,0.8549073300322065,0.8355662695212479,0.655880706528083,-0.2020201519782584,SELL,0.0,1.0
0.9041533697209851,0.9335442922771827,0.9265905679663511,0.9655737636999813,0.19106764828867911,0.0,0.0,AVH,2021-01-25 00:00:00+11:00,"Pharmaceuticals, Biotechnology & Life Sciences",0.5221728202264847,0.5775537585402644,0.6938774120008537,0.39076913977058886,0.908293329318882,0.5762959554971654,0.8374576766652799,0.675375728749062,0.7125727886863007,0.8088562612770449,0.7416826967638426,0.6475465346732115,0.7829336553253571,0.43276214172362915,0.7019831964981509,0.33305660172053325,0.23289175231530163,0.23289175231530168,0.496980386532094,0.496980386532094,0.5588986847110063,0.5588986847110062,0.4273629966245578,0.4273629966245577,0.9374998292575772,0.8427632416106607,0.9572159985405434,0.9387673886970819,0.7607445101624731,0.9939495751635001,0.9613875606440827,0.6657141065849677,0.7436979711317476,0.8811252455833447,0.5084952105978531,0.7545623950163566,0.8167576068292155,0.6300441145556919,0.8373073413818007,0.6328983534952197,0.6017021010215295,0.17810920521491902,0.12987645656913407,0.6452197371450612,0.8411332129312946,0.9387195790794975,0.44068740068194534,0.6452197371450612,0.8411332129312947,0.9387195790794978,0.4406874006819454,0.9518070881740758,0.9146169301425292,0.9560438236051859,0.9221976592432253,0.9518070881740758,0.9560438236051858,0.7669038747340488,0.7129186849268456,0.6298711583174111,0.6145557140121716,0.8962210771100955,0.8791740415789029,0.6906022536905037,-0.23611109087496573,SELL,0.0,1.0
0.9504792422920434,0.957278484385177,0.9722675236978542,0.9934426291019038,0.1336679428818747,0.0,0.0,AVH,2021-01-27 00:00:00+11:00,"Pharmaceuticals, Biotechnology & Life Sciences",0.4885044137079364,0.5445212269041286,0.6122448516193322,0.342695216008517,0.9460354206734618,0.5545874296787217,0.8683684996080905,0.6668526341938577,0.7321544147221033,0.8144843063577556,0.7467728730009628,0.6692591960859778,0.7832247438695291,0.45230479247248334,0.6999436367801211,0.347701725987336,0.23513846997912252,0.23513846997912252,0.3495592813247871,0.3495592813247871,0.5389558368202775,0.5389558368202774,0.42972038705302373,0.4297203870530236,0.9235666797265324,0.8789351182421533,0.9547625290491303,0.9911615600260624,0.8239663621716151,0.9874445362688822,1.0,0.6856235429126193,0.7301121402408405,0.9226308481613181,0.5009870529187914,0.739710376231741,0.8349938788244651,0.6180050536126622,0.8438187696457458,0.6101971363671577,0.6095898579689043,0.12897767933011894,0.08981494557879949,0.6367308254612694,0.6854031881261857,0.8735538554016387,0.45584794695866193,0.6367308254612695,0.6854031881261857,0.8735538554016389,0.45584794695866204,0.9883267673912427,0.9475559397224306,0.9883720113583354,0.9513266149282076,0.9883267673912426,0.9883720113583354,0.7686832746252417,0.6896788226457551,0.6259971104106261,0.6039352113216162,0.9369815145786143,0.882896625475777,0.721157215193434,-0.22795113357198915,SELL,0.0,1.0
0.9345048166075527,0.9177215226881589,0.9021207313593129,0.9327869092095,0.22308717058402777,0.0,0.0,AVH,2021-01-28 00:00:00+11:00,"Pharmaceuticals, Biotechnology & Life Sciences",0.32659985740034725,0.3784228580315362,0.42857142857142855,0.2420734816727314,0.9526568346701614,0.42750188926897703,0.8977164211692263,0.5306464877860717,0.748975633821555,0.7033188383824351,0.750727830177786,0.6051476147274134,0.7828137959129201,0.4095883396663984,0.6978584641059834,0.3197556097585221,0.23482597459683618,0.23482597459683618,0.34978688808391356,0.3497868880839136,0.5694139655002987,0.5694139655002985,0.44831361310881546,0.44831361310881535,0.7461139013080654,0.7862755837384154,0.842080146304704,1.0,0.8765762005374602,0.8948752295045311,0.9929223573971353,0.754273125693902,0.609595039382092,0.9460928822779962,0.5088390052658731,0.6593546612869927,0.8463024643784012,0.6123004404100876,0.7663437336788077,0.5486114885620264,0.6331690601278883,0.23792375791831727,0.14491752398107483,0.4530382307427237,0.6852548088414963,0.81663910800139,0.42714187805703463,0.4530382307427237,0.6852548088414963,0.8166391080013901,0.4271418780570347,0.8443579499417498,0.9478911078726401,0.8443579499417498,0.9462884835311866,0.8443579499417497,0.8443579499417497,0.8505338029980664,0.7197540459044562,0.5636073575931836,0.5495366704746822,0.8719311715369988,0.8045714365839087,0.7542797126236065,-0.17000000817435124,SELL,0.0,1.0
0.9121406206492655,0.8971518844979695,0.8499184184501289,0.8721311893170964,0.22654585369959176,0.0,0.0,AVH,2021-01-29 00:00:00+11:00,"Pharmaceuticals, Biotechnology & Life Sciences",0.3207794383939275,0.3722138600855182,0.2721088589840321,0.1529842445106103,0.9387518494903961,0.337756009575362,0.9169922766415683,0.4146992715525144,0.7636402902721802,0.5988995448106531,0.7529250284153348,0.5433217359835382,0.7817693027816311,0.367295018377519,0.695662516577215,0.2917467315445668,0.25474229055017183,0.25474229055017183,0.41684814169228457,0.41684814169228457,0.5933989075403429,0.5933989075403427,0.4675587190778716,0.4675587190778715,0.594339629007259,0.7057037213362145,0.7758350259458909,0.9746128562619656,0.9128264196413998,0.7521691734338308,0.9676487577797266,0.822821084618548,0.4569847872973508,0.956345430357687,0.5276505557073365,0.5897577134165912,0.8516994666496878,0.610260963761426,0.6985692297914246,0.4738260882400968,0.6621059831120715,0.27703276154776246,0.14139865876925098,0.34660009601795216,0.5753970378970903,0.7767608789793071,0.3795386199045772,0.34660009601795216,0.5753970378970903,0.7767608789793072,0.3795386199045773,0.700389132492257,0.8623039123639376,0.700389132492257,0.8595395721385385,0.700389132492257,0.700389132492257,0.9306050163261551,0.7799044924218584,0.5158589813570995,0.5125487135310529,0.7971062216960538,0.7338455118930663,0.7827650604135548,-0.12368026508405638,SELL,0.0,1.0
0.7987220840312756,0.8370252846107616,0.7830342658066951,0.855737762071856,0.2026079914122508,0.0,0.0,AVH,2021-02-01 00:00:00+11:00,"Pharmaceuticals, Biotechnology & Life Sciences",0.40363309758943877,0.45900329806339224,0.6870748608252071,0.3961988333974572,0.925509021496997,0.33001179032860284,0.9255014413486877,0.3796811762810983,0.7773560561957276,0.5576290454939046,0.754499688520083,0.5256688403188895,0.7803138608772523,0.3566834686789775,0.6934665693591616,0.2850485428276321,0.25438448143011894,0.25438448143011894,0.35184519976539563,0.3518451997653956,0.5989751362406329,0.5989751362406328,0.46899623865502194,0.46899623865502205,0.4181818286906255,0.7113954729142795,0.7797088886464785,0.9425052791637585,0.9344436120103679,0.6245242997791333,0.9574119663603173,0.8520345786866177,0.3866694916968347,0.9622441888745203,0.5495736594210172,0.5635035157904394,0.8554410428292865,0.6089604404550071,0.678836680306141,0.46711287181553335,0.6985906323467358,0.25106415806025273,0.12050521985521216,0.34881826735554944,0.462932372876559,0.7545920418204617,0.3628860141859222,0.34881826735554944,0.46293237287655886,0.7545920418204618,0.36288601418592226,0.6533865313842411,0.7482842299386252,0.6614786663626289,0.7486179156790734,0.6533865313842411,0.6614786663626289,0.9999999999999999,0.8345865980082028,0.45959675399883543,0.4775018848675728,0.7728643865316351,0.7023411950169807,0.9577464825518085,-0.1163859424905197,SELL,0.0,1.0
0.8370607056740536,0.9003164384157741,0.8580750565816304,0.9213114710528181,0.12335718103669001,0.0,0.0,AVH,2021-02-02 00:00:00+11:00,"Pharmaceuticals, Biotechnology & Life Sciences",0.5710737544931727,0.6246720776973804,0.7959182746672357,0.4581982611675587,0.9165701047081045,0.47355851662830917,0.9407831925106962,0.453177005000875,0.7934871745894228,0.6217272799324856,0.7569532254752036,0.5872200492161516,0.7798515440178263,0.40367574095870173,0.6923783694445549,0.31746292613185584,0.30151842169119614,0.30151842169119614,0.3805357206593267,0.38053572065932667,0.6131649448581823,0.6131649448581822,0.487593132182466,0.4875931321824659,0.46666656070283685,0.6813491763675765,0.8139280894208902,0.9421745128236492,0.9516613077766418,0.5861471958370595,0.9440566213480923,0.8987795683137463,0.530104634407319,0.9750027586736563,0.568529438973441,0.6135848345518006,0.8627584918662325,0.6050362611985642,0.7388698241181748,0.43222275227455587,0.7066195857310451,0.1642425687351106,0.07261696301196241,0.3730038082559609,0.5232410481759076,0.8006405152951108,0.3838588021076506,0.3730038082559609,0.5232410481759076,0.800640515295111,0.3838588021076506,0.782407316446972,0.7271951197100954,0.8171205308811412,0.7393756974261354,0.782407316446972,0.8171205308811412,0.9537366209864654,0.8947369141531814,0.5178031830048133,0.5117059208530469,0.7609179193250636,0.7222168572645564,0.9536150266832919,-0.17171718422765758,SELL,0.0,1.0
0.924920161196858,0.9446202687139579,0.9445351251831748,0.9606557746114226,0.13318961200348467,0.0,0.0,AVH,2021-02-03 00:00:00+11:00,"Pharmaceuticals, Biotechnology & Life Sciences",0.5126776936821408,0.5682876309091653,0.585033998158825,0.32857085961048244,0.9099486907114049,0.5633160292262347,0.9571068889679268,0.4865587118627619,0.8122061747430298,0.6463439977396594,0.7597729635917292,0.622535948129416,0.7797145613656232,0.4317808943684046,0.6909252649489397,0.337441745939933,0.3139616917483033,0.3139616917483033,0.38252310834772796,0.38252310834772796,0.6085434911098088,0.6085434911098087,0.4915822404807182,0.4915822404807181,0.5625000776102307,0.7613494727477103,0.823418475797229,0.9550075256278368,0.9683863539563518,0.5818497804511692,0.9350755964631725,0.9427007393525895,0.6439784460213512,0.989353560858957,0.5910594921631052,0.6362439059213638,0.8721509957997213,0.5992724335144926,0.7688440797559031,0.43197627603233674,0.7177926522208878,0.1774271891472532,0.07730213323915189,0.3853991716260681,0.5283301797145014,0.8628407102643765,0.3914839436112338,0.38539917162606807,0.5283301797145014,0.8628407102643767,0.3914839436112339,0.8878048791834315,0.7909948117804855,0.9105058351319865,0.8106726297846261,0.8878048791834315,0.9105058351319865,0.9608540508583235,0.9248121374118825,0.573987591636064,0.5364496881101094,0.7607440990413277,0.7311134347311375,0.9495661999321456,-0.2133891483302719,SELL,0.0,1.0
0.9456868765006612,0.9541139304673721,0.9608483236587115,0.9655737636999813,0.12563402713517333,0.0,0.0,AVH,2021-02-04 00:00:00+11:00,"Pharmaceuticals, Biotechnology & Life Sciences",0.44589322443159873,0.5019973075181359,0.5170068645075571,0.29089256609587316,0.9165701047081045,0.5595402770222062,0.9640531357322129,0.4839971542471455,0.8320465864868287,0.6249897586656734,0.7633251005387125,0.6234351389616589,0.7797145613656232,0.43528107053742104,0.6898826783011559,0.34047793300174206,0.26925069686638076,0.26925069686638076,0.2991697232879168,0.2991697232879168,0.598729473439977,0.5987294734399768,0.48586769796420604,0.4858676979642059,0.5,0.7469682295223784,0.8368410027973607,0.9626037351049483,0.9835131027311164,0.5679077249891021,0.9424049154143523,0.9487075402639771,0.6351161703210908,0.9981593725787556,0.6224519044565946,0.6273048415541088,0.8830374926755731,0.593217899251473,0.7634109630431827,0.38176023171055323,0.7214096922427744,0.18746472536482164,0.07258638891984666,0.4520330903457914,0.44202366633050894,0.8970011260768015,0.4117959644277096,0.4520330903457914,0.4420236663305089,0.8970011260768016,0.41179596442770966,0.8888887417169421,0.8711640012236803,0.922178882201006,0.8991335918164857,0.8888887417169421,0.922178882201006,0.9430604761786784,0.9357485585291514,0.5796136922612545,0.5335528726423856,0.7640289550262435,0.7592547266258926,0.7511736891259825,-0.22916661975560237,SELL,0.0,1.0
0.9568690125658397,0.9462025079484019,0.9510604045733895,0.9524590219037887,0.07426297850020397,0.0,0.0,AVH,2021-02-05 00:00:00+11:00,"Pharmaceuticals, Biotechnology & Life Sciences",0.41234490819310243,0.4679348100740297,0.41496600184117494,0.23579824015205186,0.9327925768933665,0.5022756308795158,0.9652687247756733,0.46407592209744863,0.8510243723484321,0.5831283886328169,0.7674265374816269,0.6063017462656924,0.7792351212664316,0.4263194673954419,0.6890486093557868,0.33461265968894477,0.19367598927585689,0.19367598927585689,0.2869803025204122,0.2869803025204122,0.6039919769208494,0.6039919769208493,0.47660171921353345,0.47660171921353356,0.42138360818960735,0.6762454165812568,0.8406050437952477,0.9579417209585904,0.9945424940225664,0.5321662008500209,0.9442594741931356,0.9491082181323016,0.5733506085470622,1.0,0.6602004002481707,0.6024281773160154,0.8937922131311709,0.5885429486995539,0.7419142792911849,0.30329130459508846,0.7233143371186652,0.13641594338532845,0.042804045738201305,0.5062592208410195,0.39618467393685264,0.8755389214178015,0.42957240123264984,0.5062592208410194,0.39618467393685275,0.8755389214178018,0.4295724012326499,0.8133331934611003,0.8816917261632466,0.8910505092973036,0.9242195588252081,0.8133331934611003,0.8910505092973035,0.8754448075495697,0.9398496838550212,0.5544437874932593,0.5195966496812218,0.7090970730034406,0.759340208787184,0.7552425472461479,-0.24859550693483312,SELL,0.0,1.0
0.9392971062268647,0.9351266069605436,0.9363784870516734,0.9377049764680858,0.07787311085395829,0.0,0.0,AVH,2021-02-08 00:00:00+11:00,"Pharmaceuticals, Biotechnology & Life Sciences",0.40899054398665424,0.4645001071461607,0.4285717529503888,0.24230866796407352,0.9493461276718116,0.4428840499356741,0.967005294747324,0.44122633359511654,0.8687082214434043,0.5422911060473885,0.7711983958239239,0.5880687306574023,0.7783618564503966,0.41648452361921673,0.6880907332382256,0.32801346863712605,0.1901121180198144,0.19011211801981442,0.28482444644232674,0.28482444644232674,0.6109874740813976,0.6109874740813976,0.47829692052142514,0.47829692052142503,0.5114504705949586,0.65398971655664,0.8223572553922209,0.9429953071248149,0.9999291510878794,0.48294425173398886,0.945396737692453,0.9514004951422941,0.5038489347766878,0.9953917025453727,0.7027924306136981,0.57605999818971,0.9029919077125326,0.5851249785316277,0.7212345636392608,0.23901741799773185,0.723579434008634,0.17644157125347715,0.044869998629380105,0.5094447571807352,0.40040443671825404,0.8412625413153109,0.4209621668224652,0.5094447571807352,0.40040443671825404,0.8412625413153112,0.4209621668224653,0.7238807138607294,0.8258889910402613,0.8560311825505071,0.9057351852767931,0.7238807138607294,0.8560311825505071,0.8825623222678847,0.9589884859964535,0.5194951291163654,0.5050274424784129,0.6631699723248008,0.7513117883854185,0.7592300282039101,-0.2162162070501491,SELL,0.0,1.0
0.9217252760599599,0.9256328697582125,0.9135400091859218,0.9327869092095,0.08665228120970189,0.0,0.0,AVH,2021-02-09 00:00:00+11:00,"Pharmaceuticals, Biotechnology & Life Sciences",0.4273557177186399,0.48324034760251106,0.48299313549244294,0.27177418845854084,0.9516636304640047,0.42932688033756206,0.963532171365181,0.4389462659401875,0.8872546964205721,0.5135239034804375,0.7752265928837927,0.5791385105163219,0.7771632574271391,0.41389779683520656,0.6866571770635952,0.32648767535644413,0.1078029142389465,0.1078029142389465,0.26184040000370123,0.2618404000037012,0.6001177140360817,0.6001177140360816,0.4759714408356672,0.4759714408356671,0.6907217255028424,0.623820349343731,0.8121827685052443,0.924562754822515,1.0,0.43657410067937336,0.9397520044290673,0.9506492059545941,0.49690067627415,0.9782917605831158,0.7618509559724163,0.5616272270102064,0.911968485362519,0.5825570030674518,0.7101102272702626,0.22010397086499778,0.7112999809883286,0.21081497541314728,0.05070674582102132,0.4299403272412364,0.360834208781964,0.8718172005939895,0.4294426796598062,0.4299403272412364,0.360834208781964,0.8718172005939895,0.4294426796598063,0.6969696641296765,0.7605562841110125,0.8443579499417498,0.8793289373504859,0.6969696641296765,0.8443579499417497,0.8967971820116009,0.9917977493482601,0.474160536319965,0.49076996756330127,0.6111652081574374,0.7248670007764149,0.763137759542517,-0.18714284896850586,SELL,0.0,1.0
0.9105431399947814,0.9129746540869933,0.9200652885761365,0.9459016510056926,0.04954655165407217,0.0,0.0,AVH,2021-02-10 00:00:00+11:00,"Pharmaceuticals, Biotechnology & Life Sciences",0.46178325938940007,0.5179502237144051,0.585033998158825,0.3289598090745801,0.9486839862721417,0.45959902846102585,0.9584961383207842,0.46398937216896297,0.9001078323485991,0.5137974210282079,0.7790350702945243,0.5877402464072862,0.7761530091424199,0.42403812635698757,0.6856015584089649,0.3335384787949717,0.048511954671801145,0.048511954671801145,0.2539376087550751,0.25393760875507504,0.45007221754654525,0.4500722175465452,0.4738290578279196,0.4738290578279195,0.7894737370457057,0.5436952098575936,0.8424981585495401,0.9116777385505184,0.9970938316157232,0.4106053791326318,0.9248882278725659,0.9571563409248611,0.5872383364413537,0.9762846688234552,0.7912335221075044,0.5692559971272829,0.9210295983511678,0.5793965937561887,0.7148688489691369,0.1770040412262983,0.6614184097896196,0.14489652753957782,0.03095330920333556,0.40284420711770474,0.349986330757839,0.7011953679557547,0.4212599233482325,0.4028442071177048,0.34998633075783897,0.7011953679557548,0.42125992334823253,0.7575756590556963,0.7415754162358562,0.8725099033939404,0.8730377272354859,0.7575756590556963,0.8725099033939404,0.8096085388116541,0.99589887467413,0.4690957279974137,0.48788379761680206,0.5500663189187739,0.7543877334362186,0.7669673362543517,-0.22316383343673785,SELL,0.0,1.0
0.9105431399947814,0.901898753099135,0.9053833710544203,0.9344262910190377,0.0748840980298497,0.0,0.0,AVH,2021-02-11 00:00:00+11:00,"Pharmaceuticals, Biotechnology & Life Sciences",0.41502992511490555,0.4706803090999933,0.5374151667924175,0.30214944262526156,0.9423936508686253,0.44962420045536433,0.9586697986301809,0.44767686479452684,0.9147724887992243,0.483023508671901,0.7828435494514323,0.5728565283406369,0.7746975672380411,0.41696487171678376,0.6841093566499501,0.3288441778597954,0.046147482479857276,0.04614748247985729,0.21460029082993878,0.2146002908299388,0.4173013514841257,0.41730135148412567,0.4735050473314,0.47350504733139986,0.5645165135787201,0.4733536841949356,0.7638328165091967,0.8922830749239206,0.990309187296968,0.37677317342456024,0.9251018494159662,0.9572719559161418,0.5285063786450804,0.9586993398343393,0.8426984993104472,0.5419950096026842,0.929297666438599,0.5772479323194879,0.6992590814102337,0.15085341540664177,0.6394970253689888,0.24959353472554024,0.048214817139552224,0.38629409056396574,0.38821544096035554,0.7529397438574983,0.422418870515895,0.38629409056396574,0.38821544096035554,0.7529397438574985,0.422418870515895,0.7045455941155413,0.7349933936061365,0.819444533360825,0.8606231223053238,0.7045455941155412,0.8194445333608251,0.7615658447533835,0.9248120722256707,0.43040772461778165,0.4711035977454602,0.4191586728740809,0.7111961737125467,0.7707203214319497,-0.23680460343066978,SELL,0.0,1.0
0.9121406206492655,0.8955696452635254,0.7879282642430891,0.806557402166107,0.379240661944204,0.0,0.0,AVH,2021-02-12 00:00:00+11:00,"Pharmaceuticals, Biotechnology & Life Sciences",0.19265779677357384,0.2309448665272198,0.0,0.0,0.9129283349032677,0.25699612607253997,0.9517235435853157,0.2767685004060565,0.9208971387328004,0.3264725397956445,0.7843815887415693,0.44965295742865563,0.7718551747553845,0.32748461832155706,0.6824347021343586,0.2671787883311873,0.300686120937659,0.300686120937659,0.35272108279998904,0.35272108279998904,0.5397402950234997,0.5397402950234997,0.5495919432549319,0.5495919432549318,0.09482734169306056,0.35401778317324384,0.6736923942440443,0.8159289774723447,0.9673242144011845,0.23545662068176235,0.9462186734381954,0.9189108491338716,0.07982607217699866,0.9397913966388685,0.8777564914751264,0.26518839880812706,0.9311586616685155,0.5782658341785103,0.5904584353368789,0.30800353213957515,0.6912497623541086,0.6871046348686993,0.22771782318495154,0.2683433799119698,0.33031444820714645,0.5680544626877758,0.36391770540879803,0.2683433799119699,0.33031444820714645,0.5680544626877759,0.36391770540879814,0.11363642110639934,0.5364162626213382,0.4292683085680419,0.7197746428083134,0.11363642110639927,0.4292683085680419,0.8469750880621374,1.0,0.22153532948407964,0.3658499243069536,0.38935394994235484,0.6160385148214023,0.9546165951342536,-0.13964685118708342,SELL,0.0,1.0
0.7923323137574794,0.8196202757872938,0.8123981008501275,0.8426229421056364,0.16802737811389737,0.0,0.0,AVH,2021-02-15 00:00:00+11:00,"Pharmaceuticals, Biotechnology & Life Sciences",0.5141711678858307,0.5697476527670204,0.6598636829857396,0.379692774684816,0.8937262027394466,0.36267023919377106,0.9503342859518791,0.3293170114467441,0.9244339069064651,0.3649473191126713,0.7863956863984154,0.4820706504757709,0.7699545384148646,0.3547012556163128,0.680968565010467,0.2856921648935598,0.3480313275254723,0.34803132752547233,0.36870643595837593,0.368706435958376,0.48235302639078825,0.4823530263907882,0.5550494953419824,0.5550494953419826,0.22222210448460245,0.3425498130438055,0.6748016840266133,0.7691711635886564,0.9381845016901513,0.18176841247139103,0.9488322811801297,0.9130695317350619,0.2259176746789479,0.9327224217483381,0.8934856060504854,0.3232945436512957,0.9341644150100157,0.5788732209266751,0.618862250644998,0.354458582436634,0.6651798921435427,0.26823911935616657,0.10443967701153702,0.31917411501602394,0.3753904876905042,0.5094186047756641,0.3759325378205516,0.3191741150160239,0.37539048769050415,0.5094186047756641,0.37593253782055164,0.2803029071529538,0.3739440310048657,0.47222211920185947,0.5839487388467091,0.2803029071529538,0.4722221192018595,0.8434163731262084,0.9986329799534472,0.265911036012136,0.3378123528694238,0.28795632988533887,0.5711830422760877,0.9506416343828388,-0.18759691068654938,SELL,0.0,1.0
0.8178913948526647,0.8164557218694891,0.8123981008501275,0.8344262675680296,0.12788355907486276,0.0,0.0,AVH,2021-02-16 00:00:00+11:00,"Pharmaceuticals, Biotechnology & Life Sciences",0.41971297156167453,0.47546073166024067,0.5170068645075571,0.28996711848539003,0.8738619449626517,0.38404190308869834,0.9411305048489105,0.3291739642353313,0.9274530995508121,0.35227395994034594,0.7884830256844839,0.4723539214087903,0.7680710253141106,0.35015462439061973,0.6794046853495063,0.28254911349730066,0.3470125716007025,0.3470125716007025,0.31468487918284904,0.3146848791828491,0.4834951266718739,0.48349512667187394,0.5544297325344507,0.5544297325344506,0.22727264517261703,0.2939597989638871,0.6022483275238035,0.7263290382367199,0.9050213908700762,0.1466720409145884,0.9530138223834761,0.889308913252524,0.25711174274627224,0.9252492385030437,0.9086004650690138,0.2796385230641374,0.9369854811491187,0.5798777588738491,0.610193127867786,0.37570439969246544,0.6554271366104508,0.1936260926277257,0.08054691302542073,0.31533378068298895,0.31517629574554695,0.4997368851172387,0.3785442587019602,0.3153337806829889,0.31517629574554695,0.4997368851172388,0.3785442587019603,0.24615394208556804,0.21789926548502753,0.33333333333333337,0.4190011791732142,0.24615394208556807,0.33333333333333326,0.8523131180428026,0.9507861049722901,0.29424184566733363,0.31863706661653773,0.21170840029191532,0.5097240728342417,0.9467461728464523,-0.19843749406281863,SELL,0.0,1.0
0.8115016245788684,0.8117088532683235,0.7977161833284112,0.803278716717059,0.12063486987690196,0.0,0.0,AVH,2021-02-17 00:00:00+11:00,"Pharmaceuticals, Biotechnology & Life Sciences",0.37159953258546685,0.4258492907167507,0.41496600184117494,0.2268806631797762,0.8450587703969643,0.3765207415106726,0.9244594960534656,0.3054044208814306,0.9272805743743731,0.3162240139384205,0.7900576840430558,0.44142764865530315,0.7667868117249855,0.32863246526961476,0.6777821604148759,0.2681182198594219,0.3331085260226047,0.3331085260226047,0.29140671163503373,0.2914067116350338,0.4857893290928802,0.48578932909288014,0.5599185943979361,0.559918594397936,0.21126746374609426,0.3188503548241813,0.5711933249478116,0.6767736158072125,0.867095871191179,0.10512922902157451,0.9494847225305689,0.8588994484488095,0.23579654847221332,0.9257154547125175,0.9076908048369741,0.20116266678612238,0.9387149939948343,0.5811441646221776,0.5830204531502872,0.412335071749875,0.6435063549989103,0.16773794099732345,0.07723935577449428,0.2708775288799785,0.26135184217634844,0.44079302653110425,0.3651261623604137,0.2708775288799785,0.26135184217634844,0.4407930265311043,0.36512616236041373,0.10000007335955204,0.2132572073731913,0.1119403569303647,0.3113252580344635,0.10000007335955197,0.11194035693036464,0.8078291389204612,0.9658237166016408,0.296596464564419,0.28261362096369785,0.22685611793709645,0.4639947553157999,0.9429286205407936,-0.18357485659948003,SELL,0.0,1.0
0.8051118543050719,0.7990506375971044,0.8042414627186258,0.8344262675680296,0.11226141470909642,0.0,0.0,AVH,2021-02-18 00:00:00+11:00,"Pharmaceuticals, Biotechnology & Life Sciences",0.5038246104652819,0.5596130690573226,0.5714285714285714,0.32369195826759084,0.8248634340269863,0.48292723183622455,0.9105669942443142,0.3684002966026556,0.9238300667322656,0.3560161161766995,0.7927309423934901,0.46844005450611226,0.7658621780061338,0.35173298907950046,0.6759576344026842,0.2845042345892999,0.36912821406198976,0.36912821406198976,0.3135286209805114,0.31352862098051143,0.4176952197037064,0.41769521970370643,0.5616473977416079,0.5616473977416078,0.31012654598658385,0.43163885185082185,0.5725886698937578,0.6503971758545094,0.8306903199533413,0.1183880156780952,0.9320651323240696,0.8500261022957889,0.3549388870511385,0.9274269741078418,0.8984273013508572,0.29787482957639333,0.941796788619321,0.5831083021585173,0.6067528046426551,0.4315950045193033,0.5954080321992794,0.1496697631098128,0.0770234786381144,0.31377369526303,0.2827084393654072,0.3871084417261423,0.3963259561213876,0.3137736952630299,0.2827084393654071,0.38710844172614234,0.39632595612138766,0.24615394208556804,0.20163228527199886,0.24242434094430362,0.23335013065654858,0.24615394208556807,0.24242434094430365,0.7473309001632106,0.9589884859964535,0.3330135146731661,0.2904137548618977,0.30978784360114864,0.453269719773548,0.9391874192812482,-0.16718752433080186,SELL,0.0,1.0
0.8146965097157666,0.8164557218694891,0.8238173008892702,0.8491803130037325,0.07402803232131043,0.0,0.0,AVH,2021-02-19 00:00:00+11:00,"Pharmaceuticals, Biotechnology & Life Sciences",0.4675604140466144,0.5237219316909638,0.5918365493344716,0.3360213917080467,0.8334712722226956,0.4958042285711448,0.8996266431696949,0.4046810678119277,0.9189993535653207,0.37832269608001723,0.795953498993679,0.47937564965108315,0.7647149470692117,0.36320519764215764,0.6741917536641618,0.2928110166794858,0.15909282318925916,0.15909282318925916,0.3211705713011149,0.3211705713011149,0.4052765193410931,0.40527651934109316,0.5610985397801205,0.5610985397801204,0.3144652673438357,0.4737957651915623,0.49810085016229055,0.6351462167415095,0.798058994273149,0.15131083835692222,0.913556657705968,0.8484870388938199,0.4231787278060856,0.9246981123872668,0.8914699290294723,0.3473312398173122,0.9455022730109652,0.5854882173806428,0.6163486001921546,0.27432382378253156,0.5332549372382998,0.14866539009995292,0.05596852320957983,0.4677765406298433,0.303922317431885,0.3672140339993814,0.4124643945850022,0.4677765406298433,0.30392231743188497,0.3672140339993815,0.4124643945850023,0.29921231756754474,0.21969431088761193,0.3106059046159637,0.22563824517772932,0.29921231756754474,0.3106059046159637,0.6797153163805587,0.8892687687807588,0.36206997902384547,0.32602028892221663,0.3816769818343448,0.39865375258103286,0.9355210420468936,-0.16795064933614567,SELL,0.0,1.0
0.8306709354002573,0.833860730692957,0.8026101039773392,0.8016393349075213,0.16104827744256864,0.0,0.0,AVH,2021-02-22 00:00:00+11:00,"Pharmaceuticals, Biotechnology & Life Sciences",0.3387060481378827,0.391281898490992,0.3265305659050465,0.1745785149324307,0.825194496833473,0.4129925584067351,0.885213160432353,0.3536318676504775,0.9127021784553053,0.3290452902068952,0.7981140764166166,0.4327317421458322,0.7630369079467624,0.3300573729761592,0.6721065809900242,0.27044768469501096,0.18242462490953726,0.18242462490953726,0.33699771539374845,0.33699771539374845,0.41960314910323615,0.4196031491032361,0.5747474975356806,0.5747474975356804,0.27624291198479184,0.3126020981220789,0.4124308679500167,0.6009116835203656,0.7640818674851405,0.1395713250297851,0.8982851074804126,0.8360947823930127,0.31274111056613874,0.9265565456530227,0.8760479697991697,0.26119054391437824,0.9473211198632066,0.5879328828966013,0.5754429174580263,0.27072760496151876,0.521856373778732,0.3272103002351467,0.12407927183775629,0.37149706536631855,0.27618861211414636,0.3422060485560015,0.3827914701987353,0.37149706536631855,0.27618861211414636,0.34220604855600156,0.3827914701987354,0.0708658874821984,0.209776509846275,0.0909089923890297,0.2185018692672366,0.07086588748219835,0.09090899238902972,0.6637011415921065,0.8755982423841726,0.35136773077857686,0.31464745257997695,0.293256922415601,0.28072791321032875,0.9319279923572259,-0.1419354297864185,SELL,0.0,1.0
0.7907348331029953,0.7895569758436901,0.7814029848528745,0.7934426603699147,0.12866811942460837,0.0,0.0,AVH,2021-02-23 00:00:00+11:00,"Pharmaceuticals, Biotechnology & Life Sciences",0.41902736851017425,0.4747615157327414,0.4625851575865427,0.25542255348981047,0.8169177214442505,0.41260740483307545,0.8704523736373762,0.3611873708785238,0.9036446005222638,0.3286545158281684,0.7995422550090967,0.42378828355918186,0.7617526943576373,0.3250208712967768,0.6701191508529556,0.26748209838475606,0.18243097284807647,0.18243097284807647,0.3364407233434308,0.3364407233434308,0.4000536321955014,0.40005363219550133,0.5719840704909498,0.5719840704909495,0.46296296296296297,0.22486241295899317,0.42150378686697887,0.5697987322492738,0.7297458925652799,0.13644106870748762,0.8786910427293848,0.8279017633320069,0.32135796787739945,0.9219871715433361,0.8623610096654559,0.26836271594740957,0.9486339871768856,0.5894077757237968,0.5675982231107115,0.27113187634673697,0.5088266552905771,0.2610780612115524,0.10133882206425587,0.37113487042911764,0.2730357020542707,0.3031162139604847,0.3612882089827647,0.37113487042911764,0.27303570205427075,0.30311621396048477,0.3612882089827647,0.06106864671788602,0.14677014533479515,0.06015032202643614,0.15665253394913992,0.06106864671788603,0.06015032202643611,0.6423487671300753,0.8550924201961876,0.32906114169178935,0.29547518640880865,0.2034264074237392,0.2946251106543108,0.9284068036613518,-0.12195121762110983,SELL,0.0,1.0
0.7715655222816065,0.762658229817891,0.7748777054626597,0.7786885367641845,0.07419213934040525,0.0,0.0,AVH,2021-02-24 00:00:00+11:00,"Pharmaceuticals, Biotechnology & Life Sciences",0.4046174283923724,0.46001425563345366,0.48299313549244294,0.26770365131964,0.8119516530533777,0.39133717346259367,0.8527394278272882,0.36296840499521177,0.892344191182189,0.32273206730222426,0.8015563526659428,0.4082247361447464,0.7602630067902075,0.3153603885087607,0.6675517818076107,0.26155569643857524,0.169162091539581,0.169162091539581,0.32843172201043325,0.32843172201043325,0.3904702216387804,0.39047022163878037,0.5611973499144463,0.5611973499144461,0.294736768136012,0.20204499687103017,0.354746350168078,0.5385518966721663,0.6950920530877616,0.1336683148516799,0.8436028381845606,0.8312357696412371,0.2904875124218629,0.9109006426468578,0.8516022293033279,0.257789364274303,0.9497890380632572,0.5923762357796896,0.553940595086131,0.24720068097930026,0.49640744330116815,0.16324925615023106,0.0597003333241256,0.38896649246800297,0.25181120490493947,0.2723086904890736,0.37972000228755126,0.388966492468003,0.2518112049049395,0.2723086904890736,0.3797200022875513,0.02307672274884211,0.052768620755660925,0.021897617136623953,0.05868785534363219,0.023076722748842093,0.02189761713662386,0.6298932224310952,0.830485407496121,0.315480033296544,0.28882090342982825,0.1198197974299473,0.22555906046387764,0.9212548828240339,-0.08745870263624067,SELL,0.0,1.0
0.7603833862164278,0.7452531455455063,0.7797716261115877,0.7786885367641845,0.0,0.0,0.0,AVH,2021-02-25 00:00:00+11:00,"Pharmaceuticals, Biotechnology & Life Sciences",0.4367159267158128,0.4927311798870367,0.5306122912378106,0.29831928591425944,0.8006952334722921,0.4146698373690638,0.8362420710606608,0.3861006417676065,0.8842354996629003,0.3311880124862143,0.8036436919520114,0.40644360889545805,0.7588246873091135,0.3163473658032827,0.6653753829105421,0.2627538429386774,0.12402831485318697,0.12402831485318697,0.3308279397507654,0.33082793975076547,0.37268971493784253,0.3726897149378425,0.5609941764977724,0.5609941764977723,0.31111094627844327,0.21233660061684895,0.31601406484893124,0.5141579904314981,0.6617597201019922,0.14519590461340887,0.7939903446197092,0.8535995513361709,0.25850977900833033,0.9078706294985557,0.8381049912495553,0.28174132351729986,0.9508992549166333,0.5955634263574265,0.5524272449883718,0.18935417159895687,0.4498243507050548,0.0,0.0,0.3543144132779342,0.25982416707888134,0.3142633151336727,0.3820199284489117,0.3543144132779342,0.25982416707888134,0.3142633151336727,0.38201992844891175,0.024390026427632987,0.036947401480668496,0.02222202599292515,0.03538095048776371,0.024390026427632994,0.02222202599292511,0.5907473581358758,0.8031442895167371,0.3140283057582378,0.2958477882814794,0.12777990488630456,0.17677541469725344,0.9105805303281898,-0.09900988618778206,SELL,0.0,1.0
0.7460063650143509,0.7341771691087311,0.7194127528583685,0.7639344131584545,0.24602373578192552,0.0,0.0,AVH,2021-02-26 00:00:00+11:00,"Pharmaceuticals, Biotechnology & Life Sciences",0.4041407172085062,0.459524706621662,0.5306122912378106,0.29831928591425944,0.7834795412941771,0.41891761099707825,0.8317270023832954,0.36945883744898533,0.8785421606137596,0.3193005756537812,0.8064634300685372,0.39029755079148143,0.7570610336207967,0.30683359589658366,0.6631403384290891,0.2566009179562162,0.09202573448379398,0.09202573448379398,0.15749934815330366,0.1574993481533037,0.3498597406006392,0.3498597406006391,0.5440410707689132,0.5440410707689133,0.3499997913836687,0.21233653706351535,0.35113449937985464,0.4888094464514947,0.629265077953332,0.15250313796991916,0.7979580917355111,0.8397636680210272,0.22767168786142822,0.9104662666936989,0.8230880819474709,0.27412510091760717,0.951281208583989,0.6012950012229952,0.5380790797519195,0.27798080345991316,0.453891550007651,0.48832359254700913,0.21383767073507418,0.3220212909231402,0.3477504857512886,0.3477967477571432,0.40742121751199134,0.32202129092314025,0.3477504857512886,0.3477967477571432,0.4074212175119914,0.18543031718518244,0.07928235156491596,0.16568030975792192,0.07118945263233063,0.18543031718518233,0.16568030975792192,0.6138789627961861,0.7771702567701178,0.25838865587980114,0.27388862041936796,0.11486066734710632,0.17855977400595874,0.900546638982096,-0.11222774254658363,SELL,0.0,1.0
0.7140575136453695,0.6993670760128785,0.6900489956024023,0.7000000078170028,0.2667383052652593,0.0,0.0,AVH,2021-03-01 00:00:00+11:00,"Pharmaceuticals, Biotechnology & Life Sciences",0.2934289450583958,0.34280252530829536,0.4013605751109214,0.21003517180057632,0.7629531421177123,0.32014464337137616,0.8166189032501046,0.28962829693688263,0.8703472044495892,0.24981093604663251,0.8088437288867885,0.3288579714309132,0.7546295890947493,0.26189421650742273,0.6606511635998283,0.22585491243263467,0.14955946465160228,0.14955946465160228,0.1831002659809535,0.18310026598095347,0.38602933555580643,0.3860293355558064,0.5540907283655725,0.5540907283655724,0.08999971866594252,0.17105046690980025,0.34844216836838604,0.44099611366579927,0.5922749183455959,0.11328843765745239,0.8088608057481992,0.7961668387258569,0.0954164560125737,0.920124096613985,0.794526785661414,0.19629128095978687,0.949981651452807,0.6082026273602272,0.48216638031718057,0.3324411824039764,0.46728267573044235,0.4512464862808966,0.2261328544748952,0.2982463629668898,0.26042137361629625,0.30345491503925964,0.39810430236190514,0.2982463629668898,0.2604213736162963,0.3034549150392597,0.39810430236190514,0.04347808059082802,0.0862273408260442,0.03743299417544651,0.0764609265893522,0.04347808059082803,0.03743299417544643,0.6387899673476894,0.7676007905131897,0.19682348838919578,0.24288631255959206,0.10385522001132366,0.17891230913507583,0.8837141756373252,-0.04838709401759067,HOLD,0.0,0.5
0.6900958370325982,0.7151898456019025,0.6949429162513301,0.7295082550284628,0.2466330857959934,0.0,0.0,AVH,2021-03-02 00:00:00+11:00,"Pharmaceuticals, Biotechnology & Life Sciences",0.5074706831492852,0.5631897266657901,0.625850602728546,0.3651071319606401,0.7500413769307999,0.41447481412459375,0.8055049001466676,0.35223091148846497,0.8602544754579127,0.29628233624682565,0.8123592467653371,0.3534899088715415,0.752660462244609,0.28469838510776413,0.6584747643920448,0.24183133635492787,0.21127374053320427,0.21127374053320427,0.21992595012835295,0.21992595012835298,0.3529100178043426,0.35291001780434256,0.5533550574680106,0.5533550574680105,0.16513787153921258,0.2038089346907993,0.40488987039959934,0.4179379751679815,0.5573806826229905,0.1315713222822706,0.8021207863916562,0.7808839124880835,0.27498474700777353,0.9173074265566405,0.7766071568405888,0.2748975936520941,0.9480510144114098,0.6184190638736682,0.5038815681585977,0.39322664062608176,0.4930240613566914,0.3581892733754907,0.1996377292914943,0.34200683710151136,0.29312519646189195,0.28091596834430965,0.4372259814531573,0.3420068371015113,0.2931251964618919,0.28091596834430965,0.4372259814531574,0.16233766635888994,0.1331871993482507,0.13368984775379086,0.11428425833018652,0.1623376663588899,0.1336898477537909,0.6619216568544567,0.736158547207936,0.27019265459771036,0.27935170737680776,0.18301225870256443,0.2737448447627004,0.8615399441150398,-0.06423617147460892,SELL,0.0,1.0
0.7348243051212424,0.8449367071297321,0.7536705085507289,0.8459016275546845,0.3356885688468917,0.0,0.0,AVH,2021-03-03 00:00:00+11:00,"Pharmaceuticals, Biotechnology & Life Sciences",0.7070819863356976,0.7506940819915493,0.9183671152395181,0.5573356769534121,0.7636152835173822,0.6460705937886551,0.8100199605434535,0.5317118642387377,0.8542160860558938,0.44688014136042353,0.8182916825305715,0.4561053692446365,0.7512050195237491,0.37076664280482063,0.656695851335961,0.301496668249353,0.4377543133539561,0.43775431335395615,0.422814258575838,0.422814258575838,0.496156007956289,0.49615600795628884,0.6334175301895288,0.6334175301895287,0.5894039818751324,0.3906106504486634,0.4692435604904197,0.45341446703790494,0.5376229427061452,0.2636079904094181,0.8138507937949437,0.7768653482021185,0.7152720995431421,0.9036176373525018,0.7799672261859156,0.4859333915567728,0.9489013504759287,0.6304180650712516,0.6005401555446571,0.5279715634615105,0.5353081050000696,0.3711090544904776,0.2529439376613104,0.49878382305507624,0.42612767304549665,0.3496487230560252,0.514156178278621,0.49878382305507624,0.4261276730454966,0.34964872305602523,0.514156178278621,0.6399997075398763,0.2879307982254741,0.5133687807808605,0.2322621300982078,0.6399997075398763,0.5133687807808605,0.782918049522501,0.7935748232598092,0.5315995336271682,0.4007707736788375,0.3212974949581612,0.33052166647343156,0.6619718604144684,-0.17156100350420045,SELL,0.0,1.0
0.7907348331029953,0.7784809994069148,0.7765089864164803,0.8081967058056176,0.19469265908665448,0.0,0.0,AVH,2021-03-04 00:00:00+11:00,"Pharmaceuticals, Biotechnology & Life Sciences",0.3587436532442537,0.41240321372610833,0.5238094156832037,0.29402951039793707,0.7695745561144118,0.5477272690161419,0.8072414535571597,0.4757707650547869,0.845934869360166,0.40965993388991073,0.8238212980659663,0.4166428451918266,0.7491674005310259,0.3446631331469129,0.6548973896481775,0.2835201080155911,0.4613758198120971,0.46137581981209713,0.4291317049266331,0.4291317049266331,0.503183144118362,0.5031831441183618,0.6378800788770458,0.6378800788770457,0.5266271221016272,0.4847575678259055,0.38834420340981923,0.4653958254184197,0.5245718065011497,0.32211014440366165,0.8072039881016979,0.7786880943201432,0.5871728627856896,0.8860848118156426,0.7831187817221441,0.4282317117192497,0.9472630920112901,0.6447035343220011,0.5638283635934888,0.6282935731148201,0.5497283185799673,0.1827458304691929,0.14332425542252508,0.4533865483860493,0.36343833014647,0.31518266655761995,0.5056711895671517,0.45338654838604914,0.36343833014647,0.31518266655761995,0.5056711895671518,0.6186437698589572,0.48372754696520165,0.39037411064764693,0.35202233284037004,0.6186437698589571,0.39037411064764693,0.6992881212584834,0.7990429686322319,0.4665091135828671,0.37179740010557627,0.35363913778599165,0.26454648698062533,0.6656651305520792,-0.1570512144523235,SELL,0.0,1.0
0.7348243051212424,0.7420885916277015,0.7389885910290126,0.7704918622265777,0.2244897415347759,0.0,0.0,AVH,2021-03-05 00:00:00+11:00,"Pharmaceuticals, Biotechnology & Life Sciences",0.3558698424827465,0.4093862960655924,0.6054423004436855,0.34830499267066833,0.7708988547004478,0.46072739614121483,0.7989059574400166,0.42790344952808046,0.8363597158978071,0.37334345050655915,0.8288016153516062,0.378014614369503,0.7465304820266744,0.31887507684507344,0.6530793796394089,0.2654816942563383,0.4765320609691596,0.4765320609691596,0.43725049223631474,0.43725049223631474,0.5105378853438192,0.5105378853438192,0.6452836027673805,0.6452836027673804,0.4863388718550561,0.3930894404394865,0.3535969622321522,0.45883281096089285,0.5126217639311744,0.33171505803292856,0.7885394342488119,0.7827052330234604,0.46597240915993643,0.8693068317095831,0.7826639535596767,0.3657149041790796,0.9436933843787663,0.660241627960692,0.5256961606683385,0.6171974506987441,0.5810973443941073,0.21429229498239022,0.157376183951133,0.42587257172532744,0.3175380406302364,0.29339975684434516,0.49030720073284184,0.42587257172532755,0.3175380406302364,0.29339975684434516,0.49030720073284195,0.4237288752015951,0.5727098172839898,0.274725320790942,0.3998785787025501,0.4237288752015951,0.2747253207909419,0.7224197259187938,0.8291181267047213,0.3759889969965031,0.32708444121546654,0.34642892478614656,0.20027685696868297,0.6692845352869378,-0.13477543906306977,SELL,0.0,1.0
0.7028753775801908,0.6962025220950738,0.6721044383855785,0.691803333279396,0.2648045516491867,0.0,0.0,AVH,2021-03-08 00:00:00+11:00,"Pharmaceuticals, Biotechnology & Life Sciences",0.26153639625210723,0.30800727642322157,0.4149663262201352,0.21835838099331759,0.769243509094621,0.28886024586713166,0.787270989969548,0.31726753400499264,0.8234203153248982,0.28788534706365376,0.8323903731132007,0.30349021976558976,0.7433113872504594,0.26315299456077623,0.6506227854486946,0.22689977846831472,0.49930697564697535,0.49930697564697535,0.4759754161600632,0.4759754161600631,0.5505837771213269,0.5505837771213267,0.681277640493722,0.6812776404937221,0.38528141655760656,0.32924086439609723,0.3111817978540382,0.41947736456014545,0.49401213427761753,0.2736230332405005,0.7911504140765235,0.7557108745365051,0.20949724423294752,0.8590048410168178,0.7675383609198705,0.23034229595783826,0.9384840817399012,0.6748024210468195,0.44719433027027344,0.6162010184251863,0.6201307168327483,0.2531618135297388,0.17523671238236857,0.40714042882479956,0.28556467362475957,0.23792049127538006,0.446057020144374,0.40714042882479956,0.28556467362475957,0.23792049127538006,0.4460570201443741,0.10077528549239537,0.3891481225446898,0.06989252962863361,0.24939793683177494,0.10077528549239534,0.06989252962863357,0.7864766796119733,0.8824332774307246,0.2473264959555584,0.24954639721172275,0.32931316559255275,0.18630432266324842,0.8466353672950084,-0.07414110464626489,SELL,0.0,1.0
0.6932907221694964,0.6867088603416595,0.680260998729614,0.6868852660208102,0.12267499326583849,0.0,0.0,AVH,2021-03-09 00:00:00+11:00,"Pharmaceuticals, Biotechnology & Life Sciences",0.4248167822822801,0.4806589675734366,0.43537430412603545,0.2317685026519515,0.7606356551122155,0.2954668661500097,0.7759833265567142,0.32540480190752685,0.8104809147519891,0.2955427591277586,0.8351002505320695,0.29702926433898547,0.7402806432127834,0.2614824989724357,0.6481466426262805,0.22568726952804335,0.4863673037248807,0.4863673037248806,0.47613558549195445,0.47613558549195434,0.5504760406951755,0.5504760406951754,0.6724332144244343,0.6724332144244342,0.3955555800449754,0.350895301314037,0.3170600863588756,0.387886942782656,0.4718603650190365,0.24272471189252864,0.7902532691086275,0.7334237502570659,0.2560073196565195,0.8461098746660367,0.755454291185494,0.24319496499138218,0.934813021719342,0.6854624199946264,0.43779818612827603,0.5523273982601798,0.6276526614021339,0.1300076691970449,0.08031403334671917,0.36386673779393525,0.28778974339970287,0.23703775022269197,0.4116604555641222,0.3638667377939353,0.2877897433997029,0.23703775022269202,0.4116604555641223,0.07751930820906612,0.20493962014010286,0.05555551140395981,0.13578707809118085,0.07751930820906605,0.055555511403959756,0.77402121975945,0.8824332774307246,0.28437595902799684,0.26402705967390994,0.3312694595825933,0.18450477675242122,0.8425978087952426,-0.07636365023526281,SELL,0.0,1.0
0.6948882028239804,0.6962025220950738,0.7047308353366522,0.7180328168717809,0.09146889994335088,0.0,0.0,AVH,2021-03-10 00:00:00+11:00,"Pharmaceuticals, Biotechnology & Life Sciences",0.5124877319238486,0.5681018552303853,0.5578231446983178,0.31730014064894385,0.734812124738391,0.4220622918010628,0.76955804415946,0.3864913132079737,0.7984904047061578,0.3493995807335579,0.8372608297011837,0.32368830668682635,0.7380546734815218,0.28598997770594814,0.6459246301516741,0.24275204196063854,0.25807535918683444,0.25807535918683444,0.4925257735902171,0.4925257735902171,0.5623598149865967,0.5623598149865967,0.652492954090933,0.6524929540909329,0.5268293046015258,0.350895301314037,0.3571045896111775,0.3788778016108865,0.4520673409342824,0.2633002042462206,0.7854069089402098,0.7256685851737632,0.3871019691603136,0.8223878285563089,0.7580656081028718,0.31532582711159446,0.9330377019519476,0.6924924244303889,0.4652608720605995,0.42648491351418716,0.6364065159025675,0.1232951958964271,0.05914840411260037,0.2736584636767283,0.3296354580659505,0.25437300644535166,0.3888284294726626,0.2736584636767283,0.32963545806595057,0.25437300644535166,0.3888284294726627,0.22480617862690117,0.13722275530168665,0.16860464955098292,0.09977814484513643,0.2248061786269011,0.16860464955098298,0.7846973645672373,0.8728639415462203,0.35115276022279185,0.30721583848398953,0.3210031470761941,0.21638454964562542,0.8386410014654719,-0.0966608409848656,SELL,0.0,1.0
0.706070262717089,0.7167721602852632,0.706362194077939,0.7377049295660696,0.09779690213026011,0.0,0.0,AVH,2021-03-11 00:00:00+11:00,"Pharmaceuticals, Biotechnology & Life Sciences",0.4829737457713089,0.5390476845600279,0.591836873713432,0.3405036859055005,0.7205760767521387,0.5006770625775498,0.7652166357914916,0.425912287830035,0.7881388817798358,0.3873759404757373,0.8400439470030983,0.3393868155056785,0.7360513001518495,0.3019341357051043,0.6435201652312059,0.2541299950337715,0.2825310443940115,0.2825310443940115,0.4982497240608518,0.49824972406085166,0.5692217943721463,0.5692217943721463,0.6531934165957289,0.6531934165957288,0.5125627466405134,0.3576948163932654,0.36451957217149533,0.3825285284449731,0.43707238874174215,0.3051541071714501,0.7796503510362129,0.7232515907639441,0.46888961037578636,0.7953262260760443,0.768040727966018,0.3664605600358608,0.9308092861487907,0.7014734678022905,0.4812129183267655,0.37655608152665154,0.6411909652828334,0.14776699751141673,0.06281881599598763,0.3354334195044391,0.3481999822629789,0.27864462636783816,0.408809232412067,0.33543341950443906,0.3481999822629788,0.27864462636783816,0.408809232412067,0.3178293484777805,0.21111186347739117,0.24848474164530776,0.16037816711817976,0.31782934847778055,0.24848474164530765,0.8007115393556895,0.8824333426169364,0.39520439375436983,0.3382342813947381,0.3256916687756796,0.2256094791365159,0.834763330282297,-0.1342512462397778,SELL,0.0,1.0
0.725239649710548,0.719936714203068,0.7308320306849774,0.7377049295660696,0.06671760868314887,0.0,0.0,AVH,2021-03-12 00:00:00+11:00,"Pharmaceuticals, Biotechnology & Life Sciences",0.4367159267158128,0.4927311798870367,0.51020398895295,0.2845466813926767,0.7139546469687428,0.5164426731233278,0.7624381370857771,0.43026421122042957,0.7845158489612891,0.39174048813672746,0.8432665053494639,0.33692984838824513,0.7336883469519039,0.30356441594826733,0.6411157003107378,0.255469988490928,0.2708409466496297,0.2708409466496297,0.4967028096147793,0.4967028096147792,0.47864388726287,0.47864388726286994,0.6489840014712724,0.6489840014712723,0.24218750582076723,0.40355867702834186,0.37199545077086194,0.3872540613381384,0.42616304054637055,0.34079310486256803,0.7763848888165141,0.7212284560219832,0.47800160653623336,0.7927131846570126,0.7634870763353505,0.37645989673589897,0.9275189786265281,0.7127784182919179,0.4767301150681521,0.29525862784135676,0.5759326615876137,0.12552471189973347,0.04714193227943012,0.3780539221409747,0.3617502553841429,0.37881422157330036,0.42488403572648364,0.37805392214097466,0.36175025538414285,0.3788142215733004,0.4248840357264837,0.3178293484777805,0.29291772473103894,0.2546582691997281,0.22793784075009269,0.31782934847778055,0.2546582691997281,0.750889445406226,0.8673957309875857,0.4290628395986023,0.3618714434834637,0.3741738854449287,0.2505441504577175,0.8309632125227853,-0.1204818960687033,SELL,0.0,1.0
0.7220447645736499,0.7167721602852632,0.7292006719436905,0.7311475586679734,0.05555166939475155,0.0,0.0,AVH,2021-03-15 00:00:00+11:00,"Pharmaceuticals, Biotechnology & Life Sciences",0.4216151237516768,0.4773994990295977,0.4965985622226965,0.2752861374461778,0.7219003437647824,0.48219173625127976,0.7657376084391025,0.41416855487838533,0.7786499888490341,0.39015066591991054,0.8463059631151268,0.3287288374645897,0.7315308677302629,0.300172579386046,0.6384896856810084,0.25356492650786455,0.10107515134963718,0.10107515134963718,0.4531330056663422,0.45313300566634207,0.46544887565532,0.46544887565531995,0.6496466840751316,0.6496466840751313,0.2844037018323239,0.40531081291153864,0.4676107866047928,0.3898337297834926,0.41802874434070825,0.36500006949313957,0.7756278639867811,0.7289024567662765,0.4416385970812327,0.7844224438020944,0.7608769441531194,0.3705548967382708,0.9240233505897293,0.7239414871699297,0.46517666942995395,0.18743396833958895,0.5524464775082654,0.15488506093483945,0.04071797978008065,0.46976938064061546,0.4187984828990485,0.3421218510663724,0.41886670105118823,0.46976938064061546,0.41879848289904836,0.3421218510663724,0.4188667010511883,0.28682162519415405,0.31402889849552595,0.28682162519415405,0.2680512996525399,0.286821625194154,0.286821625194154,0.7259784408547227,0.7621325799545554,0.4282616166445483,0.3627779099900591,0.38872002193623845,0.2910734576901839,0.8272390971184638,-0.0901213141499898,SELL,0.0,1.0
0.7188498794367517,0.7088607377662929,0.711256114726867,0.7262294914093876,0.0767252499856212,0.0,0.0,AVH,2021-03-16 00:00:00+11:00,"Pharmaceuticals, Biotechnology & Life Sciences",0.4253117202285521,0.4811624152992932,0.4897956866680896,0.27058411009958927,0.7298460405608218,0.45231886754550343,0.7653902878203089,0.40650631426163786,0.7729566497998932,0.39052461318233234,0.8487961208848587,0.3224502262498704,0.7298014597049968,0.29769587186412627,0.63610476939224,0.25236044760581905,0.1007936550775834,0.1007936550775834,0.44482509204107723,0.44482509204107723,0.46536521948512655,0.4653652194851264,0.6478019188938464,0.6478019188938463,0.3483144080845834,0.4160944345476315,0.41748175162989687,0.39143627416484017,0.41188980474832587,0.3824056990604985,0.7755615054471863,0.7282607611938883,0.42488977850818993,0.7765111913589082,0.7581844642767459,0.368769699414353,0.9212214577584981,0.7330080413767233,0.45575007984677873,0.1637568014112081,0.5417640512480467,0.23923659008730666,0.05720937553594887,0.470052534060907,0.38362079602382815,0.3443433257213805,0.3995631417307929,0.470052534060907,0.3836207960238282,0.3443433257213805,0.3995631417307929,0.2635656479108248,0.2955565585353392,0.2635656479108248,0.27316856229948383,0.2635656479108247,0.2635656479108247,0.7348752706177738,0.7470949683252048,0.4053968158916871,0.3517556105027836,0.3890837840314272,0.3050584783409217,0.823589464022229,-0.07665498221746236,SELL,0.0,1.0
0.7092651478539871,0.7025316299306833,0.6998369146877244,0.709836064164147,0.0955742402167012,0.0,0.0,AVH,2021-03-17 00:00:00+11:00,"Pharmaceuticals, Biotechnology & Life Sciences",0.39850352782382453,0.4537275040025088,0.4625851575865427,0.2516111694781191,0.7281906791682988,0.41797408569056893,0.7509768133635466,0.4013327938751483,0.768039676101391,0.3745302493251028,0.851139798888499,0.30603211048311774,0.728140543005832,0.2865831251457076,0.6333940445430031,0.24538703528812522,0.07447703773268016,0.07447703773268016,0.22876305411801054,0.22876305411801057,0.46115911559781775,0.4611591155978177,0.6489236995708991,0.6489236995708988,0.6078427522654429,0.3983766635588482,0.4101667192642422,0.3871203510835248,0.40598622732174416,0.38445877901865466,0.7359278719246205,0.7435776519476205,0.3837200437651596,0.7731086795362978,0.7518358804125891,0.3366747724263415,0.9179127136431935,0.7423981645831694,0.43305479914507444,0.16587221751608477,0.5365311119045522,0.29489143780230415,0.07187225577257954,0.4073475281318694,0.2666083028531137,0.35528771694286293,0.39589669205649136,0.40734752813186936,0.26660830285311377,0.3552877169428629,0.3958966920564915,0.18604633970175868,0.2506952513695436,0.18604633970175868,0.2498871190113228,0.18604633970175866,0.18604633970175866,0.7740211349129933,0.7429937778131231,0.3768218935443979,0.3380887303460373,0.37251042903713766,0.3114081713446466,0.8200128235879187,-0.07624110612019663,SELL,0.0,1.0
0.6932907221694964,0.6882910995761035,0.6916802765562229,0.6950820187284441,0.06758833076957753,0.0,0.0,AVH,2021-03-18 00:00:00+11:00,"Pharmaceuticals, Biotechnology & Life Sciences",0.40171508867825856,0.45703208186417704,0.4693880331411496,0.25553675286676375,0.7195828409725893,0.4029510113713113,0.7389945335548636,0.39499012374944464,0.7607073499327408,0.3635094322793124,0.8535200977067501,0.2911202600992858,0.7262741531448439,0.27679960504968526,0.6306246744200966,0.23925385081570827,0.030078992754460347,0.030078992754460354,0.2193976330231691,0.21939763302316906,0.4507557964229052,0.45075579642290514,0.6479597670691266,0.6479597670691267,0.5438598399164782,0.39837674504793896,0.4249988575433046,0.3789501780522048,0.3993846733909943,0.3783702831591087,0.7051174117699777,0.7538792692422305,0.31413326605164404,0.7641642714998602,0.7469087254153051,0.31042452516246166,0.9137259497554655,0.7529892065973738,0.410489420873585,0.15030622441764843,0.5272028730808646,0.2259368289541221,0.051612096593362806,0.3643314765562339,0.2832092703937026,0.31568546203277115,0.3985676565550136,0.3643314765562338,0.2832092703937026,0.31568546203277115,0.39856765655501364,0.11627914713420859,0.1926395235172044,0.11627914713420859,0.19201853755286705,0.11627914713420862,0.11627914713420862,0.7402133005984389,0.7252220609044554,0.34665980524016304,0.32317841018075133,0.4065831989557329,0.3205000749706941,0.8165077159622947,-0.03243248630446405,HOLD,0.0,0.5
0.6773162964850055,0.6693037760692747,0.6639478002540771,0.6622950860679357,0.8440077287966069,0.0,0.0,AVH,2021-03-19 00:00:00+11:00,"Pharmaceuticals, Biotechnology & Life Sciences",0.3576746019223966,0.41128140595669405,0.4013605751109214,0.20636994651720986,0.7043535729934842,0.3597392931452008,0.727533209832633,0.356435534389703,0.750873406649061,0.33071252635589765,0.8550947560653217,0.26074338364408034,0.7238427086187967,0.25381325798512466,0.6277249808108597,0.22374910881833326,0.061825487780620865,0.061825487780620865,0.21865304576249908,0.2186530457624991,0.4538897678136018,0.45388976781360174,0.656449202625782,0.6564492026257819,0.20689638162762636,0.4331924661914699,0.3528407362093119,0.3597845824047283,0.38969639371502773,0.35144456745510777,0.6935207407523332,0.7434030671740157,0.14902038166971954,0.752404872303126,0.740022977128578,0.23453788285849592,0.9104167202269284,0.7606838958827984,0.3673260059699471,0.5508313767231453,0.687983232633302,0.8967358279006631,0.5089560677933332,0.32315691166267807,0.2839216260068068,0.2743288933849115,0.3725906347833739,0.323156911662678,0.2839216260068069,0.2743288933849115,0.372590634783374,0.0,0.10291703501813462,0.0,0.10258527529889011,0.0,0.0,0.6992881212584834,0.7306902714630898,0.2725835178952418,0.2817958147102777,0.3207963636294471,0.20206535914205148,0.8130727104891831,-0.011214942775529257,HOLD,0.0,0.5
0.6501597347353361,0.6740506446704403,0.6639478002540771,0.688524647830348,0.0883724070147201,0.0,0.0,AVH,2021-03-22 00:00:00+11:00,"Pharmaceuticals, Biotechnology & Life Sciences",0.5023128817770565,0.558128429008748,0.625850602728546,0.3682164358465669,0.6957457347977747,0.4425031068103258,0.7271858974944189,0.4024180188435742,0.7449212860052483,0.37388730416146787,0.8570356155852987,0.2827794968315801,0.7222331616389298,0.27458707496259893,0.6249947079513528,0.23892276412717056,0.14071579387405864,0.14071579387405864,0.12999858972587533,0.12999858972587536,0.4532524807913052,0.45325248079130515,0.6599742909718884,0.6599742909718883,0.25806488827019736,0.42847383883863654,0.3692996611392685,0.3586296913726067,0.3816802083365196,0.36603035816016655,0.6937422894018268,0.7424339266484193,0.3448921630608158,0.745993690594678,0.7350267559207573,0.3285234928244131,0.9067355318945385,0.7696607668952142,0.39232121947521426,0.5677433772669035,0.6728076992631818,0.0912645467199835,0.0543698852671023,0.3639604071914265,0.38348548400021704,0.3364612887553483,0.38351270298176987,0.3639604071914266,0.3834854840002171,0.3364612887553483,0.3835127029817699,0.11940321345506202,0.08023051583171027,0.11940321345506202,0.0799718875744691,0.119403213455062,0.119403213455062,0.68683266140596,0.7416266925803587,0.325489911581494,0.3075889740240749,0.2725336541457045,0.20241608584323195,0.8060271095276808,-0.04718697242860159,HOLD,0.0,0.5
0.6948882028239804,0.721518953437512,0.7128874734681538,0.7180328168717809,0.10028715397346617,0.0,0.0,AVH,2021-03-23 00:00:00+11:00,"Pharmaceuticals, Biotechnology & Life Sciences",0.5083693701293931,0.5640704193752468,0.5578231446983178,0.31730014064894385,0.6940903891919479,0.5176320092137376,0.7304853688477443,0.44811301245259605,0.7409532028338237,0.419548487492188,0.8601116941655729,0.3068350811751325,0.7211372996048243,0.2975400309432712,0.6224468872269926,0.25580934437615616,0.1828934715325054,0.1828934715325054,0.1515316571940661,0.15153165719406608,0.46515069425792777,0.4651506942579277,0.6596945946913306,0.6596945946913303,0.42500008940694595,0.2703657388185411,0.4521649567831174,0.37306592579434544,0.37858680269975875,0.4089720960211034,0.6944712115725147,0.7484178297792216,0.5377305203703816,0.739219312379104,0.7346287013675581,0.42787428300135527,0.9006934852059658,0.7841532501961288,0.41946482858685924,0.5798844490998525,0.6668814367259119,0.1015285593774242,0.06219214824656729,0.4074391840772348,0.4192628078624076,0.3716891868979699,0.42183996014747716,0.4074391840772348,0.41926280786240766,0.3716891868979699,0.42183996014747727,0.3695653526003172,0.16645369717966396,0.2537314282623487,0.1266122824930796,0.3695653526003172,0.2537314282623486,0.5925265883341552,0.7388925221148297,0.4825269722311363,0.4060654526585411,0.17654606007050705,0.24286305964596006,0.7992633326046388,-0.10896307193746313,SELL,0.0,1.0
0.6948882028239804,0.6835443064238547,0.6810766781002573,0.6868852660208102,0.08387289900267789,0.0,0.0,AVH,2021-03-24 00:00:00+11:00,"Pharmaceuticals, Biotechnology & Life Sciences",0.3634742879718273,0.417360504543688,0.42857142857142855,0.2271409675243745,0.6894553993942583,0.4535053617776499,0.7271858974944189,0.39957773746419956,0.7361224937802033,0.3826101247608351,0.8597821138187789,0.279394504013206,0.7198702092554651,0.27493983721505755,0.6200359063031013,0.2408036827548778,0.200995408625914,0.20099540862591403,0.1505925218422024,0.1505925218422024,0.47193530879891554,0.4719353087989155,0.5368715328742839,0.5368715328742838,0.35789478967723154,0.27730520034167744,0.43043602395029246,0.3724125016170673,0.37596182644379794,0.41305823692765187,0.6937422894018268,0.7424339266484193,0.3330362146060103,0.7346590108202724,0.7298195901103592,0.34375783534106974,0.9011014076714705,0.7829059533291269,0.3810376493611721,0.5738549353434689,0.6689028874555428,0.08575019655382418,0.05187194526416447,0.3881674041351461,0.35557086874354904,0.35468751432549933,0.313180639374418,0.3881674041351461,0.35557086874354904,0.3546875143254994,0.3131806393744181,0.21739142453361526,0.24045764929603763,0.1119403569303647,0.16459595516632683,0.21739142453361526,0.11194035693036464,0.5578291389204612,0.7341078541725775,0.3585175509695261,0.32836538572956236,0.18898868966547536,0.24851520873907634,0.7927701067585182,-0.10181817141446203,SELL,0.0,1.0
0.6645367559374129,0.6503164525624461,0.6590538796051493,0.6622950860679357,0.08422487413835487,0.0,0.0,AVH,2021-03-25 00:00:00+11:00,"Pharmaceuticals, Biotechnology & Life Sciences",0.37689606048187796,0.43136536662046393,0.4557822820319357,0.2443054264693225,0.6828339696108625,0.4093918163790171,0.7191977054349107,0.36947629446284247,0.729997843846627,0.35605116056379815,0.8599285935848704,0.2574431543448028,0.718877084210512,0.25705277051482034,0.6179181523689872,0.2290134818746568,0.20955179730635723,0.20955179730635726,0.14510958459353882,0.14510958459353884,0.4762232415715252,0.4762232415715251,0.5258290367285341,0.525829036728534,0.31775710097314874,0.2920337611705521,0.42161507443047364,0.3628782385162901,0.37166948749943574,0.3985137203657488,0.6899095204023171,0.7302987147149713,0.22843412830717347,0.7306694209798967,0.7216200726834094,0.2877349987268943,0.9008280828819031,0.783577710670398,0.349506005386355,0.5824274797438066,0.6864899817766175,0.08491699914200512,0.05088893722597449,0.37475482177660346,0.31264989017266115,0.3307934479177862,0.3267464887323363,0.3747548217766035,0.3126498901726611,0.3307934479177863,0.3267464887323364,0.05084703298017731,0.21711989203155851,0.021897617136623953,0.1315102945884062,0.05084703298017723,0.02189761713662386,0.5133451597981197,0.739576064731212,0.2603440871588286,0.2689519656558398,0.20589941822567415,0.24849326020204465,0.7865366099462426,-0.0841121153806903,SELL,0.0,1.0
0.6693290455567251,0.6550632457146949,0.6606851605589699,0.6639344678774735,0.07082650201780571,0.0,0.0,AVH,2021-03-26 00:00:00+11:00,"Pharmaceuticals, Biotechnology & Life Sciences",0.44081582193566227,0.49687554125240424,0.4421771796806424,0.23483379843382432,0.6831650482040457,0.41261375160732694,0.7113831736847992,0.384793897617395,0.724735823908571,0.36490810651784256,0.8593426745205044,0.2592990731282967,0.7184147673510862,0.25859364738645574,0.6160675617216723,0.2308870446421722,0.1832117655699184,0.1832117655699184,0.1458784673114416,0.1458784673114416,0.4757592661484069,0.47575926614840686,0.5164872961979929,0.5164872961979928,0.35714306567212106,0.41810645747410335,0.4237235154862856,0.3582311276917749,0.36716703556275615,0.3966808906413651,0.6812220408459462,0.7240437755867133,0.2828868883342909,0.7274643060995094,0.7143143629771596,0.31126238715513377,0.901726347461401,0.7811395008477231,0.35359965349021527,0.18401957437878322,0.6499068428105742,0.20053344979168605,0.044948782989617506,0.42009407168425156,0.31426354047265415,0.3452580130190968,0.30578426411371123,0.42009407168425156,0.31426354047265415,0.34525801301909687,0.3057842641137113,0.06779658277291467,0.11439237349933198,0.029197054886397886,0.05532114908201619,0.06779658277291456,0.0291970548863979,0.43327394647003104,0.7614489069657496,0.29872433499648093,0.28852092466065316,0.2710960460904395,0.26434574635309177,0.7772786869076579,-0.09328357976591384,SELL,0.0,1.0
0.6549521005267185,0.6455695839612805,0.6460032430372535,0.6442622770131576,0.05974805686408141,0.0,0.0,AVH,2021-03-29 00:00:00+11:00,"Pharmaceuticals, Biotechnology & Life Sciences",0.3876099505203034,0.44248161877571557,0.4217685530168216,0.21888065719350014,0.6742261156284568,0.3854412025863536,0.7021793843012513,0.3647474056764073,0.7218028917957813,0.3409185545207807,0.8564130757063217,0.2437686800932436,0.7174558871527029,0.24435907188164196,0.6136826454329041,0.22176635875575512,0.1590768592922011,0.15907685929220114,0.15024449533318388,0.1502444953331839,0.444749845322818,0.44474984532281797,0.4618468823593338,0.4618468823593339,0.34653462541888447,0.38953122055886713,0.41941164769854977,0.347930073981629,0.36119639626150757,0.3838737937880565,0.6745165355349549,0.712665931132772,0.21543270119284208,0.7299873547594133,0.7051873335179024,0.27167592476206914,0.9043311768374422,0.7713551785594477,0.33761430559535044,0.16926990510206968,0.6066849673323843,0.18130396460358672,0.04031696681962523,0.3592461655685134,0.3007616991546706,0.3850731752368424,0.2463935899387568,0.3592461655685134,0.30076169915467066,0.3850731752368425,0.24639358993875682,0.0,0.04038842138295828,0.0,0.01733747640876897,0.0,0.0,0.42437711670698,0.7368419594518948,0.2707194885516597,0.2671106189289397,0.28189277342712427,0.28555894442079943,0.7685762392513882,-0.049618275458282346,HOLD,0.0,0.5
0.6246006536401509,0.6107594908654279,0.6150082048274668,0.6262295461284066,0.11324494649200705,0.0,0.0,AVH,2021-03-30 00:00:00+11:00,"Pharmaceuticals, Biotechnology & Life Sciences",0.3906715441631047,0.4456479887488802,0.47619058431679623,0.2571515967488425,0.6556861406510017,0.3846655140037716,0.6915863538454253,0.34947712038883005,0.7163683425679614,0.3221478793613939,0.8530440375938646,0.22991321903128703,0.7160175684880897,0.23164041467743068,0.6112912128299975,0.2134691134131239,0.06902931558994407,0.06902931558994407,0.15239498798815482,0.15239498798815482,0.4356162441097089,0.43561624410970884,0.46403469316586143,0.46403469316586154,0.3804349685209919,0.2713095301923667,0.46248956941105956,0.3340502605157868,0.3532282884768503,0.36644974223591925,0.6683311689726898,0.6978278890391109,0.18177524943364032,0.7321336569057517,0.6912416850997942,0.25147619756148437,0.9074703428877802,0.7599199926556761,0.32582191886355477,0.17594684809637157,0.5788320342024604,0.33282897875976086,0.07966361537452016,0.30013828651288943,0.28724537798188743,0.33831011028601876,0.2351337966026934,0.30013828651288943,0.28724537798188743,0.3383101102860188,0.23513379660269343,0.09302320423608994,0.05474594889247557,0.04878044525545535,0.02645937463919952,0.0930232042360899,0.04878044525545533,0.4137008870527361,0.6999315055880065,0.22585754126758723,0.2278599536279895,0.2233333221887557,0.30462108945479494,0.7566676015787871,0.003898631672583086,HOLD,0.0,0.5
0.6118211130925582,0.6075949369476231,0.6166394857812874,0.6163934897812622,0.05084919275557447,0.0,0.0,AVH,2021-03-31 00:00:00+11:00,"Pharmaceuticals, Biotechnology & Life Sciences",0.41106222425957506,0.46662203285064674,0.48979601104704984,0.2669620260695947,0.6414500926647495,0.3943136625098722,0.6816879480660282,0.3476395940086141,0.7042915719905727,0.32299802848212256,0.8487961208848587,0.22390120524908397,0.714373775028691,0.2252257957706344,0.6091213302470672,0.20937772939342125,0.056885206228639094,0.056885206228639094,0.15136695373678757,0.1513669537367876,0.24378287279128671,0.2437828727912867,0.457557023157138,0.45755702315713787,0.23170733834787582,0.19171858213323556,0.41228213050520934,0.3211923533958386,0.34389718835426786,0.3545602686555167,0.6645793077395383,0.6816563159903353,0.2058571009029111,0.7093791200838686,0.6925367342709794,0.2260607048585513,0.9102650034727808,0.7469859726696031,0.32546138417614,0.15893026106914623,0.5193543914642234,0.16247222799683847,0.03934114683539288,0.32434353216933476,0.292127873611861,0.23501295232486627,0.2155427574557782,0.3243435321693347,0.292127873611861,0.23501295232486635,0.21554275745577822,0.023255801059022484,0.03958346544009339,0.012195111313863837,0.020690264398914273,0.023255801059022474,0.01219511131386386,0.3887898825012327,0.6725904527948344,0.2559608571062546,0.24856090366669947,0.16778555667379136,0.23404481033514152,0.7399992789397388,0.04930966302474071,HOLD,0.0,0.5
0.6150159982294563,0.6313291290556173,0.6247961239127888,0.6590164006188877,0.09278597535641091,0.0,0.0,AVH,2021-04-01 00:00:00+11:00,"Pharmaceuticals, Biotechnology & Life Sciences",0.5491975438786059,0.6037169028531549,0.653061131810093,0.39202573850426087,0.6407879512650796,0.505134293963355,0.6778675040650916,0.43160959430576096,0.6964416702926053,0.3943693599991873,0.8434129833693789,0.2658797542612813,0.7133292810809214,0.2582222228150144,0.606664735745638,0.23345332908405048,0.1802986553536981,0.18029865535369807,0.2179205324491221,0.21792053244912213,0.28335720796811936,0.2833572079681193,0.4171101718855219,0.4171101718855217,0.2999999470180991,0.3228280630103883,0.28988788403466137,0.3327543879304352,0.33909094248328897,0.39403087577683743,0.658002929125683,0.6812474976733504,0.47244650927177123,0.6893710073499535,0.69949875859736,0.361651540796756,0.9073263655147126,0.7388626306223445,0.38116479668424197,0.16334165943963389,0.4980751378346171,0.2899170418025481,0.07444556265483007,0.41338681313940234,0.3497135343177795,0.30311619777293003,0.19833330386627918,0.4133868131394024,0.3497135343177795,0.3031161977729301,0.19833330386627918,0.3255812148263148,0.1504171686723553,0.22950801731466375,0.09856706991052362,0.32558121482631475,0.22950801731466364,0.41192157200799995,0.5823649133911546,0.34876035796092125,0.3072087041770255,0.1768659330071406,0.14422139333842504,0.7249977885645954,-0.05065665755934523,SELL,0.0,1.0
0.6581469856636166,0.6582278750814164,0.6688417986904713,0.6704918387755696,0.06860428423691013,0.0,0.0,AVH,2021-04-06 00:00:00+10:00,"Pharmaceuticals, Biotechnology & Life Sciences",0.4655222940271229,0.5216874464585902,0.5170068645075571,0.2884261282065522,0.6421122340644194,0.5310659636693589,0.678735789050917,0.4510387818641939,0.6911796462412247,0.41803977677556103,0.8373706869064874,0.2805163627518511,0.7119423305026437,0.26785867505751326,0.6043189164095543,0.2409107548601176,0.18432922148967548,0.18432922148967548,0.1991640556192549,0.19916405561925493,0.276169901016715,0.276169901016715,0.40759872927300955,0.40759872927300944,0.4358975142730161,0.3616056943158363,0.3470269111816714,0.34938015227946373,0.3390689603275493,0.43576432904819573,0.6589769293416339,0.6819325751329184,0.5373470545788728,0.676474676411928,0.7035606963663699,0.41346550602666077,0.9009557007178592,0.7336640121115856,0.39962236411628094,0.16219658620106078,0.4655245134635091,0.21559599028815593,0.058349343535586524,0.4267845386492276,0.3956379144974722,0.3459144091624998,0.1880778712347399,0.4267845386492275,0.3956379144974721,0.34591440916249994,0.18807787123473993,0.40697679576391005,0.25729261973503376,0.35353533893978367,0.20197669307687413,0.40697679576391,0.3535353389397836,0.4208184017710509,0.5481886299927953,0.45010108805829396,0.38033068424744193,0.21706882092761734,0.18769592506030935,0.7114964472269664,-0.15925928117152888,SELL,0.0,1.0
0.6549521005267185,0.6424050300434757,0.6557912399100418,0.6573770969793773,0.041850176731490045,0.0,0.0,AVH,2021-04-07 00:00:00+10:00,"Pharmaceuticals, Biotechnology & Life Sciences",0.4042212367868913,0.4596074021716327,0.47619058431679623,0.2586000899264211,0.6447608154497955,0.49072099030745875,0.6754363176975915,0.43279112419203325,0.6893681298319514,0.40141341644706374,0.831474871955864,0.2727990141063037,0.7106067488271831,0.2587777929302212,0.6019209678032245,0.23522246805985658,0.1757214904566759,0.17572149045667587,0.1843184534346817,0.18431845343468173,0.1960670380092989,0.19606703800929887,0.4072536151022539,0.4072536151022539,0.47887342862016774,0.34910147452869633,0.3736437700560641,0.3587808786469115,0.34121302641304263,0.4546589131345749,0.6535255273300691,0.6813199617631662,0.4756722463779492,0.675908223133109,0.7004157821696164,0.3696063874456206,0.8957951280171064,0.7272446539197106,0.3906131736590476,0.15297409516385926,0.4189691500855525,0.13792652639554273,0.03893901243234779,0.4361197402201938,0.3545481939634025,0.4072342492081404,0.18906482110179898,0.4361197402201937,0.3545481939634024,0.40723424920814044,0.189064821101799,0.31395359152782015,0.35625137770969345,0.31395359152782015,0.30436957133036785,0.3139535915278201,0.3139535915278201,0.40658345718087807,0.5044428803375081,0.40938566088737466,0.35173398157817626,0.22253793407582342,0.21084425117231742,0.6993452400231003,-0.13909778648075277,SELL,0.0,1.0
0.6469648495984379,0.6518986917968901,0.6590538796051493,0.6704918387755696,0.05501715573445219,0.0,0.0,AVH,2021-04-08 00:00:00+10:00,"Pharmaceuticals, Biotechnology & Life Sciences",0.4696992581167804,0.5258549576024408,0.5646260202529247,0.3233759084241142,0.6536997322386882,0.5011816761048511,0.6704002846531945,0.4656248166801529,0.6885055039497556,0.42167487444573637,0.8248832772432177,0.2895330404066203,0.7096307470219957,0.2694131233619155,0.5999661186154172,0.24338723952259889,0.15496288574327116,0.1549628857432712,0.1637747099268205,0.16377470992682047,0.1998279018356557,0.19982790183565569,0.3966987841658688,0.3966987841658688,0.5256410099658999,0.40549610081369686,0.5093811670633835,0.37415021889807776,0.34646238514465955,0.48174658916047963,0.6343215317725006,0.6927636077756527,0.622682962021505,0.6753943799610558,0.699204535929633,0.42466212828378874,0.8863181350054596,0.7247975369123243,0.4100686197350434,0.12297024697628925,0.40484143802427003,0.21547748988095847,0.052692565046335724,0.48081192941225104,0.33909444600770045,0.42634071327708944,0.1789180375313788,0.4808119294122511,0.3390944460077004,0.4263407132770895,0.1789180375313788,0.40697679576391005,0.3839598978921848,0.40697679576391005,0.3645883894151677,0.40697679576391,0.40697679576391,0.39412791248189794,0.4415583285407887,0.45874710586756057,0.38022771735836836,0.2634237171475532,0.2672655209427542,0.6884091535396207,-0.15925928117152888,SELL,0.0,1.0
0.6629392752829288,0.6629746682336651,0.6769983590345066,0.691803333279396,0.06790677388917424,0.0,0.0,AVH,2021-04-09 00:00:00+10:00,"Pharmaceuticals, Biotechnology & Life Sciences",0.48951989469212503,0.5455247538500382,0.5850343225377852,0.3376743222540926,0.6689290002177934,0.515960520128222,0.6709212573008055,0.5038799539062546,0.6871253025382427,0.45464853729870414,0.8181452027644802,0.3141351748143759,0.7088602191951131,0.286175699384411,0.5982263028227329,0.2558904700328408,0.13648811548521556,0.13648811548521558,0.15717875945055335,0.15717875945055337,0.18996653920999643,0.1899665392099964,0.3968852614994067,0.3968852614994066,0.6835447010983559,0.4764215812720952,0.5565665193212468,0.3976883128255712,0.3560743436088064,0.519801839229419,0.636409254683997,0.6914647970600621,0.7905709587896442,0.6726112940911304,0.699566692415087,0.514195507297701,0.8730516499295098,0.7268618882093016,0.4383338132380271,0.13175974539484778,0.3999214029686029,0.25205127444833236,0.06570922798659555,0.5263819411231531,0.3919898343904753,0.4167476754302213,0.17911275583192185,0.5263819411231532,0.39198983439047536,0.41674767543022134,0.17911275583192188,0.5581397798785728,0.4354184973387323,0.5581397798785728,0.4340148976488894,0.5581397798785728,0.5581397798785728,0.3870104826100399,0.42788773695799087,0.5492838478374473,0.427456799692987,0.306868407259458,0.31201193611353917,0.6785666757044891,-0.1537071155914449,SELL,0.0,1.0
0.6757188920025916,0.6613924289992212,0.6721044383855785,0.6803278951227141,0.037201884277237376,0.0,0.0,AVH,2021-04-12 00:00:00+10:00,"Pharmaceuticals, Biotechnology & Life Sciences",0.40895138245789264,0.4644599762694548,0.48299313549244294,0.2643818833015383,0.6732329272089963,0.4768393716122241,0.672831479301274,0.47938652296435325,0.6841061098938954,0.4420950758229627,0.8125057265314286,0.3077893872504458,0.7080725681284645,0.2779675859972711,0.5966950041110335,0.2505856928963922,0.09633413503378765,0.09633413503378765,0.14274696138802923,0.14274696138802923,0.18327586688526845,0.18327586688526842,0.3827612741399353,0.3827612741399353,0.7199999491373699,0.5200119839106778,0.4790475052929315,0.41268766837353815,0.3672129400404962,0.5331188046127843,0.6405444961756954,0.6907057796121026,0.6705354421054202,0.6653448511186102,0.7017412015479216,0.47978793926213675,0.8647587363629545,0.7250040294845408,0.42868253473838347,0.10311815331852114,0.38726848653185386,0.16644897108007103,0.03698012950260789,0.4470319529925174,0.4061520282897271,0.3857401916087851,0.19613855251365647,0.4470319529925175,0.40615202828972713,0.38574019160878514,0.19613855251365653,0.4767441989409775,0.49083534895486314,0.4767441989409775,0.4892531094593716,0.4767441989409775,0.4767441989409775,0.36921690793039463,0.41148310528208765,0.5157784525015334,0.4149114835371448,0.582564692935055,0.2716433192979789,0.6697084456528707,-0.14652018042959014,SELL,0.0,1.0
0.6565495050091323,0.6455695839612805,0.6557912399100418,0.6540984115303292,0.042867018464149274,0.0,0.0,AVH,2021-04-13 00:00:00+10:00,"Pharmaceuticals, Biotechnology & Life Sciences",0.3724407151813226,0.42672625777417805,0.45578260641089596,0.24380645698184722,0.6699222202106465,0.4200161488928078,0.671789542286631,0.433069676549072,0.6797067158380352,0.409677724798176,0.8076352699434455,0.2870634503511189,0.7068226002023901,0.25879119854664956,0.5948248648320188,0.2374586377592972,0.12686247752590546,0.1268624775259055,0.1631585963715186,0.16315859637151864,0.19359130811706068,0.1935913081170606,0.37033504543393125,0.37033504543393114,0.6352941440463509,0.41150693802945043,0.3977466628765949,0.4142244961755075,0.3764772033466685,0.5167688710462915,0.6394658681355372,0.68978113616066,0.47221856598263356,0.6567294121822818,0.7025957004692658,0.377458593229523,0.8608681798727922,0.7192258225980948,0.4020008921765411,0.08985615239143177,0.38228821693708065,0.21195705699064715,0.043074061834858804,0.3957079457909454,0.3763816137647209,0.3591565427570255,0.207272596534869,0.3957079457909455,0.37638161376472096,0.3591565427570255,0.207272596534869,0.2906977904687977,0.45125188351476964,0.2906977904687977,0.4497972438804557,0.2906977904687976,0.2906977904687976,0.35142324840429273,0.39644549365273707,0.42623981122718974,0.3639792987687628,0.5068202575642747,0.2252510300281645,0.6617360386064141,-0.1415094288696639,SELL,0.0,1.0
0.6453674451160238,0.6439873447268365,0.6492659605198272,0.6557377151698396,0.04532062936263188,0.0,0.0,AVH,2021-04-14 00:00:00+10:00,"Pharmaceuticals, Biotechnology & Life Sciences",0.4408543026317085,0.49691440265984205,0.51020398895295,0.2832571117177668,0.6695911416174634,0.4248779714447979,0.6730051396106707,0.4339787091480509,0.6757386326666106,0.4175305935947424,0.8031676318391257,0.29191295231757375,0.7054698952871634,0.26094599380419603,0.5924203999115507,0.2397203652124565,0.12112579022391767,0.12112579022391767,0.15166559437622384,0.15166559437622384,0.19402595669661185,0.19402595669661188,0.36961450332876244,0.36961450332876244,0.48333334657881205,0.3392606564906223,0.40133378108983775,0.4176661394553368,0.38468000330927343,0.5075096551073952,0.6397600927069862,0.6919565358235567,0.4757356113361041,0.6482106302138877,0.7042438062624308,0.3955779393982099,0.8575476240259896,0.7136088310622879,0.40928369882218657,0.09164442106060539,0.38015186152084096,0.22095710891817058,0.045752574736859966,0.415609887198907,0.3994001224464994,0.36693406327498324,0.21517868752407382,0.41560988719890696,0.39940012244649936,0.36693406327498324,0.21517868752407388,0.41935451618708636,0.404006882794445,0.3023254137672923,0.3629941514664333,0.4193545161870863,0.3023254137672923,0.30871866917314406,0.39917959893205424,0.43562009148685615,0.3633537286314483,0.4093212299776751,0.18970411725596648,0.6545608722646031,-0.16572507041879148,SELL,0.0,1.0
0.6437699644615398,0.6439873447268365,0.6574225208638624,0.6688524569660321,0.045558240337505294,0.0,0.0,AVH,2021-04-15 00:00:00+10:00,"Pharmaceuticals, Biotechnology & Life Sciences",0.4697613750408574,0.5259168749291652,0.5714285714285714,0.3284999142246315,0.6692600630242802,0.4582046545708458,0.6775202000074566,0.4501575157568367,0.6727194400222634,0.44113096058026446,0.7975281556060743,0.30847072345605564,0.7039802069032528,0.27198769979577475,0.5902114200652208,0.24813836683078921,0.12115867314946108,0.12115867314946108,0.14098130491437594,0.14098130491437594,0.1992399477785706,0.19923994777857057,0.34129404405087993,0.3412940440508798,0.4918030864670412,0.4379013165224137,0.4384453578912103,0.42769562531243377,0.39354847530971293,0.5133163569404328,0.6384366321849757,0.7027848233984427,0.5539426343000264,0.6397460081147919,0.7078237621633527,0.47662400034175406,0.849015888287985,0.7120556548394286,0.42950771288794054,0.0867703934202515,0.37364384184144267,0.23091159457919908,0.04665740443341652,0.4156431967384186,0.43439115897654595,0.38503102189658156,0.1948629545068435,0.41564319673841854,0.4343911589765459,0.3850310218965816,0.19486295450684352,0.6938772134012713,0.47792286747266655,0.3953486180033822,0.3353749514909884,0.6938772134012713,0.39534861800338217,0.2864766796119733,0.39644549365273707,0.49829547508686445,0.3943924403476511,0.4903756122261159,0.21676740855477128,0.6481032225569734,-0.17068647478349686,SELL,0.0,1.0
0.6549521005267185,0.6487341378790853,0.6606851605589699,0.6639344678774735,0.0802234609082202,0.0,0.0,AVH,2021-04-16 00:00:00+10:00,"Pharmaceuticals, Biotechnology & Life Sciences",0.4245079068730849,0.4803447235877383,0.5034014377773034,0.27845968792034026,0.6636318532337375,0.45982081446841727,0.6825562330518536,0.4325369341911758,0.6703040875521156,0.43723430900072646,0.7908999400788168,0.3089299273193926,0.702199430791651,0.2694281148797699,0.588074117810122,0.2467027210551102,0.0895696447421695,0.08956964474216952,0.13681573668990465,0.13681573668990465,0.19595962700526162,0.19595962700526154,0.3297295326075439,0.3297295326075438,0.5357142857142858,0.4871722038916483,0.4384454730657068,0.43470348161135897,0.40225467575775453,0.5119008513052193,0.6273394059172368,0.7258054097430329,0.4449711200672384,0.6340226440486436,0.7094580501936842,0.46036355511131527,0.8361459870768491,0.7138563468874621,0.4266427470044587,0.09311698501655591,0.3704384276884126,0.38667296336634666,0.08274822722213045,0.381087871114439,0.44050089793316505,0.39596833658888675,0.1775170051666963,0.381087871114439,0.44050089793316516,0.39596833658888686,0.17751700516669633,0.6326532399640329,0.5943306547838231,0.3604651936458651,0.3590484708383379,0.6326532399640328,0.36046519364586505,0.2758005348041863,0.38687609258202094,0.5058207934693835,0.4068056016531483,0.5989856719554918,0.26133355457089985,0.5899843751883049,-0.12500001112026926,SELL,0.0,1.0
0.6453674451160238,0.6344936829734221,0.6492659605198272,0.6475410406322328,0.03461969697272514,0.0,0.0,AVH,2021-04-19 00:00:00+10:00,"Pharmaceuticals, Biotechnology & Life Sciences",0.39579444249374535,0.45093612375929,0.47619058431679623,0.25815380726379517,0.657010439237038,0.43507415975678176,0.6813406440083932,0.404817346912244,0.6678024704370857,0.416348532113723,0.7837956661848504,0.29884299763235866,0.7005385149089676,0.25795852698904254,0.5858521056462305,0.2390199330143985,0.09473018793931709,0.09473018793931709,0.08311028536911277,0.08311028536911279,0.19721483723897262,0.1972148372389726,0.3303493260164765,0.3303493260164764,0.3793103448275862,0.4410765702812064,0.4384454730657068,0.43412941593015153,0.40908763247408764,0.4955604205939894,0.6288364298375175,0.721592683450706,0.23926010772264666,0.6306110583576372,0.7081992536511943,0.37123715643231786,0.8219760472650997,0.7162656564570586,0.4079997389644475,0.09178642524658212,0.36355420876669897,0.1685984530202173,0.036267882795117355,0.37404442841893093,0.37456365909761874,0.39345184507360526,0.1677565926917775,0.3740444284189309,0.37456365909761874,0.3934518450736053,0.16775659269177753,0.42857170661071775,0.5974683522354189,0.24418618835075268,0.33932063211908386,0.42857170661071775,0.24418618835075268,0.2651243899963991,0.3704714609061176,0.41195206985385735,0.35052876909598,0.5292790767135148,0.2727564055996411,0.5912363301553268,-0.13688217408725578,SELL,0.0,1.0
0.6325879045684313,0.6202531526188423,0.6362153239519315,0.6377049061150615,0.038738583292306575,0.0,0.0,AVH,2021-04-20 00:00:00+10:00,"Pharmaceuticals, Biotechnology & Life Sciences",0.41169605281821625,0.46727082883763527,0.4897956866680896,0.2677367729835807,0.6536997164519918,0.4184227666027627,0.677867512345671,0.39272781733935735,0.66650852955713,0.40347772444467234,0.7767646304277531,0.294847506845587,0.6991686867539749,0.2513055767088379,0.5835649315838163,0.23493622549495297,0.0661648235191768,0.0661648235191768,0.07796688925634054,0.07796688925634056,0.18005723125632653,0.1800572312563265,0.33037414003325083,0.33037414003325083,0.17647003824983842,0.46528996294018954,0.4457855488551412,0.4305557018076306,0.41373223947447946,0.4764712992479562,0.6306512958171098,0.7123569218815916,0.20507532237468562,0.6309125225068868,0.7051246709819228,0.3221275064581419,0.8083057441251238,0.7181990686795166,0.39716327318031375,0.08965910871032626,0.1954050181538276,0.19184352797839446,0.06568049482649418,0.39528990769417044,0.3521534933824361,0.41682690819792273,0.16763114508751992,0.3952899076941704,0.3521534933824361,0.4168269081979228,0.16763114508751994,0.3061218134612166,0.46546943778149596,0.17441823071165202,0.26435439344893996,0.3061218134612166,0.17441823071165197,0.2473308153167539,0.35816801974229606,0.34002197841796783,0.3007469834931932,0.5443162799317987,0.2786165043822692,0.5924632460230083,-0.11730763058690408,SELL,0.0,1.0
0.6230031729856667,0.6091771761820671,0.623164765171502,0.6245901643188689,0.03247298174459307,0.0,0.0,AVH,2021-04-21 00:00:00+10:00,"Pharmaceuticals, Biotechnology & Life Sciences",0.402971439186705,0.4583234824669067,0.47619058431679623,0.25707242630090194,0.6474093652617792,0.400607494626918,0.6743943806829485,0.3745435217856974,0.6631442824465799,0.3884933868837597,0.7697702137390907,0.28760882035934,0.6976618759467794,0.24219705072242736,0.5811930473018945,0.22907074699147012,0.06891621186717783,0.06891621186717783,0.07839024530828184,0.07839024530828186,0.16566981566420383,0.1656698156642038,0.3307161232411113,0.3307161232411112,0.17307646457921835,0.4782545083378098,0.4771576991439267,0.4232055484662177,0.4157577926686541,0.45362511723487464,0.635386957835194,0.6997990832715386,0.17427971386429725,0.6292403726932725,0.7000115558479791,0.26785095156662275,0.7954786766004889,0.7191374674204019,0.3811863655945833,0.08303892161952514,0.18373259388751584,0.16973508274360838,0.05752689637634395,0.3750592711565006,0.35163134926803546,0.37556619481132963,0.16646597699405669,0.3750592711565007,0.3516313492680354,0.3755661948113297,0.16646597699405669,0.12499987582366165,0.292655099165527,0.08139502647556209,0.1696601279191343,0.12499987582366157,0.08139502647556207,0.2313166405283015,0.3403963028336283,0.2546415155401627,0.2649965408889336,0.6058833075756854,0.5198945111793499,0.5936656235733361,-0.121093730354914,SELL,0.0,1.0
0.6150159982294563,0.6012658291120135,0.6125611667155366,0.6180327934207728,0.062306038938442984,0.0,0.0,AVH,2021-04-22 00:00:00+10:00,"Pharmaceuticals, Biotechnology & Life Sciences",0.41958005438796103,0.4753251925855531,0.48299313549244294,0.26187776356603343,0.6371461656735466,0.4091609487872989,0.6688373749909405,0.3717413339238098,0.6578822583951993,0.3858442019552528,0.7627391779819934,0.2866677749720119,0.696257802128736,0.23805591308201013,0.5789384541887418,0.226729478774156,0.016748749890442033,0.016748749890442033,0.06537815141009007,0.06537815141009005,0.1415804779832949,0.14158047798329493,0.3307315613363294,0.3307315613363293,0.22499940395298382,0.48724332940394177,0.4078532567876775,0.41591450562075144,0.41570169499207255,0.4354667370717441,0.6368759663920962,0.6866310247731197,0.21068724881405926,0.6199705604528472,0.6998196396898906,0.2342778657667394,0.782203139094656,0.7205672489273978,0.3735225438954791,0.09166879405948777,0.17580171290521523,0.303710264343001,0.11384679809750366,0.3490647859325136,0.3313199723481989,0.34040424505726363,0.16497758252182873,0.34906478593251355,0.3313199723481988,0.34040424505726363,0.16497758252182873,0.08910904177470252,0.177095900601388,0.05142865862165179,0.10425352108574268,0.08910904177470258,0.0514286586216518,0.228647625537969,0.32057402326202555,0.2047066455186024,0.2512265470368693,0.5965877316010813,0.44888342709412843,0.6525821235394017,-0.12992123175675452,SELL,0.0,1.0
0.5990415725449656,0.6075949369476231,0.6150082048274668,0.627868849767917,0.04962893826311707,0.0,0.0,AVH,2021-04-23 00:00:00+10:00,"Pharmaceuticals, Biotechnology & Life Sciences",0.4626221272104624,0.5187892327928898,0.5918365493344716,0.3461001713721428,0.629862594490481,0.45295056567435976,0.6620647719748928,0.4013686202753546,0.6547768011059703,0.4049698582604093,0.7556349023418505,0.30179472083967396,0.6947167456584897,0.24666557021078617,0.5767359900351202,0.23343121041024134,0.059744104834724664,0.059744104834724664,0.04265547386412544,0.04265547386412545,0.1306505281446189,0.13065052814461886,0.33083113672977105,0.33083113672977094,0.31111094627844327,0.3802471141776746,0.35770246147608464,0.41608810507595795,0.41569673521050726,0.43591281635981927,0.6252662451015658,0.6858512514557048,0.3164914912272666,0.6161361760347257,0.6977869918191903,0.31440238335638776,0.7654874548240658,0.7262243426808219,0.38834353876878025,0.0759039264443491,0.16865119147535207,0.2759032042365796,0.09332806187861954,0.3687637724691282,0.32075875909162854,0.3807073800861577,0.16513510142417095,0.36876377246912817,0.32075875909162854,0.38070738008615773,0.165135101424171,0.2079207827303784,0.1436665029534612,0.16535430114470914,0.10117794277560477,0.2079207827303784,0.16535430114470906,0.20551593603120175,0.2850306546309018,0.2799974775921463,0.2915018284782053,0.5648590393065683,0.4159807568181457,0.6512832191417804,-0.13035021278162962,SELL,0.0,1.0
0.6166134027118704,0.6075949369476231,0.6101142063910727,0.609836118883166,0.04663637237770196,0.0,0.0,AVH,2021-04-26 00:00:00+10:00,"Pharmaceuticals, Biotechnology & Life Sciences",0.3897757398861126,0.4447219949840731,0.4421771796806424,0.2307736808670588,0.6222479605009283,0.4254074555947698,0.6545975525629956,0.38050932766784973,0.6520163982829441,0.3815112325008472,0.7483841469356161,0.2898166028663738,0.6931071986786228,0.23376746476504895,0.5748788830736671,0.22448645410939744,0.06391779393539679,0.06391779393539679,0.04921271780384026,0.049212717803840275,0.12585081965948056,0.12585081965948053,0.3325095531877911,0.3325095531877911,0.125,0.2904964121211074,0.37842800244096,0.40963819900623666,0.4142096425089934,0.4229840714915976,0.6179426797580778,0.6787621671374545,0.21432040851744388,0.6171165587278407,0.690832291222055,0.2314206736886474,0.7490998957340271,0.7311397663200996,0.356556636648372,0.08209592685994876,0.16080229252934053,0.2457080235683013,0.09060132685576282,0.3655564829337763,0.3130429867126219,0.38615327109942854,0.16028905995827766,0.3655564829337763,0.3130429867126219,0.38615327109942865,0.1602890599582777,0.019231210093542617,0.10766094619841943,0.019231210093542617,0.08008447730592326,0.01923121009354256,0.01923121009354256,0.20373653614000883,0.27614479617656795,0.2814366555579093,0.27720031590193894,0.46945777789935816,0.4346723988006995,0.6500102928321116,-0.11332010892363253,SELL,0.0,1.0
0.6054313428187619,0.6170885987010375,0.6166394857812874,0.6229508606793586,0.05870345683996501,0.0,0.0,AVH,2021-04-27 00:00:00+10:00,"Pharmaceuticals, Biotechnology & Life Sciences",0.4716008812676927,0.527749687739914,0.5442177179680642,0.30885384660642345,0.6192683320957617,0.4674870640655344,0.65129808120967,0.41077860559715806,0.6498598315207926,0.40439852193626735,0.7442827099927016,0.3060070624386153,0.691908599655365,0.2447144481113015,0.5735561017536674,0.23253374231941337,0.08945434705289868,0.08945434705289868,0.04606083628221186,0.04606083628221187,0.13199562206539603,0.13199562206539606,0.24691132736970844,0.24691132736970844,0.26415082456882205,0.3736171992060279,0.4580544062733539,0.4120093819877808,0.4135652104688428,0.430334656958407,0.6151895810784926,0.6750805371604065,0.36241071429579064,0.6160508053199838,0.6875474581112073,0.3288521704565591,0.7450400688725094,0.7272735629338158,0.38586722077530056,0.09238350650558824,0.15827086530926426,0.28456031727962805,0.1152739992478331,0.397156290806398,0.353267276300433,0.3988677263320889,0.21922826080226843,0.39715629080639797,0.35326727630043303,0.39886772633208895,0.21922826080226843,0.173077222863609,0.1362452257574393,0.173077222863609,0.12136234502088317,0.17307722286360894,0.17307722286360894,0.223309510710847,0.2816130067352023,0.35215511944150185,0.3323674829260934,0.5523093686569834,0.5073910347074199,0.647421461388858,-0.1154599094270704,SELL,0.0,1.0
0.6134185175749722,0.623417706536647,0.6296900445617168,0.6459016588226953,0.03733090481593033,0.0,0.0,AVH,2021-04-28 00:00:00+10:00,"Pharmaceuticals, Biotechnology & Life Sciences",0.49680884593854735,0.5527146133598333,0.6054423004436855,0.35569587779955564,0.6235722590869646,0.5163051047243141,0.6502561441950272,0.4557504753323849,0.6499460961656744,0.43913026426377066,0.739888313517604,0.33232977761753724,0.6907956143814936,0.2632652235350236,0.5725917093219679,0.24587603906505784,0.10918178446808188,0.10918178446808191,0.0770887769900907,0.07708877699009072,0.13844119971086957,0.13844119971086954,0.24234437907117168,0.24234437907117168,0.49122786470533125,0.4088531906548496,0.5095659488438039,0.42566579770732293,0.41618989194317696,0.45885135340658484,0.6128129321509956,0.6756322465017157,0.5813849947881302,0.6161119435526179,0.6876571458584884,0.4685101426297752,0.7369015546959137,0.7279647175038697,0.4304491552668368,0.09488671647531194,0.15358991361282032,0.17750585632309224,0.07479681678841754,0.4482285295326108,0.3762827951431932,0.4457342184217984,0.21562846634803062,0.4482285295326109,0.3762827951431932,0.44573421842179844,0.21562846634803068,0.4423077452112251,0.21603476476684358,0.4423077452112251,0.2153383627290907,0.44230774521122507,0.44230774521122507,0.228647625537969,0.28434711201451957,0.42744623800864523,0.3970105985728163,0.5366112504872862,0.4883309497212963,0.6449361832033346,-0.13523810250418522,SELL,0.0,1.0
0.6277955387770491,0.6281645751378125,0.6427406033421461,0.6540984115303292,0.019070834496405745,0.0,0.0,AVH,2021-04-29 00:00:00+10:00,"Pharmaceuticals, Biotechnology & Life Sciences",0.4576054702191945,0.5137670009415999,0.5782314469831783,0.3342033858921301,0.6308558302700302,0.5183870997147286,0.6486932428133524,0.4739985710251551,0.6514125622220694,0.4494488006204269,0.7358601164577352,0.34386288756555583,0.6898881039024078,0.2702516650589377,0.5714448644444067,0.25113129906597664,0.10010625993362557,0.10010625993362557,0.0720970337353799,0.07209703373537991,0.13065483497712113,0.13065483497712116,0.24358503243806007,0.24358503243806007,0.589286140033583,0.3609937133686327,0.5697921948947817,0.44140659114131475,0.42190915685854313,0.4858456123182033,0.6070463554621033,0.6789638952365757,0.694903594788808,0.6164746964524599,0.6903154069140554,0.5107769444154224,0.7288973232905926,0.7292922014142644,0.44916313490285853,0.07260830794288572,0.13392530731671126,0.10922891495318517,0.04178162145525352,0.469658792858885,0.371222022124517,0.4758811272545742,0.22376316100026117,0.4696587928588851,0.371222022124517,0.4758811272545742,0.22376316100026117,0.5490197728386197,0.3963843232340251,0.538461961689801,0.3915240695764001,0.5490197728386197,0.538461961689801,0.2215302805125676,0.272043670850698,0.4870243029098562,0.43558316396548274,0.489779037141997,0.5316152473333492,0.6425503161452321,-0.1509434267820169,SELL,0.0,1.0
0.6437699644615398,0.6297468143722565,0.6362153239519315,0.639344287924599,0.030435745217968095,0.0,0.0,AVH,2021-04-30 00:00:00+10:00,"Pharmaceuticals, Biotechnology & Life Sciences",0.3994695567825811,0.4547220297861364,0.44897973085628906,0.2379580292935154,0.6331733330622231,0.47416839321421955,0.6460883961364555,0.45087578043252585,0.6526202384571433,0.42536120610233663,0.7321981188130953,0.33222203175097287,0.6889121012807397,0.25945020507229133,0.5704739560092837,0.24347568221765942,0.12001170715812878,0.12001170715812878,0.07898302986517464,0.07898302986517465,0.1338619015679661,0.13386190156796607,0.23932838638487375,0.23932838638487364,0.5789475445382876,0.3528370024347977,0.5773631699678379,0.4483316882079455,0.4280769615511373,0.4897582548787843,0.5988334221088463,0.6829265209262778,0.5795713586541995,0.6153643619102747,0.6941573808343213,0.4079536628424069,0.7234686403174524,0.7281415176949084,0.42516388442363234,0.06271836290342606,0.129662751498908,0.19173179244948219,0.06805932469119565,0.4341478873104775,0.3606398258735486,0.47054770646610866,0.22998803144368335,0.43414788731047754,0.3606398258735486,0.4705477064661088,0.22998803144368335,0.4418607745834604,0.4878830800677796,0.36538473882619193,0.4567779774540746,0.4418607745834604,0.36538473882619193,0.22508899544849667,0.26657552547827523,0.46589415453547073,0.40203234873059535,0.4968553655961683,0.5812268809283733,0.6402598837694536,-0.046065306371990467,HOLD,0.0,0.5
0.6357827897053294,0.6408227908090317,0.6525286002149344,0.6655737715169838,0.04479544248826212,0.0,0.0,AVH,2021-05-03 00:00:00+10:00,"Pharmaceuticals, Biotechnology & Life Sciences",0.5040753614299516,0.5598592308145497,0.5918365493344716,0.34401880695358716,0.6444297368566125,0.5124789435338264,0.6479986098563445,0.49689334814847097,0.6529652888100217,0.4645706322670706,0.7284262604707983,0.36172235840893396,0.6883984155184972,0.2802076775843352,0.5698158231956381,0.25852816404247014,0.10545654211390768,0.10545654211390768,0.09792841994478729,0.0979284199447873,0.10108823692509086,0.10108823692509089,0.2393924412951297,0.2393924412951297,0.7101450276911254,0.519078576604639,0.6523722322111714,0.4666091042878244,0.4372140092172121,0.5156591604852948,0.6061566816175676,0.6785414743884701,0.8258063963373672,0.6160340377641611,0.694097451489889,0.5774100198314155,0.7143730806843469,0.7314266354715449,0.4801347213945621,0.06176976120983448,0.11964179229053541,0.28492091336635117,0.10528789247063021,0.49870921508579,0.4064817581701258,0.45113638149557816,0.23004145207883903,0.49870921508579014,0.4064817581701258,0.4511363814955782,0.23004145207883905,0.8139535915278201,0.6143980126327006,0.6730767643663247,0.5350826669072839,0.8139535915278201,0.6730767643663247,0.23042711027561866,0.27477784131622696,0.5856768771238811,0.4785171381073681,0.5787361946100601,0.6384107032009212,0.5852895067507715,-0.06703904364045732,SELL,0.0,1.0
0.6565495050091323,0.6455695839612805,0.6508972414736478,0.6524590297207915,0.017592094793899126,0.0,0.0,AVH,2021-05-04 00:00:00+10:00,"Pharmaceuticals, Biotechnology & Life Sciences",0.4040397009328317,0.45942095611088396,0.44897973085628906,0.23885061636572594,0.650389009453642,0.4639495762613475,0.6495615195185985,0.4693370453165717,0.6520163982829441,0.44609031880099215,0.7240318639957009,0.3523451905427577,0.687850484093204,0.2703810627109119,0.5691576903819925,0.2515944460592636,0.12894625470564128,0.12894625470564128,0.1009998061300762,0.10099980613007621,0.10192939615682292,0.1019293961568229,0.2379977505918055,0.2379977505918055,0.6056339352454739,0.47295024830257537,0.5326890613297341,0.47596791731600946,0.4466756613893994,0.5184907073635252,0.609315557207647,0.6781758095074859,0.6615191806261947,0.6142290952428822,0.6942192440848576,0.4982598035892947,0.7027757049273056,0.7365305068076491,0.4558952556704578,0.04058573465539498,0.10898987744427492,0.14272111058130185,0.04372331484067486,0.45999160595425054,0.40310226281942346,0.4242280205641571,0.21628667206725966,0.45999160595425054,0.40310226281942346,0.42422802056415715,0.21628667206725968,0.6279071830556403,0.6412527063760703,0.5192307515962583,0.5285571205419282,0.6279071830556402,0.5192307515962583,0.23042711027561866,0.2597402296868764,0.5637954931629366,0.45992474431729835,0.6078859167263098,0.5770015996519899,0.5864788654618903,0.06427224102829521,BUY,0.0,0.0
0.6325879045684313,0.6218354673022031,0.6345840429981109,0.6459016588226953,0.03057986626721375,0.0,0.0,AVH,2021-05-05 00:00:00+10:00,"Pharmaceuticals, Biotechnology & Life Sciences",0.420130734846204,0.4758866817820135,0.5238094156832037,0.29322211941038756,0.650389009453642,0.4473351772845082,0.6518190538572812,0.4529511960095789,0.6514125581087449,0.4370214411656337,0.7205529669317634,0.348732739868194,0.6872340613418092,0.2656983515599599,0.5681346523659083,0.2485400612034966,0.11219751322757698,0.11219751322757698,0.09472624146676367,0.09472624146676366,0.09869392638999216,0.09869392638999214,0.22370682667627773,0.22370682667627773,0.6718748719431192,0.41193082551577,0.489517993423888,0.4811666644313276,0.45544041002000246,0.5124115710285636,0.6108878135306028,0.6810490533237505,0.57459015754158,0.6135551648391924,0.6937399665773543,0.45827174020905603,0.6958530629797235,0.7376895969143913,0.4450255991614762,0.03710703259425172,0.10663651075550525,0.2598437806261718,0.07697977193742678,0.41785828329988256,0.41068008123363275,0.4311903578724888,0.2344681330313934,0.41785828329988256,0.41068008123363287,0.4311903578724889,0.2344681330313934,0.5348839788195503,0.6729194787281452,0.4423077452112251,0.5546586836929979,0.5348839788195503,0.44230774521122507,0.23220642532035476,0.251537848662713,0.4703222418406867,0.38977201802330985,0.5339471326912131,0.5116870440482474,0.5889978002882886,0.019047600882393878,HOLD,0.0,0.5
0.6309904239139472,0.623417706536647,0.6166394857812874,0.6163934897812622,0.04263451501490398,0.0,0.0,AVH,2021-05-06 00:00:00+10:00,"Pharmaceuticals, Biotechnology & Life Sciences",0.36151392869505106,0.41530756317136747,0.4081634506655283,0.20639771643329735,0.6427743754640893,0.39106414987626836,0.6516454018284638,0.39786283306235615,0.6485658906408369,0.3962424156823263,0.7165980097549403,0.32220006303085624,0.6860525847418364,0.24349418815792867,0.5672158732010317,0.23254474718322526,0.13861772613250575,0.13861772613250575,0.12710317202394977,0.12710317202394977,0.11481374161760408,0.1148137416176041,0.23169887973665004,0.23169887973664993,0.4729729903885064,0.3534097471179696,0.45584191515201733,0.47277751707316135,0.4605231648418229,0.48029329208110505,0.6111373556648869,0.6804066588316354,0.2758198097402792,0.6120077321485684,0.689568954818327,0.2836751968782699,0.6898520946444711,0.736622903736545,0.38217509429220775,0.04924901984499918,0.10405087708722648,0.31086156138573867,0.1088624150188439,0.3659512131119273,0.38503066609618103,0.3849002207637216,0.22161934357272442,0.36595121311192724,0.385030666096181,0.38490022076372166,0.22161934357272445,0.12195173010541595,0.43734959492517894,0.0961542164785758,0.3588969600599745,0.12195173010541593,0.0961542164785757,0.2517793998911929,0.267942545524828,0.37276320448699807,0.3256896733887294,0.4026330512387733,0.5122643667127224,0.591415977721631,0.10453643294404791,BUY,0.0,0.0
0.5990415725449656,0.5854430595229897,0.592169649174249,0.595081995277436,0.05939186246810294,0.0,0.0,AVH,2021-05-07 00:00:00+10:00,"Pharmaceuticals, Biotechnology & Life Sciences",0.38047501498928965,0.43508492628798545,0.4557822820319357,0.2399201446288993,0.6338354586751969,0.3581545094905585,0.6481722784463207,0.36372041231739605,0.6434763917658954,0.37078780182919235,0.7124965728120256,0.30393511345320123,0.6850765821201682,0.22750389007971017,0.566199351499086,0.22117021110519636,0.1454119628171732,0.14541196281717317,0.13650540572163092,0.1365054057216309,0.10784735732969666,0.10784735732969664,0.23477064944981374,0.23477064944981374,0.28767127761654593,0.34332605414217027,0.382919256780348,0.45750578970250777,0.4610777084484065,0.440793401940857,0.6165754955335827,0.6670498477606878,0.17253984250796672,0.6075708821773531,0.6840708392589445,0.17696944731195985,0.685551663546869,0.7330636563593005,0.3396083558364472,0.06416964339556383,0.10227286849024143,0.3687385087463723,0.15315873242622094,0.3558712949320692,0.3503971817517898,0.34090123521833926,0.21633337319404772,0.3558712949320692,0.35039718175178985,0.34090123521833926,0.21633337319404772,0.05769271328605921,0.24323833038278936,0.04761937199800788,0.19886948862014298,0.05769271328605918,0.04761937199800781,0.2624556295454368,0.2693096959438043,0.21491607442607505,0.22092644004964246,0.38589530145770456,0.43626328788601354,0.6494522361218469,0.11336031099048816,BUY,0.0,0.0
0.5782747810690925,0.5775316370040193,0.5872757285253212,0.5885246243793398,0.04345438391138309,0.0,0.0,AVH,2021-05-10 00:00:00+10:00,"Pharmaceuticals, Biotechnology & Life Sciences",0.4189556709787064,0.47468838189771223,0.5170068645075571,0.28742072601607505,0.6182751278896048,0.37953108840157856,0.6459147441076382,0.35516948993495046,0.6386456827122751,0.3673815889349752,0.7082486561030197,0.30074714285591364,0.68406633465193,0.22303431526183715,0.5649938610371403,0.21816870416066508,0.05756264389282554,0.05756264389282554,0.1288248616753732,0.12882486167537316,0.1068982477087482,0.10689824770874817,0.23482028812610345,0.23482028812610345,0.22222207505021685,0.349996104178673,0.3105325731472507,0.44361749949809,0.4583277978047532,0.4119684258843881,0.6210091198713279,0.6573455900733455,0.18318466734581385,0.6050981401226725,0.6768130509273216,0.17758058634446633,0.6810261415962666,0.7294685160751564,0.3314161455847421,0.06347861738499694,0.10357846024010349,0.2716578762065629,0.1112469512353451,0.31317003878165084,0.3626462268033363,0.3448848292752391,0.21254448109244178,0.31317003878165084,0.36264622680333636,0.3448848292752391,0.21254448109244187,0.03636362060041632,0.07353303129919297,0.030769196910975984,0.0592259682695323,0.03636362060041631,0.030769196910976016,0.267793659526102,0.266575590664487,0.2279959749149433,0.21686734187238302,0.3841730132123676,0.3557804819027915,0.6478246931722702,0.1734693649161716,BUY,0.0,0.0
0.5750798959321943,0.5806961909218241,0.5840130888302137,0.5819672534812435,0.05131575411838667,0.0,0.0,AVH,2021-05-11 00:00:00+10:00,"Pharmaceuticals, Biotechnology & Life Sciences",0.41881068944030686,0.4745404886060873,0.5034014377773034,0.27643319836856506,0.6040390799033528,0.39829877364353594,0.6415733357396697,0.3500959346562762,0.6348501247172893,0.3625094683125032,0.7041838399747165,0.29738035682005426,0.6834841583800672,0.21828154431421853,0.5638144352103177,0.2151434664725701,0.06293387440752304,0.06293387440752304,0.119607425079675,0.11960742507967499,0.09430929842382849,0.09430929842382846,0.2339456828961839,0.23394568289618378,0.23880588517042667,0.363981364411649,0.3179863869496743,0.43097136992481644,0.45321995262316794,0.3914000047619788,0.6258004742491348,0.6429315315894127,0.21490792201751552,0.6066651891106958,0.6669934184007817,0.19191976769299296,0.677640328599338,0.7248231913324812,0.32477582971099384,0.08085587902479169,0.10534265059794025,0.2732232639992342,0.13009813425492261,0.3206312256577406,0.3410097055160899,0.3637522101865208,0.21569556344335347,0.3206312256577406,0.34100970551608983,0.3637522101865209,0.2156955634433535,0.0,0.03201846827265278,0.0,0.026598858753106722,0.0,0.0,0.2784698043338891,0.27067671599035703,0.25889267327153,0.23700476908446352,0.3723321203836833,0.35093693601668696,0.6444469172384949,0.1502057611149905,BUY,0.0,0.0
0.5878594364797869,0.5838607448396289,0.5872757285253212,0.6016393661755322,0.0886435500056738,0.0,0.0,AVH,2021-05-12 00:00:00+10:00,"Pharmaceuticals, Biotechnology & Life Sciences",0.4908737427326476,0.5468619592674898,0.5306122912378106,0.29831928591425944,0.5951001631144601,0.4747590033747482,0.6368846150334869,0.39562351169313237,0.6320034572493811,0.39692354905937455,0.7019866417371676,0.3194741583372578,0.6835697729459346,0.2336093774569803,0.5627783648766721,0.226820484410801,0.12914083949879135,0.12914083949879135,0.11516940130780842,0.11516940130780841,0.11055308223361568,0.11055308223361565,0.2069768364439003,0.2069768364439003,0.19047611839192258,0.439814849954157,0.4224844379910855,0.4311789455239362,0.4491814074884651,0.4007275807895047,0.6223279979155667,0.6371994973948509,0.3619087726102628,0.6047529280475161,0.6632503450407317,0.3191888324553914,0.677225962520323,0.7205059631077626,0.37828326751406927,0.11077516549323457,0.11438896024705898,0.37596249152686445,0.21408268685613907,0.3563435762978019,0.33866134769007183,0.3839003590184237,0.2607001185012913,0.3563435762978019,0.33866134769007183,0.3839003590184237,0.2607001185012914,0.21052622773085625,0.08404574629898062,0.20338974831874398,0.07945496131168647,0.21052622773085616,0.2033897483187439,0.2900355642408159,0.2734108212696742,0.32199993434487006,0.2905915894236395,0.5154214965817203,0.4418750121573508,0.6393951266488052,0.09839352796013179,BUY,0.0,0.0
0.6022364576818637,0.6250000212200079,0.6166394857812874,0.6295082315774547,0.07894857809817507,0.0,0.0,AVH,2021-05-13 00:00:00+10:00,"Pharmaceuticals, Biotechnology & Life Sciences",0.5115908453980005,0.5672245227767614,0.585033998158825,0.3406237543285004,0.59774872871314,0.5427777424149505,0.63427976835659,0.4535513243542957,0.6299331551321117,0.443149953084099,0.6997528226850078,0.3501645417911302,0.6841690724575634,0.25499553564544364,0.561970360566426,0.24301966918507523,0.14496396900879133,0.1449639690087913,0.14661495798365184,0.14661495798365187,0.13096656867166676,0.13096656867166673,0.20811540885751112,0.208115408857511,0.40277784216553014,0.4866733120822275,0.49059694175741764,0.445122360733885,0.44915679263949,0.4357413638885267,0.6166485036785285,0.6382806209831772,0.5450173377602722,0.5998323759306026,0.6646685370143486,0.48429967437828003,0.6745222628889012,0.7190286349387804,0.4472141373407473,0.12948722071032076,0.12136123566589536,0.29705200994917963,0.18394931964241312,0.43673194335681875,0.3603428116163491,0.4009093094298179,0.2616323630470439,0.43673194335681875,0.3603428116163492,0.40090930942981795,0.26163236304704396,0.5087721352946688,0.24486210405459574,0.4915256292031401,0.23579912516999746,0.5087721352946688,0.49152562920314,0.3220640835106341,0.29528372869042374,0.4814793723096816,0.42732612358949645,0.5427346969430343,0.5231286852349285,0.6346464434944967,0.12621360841374063,BUY,0.0,0.0
0.6373801941877435,0.6360759222078661,0.6394779636470389,0.6573770969793773,0.10345848325586549,0.0,0.0,AVH,2021-05-14 00:00:00+10:00,"Pharmaceuticals, Biotechnology & Life Sciences",0.5091192450770752,0.5648050123084517,0.5510205935226712,0.3135238252502865,0.6103294310935654,0.5824698493554727,0.6361899903570584,0.5033064922169068,0.6295881047792333,0.4869523976842012,0.6955415267906131,0.3828126115290129,0.6849738467639778,0.2762119581623975,0.5614295189215494,0.2590862517371031,0.1221281827061543,0.1221281827061543,0.1648221240828335,0.16482212408283353,0.15198072540701882,0.1519807254070188,0.06968733443304453,0.06968733443304453,0.5411765761854033,0.5929251309659517,0.5240481112826453,0.46966857432599746,0.45478138450692085,0.48501977297128795,0.6216974710127912,0.6364823431406911,0.6972465679868434,0.5986496804948829,0.6653302309007101,0.6536814681774,0.6580771386782938,0.7307209488826434,0.5191695595374152,0.15219404477239798,0.12621296781463154,0.342381336695327,0.23528744497561108,0.5098674935832728,0.40666999869198306,0.43668809207449494,0.2203945981469011,0.5098674935832729,0.40666999869198295,0.436688092074495,0.2203945981469011,0.8070180428584814,0.519585565335902,0.779661510087536,0.5003543616118198,0.8070180428584813,0.779661510087536,0.3309608284272284,0.31032127513356245,0.5654158136043631,0.5198604553028494,0.6655550485541514,0.5571674574327683,0.5602504074103328,0.04511273747632516,HOLD,0.0,0.5
0.6309904239139472,0.6170885987010375,0.5986949285644638,0.6147541079717247,0.09530753855238067,0.0,0.0,AVH,2021-05-17 00:00:00+10:00,"Pharmaceuticals, Biotechnology & Life Sciences",0.32951990306650597,0.3815313183708748,0.4013605751109214,0.20129084081862786,0.6156265622909249,0.4554016650183197,0.6308066449744469,0.4315577944893587,0.6278628489015174,0.4232514787404831,0.6912203701985611,0.3424039608493621,0.6855389006125561,0.24255599735374278,0.5607713861079038,0.23539744256171263,0.21396897955244376,0.21396897955244376,0.18944598080289318,0.1894459808028932,0.18540387078872847,0.18540387078872844,0.08036916120695847,0.08036916120695847,0.4946235346234936,0.46575938545250195,0.456009505977529,0.47070050233168004,0.45951834488213095,0.4772769039306901,0.609597643988367,0.639128642482525,0.47104705122490725,0.5965754752786072,0.664135281256444,0.40683049776636193,0.6458476143657566,0.7367928259745151,0.40221375316112684,0.17891314504486067,0.13888526688213226,0.27624995933098545,0.20399731490193135,0.4569152048779094,0.332755468156853,0.40718774259354495,0.21387423614270606,0.4569152048779094,0.332755468156853,0.40718774259354495,0.21387423614270612,0.35087704621809374,0.5673635090754321,0.35087704621809374,0.5503998447645627,0.3508770462180937,0.3508770462180937,0.35765131771638137,0.3444976889043453,0.40981000520158534,0.377526088875383,0.5412584391012077,0.45243705771459153,0.5618466507395098,0.05533601046930858,BUY,0.0,0.0
0.5591054702477036,0.5458860978259715,0.526916855272102,0.5295082081264466,0.2795339893616903,0.0,0.0,AVH,2021-05-18 00:00:00+10:00,"Pharmaceuticals, Biotechnology & Life Sciences",0.21130788413917442,0.25207644740540264,0.35374141936555364,0.15309571245143322,0.6050322841095095,0.2555613612508534,0.6177824198705417,0.28916152671671447,0.6221695139657013,0.2980672690111885,0.6858372326830815,0.2578825985901654,0.6853505490575362,0.1761446044585363,0.5597222834566965,0.18776011081050953,0.3821246877500292,0.3821246877500292,0.32618135524487424,0.3261813552448743,0.31621464912751374,0.3162146491275136,0.16397608370850558,0.16397608370850558,0.3484848320648382,0.28659387847273193,0.36258930399733247,0.4342261683381258,0.45492081552441704,0.39585152392078515,0.6153709752603038,0.605668832343387,0.10797677051087157,0.6070233936141096,0.6399077685127406,0.06574587803485299,0.6430010315756918,0.7285520425744287,0.1717528876171891,0.29651034725344344,0.18916603680845046,0.5239464890773261,0.4850748793440066,0.339101411128448,0.2539589046172571,0.32137064545242483,0.18202208740145395,0.339101411128448,0.253958904617257,0.3213706454524249,0.18202208740145395,0.032608419600296264,0.40526881333755105,0.032608419600296264,0.3946797671117996,0.03260841960029626,0.03260841960029626,0.42348758645429707,0.4060150902820884,0.1763413439081965,0.10769791477164192,0.36644210258640236,0.35716691645220905,0.6400625738691823,0.15198239273527037,BUY,0.0,0.0
0.5207667724328555,0.5142404831990068,0.5285481362259226,0.5360655790245428,0.108573559139262,0.0,0.0,AVH,2021-05-19 00:00:00+10:00,"Pharmaceuticals, Biotechnology & Life Sciences",0.4560409630802946,0.5121984274422197,0.5442177179680642,0.3100782587658856,0.5917894403294142,0.3056424914274176,0.6061474441194937,0.32181440808221584,0.61751133008852,0.3146014936820285,0.6823583338729675,0.2675773208953529,0.6854019171438719,0.1812319352617634,0.5585363413157357,0.19210822142573586,0.3691585751201134,0.36915857512011346,0.33231915293012027,0.33231915293012027,0.3175302494146498,0.3175302494146498,0.1113287629143841,0.11132876291438398,0.3787878295278482,0.2828566361822084,0.38711600267010815,0.4098596376094523,0.4456398255017965,0.3549973824183964,0.6107609782817307,0.5868875058533702,0.22023840396578426,0.6126715900825253,0.6234870322377424,0.1661576356916637,0.645565281509161,0.7176080232597124,0.22118229597318861,0.3067799618247893,0.20505668723945897,0.1974140907377923,0.17777377857981638,0.32178441439136246,0.26723204630371633,0.3420809101082539,0.22381178158351506,0.32178441439136246,0.2672320463037163,0.3420809101082539,0.22381178158351506,0.07608665793501432,0.15644661933299062,0.07608665793501432,0.15594230353631497,0.07608665793501423,0.07608665793501423,0.41992878667191125,0.40464800504932397,0.2202835679996074,0.1529204742960531,0.3145802066507678,0.3370449682270736,0.6373708691976371,0.17467253363784274,BUY,0.0,0.0
0.5239616575697537,0.511075929281202,0.5285481362259226,0.5295082081264466,0.04467263980685558,0.0,0.0,AVH,2021-05-20 00:00:00+10:00,"Pharmaceuticals, Biotechnology & Life Sciences",0.4175596678033538,0.47326393233185376,0.5034014377773034,0.27490403856762974,0.5715941039594361,0.33912031586795166,0.5969436547359459,0.32480801239356594,0.6128531462113387,0.31054806252129463,0.6788428159944189,0.2635331622316527,0.6850252140338325,0.1763383141255589,0.5572982699045287,0.1890507760190367,0.3293840434266396,0.3293840434266396,0.32550207426648303,0.325502074266483,0.3175991333439131,0.31759913334391293,0.11156630885020635,0.11156630885020635,0.3787878295278482,0.2920627971320865,0.395145222976801,0.38938876531077404,0.4335078548648556,0.3301280873027674,0.6103753967762082,0.5683214587663331,0.255441184521552,0.6175494119083742,0.6079699342648957,0.19459168792316694,0.648153110177496,0.7065531604481246,0.23146128287072115,0.2891181196769171,0.2013746365756734,0.08563450553316622,0.07411435692982796,0.2761819779697654,0.28887213900024894,0.3412792490262777,0.22223025883146355,0.2761819779697654,0.28887213900024894,0.3412792490262777,0.22223025883146358,0.032608419600296264,0.04810225269158483,0.032608419600296264,0.047947191968691225,0.03260841960029626,0.03260841960029626,0.40391452703700215,0.3991797944906895,0.258190908079733,0.20371095802178582,0.31170111593710204,0.3346834928527695,0.6347329986195228,0.2004404967088782,BUY,0.0,0.0
0.5479233341825249,0.5585443134971906,0.5415986950063518,0.5524590062697834,0.12901387670299894,0.0,0.0,AVH,2021-05-21 00:00:00+10:00,"Pharmaceuticals, Biotechnology & Life Sciences",0.5043535539914987,0.5601322999901563,0.4965985622226965,0.26997828644331323,0.550405547596605,0.46145739149659626,0.5924285860585806,0.37887406794113354,0.6088850630399141,0.35245004872412355,0.6751441975351675,0.29086595977244634,0.6843060542932854,0.19469977212360656,0.5560927791318679,0.20274757927522702,0.3256588445445706,0.3256588445445706,0.3402335440945501,0.34023354409455014,0.32889678275500167,0.32889678275500156,0.10891253581229143,0.10891253581229143,0.3880596430696353,0.2843784275521471,0.446554310109187,0.3854067686789274,0.42288663738347443,0.34330648840579997,0.6084450105283734,0.5611940388883839,0.37342419925083353,0.6175195938947395,0.5996606082433993,0.294365805795607,0.6466169337157295,0.7003557618795591,0.30274699439604447,0.3022864047068953,0.2179510982717927,0.23769290004252694,0.20199108076449301,0.2739641491202524,0.33753347061295597,0.3575014782659006,0.22053175732848296,0.27396414912025235,0.33753347061295597,0.3575014782659006,0.22053175732848299,0.18478225377180948,0.09990496368422704,0.18478225377180948,0.09958291357175375,0.18478225377180946,0.18478225377180946,0.43060493147969836,0.4299384951795612,0.3481754896437378,0.30007985026758,0.3629471621931025,0.42180354162466405,0.6321478854529707,0.1346154140062361,BUY,0.0,0.0
0.5479233341825249,0.539556989990362,0.5513866140916739,0.5491803208207353,0.0330305903033848,0.0,0.0,AVH,2021-05-24 00:00:00+10:00,"Pharmaceuticals, Biotechnology & Life Sciences",0.42734245795772724,0.48322687396855013,0.48299313549244294,0.25864194071089514,0.5371627038165097,0.49008476869918605,0.5882608297194296,0.3799022749905636,0.6056933411058032,0.3517282212030921,0.670932899894596,0.29095298966977023,0.6836382626390741,0.19254708583782398,0.5548286430855378,0.20157923545963263,0.31604342197225077,0.31604342197225077,0.34004980940829244,0.34004980940829244,0.3253363585770124,0.3253363585770124,0.1027517720347888,0.1027517720347888,0.29411755277565294,0.2959362883634096,0.42440120414601246,0.3826523987457942,0.41375630928094537,0.3563116164523366,0.6067664187532815,0.5544973849634337,0.3789768377379757,0.6183511893018869,0.591973431583299,0.30145890633846417,0.6430876048838243,0.6955704693018785,0.30425320589028193,0.27019609050232296,0.21511005902892094,0.0672263735903458,0.05221831972981463,0.32330336740909804,0.34095723901974084,0.37288428731166234,0.20880447146921005,0.3233033674090981,0.34095723901974084,0.37288428731166245,0.20880447146921005,0.17441823071165202,0.1333788001931956,0.16304313460445044,0.12908904020207518,0.17441823071165197,0.1630431346044504,0.419928871518368,0.4244703498071384,0.35391034222391876,0.3070526861099988,0.35869301711399804,0.3846884716832074,0.6296144745497497,0.1244635070166693,BUY,0.0,0.0
0.5351437936349324,0.5221519057179772,0.5285481362259226,0.5311475899359841,0.0730649306409123,0.0,0.0,AVH,2021-05-25 00:00:00+10:00,"Pharmaceuticals, Biotechnology & Life Sciences",0.3849406988321774,0.4397173266092884,0.4625851575865427,0.24066238867679365,0.5374937824096928,0.436657955040161,0.5828774843368184,0.3532071010989797,0.6008626320521826,0.329641971094653,0.6663187837703615,0.2756108967497626,0.6829875950411096,0.17883716902172586,0.5533755382792077,0.19209179399912885,0.11530598165956116,0.11530598165956116,0.3444049799190215,0.3444049799190215,0.3249756163420029,0.32497561634200284,0.10628589024446378,0.10628589024446378,0.15929193457116925,0.282520263312434,0.42440120414601246,0.3742895332558771,0.4045290461054465,0.3554660453093299,0.6063034376864245,0.5439080806290443,0.3350557955125386,0.6190724083951107,0.5809691730677491,0.27135550358590826,0.640048887439413,0.6892708628519875,0.27202203644280687,0.1638058906906473,0.21810889514367726,0.2277674812572468,0.11433312153300197,0.42049296782491735,0.32707614433241805,0.3381035207652826,0.1979367003775696,0.4204929678249174,0.3270761443324181,0.3381035207652826,0.19793670037756964,0.04651160211804497,0.13811169366181342,0.04347823833471806,0.13277739396605906,0.04651160211804495,0.04347823833471809,0.42348758645429707,0.4203691592950567,0.32532592488202505,0.28498902541185084,0.3470796644665405,0.37795715328393775,0.6271317318645931,0.18681315802215082,BUY,0.0,0.0
0.5143770021590592,0.5047468214455926,0.5138662187042062,0.5114753990716683,0.08308900485192727,0.0,0.0,AVH,2021-05-26 00:00:00+10:00,"Pharmaceuticals, Biotechnology & Life Sciences",0.37886800848929186,0.4334155569939754,0.4693877087621893,0.24493548942809246,0.53252771401882,0.3932910434516068,0.5733263826150562,0.33031550196445236,0.5937890915915289,0.30774807443803365,0.6614117063677674,0.25859934950233265,0.6821143294085936,0.16395543250339228,0.55183772325337,0.1816767267870013,0.13082591734870527,0.1308259173487053,0.33465284272099427,0.33465284272099427,0.31618786588781167,0.31618786588781156,0.11088390587919128,0.11088390587919117,0.18181805045805277,0.293959767067936,0.3755248574269465,0.3608942739750001,0.3940670601254843,0.34469547547242635,0.6023464349478873,0.5286869697261815,0.3040915859607277,0.6177718468936393,0.5676200854810394,0.24576390741338025,0.638312665359908,0.6806634514134988,0.2417572081155867,0.15067410794538028,0.22766369744548054,0.27720659372721435,0.1259345096310066,0.3786840419992572,0.2833358856647541,0.2931181941462964,0.18911502435501135,0.3786840419992573,0.2833358856647541,0.2931181941462965,0.18911502435501135,0.0,0.0752084899617517,0.0,0.07007696281181969,0.0,0.0,0.40391469672991565,0.4066986980846824,0.30592854466461694,0.27123466694635645,0.33748396213112536,0.32157172752316665,0.6246986440331398,0.18961629461347296,BUY,0.0,0.0
0.509584636367677,0.5158227978823676,0.5203914980944209,0.5180327699697647,0.08560101919563577,0.0,0.0,AVH,2021-05-27 00:00:00+10:00,"Pharmaceuticals, Biotechnology & Life Sciences",0.4565208178574131,0.5126796473099501,0.5170068645075571,0.28637698785993065,0.5302102112266269,0.41908370020361074,0.5615177465546113,0.36566793531121533,0.5866292864859932,0.32842479524136636,0.6567609694289216,0.26952960188594877,0.6811040811238744,0.16968724568648919,0.5506192001631478,0.18607675984772998,0.13678169307412857,0.13678169307412857,0.3119879834393673,0.31198798343936734,0.3159898946815711,0.315989894681571,0.11276111930325428,0.11276111930325428,0.4313723473582741,0.3372802464616483,0.3424280319750339,0.35544533049259286,0.38444451299751015,0.3520179568799652,0.5841455695030509,0.5250051423054817,0.35787380138824576,0.612572032692251,0.5586633628484756,0.28575340722646847,0.6358099320418646,0.6735992854592878,0.27178951541420115,0.17176384646658457,0.241555943002082,0.25664071346848505,0.12407477849503695,0.399415868510657,0.26308841468480476,0.29271919409657465,0.1954185240323297,0.3994158685106571,0.26308841468480476,0.2927191940965747,0.1954185240323297,0.04255314831714539,0.030319243459593654,0.039999961853027344,0.02832587565586917,0.042553148317145406,0.039999961853027344,0.4074734116658447,0.40669876327089416,0.34453375324775776,0.30263435635397906,0.4032672451214848,0.34236491556483456,0.6194290069117863,0.16331097390100502,BUY,0.0,0.0
0.5207667724328555,0.5363923606236404,0.5334421346623166,0.5540983880793209,0.13195514526580118,0.0,0.0,AVH,2021-05-28 00:00:00+10:00,"Pharmaceuticals, Biotechnology & Life Sciences",0.5446683254870629,0.5993535398977697,0.6190477271739391,0.3747527496278428,0.5305412898198101,0.524027524226458,0.5505773954799918,0.4627467716064655,0.582143627785251,0.3940075971327488,0.6532820723649839,0.311552566260488,0.6805732729383471,0.1982897030658869,0.5494723552855866,0.2073746653372166,0.18190691089112185,0.18190691089112185,0.33529338692511645,0.33529338692511657,0.3493348642693591,0.34933486426935906,0.13835555097524277,0.13835555097524266,0.5797102350668782,0.42355180880426624,0.3972500264661264,0.36948769953759186,0.3799754505123133,0.39697214906609896,0.5403775805442377,0.5521959359529771,0.5681104580711984,0.606640046028067,0.5561888090969547,0.39609775591033525,0.6323400678050117,0.6703534204271147,0.36441510210025696,0.17327943505905993,0.26275432747371985,0.39275436357679944,0.17931158607636896,0.42041415254815123,0.2758552497109267,0.34754528340633845,0.22573508172559842,0.4204141525481511,0.2758552497109267,0.34754528340633845,0.22573508172559847,0.2765959713349867,0.10864410231171316,0.26000022888183594,0.1017962543559995,0.2765959713349866,0.26000022888183594,0.43416381610854093,0.4299386255519846,0.4106777432003168,0.3540198441604272,0.48300300035026356,0.3932538166715486,0.6143701552752868,0.11300633827396944,BUY,0.0,0.0
0.5351437936349324,0.526898698870226,0.5106035790090988,0.5295082081264466,0.13172419628087748,0.0,0.0,AVH,2021-05-31 00:00:00+10:00,"Pharmaceuticals, Biotechnology & Life Sciences",0.366564698512709,0.4205930144395664,0.4557822820319357,0.23489656148816082,0.5265684414217904,0.4633928525591866,0.5415472664058407,0.4286750389385825,0.57498382679304,0.36415588709121827,0.6495834539057328,0.2880865091575615,0.6799568501869524,0.1793728693800023,0.5481626059724335,0.1939869477626468,0.2043892261216098,0.2043892261216098,0.32204072025361263,0.32204072025361263,0.3416833354260367,0.34168333542603674,0.1445701163869184,0.1445701163869183,0.5,0.39724004398732704,0.3859811229452078,0.371500565622911,0.3768630493984573,0.4088063972003651,0.5036890676149353,0.575278976454332,0.4360409142506629,0.5953221830486777,0.554408477752842,0.33858947759078695,0.630709437103196,0.6642765238789381,0.3169001141427511,0.224134669858576,0.2809060220628127,0.31551002335040346,0.16990673759528366,0.3870569540525162,0.29053127854412053,0.29468986601849556,0.21796154438935242,0.3870569540525162,0.29053127854412053,0.2946898660184955,0.21796154438935245,0.13541678049497682,0.15474241074776715,0.12745109497240656,0.1450430404663059,0.13541678049497674,0.1274510949724066,0.455516190570572,0.44771034246065233,0.37023030015612796,0.3297991839407911,0.456997063386493,0.36680320796553534,0.6095136577042474,0.16299565069892363,BUY,0.0,0.0
0.5175718872959574,0.5142404831990068,0.5138662187042062,0.5377049608340805,0.05416086795958126,0.0,0.0,AVH,2021-06-01 00:00:00+10:00,"Pharmaceuticals, Biotechnology & Life Sciences",0.4608723373577176,0.5170387889153164,0.5646260202529247,0.3278463628227409,0.5278927242211302,0.4836756539406162,0.5424155513916662,0.44444055227672363,0.5689454415043458,0.3868255006033374,0.6468003366038182,0.29944868348940645,0.6793917963383743,0.18615019488174256,0.5469896964597492,0.19934483938537328,0.19595148053984807,0.19595148053984807,0.16502966155306045,0.16502966155306048,0.3446402396427545,0.3446402396427544,0.13622992654968324,0.13622992654968324,0.43661999262581946,0.37498582344559245,0.3516340108992497,0.3787361874869094,0.37603692495118374,0.42874974190485843,0.504365655528608,0.5763023269627777,0.5316828713449743,0.5846072178056045,0.5542791303114321,0.37410158597165305,0.6303291863184786,0.6586235427962095,0.345933530429516,0.21439370906580585,0.2885419902901366,0.1347684065806727,0.06839896058857187,0.42837360810397773,0.39720114361847286,0.3161559360963486,0.24087976686881274,0.4283736081039778,0.39720114361847286,0.3161559360963486,0.24087976686881277,0.18750031044084586,0.2040850325564205,0.17647089072715333,0.19135044231775286,0.18750031044084592,0.17647089072715327,0.45373687552583586,0.44497623718133517,0.37538135023108365,0.33732044153710905,0.39668265155202537,0.3310031218103092,0.6023325079568972,0.13943351747488664,BUY,0.0,0.0
0.5255591382242379,0.5126582439645629,0.5252854965308151,0.5229508372283505,0.03762758543502461,0.0,0.0,AVH,2021-06-02 00:00:00+10:00,"Pharmaceuticals, Biotechnology & Life Sciences",0.39370813560735063,0.44878404470130695,0.4693877087621893,0.24574962337008388,0.5302102270133233,0.4335293301839034,0.5410263020388091,0.4156920090112888,0.5624757412178913,0.37193001743955456,0.6431017181445668,0.28654926508822187,0.678569899608675,0.17505482042576648,0.5456734311431728,0.19157297298450449,0.18710093518599996,0.18710093518599996,0.17154618607807268,0.1715461860780727,0.3464350411086343,0.34643504110863427,0.1283364093694649,0.1283364093694649,0.39743608553717497,0.29587618309937846,0.3498555746717932,0.3797118812283542,0.37560038147605934,0.43214808285433576,0.504032003605696,0.5738132031022614,0.36153020391784585,0.5740912976565127,0.5530093131110614,0.3391535034536042,0.6287353600231498,0.6524996922379369,0.322797722515148,0.19096816760476015,0.29001363275942815,0.10327906785194126,0.04732851630489337,0.4367586367274271,0.3705004172732025,0.3059891545100515,0.21720320831658968,0.4367586367274271,0.37050041727320254,0.3059891545100516,0.21720320831658974,0.09375015522042293,0.14184102707436846,0.09375015522042293,0.13493836223311792,0.09375015522042285,0.09375015522042285,0.41281161133942346,0.4354069012968308,0.37515996609666163,0.3410555445356649,0.34089533612846956,0.3269893460864699,0.5955822271943881,0.12444443172878694,BUY,0.0,0.0
0.509584636367677,0.4968353989266222,0.5089722980552782,0.5098360954321579,0.08649616857854675,0.0,0.0,AVH,2021-06-03 00:00:00+10:00,"Pharmaceuticals, Biotechnology & Life Sciences",0.39772229811245474,0.4529229027698341,0.4829934598714032,0.2565213850875311,0.5285548814074965,0.39968748097083084,0.5389424280095232,0.3917202333710845,0.5568686668136322,0.3582743985114938,0.6384509812057211,0.27617116662161856,0.677833617444843,0.1651798414569502,0.5444158114109808,0.1846896712147617,0.1942219488541486,0.1942219488541486,0.17584198598281944,0.17584198598281942,0.3393986512137799,0.3393986512137799,0.1169560780265625,0.1169560780265626,0.4133333672417103,0.21163126515403824,0.3428722850983795,0.37650549553620277,0.3745138537289748,0.42647822645520783,0.5056483814728403,0.5676718319413343,0.2518433895017466,0.5687096760005403,0.5475310149545876,0.3122990004305761,0.6249199431072756,0.6471102105074065,0.3028707652071533,0.19142942374792876,0.2991724358587943,0.23693123697115362,0.106143642205918,0.40447894773828247,0.3620961516393093,0.32013301834504726,0.19430250302757082,0.4044789477382825,0.36209615163930936,0.32013301834504726,0.19430250302757082,0.023529391965236887,0.10375254699312858,0.02061854149737715,0.09868787265707513,0.023529391965236957,0.020618541497377074,0.39145932172384923,0.43267279601751363,0.30377211933025433,0.3169802613116249,0.2519965542206602,0.3156832964914381,0.5892369632776295,0.14932122986873386,BUY,0.0,0.0
0.5015974616114667,0.498417713609983,0.5106035790090988,0.5180327699697647,0.09980105077346813,0.0,0.0,AVH,2021-06-04 00:00:00+10:00,"Pharmaceuticals, Biotechnology & Life Sciences",0.46152793024706346,0.5176947885984263,0.5510202691437108,0.3164343158799255,0.5212713102244306,0.444889400004977,0.5352956443179835,0.4165857537642246,0.5528143189973258,0.37834905097211036,0.6346791228634241,0.28850349472284453,0.6759158578645573,0.17277084893853012,0.54322986927002,0.19006641932815171,0.10927095438811602,0.10927095438811599,0.15528916243023405,0.15528916243023405,0.33789653611884163,0.3378965361188415,0.11097227604298798,0.11097227604298798,0.5294117234570118,0.28265721371465624,0.3923065432175986,0.3795948888091694,0.3743550226542418,0.43457058674928123,0.499855249967256,0.566730743591805,0.37220887828223753,0.565171149970165,0.5431559506282253,0.353050446966258,0.6227581062494567,0.6415494829010913,0.3313267132482587,0.17486093373302003,0.3076103256560186,0.2948254784659771,0.11978029519036272,0.36175027020880757,0.34480837447421736,0.35204975807996675,0.21492456115607997,0.3617502702088076,0.34480837447421736,0.35204975807996675,0.21492456115608002,0.1458326917555852,0.0895681399283019,0.07216464944841727,0.06329461293240873,0.14583269175558522,0.07216464944841727,0.34163722777438577,0.4135340590622931,0.30776988869416577,0.32993781532458644,0.3345075993581279,0.36679490022932043,0.5811590399901526,0.1387025484333766,BUY,0.0,0.0
0.5111821170221611,0.5094936900467582,0.5122349377503856,0.5163934663302541,0.13525305235724522,0.0,0.0,AVH,2021-06-07 00:00:00+10:00,"Pharmaceuticals, Biotechnology & Life Sciences",0.4318091271245226,0.4877609670716933,0.5034014377773034,0.2744877679006767,0.5186227446257508,0.44776462451034327,0.5318225209358405,0.420037129576587,0.54901876100234,0.38141316862034413,0.631419945448624,0.2895620479238461,0.6744604159601783,0.1723478897634233,0.5420895403958821,0.18973979019055576,0.07929989286353659,0.07929989286353659,0.1553758290587226,0.1553758290587226,0.33777875224911447,0.3377787522491144,0.10540277745790938,0.10540277745790938,0.4923078841711361,0.44366094091926334,0.4174224748270443,0.3831805555449205,0.37505246461304953,0.4420399138515826,0.49366105240672437,0.5666044082530926,0.380029883761048,0.5619202521243949,0.5389876999828946,0.3598939459954893,0.6219052744267446,0.6354494687753025,0.33788821313796125,0.17667929676231603,0.3267789128106206,0.39614418960446673,0.15461349138248362,0.39678130961429503,0.3466396951818213,0.3572101881093521,0.22693166080840177,0.396781309614295,0.34663969518182136,0.35721018810935223,0.22693166080840182,0.12499987582366165,0.10020610705204434,0.06185562449213145,0.05247214060454331,0.12499987582366157,0.061855624492131445,0.27046292905580493,0.4121669738295286,0.3545038323966915,0.34395677710583716,0.503167508388204,0.43219853380975126,0.573727350565674,0.13901342606639933,BUY,0.0,0.0
0.5143770021590592,0.5174050371168116,0.5236541377895283,0.5262295226773985,0.11295870299050066,0.0,0.0,AVH,2021-06-08 00:00:00+10:00,"Pharmaceuticals, Biotechnology & Life Sciences",0.4662234368975863,0.5223875493767371,0.5306122912378106,0.29831928591425944,0.5163052418335579,0.48402318550219725,0.5313015482882294,0.44239452044935357,0.5460858288895503,0.4028405204231269,0.6283438668683499,0.3032432231502693,0.6727481311746781,0.181151347818998,0.5410339217412518,0.19601874277138376,0.0833209064879851,0.0833209064879851,0.15062619353057433,0.15062619353057433,0.34076092923378765,0.3407609292337876,0.1078953134764995,0.1078953134764995,0.3265304533653041,0.4539204733236384,0.4454584450424395,0.39224883002904,0.37769562427872466,0.4590125399089958,0.4928749603466132,0.5664227602477804,0.5201735908179222,0.5587798725771413,0.5365037898148182,0.40181626732820286,0.6202513284534008,0.6307753129965505,0.3672754913045657,0.20697687963594755,0.33965064894717073,0.28964389334889695,0.12513381512756244,0.39961676703493115,0.38069468787651545,0.37635928351947506,0.23246443123288468,0.39961676703493115,0.3806946878765154,0.3763592835194751,0.23246443123288474,0.2499997516473233,0.17730069203692492,0.1237112489842629,0.0874536232758612,0.24999975164732335,0.12371124898426289,0.284697788799521,0.41763518438816305,0.4463455657737866,0.37138436831523075,0.605529227663425,0.481984448318753,0.5668901962951537,0.1592919896526337,BUY,0.0,0.0
0.5191693679504414,0.5158227978823676,0.526916855272102,0.5295082081264466,0.08189961757957025,0.0,0.0,AVH,2021-06-09 00:00:00+10:00,"Pharmaceuticals, Biotechnology & Life Sciences",0.4464211993626913,0.5025292177759421,0.5238094156832037,0.2924267373751165,0.5176295246328977,0.4898591113589914,0.5332117702886976,0.44557289517160537,0.5422902708945647,0.41452037112481843,0.6257804692155724,0.3092231195642523,0.6701797039964279,0.18531713830417496,0.5400499806778524,0.19846802955366377,0.06379025399422017,0.06379025399422017,0.1329042525556828,0.13290425255568278,0.3325835037760235,0.33258350377602347,0.1045912769231534,0.1045912769231534,0.5,0.482713356114729,0.4609565896815335,0.40257515601444,0.3821846410013031,0.47511407481906026,0.4931780442129556,0.5700223911602939,0.5430372821801122,0.5521738178323183,0.5362710896356997,0.4228886600009252,0.6193138190965211,0.6263178525539621,0.38129992100696125,0.2297895488809647,0.3382424405421572,0.1919997774116992,0.09103512388015704,0.4284904454919432,0.4101551537655237,0.35860266508890637,0.24574070671582737,0.4284904454919431,0.41015515376552375,0.35860266508890637,0.2457407067158274,0.2916663769218772,0.2269451022391856,0.14432979048164005,0.11194074454821719,0.29166637692187714,0.14432979048163996,0.29181521867137916,0.4094328685502113,0.46079615249895695,0.3793891576107452,0.6600909235623245,0.5225351993140491,0.5606000143662748,0.16960352145294588,BUY,0.0,0.0
0.5111821170221611,0.5031645822111486,0.5154975774454931,0.5229508372283505,0.06407679586707908,0.0,0.0,AVH,2021-06-10 00:00:00+10:00,"Pharmaceuticals, Biotechnology & Life Sciences",0.4173908903513309,0.47309165372958656,0.5306122912378106,0.29831928591425944,0.5202780902315776,0.46243334305079253,0.5337327429363087,0.4303472675464912,0.5366831964903058,0.4121965181176783,0.6234734102803667,0.3039898725095955,0.6675256622523102,0.1817382767273814,0.5387206830437143,0.19539827223888423,0.042383903424523486,0.042383903424523486,0.13438059579555953,0.13438059579555955,0.3151048571446202,0.31510485714462017,0.10154781650345956,0.10154781650345956,0.3714281432475661,0.3865560016291151,0.4130690633415953,0.40936831084610076,0.3873379076573865,0.4809083715406502,0.4931487229419302,0.5711314801339394,0.4395906167741271,0.5378238713599834,0.5413125066443016,0.4103511294344063,0.6191652290936405,0.6214192598415642,0.37430632181797013,0.21823720511961142,0.3351370463281971,0.15703469906571357,0.07176157933534236,0.43950748195980155,0.3931681646323158,0.32205548552053825,0.25192902995124755,0.4395074819598016,0.39316816463231574,0.3220554855205383,0.25192902995124755,0.27777740984800825,0.27895332352321844,0.10309270748688575,0.12593333761674436,0.27777740984800814,0.1030927074868857,0.24911055459377382,0.39849644743294255,0.3743010088675979,0.35550469476612356,0.5741313290886745,0.475166808451971,0.5548130469917064,0.14888890584309888,BUY,0.0,0.0
0.5830670706884047,0.6202531526188423,0.5856443697840343,0.5999999843659944,0.4914481145347077,0.0,0.0,AVH,2021-06-11 00:00:00+10:00,"Pharmaceuticals, Biotechnology & Life Sciences",0.6658036109707208,0.7131972088238224,0.5442177179680642,0.309151794519653,0.5368316410100229,0.6390241896145641,0.5385951156713088,0.5858917446635696,0.533663999732634,0.5512852470096004,0.6231072091189616,0.39061001823780117,0.665368183030669,0.24445752277840893,0.5379517753754381,0.24067269532202834,0.2859594489214344,0.2859594489214344,0.28371970714752415,0.28371970714752415,0.4243112234245747,0.4243112234245748,0.20418979382634972,0.2041897938263496,0.8219180766585299,0.5989655064757499,0.5030395744219082,0.45072564770002166,0.4009704416603129,0.5548735893165119,0.522517762631816,0.5477676540381594,0.9925803632160475,0.5187740849795646,0.5573086983441728,0.8112728070685664,0.6187539243182294,0.6211363434069441,0.5389493674909484,0.42004666571081795,0.41615361430419606,0.6717916222118152,0.45987552259592035,0.5516524044919853,0.4428467650549745,0.3803840235459684,0.31110055153175475,0.5516524044919852,0.44284676505497444,0.38038402354596845,0.3111005515317548,0.6551721491985297,0.41688129732247625,0.5876286784676515,0.2833500930401083,0.6551721491985298,0.5876286784676515,0.36832754737062523,0.46001384881068563,1.0,0.6280428080807099,0.7544982221941237,0.5922162984176678,0.48826292218416933,0.03621736675542997,HOLD,0.0,0.5
0.6006389770273797,0.6044303830298183,0.6068515666959653,0.6065574334341179,0.14925966416020398,0.0,0.0,AVH,2021-06-15 00:00:00+10:00,"Pharmaceuticals, Biotechnology & Life Sciences",0.4543691890805969,0.5105210820777791,0.49659888660165674,0.2718268647422086,0.555040553180991,0.6022431859764019,0.546756968040214,0.5819477478707877,0.5332326888481984,0.5634873142791528,0.6219353709902296,0.3991404565768122,0.6623031933299423,0.2517877288932616,0.5367723495486155,0.24522103357004066,0.27855587273390414,0.2785558727339042,0.2586781121403784,0.2586781121403784,0.40320916320654887,0.4032091632065488,0.18126497843066613,0.18126497843066613,0.9275366024571641,0.6636020703501313,0.4666313419758197,0.4871503529901614,0.42025215463890314,0.604151756414919,0.5479353620791267,0.5357111340948578,0.8524771029815688,0.5161215926099654,0.5595130493948033,0.8652407218320586,0.616534926525989,0.621382818300775,0.5553358324688827,0.42726404848785005,0.42741942065409433,0.20085591076660692,0.13654805047909896,0.5653618450797447,0.48393110063362826,0.4343532857395554,0.2879598738966417,0.5653618450797449,0.4839311006336282,0.4343532857395555,0.28795987389664174,0.7011496709823176,0.5562767778531169,0.7011496709823176,0.47229056686807097,0.7011496709823175,0.7011496709823175,0.3790037770248691,0.4572798087175802,0.7792529404535091,0.6697647028178849,0.8188295628458033,0.6016906579846473,0.49098592647611405,0.019960059893028514,HOLD,0.0,0.5
0.6309904239139472,0.6882910995761035,0.6427406033421461,0.7081967605246366,0.34944446776140925,0.0,0.0,AVH,2021-06-16 00:00:00+10:00,"Pharmaceuticals, Biotechnology & Life Sciences",0.7081538072161173,0.7516593244853604,0.7891157234915891,0.4923761761055226,0.5917894403294142,0.7730872833512148,0.5648172261885162,0.754472534109556,0.5426353212474428,0.7217157369540621,0.6227776305183439,0.5121546851300786,0.659871748803895,0.33492558415133145,0.5358666027013004,0.3051046483608752,0.38914988716410487,0.38914988716410487,0.410026895437159,0.410026895437159,0.4233732253943683,0.42337322539436834,0.3060469491799721,0.3060469491799721,0.9603176795736924,0.8329776473606353,0.6792960798052975,0.5618397672819366,0.45285199657719366,0.7203266885849735,0.6201242636838089,0.49089641082261615,0.9336053665189996,0.56281946121929,0.5245094948082514,0.9831245109651117,0.6195712571728307,0.6193667363157376,0.7677407035090305,0.5491213762757349,0.4420175092855785,0.37235995133773586,0.310683860413499,0.7115956030391698,0.5992965171695177,0.6756537660720414,0.3468713458101203,0.7115956030391697,0.5992965171695177,0.6756537660720414,0.3468713458101203,0.9461540690541053,0.7838042177680313,0.9461540690541053,0.7583586809902354,0.9461540690541053,0.9461540690541053,0.4804271102756186,0.5010254280004439,0.8125587680575228,0.8303781670789456,0.9076423878020689,0.7050190304764519,0.49365447068222,-0.10657191695139967,SELL,0.0,1.0
0.6709265262112092,0.6598101143158605,0.6590538796051493,0.6622950860679357,0.13978364965571946,0.0,0.0,AVH,2021-06-17 00:00:00+10:00,"Pharmaceuticals, Biotechnology & Life Sciences",0.32763054769082595,0.3795205504146633,0.42857142857142855,0.225199739424997,0.6186061906960918,0.5726610767940277,0.5795780129834929,0.6267861161919726,0.5492775467103364,0.6302242347759668,0.6228874894698242,0.4606118812091339,0.6571663389734416,0.30014433924395034,0.5349999528066699,0.2788916833892559,0.4707329044690738,0.4707329044690738,0.44552938317162694,0.44552938317162694,0.4563823089700675,0.45638230897006743,0.32376798267096474,0.3237679826709646,0.7908495896863564,0.7112955683240351,0.7512113012570131,0.5996402464061756,0.48762390847966414,0.7392738005644997,0.6466425315615019,0.4912139274758057,0.7355760723596239,0.5815408934450701,0.5165171605113499,0.7772329926026531,0.619865533227475,0.6192335984475237,0.6704970606926728,0.5789480911193146,0.4485345247314022,0.1417293329772958,0.12273611756505051,0.6312628303094658,0.5639611921561003,0.6061836950034609,0.3256593553483359,0.6312628303094658,0.5639611921561003,0.606183695003461,0.3256593553483359,0.7307692448768421,0.8095388292446202,0.7307692448768421,0.8069292284660856,0.7307692448768421,0.7307692448768421,0.503558714935929,0.46821616464863736,0.6724308132573051,0.6849119168014559,0.8298615851485166,0.739565759362329,0.5015765219977327,-0.04112145684360713,HOLD,0.0,0.5
0.6533546198722342,0.6724683299870795,0.654159881168755,0.7032786932660509,0.14955479031497665,0.0,0.0,AVH,2021-06-18 00:00:00+10:00,"Pharmaceuticals, Biotechnology & Life Sciences",0.5392109612868815,0.5940845972014149,0.6734694340949534,0.40277573604952244,0.6550239992513318,0.5804506417928845,0.6000694574992952,0.6653420574756239,0.5584213892882599,0.6826534568591962,0.6236198883002817,0.505692939294785,0.6544266834799375,0.3352232136720851,0.5341919481857089,0.3034023351632819,0.443278159993859,0.44327815999385906,0.43546933552822986,0.43546933552822986,0.4652770806104086,0.46527708061040857,0.3379294541640947,0.3379294541640947,0.81395341745257,0.7158793954124095,0.7853611498319274,0.6469851977349829,0.5263281818273824,0.7735760531971461,0.6801703506964383,0.4953919149052063,0.7624999126715497,0.6077340028555007,0.5050211942174017,0.8057048215606653,0.6223947128283531,0.6176222303104935,0.7518338072926545,0.622993532916536,0.47043508905345055,0.14150621359517712,0.12605734333341942,0.7102429970722892,0.6371613739934656,0.6692749571345639,0.3436823363672402,0.7102429970722893,0.6371613739934656,0.669274957134564,0.3436823363672402,0.9230769795073684,0.8850868778791879,0.9230769795073684,0.8822337430792929,0.9230769795073684,0.9230769795073684,0.510676144807787,0.49965840795389116,0.6438223275355652,0.6524261359152129,0.8353553967451725,0.7967552046683741,0.509181691260625,-0.09642856625878071,SELL,0.0,1.0
0.6629392752829288,0.6661392221514699,0.6737357193393991,0.6868852660208102,0.08736489206799049,0.0,0.0,AVH,2021-06-21 00:00:00+10:00,"Pharmaceuticals, Biotechnology & Life Sciences",0.39754821874631063,0.4527435758392312,0.5646260202529247,0.32291615430501497,0.67257077002263,0.4946746006278038,0.6179560636187799,0.5957783863109778,0.5654949297489138,0.6418768050336989,0.6235100276026249,0.4874660854125271,0.6512247111270076,0.32447990493517387,0.5330842002608324,0.29457528325968446,0.4176004659615257,0.4176004659615257,0.4518577951415167,0.4518577951415167,0.4684474152274367,0.46844741522743666,0.336562656593542,0.336562656593542,0.7666666490060331,0.7343847109498486,0.7668723373717085,0.6755951043292681,0.5638703109113881,0.7634385908390949,0.6985434008228462,0.5114281025488769,0.6818566087335017,0.6254422534626092,0.4991243000357533,0.7285226903919972,0.6220102529636096,0.6178704182554478,0.718542450928187,0.41477591888208276,0.4617383159368812,0.12082004983400679,0.07482832829503888,0.5454123181076824,0.6029018114287672,0.6130292100850534,0.319308400665851,0.5454123181076824,0.6029018114287672,0.6130292100850534,0.31930840066585103,0.8461539590147369,0.8510450412664418,0.8461539590147369,0.8483016425287564,0.8461539590147369,0.8461539590147369,0.494661885172878,0.5174301248625589,0.6071000622753092,0.6066212995547335,0.845492038103229,0.7778385094245581,0.5164826537530015,-0.07272729006680578,SELL,0.0,1.0
0.6948882028239804,0.7167721602852632,0.706362194077939,0.7278688732189251,0.25740330288137725,0.0,0.0,AVH,2021-06-22 00:00:00+10:00,"Pharmaceuticals, Biotechnology & Life Sciences",0.536415640385,0.5913809353087994,0.5986394248890786,0.34577142275097056,0.6970700175971147,0.5340116310073015,0.6403577301350507,0.6295401661843207,0.5748975621481582,0.69267079460827,0.6245720067798761,0.5321132396986376,0.6490843551451323,0.35936407465700015,0.5321132918257094,0.3192812831396327,0.4183495301241981,0.4183495301241981,0.4489148441377572,0.4489148441377572,0.47748574308290903,0.477485743082909,0.3497066448195407,0.3497066448195406,0.8109452382240214,0.761044785254096,0.7832086834784834,0.714873882218107,0.6029359802206364,0.7767285344086087,0.7218791217402576,0.5311428102944318,0.7232238333646728,0.6501465278881873,0.4899189130007566,0.760112441793098,0.6261344402854665,0.6149510658879935,0.7945221331157288,0.47050060423296064,0.5085898440579253,0.31683233400714417,0.20281251857135096,0.5945305452571955,0.6580391212358061,0.669685656469874,0.3529105575025719,0.5945305452571954,0.6580391212358061,0.6696856564698741,0.35291055750257194,0.9121620859692279,0.9127944279096952,0.9121620859692279,0.9098519760301013,0.9121620859692279,0.9121620859692279,0.5320284344233613,0.5228983354211933,0.6302185236432436,0.6218814139874038,0.8978347401416032,0.7995493599700162,0.5234915777456829,-0.09043477929156762,SELL,0.0,1.0
0.7108626285084712,0.7072784985318489,0.680260998729614,0.7016393896265403,0.13158407242560166,0.0,0.0,AVH,2021-06-23 00:00:00+10:00,"Pharmaceuticals, Biotechnology & Life Sciences",0.3756824210757742,0.43010263060208687,0.4217688773957819,0.22371627300217423,0.6957457347977747,0.47409378135787694,0.6589389609309639,0.5441249690366574,0.5838688795496423,0.6330703684736965,0.6256339859571278,0.5015927968102586,0.6473035790335308,0.3395117146889747,0.5310381248500942,0.30465316725932085,0.2698075586251293,0.2698075586251293,0.47562443788060926,0.47562443788060915,0.4801969071964233,0.4801969071964232,0.3490513962224814,0.3490513962224814,0.6823530170744138,0.7367150765792639,0.7435218548632506,0.73198933192408,0.6381241310014893,0.7429046802180117,0.7281034590871898,0.5624311002644892,0.6334451636172334,0.6658777475701538,0.4903317965214981,0.6845884034687902,0.6293644734437422,0.6131724498516424,0.7357655601245421,0.35824063107072196,0.5208092943887748,0.20804738335288303,0.10155636186723957,0.4093601076530382,0.6088086725842381,0.6645364394617681,0.3538309525201212,0.40936010765303826,0.608808672584238,0.6645364394617683,0.3538309525201212,0.8040540823542868,0.8722768923143263,0.8040540823542868,0.8694650513314731,0.8040540823542868,0.8040540823542868,0.5818505283728248,0.5598087892850816,0.5841397980470584,0.5701678768560825,0.853606902031314,0.7633946625076103,0.535274571977968,-0.07155636573323731,SELL,0.0,1.0
0.6693290455567251,0.6724683299870795,0.675367078080686,0.6819671987622244,0.09768808962774798,0.0,0.0,AVH,2021-06-24 00:00:00+10:00,"Pharmaceuticals, Biotechnology & Life Sciences",0.3896304111917331,0.44457173213670986,0.5170068645075571,0.2885522699277287,0.6997185831957944,0.41742053444307725,0.6750889970787978,0.4783868938067575,0.5928401969511266,0.5853541787816179,0.6262199050214936,0.47897986815502624,0.6454885564423972,0.3249463821388944,0.5297935371247489,0.2939575075392083,0.22731956106992537,0.22731956106992537,0.4907533761573758,0.4907533761573758,0.4771958319933939,0.4771958319933938,0.3528948390094474,0.3528948390094474,0.6292133446881285,0.7234313312830567,0.7408189432151807,0.734479364620963,0.6668472226675997,0.6865095359448682,0.7209145062990896,0.6039554053429594,0.5579000928183342,0.6755331614963467,0.4978715122274942,0.6331600009154705,0.6309685218459937,0.6124182802767446,0.6943304938757415,0.33654946305596906,0.5238577463286608,0.1634399730618326,0.07501265769682057,0.4446871042627636,0.5789209457103912,0.670513283288396,0.3397186278093721,0.4446871042627635,0.5789209457103913,0.6705132832883962,0.3397186278093721,0.7210882654613611,0.8297022801051224,0.722972757455816,0.8276671281533116,0.721088265461361,0.722972757455816,0.5960853881165409,0.565276999843716,0.544928712521942,0.5330147740683959,0.8424047199728197,0.751509252825929,0.546350586556316,-0.06764166357419887,SELL,0.0,1.0
0.6837060667588017,0.7183543995197073,0.6965742749926169,0.736065625926559,0.2219548543589067,0.0,0.0,AVH,2021-06-25 00:00:00+10:00,"Pharmaceuticals, Biotechnology & Life Sciences",0.5690414893392622,0.622733690965538,0.6802723096495604,0.40402383023760324,0.7063400129791901,0.5309466547400965,0.6976643239044653,0.536008960256787,0.6043131355809654,0.6525104464295004,0.6277213252431961,0.5376150764149109,0.6435536752553075,0.37057205346427224,0.5288812742740105,0.32645120053578797,0.25363654763420884,0.25363654763420884,0.4934360835752011,0.49343608357520097,0.4964455881792754,0.49644558817927537,0.3764155528573693,0.37641555285736916,0.5570469777179545,0.7565775533648872,0.8175432731667461,0.7584910366006093,0.6953470644744923,0.684562112449417,0.7073585180258624,0.665988869176767,0.711450044251567,0.693132727903621,0.5013533979040095,0.6982517065508147,0.6363658375673344,0.6088438830838063,0.7894632310341083,0.37385605673027184,0.5523299498741056,0.33757206767266934,0.16271748676695574,0.4605768946837212,0.6577121874789669,0.7311124540789833,0.3660861616809701,0.4605768946837211,0.6577121874789669,0.7311124540789835,0.3660861616809702,0.9387757220434714,0.838762040644924,0.9395975237746563,0.8369765382519134,0.9387757220434714,0.9395975237746563,0.6548042269825985,0.6062885790334741,0.5831359458702022,0.5604011648752596,0.8591191203861115,0.8022864694735939,0.5567620402599629,-0.12241379565489552,SELL,0.0,1.0
0.7172523987822677,0.7025316299306833,0.6933116352975095,0.6967213223679545,0.09666236524182245,0.0,0.0,AVH,2021-06-28 00:00:00+10:00,"Pharmaceuticals, Biotechnology & Life Sciences",0.3459547172803602,0.3989458299056515,0.37414972165041416,0.19181821995987575,0.7083264371782001,0.43263018919361373,0.7079100503026562,0.4483393844219834,0.6118179869260547,0.5770161527462383,0.6284537240736536,0.4929625433447341,0.6407968965220375,0.3406888337494214,0.5277800423525573,0.30405427333825336,0.2840693327890144,0.28406933278901436,0.4601142292157966,0.4601142292157966,0.5083504551516533,0.5083504551516533,0.389207461901826,0.38920746190182587,0.5724137681559763,0.6917355967639262,0.7506446362128284,0.7572797884963731,0.7178684172446201,0.6324113516010095,0.697751930158897,0.6980713468255898,0.5234409609237586,0.7027565705768324,0.5058463812775598,0.6181908690388215,0.6385000312606239,0.6077364266808056,0.7114109205192773,0.37864689577819616,0.5449604232647213,0.1453168498920851,0.07170456465928232,0.4309068459901387,0.4981700120569387,0.6229597634049477,0.34384099213730984,0.4309068459901387,0.4981700120569388,0.6229597634049477,0.34384099213730984,0.7724138157829832,0.8279911246471314,0.7785235071154355,0.8283134873235025,0.7724138157829832,0.7785235071154356,0.6761565165981729,0.6185920201972959,0.5465825217273592,0.5293171801858834,0.8099924037802643,0.7632608559907545,0.5699362547470067,-0.0737409805092809,SELL,0.0,1.0
0.6773162964850055,0.6629746682336651,0.6492659605198272,0.6606557824284254,0.12743476301858317,0.0,0.0,AVH,2021-06-29 00:00:00+10:00,"Pharmaceuticals, Biotechnology & Life Sciences",0.3499270492099397,0.40313453004196426,0.3945580239352747,0.2015306290554496,0.6947525305916178,0.3776516413643858,0.7136407080234818,0.37541524255679515,0.6187190022102693,0.508915423420848,0.6287466836058364,0.4524966507393562,0.6376120474088735,0.3136488761049808,0.5265680358871883,0.283604527656161,0.2577804986559142,0.25778049865591424,0.4846006635310064,0.4846006635310064,0.5139949434671651,0.5139949434671651,0.39807772810276143,0.3980777281027613,0.408450827194617,0.6305902906180565,0.6688532195811728,0.7377878800625101,0.7314034288737119,0.5540228951086708,0.6802422834748161,0.7298196479979068,0.22925052593690404,0.7060263746924009,0.5165227804206085,0.5495728035254148,0.6391410521421226,0.6075647453278059,0.6428915414030802,0.31167618834675437,0.5440647416963047,0.22844830992684884,0.09466810610561954,0.3325698022066865,0.4486282074736431,0.6139923856899152,0.3311527408219275,0.3325698022066865,0.44862820747364324,0.6139923856899154,0.3311527408219275,0.6206898025893905,0.7938136815631887,0.6308726185340552,0.7970620099663153,0.6206898025893905,0.6308726185340552,0.7010675211496763,0.6226931455231658,0.47244022172107114,0.4824347374827067,0.7542167484079059,0.7118455667013682,0.5820565320750871,-0.04494386537405104,HOLD,0.0,0.5
0.6517572153898203,0.6392404761256709,0.6362153239519315,0.642622973373647,0.10804948259655055,0.0,0.0,AVH,2021-06-30 00:00:00+10:00,"Pharmaceuticals, Biotechnology & Life Sciences",0.39153360592277675,0.4465387381699633,0.42857142857142855,0.22356882176250636,0.6828339696108625,0.361331332359907,0.7066944529786164,0.3546514746989857,0.6242398119696464,0.47211193899743,0.6288565443034935,0.43231155302363833,0.6343758293928928,0.3013117031607646,0.5251540280335428,0.27389471356708067,0.25471946935246653,0.2547194693524666,0.3182213193120159,0.3182213193120159,0.5207845155655324,0.5207845155655324,0.4002395989336033,0.40023959893360317,0.4055944638902755,0.6036791920239275,0.6777179193155528,0.7122643955128602,0.736362435674426,0.47921382979314325,0.683156792666906,0.7121616274264587,0.2011494906934549,0.7072679116796072,0.5266759359438931,0.5114852957603884,0.639339940631658,0.6075533040405701,0.6088982410464482,0.2995491910624557,0.5553172862462151,0.20069086560134552,0.07883770260700915,0.3408273123913623,0.3202679718540954,0.578489878769444,0.3257341062055033,0.3408273123913624,0.3202679718540954,0.578489878769444,0.32573410620550336,0.5448276315659664,0.6597066638343174,0.5570470142308712,0.6672547292504405,0.5448276315659664,0.5570470142308712,0.7206404957205144,0.6131237444524497,0.4112738904825282,0.45848042142057804,0.7105960206132618,0.7133562862783074,0.5932071872169209,-0.02294452870391006,HOLD,0.0,0.5
0.6565495050091323,0.6787974378226891,0.6606851605589699,0.6672131533265215,0.16378480084758276,0.0,0.0,AVH,2021-07-01 00:00:00+10:00,"Pharmaceuticals, Biotechnology & Life Sciences",0.499624007611944,0.555485279867014,0.5102043133319104,0.28345223668086955,0.6798543412056959,0.4285078582262578,0.7072154256262276,0.3973177253934168,0.6318309279596175,0.4987766515508152,0.6298086645292644,0.4586570948619685,0.6315505593335213,0.32378786663834613,0.5237465364940356,0.28941856793074233,0.27562217129322775,0.27562217129322775,0.30112423820274903,0.3011242382027491,0.5174576752896668,0.5174576752896667,0.40354169098220727,0.40354169098220716,0.3609023904225348,0.631907705613523,0.6924898938425205,0.7013778468515414,0.7378263316153393,0.4487257433439992,0.6827158781117808,0.7137388574757879,0.34848714049147594,0.7085972598448513,0.5410796432955642,0.543424767038731,0.6411922558840715,0.6072900500264542,0.6523717936219777,0.33360776796081193,0.5816603217145745,0.2762041903706465,0.11472140497558611,0.3981781441505981,0.3921332099000537,0.6326656100386236,0.351571804779943,0.39817814415059816,0.3921332099000538,0.6326656100386236,0.351571804779943,0.5000002337437094,0.566972179370019,0.6577182346397606,0.6262630078306762,0.5000002337437094,0.6577182346397608,0.775800619650643,0.6459330078042562,0.4566235591539187,0.4849745231521597,0.7512869889590783,0.7478545266096217,0.6034657899474081,-0.08178439551319283,SELL,0.0,1.0
0.6581469856636166,0.6598101143158605,0.6590538796051493,0.6786885133131764,0.1152275547010443,0.0,0.0,AVH,2021-07-02 00:00:00+10:00,"Pharmaceuticals, Biotechnology & Life Sciences",0.46525438143959447,0.5214198729150428,0.5510202691437108,0.3131589045400776,0.6682668430314271,0.4850657241110832,0.7046105789493307,0.421917236622829,0.6407159807162199,0.5028627943735013,0.6311636032386989,0.469947541044067,0.6288965175894037,0.33539741685359115,0.5222803993701439,0.29725018210718296,0.1872945775997316,0.18729457759973156,0.2710015771311467,0.2710015771311467,0.5108211565043164,0.5108211565043161,0.40374442824972356,0.40374442824972345,0.4435482816567774,0.575164019571544,0.7226953348207206,0.6962148177774324,0.7378102346669866,0.43581566610695593,0.6800394909875473,0.7114042844322886,0.43613208089730954,0.7080123128550202,0.5604497520858498,0.5529771183578619,0.6438646207564622,0.6068690060238537,0.6698769393177039,0.2786128994497081,0.5876597560014283,0.2282519354950341,0.07998090226667931,0.3456785888039422,0.36176423704970284,0.6688419574045092,0.36423080552220316,0.34567858880394225,0.36176423704970284,0.6688419574045092,0.3642308055222032,0.5056178390701138,0.5277996126669526,0.7046979028122516,0.651313449958325,0.5056178390701138,0.7046979028122515,0.67437711670698,0.6609705542473949,0.42031872906228396,0.4763167185809946,0.6380725916459893,0.7250136357448218,0.6129037044594563,-0.12293571062475472,SELL,0.0,1.0
0.6613418708005148,0.6471518986446413,0.6557912399100418,0.6557377151698396,0.05663468689424468,0.0,0.0,AVH,2021-07-05 00:00:00+10:00,"Pharmaceuticals, Biotechnology & Life Sciences",0.3803719201106365,0.4349778683135612,0.44217685530168216,0.23425006045574626,0.6599900676422046,0.4483101886044185,0.7013111075960051,0.3865602285349674,0.6479620463533127,0.4569638695541016,0.6317861431176761,0.4438153311172379,0.6258657735517276,0.3187687933835942,0.5207425843443062,0.284668423186543,0.16760331281144794,0.16760331281144794,0.2756015642820221,0.2756015642820221,0.5215894198261136,0.5215894198261135,0.4082358694476995,0.4082358694476995,0.4365080085921499,0.5385942637594326,0.7090312758362666,0.6801908752352849,0.7341127285969509,0.4037024874242826,0.6804316193276749,0.7041453124111455,0.32082989460627526,0.7042816404053331,0.580063199622703,0.49852046881111195,0.6449665658978718,0.6068361717131956,0.6263820840755014,0.25798727775229235,0.5786461371529791,0.1200490872122464,0.03985170434341063,0.3640759361944441,0.3544894145866962,0.6252943567704923,0.3414074724407773,0.36407593619444406,0.35448941458669614,0.6252943567704925,0.34140747244077735,0.18309874289613412,0.4046605909062669,0.6081081647085735,0.6686395518151466,0.18309874289613415,0.6081081647085735,0.6654802020974722,0.6678057848525821,0.3230078912361184,0.45531222171074187,0.5901802507239513,0.7289768670797261,0.6215865858105406,-0.1111111410443919,SELL,0.0,1.0
0.6421725599791257,0.6313291290556173,0.6460032430372535,0.6442622770131576,0.0620588791113083,0.0,0.0,AVH,2021-07-06 00:00:00+10:00,"Pharmaceuticals, Biotechnology & Life Sciences",0.4078010609481945,0.46328085751854564,0.476190259937836,0.2580025690674756,0.6566793448571586,0.4276410103073349,0.6924546305506716,0.38047816843485904,0.6546905323477636,0.42985553105143537,0.6325551610165681,0.4302879169840764,0.6228350286975703,0.31159958996411896,0.5190353488794535,0.2789961645559856,0.134176205488495,0.134176205488495,0.23423561502624604,0.234235615026246,0.5246227156898087,0.5246227156898087,0.40611171480409736,0.40611171480409725,0.2199997901916504,0.39402190245257684,0.6865796374940641,0.6609749308436025,0.7267361097580063,0.371609339980875,0.6692035023620522,0.6986285839828675,0.2911458303464688,0.6974888778786588,0.6021800397320298,0.4608467561443702,0.6460189344846095,0.6071896392882719,0.6039744433731943,0.22430013162563672,0.5633623763661741,0.14855104327483146,0.04471158413839292,0.3954589590307842,0.30372307005259375,0.61271462465646,0.34638734479675565,0.39545895903078426,0.30372307005259375,0.6127146246564601,0.34638734479675565,0.08450695712092456,0.26321920418260064,0.5578230012654027,0.634743038080876,0.08450695712092449,0.5578230012654026,0.5604981539107937,0.6691728700853466,0.2893967261176972,0.43108360644557847,0.4708621115899738,0.7021707455060464,0.7214397213480104,-0.11259536288583316,SELL,0.0,1.0
0.6421725599791257,0.6408227908090317,0.654159881168755,0.6704918387755696,0.07350195718161406,0.0,0.0,AVH,2021-07-07 00:00:00+10:00,"Pharmaceuticals, Biotechnology & Life Sciences",0.5036899188247769,0.559480831250162,0.585033998158825,0.33863576245588783,0.6623075546477013,0.47948767379969004,0.689155159197346,0.43316969531633087,0.662281648337735,0.4584423375475597,0.6336171401938195,0.45822775442928954,0.6214138324562423,0.3346238598194341,0.5174128239448232,0.29578740872650394,0.1458732541310115,0.1458732541310115,0.2482849600028225,0.24828496000282252,0.5280557106076839,0.5280557106076837,0.4104587912021196,0.4104587912021196,0.4130435684002115,0.4946598212090463,0.7106640596997907,0.6563482241469406,0.7197709257367154,0.37519831349043975,0.6636100751099676,0.6981775083530146,0.47587925376085216,0.6908122331828095,0.6259746607980077,0.5063922774453883,0.6479851299511725,0.6070233912643663,0.6491135994968765,0.20649834498183414,0.5551233671988389,0.18884203468566763,0.053646758899113044,0.45673789828242045,0.35501084706606295,0.6318303292079959,0.354998783942661,0.45673789828242034,0.35501084706606295,0.631830329207996,0.35499878394266104,0.30985951437831855,0.19657954846502634,0.6620690789149158,0.6202781986095389,0.3098595143783186,0.6620690789149157,0.5338078343145543,0.6705399553181112,0.36528301879445063,0.44563725044418273,0.5363741050126366,0.6967350303062739,0.7194052922879276,-0.12962968032219357,SELL,0.0,1.0
0.6533546198722342,0.6392404761256709,0.6476346017785404,0.6491803442717434,0.06815371164997727,0.0,0.0,AVH,2021-07-08 00:00:00+10:00,"Pharmaceuticals, Biotechnology & Life Sciences",0.3839119587395005,0.4386510376379783,0.44897973085628906,0.23862995360391565,0.6586657690561684,0.4351235822228121,0.685682035815203,0.4005242914851723,0.6685788234477501,0.417711233569817,0.6336903800768652,0.4345574665005636,0.6193933367032851,0.31842580437633494,0.5159206221858085,0.2840717548685094,0.14274553256347663,0.14274553256347663,0.24996233397965054,0.2499623339796505,0.536751194943213,0.5367511949432131,0.4102005629385802,0.4102005629385802,0.45783124224062804,0.39966187258908953,0.6755021320300788,0.6419323040515198,0.7108839070352607,0.3584340206768104,0.6620121268499708,0.6928234562978633,0.36017728661948156,0.6800925065694994,0.6517907888300893,0.4307786888542141,0.6481210095889447,0.607011568597859,0.6104600170503329,0.1572211760395342,0.5522530685301196,0.21968635251664373,0.049970327244091665,0.39340228153314155,0.35259792113106286,0.5991085657609533,0.3246091743656034,0.39340228153314155,0.35259792113106286,0.5991085657609535,0.3246091743656035,0.12676077148218443,0.17740108938920904,0.5724138157829832,0.6081663695690285,0.12676077148218434,0.5724138157829832,0.5053381148271219,0.6691729352715584,0.3384002629709899,0.4155791313185564,0.4631401330939733,0.6656618393098661,0.7174115518090466,-0.08538895842387129,SELL,0.0,1.0
0.6261980581225648,0.6123417300998719,0.6280587636078963,0.6377049061150615,0.040143596972702936,0.0,0.0,AVH,2021-07-09 00:00:00+10:00,"Pharmaceuticals, Biotechnology & Life Sciences",0.40758159348484035,0.46305582470714296,0.5170068645075571,0.2880470794610495,0.6503889936669458,0.4265671185159685,0.6752626491076155,0.39709821815980906,0.6746172087364446,0.39241762771955746,0.63332417891546,0.42222969710904135,0.6173385944707963,0.31043466227496097,0.5144219041126554,0.2782189504782147,0.13128502837498068,0.13128502837498068,0.1671301863943783,0.16713018639437827,0.5381341286801297,0.5381341286801298,0.4109639035325746,0.4109639035325745,0.48101253598156873,0.40619166225974035,0.6588095669883521,0.6244122014193387,0.6997456287466683,0.3387961323049291,0.6331421783744129,0.7041451264547376,0.26951799000257975,0.6618705901513935,0.6858626795083067,0.3457738162396508,0.6474554143947209,0.607053068613115,0.5904732937612298,0.11853161492629918,0.5472555493213761,0.16173144931499486,0.029669122617406587,0.36299041957621253,0.2898923261488606,0.594052758172773,0.31159187889322565,0.3629904195762125,0.28989232614886057,0.594052758172773,0.3115918788932257,0.09210489166068006,0.17998756300503682,0.5241378289765758,0.5967362956149436,0.09210489166068003,0.5241378289765757,0.4964412850640709,0.6746411458301927,0.28416164812686756,0.3497306449877261,0.4783622591237088,0.6452340491222952,0.715457686139743,-0.09423072867139404,SELL,0.0,1.0
0.6230031729856667,0.6202531526188423,0.6362153239519315,0.6409835915641096,0.035077375682271046,0.0,0.0,AVH,2021-07-12 00:00:00+10:00,"Pharmaceuticals, Biotechnology & Life Sciences",0.4451520485980899,0.5012503920695082,0.5442177179680642,0.3086310008175988,0.647409349475083,0.4422855081541579,0.669358331077393,0.4131329722886081,0.6767737754985961,0.39434440749726307,0.6333607979838947,0.42582298040506494,0.6156434321085811,0.3145283759045213,0.5132880912419407,0.2809668257151124,0.12099916189751025,0.12099916189751025,0.1459651381702968,0.14596513817029683,0.4561814627204631,0.45618146272046317,0.40892828282427873,0.4089282828242786,0.37878769269449714,0.3319002932509668,0.6694851675129911,0.6112614413860966,0.6878110521021675,0.33184996833815084,0.6194785112757262,0.7074943786971071,0.3157036961667123,0.6577205267685862,0.6952655901993618,0.3381522852089228,0.6475167503708932,0.6070555803481144,0.5963355613431808,0.10742347765161925,0.4519602424219942,0.15224238636911802,0.03059980089789739,0.3975850387552983,0.3295463760135915,0.49244929209754557,0.3235241764580118,0.3975850387552984,0.3295463760135915,0.49244929209754573,0.3235241764580119,0.11842066462337694,0.11481833426994623,0.34313716782097103,0.4885161179395987,0.11842066462337697,0.34313716782097103,0.4448398760698713,0.6732741257836401,0.3231711387888773,0.3332981973964119,0.3722172922402495,0.664050870450869,0.7109395356884943,-0.06896545424267708,SELL,0.0,1.0
0.6309904239139472,0.6376582368912269,0.6476346017785404,0.6508197260812809,0.043408860313393326,0.0,0.0,AVH,2021-07-13 00:00:00+10:00,"Pharmaceuticals, Biotechnology & Life Sciences",0.46192752589542124,0.518094537099904,0.5510205935226712,0.3136396692490358,0.648733648061119,0.4639544206721662,0.66831639406275,0.4330492627924063,0.6791028674371866,0.4056774647804291,0.633031219383277,0.4370593217475459,0.6137256733447762,0.3243390971065626,0.5122064079521872,0.28763542479848675,0.12084836299802934,0.12084836299802937,0.11934094099576181,0.11934094099576183,0.45657759817633325,0.4565775981763332,0.4034725321042928,0.4034725321042928,0.36923128838991426,0.38983475639591275,0.6062928561230173,0.6046179533977296,0.6767357526792543,0.33934550117427814,0.6183113200995778,0.7066704658536459,0.45662269941234573,0.6533961648125568,0.7052357459615537,0.35919302140577963,0.6468101587009856,0.6072301526185551,0.6149152718138752,0.09781342160402026,0.4298574124651646,0.20190204446828655,0.039520762873828344,0.42698906618314825,0.37634230856939654,0.4959151722438606,0.31280206852563885,0.42698906618314825,0.37634230856939654,0.4959151722438606,0.31280206852563885,0.19736861092898575,0.1388545131609572,0.3146070245088978,0.4010369545598833,0.19736861092898572,0.31460702450889777,0.40747332681938797,0.5898838821713591,0.3908095210303018,0.3636138990283708,0.4383591620716046,0.5895812870667233,0.7066021112552955,-0.03409096553469926,HOLD,0.0,0.5
0.6373801941877435,0.623417706536647,0.6362153239519315,0.642622973373647,0.03518441165412991,0.0,0.0,AVH,2021-07-14 00:00:00+10:00,"Pharmaceuticals, Biotechnology & Life Sciences",0.4159450746258779,0.4716152974915079,0.48979601104704984,0.26791044891015947,0.6431054382705763,0.45726897885108153,0.66831639406275,0.4179394469476221,0.6756523597950794,0.3982822780972899,0.6328114997341399,0.42820589658770647,0.6115681949396161,0.31916171161786633,0.5109487882199953,0.2835713828942365,0.07365762075531743,0.07365762075531743,0.11060016224944816,0.11060016224944814,0.30040189189194644,0.3004018918919464,0.4025249240696416,0.4025249240696416,0.42857167185509637,0.40804178063853525,0.5892614097090316,0.5950796462356714,0.6656822252888908,0.3395354200744712,0.6183113200995778,0.7066704658536459,0.34874220637017683,0.6498840998244788,0.7020994313294666,0.3340988571132588,0.6463974536686621,0.6072720838279393,0.600497203310294,0.07806900396478891,0.36423640317726763,0.191898827358702,0.03680242858475202,0.38020265672411924,0.3868761112245519,0.37530795807225664,0.31591185085597984,0.3802026567241192,0.3868761112245519,0.37530795807225675,0.31591185085597984,0.13157886481348446,0.15229216381948832,0.13157886481348446,0.2678335986960504,0.13157886481348435,0.13157886481348435,0.3950178669668647,0.5775803758213259,0.34591635413633703,0.312362248373818,0.4631398917534586,0.5497362626481814,0.7024381837994247,-0.040152970818568945,HOLD,0.0,0.5
0.6214057685032528,0.6091771761820671,0.6150082048274668,0.6147541079717247,0.07126774781880897,0.0,0.0,AVH,2021-07-15 00:00:00+10:00,"Pharmaceuticals, Biotechnology & Life Sciences",0.3654201150321494,0.419396351084613,0.44217685530168216,0.23116387429234833,0.6361529456806936,0.40318935465601946,0.662759388370742,0.37585820711197804,0.6731507426800496,0.36041994794849175,0.632115719972117,0.3980213177559193,0.6096161905127606,0.29714920045122517,0.5095673613156112,0.26769159105801027,0.09236105969241226,0.09236105969241226,0.1073609099032469,0.10736090990324691,0.28423140592171614,0.28423140592171603,0.40950433644236317,0.40950433644236317,0.3636367577158967,0.23028409263879057,0.42592204570385706,0.5745797267890973,0.6521255455058156,0.31770025386497364,0.6204682912102975,0.6927426750647828,0.1450577236650633,0.6526218576609597,0.6936275438601907,0.2310607036252677,0.645391396943233,0.607021057744987,0.5509899559870909,0.07967361693815864,0.3499295177063578,0.3833227495789672,0.07704618568221913,0.3701950730771846,0.331113444152243,0.39156623045433553,0.3016484623787726,0.3701950730771845,0.331113444152243,0.39156623045433564,0.30164846237877263,0.013513182618378083,0.11657976949849345,0.011904471315111714,0.15543951073917353,0.013513182618377972,0.011904471315111742,0.3523132028892594,0.507860658605631,0.24174015883053712,0.2559462867633673,0.2927621353942246,0.4357712472527757,0.6984408134417887,-0.015810261780775714,HOLD,0.0,0.5
0.6038338621642778,0.5996835144286528,0.6101142063910727,0.6180327934207728,0.045653284727454654,0.0,0.0,AVH,2021-07-16 00:00:00+10:00,"Pharmaceuticals, Biotechnology & Life Sciences",0.44538545886499314,0.5014856369680369,0.5306122912378106,0.29831928591425944,0.6321800972826739,0.42158345993026636,0.6563341059734876,0.39286745029282044,0.6686650839793076,0.37124739914958726,0.6321523390405517,0.40162029405065713,0.6077840454983422,0.30136068283389694,0.5083814191746503,0.27047674787701365,0.09496947270679199,0.09496947270679199,0.09973295836996693,0.09973295836996694,0.252446347610793,0.252446347610793,0.40130079308245825,0.40130079308245814,0.19230808026622143,0.2939599858292202,0.4849833155262512,0.5596622438913618,0.6378499982410911,0.31142952460769013,0.6124651796423668,0.6885779597116448,0.2247429233135475,0.6503634044857127,0.6868439885120199,0.2711473789345586,0.6454322124271199,0.6070497489376632,0.5569095795373267,0.08251267081267019,0.328233722995312,0.23968491812663975,0.052000609480368054,0.39025555351957103,0.32322870443453966,0.35425513927255636,0.3235545990654155,0.390255553519571,0.3232287044345396,0.3542551392725565,0.3235545990654155,0.09677411912009685,0.08233559463756263,0.0689654605425421,0.07208825997938932,0.09677411912009681,0.06896546054254216,0.32562279844656317,0.48188662585901165,0.23515421255108554,0.266168509002328,0.31132653138886784,0.4608719118636778,0.6919334271465797,0.05511815236486828,BUY,0.0,0.0
0.6038338621642778,0.5933544065930432,0.6133768460861799,0.6196721752303103,0.025572492554671065,0.0,0.0,AVH,2021-07-19 00:00:00+10:00,"Pharmaceuticals, Biotechnology & Life Sciences",0.4410337297403443,0.49709559595925007,0.5374151667924175,0.303597060988999,0.6278761860781674,0.4367301447352032,0.6525136702531305,0.40251400791656633,0.6651283158056429,0.37844611757625346,0.632701639036483,0.4028851217073779,0.6061231296156587,0.30406117905649666,0.5071824450268428,0.2722859459314895,0.09361725980531108,0.09361725980531108,0.08921738967886947,0.08921738967886948,0.25033375829294424,0.25033375829294424,0.39636439621538544,0.39636439621538533,0.2750008046605942,0.36761989706497794,0.4181618995578399,0.5485549579510047,0.6238754934540994,0.3140555383320457,0.6103417220005463,0.6831044616324581,0.29149190152874815,0.6492550999756481,0.6807067042818953,0.2990295019183594,0.6459007098810734,0.6076635203931033,0.5590037842537322,0.07761495673678273,0.3153307798958531,0.14003047559440682,0.0300871176886065,0.3880699512823267,0.34803395225957,0.37193179702779744,0.3398521403601934,0.38806995128232674,0.34803395225956996,0.37193179702779744,0.33985214036019346,0.11290352351961262,0.07597817246309724,0.08045997801067896,0.05474256699623746,0.11290352351961264,0.08045997801067895,0.2829182192154146,0.4477102772744407,0.27125677200700904,0.28069206094849314,0.3501340025033316,0.4026153863616537,0.683401913514915,0.09626714271688885,BUY,0.0,0.0
0.607028747301176,0.6012658291120135,0.6166394857812874,0.6180327934207728,0.03230998505715654,0.0,0.0,AVH,2021-07-20 00:00:00+10:00,"Pharmaceuticals, Biotechnology & Life Sciences",0.43240660679878956,0.4883667638148233,0.5170068645075571,0.2878053807116623,0.6212547562947717,0.44942659273722985,0.649735171547416,0.40425359459414967,0.659348716224945,0.38383887267047023,0.6333607979838947,0.4004068654045907,0.6044450904932093,0.30399483831058627,0.505996502885882,0.2721012196687323,0.0785116582687179,0.0785116582687179,0.08641306378455951,0.08641306378455953,0.21501980926901224,0.21501980926901215,0.3958185140142929,0.3958185140142929,0.32353015424229414,0.40754608996045893,0.43731902958808977,0.5390923644667388,0.6105200117684936,0.31945531836367136,0.6098341320193166,0.6779445573507835,0.3130212949407336,0.6394564822945232,0.6800466831448464,0.30268366768866123,0.6463836263784186,0.6085011875582655,0.5549481938950305,0.07189588404128122,0.26832878135186894,0.18627507747036998,0.04319569904751073,0.3725506677374553,0.35824989736049695,0.331411224673731,0.3435087861741879,0.3725506677374554,0.35824989736049695,0.3314112246737311,0.343508786174188,0.09677411912009685,0.10432169324022363,0.0689654605425421,0.07410453793022936,0.09677411912009681,0.06896546054254216,0.2615659295998404,0.4340397508778545,0.3203115884693116,0.30330500250464515,0.4251716453043148,0.43786909777697813,0.6755529209737835,0.06299216072190883,BUY,0.0,0.0
0.6230031729856667,0.6329113682900613,0.6394779636470389,0.6442622770131576,0.06034608149523479,0.0,0.0,AVH,2021-07-21 00:00:00+10:00,"Pharmaceuticals, Biotechnology & Life Sciences",0.5057991280348781,0.5615507106744773,0.5578231446983178,0.3189427157209382,0.6215858191012584,0.5172928516793784,0.6469566645611223,0.458598197760512,0.6563295194672731,0.4275279285936575,0.6347523557617638,0.4280166332450628,0.6031951225671348,0.3273404783298056,0.5048496576976059,0.28883723548346846,0.13006405617973657,0.13006405617973657,0.08842426724451502,0.08842426724451503,0.2257420484187597,0.22574204841875972,0.4012643308231546,0.4012643308231544,0.5208332712452874,0.4131725032739974,0.4086980826295208,0.5434961121519927,0.6008482470179183,0.3515886282569609,0.5995914532828075,0.6838572046881073,0.6322909029285129,0.6333898278765526,0.6808138490241578,0.4331417229303844,0.6477248023377911,0.6098591987523669,0.6004847240428821,0.08486128960168915,0.25345349327867867,0.31068276172074416,0.0843148450478113,0.42014526174067846,0.3590980003938485,0.38345149080824037,0.3673044403645661,0.4201452617406785,0.35909800039384854,0.3834514908082404,0.3673044403645662,0.4399995803833008,0.22116181540665625,0.25287335532265437,0.13650828103870705,0.4399995803833008,0.2528733553226543,0.23665492504833704,0.41900213924850394,0.4879184485506001,0.39248637772967515,0.32811009419609916,0.35092572019087126,0.6683318478359425,0.04961836645774409,HOLD,0.0,0.5
0.6453674451160238,0.6408227908090317,0.6574225208638624,0.6557377151698396,0.05132885603195445,0.0,0.0,AVH,2021-07-22 00:00:00+10:00,"Pharmaceuticals, Biotechnology & Life Sciences",0.46601706073833754,0.522181502255528,0.51020398895295,0.2832571117177668,0.629862594490481,0.5252587219360643,0.6476512892375509,0.4789858829900975,0.6549493180557602,0.4468183078516996,0.6359608147051066,0.4394443131167657,0.6027328057077092,0.33750452109596873,0.5037484257761525,0.2966060793449476,0.06909431116770148,0.06909431116770148,0.07808806299372709,0.0780880629937271,0.2237067180424077,0.22370671804240766,0.3985955999898134,0.3985955999898133,0.53061192713939,0.4131727692154288,0.46863915781894705,0.5521119170126424,0.5950919981025786,0.3857439355036267,0.6019812304102279,0.682573409645042,0.7546443493505361,0.6307287882165076,0.6810328470724221,0.4955505631423332,0.6493393130623779,0.6104646774578499,0.6190837467302908,0.07458709794135127,0.24377316757629014,0.2887420505883602,0.07388376936948668,0.4769550916418458,0.3939919250119579,0.41565594768591396,0.36045975059865487,0.4769550916418458,0.393991925011958,0.41565594768591396,0.3604597505986549,0.6904759742235502,0.4177778690404623,0.33333333333333337,0.2223134278128638,0.6904759742235502,0.33333333333333326,0.2295375800229357,0.3902940012225674,0.5821429160923496,0.44386746517329784,0.4484261800560373,0.4142664981635421,0.6616884605491288,0.052730736878649154,BUY,0.0,0.0
0.6309904239139472,0.623417706536647,0.632952684256824,0.6327869170265028,0.04457959401389113,0.0,0.0,AVH,2021-07-23 00:00:00+10:00,"Pharmaceuticals, Biotechnology & Life Sciences",0.3788863921469848,0.433434661164938,0.47619058431679623,0.25746525503383183,0.632842238682344,0.45806657340287416,0.647130324870519,0.43663282177261364,0.6495147688279403,0.4198265301258821,0.6360340545881524,0.41402553073485315,0.60172255742299,0.3187524447068475,0.5026146132161528,0.2834225589937011,0.12024306025346582,0.12024306025346582,0.0943766922597396,0.09437669225973962,0.16904649678288405,0.16904649678288403,0.3964735119540016,0.3964735119540015,0.44827594711715135,0.4131727692154288,0.46367767133798,0.5485255554822248,0.5896623323870213,0.3885927426594513,0.6014232759307918,0.6821322978948084,0.4835534722831378,0.6116356092128372,0.6920008025354363,0.3820340385552845,0.6494406435466358,0.6104969316141409,0.5772859555306978,0.07403384230944351,0.2067352323365344,0.252032581297978,0.0725601609781754,0.4390494110535149,0.38146745133899396,0.3390382602766116,0.32465163513970735,0.4390494110535149,0.38146745133899396,0.33903826027661166,0.32465163513970746,0.39473697419307885,0.5192097857160407,0.17241392540073508,0.2574156263002947,0.39473697419307885,0.17241392540073508,0.22953766486939245,0.3861928758966974,0.44448999511539133,0.3671984863481509,0.4579994349274751,0.4332067653173688,0.6555765442452602,0.1005802656195065,BUY,0.0,0.0
0.6230031729856667,0.6218354673022031,0.6313214033030035,0.6295082315774547,0.027573976401899198,0.0,0.0,AVH,2021-07-26 00:00:00+10:00,"Pharmaceuticals, Biotechnology & Life Sciences",0.4282308529186332,0.4841294174669502,0.49659888660165674,0.27254012158124896,0.6348286628813538,0.4445421615033336,0.6459147358270587,0.43260372544197656,0.6459780006542757,0.4198667243067886,0.6354115147091752,0.4110348232359874,0.5994623420286775,0.3177836849503799,0.5012006053625073,0.28241309813549814,0.1220505456896687,0.1220505456896687,0.09401282056326751,0.09401282056326753,0.1453943118868948,0.14539431188689478,0.3891519310668359,0.38915193106683577,0.6046512659463104,0.4359581395081994,0.3381654462885437,0.5442222525168384,0.5843290759968539,0.3894337276710574,0.5999866708235186,0.6812562447253669,0.45732212116210447,0.6024627246667467,0.6953231539275817,0.3658471349347745,0.6483770175084973,0.6104808795078285,0.5724846835916295,0.07506517488656544,0.19230880518601295,0.15444704075383428,0.047289634570066186,0.43195790857394484,0.3743042009688277,0.3727083448497865,0.3040797640155795,0.4319579085739447,0.37430420096882777,0.37270834484978643,0.30407976401557957,0.3421054612896182,0.4858848663112128,0.16883132163781803,0.2288984303057827,0.3421054612896183,0.1688313216378179,0.23487569485005763,0.34654831675349196,0.4347155987372678,0.36557052718675104,0.4847108553194106,0.3016366811465008,0.6499535812457011,0.052427179791586065,BUY,0.0,0.0
0.6134185175749722,0.6060126222642623,0.6199021254763948,0.6229508606793586,0.033191588393836416,0.0,0.0,AVH,2021-07-27 00:00:00+10:00,"Pharmaceuticals, Biotechnology & Life Sciences",0.4196798756997212,0.4754269837290567,0.5102043133319104,0.28267128276769493,0.6358218828742068,0.42513152460253023,0.6429625768119475,0.4254368658688015,0.6439939590685635,0.4126772638153291,0.6355946152898779,0.40360539366852677,0.597527460841588,0.313733534022388,0.49968885528250784,0.2794604362573598,0.12501294171987776,0.12501294171987776,0.08935091714721494,0.08935091714721492,0.12034125288685252,0.12034125288685249,0.372388110508331,0.372388110508331,0.5333335452608244,0.3134192193673408,0.38736335868386085,0.5379392354183666,0.5786177213246503,0.386135550997585,0.5949656428864694,0.6808712830934442,0.40370642800637885,0.6008782872052989,0.6930095250702877,0.3297274776045772,0.6485745212909293,0.6106327334828971,0.560230196726208,0.07551945096902127,0.17262977784166522,0.18515711074699662,0.061420513759418795,0.4249220299759081,0.3566911385137197,0.40231452228456566,0.3280945756894721,0.42492202997590817,0.35669113851371975,0.40231452228456566,0.32809457568947215,0.2368424354826971,0.33145984816074653,0.14516156322631157,0.16504786632610113,0.236842435482697,0.14516156322631157,0.2241994651958137,0.32330838928618977,0.36317373908355655,0.319251652975824,0.3803767007726599,0.3238444172711694,0.6447804552861067,0.04500978729237404,HOLD,0.0,0.5
0.6038338621642778,0.5901898526752384,0.6101142063910727,0.609836118883166,0.03732091183100574,0.0,0.0,AVH,2021-07-28 00:00:00+10:00,"Pharmaceuticals, Biotechnology & Life Sciences",0.4023771157313929,0.4577126720341593,0.49659888660165674,0.271931165515062,0.6288694060710203,0.40865369214783476,0.6394894534298045,0.4066678201930156,0.6422687073041722,0.39504695718390526,0.6373889950437635,0.3873474773396539,0.5958494217191387,0.3038237753032025,0.4980467817161778,0.27256154860085696,0.07788815901473975,0.07788815901473975,0.09276778326618182,0.0927677832661818,0.11715651712767591,0.11715651712767589,0.2931415614918186,0.2931415614918186,0.4423077452112251,0.3349935356182974,0.42849271291964497,0.5272426648323734,0.5715890126318435,0.37464418352016926,0.5927951882540652,0.6761683926567355,0.28059646149832884,0.6018711683126059,0.6882169362238386,0.2558507807700056,0.6481704001687956,0.6151057584068063,0.5333458577517126,0.06365494973841365,0.15786086238795866,0.23290251833218933,0.07341403069663735,0.3699222990285044,0.35102492729802665,0.406977288671692,0.38437592595034453,0.36992229902850443,0.3510249272980266,0.406977288671692,0.3843759259503446,0.026316383868854765,0.20604285076293022,0.016129404399515778,0.11201730386953915,0.02631638386885471,0.016129404399515712,0.2135233203880266,0.2946003164464649,0.29081837806970323,0.26920974702502887,0.40437150805888594,0.35735485511187165,0.64002117940328,0.08349892285050009,BUY,0.0,0.0
0.607028747301176,0.5981012751942087,0.6166394857812874,0.6262295461284066,0.023936085756687694,0.0,0.0,AVH,2021-07-29 00:00:00+10:00,"Pharmaceuticals, Biotechnology & Life Sciences",0.4803221199056624,0.536418651533431,0.5510205935226712,0.3140902690537916,0.6229101334739908,0.4666034199421891,0.6407050507538442,0.4356848181172619,0.6401121405420205,0.42324883564362636,0.6394030944467861,0.40340522059248785,0.5951645076416423,0.3184698844775088,0.4965610962713012,0.28367338034051964,0.09387216079423208,0.09387216079423205,0.07568204750610694,0.07568204750610695,0.10776749663007731,0.10776749663007729,0.2951514456925237,0.2951514456925237,0.5409837859640949,0.44098911467341595,0.5092445859463212,0.5264135155423826,0.565775386786627,0.38524343269600764,0.5927344735299969,0.6787474958542251,0.47566186185324116,0.5983278663481031,0.6878382316996821,0.3869903831115821,0.6482060201404101,0.6195023602867309,0.5606252435015788,0.04953989385044066,0.12865888888373667,0.17393413623807544,0.053786931900140444,0.37731190162204675,0.39984564021241914,0.3990351025137115,0.39135472342438177,0.3773119016220467,0.39984564021241914,0.3990351025137116,0.3913547234243819,0.2894739483861577,0.18812613684895643,0.1774196029330105,0.11493148490744039,0.2894739483861576,0.1774196029330105,0.2064058905161685,0.2795627048171143,0.38167780728788714,0.3323585675744857,0.4648986579906277,0.41732965015279055,0.6356426455910793,0.02339179003549785,HOLD,0.0,0.5
0.60862622795566,0.594936721276404,0.6101142063910727,0.6147541079717247,0.02684737536471619,0.0,0.0,AVH,2021-07-30 00:00:00+10:00,"Pharmaceuticals, Biotechnology & Life Sciences",0.4067865052447834,0.4622403831567526,0.4965985622226965,0.2720858368857675,0.6192683478824579,0.4459527554745373,0.6403577384156299,0.4144903617148312,0.6367478975447951,0.41042270753604515,0.6413073331521517,0.38890663076454135,0.5944111022380445,0.30920838434836007,0.49512102378253264,0.27762321989626787,0.0747404873373484,0.0747404873373484,0.08191314531298752,0.0819131453129875,0.10492926061166905,0.10492926061166902,0.29621810653192937,0.29621810653192937,0.32692323563367537,0.3921118511834281,0.4179470172834867,0.5208547722421943,0.5598462798264949,0.38423608318521396,0.5929839614930161,0.6777465775013585,0.3296410188976375,0.5916663010406358,0.6885776373523769,0.3058180005520656,0.6476642502491032,0.6243932846902365,0.5358946105909479,0.04040276552293987,0.11020412043198226,0.21832684512345527,0.06629237078604287,0.3924089041195731,0.3831851329679471,0.37481406369018944,0.3881689606920639,0.392408904119573,0.38318513296794704,0.37481406369018955,0.3881689606920641,0.10526302580692116,0.14333413847994467,0.07999992370605469,0.09282079619551094,0.10526302580692115,0.07999992370605469,0.20996460545209758,0.23855112562735617,0.34701432857923437,0.307583430134779,0.40063739358341693,0.28318391855024144,0.6316143944838546,0.04150198429283303,HOLD,0.0,0.5
0.5958466874080675,0.6012658291120135,0.6117455651323593,0.6213114788698209,0.027918845414963138,0.0,0.0,AVH,2021-08-02 00:00:00+10:00,"Pharmaceuticals, Biotechnology & Life Sciences",0.45405499101417346,0.5102056953399955,0.578231122604218,0.3356299334922206,0.6176129864899349,0.4674987958794623,0.6405313904444474,0.4266476495479048,0.6349363811355218,0.42314295371108157,0.6428453724422889,0.3945866971679457,0.5934008539533254,0.31567484294870485,0.4938894686854638,0.28253595644439106,0.08130348409071506,0.08130348409071506,0.0837518836428971,0.08375188364289708,0.09610683554142804,0.09610683554142796,0.2901735830817739,0.2901735830817739,0.2857141466946412,0.37870620439190233,0.4031338375176403,0.5197226375963149,0.5548426653422112,0.39230921612535224,0.5929663923195096,0.6781251288366896,0.4130896771517745,0.5891202856981466,0.6877547207959636,0.37347943616759294,0.6477556245780103,0.6276688183271784,0.5458493526274635,0.040580471003054196,0.10420793204023056,0.2265154577422999,0.07122565661824408,0.4062454296299919,0.3887179306411115,0.40571547200881286,0.37393686218203387,0.4062454296299918,0.38871793064111154,0.4057154720088129,0.3739368621820339,0.21052605161384233,0.20604242359477548,0.19047597422355028,0.15198018447599632,0.2105260516138423,0.19047597422355023,0.20284709073378268,0.22761470451008728,0.39099236935257237,0.3406084862243072,0.37850956707191635,0.35993533297440355,0.6279084034652079,0.009803959150949337,HOLD,0.0,0.5
0.607028747301176,0.6202531526188423,0.623164765171502,0.642622973373647,0.046845780928454886,0.0,0.0,AVH,2021-08-03 00:00:00+10:00,"Pharmaceuticals, Biotechnology & Life Sciences",0.49262601248833526,0.5485914932365016,0.6190477271739391,0.36665979506677726,0.6215858348879546,0.5129978786247236,0.6431362371213444,0.46241249121290795,0.6348501206039647,0.45617855289931875,0.6449327117283574,0.4158400363664917,0.5924077289083723,0.33487003156908945,0.49274913981132584,0.29652186396151675,0.10476678688774152,0.10476678688774152,0.10034827865342696,0.10034827865342698,0.10763187836838692,0.10763187836838695,0.2939210048444755,0.2939210048444756,0.5624999379118308,0.482713356114729,0.5147025768541355,0.5286732806080595,0.5528979310621556,0.4189920333076941,0.5959138740850078,0.6801513622112085,0.65879835448093,0.5889401533765983,0.6877846200418922,0.5619410777534135,0.6482869172814092,0.6315945837924792,0.5837529751737788,0.0476162577743287,0.10103126724381774,0.3482125071829083,0.1216500216820425,0.44594716506946114,0.41455849214902,0.44204979559131236,0.3926349307054634,0.4459471650694612,0.41455849214901996,0.4420497955913124,0.3926349307054634,0.5526315129034606,0.29562599316464433,0.5526315129034606,0.27929732694577825,0.5526315129034606,0.5526315129034606,0.2135232355415698,0.23034887497561632,0.536823582783679,0.44262468881054373,0.4671944549374796,0.429751105387594,0.6244988917280531,-0.02676861682122844,HOLD,0.0,0.5
0.6277955387770491,0.623417706536647,0.632952684256824,0.6360656024755509,0.016205068486367012,0.0,0.0,AVH,2021-08-04 00:00:00+10:00,"Pharmaceuticals, Biotechnology & Life Sciences",0.4199404651407481,0.4756926935310424,0.5034014377773034,0.27781415576702845,0.6268829660853144,0.48194533791061067,0.6422679604160982,0.4515507167935364,0.6330386041946914,0.44872502794222835,0.6472763897319975,0.40633259287750967,0.5913461125373176,0.3300966356478279,0.49144590681231104,0.29341268797305325,0.09220169239133885,0.09220169239133885,0.07426770420253931,0.07426770420253932,0.08740500173859375,0.08740500173859372,0.2892704253678756,0.2892704253678756,0.5399999618530273,0.5618680913954935,0.5268056127805578,0.532951605479236,0.5523259238632152,0.4309664237058595,0.593787583209058,0.6807769028969194,0.5891480831581462,0.5825214424480569,0.6915043193385526,0.5268985550387015,0.647928162243786,0.6372211952306763,0.5674892142263916,0.03673560182255107,0.08906703700784115,0.13839820108117384,0.04512268566113889,0.45590578061089787,0.3779304620484581,0.4063517479275956,0.40316337270645064,0.45590578061089787,0.37793046204845815,0.4063517479275956,0.40316337270645075,0.4473684870965394,0.41208484718955113,0.4473684870965394,0.40395306009611726,0.4473684870965394,0.4473684870965394,0.2046264906249756,0.2344500003014862,0.5402723613674513,0.4591129873316946,0.5592925606502587,0.4823889421498654,0.5852895067507715,-0.017341069671604314,HOLD,0.0,0.5
0.6118211130925582,0.6012658291120135,0.6199021254763948,0.6213114788698209,0.02213157474563967,0.0,0.0,AVH,2021-08-05 00:00:00+10:00,"Pharmaceuticals, Biotechnology & Life Sciences",0.3986801337343324,0.45390935289356615,0.51020398895295,0.2826405313892526,0.6258897460924613,0.44607354879091643,0.6386211767245584,0.4300572503606326,0.6315721381382964,0.42802832039380756,0.6497299284332947,0.387846450048415,0.5901988816003955,0.31829382250851046,0.4901882867694042,0.2851736597723193,0.0971192610212355,0.0971192610212355,0.07350000944191165,0.07350000944191164,0.08160723300570746,0.08160723300570744,0.28570561487291435,0.28570561487291424,0.49090888598740806,0.4940385496314097,0.4148448376753604,0.5298528879813728,0.5511557829204635,0.425748862941417,0.5835080546677196,0.6849385866658789,0.41311104745752913,0.5802724025041821,0.6910586456757386,0.3837317756655327,0.6461255872712599,0.6449320858485197,0.5337318903284411,0.03580576619382669,0.07945710085923478,0.1914502465640972,0.06542238567123582,0.4108633843184427,0.3497994628457001,0.41275260512539746,0.4092377729860454,0.4108633843184427,0.3497994628457001,0.41275260512539746,0.4092377729860455,0.21052605161384233,0.41208484718955113,0.21052605161384233,0.4107564650302277,0.2105260516138423,0.2105260516138423,0.20284717558023943,0.22761470451008728,0.40169938661578186,0.3652087623301964,0.5881332558176325,0.40584317761217203,0.5861345770997353,-0.0019607357316996366,HOLD,0.0,0.5
0.607028747301176,0.5981012751942087,0.6199021254763948,0.6196721752303103,0.01628057103913053,0.0,0.0,AVH,2021-08-06 00:00:00+10:00,"Pharmaceuticals, Biotechnology & Life Sciences",0.432415261313122,0.48837553758729163,0.523809740062164,0.29306245864859737,0.6268829660853144,0.4392622941937314,0.6372319273717012,0.4294186243303493,0.6306232517245436,0.42686934887074957,0.6520003683000657,0.38386595868562634,0.5890858971430053,0.3177890996014108,0.48910660347965074,0.2849310111201527,0.08825547516027601,0.08825547516027599,0.05361274897087556,0.05361274897087555,0.07826730272444743,0.07826730272444737,0.28565477955656726,0.28565477955656726,0.5624999379118308,0.482713356114729,0.4612677417279559,0.5268779779118037,0.549535603905277,0.4218231506512558,0.5819182641373881,0.683878179214502,0.4054528038607069,0.5795381266138924,0.6899245704635244,0.3762007726218626,0.6443599662197705,0.6521920119040749,0.5258204723213172,0.030360861128945878,0.07447423454838005,0.15233812974152108,0.049714918442712745,0.4249499498969334,0.3723692106556883,0.4234718024922387,0.4020401595710423,0.42494994989693347,0.37236921065568823,0.42347180249223876,0.4020401595710423,0.18421092257923652,0.2866678497917348,0.18421092257923652,0.28574375743572594,0.18421092257923644,0.18421092257923644,0.20106786053550332,0.21394417811350128,0.38468618823159123,0.3618242207246327,0.6002693089551411,0.4425035669237982,0.5869627460417198,-0.07269162108141047,SELL,0.0,1.0
0.607028747301176,0.6012658291120135,0.6166394857812874,0.6295082315774547,0.027420528566723935,0.0,0.0,AVH,2021-08-09 00:00:00+10:00,"Pharmaceuticals, Biotechnology & Life Sciences",0.46257122977890264,0.51873833582857,0.5646260202529247,0.32460417425638877,0.6285383274778373,0.4606054526165466,0.6372319273717012,0.44818434133059326,0.6300194156636689,0.44302252652999896,0.6536848873562942,0.3929000070525721,0.588246877990021,0.32700440178176093,0.48815524336551264,0.2917340270084647,0.09137291540369935,0.09137291540369935,0.059013732002363345,0.05901373200236336,0.08140204847117571,0.08140204847117569,0.2691443457464423,0.2691443457464423,0.5227272480972573,0.5204641580356332,0.5237524610141073,0.5291686218804532,0.5487661832555711,0.42924437293419815,0.5819182641373881,0.683878179214502,0.5916729323530701,0.5784387485238438,0.6899443455821594,0.4888919012683391,0.6440643412304168,0.6562843255977016,0.543544762830299,0.030104086436494794,0.07287539936102234,0.25756730370164166,0.08462855355714673,0.42958498891277885,0.3868761112245519,0.4309471193442788,0.3787226894008569,0.42958498891277885,0.3868761112245519,0.43094711934427893,0.3787226894008569,0.3421054612896182,0.2508344219637873,0.3421054612896182,0.250025840980154,0.3421054612896183,0.3421054612896183,0.20106786053550332,0.20710894750831407,0.40863494886314866,0.3873578024376174,0.595146452503275,0.49729431117791933,0.5877743516048646,-0.0834952033423414,SELL,0.0,1.0
0.607028747301176,0.6123417300998719,0.6199021254763948,0.6213114788698209,0.0331838160722284,0.0,0.0,AVH,2021-08-10 00:00:00+10:00,"Pharmaceuticals, Biotechnology & Life Sciences",0.4154207614028248,0.47107966624524866,0.5306122912378106,0.29831928591425944,0.6242344004866345,0.4503251442583247,0.6370582670623044,0.43285783865157246,0.6284666849623921,0.4325708194308313,0.6557356058277515,0.3820471134273482,0.5874763493466574,0.3205356795308548,0.4871517539811284,0.28735790957837976,0.052662280963235546,0.052662280963235546,0.060249667032434534,0.06024966703243455,0.07948463162548508,0.07948463162548511,0.26071703658440026,0.26071703658440015,0.5476189935558876,0.3983767735690932,0.49100143116079076,0.5274898121948862,0.5477646125237949,0.42721931219785825,0.5818404065875706,0.6836081479476156,0.4398304752735047,0.5751022099158762,0.6905928900983926,0.4091688630734601,0.6425057664775005,0.6627955179731646,0.521475495881065,0.023064294712352273,0.07074029593289342,0.34866222056888996,0.10390110151721901,0.3881268001891967,0.3850414130042648,0.41098328382495786,0.3932263805404901,0.3881268001891967,0.3850414130042648,0.4109832838249579,0.39322638054049014,0.21052605161384233,0.25083442196378725,0.21052605161384233,0.250025840980154,0.2105260516138423,0.2105260516138423,0.17793617102873613,0.21394417811350128,0.4374521253422878,0.4057383029926368,0.5616955659268017,0.49518108544640516,0.5885697250567467,-0.09803921751955846,SELL,0.0,1.0
0.6022364576818637,0.594936721276404,0.6084829254372521,0.6229508606793586,0.062095297989700114,0.0,0.0,AVH,2021-08-11 00:00:00+10:00,"Pharmaceuticals, Biotechnology & Life Sciences",0.4410167971952952,0.49707849737084464,0.5578231446983178,0.3194715201213799,0.6215858348879546,0.4614574771814173,0.6384475164151615,0.4334913707261423,0.6274315339037573,0.4366449510567474,0.6576398445331173,0.3819924931079203,0.5870654013900481,0.3222981447717084,0.486070070691375,0.2891634098562071,0.054326875571307824,0.054326875571307824,0.050166652615956236,0.05016665261595625,0.07819440070229153,0.0781944007022915,0.26016641183037836,0.26016641183037825,0.512820794972429,0.3540179306130088,0.4642932088891214,0.5271213435198634,0.546878628338911,0.42822758139885536,0.5804624935975937,0.6880439844256,0.43790173534895394,0.5731326741590428,0.6907263548163953,0.4388368531511928,0.6411582399979121,0.6687144036072001,0.5208603106994338,0.04671079514448669,0.07635958953337939,0.46659889723019393,0.1872775341247005,0.39942100802559444,0.401786781983882,0.4217431584369235,0.38745276497380526,0.39942100802559444,0.401786781983882,0.4217431584369235,0.3874527649738054,0.35714285714285715,0.30970356379996467,0.2564100996590002,0.27452451138533707,0.3571428571428571,0.2564100996590002,0.16725994137449227,0.20574179708933785,0.34789643671933246,0.3447493321741047,0.4137681787018812,0.4094998546072979,0.627543024198963,-0.09784735556476876,SELL,0.0,1.0
0.5926518022711693,0.5791139516873801,0.5905383682204284,0.595081995277436,0.08275301849212963,0.0,0.0,AVH,2021-08-12 00:00:00+10:00,"Pharmaceuticals, Biotechnology & Life Sciences",0.36374585103619167,0.4176447430451127,0.48299313549244294,0.2608594386099042,0.6162887036905951,0.40181240250458794,0.6351480450618362,0.38613468651971883,0.6263963828451224,0.3947239410027261,0.6592511237063001,0.35043490473547867,0.58608939876838,0.2988924885247557,0.4850861299386906,0.272464780841646,0.09246698472836312,0.09246698472836312,0.07203881129959286,0.07203881129959284,0.07932024281245986,0.07932024281245983,0.266558122935207,0.266558122935207,0.1627909813523536,0.3395926130980352,0.41669212130231414,0.5145802240584679,0.543286070894462,0.40461796132424094,0.5858911460866725,0.6750565325582577,0.10114788723590235,0.5754913435598721,0.6857828975487503,0.15058849893662735,0.6387174159124129,0.675381972315261,0.450847052266554,0.07794805438817537,0.07875784231441595,0.4518199127561367,0.2457251504143918,0.3803330042732592,0.3521535327577834,0.4209990282941303,0.37854862433358855,0.3803330042732592,0.3521535327577833,0.4209990282941304,0.3785486243335886,0.10256403986360008,0.2281593542290025,0.07999992370605469,0.18558669469057001,0.10256403986360008,0.07999992370605469,0.17793608618227938,0.2194123234859239,0.13405726843590832,0.19854515088856245,0.38118219247203294,0.3812449667174274,0.6266666557220477,0.012145737264080303,HOLD,0.0,0.5
0.5798721855515065,0.5664556605672442,0.5693311713084976,0.5688525116850511,0.08063606015243965,0.0,0.0,AVH,2021-08-13 00:00:00+10:00,"Pharmaceuticals, Biotechnology & Life Sciences",0.3656749037673873,0.4196627888399078,0.4285717529503888,0.2167460118228891,0.6060255041023626,0.35819506395700795,0.6302856723268359,0.3442363476699719,0.6238085051985354,0.3574185356160735,0.6605694433473,0.32100814103968056,0.5845312198748487,0.2773141375972561,0.484076124550883,0.25676396114062977,0.11350800997763194,0.11350800997763194,0.09388341030370587,0.09388341030370588,0.09906636296866614,0.09906636296866617,0.2729591780409314,0.2729591780409313,0.12727299524723562,0.2831740447703865,0.42036414060995064,0.49337858789926525,0.535536810685353,0.3683587643156597,0.5978397037944143,0.6514262379100784,0.07208124322222398,0.5826542330513906,0.6719390013564497,0.053445786090184744,0.6356432503236571,0.6822114252450016,0.3793859014204841,0.11110940741687522,0.08606263650148151,0.3412250252704996,0.22867932016439563,0.34501016335696405,0.33499817196845944,0.38688495005799306,0.3691750313815576,0.3450101633569641,0.33499817196845944,0.38688495005799317,0.3691750313815576,0.019231210093542617,0.16303914848791293,0.01587337629408283,0.11953702585739842,0.01923121009354256,0.015873376294082808,0.18505351605413747,0.2180453034393712,0.07897254263400877,0.10850667116700913,0.34308783792076186,0.37824064583313566,0.6242603967829835,0.04602505868937423,HOLD,0.0,0.5
0.5527156999739073,0.539556989990362,0.5464926934427461,0.5590163771678796,0.09472394823278503,0.0,0.0,AVH,2021-08-16 00:00:00+10:00,"Pharmaceuticals, Biotechnology & Life Sciences",0.4091835968724153,0.46469792797867127,0.5034011133983431,0.2757892219798333,0.5917894403294142,0.3679683929236046,0.623686729620185,0.3365384895264485,0.6206167832644245,0.3464363861936608,0.6614849427584599,0.30962453272057866,0.5831956373829068,0.26978181461825024,0.48308566748406034,0.25127795327780017,0.08138970170343329,0.08138970170343329,0.08867495283353721,0.08867495283353723,0.1003296392649197,0.10032963926491967,0.2738978278926365,0.2738978278926364,0.13461559622932184,0.27631929064238464,0.3882088075850805,0.4729684675962882,0.5246441935284119,0.34093905083295706,0.6051016131712974,0.6295406923581204,0.15221187136778458,0.5890658004346623,0.6577065983558807,0.10153665598601952,0.633337051821603,0.6871727179758782,0.34698333087025823,0.1457897818547944,0.10050223271213081,0.3245003845252775,0.2467161988128597,0.31798805183428736,0.31702245050334066,0.37372131213594034,0.35452634183315823,0.31798805183428736,0.31702245050334066,0.3737213121359404,0.35452634183315834,0.1363631766031847,0.08788177306715544,0.11688269867544543,0.07219249995772573,0.13636317660318464,0.11688269867544543,0.19395034581718848,0.2221464939514529,0.1165896734524664,0.0780173762744879,0.30788757549962437,0.354438342842428,0.6195747255792127,0.08262719505479432,BUY,0.0,0.0
0.5479233341825249,0.5553797595793858,0.5481239743965667,0.5475410171812247,0.1024414194568746,0.0,0.0,AVH,2021-08-17 00:00:00+10:00,"Pharmaceuticals, Biotechnology & Life Sciences",0.40418692321903965,0.45957216168622905,0.47619058431679623,0.25297390298458705,0.576891250943492,0.3752993556097084,0.6136146635313909,0.3314963473734869,0.6169074899143208,0.33350298543569235,0.6621807225204828,0.29669272233836363,0.5819970383596492,0.2606907338380724,0.48225159853869126,0.24464378275993542,0.07837721177969584,0.07837721177969584,0.04715550664710516,0.04715550664710515,0.10275855445590895,0.10275855445590892,0.27590813132225867,0.27590813132225867,0.12068986779287855,0.27971433323323813,0.3601117136364552,0.452677603043131,0.5112643130992481,0.3192424864871777,0.6038971219387466,0.6101131869190832,0.18492316124440877,0.5953125673905686,0.6425791264155443,0.12884428983225554,0.6313257034108528,0.6912732633080718,0.30978359942846156,0.18147711587095314,0.1151464594239927,0.2934318744836418,0.24642793372103186,0.3123183801204279,0.28290759236166363,0.3621818657745761,0.34687611816672437,0.3123183801204279,0.28290759236166363,0.36218186577457623,0.3468761181667244,0.030303008409675463,0.06328281787346007,0.025974001846660315,0.0538603900015798,0.03030300840967537,0.02597400184666021,0.21708203532395562,0.24401940137220238,0.22975976227188347,0.1695270833505303,0.4451865727446008,0.4459377763014296,0.6119492807166557,0.09247307946660288,BUY,0.0,0.0
0.5367411981173464,0.541139229224806,0.5513866140916739,0.5557376917188315,0.021806691702424896,0.0,0.0,AVH,2021-08-18 00:00:00+10:00,"Pharmaceuticals, Biotechnology & Life Sciences",0.46030066978074163,0.5164666083132463,0.5578231446983178,0.3213325551358622,0.5633173285702135,0.4347031852907288,0.6051054988242716,0.3625581471110928,0.6122493060371397,0.352924366587003,0.6628398814678944,0.30491949839610366,0.580866929846012,0.26871839195664904,0.4816455949952918,0.2501950536523269,0.09906064691508407,0.09906064691508407,0.06397403135260349,0.06397403135260347,0.07907315244326737,0.07907315244326737,0.2754445100118159,0.2754445100118158,0.10526302580692118,0.2416320426925198,0.38974329583684075,0.44151366264999015,0.49799331436179894,0.320192268786762,0.5973392386281602,0.6000017467415488,0.28126862634968164,0.5952980512707453,0.6328006700210966,0.21385431586616604,0.6295616593889295,0.6949775384959671,0.32428678777190406,0.16071704218439745,0.1070990044376023,0.0690443823887145,0.05475646320231558,0.3218877698308804,0.2983636232838813,0.3444124588180785,0.3452815324333209,0.3218877698308805,0.2983636232838812,0.3444124588180785,0.345281532433321,0.10606016819350923,0.0928409573968107,0.09090869682878511,0.07932142239667304,0.10606016819350927,0.090908696828785,0.22064075025988464,0.2481205266980723,0.2799159538850374,0.22002964477193168,0.40521782345603863,0.4097321670932871,0.6049338714431033,0.04042554573000423,HOLD,0.0,0.5
0.5447284490456268,0.5490506517437763,0.5595432522231754,0.5754098825831473,0.04752241704101498,0.0,0.0,AVH,2021-08-19 00:00:00+10:00,"Pharmaceuticals, Biotechnology & Life Sciences",0.4927176394064007,0.5486818942180706,0.6054423004436855,0.36093407832216945,0.5593444801721938,0.5013285946967758,0.6002431260892714,0.4104233972026201,0.6080224371577183,0.3902074173443888,0.6638652415767112,0.3251132609609261,0.5801477709219459,0.28648428862856545,0.48100701081334596,0.2629894291054475,0.13054729819438574,0.13054729819438574,0.09622110769525152,0.09622110769525154,0.09246101136076776,0.09246101136076779,0.27996276375761975,0.27996276375761975,0.2812503259627262,0.35450360780860407,0.36865341872966306,0.44276239246745386,0.4876636547868932,0.3458497675789417,0.590938211148099,0.5972420417750121,0.4141852260435852,0.5899264401098712,0.6302130012946361,0.32147284649395674,0.6271286613115918,0.7003428934660443,0.36846858420607104,0.14256327739711022,0.10630417746699618,0.16573644251668404,0.11984734367968151,0.38880277967027765,0.3354050573861185,0.3548135416979047,0.3578244416015074,0.3888027796702777,0.3354050573861185,0.3548135416979047,0.35782444160150745,0.2878789411322718,0.1444196496434889,0.24675332717779896,0.12338920615379437,0.28787894113227186,0.24675332717779896,0.22242015015107755,0.22761476969629904,0.34685189146723827,0.2888651209171258,0.47066479314991283,0.395609615076169,0.5984796949114352,0.022821504721924235,HOLD,0.0,0.5
0.5575079895932193,0.5474683370604155,0.5530179728329607,0.5573770735283692,0.0343572145687061,0.0,0.0,AVH,2021-08-20 00:00:00+10:00,"Pharmaceuticals, Biotechnology & Life Sciences",0.38665916502778913,0.44149737468578226,0.47619058431679623,0.2535419030686714,0.557026977380001,0.45680753864745016,0.5936441833826204,0.3865242940790614,0.6040543539862937,0.3671589409956517,0.6646342612217799,0.3051152366869023,0.5794286111813988,0.27126712151854393,0.48018597418553843,0.25221514369677417,0.11324818897788275,0.11324818897788275,0.10330500658520006,0.1033050065852001,0.08933648671719296,0.08933648671719294,0.28381744107173745,0.28381744107173734,0.229729755853013,0.2872784903348484,0.298106737742879,0.4368508095402962,0.4780405870679698,0.3520134157301991,0.5840508361992316,0.5914497160113636,0.34392150710940494,0.5890092138521423,0.6229445922954557,0.26237719315732655,0.6248033319231265,0.7050055354500315,0.3080962947247423,0.11871652932157586,0.10416963047802759,0.13825403057020105,0.08766959866588397,0.40034184841191867,0.31688521685585835,0.35800278051575835,0.3492099396912937,0.4003418484119187,0.31688521685585835,0.3580027805157584,0.3492099396912938,0.12121203363870185,0.17536671742423654,0.12121203363870185,0.15570543530324732,0.12121203363870181,0.12121203363870181,0.22775826497819954,0.22624768446353452,0.33842232109017817,0.285387746385535,0.4193851733430042,0.33244765571898166,0.5925418525023004,0.03821652375388074,HOLD,0.0,0.5
0.567092645003914,0.5791139516873801,0.5823817300889269,0.5819672534812435,0.0875645297001505,0.0,0.0,AVH,2021-08-23 00:00:00+10:00,"Pharmaceuticals, Biotechnology & Life Sciences",0.5065692731323626,0.5623060142170755,0.5374151667924175,0.303847347255334,0.5616619829643867,0.5132295028809404,0.5886081503382233,0.4454367844437057,0.6015527368712639,0.41020152806389043,0.6642314427381166,0.33181287929428616,0.5790690313111253,0.29308535203354913,0.4794235828314004,0.26822142944813915,0.13931621917105053,0.13931621917105053,0.1333024552995691,0.13330245529956913,0.11582636821870354,0.11582636821870357,0.20275247381121442,0.20275247381121442,0.4444445180303984,0.30052534679138293,0.41969273533820783,0.4444683272324702,0.47209374444538743,0.3840813738121186,0.5708177157179719,0.5961021630685287,0.5189755674761373,0.5862957627141181,0.6208668940299962,0.3867693215525232,0.6252061760830749,0.7036031924987409,0.3818158265492828,0.1150273955940255,0.11669632796524108,0.360950801753962,0.20895095364596658,0.4533364893004644,0.3340843301015699,0.38953416514327677,0.30971786448879757,0.4533364893004645,0.3340843301015699,0.3895341651432768,0.3097178644887976,0.3484849579516227,0.25789247745166244,0.3484849579516227,0.24310637504631877,0.3484849579516226,0.3484849579516226,0.25088995448496665,0.24675350665151954,0.4419532693125571,0.3822459614357892,0.4552325993459197,0.4274981233595071,0.5870790374858965,0.014403228992012407,HOLD,0.0,0.5
0.5926518022711693,0.5981012751942087,0.6035889270008579,0.6213114788698209,0.08719834231924743,0.0,0.0,AVH,2021-08-24 00:00:00+10:00,"Pharmaceuticals, Biotechnology & Life Sciences",0.5450315587494825,0.5997037885154263,0.5918365493344716,0.3464816551063353,0.5765601723503089,0.5803139855659456,0.5886081503382233,0.524843030068749,0.601466472226382,0.47344966968920366,0.6645610213387341,0.3736578416010562,0.5786752057778011,0.3278790143577547,0.47887622487238535,0.2934051542535557,0.15871400107852524,0.15871400107852524,0.19121234080680813,0.19121234080680816,0.1625403262131581,0.162540326213158,0.22288081798565285,0.22288081798565285,0.6999997615814778,0.44496260372025287,0.529787601459614,0.4692004584912009,0.4730233049670952,0.4440646996440854,0.5708177157179719,0.5961021630685287,0.7877350723326195,0.5861085089548923,0.6209051379694914,0.5713744180867677,0.625187842915542,0.7043534586209048,0.49379559340874063,0.10717288202930736,0.12797354131792615,0.37911814672154687,0.196600738133208,0.5336117209581711,0.3868761112245519,0.4420028403270131,0.33273409987850533,0.533611720958171,0.3868761112245519,0.44200284032701315,0.33273409987850544,0.7966102516812561,0.4310737684190324,0.7121210588677281,0.40101524793116977,0.796610251681256,0.7121210588677283,0.27580095903647006,0.26589224360674,0.5477417596557776,0.4701609980483015,0.5145644589444394,0.5052423240494133,0.5242566647972511,-0.05882347441324487,SELL,0.0,1.0
0.6118211130925582,0.5996835144286528,0.6084829254372521,0.6081967370736283,0.03550729610035977,0.0,0.0,AVH,2021-08-25 00:00:00+10:00,"Pharmaceuticals, Biotechnology & Life Sciences",0.4023097831871193,0.4576434610315329,0.4557822820319357,0.24083085159636633,0.5871544505317243,0.514289347961896,0.5870452406759693,0.5014691604551014,0.6013802075815,0.4525423545712015,0.6623272022865743,0.3616864883890587,0.5780245373633555,0.31692670379090426,0.47810080120068577,0.2857038390359277,0.18632019081161338,0.18632019081161338,0.1955732268047999,0.19557322680479994,0.16255697361950397,0.162556973619504,0.08096602804589792,0.08096602804589792,0.6829270136491781,0.4489067960331299,0.5158925467317464,0.48358685344919405,0.47707503570554977,0.4712995998505248,0.5647580640646079,0.5997671345199627,0.7292170872909929,0.5859904245417082,0.6208622472675216,0.5103165063088552,0.6211627891111402,0.7045618763476136,0.4597956514679762,0.11423258409056508,0.12759483809938932,0.14713782089957742,0.08020466805591912,0.49929624602358635,0.3703641771748732,0.4419727946669359,0.2602286832764133,0.4992962460235863,0.3703641771748732,0.441972794666936,0.2602286832764133,0.6610170861354268,0.6148331202096873,0.5909090252290264,0.5603931280220308,0.6610170861354268,0.5909090252290263,0.2793595891259424,0.26999336893261006,0.5439823467412773,0.46540440968212515,0.5053370448454724,0.5040690687734998,0.5258216099984765,-0.05378485696262514,SELL,0.0,1.0
0.5942492067535834,0.5917721673585992,0.5905383682204284,0.6016393661755322,0.05459034424500667,0.0,0.0,AVH,2021-08-26 00:00:00+10:00,"Pharmaceuticals, Biotechnology & Life Sciences",0.4192387026737994,0.4749770694946039,0.5034014377773034,0.27695637127908257,0.5924515817290841,0.48191936598493346,0.587739865352398,0.4868441764479785,0.6000862667015443,0.4439977990617494,0.6609722635771398,0.35590014235011724,0.5774423602750116,0.31165630742470674,0.477370990795809,0.2820947514730395,0.18894394477792403,0.18894394477792403,0.17479044400572594,0.17479044400572596,0.15626797266538447,0.15626797266538445,0.056993012581327274,0.056993012581327274,0.7088607212916855,0.4372471425574439,0.529787601459614,0.4926377637729441,0.4823976335897882,0.48238545920098963,0.5665755328279125,0.5991342758831755,0.6706631656166367,0.5837643401984156,0.6207524423858424,0.4854662289119336,0.6201063052570368,0.7029214255214964,0.4441269969498245,0.11787457380149785,0.13399578961035347,0.2208720817940105,0.11956001946632722,0.4575634518976513,0.39446727278113825,0.4156662247157001,0.2827240338887424,0.4575634518976514,0.39446727278113836,0.4156662247157001,0.28272403388874245,0.5932205033625121,0.698145503035356,0.5303030084096755,0.6220877438341167,0.593220503362512,0.5303030084096755,0.3042705936774457,0.283663895329196,0.5095446651343621,0.43107090519091407,0.4806557137859453,0.49386025202664696,0.5289514988487816,-0.04819282068998332,HOLD,0.0,0.5
0.607028747301176,0.6376582368912269,0.623164765171502,0.6639344678774735,0.196006181438408,0.0,0.0,AVH,2021-08-27 00:00:00+10:00,"Pharmaceuticals, Biotechnology & Life Sciences",0.604083367297362,0.6559220426617763,0.7074831631100675,0.43500030421929514,0.6139712008984022,0.5897454334048873,0.5978119314411919,0.5916535031490548,0.602674148461456,0.5398502736820969,0.6600933849805908,0.4237533086342462,0.57737386894891,0.366384134647738,0.4769735049548244,0.3217523757673065,0.23417809200900658,0.23417809200900658,0.23726158535104072,0.23726158535104075,0.24054338343153756,0.24054338343153753,0.0953525231972775,0.0953525231972775,0.7946429065599574,0.553077075674938,0.620888441361162,0.5282133575679198,0.49483614856939706,0.5444580812925682,0.598042172652185,0.5841419903744297,0.8793741181754031,0.5919633888311819,0.6165770162201227,0.7438016523951554,0.6174584134419401,0.7043611859240797,0.632579254624527,0.2011696979773501,0.16931803743908153,0.5148808691277815,0.3675930183935348,0.5829278606945273,0.5006324567829027,0.5011243910298081,0.29782170704123795,0.5829278606945272,0.5006324567829026,0.5011243910298082,0.297821707041238,0.9733333587646484,0.7583052282062718,0.9733333587646484,0.7107224665524194,0.9733333587646484,0.9733333587646484,0.3594307176075743,0.32467553970516605,0.6774816944892439,0.5774904756230087,0.5908639726916831,0.5907520756882104,0.5319561921450743,-0.11753733185596849,SELL,0.0,1.0
0.6805111816219036,0.6803797525060499,0.6916802765562229,0.7000000078170028,0.14329940381851938,0.0,0.0,AVH,2021-08-30 00:00:00+10:00,"Pharmaceuticals, Biotechnology & Life Sciences",0.5267431920043609,0.5820001486647637,0.5442177179680642,0.307963335569367,0.6378083070732166,0.6182262792471467,0.6127463785455655,0.6321045843095578,0.6068147568093198,0.5906078903134175,0.660386344512774,0.46226014126094916,0.5774594826982964,0.39795672141066685,0.47671285829287824,0.3447571352615167,0.2375401615705412,0.2375401615705412,0.23648178042652204,0.23648178042652201,0.2588164881360925,0.25881648813609237,0.10896273046952853,0.10896273046952853,0.8114753617807136,0.6288450897223833,0.7019219920696155,0.572428556715455,0.5149540329190555,0.6114457353672433,0.6362375453281777,0.5715366989217713,0.8614776916100153,0.6077448844214408,0.6067726478672406,0.817403310572004,0.6184719415633892,0.703714270478887,0.7388774175712263,0.22988898613931585,0.19341078657312305,0.3358156832121806,0.2447564469084865,0.5950610989895833,0.5576935282121609,0.5347455834548774,0.33077178270748053,0.595061098989583,0.5576935282121608,0.5347455834548774,0.3307717827074806,0.9313723794408384,0.8503390341537925,0.9313723794408384,0.826248707116955,0.9313723794408383,0.9313723794408383,0.3861211220502705,0.349282487219021,0.7770396889792648,0.6866062626926901,0.647681200906697,0.6699690816138503,0.5385364739097195,-0.16308241216027064,SELL,0.0,1.0
0.6709265262112092,0.6598101143158605,0.6655791589953639,0.6704918387755696,0.06932622188112833,0.0,0.0,AVH,2021-08-31 00:00:00+10:00,"Pharmaceuticals, Biotechnology & Life Sciences",0.36596135771811655,0.41996230136111373,0.4625851575865427,0.2495729990682947,0.6477404438549623,0.5164515545987483,0.6257706036494707,0.5484347730921648,0.6082812228657148,0.5411702164598569,0.6591046456863852,0.43180623590505485,0.5773567457091442,0.37215432734946097,0.4763740177255631,0.326368645175319,0.27506884303619306,0.275068843036193,0.2593371190730809,0.2593371190730809,0.2691249173651946,0.2691249173651945,0.09850298000553237,0.09850298000553237,0.7674419894097751,0.5636077112398381,0.6316753421109879,0.5935678331171343,0.5359092153260443,0.6187495424793983,0.6488829672227732,0.5840472485816227,0.7046281884320259,0.6124386729602171,0.604350666823608,0.6954223969439258,0.6136295006708696,0.7070653641497726,0.6596447936733284,0.22067976866019112,0.19810495369962489,0.16828477713134307,0.11638551885728991,0.4882182933089542,0.5380872947646762,0.4752694803416508,0.2874822443477394,0.48821829330895433,0.5380872947646763,0.4752694803416508,0.28748224434773945,0.7549019562011037,0.9053783095973496,0.7549019562011037,0.9024597640548235,0.7549019562011037,0.7549019562011037,0.4074734116658447,0.36295301361560695,0.6548167449727444,0.5947486100748967,0.6404153693738038,0.6177664101835165,0.5501640417839301,-0.1462962866483567,SELL,0.0,1.0
0.6645367559374129,0.6629746682336651,0.680260998729614,0.6868852660208102,0.05405627471737062,0.0,0.0,AVH,2021-09-01 00:00:00+10:00,"Pharmaceuticals, Biotechnology & Life Sciences",0.47733428912696463,0.5334525415364381,0.5578231446983178,0.3179606467772382,0.6636318532337375,0.5171039415374539,0.6396631137392014,0.55295936452885,0.6109553651571837,0.5628438701397973,0.658775065339591,0.44980497994586366,0.5776992023396518,0.38622969018494846,0.47602866084410955,0.33701512186426325,0.2568091682672061,0.2568091682672062,0.25900068750298044,0.25900068750298044,0.2709919865613034,0.27099198656130336,0.09458314615235164,0.09458314615235164,0.7580646091644309,0.6445020860452756,0.6242552600633897,0.6169254566148097,0.5580443344232267,0.6290422093669914,0.6621354611001375,0.5976602153040348,0.7152147699624875,0.6209824289627819,0.5999522972631008,0.7241164308479814,0.6124168853674192,0.7078855030609217,0.7141994421568234,0.23023776032050614,0.20600870827285922,0.12651268070376392,0.08821119558672375,0.5322282695363114,0.5464522165423094,0.5015507368943748,0.313180639374418,0.5322282695363114,0.5464522165423094,0.5015507368943748,0.3131806393744181,0.8529410802231785,0.8643946119401018,0.8529410802231785,0.8616081799978751,0.8529410802231785,0.8529410802231785,0.3950178669668647,0.35885182310352537,0.6365062712798724,0.606916889305168,0.7141173715114827,0.6217189956016926,0.560861404228204,-0.14727271686900745,SELL,0.0,1.0
0.685303547413286,0.6835443064238547,0.6965742749926169,0.7016393896265403,0.10720607466891575,0.0,0.0,AVH,2021-09-02 00:00:00+10:00,"Pharmaceuticals, Biotechnology & Life Sciences",0.47260788448859614,0.5287523860238497,0.5306122912378106,0.29831928591425944,0.6838271896037156,0.503064376731341,0.6530346511813209,0.5552625115061607,0.6151822381499295,0.5792118134549105,0.6592145063840422,0.46524561798458886,0.5781786424388435,0.3987296708867716,0.4756963365909327,0.346623413401374,0.23998960630455846,0.2399896063045584,0.2575380530632958,0.25753805306329586,0.26694859742260735,0.2669485974226073,0.09233478485725122,0.09233478485725122,0.7247708228068218,0.7253964214900566,0.6586445514290895,0.6410214109014496,0.5812931784860668,0.6387573069406001,0.6771766635118637,0.6081629878894751,0.716363354064591,0.6331305068124329,0.5945912773238735,0.733306983978816,0.6139822145911353,0.7068576767736314,0.7564185120941408,0.2573498036829318,0.22377321394622018,0.2277390484863859,0.16459306177700594,0.5643709305221518,0.5366441945097716,0.5366384104597558,0.33501519083983605,0.5643709305221519,0.5366441945097715,0.5366384104597559,0.33501519083983605,0.9230769936149669,0.861570713358262,0.9230769936149669,0.8587933844357687,0.9230769936149668,0.9230769936149668,0.3950178669668647,0.3643200336621597,0.6341374168948796,0.6254862372950187,0.8041980191908366,0.6569303982369774,0.5707029776769358,-0.153846173531188,SELL,0.0,1.0
0.6900958370325982,0.6882910995761035,0.7047308353366522,0.7180328168717809,0.058093218560570474,0.0,0.0,AVH,2021-09-03 00:00:00+10:00,"Pharmaceuticals, Biotechnology & Life Sciences",0.47595370040215956,0.5320806490935721,0.5782314469831783,0.33171320893744977,0.6947525305916178,0.5160102969572247,0.6700529723149802,0.5537097741959254,0.620357997556428,0.5964135315833006,0.6588116861542022,0.4833318166697299,0.578692328201086,0.4126202183435137,0.4753249150743559,0.35731163427271645,0.15721457464122351,0.15721457464122351,0.23059368811671258,0.23059368811671255,0.2682155469571512,0.26821554695715116,0.058059304963463565,0.058059304963463676,0.8018019295157137,0.7673107691035165,0.7105229071079565,0.6661547384083192,0.6056715415035918,0.6486101765398044,0.6859901284679304,0.6332792354827368,0.7333801674873965,0.6476004857755109,0.5885020711959543,0.7391449859788985,0.6119051731399012,0.7086190971702675,0.8151173396876005,0.1862854622842718,0.23250416170121996,0.162806938381258,0.08667014266006058,0.4914999431366568,0.5819417546371103,0.557682078328537,0.31153588701865326,0.4914999431366568,0.5819417546371104,0.557682078328537,0.3115358870186533,0.990566271146717,0.9417950861282025,0.9906544346759646,0.9387890644554993,0.9905662711467169,0.9906544346759646,0.3879003522485499,0.36431996847594794,0.6173027595928324,0.6134053784903039,0.8868289422567907,0.6885670346786915,0.5823337758847329,-0.170474561911103,SELL,0.0,1.0
0.6948882028239804,0.6803797525060499,0.6639478002540771,0.6737705242246177,0.1418726276376206,0.0,0.0,AVH,2021-09-06 00:00:00+10:00,"Pharmaceuticals, Biotechnology & Life Sciences",0.3326357419348299,0.3848434107510039,0.37414972165041416,0.1891792580550056,0.6894553993942583,0.42169721567846485,0.67977772606556,0.45520341601250536,0.6226870894950187,0.5232409567398837,0.658299006972882,0.4361545927581747,0.5787950651902383,0.3737417481424129,0.4746863308924101,0.32978085081087455,0.1898675225351096,0.18986752253510963,0.2892778778708469,0.28927787787084697,0.3011702913364268,0.3011702913364268,0.06378344883746045,0.06378344883746034,0.6641791655561221,0.687417880766338,0.63019364172974,0.6646739906867438,0.6248337411015292,0.6031092331796524,0.6807015800252365,0.6593746895386561,0.5365845748151575,0.6521851734690676,0.5880220407055057,0.6128847571101546,0.6101909546032034,0.7096753473470889,0.6772138708037904,0.18555026736493216,0.25640303815781545,0.3989173028256828,0.19646648006738573,0.3835609854372005,0.49490186677002523,0.49450095045715103,0.3079687730310047,0.3835609854372005,0.4949018667700251,0.4945009504571511,0.30796877303100473,0.7307694776523839,0.9002056745586046,0.7383179319343729,0.8998950653226622,0.7307694776523839,0.7383179319343729,0.40925264186412413,0.40396452761915347,0.5443277272113057,0.5368790574616644,0.7502887483735041,0.6222090798486183,0.5954584132069696,-0.13284137581066713,SELL,0.0,1.0
0.6549521005267185,0.6439873447268365,0.6460032430372535,0.6606557824284254,0.1264212522808988,0.0,0.0,AVH,2021-09-07 00:00:00+10:00,"Pharmaceuticals, Biotechnology & Life Sciences",0.4043411432757555,0.45973054331825086,0.48979601104704984,0.26852988892338064,0.6874689751952483,0.3945147640868374,0.6839454824047108,0.4242256532473925,0.624757395725613,0.4994919883675275,0.658299006972882,0.42201452555394947,0.5789320478424412,0.3621299998633115,0.47410639229484874,0.32192040409546135,0.17130198848216252,0.17130198848216255,0.2722024732250796,0.2722024732250796,0.3030027317900963,0.30300273179009624,0.04931337331438579,0.04931337331438579,0.49038461979324516,0.6504943426758149,0.594987633827177,0.6562956111479664,0.6382369327054916,0.5528730201882222,0.6790511682192781,0.6698577106799616,0.45759830200570634,0.6553298401751659,0.5886869452570103,0.5727650049376282,0.6101909546032034,0.7096753473470889,0.6344915970936216,0.2149704222787976,0.27587205608906734,0.3138518277518469,0.1653962554388939,0.40456808079452033,0.4309942450265465,0.4893188183973037,0.32242244237332446,0.40456808079452033,0.43099424502654643,0.48931881839730373,0.3224224423733245,0.6504856796042343,0.8074106869335508,0.6635516267727652,0.8118327537948292,0.6504856796042343,0.6635516267727652,0.419928871518368,0.41626803396918677,0.48966867546504217,0.48914000803770397,0.6820405878430265,0.5585523860946949,0.6070080940505378,-0.13483150682680778,SELL,0.0,1.0
0.6437699644615398,0.6487341378790853,0.6606851605589699,0.6786885133131764,0.07573261348311262,0.0,0.0,AVH,2021-09-08 00:00:00+10:00,"Pharmaceuticals, Biotechnology & Life Sciences",0.48189805164900057,0.5379815311779468,0.6122448516193322,0.3586805425350035,0.6858136138027253,0.44229606693857093,0.6914127018166079,0.4440897289938417,0.6276903237250784,0.523034032148181,0.6591046456863852,0.44063620488378863,0.5793601190388163,0.3775423636821118,0.47374800309583365,0.3336499771739964,0.17376122905352617,0.17376122905352617,0.2671079979050949,0.2671079979050948,0.3065692416187509,0.3065692416187509,0.048689456022590116,0.048689456022590116,0.43010741661753016,0.6486408181183306,0.6326746908439548,0.6565455262545682,0.6490169527653167,0.5299909188710832,0.6735008254201691,0.6915894177983113,0.5134717207519137,0.6604777982204828,0.5888159862631046,0.6085660161755245,0.6119722261894325,0.7091796675759432,0.6886614175601838,0.22613989254597033,0.2787196798620031,0.1800112263951406,0.09828627907268608,0.40698442920762345,0.4671806658427463,0.5081206055169019,0.346568479102495,0.4069844292076234,0.46718066584274626,0.5081206055169019,0.346568479102495,0.7572814904729763,0.7279963504412265,0.7663550735488103,0.7357233527932566,0.7572814904729763,0.7663550735488103,0.41992878667191125,0.4135339286898696,0.5066312168969135,0.5032980312187104,0.6934002687073767,0.5735306830098441,0.6171718131928778,-0.14862384791326433,SELL,0.0,1.0
0.6629392752829288,0.6534810064802509,0.6476346017785404,0.6459016588226953,0.09346438799962425,0.0,0.0,AVH,2021-09-09 00:00:00+10:00,"Pharmaceuticals, Biotechnology & Life Sciences",0.35622448870841816,0.4097588244861929,0.3945580239352747,0.1999322814974807,0.67455719422164,0.3887028142608071,0.6961014225227906,0.3774747200313262,0.6303644660165473,0.46795691465719624,0.6586285855734997,0.4057832581783982,0.5795827162568867,0.34864095696567365,0.4732592907212031,0.3132124302912324,0.18345838241308554,0.18345838241308554,0.292695300931616,0.292695300931616,0.3097002869241121,0.30970028692411206,0.054994624026433514,0.054994624026433514,0.42105252590858866,0.6192226428119104,0.5797259758399926,0.6408134209828263,0.6540234468783965,0.47962806480391107,0.6586845460806705,0.7181228549419763,0.20866933425437884,0.6622516276159425,0.5923586425968959,0.5207621903447814,0.6110145019953792,0.7093515663082328,0.5851215348491543,0.2190590214481246,0.2809563334368928,0.22831850565705517,0.12053969225279995,0.3451068051067716,0.4377049280089972,0.504468691000738,0.30855211439829283,0.34510680510677155,0.4377049280089972,0.504468691000738,0.3085521143982929,0.4705884002896927,0.6394260306503563,0.5794393106447909,0.681812558587067,0.4705884002896926,0.5794393106447909,0.43416364641562744,0.43130564559853735,0.4562467893597894,0.47614442668556145,0.6589474844624846,0.5600939551670701,0.6917057535700383,-0.10476194109235493,SELL,0.0,1.0
0.6517572153898203,0.6376582368912269,0.6476346017785404,0.6491803442717434,0.06591550509320235,0.0,0.0,AVH,2021-09-10 00:00:00+10:00,"Pharmaceuticals, Biotechnology & Life Sciences",0.44507170427367504,0.5011694104599806,0.4557822820319357,0.24350224718628385,0.6606522090418745,0.4302561399918736,0.6945385128605367,0.3858947486512363,0.6345913348959682,0.46669197709117527,0.657969426626088,0.4099670356970051,0.5799080504641094,0.3512284480500051,0.4728487722519419,0.3156141445034482,0.16453159487737617,0.16453159487737615,0.20308296591423095,0.20308296591423092,0.29343359636115185,0.29343359636115174,0.053271481174106405,0.053271481174106405,0.36781599115603486,0.5927450411930909,0.6267094866291689,0.6288766050973521,0.655283828772862,0.44695047666703086,0.6604262104599714,0.7129147066891681,0.26593464587272075,0.662952742907297,0.6004247353582848,0.5201162550064156,0.6094400274555849,0.7099064777019419,0.5984546317721411,0.22308972044170283,0.27788251714528167,0.1585189453980642,0.0857476618157867,0.3295682606501402,0.3711343233333795,0.5428472751570509,0.30346407718961754,0.32956826065014017,0.37113432333337953,0.5428472751570511,0.3034640771896176,0.4625000223517498,0.5754323307713313,0.5981308869351929,0.6596139517916838,0.4625000223517498,0.5981308869351929,0.40391452703700215,0.42036922448126846,0.4239612532034099,0.4649382129185558,0.5971574247043931,0.5644704769189621,0.6902973034859146,-0.1252371631500605,SELL,0.0,1.0
0.6309904239139472,0.6218354673022031,0.6313214033030035,0.6295082315774547,0.048098901237997586,0.0,0.0,AVH,2021-09-13 00:00:00+10:00,"Pharmaceuticals, Biotechnology & Life Sciences",0.3867715255724959,0.44161371199927596,0.4625851575865427,0.24725174731372493,0.651713292252982,0.4025654626771846,0.6870712934486396,0.3626722755508456,0.6383006323593967,0.4309035479114549,0.657383507561722,0.3893148929810446,0.5799251737038754,0.3339995773161343,0.47226883365438044,0.3035498729501805,0.1284554368224125,0.1284554368224125,0.16827695043346927,0.1682769504334693,0.29907578089874665,0.29907578089874665,0.05176814421909992,0.05176814421909992,0.2555552906457706,0.4969410692426056,0.6375118309408745,0.6097800000354117,0.6519009618103624,0.40644710546234686,0.6598036044354434,0.6982040346898869,0.20659422815641904,0.6610670913825447,0.6104366906883711,0.45932893959494264,0.6085999712838508,0.7096859678205139,0.5356727496612869,0.1747696208076297,0.26814668663664987,0.14215197266131915,0.0643381116451816,0.3582730052159475,0.31463079434936764,0.5318342865706012,0.3051262569372769,0.35827300521594757,0.31463079434936764,0.5318342865706012,0.3051262569372769,0.3125001117587489,0.4240207471578635,0.4859814291927813,0.564477389559265,0.3125001117587489,0.4859814291927813,0.37900352248549884,0.4149010139226341,0.3507429188085379,0.4318235756037434,0.5412215938657623,0.5748140031212882,0.6889170224034734,-0.11067964293323174,SELL,0.0,1.0
0.6214057685032528,0.6075949369476231,0.6215334842176814,0.6196721752303103,0.048322299967644936,0.0,0.0,AVH,2021-09-14 00:00:00+10:00,"Pharmaceuticals, Biotechnology & Life Sciences",0.41116185019167567,0.4667240239455036,0.4625851575865427,0.24666137171446817,0.6434365168637595,0.3978168714718775,0.6816879480660282,0.3535969090767843,0.6420961903543823,0.41035637241682643,0.6568342093119672,0.37922403497849744,0.5800279106930277,0.3253064173155723,0.4716954113709573,0.2977236197725918,0.1276536605537874,0.1276536605537874,0.1544449270112327,0.1544449270112327,0.29768104115555527,0.2976810411555552,0.051367167696068194,0.051367167696068194,0.15116251346650417,0.502834348311066,0.6375119615612213,0.5896926437785779,0.6445756772906033,0.37205713269015284,0.6638502454342827,0.6824855423771778,0.22157153185864237,0.6567739806708761,0.6234539541484874,0.41821158831808886,0.6080724894840106,0.7091474507592035,0.504874895845469,0.13452648126328573,0.25684601009937075,0.17645428828962906,0.06682822599419011,0.3618601862429246,0.3330561404935788,0.5352340484471597,0.30599067918621886,0.36186018624292454,0.3330561404935788,0.5352340484471598,0.30599067918621886,0.2375001564622485,0.34467331534401785,0.4245285947113358,0.5119129875067051,0.23750015646224854,0.42452859471133575,0.3736654925048337,0.40806571813123516,0.2997406114797746,0.4043214980043771,0.5355231659434271,0.5900547693377852,0.6855856939983775,-0.10412577483693852,SELL,0.0,1.0
0.6134185175749722,0.6075949369476231,0.6199021254763948,0.6213114788698209,0.05012592271336633,0.0,0.0,AVH,2021-09-15 00:00:00+10:00,"Pharmaceuticals, Biotechnology & Life Sciences",0.4410250411531526,0.4970868221867816,0.5034014377773034,0.27745511590515637,0.6318490344761871,0.43090382256896387,0.6747416930211629,0.36796531463094406,0.6455466979964897,0.40797368713307725,0.6557356093201046,0.3820471100764833,0.5800107874532618,0.3267551009856827,0.47123276363144995,0.2991166009386029,0.09305040387270272,0.09305040387270272,0.14167144283362584,0.14167144283362582,0.2973452055823964,0.29734520558239635,0.04088568651179747,0.04088568651179747,0.23333272404034375,0.5177397693122446,0.6592523378928217,0.5741926255011969,0.6351512950280155,0.3537465622917624,0.6614522743814915,0.6708698706789041,0.2833807301682429,0.6524790158349894,0.635747801732941,0.40774515294507524,0.6062576031418334,0.7090398966540845,0.5132266540796271,0.12133176354437872,0.2627593817960929,0.19836126037116553,0.06811424274158763,0.34104329501717345,0.31869359626484883,0.5260468506888285,0.2905325506948654,0.34104329501717345,0.3186935962648489,0.5260468506888285,0.29053255069486544,0.032258039706698945,0.1982112037385314,0.4230769936149668,0.4525135897703793,0.03225803970669894,0.42307699361496676,0.35943063276111753,0.3930281065018846,0.2825967517322509,0.3958196514410256,0.5368195884892553,0.5392998719097483,0.6802252013598797,-0.10196078248044149,SELL,0.0,1.0
0.6118211130925582,0.6044303830298183,0.6166394857812874,0.6196721752303103,0.054275454186716476,0.0,0.0,AVH,2021-09-16 00:00:00+10:00,"Pharmaceuticals, Biotechnology & Life Sciences",0.432415261313122,0.48837553758729163,0.5034014377773034,0.2774144460178163,0.6265519032788274,0.44010763083499604,0.6660588762852261,0.37941572635820253,0.6478757899350802,0.40219633128061694,0.6550764503726929,0.3809064902554501,0.5797368221488558,0.3255505896929445,0.4707049543041346,0.2984703459677102,0.053889784646397564,0.05388978464639758,0.12787465605519133,0.12787465605519133,0.292048198173521,0.2920481981735209,0.03483979450068797,0.03483979450068808,0.26415040018425745,0.3853308787826147,0.6458555600279903,0.5609963004332043,0.6245773577437483,0.34371891673633537,0.6509335313571427,0.6649048946382672,0.31193287216435217,0.6498449442614429,0.6437352713487134,0.39053893220717084,0.6054991615417498,0.7085537365417616,0.5096533563464429,0.1011383334750324,0.26416949136823753,0.24633762583268687,0.07344759873261571,0.3814051557842464,0.3030201781668177,0.4979658802034023,0.3028165435101111,0.38140515578424644,0.30302017816681776,0.49796588020340243,0.30281654351011117,0.046875337604503735,0.10778775161936224,0.40776717007721064,0.42597387792655805,0.0468753376045038,0.40776717007721064,0.307829223766918,0.3916610864553318,0.2940514437643743,0.3798941782576674,0.41521014409480206,0.5264861408803369,0.6733815187713643,-0.10609036260607518,SELL,0.0,1.0
0.6102236324380741,0.6155062840176767,0.561174533176996,0.5590163771678796,0.6801336572836979,0.0,0.0,AVH,2021-09-17 00:00:00+10:00,"Pharmaceuticals, Biotechnology & Life Sciences",0.2772745829405676,0.3252460598731718,0.2585034322537785,0.08886233024919318,0.6083429911078593,0.3261935389871522,0.6492142071803843,0.2940626429015909,0.6479620504666375,0.30976262238678265,0.6533186914334186,0.3168506754067505,0.5787436962874216,0.27323614279483666,0.46998165990268126,0.26030293250915876,0.17869478854412385,0.17869478854412385,0.18376943255727787,0.18376943255727785,0.3491395110689982,0.34913951106899815,0.0879017739202489,0.0879017739202489,0.03797437028783478,0.1995828776993262,0.5250731696008425,0.5233483080592912,0.6074612331592628,0.2866509781282561,0.640905152026497,0.6415290439012632,0.08971324980060924,0.6495858848565546,0.6442205376392232,0.18349894361678676,0.6063581589486016,0.7035811597239208,0.3193205741860867,0.417635111948159,0.3990148244666299,0.9346569596625464,0.6593784504996102,0.29302604543536914,0.22705461427236787,0.4459414232049198,0.2694361895182392,0.2930260454353691,0.2270546142723679,0.44594142320491986,0.2694361895182393,0.0,0.026938425367554517,0.04854342413611436,0.29839435217957233,0.0,0.048543424136114344,0.3487544879533303,0.44634319204167616,0.21462752856525336,0.29649187208784805,0.17758449405497276,0.3373350729232017,0.665198295052816,-0.0593219799613216,SELL,0.0,1.0
0.591054321616685,0.5838607448396289,0.5497553331378533,0.5590163771678796,0.2922122003686745,0.0,0.0,AVH,2021-09-20 00:00:00+10:00,"Pharmaceuticals, Biotechnology & Life Sciences",0.4367159267158128,0.4927311798870367,0.34013599263530003,0.14818046674399432,0.5941069273349109,0.3620182059795063,0.6370582587817252,0.3139849398374335,0.6467543701182388,0.3113354686389309,0.6514876926110986,0.3184881594147315,0.5779046763179563,0.27389111691628154,0.4692909461397743,0.26078797109971774,0.187999577234896,0.187999577234896,0.16814668847968403,0.168146688479684,0.33791547848244075,0.3379154784824407,0.08762105280177179,0.08762105280177179,0.05084703298017743,0.23267598520765537,0.5504092708875667,0.4941125107511373,0.5870457025267646,0.25787003787837504,0.6388748671859237,0.6187378456260193,0.19140984602136424,0.652432571877801,0.6383418387504209,0.2010793467487763,0.6069091340626449,0.6988400202528406,0.33059662990058125,0.5434227860534726,0.44174754355295676,0.3144352962259035,0.25993517038316977,0.31798805183428736,0.2657955191564246,0.4160843334331843,0.26743990228991865,0.31798805183428736,0.26579551915642463,0.4160843334331844,0.2674399022899187,0.06666639418821631,0.03865164829213073,0.06666639418821631,0.17745688228814574,0.0666663941882163,0.0666663941882163,0.3790036073319556,0.4791524553934827,0.23259991709758365,0.2584304210840831,0.154733646338564,0.29503152833455903,0.6499754341502837,-0.06991524118111359,SELL,0.0,1.0
0.5399360832542446,0.526898698870226,0.5285481362259226,0.5393442644735909,0.15345582956320217,0.0,0.0,AVH,2021-09-21 00:00:00+10:00,"Pharmaceuticals, Biotechnology & Life Sciences",0.3809517307894442,0.43557990049527023,0.47619058431679623,0.25248944189941774,0.5778844393629525,0.3500434839255142,0.6242076857066373,0.29755741457658424,0.6424412365939358,0.2868643494939558,0.6489975330951905,0.2993043964629595,0.5765862170657804,0.2576426431569646,0.46859371637344394,0.2486978656796605,0.18820657496292925,0.18820657496292928,0.17092984528450947,0.1709298452845095,0.31274392853339095,0.31274392853339084,0.09131467349578215,0.09131467349578215,0.014492403081060843,0.1560243679485832,0.4853667657278684,0.46299834582067045,0.5635587254561767,0.23107760459523463,0.6383623743761129,0.5927860218950443,0.19979104727773211,0.6592892879950243,0.6212291171609952,0.1878452079737471,0.607885683354956,0.6921021833219696,0.2860574246067065,0.5975964103721871,0.4555828468354841,0.151014586528351,0.13295599215321324,0.3027111754809165,0.2569590443805253,0.34925277895986623,0.24849589075640732,0.30271117548091653,0.25695904438052536,0.34925277895986623,0.24849589075640732,0.06779655537635995,0.04577360722646426,0.06779655537635995,0.06209783840593958,0.06779655537635987,0.06779655537635987,0.3896797521397428,0.4654818638106849,0.2065660973370705,0.20272510416957115,0.11333822105536229,0.24706640506997962,0.6328129906793168,-0.023913072998898444,HOLD,0.0,0.5
0.5271565427066518,0.5189873518001724,0.526916855272102,0.5409836462831286,0.1311783572376636,0.0,0.0,AVH,2021-09-22 00:00:00+10:00,"Pharmaceuticals, Biotechnology & Life Sciences",0.44148428312667015,0.49755051916404375,0.5374151667924175,0.3041477853779255,0.5616619671776906,0.3976669834810256,0.6096205592210575,0.3255128396348499,0.6389044684202714,0.2939407222644439,0.6467270949745958,0.30309201191896185,0.5754218637055735,0.2599752208253372,0.46794209987393653,0.25019494404514503,0.18843976212005858,0.18843976212005858,0.14917654805254635,0.14917654805254632,0.31167134180981404,0.31167134180981404,0.0909977042831257,0.0909977042831257,0.03448273027127101,0.10775684436237902,0.41937050255676633,0.44030293461900827,0.5395504431602987,0.2265302241507874,0.6220795975530942,0.5811853706553096,0.25393509274766596,0.664322709946565,0.6078876767120838,0.22430374153163313,0.6087802201567316,0.6859535655117841,0.3055216548218168,0.6393614320063704,0.47556003282991044,0.12111200015038756,0.10954168871224924,0.302937060363772,0.24237930689392428,0.36505114340008493,0.25437446834685074,0.302937060363772,0.24237930689392426,0.365051143400085,0.25437446834685074,0.08403356293651652,0.0743801439427303,0.08403356293651652,0.07414037473768606,0.08403356293651654,0.08403356293651654,0.38078292237669176,0.4449760416226999,0.2428491449628049,0.22681221870538498,0.0454129786448925,0.2025864321930813,0.6126896716409459,-0.039045618213151556,HOLD,0.0,0.5
0.549520738664939,0.5806961909218241,0.5644371728721034,0.6049180516245802,0.15065734965165564,0.0,0.0,AVH,2021-09-23 00:00:00+10:00,"Pharmaceuticals, Biotechnology & Life Sciences",0.6222741101555709,0.6729568624044914,0.7074831631100675,0.4453811454038275,0.5586823229858278,0.586739996930695,0.605279150853089,0.45957622905424556,0.6390769935967104,0.39198392596804177,0.6465073753254587,0.3730905569124513,0.5749937925091984,0.31656821426928305,0.4675446137222369,0.29141743951008897,0.35421015385104554,0.35421015385104554,0.29598739942079966,0.2959873994207996,0.39131737645862263,0.3913173764586226,0.15261648213005785,0.15261648213005785,0.45054935841811605,0.26196760335432895,0.5433389832033295,0.45233596929036174,0.5231107557665889,0.292551585112426,0.6120769320294246,0.5835978461744997,0.5438078132592692,0.6642746333880751,0.6083068651873973,0.3927043499041605,0.6086875713782314,0.6855871780982696,0.49264781548041553,0.689025479395719,0.49561989640957627,0.12957220179189927,0.12139662317782786,0.3967087893618588,0.34223280850187243,0.4477687451559566,0.3156159148500307,0.39670878936185877,0.3422328085018725,0.4477687451559566,0.31561591485003077,0.42982441097010027,0.19800566662496502,0.4117646587407488,0.1912393360088502,0.42982441097010027,0.41176465874074875,0.4341637312620842,0.48325358071935265,0.38967840903673573,0.3395816314462221,0.0869211182563947,0.25496948182779944,0.5933914519981215,0.026000022888183594,HOLD,0.0,0.5
0.591054321616685,0.5854430595229897,0.5823817300889269,0.6049180516245802,0.09654244942272747,0.0,0.0,AVH,2021-09-24 00:00:00+10:00,"Pharmaceuticals, Biotechnology & Life Sciences",0.4367159267158128,0.4927311798870367,0.5306122912378106,0.29831928591425944,0.5679523183679032,0.5595935871680884,0.6005904301469064,0.46849985769544045,0.6359715363074814,0.39636298634040834,0.6462144157932757,0.3733717037688209,0.5748739322802803,0.3166681108097109,0.46704938503346793,0.2917882948190284,0.2554669440262307,0.2554669440262307,0.295298363683721,0.295298363683721,0.32759422028868745,0.3275942202886874,0.15247913271032598,0.15247913271032587,0.44444450331322316,0.32416029046269296,0.5527769145483706,0.4628333109922471,0.5123728190830685,0.34228833897711475,0.599157198883878,0.5886110042293494,0.5724652082748349,0.6616238959663803,0.6048858165268765,0.4006205845273147,0.6085412305801536,0.685127760736512,0.4934696597466463,0.3883102749125519,0.47485075838020563,0.14183358181484854,0.08072236842690714,0.48881457446329346,0.3388443257459648,0.37905703811537234,0.313382802112,0.48881457446329335,0.3388443257459648,0.3790570381153724,0.31338280211200004,0.5051545124781429,0.34689018396281696,0.4117646587407488,0.307954810271257,0.5051545124781429,0.41176465874074875,0.4092527267105809,0.48462066595211717,0.4217408139277333,0.35486673342134095,0.14415543334174255,0.2910413390753966,0.505477340291922,0.026000022888183594,HOLD,0.0,0.5
0.6022364576818637,0.596518960510848,0.6035889270008579,0.6229508606793586,0.040601497748580496,0.0,0.0,AVH,2021-09-27 00:00:00+10:00,"Pharmaceuticals, Biotechnology & Life Sciences",0.48497064670163004,0.5410255172817595,0.5578231446983178,0.3194715201213799,0.5808640993415117,0.5724591237455274,0.5998958054704777,0.5057424491309752,0.6319171926044993,0.43006555473176244,0.6462876556763213,0.3929944447322328,0.5751650208244522,0.33229184545574086,0.466788738371522,0.3035457171265638,0.25249033335998705,0.25249033335998705,0.29780576759245814,0.29780576759245814,0.31224644640795174,0.31224644640795174,0.15683546423432115,0.15683546423432126,0.5099999856948921,0.39758918234155044,0.48238489470847634,0.4800766301410119,0.5077474880330161,0.39560900789383957,0.5970805592516808,0.58953864058491,0.6715691386185022,0.6537822689479138,0.6055582360084399,0.4576745773399172,0.6086079120458345,0.6852042191205947,0.5457505055174554,0.25865930884354243,0.4534062886899104,0.08586730232872261,0.03532212227892436,0.5166902732243925,0.3795944922285368,0.36258371149300933,0.3246779124352709,0.5166902732243925,0.3795944922285368,0.36258371149300933,0.32467791243527094,0.61855673650612,0.5288514891375773,0.5042017783227347,0.450526554712456,0.61855673650612,0.5042017783227347,0.402135211992266,0.44907723213478157,0.47692299389115045,0.3904976152479959,0.1770246039187408,0.23983056741030762,0.5071674809898498,-0.0019569919022601745,HOLD,0.0,0.5
0.60862622795566,0.6123417300998719,0.6101142063910727,0.6180327934207728,0.048503950226940686,0.0,0.0,AVH,2021-09-28 00:00:00+10:00,"Pharmaceuticals, Biotechnology & Life Sciences",0.4238387702589262,0.47966380403126996,0.51020398895295,0.282579166461022,0.5967555087202869,0.5145565191473276,0.5997221451610809,0.49628641951017705,0.6291567856681486,0.42646292183567835,0.6462876556763213,0.38762358344326153,0.575473231791909,0.3277038961001085,0.4665215757061527,0.30059605958916896,0.22479930108412363,0.22479930108412363,0.29632366233113094,0.29632366233113094,0.30234601581137643,0.3023460158113764,0.15714992522426607,0.15714992522426607,0.7727272398872643,0.33821932678320354,0.40626451491092797,0.4921393806248098,0.5068209946441034,0.4278742168951371,0.5966262033083951,0.5896968339021459,0.6474428995714082,0.6497692342691308,0.6044607330435023,0.4509183799522131,0.6086079120458345,0.6852042191205947,0.5314404698634121,0.20457928599471417,0.44905836583092595,0.1256096590569329,0.04254612559562797,0.5426707486539005,0.3850342039810209,0.386687805406982,0.32242244237332446,0.5426707486539005,0.3850342039810209,0.386687805406982,0.3224224423733245,0.5876286784676515,0.5825709009345335,0.47899150908996196,0.473338012068326,0.5876286784676515,0.478991509089962,0.4163700717359822,0.43677372578474827,0.5093919321462131,0.4076051025537472,0.1613563748450426,0.2020988540815788,0.5109183395037975,-0.09448819415007159,SELL,0.0,1.0
0.6006389770273797,0.5870252987574336,0.5823817300889269,0.5868852425698021,0.07168478838966157,0.0,0.0,AVH,2021-09-29 00:00:00+10:00,"Pharmaceuticals, Biotechnology & Life Sciences",0.3546795222073328,0.4081354993495084,0.41496600184117494,0.20824449809298962,0.6060254883156664,0.4063257475998774,0.5960753614695411,0.44111222880577716,0.623894761616768,0.38549225738782633,0.6450059568499327,0.3548131588709258,0.5755245998782448,0.30026644432206606,0.4663195746285913,0.2807660036386696,0.27812651690331125,0.27812651690331125,0.31425113680464967,0.31425113680464967,0.3096206527462686,0.30962065274626854,0.16052909777757085,0.16052909777757085,0.6,0.34114818776835215,0.4040342582971487,0.4882694268109881,0.5051899226682162,0.4217281306244673,0.5896918897380681,0.5900537118216922,0.5027185333283934,0.6427602771247447,0.6016168665906998,0.37519988925252673,0.6077160465352649,0.6835152816083794,0.44439477993214105,0.17392320262578445,0.4527393963562508,0.21271090843749538,0.062442266556266494,0.49050754563180976,0.3482727770183439,0.33682921372147434,0.28408157454457594,0.49050754563180965,0.3482727770183439,0.33682921372147434,0.28408157454457594,0.4367812501027667,0.5592954122821042,0.31932753915876283,0.4419721902204992,0.4367812501027667,0.3193275391587628,0.4163700717359822,0.4381408110175127,0.43077496205584515,0.3569957645962476,0.16440104599802835,0.20264565729927736,0.5172585419891488,-0.0633946730559597,SELL,0.0,1.0
0.5718850107952962,0.5759493223206585,0.5856443697840343,0.5934426134678983,0.014621291408986447,0.0,0.0,AVH,2021-09-30 00:00:00+10:00,"Pharmaceuticals, Biotechnology & Life Sciences",0.45465778085754105,0.5108107261673953,0.5646256958739645,0.32578888560094443,0.6037079855234733,0.42986541459148375,0.5932968544832474,0.45954618824771853,0.6182014225676271,0.4039601627699634,0.643614397325887,0.3633066687645602,0.5754389853123774,0.3061038641459414,0.4663195746285913,0.2849731838266492,0.12569664538360334,0.12569664538360334,0.31593430296339453,0.31593430296339453,0.30616607719098987,0.30616607719098987,0.15940210052609594,0.15940210052609605,0.714285537351809,0.350844420106611,0.38295006430604095,0.4888317607989415,0.504014371083173,0.4257016655458146,0.5832836834153643,0.5916050779869869,0.5573042392510345,0.6315396023751958,0.6028062911654637,0.40480421722574217,0.6061607034254306,0.682430494893782,0.46673711063114937,0.10382600013113363,0.43340665964935055,0.06508825514726063,0.013219015426213804,0.40111257081197027,0.3574062101168554,0.3299185693050864,0.28134395041601284,0.40111257081197027,0.3574062101168554,0.3299185693050864,0.2813439504160129,0.5454540387798666,0.534409938746441,0.3529409643333694,0.3906462752027805,0.5454540387798665,0.3529409643333694,0.41459067184478926,0.4354067057381955,0.44211780815778257,0.3616366314233275,0.17052407639670164,0.17931449949877615,0.5232183323253791,-0.07910748074346752,SELL,0.0,1.0
0.5750798959321943,0.5743670830862145,0.5807504491351063,0.5868852425698021,0.02466202059487573,0.0,0.0,AVH,2021-10-01 00:00:00+10:00,"Pharmaceuticals, Biotechnology & Life Sciences",0.41891964529340114,0.4746516336066781,0.5238094156832037,0.29284763357646404,0.6000661999319405,0.4217929970649741,0.5962490134983586,0.44078382132049065,0.6113004072834125,0.4036620110970859,0.6425890372170702,0.3570941202088592,0.5749937908762364,0.3006987849939484,0.4663782199022608,0.280722936542728,0.12607139518730903,0.12607139518730903,0.23531612908472524,0.2353161290847252,0.29912805508828555,0.2991280550882855,0.15388224797876837,0.15388224797876837,0.6749997913837931,0.37602651283567246,0.34085567394382865,0.4869920830994447,0.5026509047771095,0.42406247283080484,0.583743824193985,0.5971775358752887,0.5024835590827184,0.6139012392067031,0.608984003761718,0.39387810144843155,0.6055939620734607,0.6808921217689237,0.4506398888138767,0.06678716616286268,0.426425852163389,0.14922833470100266,0.022606266803879022,0.3915436248391158,0.4206423547268174,0.308170363019307,0.2913344205602406,0.39154362483911576,0.4206423547268173,0.308170363019307,0.29133442056024067,0.520547775194001,0.5115743923837616,0.31932753915876283,0.3364689959990837,0.520547775194001,0.3193275391587628,0.4163699868895254,0.4313055152261138,0.43564456735225693,0.359981304283654,0.17349773649449782,0.13003825431533833,0.5288205352414355,-0.08179961273800784,SELL,0.0,1.0
0.5782747810690925,0.5743670830862145,0.5889070094791418,0.5934426134678983,0.01626946772254766,0.0,0.0,AVH,2021-10-04 00:00:00+11:00,"Pharmaceuticals, Biotechnology & Life Sciences",0.45465778085754105,0.5108107261673953,0.5374148424134573,0.30376843594226943,0.5941069115482145,0.45524247362679393,0.5998957971898985,0.4469769911606907,0.6070735342906668,0.42033046554897857,0.6417833967573905,0.3650529270475089,0.574325999222025,0.30701859580702984,0.4664303491725069,0.2848911754388313,0.1031950941957551,0.1031950941957551,0.23522338022055436,0.2352233802205544,0.2800131115053158,0.2800131115053157,0.15449975359044177,0.15449975359044166,0.42222208093722813,0.4160943469565873,0.3170192378401213,0.48915964588023697,0.5020585523675829,0.4307889510693501,0.5842305687076081,0.604154042708002,0.5228935328060083,0.6050686426454412,0.6104560121516136,0.42788503967083313,0.6050662936561539,0.6797884865881969,0.47190632254466125,0.05424926071430738,0.40019850967044895,0.1120756539039569,0.015733816334336993,0.3757248490302202,0.4285873420553834,0.35662132358122595,0.2979012687949641,0.37572484903022013,0.4285873420553834,0.35662132358122595,0.2979012687949641,0.5753422778460011,0.5587430591529525,0.36842074442654676,0.35312733344330005,0.5753422778460011,0.3684207444265467,0.41459067184478926,0.4285714751330084,0.46930128550387756,0.379738111920528,0.18782265394925732,0.10941407075093737,0.5340866059825284,-0.08113582808481978,SELL,0.0,1.0
0.5766773004146084,0.5632911066494394,0.567699890354677,0.5721311971340992,0.049560985965629904,0.0,0.0,AVH,2021-10-05 00:00:00+11:00,"Pharmaceuticals, Biotechnology & Life Sciences",0.37887811816717937,0.43342606292223573,0.45578260641089596,0.23825525223373056,0.5848369319528353,0.42194461901909097,0.6033689288526207,0.3981703852190084,0.6024153504134855,0.3931568642392589,0.6406481776970934,0.3427239737535449,0.5738808056023651,0.2886062952100069,0.46647596243932987,0.27118715685013334,0.11525943587262436,0.11525943587262436,0.2362087802999712,0.23620878029997122,0.28465672088341754,0.2846567208834174,0.16014309211739053,0.16014309211739053,0.32758634864364466,0.3679309361383751,0.3468887107222718,0.4819721893072124,0.49993194937313157,0.4174055803139803,0.5779559773840359,0.6184622403455297,0.3374622342240925,0.5980893768063595,0.6088471063413472,0.3594926574447306,0.6049287538360173,0.6774602593003702,0.4143640994208282,0.05479393430435515,0.3841492277088154,0.3393700713679279,0.04959916495221318,0.35193050493771777,0.4276374467780597,0.34627537793621144,0.2875994584048675,0.35193050493771777,0.4276374467780597,0.3462753779362114,0.28759945840486756,0.39726047082799887,0.5082953023925714,0.29896909750437145,0.33481356547423746,0.39726047082799887,0.2989690975043714,0.42526673180611974,0.40533148247949446,0.3940861952800059,0.3421732756260134,0.18827579330732053,0.11980436390415294,0.539036712479156,-0.07291674324207531,SELL,0.0,1.0
0.5591054702477036,0.5490506517437763,0.5579118934818887,0.5639344444264653,0.042570115778723334,0.0,0.0,AVH,2021-10-06 00:00:00+11:00,"Pharmaceuticals, Biotechnology & Life Sciences",0.41386798941688463,0.46949261675470744,0.4965985622226965,0.27039159368272764,0.5802019421551454,0.41178172845807204,0.6058001152201209,0.3775341465197546,0.5963769651247912,0.3888464500094009,0.6396228175882763,0.33466552846611,0.5742403854726386,0.28109833224905667,0.46654112402713765,0.2658828694090323,0.07629448832912444,0.07629448832912444,0.2397051356322014,0.23970513563220142,0.2762855659944943,0.2762855659944942,0.15896106063368542,0.15896106063368542,0.15384601277006638,0.356049807680333,0.3538200153701285,0.4734053684573507,0.49626076773011424,0.40393211716675886,0.5706165288233387,0.6318301146934387,0.19217811103473914,0.5854711960666013,0.6109502031225593,0.33485718369738365,0.6051974909572126,0.6748560066135616,0.3954555265521316,0.03979160971528333,0.3772245278381875,0.34896674636255864,0.04325312211058369,0.38361358818799846,0.4153470832489314,0.31990598115000746,0.2904691484485922,0.3836135881879984,0.4153470832489313,0.31990598115000746,0.2904691484485922,0.3287670159120006,0.44300968150299325,0.2474224979685258,0.3104147014450174,0.32876701591200064,0.24742249796852578,0.42704613169731265,0.39712916664154274,0.35996929344965717,0.3211811563230796,0.19020085998619501,0.12975576440668649,0.61658838092632,-0.0715789794921875,SELL,0.0,1.0
0.5431309683911427,0.5379746753070012,0.5513866140916739,0.5622950626169276,0.03480423409433244,0.0,0.0,AVH,2021-10-07 00:00:00+11:00,"Pharmaceuticals, Biotechnology & Life Sciences",0.4320981500768236,0.48805403394589203,0.5578231446983178,0.32113669770430164,0.5739115909649328,0.42413453722614936,0.6012850465427556,0.38242651830121743,0.5919775669556064,0.3926957389696013,0.6381946372496197,0.3341826645779985,0.5745143507770447,0.27943762928110016,0.46666493088861494,0.26474331524951833,0.064229236910536,0.064229236910536,0.07809596815408804,0.07809596815408805,0.26396113059781845,0.2639611305978184,0.15494993991533001,0.15494993991533001,0.15999984741210938,0.49247645590031164,0.3023359916146504,0.46678957342852745,0.4918025521712299,0.39706676753183257,0.5706785187173471,0.622436591003206,0.246821080827616,0.579032032268618,0.6092519541652817,0.34044278637002645,0.6050671495356144,0.6718724771932281,0.39627942008552897,0.05019155689567637,0.3649756326017704,0.2510033500702706,0.036343808801061715,0.3717603603900222,0.3381255817356134,0.3501180111693643,0.2787836327661228,0.3717603603900222,0.3381255817356134,0.35011801116936436,0.27878363276612284,0.32394321739019477,0.35742891826917933,0.23711298142743445,0.26585926830201584,0.3239432173901947,0.23711298142743442,0.3505337181516097,0.3930280413156728,0.3480384364162932,0.3085507728252647,0.3187889432601355,0.08814325394466707,0.6149608379767433,-0.06751048740003018,SELL,0.0,1.0
0.5575079895932193,0.5443037831426107,0.5546492537867813,0.5606557589774173,0.027713211991848386,0.0,0.0,AVH,2021-10-08 00:00:00+11:00,"Pharmaceuticals, Biotechnology & Life Sciences",0.43208862836081613,0.4880443796213799,0.48979601104704984,0.26473624878006846,0.5686144597675731,0.43396563502671137,0.596596325836573,0.3876883862415157,0.5873193830784249,0.3969725801134547,0.6369861783062767,0.3334947977389293,0.5748396849842675,0.27773753427833314,0.466645382256915,0.2637059376934749,0.06580190996000834,0.06580190996000834,0.07751328466305907,0.07751328466305905,0.2630806046245069,0.2630806046245069,0.1534919922896062,0.1534919922896062,0.25000000000000017,0.487553299786728,0.34865827889391743,0.46177778853615997,0.48708354389513625,0.394791855168097,0.56884403371534,0.6148415258663522,0.28417484739805765,0.570567832856339,0.6093848539373234,0.34343870944881605,0.605200576132155,0.6690370300014221,0.3966601088778299,0.05176378696442769,0.3569985671691621,0.19629594722259924,0.029471648917303212,0.3787214888863006,0.33625060951334784,0.3449787597688247,0.2849865139484725,0.37872148888630064,0.33625060951334784,0.34497875976882475,0.28498651394847263,0.3098590508785562,0.3276759024328005,0.25287335532265437,0.2502180319269172,0.30985905087855625,0.2528733553226543,0.3007117090486031,0.3766234096397696,0.3686506111260989,0.32238511639287615,0.4577965594202433,0.11084110669388231,0.6115204628021688,-0.09936570577090909,SELL,0.0,1.0
0.5463258535280409,0.5332278067058356,0.5497553331378533,0.5508197026302728,0.03603470363804609,0.0,0.0,AVH,2021-10-11 00:00:00+11:00,"Pharmaceuticals, Biotechnology & Life Sciences",0.4088927774545763,0.4643999192868812,0.49659888660165674,0.26991851142837203,0.5600066215718638,0.4299581067147007,0.588955446115279,0.3819351135561315,0.5831787747305612,0.3870793447167311,0.6354115199477051,0.3240876435509905,0.5748225625609825,0.26909329050065534,0.46636518727398424,0.2575945226259147,0.0467712073392793,0.0467712073392793,0.04836497053864211,0.048364970538642096,0.2596386193147967,0.2596386193147967,0.1539609694156725,0.1539609694156725,0.11764705882352942,0.5184235601224152,0.32309847281438686,0.45441218268568007,0.48161465163799005,0.38825056690622517,0.5586968773299466,0.6106053733619611,0.24329303348292258,0.5657222955018633,0.6063615016117896,0.31088730049418456,0.6053747519616071,0.6653419526399413,0.37629724376785834,0.06194849653497201,0.35447942798054316,0.22878140189301174,0.03854514622586555,0.35477699426410336,0.30615122667967154,0.3539204200473508,0.27402489039282973,0.3547769942641033,0.30615122667967154,0.3539204200473508,0.2740248903928298,0.22535203700258635,0.2924715830179623,0.20779201477328252,0.23677059131792258,0.22535203700258633,0.20779201477328257,0.2793594194330288,0.3697881138483706,0.3185750316539695,0.30554340863476787,0.5277625831822352,0.11478958868505579,0.6082177026345773,-0.09850107722311285,SELL,0.0,1.0
0.5351437936349324,0.5284810135535868,0.5432300537476387,0.5409836462831286,0.0396381740018507,0.0,0.0,AVH,2021-10-12 00:00:00+11:00,"Pharmaceuticals, Biotechnology & Life Sciences",0.4085353069328743,0.4640335569918829,0.5034014377773034,0.2752565270192731,0.5537162703816512,0.41943009891190863,0.5807936020269533,0.3770391291914532,0.5790381663826973,0.3770881665910659,0.6331410818271106,0.31528128596111926,0.5747369488115961,0.26050135548568865,0.4660784759769152,0.2514827303568039,0.017642311230267473,0.017642311230267473,0.04844130475920663,0.04844130475920662,0.2598828635825695,0.25988286358256946,0.14818485536191917,0.14818485536191917,0.11111111111111115,0.482713356114729,0.3386106308418705,0.4452863536440915,0.4751410973399953,0.37948683254064086,0.5474652469380472,0.6065269658605754,0.1948415341479533,0.562480597553058,0.6014568688839896,0.2828789017643841,0.6049421666188273,0.660886439338761,0.3582753038622948,0.05683543042201105,0.352666085496877,0.26547434758851024,0.04257881412561238,0.37051187850784745,0.30013807819440597,0.35285985280330306,0.25437446834685074,0.3705118785078474,0.3001380781944059,0.3528598528033032,0.25437446834685074,0.0,0.18219548358304158,0.13698625663000027,0.20279552776764367,0.0,0.1369862566300003,0.27224198956117074,0.36295281805697177,0.2759783117994301,0.29775764589304643,0.5974336920415342,0.11626662625671882,0.603367833609391,-0.12147503829953876,SELL,0.0,1.0
0.5303514278435499,0.5332278067058356,0.5448613347014593,0.5540983880793209,0.020951292192880597,0.0,0.0,AVH,2021-10-13 00:00:00+11:00,"Pharmaceuticals, Biotechnology & Life Sciences",0.47477912056247795,0.5309127998282834,0.5782314469831783,0.3389413309829873,0.5517298461826412,0.46239379050107043,0.5773204786448103,0.410318110009382,0.5755013982090329,0.4040700306892895,0.6313100830047906,0.33150759662562224,0.5749766684529515,0.2718587214677963,0.46592208816617664,0.26001024703678516,0.061992650635636935,0.061992650635636935,0.03399104556647725,0.033991045566477265,0.26545268076916406,0.265452680769164,0.15133457967061592,0.15133457967061592,0.2,0.2761948409206791,0.39466592983707194,0.445154769002267,0.4699319966461427,0.3905167461372052,0.543936531227911,0.6033689446589889,0.3567480225631411,0.5571059938647345,0.6003238918219547,0.36032735102572455,0.6042246176027897,0.65776364670428,0.3988713893364322,0.045695596806061535,0.34657409682968787,0.15938203262451103,0.02282967918751522,0.40274942123748075,0.34853220575645405,0.36628786098393595,0.2671220869715382,0.40274942123748075,0.3485322057564541,0.366287860983936,0.2671220869715383,0.13114748972454432,0.12135885287114868,0.2465752619340005,0.20065845473786062,0.13114748972454437,0.24657526193400048,0.21886118067577828,0.3643198381035244,0.331675879771896,0.33036644343338595,0.4786854108059222,0.13181303622536147,0.5967885491110153,-0.12793174782777295,SELL,0.0,1.0
0.5383386787718305,0.5363923606236404,0.5530179728329607,0.5606557589774173,0.022105592984835755,0.0,0.0,AVH,2021-10-14 00:00:00+11:00,"Pharmaceuticals, Biotechnology & Life Sciences",0.45542289116935936,0.511578443441099,0.5714285714285714,0.3327652696323887,0.5513987833761542,0.4820655308929691,0.5738473552626673,0.4304060980553168,0.5723959409198038,0.41971829556283646,0.6299551442953562,0.340058222740072,0.575490354215194,0.2772247970216072,0.4657852486764229,0.2643171563768625,0.06826254060751213,0.06826254060751213,0.034369032162582774,0.03436903216258279,0.26730383763122256,0.2673038376312225,0.14987234400400917,0.14987234400400917,0.3870964764803873,0.31092645350582937,0.40854544253389025,0.4491373598378965,0.46668049369719083,0.40759300256318365,0.5363435605088052,0.6048335564916436,0.45007810292819056,0.5510500716961857,0.6008970755688072,0.4052162851891575,0.6038229119083027,0.6552878486126585,0.420346437534059,0.03915219038310123,0.33985667054628416,0.18274518290929553,0.02447609911447308,0.41533488712550637,0.3488433122086701,0.3756178577656018,0.28077803343644225,0.4153348871255064,0.34884331220867015,0.3756178577656018,0.2807780334364423,0.19672123458681648,0.11161241261677533,0.30136976458600057,0.2324113159565936,0.19672123458681634,0.3013697645860006,0.19572940632255428,0.3588515623586783,0.37111250901548165,0.3580268348986533,0.3796506232663872,0.14868902412907953,0.5907356073725097,-0.12262154785776624,SELL,0.0,1.0
0.549520738664939,0.539556989990362,0.5562806125280682,0.5590163771678796,0.02173052295066641,0.0,0.0,AVH,2021-10-15 00:00:00+11:00,"Pharmaceuticals, Biotechnology & Life Sciences",0.4320786246129061,0.4880342365064869,0.5170068645075571,0.2870068559311854,0.5510677047829713,0.4783257148558846,0.5708951962475561,0.4327429043219426,0.5723959409198038,0.4169961080146347,0.6286002038397449,0.33950971757567483,0.5759184254115691,0.2754467229921932,0.46556369896716154,0.2634218784087523,0.06826352599931337,0.06826352599931337,0.03365927452218845,0.033659274522188434,0.19562777468234469,0.1956277746823446,0.14987497136074468,0.14987497136074468,0.4444440519858503,0.20316678071534539,0.40854529993566036,0.4526302834643111,0.46488247232473195,0.4202718198407792,0.5297663091192664,0.6062186240346283,0.45862348911834944,0.5510500716961857,0.6008970755688072,0.39611502262945375,0.6034360696167003,0.6527930843652163,0.4202378424742397,0.03606940651976576,0.2023747432265125,0.18729618922996982,0.03592283357243054,0.41532943179989973,0.35428374586712785,0.4438919630847707,0.28069616556534394,0.41532943179989973,0.3542837458671279,0.44389196308477075,0.280696165565344,0.18032740752089876,0.17299910650351083,0.2876708123220024,0.283541694644587,0.18032740752089882,0.2876708123220024,0.18327394647003106,0.3533833518000439,0.3896342507525521,0.37050663797891364,0.3466716151151653,0.16652431290552883,0.5851669009730847,-0.13347450542538675,SELL,0.0,1.0
0.5479233341825249,0.5348101213891964,0.5481239743965667,0.5557376917188315,0.0318540828782639,0.0,0.0,AVH,2021-10-18 00:00:00+11:00,"Pharmaceuticals, Biotechnology & Life Sciences",0.42742189406141795,0.4833075901124386,0.51020398895295,0.2813146321757313,0.5520609089891282,0.4661370326656846,0.5669011002178019,0.43373377624044007,0.5722234157433645,0.41181790505679383,0.6269523038519511,0.3374075810901407,0.5759355478348539,0.27255107343735097,0.4653682138930233,0.26145434363150866,0.05841493757755593,0.05841493757755593,0.026904990913165783,0.026904990913165783,0.1959297103873501,0.19592971038735008,0.1483584524024113,0.1483584524024113,0.42857142857142855,0.20684268547168183,0.5386530219293395,0.45496625259636153,0.46398120009251526,0.42809422273659414,0.5155181059850025,0.614177075012251,0.44509536533425426,0.5511004375740289,0.6004752017550372,0.3792383042991356,0.602678653998078,0.6501249722089117,0.41643987395900806,0.03391519958568192,0.1480090606843274,0.28297388630015474,0.06540994452759083,0.4255420652345492,0.34313834701761514,0.43980162926133093,0.27226552540748605,0.42554206523454924,0.34313834701761514,0.43980162926133104,0.27226552540748616,0.1999993642168529,0.1964375233315099,0.2676052081395482,0.2906775892844838,0.19999936421685294,0.26760520813954813,0.16370105674564964,0.29460005570161796,0.3698112346145568,0.356100507244144,0.2336913521976515,0.3024086214691939,0.5800436910856136,-0.15957442383358023,SELL,0.0,1.0
0.5351437936349324,0.526898698870226,0.5415986950063518,0.5426229499226389,0.05128000143898983,0.0,0.0,AVH,2021-10-19 00:00:00+11:00,"Pharmaceuticals, Biotechnology & Life Sciences",0.3993815999421812,0.4546314967526985,0.51020398895295,0.28102207927813344,0.5523919717956149,0.4277781769989186,0.5637752808932939,0.412577627063482,0.5723959409198038,0.38977488153784945,0.6251945449126768,0.3244109418758645,0.576072530487057,0.26091700734306633,0.4651857611364467,0.2531555143910218,0.067092869508211,0.067092869508211,0.010747490195170378,0.010747490195170392,0.1902676087047648,0.19026760870476472,0.1499792108375605,0.1499792108375605,0.3428569093041854,0.2545187116554592,0.5036316074283549,0.45196801005789283,0.462570750856764,0.42365263758396726,0.5120506221932484,0.6116665461415841,0.2109160577791716,0.550843158005127,0.6011397823326972,0.30436779403771713,0.6024460232361291,0.6465450634151377,0.3888035889968927,0.03991404684581928,0.12667360669952749,0.41969042365625625,0.11635763323025068,0.4204528379512,0.35171945212220235,0.4480890011692728,0.2683972443552143,0.4204528379511999,0.3517194521222023,0.4480890011692729,0.26839724435521434,0.05128201993180004,0.14692739798841692,0.154929189638255,0.24098728082533272,0.05128201993179993,0.15492918963825497,0.1405693672388825,0.25495549655841243,0.3183219858039063,0.33103470803947876,0.24904463773221566,0.39243467373247254,0.5753303379891402,-0.15800861444535885,SELL,0.0,1.0
0.5303514278435499,0.5237341449524212,0.5383360553112446,0.5459016353716872,0.05779942480378774,0.0,0.0,AVH,2021-10-20 00:00:00+11:00,"Pharmaceuticals, Biotechnology & Life Sciences",0.44621112872131435,0.5023175966179628,0.5442177179680642,0.30992554497460406,0.550736610403092,0.4417692440373955,0.5618650588928257,0.42311058293207626,0.5726547266278001,0.3948253655800116,0.6234734050418371,0.32968220988618746,0.5761581442364434,0.26373272463302055,0.46500330837987003,0.25539010944559054,0.04547672018482731,0.04547672018482731,0.01072291357073707,0.010722913570737083,0.19045219642129055,0.19045219642129052,0.15018764609057844,0.15018764609057844,0.4516125558937853,0.23007394738067588,0.567032801221976,0.4521599517090286,0.46148652752758984,0.4264983280471981,0.5099589153035309,0.6101012727817862,0.3229881557719456,0.5504939099621378,0.6020936339581999,0.31937772780380014,0.6019551481125356,0.6433753778192204,0.40246387440767223,0.05890129953854934,0.11135126613093939,0.378708671939858,0.14184854881750264,0.40510642897626675,0.3651653418644692,0.45017381366911235,0.26962626564772396,0.4051064289762667,0.3651653418644692,0.45017381366911235,0.269626265647724,0.1499998211861083,0.136603341960264,0.1830981942635783,0.2055036339634007,0.14999982118610833,0.18309819426357832,0.1334519373670244,0.23855086488250923,0.31373289567516655,0.3255128108459415,0.22411221710821852,0.4372608242517054,0.569753483826198,-0.1788792990493573,SELL,0.0,1.0
0.5319489084980342,0.5363923606236404,0.5432300537476387,0.5557376917188315,0.04485540039780962,0.0,0.0,AVH,2021-10-21 00:00:00+11:00,"Pharmaceuticals, Biotechnology & Life Sciences",0.46507875006132554,0.5212444462904489,0.578231122604218,0.33885331626123105,0.5497433904102389,0.47272225498872045,0.5611704342163971,0.44498717102142216,0.5700668448678883,0.41515280370876506,0.6225945246991116,0.34152724341555374,0.576500600866951,0.2721097015463477,0.46482085562329334,0.26184207453308767,0.05400382786739966,0.05400382786739966,0.021331838092021035,0.021331838092021035,0.048760766954085155,0.048760766954085155,0.14230165483723445,0.14230165483723445,0.6451607941339789,0.3221318799387581,0.5893378324500396,0.45778323478880373,0.4619121957600848,0.4396692134089358,0.508204233318174,0.6106627185192318,0.574136166170142,0.5467035976247723,0.601097676279644,0.3859342256049596,0.6019451273503216,0.6414498138595541,0.42998917945491966,0.070623911010405,0.08925863755871592,0.2616786422389316,0.12475457814647366,0.4102718493822104,0.3789646470189196,0.385972746659366,0.2945349145128376,0.4102718493822104,0.3789646470189195,0.38597274665936604,0.2945349145128377,0.2999996423722166,0.17064523580271987,0.1874998603015847,0.17832223669890387,0.29999964237221655,0.1874998603015846,0.1316725374758315,0.23991788492906194,0.40122653204166175,0.3542435702674269,0.3167527257022579,0.5418965549495336,0.5633548948401138,-0.2063829424587389,SELL,0.0,1.0
0.5383386787718305,0.526898698870226,0.5350734156161372,0.5409836462831286,0.10397500954330059,0.0,0.0,AVH,2021-10-22 00:00:00+11:00,"Pharmaceuticals, Biotechnology & Life Sciences",0.39471492036054756,0.44982282954687525,0.48979601104704984,0.26387330219613014,0.5461016206054021,0.4407077335280536,0.5590865601871112,0.41825728110174976,0.5667026018706629,0.3957218029212537,0.6219719848201346,0.3255752356627142,0.5768259350741737,0.25889924540054876,0.46466446781255477,0.25246441072770887,0.07124735251470982,0.07124735251470982,0.03532167653539853,0.03532167653539854,0.05486558618949061,0.05486558618949061,0.13595202825900454,0.13595202825900454,0.375,0.2310420290588337,0.32309847281438686,0.45659491406336344,0.46197948171116626,0.43654302073126006,0.5067789297642411,0.6079809179279856,0.25903181596908237,0.542911023521822,0.5984717967870503,0.3159485884642722,0.6023679675151945,0.6395373706477756,0.39602983620479426,0.11300317798731441,0.09081063911674557,0.43440715828133325,0.2864990213990503,0.38998270537653656,0.36309154143214895,0.36859705537978993,0.30200757883175045,0.3899827053765365,0.36309154143214895,0.36859705537978993,0.3020075788317505,0.14285772673953648,0.20181925398748446,0.07575788226454354,0.15145777863516177,0.14285772673953645,0.0757578822645435,0.14056928239242575,0.20300743106517363,0.2886113669661411,0.32196714910902147,0.23146417701958108,0.3670035579636247,0.5577241365323597,-0.18655099969786526,SELL,0.0,1.0
0.5287540233611361,0.5189873518001724,0.5383360553112446,0.5360655790245428,0.016371618235110064,0.0,0.0,AVH,2021-10-25 00:00:00+11:00,"Pharmaceuticals, Biotechnology & Life Sciences",0.42244211558604783,0.4782418819359961,0.51020398895295,0.28087199520317235,0.5421287722073824,0.43775587854866993,0.5575236505248572,0.4110031986471405,0.5621306785250388,0.3945017299661677,0.6214593056388145,0.3205360658334383,0.5770142866291935,0.25443719913967067,0.4640063349989092,0.24975681070792144,0.0713862862055839,0.0713862862055839,0.03130211931295071,0.031302119312950724,0.035820082563624456,0.035820082563624456,0.13488739239039482,0.13488739239039482,0.25806431765359167,0.2817819349932655,0.3118520685584968,0.4544845189599944,0.46154803526915045,0.432192544616003,0.5078617850367055,0.6035220909490147,0.22220540292524915,0.5337970711014204,0.5995482407896848,0.29216781662779,0.602831481848167,0.6378153314590147,0.38644107806976336,0.1050253118742619,0.08575116968148493,0.07226158383092933,0.046518118348526594,0.3873190927854771,0.3688084487363321,0.3437707088818934,0.30539650926136785,0.3873190927854771,0.3688084487363322,0.3437707088818934,0.30539650926136785,0.07692293584711882,0.1769425674528504,0.030303008409675463,0.09961121958646257,0.07692293584711873,0.03030300840967537,0.11921707762330822,0.18250160887718872,0.2625485886347013,0.3159769143517555,0.2486125976352531,0.26357568290333544,0.5515050404312745,-0.20087333039318456,SELL,0.0,1.0
0.5207667724328555,0.5126582439645629,0.5334421346623166,0.5327868935754947,0.03951936851441399,0.0,0.0,AVH,2021-10-26 00:00:00+11:00,"Pharmaceuticals, Biotechnology & Life Sciences",0.4271377972595834,0.4830189018239724,0.5306122912378106,0.29831928591425944,0.5401423480083727,0.4338921896008987,0.5566553655390318,0.40581462360320963,0.5576450198242968,0.39590595154870734,0.6211297252920203,0.31716219987389593,0.5771855149444473,0.2514290720971252,0.46351762262427865,0.24798340928130452,0.06040021049782623,0.06040021049782623,0.02576718776091376,0.02576718776091376,0.03583841691104522,0.03583841691104522,0.13299391806280436,0.13299391806280436,0.25000000000000017,0.300358129256036,0.2136745622686307,0.45240929267132446,0.4607256898124325,0.42878270629293413,0.5092910557695074,0.6001035630407375,0.20851974905748316,0.5240720536229122,0.6015228572673972,0.2694951081770236,0.6032046731132712,0.6366123436650264,0.38020563875665997,0.09896524604885656,0.08387508868249118,0.18224622982871191,0.11360349665792314,0.4023242797124076,0.37670785844430804,0.34507971656139624,0.31131240385406894,0.40232427971240764,0.37670785844430804,0.34507971656139624,0.311312403854069,0.041665673254973015,0.08900103654104075,0.014925011974313408,0.04105301296419786,0.041665673254972946,0.014925011974313396,0.10498213303313528,0.1688310824806026,0.244725390951722,0.2975970076135285,0.2510857901267037,0.19979468626748736,0.5461566177843412,-0.17982454902027212,SELL,0.0,1.0
0.5223642530873396,0.5158227978823676,0.5334421346623166,0.5360655790245428,0.02923614289435483,0.0,0.0,AVH,2021-10-27 00:00:00+11:00,"Pharmaceuticals, Biotechnology & Life Sciences",0.4463360654722264,0.502443457950101,0.5374148424134573,0.30418576677782583,0.5381559238093627,0.44906839579374,0.5547451435385634,0.4164245515671281,0.5549708775328279,0.4056266962063235,0.6206902859937458,0.32125028637115294,0.5772882519335996,0.2542291125734858,0.4629051030774558,0.25052054785498745,0.060453320764604336,0.060453320764604336,0.0094950453792845,0.009495045379284514,0.004407028861213164,0.004407028861213164,0.13206065812134693,0.13206065812134693,0.3125,0.33171055988119186,0.24130686733011172,0.45331936634023934,0.46027708050971117,0.4320428318309459,0.5084552665520126,0.5971098245607409,0.31080741499350273,0.5208518339536854,0.599676795783717,0.3105596487154186,0.6036040651157697,0.6351336386057145,0.3902863174228909,0.08424704425896301,0.0750113374478918,0.15128481601609547,0.08896000487927758,0.4023912365624942,0.36488759241811275,0.3826958388431203,0.30776668480903685,0.40239123656249415,0.36488759241811275,0.3826958388431203,0.3077666848090369,0.12499900658830634,0.08292160689579735,0.05882303442485464,0.03530666969039413,0.12499900658830643,0.05882303442485459,0.09964401820601332,0.1496923455253821,0.3032261974486331,0.30455049230587095,0.3152112258166095,0.17155919021886823,0.5406494973591717,-0.17685588564903365,SELL,0.0,1.0
0.5223642530873396,0.511075929281202,0.5334421346623166,0.5311475899359841,0.017162174375810402,0.0,0.0,AVH,2021-10-28 00:00:00+11:00,"Pharmaceuticals, Biotechnology & Life Sciences",0.4223488467117783,0.4781468932387389,0.5170068645075571,0.28658604444458396,0.5331898712051861,0.4489872656259748,0.5516193324946348,0.41218565962518117,0.5516928991804844,0.40241050403496037,0.6197015466995401,0.31664197522103443,0.5773053751733656,0.24989965539649905,0.461934194642333,0.24802066314759136,0.03665253949176724,0.03665253949176724,0.002658099886757359,0.002658099886757373,0.0,0.0,0.12591069685226186,0.12591069685226186,0.3703706974197764,0.31831515053789405,0.30395579397881056,0.4528903755854023,0.459819548706933,0.43196500026451246,0.5051161433371163,0.5944533170667519,0.27056084099539357,0.51556670291162,0.5989830659802748,0.2828855406990504,0.6042137776204173,0.632175145540048,0.3828516356025715,0.0699771683358357,0.07554190218726957,0.10073039233584219,0.05203898192483989,0.3796843558328537,0.3511992565359474,0.3694860536013714,0.2902679275829578,0.3796843558328537,0.35119925653594747,0.3694860536013715,0.29026792758295783,0.0,0.05673565557184888,0.0,0.02502423372171313,0.0,0.0,0.08540907361584035,0.12235122754599823,0.28461696191682295,0.2935846221140652,0.2620866826862104,0.19413481721480158,0.5360235162020293,-0.1846154104121529,SELL,0.0,1.0
0.5111821170221611,0.498417713609983,0.5106035790090988,0.513114780881206,0.12485013298442271,0.0,0.0,AVH,2021-10-29 00:00:00+11:00,"Pharmaceuticals, Biotechnology & Life Sciences",0.38368876411911873,0.4384196287933698,0.48979601104704984,0.26257200889388527,0.5275616614146434,0.4121694926675392,0.5467569597596347,0.38347291508504666,0.5478110806539416,0.37767626931209497,0.6187128074053345,0.29726494762122324,0.5772026381842131,0.23414811992377682,0.4608850919911258,0.2370874857800575,0.04948110450456664,0.04948110450456664,0.021707365370381107,0.02170736537038112,0.01259607585181896,0.012596075851818933,0.1265043587918967,0.1265043587918967,0.2222222222222223,0.2883252957971087,0.22065662931376126,0.4455489206073777,0.45776539100539304,0.41803752546299405,0.5052361028842229,0.5842767226626383,0.1158891943489293,0.5130508935805422,0.5937711737906426,0.17023818750038988,0.605364825130515,0.6285260327432811,0.3459520765499201,0.08073378517593016,0.09646229892839091,0.6654398043048448,0.33277801546048846,0.3737497407378182,0.33126119992458986,0.35505890076355484,0.2895169719796914,0.3737497407378182,0.3312611999245898,0.35505890076355495,0.28951697197969145,0.08571479174500411,0.07173076801705329,0.05263193118154357,0.037818969382373696,0.08571479174500407,0.052631931181543634,0.09608530327008424,0.1250853980115272,0.14920039981378647,0.20438546317837153,0.22142357122783515,0.15657964339084074,0.5321376920300297,-0.18018016711853435,SELL,0.0,1.0
0.49999998095698245,0.4889240518565686,0.5073409393139916,0.5049180281735721,0.08269550331223037,0.0,0.0,AVH,2021-11-01 00:00:00+11:00,"Pharmaceuticals, Biotechnology & Life Sciences",0.41201545329703326,0.46759769988113603,0.5034014377773034,0.2741111967005537,0.5212713102244306,0.4059060587432137,0.5413736143770232,0.37643867529227504,0.5431528967767603,0.3708153196226147,0.6169916675344946,0.2895839275050033,0.5762095131392599,0.22767684828113544,0.45968611753260347,0.23259168020287158,0.05019795051770302,0.05019795051770302,0.02262713138637784,0.02262713138637784,0.007935448895810132,0.007935448895810104,0.11682897694762129,0.11682897694762129,0.05714281821736421,0.29395958808128914,0.21725055843478744,0.437276525721687,0.45421986743095777,0.4050282409269593,0.5051916147241899,0.5732114297076009,0.1414026132283881,0.5083743959820106,0.5894611541739745,0.13386487998478352,0.6067585574720034,0.6229520187967861,0.33610228130501996,0.11490942112525676,0.11033279698780933,0.34114607289391113,0.20405365831169783,0.3682375942566213,0.3250403965704766,0.3381571562411605,0.2669104130101119,0.3682375942566212,0.3250403965704766,0.33815715624116055,0.2669104130101119,0.0,0.02917885725055979,0.0,0.01785910015816939,0.0,0.0,0.09074727328941906,0.11278195684770562,0.18231402195883906,0.19411857462166485,0.20598924278399722,0.14093557577890253,0.5245219166093384,-0.1776765364720153,SELL,0.0,1.0
0.49999998095698245,0.5000000282933438,0.5122349377503856,0.5213114554188127,0.026752330974766824,0.0,0.0,AVH,2021-11-02 00:00:00+11:00,"Pharmaceuticals, Biotechnology & Life Sciences",0.48667929062577114,0.5427164472905331,0.5714285714285714,0.334631419734818,0.5189538074322377,0.46145734298732766,0.5391160800383407,0.4159884343563538,0.5404787503719668,0.40327659338658406,0.6147578484823348,0.31012466614133116,0.5753191242669782,0.24274845643023024,0.45818088314531213,0.24424702429434064,0.09694517124315974,0.09694517124315974,0.04878123676355542,0.04878123676355543,0.016440695992859827,0.016440695992859827,0.09672988398116211,0.09672988398116211,0.3333328918176099,0.3161658740951003,0.27311463486164667,0.439371914534334,0.4518652731499203,0.4154167970295825,0.5034140241378271,0.5705717305254675,0.36862894449443434,0.5053800221849376,0.5873501701023587,0.28905505954052557,0.606375119870596,0.6185145666322793,0.3800610506666703,0.10833077111705805,0.10557009510472647,0.1153817909360884,0.06773904855512215,0.3994967562186947,0.3604959539212368,0.3815483197972116,0.25376540759278216,0.39949675621869474,0.36049595392123684,0.38154831979721165,0.25376540759278216,0.2702697478049403,0.12118354197062535,0.19230751596258294,0.08311300803584383,0.2702697478049403,0.192307515962583,0.09252675802706872,0.1168831473597873,0.3042856580544726,0.266695645309321,0.21236103200290476,0.1501298374615691,0.5169571215203089,-0.19821824317464387,SELL,0.0,1.0
0.507987231885263,0.5063291361289534,0.5138662187042062,0.5114753990716683,0.028123812639082917,0.0,0.0,AVH,2021-11-03 00:00:00+11:00,"Pharmaceuticals, Biotechnology & Life Sciences",0.40740556964566993,0.4628753206900466,0.4965985622226965,0.2683967574617125,0.513987739041365,0.44669439179392256,0.535469296346801,0.402109639443184,0.5377183434356159,0.3906442496732172,0.6125972693132207,0.30098010299032574,0.5732643820344894,0.23561521235711225,0.4564736476804595,0.23902768746936598,0.09653396998627661,0.09653396998627661,0.049986556976526986,0.049986556976527,0.01801275721965767,0.01801275721965767,0.0961518572162936,0.0961518572162936,0.30769211959080023,0.24003007031971618,0.3008282218608479,0.4378299447661509,0.4496270291938722,0.4164317287181483,0.5007710840882003,0.5660476536438812,0.29590191309174746,0.5042491080671523,0.5828719814470686,0.23764924037447382,0.6066240323882182,0.6134319089481097,0.36581459990963394,0.10775760514803512,0.10255354567669954,0.12177952170137721,0.07241152071204338,0.3786840419992572,0.34444572190661477,0.3788598668920396,0.25495819353658444,0.3786840419992573,0.34444572190661477,0.3788598668920396,0.2549581935365845,0.10810789912197612,0.12880655860809168,0.09302310108053442,0.09681856533799874,0.10810789912197605,0.09302310108053446,0.1014236726365765,0.11004798194081186,0.3235782077243484,0.28065329493649716,0.17196067396347173,0.15736509869737592,0.48669794116419074,-0.2099322492947815,SELL,0.0,1.0
0.5591054702477036,0.6012658291120135,0.567699890354677,0.6262295461284066,0.2595058269095095,0.0,0.0,AVH,2021-11-04 00:00:00+11:00,"Pharmaceuticals, Biotechnology & Life Sciences",0.7833019938796725,0.8183093710851312,0.755101994476475,0.4826413088953758,0.53318985541849,0.7271698048110329,0.5429365240392773,0.6323197362481237,0.541082590546166,0.58336313167376,0.6131465693091518,0.4304143374604419,0.5728876797409309,0.33712809336778227,0.45530073816777505,0.3146345658433812,0.47472168826338645,0.47472168826338645,0.44422666102751307,0.44422666102751307,0.3930727368778476,0.39307273687784755,0.31391090323275017,0.31391090323275017,0.7663551776708336,0.64973997850255,0.7024925899726572,0.48920367296302636,0.45964957571690734,0.5233834264054784,0.5433738731892022,0.5330106052976891,0.9835178960560059,0.5225282695869711,0.5685053122880062,0.9387266844913504,0.6075016017113479,0.6135237982022381,0.6156251996341892,0.23263340869891785,0.14947374766411475,0.6019343893487505,0.5294215014293965,0.5703306183118231,0.4726483082566144,0.5233170721573766,0.33971214292005,0.5703306183118231,0.4726483082566144,0.5233170721573767,0.33971214292005003,0.9736842435482698,0.46026619318476103,0.9736842435482698,0.42720971834318966,0.9736842435482697,0.9736842435482697,0.21708203532395562,0.19207120550654003,0.870134713151128,0.7613909786523806,0.4331619799972475,0.41013513282271896,0.4871987246434476,-0.3411305966784993,SELL,0.0,1.0
0.6198082878487685,0.6250000212200079,0.6166394857812874,0.6262295461284066,0.09545654506092278,0.0,0.0,AVH,2021-11-05 00:00:00+11:00,"Pharmaceuticals, Biotechnology & Life Sciences",0.4367159267158128,0.4927311798870367,0.49659888660165674,0.27244058821984984,0.5560337573871479,0.6551405728193558,0.5519666531134285,0.6121527593054898,0.5445330981882734,0.5771193522253941,0.6123043097810377,0.43130686596957624,0.5720829062509974,0.33782017466736736,0.4539518922126522,0.3157094104970934,0.452950340636862,0.45295034063686207,0.4359842089001521,0.435984208900152,0.392831766904864,0.39283176690486393,0.2688373592655692,0.2688373592655692,0.7619048051552899,0.66044489047628,0.7075184459815946,0.5301033505761029,0.47707229707233384,0.5879356478024218,0.571862648019636,0.5192538447970486,0.83334558719029,0.5365383135405446,0.5593276495846065,0.8388289813996751,0.6053314375465946,0.6144348497404635,0.6183256502773926,0.2174873635154973,0.16361931214845798,0.23462905440644446,0.18326949497719192,0.6037417146182651,0.4926255328581781,0.5255257801063836,0.297791084611816,0.6037417146182651,0.492625532858178,0.5255257801063836,0.297791084611816,0.8131867959121971,0.6450849242708148,0.8131867959121971,0.6378868680853343,0.813186795912197,0.813186795912197,0.24377243976665183,0.212577027694525,0.8272729979582181,0.782563606372084,0.5199891769013987,0.48955391179344565,0.49193612814875287,-0.33723196500591635,SELL,0.0,1.0
0.6309904239139472,0.6218354673022031,0.6068515666959653,0.6213114788698209,0.045958181800820265,0.0,0.0,AVH,2021-11-08 00:00:00+11:00,"Pharmaceuticals, Biotechnology & Life Sciences",0.4238889735489419,0.4797148986097113,0.42857142857142855,0.22171785625884166,0.5795398007554755,0.5717379921588019,0.5609967821875796,0.5821708529538356,0.548242391538377,0.562055689389243,0.6105465508417633,0.4275900364636467,0.5713979921735013,0.3340640927972415,0.4524727227711991,0.31367390211658247,0.44800688545100353,0.4480068854510035,0.4357315713950215,0.4357315713950214,0.3908921557275211,0.39089215572752106,0.254834296350107,0.2548342963501069,0.7619044591512032,0.6886262414735465,0.6975269252309296,0.5601301799657287,0.4979149991438032,0.617768368968542,0.591693947675084,0.5153439887472094,0.7444626551786414,0.5476080829070584,0.5541430751297012,0.7629795440179572,0.5997839672398961,0.6176354613643245,0.6137544099438691,0.19855721000794244,0.16569144521160917,0.12206860339033294,0.08748135090797185,0.6113081321496391,0.493318219515158,0.5327757492347724,0.27304457346519717,0.6113081321496391,0.493318219515158,0.5327757492347724,0.2730445734651973,0.7802195441333593,0.8738838205519714,0.7802195441333593,0.8710667995320048,0.7802195441333593,0.7802195441333593,0.27580095903647006,0.23581695516182719,0.6920658174528462,0.6944822127857797,0.520228958397316,0.4495938456517192,0.5001664407729642,-0.33921569635757176,SELL,0.0,1.0
0.591054321616685,0.5806961909218241,0.5187602171406003,0.5393442644735909,0.21637166264837637,0.0,0.0,AVH,2021-11-09 00:00:00+11:00,"Pharmaceuticals, Biotechnology & Life Sciences",0.22167732458468734,0.2637391381816604,0.2585034322537785,0.08383536810732087,0.5831815863470085,0.33637654183181764,0.5616914068640082,0.40977678159767517,0.5481561268934951,0.422007256688514,0.6076169520275807,0.33731548564424674,0.5694288645068798,0.2631552658099998,0.45090884311023827,0.2611503342335585,0.5865588208947338,0.5865588208947337,0.5411533876246286,0.5411533876246287,0.4831051631283183,0.48310516312831814,0.3201357894976903,0.3201357894976903,0.5555554819696017,0.47012980309595953,0.5256388482454493,0.5468205557954775,0.5115286767431936,0.554709103643757,0.5918618407086487,0.5165873370029396,0.44542107093606986,0.5475794149913484,0.5539953001707778,0.43200141326123764,0.5955179706952467,0.6166167424492088,0.4298698328397611,0.2962650152834723,0.20259537135358463,0.40585691166311066,0.3574022896709387,0.4471619133691258,0.3950998697759716,0.4417979463245137,0.23738276502249067,0.4471619133691259,0.39509986977597167,0.4417979463245137,0.2373827650224907,0.23076919046179306,0.6209821703001536,0.23076919046179306,0.6189803941079189,0.230769190461793,0.230769190461793,0.37544506208894013,0.3123719681689209,0.4690322648950585,0.4404593018325231,0.4424239981010004,0.3763312672909781,0.6291080052189415,-0.26304344017699366,SELL,0.0,1.0
0.5351437936349324,0.5284810135535868,0.5334421346623166,0.5360655790245428,0.04466975294454404,0.0,0.0,AVH,2021-11-10 00:00:00+11:00,"Pharmaceuticals, Biotechnology & Life Sciences",0.4271794412618458,0.4830612212130031,0.48299313549244294,0.2579593203831471,0.5881476547378812,0.31478204689278133,0.5616914068640082,0.4029406225461927,0.5472072363664175,0.41791364322542157,0.6042479139151236,0.3368161301672765,0.5676994564816138,0.2615911885267358,0.4495730291619622,0.2599619692750686,0.5837188866047047,0.5837188866047047,0.541482906306399,0.541482906306399,0.4807612714191729,0.48076127141917285,0.31668742236506053,0.3166874223650604,0.5673758913217348,0.444104728464213,0.538245469536166,0.5349187422112663,0.5196828540375195,0.5070855163108465,0.5918618407086487,0.5165873370029396,0.4335073039939926,0.5469906940906795,0.552690482413378,0.4226159117740775,0.5895008975463418,0.6168628248728223,0.42587381118248585,0.3047908733760918,0.20754805083999128,0.08169450058797313,0.07249884813373575,0.45835896707426405,0.3868761112245519,0.42125117626364134,0.2264049289985416,0.45835896707426393,0.3868761112245519,0.42125117626364134,0.2264049289985416,0.208791197274798,0.41523503452022836,0.208791197274798,0.4138964975282845,0.208791197274798,0.208791197274798,0.37722446198013293,0.3205742840068726,0.4280180335694013,0.39116861071081677,0.3980569957689224,0.37468191446478993,0.6264788968032994,-0.26855896060325524,SELL,0.0,1.0
0.5223642530873396,0.5142404831990068,0.5252854965308151,0.5295082081264466,0.03858735612044789,0.0,0.0,AVH,2021-11-11 00:00:00+11:00,"Pharmaceuticals, Biotechnology & Life Sciences",0.4175596678033538,0.47326393233185376,0.51020398895295,0.2807192838384749,0.5686144597675731,0.3469081553362239,0.5615177465546113,0.38959968285621116,0.5455682451335835,0.4092856680152135,0.6004028156897809,0.3330078771038857,0.5661070319250318,0.25699922678707987,0.44827631216637065,0.25658151632871434,0.25448490200081025,0.2544849020008103,0.5418392041245835,0.5418392041245835,0.4805733427095791,0.480573342709579,0.3139556470960285,0.31395564709602863,0.5185185839282611,0.45953305244287534,0.4981643736477158,0.5227884989619269,0.5234169047850593,0.46852845598279474,0.5918615014205137,0.5162291374305651,0.4104131542645453,0.5458654295172998,0.5505638411428686,0.40288130386329407,0.5815055077962354,0.6185828486579499,0.412501098316107,0.19095512290113298,0.21098962704665275,0.10591949699041922,0.06187740180856809,0.28029286316612834,0.3848156040250761,0.4051158975666278,0.2146015706019202,0.2802928631661283,0.3848156040250761,0.40511589756662786,0.21460157060192023,0.16483521090080797,0.20574713577992507,0.16483521090080797,0.20508389657963425,0.164835210900808,0.164835210900808,0.3701070321082749,0.31920726396031984,0.401142430114453,0.36205918911947815,0.42431357031661515,0.3505022625581284,0.6239023705559701,-0.23788544774904496,SELL,0.0,1.0
0.5191693679504414,0.5142404831990068,0.5220228568357077,0.5213114554188127,0.05410690584098851,0.0,0.0,AVH,2021-11-12 00:00:00+11:00,"Pharmaceuticals, Biotechnology & Life Sciences",0.41255951607390795,0.46815437709785046,0.4897956866680896,0.26296455662375995,0.5474259034047422,0.3804836653716075,0.5623860232598574,0.3708683548765208,0.5435842035478711,0.398348701446366,0.596008417468507,0.32780391726265845,0.5638639381375231,0.2514290766312711,0.4466863678702868,0.25231571640742984,0.2462201799205858,0.2462201799205858,0.5372383698745998,0.5372383698745997,0.4813693423618499,0.48136934236184986,0.3107272571663311,0.310727257166331,0.5223880278344664,0.4532546766208335,0.46863906901558494,0.5098839813183175,0.5234368136225183,0.43612974699152063,0.5913904327691517,0.518557801125794,0.3761594909244459,0.5448319921733589,0.5476038971251873,0.37870863014409173,0.5707545897076696,0.6226068296373146,0.39098733640072403,0.16964831593448312,0.2177501773649823,0.16388436925989158,0.08477053414432631,0.2686347352571111,0.39743358848381566,0.3968530753545884,0.20136420128724908,0.268634735257111,0.39743358848381566,0.3968530753545884,0.20136420128724908,0.10988996593497516,0.16459767294835984,0.10988996593497516,0.16406708170312972,0.10988996593497513,0.10988996593497513,0.38256249196079817,0.3260425597517188,0.39315765138586883,0.3547267448627561,0.40932490576624464,0.3216202016253574,0.6213773748335873,-0.19821824317464387,SELL,0.0,1.0
0.509584636367677,0.5047468214455926,0.5236541377895283,0.527868904486936,0.026192279686326862,0.0,0.0,AVH,2021-11-15 00:00:00+11:00,"Pharmaceuticals, Biotechnology & Life Sciences",0.4562563977005864,0.5124144878383496,0.5578234690772781,0.32220416674976193,0.5285548656208001,0.45277115760898967,0.5648172179079368,0.3799228240549761,0.5421177416048009,0.41197194063283393,0.5927492400537067,0.3385513292378296,0.5621002852656873,0.2586442874034729,0.4449661003985874,0.25788632798949795,0.2610004824329673,0.2610004824329673,0.5354436944567931,0.5354436944567931,0.48218953664830433,0.4821895366483043,0.2971089248800758,0.2971089248800758,0.05882410689554817,0.47300612519423,0.48608882923527175,0.503121668599074,0.5218977794098626,0.4225309822061611,0.5897373938960737,0.5254580410072708,0.38748675649341063,0.543814150810547,0.5457140540019558,0.4104844217550063,0.5644543154782617,0.6234565068712543,0.4118135680314901,0.1594632630822644,0.21656792962899418,0.08346114875506148,0.04120159263587554,0.2841744208504604,0.4167739781641345,0.408976226444063,0.22816493959207929,0.2841744208504603,0.41677397816413453,0.4089762264440631,0.22816493959207934,0.15384647630565565,0.14589350139066726,0.15384647630565565,0.14542320425227367,0.15384647630565562,0.15384647630565562,0.3843418918519911,0.32330845447240153,0.39378006239285485,0.3577672378738437,0.41470103463533764,0.3017191972735305,0.6189028790256523,-0.23399561415096837,SELL,0.0,1.0
0.509584636367677,0.49762655626830254,0.5089722980552782,0.5147540845207166,0.05638441813846679,0.0,0.0,AVH,2021-11-16 00:00:00+11:00,"Pharmaceuticals, Biotechnology & Life Sciences",0.3979803049763707,0.4531886605135749,0.5034014377773034,0.2744346898056018,0.5235887972299273,0.4284241816124288,0.5641225932315083,0.3539728050597193,0.5406512755484059,0.39168023318923084,0.5894900608927298,0.3265020434328504,0.5605763512187257,0.24809509225590431,0.44317415502494206,0.250484805817697,0.04634062932082194,0.04634062932082194,0.5356267677130037,0.5356267677130037,0.4823698872392147,0.48236988723921465,0.29770104407062015,0.29770104407062004,0.052632074276055506,0.44204270853761063,0.4688255253556922,0.49244632791214155,0.518211808797866,0.4038031119984473,0.5902023117871604,0.52349494148636,0.34160573413899814,0.5436767261506821,0.5427914861832259,0.36618916081192304,0.5593917220480327,0.6227271824576526,0.37866063295923436,0.0770243978295902,0.21763378884061263,0.3103600305962648,0.08837372157249164,0.3788543646286196,0.3785241423079548,0.40837152587330905,0.22675279230205814,0.37885436462861954,0.37852414230795484,0.40837152587330916,0.22675279230205816,0.0659339795609851,0.11222574285775926,0.0659339795609851,0.11186397591668923,0.06593397956098512,0.06593397956098512,0.3967974365509711,0.328776665031036,0.3661096468977543,0.3249922994557133,0.3757234649241394,0.29558498313821335,0.616477873133876,-0.233707813036107,SELL,0.0,1.0
0.5111821170221611,0.5015822675277878,0.5089722980552782,0.5081967136226202,0.032704596928511735,0.0,0.0,AVH,2021-11-17 00:00:00+11:00,"Pharmaceuticals, Biotechnology & Life Sciences",0.41700004623984394,0.472692650524485,0.4693877087621893,0.24469822833664617,0.5179605874393847,0.42523693820729624,0.5637752808932939,0.3409812989121386,0.5386672339626934,0.3834693596431513,0.5856815834819982,0.3225483907983685,0.5591722774006825,0.24329566390441149,0.4414082742864197,0.2473880231538199,0.046061292066037034,0.046061292066037034,0.5346770170488655,0.5346770170488655,0.4826025320489008,0.48260253204890075,0.29346529175795255,0.29346529175795255,0.05194855862210318,0.43915478872771685,0.4802241688378125,0.4817610125942782,0.5128059954479927,0.38880080844510473,0.5905405351024435,0.5223930966488668,0.3192656278827478,0.5434599243956848,0.5388736404430645,0.35092107684644847,0.5519309376975716,0.6238459382223138,0.3605031472622978,0.0708589445301441,0.2123937085278938,0.19037451788026682,0.05218910936568005,0.37346081812793924,0.38264356720908516,0.3960420607990034,0.21288512086677774,0.37346081812793924,0.38264356720908516,0.3960420607990034,0.21288512086677777,0.021977993186995032,0.08229892566313032,0.021977993186995032,0.08203362975300892,0.021977993186995115,0.021977993186995115,0.4128116961858802,0.33151077031035314,0.3697443230721637,0.3302892585057286,0.37053725529868503,0.30115878829782866,0.6113492750958878,-0.22448975178516595,SELL,0.0,1.0
0.49520769133767023,0.4889240518565686,0.5040782996188842,0.5098360954321579,0.03437919913554018,0.0,0.0,AVH,2021-11-18 00:00:00+11:00,"Pharmaceuticals, Biotechnology & Life Sciences",0.4416897225874996,0.4977579201862707,0.5442177179680642,0.3105058573616138,0.513987739041365,0.4417735177758071,0.5514456804658173,0.36752416924572406,0.5362518814925454,0.39012344808654786,0.5826421257163352,0.327423347852825,0.557528483941284,0.24602409412963966,0.43970755513570525,0.24969552484576507,0.051577123039771196,0.05157712303977118,0.21029679522868253,0.21029679522868255,0.4808516488531742,0.48085164885317416,0.2849615721832165,0.2849615721832165,0.17857307073338943,0.47612894463818844,0.4766541625247326,0.474857290783987,0.5068938671451716,0.38438418915170647,0.5692498323705051,0.5211498894533422,0.35395612605145566,0.542226496997952,0.5352412977672032,0.36728269899001215,0.5475255727846968,0.6227627303756249,0.37006907114365184,0.06869054862018503,0.21020616070890347,0.2042553135097908,0.05527999419958526,0.3862428227715012,0.25712335011163395,0.38638361031729435,0.2316729864900422,0.3862428227715012,0.257123350111634,0.38638361031729446,0.23167298649004225,0.053763628309146244,0.0482289235611904,0.053763628309146244,0.04807345450655517,0.05376362830914627,0.05376362830914627,0.4003561514869002,0.3301437502638005,0.3564947909990447,0.3214510147259949,0.40390789123123233,0.3083721518619003,0.6064258209794191,-0.22850678122841017,SELL,0.0,1.0
0.4856230359269758,0.4731012822675448,0.48450246144824,0.483606611839773,0.0803600317021895,0.0,0.0,AVH,2021-11-19 00:00:00+11:00,"Pharmaceuticals, Biotechnology & Life Sciences",0.35731713681251526,0.41090617381447014,0.47619058431679623,0.2488990890061209,0.5063731208385085,0.3848844281015733,0.5363375813326262,0.34040894762112495,0.5332326888481984,0.3492157276342873,0.5789435090032606,0.30017978461670014,0.5554908657650418,0.2239765293830589,0.4379221260761982,0.23343968922760272,0.09718441736278219,0.09718441736278216,0.21287610492193684,0.21287610492193687,0.48819437726860915,0.4881943772686091,0.29304853058867575,0.29304853058867575,0.1190489165605139,0.4424873432849986,0.4118311444794325,0.458525102166526,0.49840865628922676,0.3619390174626767,0.5413266703634987,0.521713128036762,0.2644147600230885,0.5432425999298993,0.5277005004698228,0.2895525373238832,0.5435316445192393,0.6197008651781657,0.29555252766607654,0.08221836399048471,0.20527508960988983,0.42294687353137433,0.13147614720949685,0.35658725310694095,0.22788332072579154,0.3706030738954252,0.2124114875117104,0.356587253106941,0.22788332072579157,0.37060307389542524,0.2124114875117105,0.009524025776449698,0.029025960391352496,0.009524025776449698,0.028932393330578315,0.00952402577644973,0.00952402577644973,0.4217084411024745,0.3356120260086466,0.306241666980258,0.26929847384313954,0.40572045221956105,0.2615383262714981,0.5990543549454521,-0.227699580965378,SELL,0.0,1.0
0.4712460147248991,0.4588607519129648,0.4698205439265238,0.4754098591321391,0.0392060329204454,0.0,0.0,AVH,2021-11-22 00:00:00+11:00,"Pharmaceuticals, Biotechnology & Life Sciences",0.4109717723729994,0.4665294295372724,0.5034014377773034,0.2730859138998777,0.495778842657093,0.39082136613477036,0.5208821698612209,0.35248149103946713,0.5300409710274121,0.33980577932321276,0.5755012310077579,0.2937764529730972,0.5536073526642878,0.21798316455774414,0.4360519867971835,0.22924656099224122,0.0739854158332253,0.0739854158332253,0.21083449453943323,0.2108344945394332,0.488726333897742,0.48872633389774195,0.29069305119029754,0.29069305119029754,0.116280281843203,0.393638839976158,0.42189802754112027,0.443060808485732,0.4880645476568379,0.3457237274814099,0.49858555136000665,0.5384129725264235,0.15748634594921823,0.54464007136159,0.5193495680754798,0.2821382738962536,0.5414719198332791,0.6147367468229377,0.28241377612466445,0.08892414264543616,0.21004317040485587,0.19529794710527942,0.06307715597232565,0.33336415713194095,0.22327155861309678,0.36590764655940267,0.2176502760570297,0.3333641571319409,0.2232715586130968,0.36590764655940267,0.21765027605702972,0.04385980322525864,0.03647492221569918,0.04385980322525864,0.03635734294467163,0.04385980322525862,0.04385980322525862,0.41814972616654544,0.3301438806362239,0.2893533715919081,0.25097671892193624,0.3741764719054406,0.2797861798717514,0.5883131048891205,-0.23752968905913574,SELL,0.0,1.0
0.4584664741773064,0.44620253624174566,0.44861342480205907,0.44918037553975426,0.086218585663975,0.0,0.0,AVH,2021-11-23 00:00:00+11:00,"Pharmaceuticals, Biotechnology & Life Sciences",0.3533566264188256,0.40674456376127227,0.44897973085628906,0.22116689087898203,0.48253601466369384,0.34837831089498206,0.511331076420038,0.3131464110156015,0.5256415769715519,0.30043599998542025,0.5716927535970262,0.26626205290238647,0.5515697344880459,0.19576510554169657,0.4341232019337844,0.2129429513966583,0.09753400502562465,0.09753400502562465,0.055686677409594404,0.05568667740959439,0.49844280271508024,0.49844280271508007,0.2993453509311287,0.2993453509311286,0.09259367185182044,0.36825665260836654,0.3904775064929098,0.42038397218965307,0.4745748313217115,0.31828438051270813,0.5023482730539564,0.5144115602875815,0.12234175244671125,0.5482311182797297,0.5058860358165469,0.23098954203086597,0.5416188618887963,0.6061497826325202,0.22492370562390995,0.10429721144285983,0.2197944884701169,0.3825250558837078,0.13414861568935194,0.31034203180554065,0.2747826571129359,0.3359286311915006,0.20513789160281537,0.3103420318055406,0.2747826571129359,0.3359286311915007,0.20513789160281537,0.0157480167140813,0.02353372406958361,0.0157480167140813,0.023457861587840627,0.015748016714081214,0.015748016714081214,0.4288257861278758,0.34791553235868,0.2655190629222667,0.22128829383412454,0.3562246166446509,0.26366478850886577,0.5745522142553193,-0.19506176865840164,SELL,0.0,1.0
0.4361022782190193,0.44303798232394087,0.44861342480205907,0.4557377464378504,0.03552372900890242,0.0,0.0,AVH,2021-11-24 00:00:00+11:00,"Pharmaceuticals, Biotechnology & Life Sciences",0.4583790526974528,0.5145421846306323,0.5714285714285714,0.33823559812689175,0.47194175226897456,0.4009266216955276,0.502821919993498,0.34452726236341347,0.5214147080921308,0.3183774239115129,0.5679941368839516,0.27749139798304834,0.5493266415170185,0.20331587793847927,0.4327287427118387,0.21829597221952257,0.12406486749893433,0.12406486749893433,0.07047456710221534,0.07047456710221532,0.4995474289236629,0.49954742892366283,0.30055317786054925,0.30055317786054914,0.0925928705838514,0.0,0.4095332472969836,0.4069851926045715,0.46070207333702845,0.31494308251280057,0.4980151626874018,0.5017697081673334,0.235400379305289,0.549670976870255,0.49530861168899715,0.2756194358425605,0.5404866963826049,0.599436962282746,0.2616797577364683,0.10574986506169518,0.22110740666892337,0.15599607122504439,0.05502798830908459,0.3310651195452873,0.2865749369691194,0.34061545209208005,0.20874445396869873,0.3310651195452873,0.28657493696911945,0.3406154520920801,0.20874445396869878,0.04724405014224391,0.036374299004787836,0.04724405014224391,0.03625704409918916,0.047244050142243865,0.047244050142243865,0.32206416835709084,0.3588519534759488,0.28219607765959803,0.24940449978723236,0.1422804782781348,0.29255964083060026,0.5572491446624654,-0.23227384162384845,SELL,0.0,1.0
0.4472843381121278,0.44936709015955045,0.4567699851460944,0.4655738027849948,0.019492982592886458,0.0,0.0,AVH,2021-11-25 00:00:00+11:00,"Pharmaceuticals, Biotechnology & Life Sciences",0.46889281953403517,0.5250509534745398,0.5646260202529247,0.33101512278163875,0.4630028354800821,0.4604002038682311,0.49604932525802947,0.3804857754488964,0.5179642004500236,0.3411352284173159,0.5645518588884486,0.29249867354366055,0.5474088827532138,0.2136483932555786,0.43123002494940066,0.2259576444435742,0.14313394570265767,0.14313394570265767,0.08990146915492575,0.08990146915492574,0.5024743343010302,0.5024743343010301,0.3031349926852367,0.3031349926852366,0.21153872605612548,0.04917055725591697,0.4234949620182493,0.4024752867853669,0.4485668357990983,0.3300995899063248,0.4903678418938426,0.4964831669675064,0.33204611040326104,0.5498626561848365,0.4878278586131594,0.3193624800295623,0.53836064639404,0.5945574598533101,0.30191722008328664,0.09807923604723054,0.22159410545449487,0.0904858668068148,0.030146278804419183,0.3447921733029546,0.3063411933391104,0.359028679594027,0.21641524191254738,0.34479217330295453,0.3063411933391104,0.35902867959402707,0.2164152419125474,0.09599990844726562,0.05412372890281696,0.09448810028448781,0.05343626986043956,0.09599990844726558,0.09448810028448773,0.2989324788503237,0.36568724926734775,0.3162692695894332,0.28669534285050624,0.033025797368712674,0.2858654745288819,0.542022443420754,-0.24578312228597798,SELL,0.0,1.0
0.4584664741773064,0.44620253624174566,0.453507345450987,0.4557377464378504,0.016946770034102724,0.0,0.0,AVH,2021-11-26 00:00:00+11:00,"Pharmaceuticals, Biotechnology & Life Sciences",0.4050042415321813,0.46041140629953387,0.47619058431679623,0.24688435589074118,0.4573746256895392,0.4465343334440597,0.48910307849374357,0.3724359201182761,0.5149450078056763,0.3283134109646393,0.5622448016994195,0.2829071739214867,0.5455082472291748,0.2060928602910882,0.42972479087282434,0.22034106117034385,0.119647597521846,0.119647597521846,0.09069087861186581,0.09069087861186582,0.4998836067627682,0.49988360676276816,0.2658254878143095,0.26582548781430937,0.20370396534276652,0.046131250044875796,0.416500221441059,0.3961787030207079,0.4374107766190512,0.3386410283961958,0.4837418509094355,0.48967640958539205,0.31001935695190513,0.5511116251832526,0.4800139127912743,0.30681545313322506,0.5399558165421858,0.5874342316199881,0.2901545598580163,0.06540339773335688,0.1990626782344186,0.10393893918130787,0.028351515436687208,0.37012580062966094,0.30335642205858115,0.36779696655463223,0.24580571437450072,0.3701258006296609,0.30335642205858115,0.36779696655463234,0.24580571437450074,0.060606016819350926,0.06939419920286938,0.04724405014224391,0.0641235238325275,0.06060601681935096,0.047244050142243865,0.2686833594716984,0.3766237355708283,0.322227459768498,0.2897773233110974,0.036434578991658924,0.28638538525987184,0.528622946328048,-0.22249390021535786,SELL,0.0,1.0
0.431309912427637,0.41930379021594666,0.36215335620051475,0.4327869092095001,0.11079311212417771,0.0,0.0,AVH,2021-11-29 00:00:00+11:00,"Pharmaceuticals, Biotechnology & Life Sciences",0.3616363822803546,0.4154358555084221,0.4965987244121766,0.26480621370765867,0.4487667796004818,0.398842380757634,0.47903100826465983,0.340326685482792,0.5111494518673532,0.29307378523171357,0.5594250644559822,0.25795215314428743,0.5433336459924893,0.1867215113394165,0.4282521375901519,0.20577882605727998,0.14027997115492868,0.14027997115492868,0.09423978630903063,0.09423978630903061,0.5071724896341779,0.5071724896341778,0.2737398917545303,0.2737398917545302,0.14925362511978763,0.09527246469579641,0.40968113565649467,0.3826858453236536,0.42538331154910525,0.3310396963729128,0.4742482582463095,0.4796768163385454,0.22187340463835664,0.5540452690002604,0.4685912886409272,0.2678827983945642,0.5426807336713719,0.5777390016977775,0.2506295490463395,0.1022910733376671,0.2049297727409729,0.4986695693577365,0.1814897918919058,0.34398868081129497,0.26684177259952097,0.3471401434005364,0.22877975226752512,0.34398868081129497,0.266841772599521,0.3471401434005364,0.22877975226752517,0.37815128239136625,0.18204097458907673,0.25,0.13292280090416655,0.3781512823913663,0.25,0.2597866145551042,0.4381411369485715,0.22269030190930336,0.21989063681084672,0.05181784151452711,0.2945216364867464,0.5168313888864666,-0.22784812265893328,SELL,0.0,1.0
0.4217252570169426,0.4098101284625323,0.4143556302159656,0.42295085286235573,0.05660803893444579,0.0,0.0,AVH,2021-11-30 00:00:00+11:00,"Pharmaceuticals, Biotechnology & Life Sciences",0.4033985862227397,0.45876237507209666,0.4965987244121766,0.2642958628483794,0.44346964050977394,0.3831118612811957,0.4693062586543699,0.33746032104561796,0.5059736945175168,0.28319065389787457,0.5568250468616818,0.2484754183734299,0.5409535699610182,0.17940407364572886,0.4266165801826026,0.20017650996188974,0.11275176582111301,0.11275176582111301,0.09378376628429266,0.09378376628429265,0.5014449397424939,0.5014449397424938,0.2708976122630834,0.2708976122630834,0.17543844972692696,0.08804744449617248,0.4074460438793599,0.3695768569989884,0.41274699068298437,0.32572860642656887,0.4665424219957414,0.4683610221602823,0.22322573810306628,0.5562657083427562,0.45510288006721283,0.2688515719475574,0.5460776376820997,0.5676710561920268,0.2487881630851559,0.087033232755617,0.21116397798355724,0.28630599330141326,0.09071975045150539,0.370604160924286,0.2688974628297234,0.31489608261073154,0.2338240821073769,0.37060416092428605,0.26889746282972343,0.31489608261073154,0.23382408210737693,0.3545455806511602,0.27005457304044556,0.21666670198793392,0.1743805212656057,0.35454558065116015,0.2166667019879338,0.25800729951036805,0.44907755806584027,0.284852417302998,0.26706000578587885,0.138426179541896,0.34666426408205,0.4931134919232769,-0.24935732710838177,SELL,0.0,1.0
0.41214060160624805,0.4066455745447275,0.4127243103684119,0.40983607198114974,0.04139938207822553,0.0,0.0,AVH,2021-12-01 00:00:00+11:00,"Pharmaceuticals, Biotechnology & Life Sciences",0.39160748277523283,0.44661505686403674,0.48299313549244294,0.24994974002940296,0.4341996451276983,0.36876747738702953,0.45888688022736146,0.3281537289455343,0.5006254099345788,0.2674725311552266,0.5538954480474991,0.23526415601029405,0.538522125434971,0.16906806509678873,0.4248702480757801,0.19238240769251325,0.09820867074907907,0.09820867074907907,0.09447158031810562,0.09447158031810564,0.5027195651115088,0.5027195651115088,0.27312763883325286,0.27312763883325286,0.16666653421187946,0.08138355169764276,0.35523100039386823,0.35545094535309985,0.3993897485536759,0.3194399618951791,0.4584941509965402,0.4560003927502573,0.2096765910508812,0.5591710500067104,0.4404482912934032,0.2641958181858412,0.5498508594372045,0.5563961322937978,0.24209468407032902,0.09006086269659888,0.21393606514047775,0.20436868780172363,0.06571317037857366,0.33597230117047744,0.2593238335917097,0.30879081140669784,0.22280980625514735,0.3359723011704774,0.25932383359170974,0.30879081140669784,0.2228098062551474,0.2818181542325587,0.3453591645615169,0.17222217218376032,0.21678817663778904,0.28181815423255874,0.17222217218376024,0.25978669940156096,0.44771047283307586,0.29230599051743467,0.28026489248177455,0.13942242395807097,0.3206196473654553,0.47271610053493374,-0.19160105775248992,SELL,0.0,1.0
0.3945686952672732,0.3844936593956356,0.3849918729599993,0.3967213301849573,0.08055167494640984,0.0,0.0,AVH,2021-12-02 00:00:00+11:00,"Pharmaceuticals, Biotechnology & Life Sciences",0.3906604591697694,0.4456365325410022,0.5034014377773034,0.2698731767355621,0.42029465994793297,0.3690225620772569,0.4469045921380991,0.3218837037819,0.48854863524386566,0.26162726993334307,0.5492447111086534,0.22349261147891397,0.5362447868008927,0.15856628303667952,0.42326075545871145,0.18445985544800803,0.033534039565628865,0.033534039565628865,0.08577020212739439,0.0857702021273944,0.19196068034956518,0.19196068034956515,0.20977301187931585,0.20977301187931585,0.19230751596258303,0.07671574771835409,0.3512144611095289,0.3406892954500727,0.385309584459531,0.3131338651091184,0.4452328887140478,0.44634175383037233,0.18559095062690767,0.544144566141139,0.43267843758481833,0.25272621005982576,0.5509985112127778,0.5446749093482899,0.23641099736590865,0.12152342914591865,0.1765684396982245,0.31837674508951797,0.146739631654433,0.29680521766506096,0.24052283092354032,0.18045188785202604,0.1766219499316404,0.2968052176650609,0.24052283092354032,0.18045188785202604,0.1766219499316405,0.22115387260561256,0.2919144216462643,0.12777777483433883,0.1753156539355759,0.22115387260561248,0.12777777483433883,0.26868348674138354,0.45454567084515707,0.2614757199583099,0.2713775623175609,0.1361052356471917,0.3091825577198509,0.4551743439409587,-0.16890083410707513,SELL,0.0,1.0
0.3913738101303749,0.3876582133134404,0.4013050714355361,0.4000000156340054,0.014162058235118945,0.0,0.0,AVH,2021-12-03 00:00:00+11:00,"Pharmaceuticals, Biotechnology & Life Sciences",0.4484767395722357,0.5045988656941148,0.5306122912378106,0.29831928591425944,0.4090382403668475,0.41786043445369936,0.43804811509276553,0.3490051222738608,0.4766443857295914,0.286097433706211,0.544667214052853,0.2316167002206999,0.5339674481668144,0.16315100338559863,0.4216968757977507,0.18770362635889648,0.07563068449395549,0.07563068449395549,0.08365484398035719,0.08365484398035718,0.19499296786229112,0.19499296786229114,0.21051629362046043,0.21051629362046032,0.15999984741210938,0.05801805661509986,0.006632490818733933,0.3329330257997203,0.37226193628628174,0.3221405707385284,0.43641628310829167,0.4380822024124037,0.257295439544796,0.5241681604234556,0.4310775659114427,0.2699353917960907,0.5511033124573901,0.5344456540028828,0.262959967928533,0.12008851174692728,0.15959324297379635,0.05648843950957018,0.02765378755665419,0.31842533488222463,0.2746390311659298,0.18421531365275884,0.17891801852353337,0.3184253348822246,0.2746390311659297,0.18421531365275884,0.1789180185235334,0.24509804379889627,0.25465651097271075,0.1388888741716942,0.1489240322361202,0.24509804379889633,0.13888887417169415,0.27224215925408424,0.3656871188949241,0.304138449024834,0.2949563429922777,0.1613721646583172,0.11729963043955152,0.44008843327014,-0.2079999923706055,SELL,0.0,1.0
0.3865814824250277,0.37499999764222136,0.37846655467605156,0.3852459311132889,0.049727979847036266,0.0,0.0,AVH,2021-12-06 00:00:00+11:00,"Pharmaceuticals, Biotechnology & Life Sciences",0.38407452810127946,0.43881957484736234,0.48979601104704984,0.25507661243186674,0.399437182178285,0.39855021468624585,0.428497017511293,0.333442826116471,0.4642225627426621,0.2777883963642209,0.5393573172935073,0.21826302627860827,0.5315188808092418,0.1511717840521708,0.4201329962921474,0.17857624359715973,0.05911226907159194,0.05911226907159194,0.08726894472741337,0.08726894472741335,0.1945534267202866,0.19455342672028658,0.20673176631251833,0.20673176631251833,0.03773581510593203,0.05666988225849469,0.0,0.32268492643232516,0.359467316592179,0.3243477551328903,0.42880567670888153,0.4270166633635265,0.22505579377676038,0.5015890612273384,0.43144123422622344,0.23689944607904861,0.5501095042534769,0.5240026843476451,0.25084719622522483,0.08862262690808828,0.16038041890594784,0.2483090169263003,0.09677950810254225,0.3300419358300978,0.26439865348800246,0.17133114710193031,0.15954070774455198,0.3300419358300977,0.2643986534880024,0.17133114710193026,0.15954070774455203,0.156862832179029,0.212119471207807,0.08988767807387815,0.12098623964954996,0.15686283217902897,0.0898876780738781,0.2758008741900133,0.3533836125448908,0.29188664480236615,0.28011293721104324,0.16629151582337853,0.009696969674851952,0.42711455009323596,-0.21311474128360264,SELL,0.0,1.0
0.37859426958278236,0.3797468285189285,0.38825451265510674,0.39836067290948135,0.026412347420999346,0.0,0.0,AVH,2021-12-07 00:00:00+11:00,"Pharmaceuticals, Biotechnology & Life Sciences",0.4846589115792367,0.5407168749700967,0.5782312847936982,0.3494563977549985,0.39447111378741223,0.4626317337619241,0.423113667988392,0.3783367546700642,0.45680397398579237,0.3149887807589822,0.5344502407640015,0.23896156214764475,0.5292244193436381,0.16491337452111088,0.4186212460567904,0.18856029481449543,0.11426308174848335,0.11426308174848335,0.09693917983434991,0.0969391798343499,0.0840240479537322,0.08402404795373217,0.21340027499856074,0.21340027499856074,0.18181802418604975,0.13464504087901213,0.054638102993523924,0.32307123742939053,0.3493204511924909,0.3474442934294755,0.42432212920277174,0.42100029267909655,0.34296198497834246,0.4945562127666501,0.4240904498382498,0.29287092636875656,0.5478763466658294,0.5160292509558979,0.2911898673462524,0.07306327058869033,0.12071479247137813,0.15064841594882636,0.06174220864271213,0.3717353996675886,0.3151160971720977,0.2634191753532549,0.17100833329487442,0.3717353996675887,0.31511609717209765,0.2634191753532548,0.1710083332948745,0.2553191435396432,0.22374994411937293,0.15789474509759635,0.13120554903679016,0.25531914353964313,0.15789474509759627,0.2704628017861197,0.3274095472051656,0.33646354828323477,0.30239452612079665,0.21069679368556485,0.03811107742722042,0.4159570105610986,-0.26203208999319616,SELL,0.0,1.0
0.3913738101303749,0.39240504419014766,0.4013050714355361,0.4032787010830536,0.038909130235019455,0.0,0.0,AVH,2021-12-08 00:00:00+11:00,"Pharmaceuticals, Biotechnology & Life Sciences",0.4543099770100311,0.5104616494239641,0.5442177179680642,0.3126181967224091,0.3931468309880723,0.48499375900847275,0.4175566622963839,0.40359336473846463,0.4498166981700204,0.3362560261475007,0.5303488038210871,0.2489157321107084,0.5267073610682045,0.17125149487386682,0.41718768988216004,0.19288304765359365,0.11086987010496704,0.11086987010496702,0.09510309144979698,0.09510309144979699,0.09049128185640323,0.0904912818564032,0.20596438557429209,0.20596438557429209,0.29545438535935914,0.15111922668602207,0.14509937784687785,0.3281173280884032,0.34236328314775366,0.37526823739155374,0.41530929648706966,0.4197768976626589,0.40095243493709903,0.48591369521870925,0.41953477240529374,0.32162337357777687,0.5470368271034816,0.5080546715388363,0.31371801099579727,0.0717800836897837,0.11951191011652763,0.22456111365988743,0.09151321532180441,0.40530061123089883,0.3135257092592292,0.27316949967697296,0.19095009662498005,0.4053006112308988,0.31352570925922923,0.27316949967697296,0.1909500966249801,0.32142849033383136,0.24973420142166264,0.22689072936447224,0.16106639416845567,0.3214284903338315,0.2268907293644723,0.2740214742988204,0.25222158683773055,0.3775789538975306,0.32821646604570753,0.2724764649898599,0.1162591505808479,0.40636152656346036,-0.29708219926405177,SELL,0.0,1.0
0.3993610229726204,0.39556959810795245,0.3964111118928751,0.39344264473590923,0.03228888875564909,0.0,0.0,AVH,2021-12-09 00:00:00+11:00,"Pharmaceuticals, Biotechnology & Life Sciences",0.40180783727227126,0.4571274436849437,0.46938787095166945,0.23482083251547844,0.3924846895884024,0.45203280026713966,0.40991578257509,0.3964669150557629,0.4426568971778095,0.32921063682468255,0.5258811674629438,0.24082133673835315,0.5239677055747004,0.16399054261243973,0.41596916710265275,0.18688288575031853,0.10355083403069046,0.10355083403069043,0.07832910754852335,0.07832910754852336,0.09131584474361501,0.09131584474361498,0.20549246026578816,0.20549246026578816,0.29545438535935914,0.1743535029496266,0.13749508554639914,0.3301550202961009,0.337266106233691,0.39149306477510515,0.39808881461348916,0.42358585748302935,0.35483828597008726,0.4774056079991074,0.41445861477523177,0.3090652952056869,0.5457850948363676,0.4997983378486291,0.30713301373119484,0.04691104278788661,0.11819671979114983,0.24204259214537333,0.07645560583376033,0.4114447806699071,0.2874775181347001,0.26741283292987694,0.18037345812634686,0.41144478066990714,0.2874775181347001,0.26741283292987705,0.18037345812634692,0.2800000508626302,0.29165232608897473,0.19090914213953383,0.19534506121280928,0.28000005086263013,0.1909091421395338,0.2686833594716984,0.25222158683773055,0.37472169823295753,0.3302265289134536,0.29999615025358073,0.12118218123484656,0.34741783914939717,-0.2776280217787337,SELL,0.0,1.0
0.3769968270143333,0.365506335888807,0.37683523482849784,0.38196724566424084,0.04527643816263205,0.0,0.0,AVH,2021-12-10 00:00:00+11:00,"Pharmaceuticals, Biotechnology & Life Sciences",0.39533117980286964,0.4504584366328508,0.5170068645075571,0.28366876288882314,0.3888429118902175,0.42353498118516564,0.40210124668468883,0.385333684056959,0.43532457306582156,0.3190552537148945,0.5213036712802319,0.23067270063021583,0.521347909901874,0.15505971676179675,0.4145877400429112,0.179828586613897,0.11052400749931779,0.11052400749931779,0.07987675957099255,0.07987675957099256,0.09298526319665965,0.09298526319665962,0.20701178100044493,0.20701178100044482,0.3023255813953489,0.1693457856894477,0.13206530793681573,0.32907895942140225,0.33294092968022726,0.3982272756991184,0.38023014791799353,0.42776210384708047,0.2574250603585225,0.46950097059029744,0.4083118282105303,0.29301769118349485,0.545058504904028,0.49062974953503263,0.2990668710347365,0.06294378453628197,0.11635281952359534,0.2845738216446094,0.10823339930634676,0.38277214806608284,0.28372715286416844,0.26114776917915666,0.17568992663030267,0.3827721480660828,0.28372715286416844,0.26114776917915666,0.1756899266303027,0.20289868593365054,0.27380745919546756,0.12727283367441644,0.18495441487200132,0.20289868593365057,0.12727283367441644,0.2722420319843991,0.2549557247101536,0.3089172978640974,0.30613495071336017,0.3000732083777747,0.1218441624828496,0.3485133004917653,-0.29670333269209215,SELL,0.0,1.0
0.3706070186545019,0.36075950501209986,0.3703099554382831,0.37704917840565505,0.035025190094331554,0.0,0.0,AVH,2021-12-13 00:00:00+11:00,"Pharmaceuticals, Biotechnology & Life Sciences",0.4186383801999979,0.4743647059551624,0.5238095778726838,0.2909130818775596,0.38718755049769454,0.4115493594282573,0.39619692865446654,0.38656566933116343,0.42738840466630984,0.32291392059478397,0.5164698346337717,0.2289644351236183,0.5187109909892816,0.15225468972510747,0.4127241169226773,0.17760293342632183,0.0939746121335284,0.0939746121335284,0.060242858879551664,0.06024285887955168,0.08455445108201765,0.08455445108201762,0.20542096954995614,0.20542096954995603,0.3421050485150596,0.20587466634124696,0.1356600218546927,0.32850969046481926,0.3293498877791109,0.40463118151037997,0.3706202664931337,0.4265006307466238,0.22758067548756478,0.45831010922608845,0.4047499380036473,0.29250448099586224,0.5435662966208261,0.48187256288613173,0.3029246966616178,0.0553676724095021,0.11819722986038013,0.23833486781862068,0.08293457023493052,0.40151779256083614,0.3061790680233946,0.2478446452289177,0.1687300801035224,0.4015177925608362,0.30617906802339456,0.2478446452289177,0.16873008010352242,0.15942012459961233,0.21865689672057473,0.10576913377942063,0.14385535849480952,0.1594201245996123,0.10576913377942065,0.25622785719594676,0.25085459938428356,0.30014673113960777,0.3075197187276595,0.33347426398196817,0.1291747158473851,0.34958685260728617,-0.26869801063135557,SELL,0.0,1.0
0.3594249206753583,0.3560126364109343,0.36378467604806847,0.375409835681131,0.04459869171841367,0.0,0.0,AVH,2021-12-14 00:00:00+11:00,"Pharmaceuticals, Biotechnology & Life Sciences",0.43064004950618023,0.48657513703647326,0.5646258580634446,0.33608049454158273,0.38255255280665684,0.42194444824905286,0.39116089146977984,0.39437600099205117,0.42005607849765964,0.33246673980441743,0.5120754364124978,0.2310056781729275,0.5161254405712655,0.15249196282815358,0.4110038494509779,0.17755755269673884,0.05200833431574579,0.05200833431574579,0.05956854567473385,0.059568545674733867,0.08493310078179916,0.08493310078179914,0.20171461348659925,0.20171461348659914,0.2972971057264294,0.16378483314358105,0.10295762250768173,0.3298110339577032,0.326776291934859,0.4135064317051026,0.3622869808547899,0.42558005812290756,0.23168858884134091,0.4478300100909894,0.40162412643116724,0.3012445605961354,0.5429927272901538,0.4729125731417781,0.31277318248302155,0.06473880441171878,0.115736238564016,0.2753344253386083,0.10695521195066723,0.3730837273439909,0.3169846217629289,0.2595050745165617,0.17891799001176714,0.3730837273439909,0.31698462176292885,0.2595050745165617,0.17891799001176717,0.14492738599964758,0.17267573143681952,0.09803912402207475,0.11234264524228253,0.1449273859996475,0.09803912402207471,0.2526691422600177,0.25768982998947076,0.2923561155008354,0.3080553373097299,0.2591367872215396,0.12660384696887156,0.40219090626780785,-0.25555551729084436,SELL,0.0,1.0
0.3546325929700111,0.35443035945203183,0.3588907165054073,0.3590164084358904,0.08379539785292946,0.0,0.0,AVH,2021-12-15 00:00:00+11:00,"Pharmaceuticals, Biotechnology & Life Sciences",0.37578838040903734,0.43021290504862825,0.5170068645075571,0.2830860711923527,0.37361363601776426,0.3934027389505843,0.3857775460871685,0.36391061898216104,0.412206176799692,0.3128042810459992,0.5074979393566976,0.21431408808237662,0.5135056444901986,0.1387776132893277,0.4093682918880711,0.16715368963289345,0.0448389863247294,0.044838986324729414,0.06785245398373077,0.06785245398373078,0.09122352505569861,0.09122352505569864,0.2058269466654764,0.2058269466654764,0.2894735025896658,0.07824145332399325,0.09974494510809953,0.3259614092136105,0.3238322125665007,0.41027467907577747,0.3617884770776692,0.4150311568768007,0.12574217807021115,0.43791090238715286,0.3967518939271298,0.2642763010613899,0.5432593452172461,0.46247687669683596,0.2981966341682768,0.08786797936053262,0.12640456836550634,0.4209622735997609,0.19038928578659076,0.33219456621902604,0.31059583525480916,0.24469904387404567,0.17136515411038644,0.332194566219026,0.3105958352548092,0.24469904387404562,0.1713651541103865,0.028985477199929513,0.1134725462185127,0.019230751596258297,0.07568173765605997,0.0289854771999295,0.0192307515962582,0.25444845730475385,0.25632274475670636,0.26841710084112846,0.3002387772284285,0.1971767041320534,0.12386777618603126,0.4011267437996152,-0.22857141494750977,SELL,0.0,1.0
0.35143770783311296,0.34493669769861746,0.34257751802987063,0.3393442957416018,0.09052023257451047,0.0,0.0,AVH,2021-12-16 00:00:00+11:00,"Pharmaceuticals, Biotechnology & Life Sciences",0.36151392869505106,0.41530756317136747,0.44897973085628906,0.20639771643329735,0.36268829502986183,0.3587133260351334,0.37969957602812865,0.3257649614774276,0.40323485939820775,0.28780700855774444,0.5025176238172342,0.1935630467732844,0.5105091461155733,0.12210511010997804,0.40796731635198724,0.15425938707461367,0.06729331061257071,0.06729331061257071,0.08415264008843143,0.08415264008843144,0.09718917558753834,0.09718917558753837,0.21261987536633964,0.21261987536633964,0.07142853088117847,0.06823391948157177,0.08774498504896067,0.31665294759159773,0.3193365130961423,0.3967397928579766,0.3679472903262007,0.39547599844928294,0.11006145911322718,0.426871204639564,0.39083592310179865,0.21627086116397853,0.5441689182364047,0.45033251063466856,0.2813385602802258,0.11787365838369948,0.1381274431156883,0.36624628762118966,0.1944346467864369,0.31146494030830624,0.2989060887243001,0.2167579376840961,0.15772541571389717,0.31146494030830624,0.29890608872430013,0.21675793768409612,0.15772541571389717,0.0,0.059203067592267435,0.0,0.03979208832333902,0.0,0.0,0.2615658447533835,0.26042390267568205,0.22078966492648538,0.27463467511404055,0.17662970815471882,0.11421907417161073,0.3988531921169043,-0.16863909833200108,SELL,0.0,1.0
0.33067091635723983,0.3243670972328865,0.329526920355708,0.3426229811906499,0.05097510436562422,0.0,0.0,AVH,2021-12-17 00:00:00+11:00,"Pharmaceuticals, Biotechnology & Life Sciences",0.4496945748499814,0.5058241493934351,0.5510205935226712,0.32218635275074164,0.35474259034047423,0.39996896086963174,0.3736216059690888,0.3491227154480929,0.3958162685846757,0.3078466088859464,0.49764716722925123,0.2022669804200301,0.5076667536329168,0.12710980483426704,0.40659892176516466,0.15738753207356976,0.09258979963400707,0.09258979963400707,0.08468433848441037,0.08468433848441038,0.09165646770478811,0.09165646770478808,0.21374073018452255,0.21374073018452255,0.04878045943858794,0.11630940019616313,0.09521229833151168,0.313443037396267,0.3150018501103176,0.3981445249133737,0.36657962458335597,0.38448136349784523,0.22233964222438024,0.41896121766851774,0.38451400516229345,0.2491734676837483,0.5442890701119547,0.4394375566227597,0.3014134649340736,0.12081008982651575,0.13199154212476294,0.202391463643432,0.11271543591463444,0.33899326789069306,0.29937526173019613,0.2490152044227664,0.1610178994540292,0.33899326789069306,0.29937526173019613,0.2490152044227664,0.1610178994540292,0.15625019790601466,0.0630575564799463,0.09615396518676768,0.039152415035697746,0.1562501979060147,0.09615396518676778,0.17437724397666518,0.26452506059465797,0.22418864608158867,0.2583890068833192,0.1981484121341048,0.11310343565029715,0.3946403114685342,-0.2088235347741202,SELL,0.0,1.0
0.332268397011724,0.3401898668219103,0.3393148394410301,0.3377049139320641,0.02343843510744346,0.0,0.0,AVH,2021-12-20 00:00:00+11:00,"Pharmaceuticals, Biotechnology & Life Sciences",0.4173623180780857,0.47306248742418344,0.5238094156832037,0.29038700897069797,0.34679688565108663,0.4105642804200742,0.3685855687844021,0.34794887751242976,0.38857020294758277,0.3105435234601941,0.4928865695927484,0.20026273479440582,0.5047045009213422,0.12438027904825333,0.40508717137445005,0.15485458776074923,0.09231310936565071,0.09231310936565071,0.07734701621720011,0.07734701621720012,0.09174784387618554,0.09174784387618556,0.21343196172747259,0.21343196172747259,0.05263151290346059,0.1236211599758918,0.11597172530393507,0.31138013631696765,0.31105976554116227,0.40156901277244156,0.36708202491671577,0.37351119168243485,0.2501953247998646,0.4110708143392244,0.37853191126280944,0.25207302697464734,0.5446158552401528,0.4285212769249975,0.30732672429601504,0.1148396205181288,0.12869909161307075,0.09673588450307923,0.05265833866351345,0.33833787534843046,0.3125925333661333,0.2512865819997049,0.1626316283876652,0.33833787534843046,0.3125925333661333,0.2512865819997049,0.16263162838766523,0.11290309555699375,0.091624623575346,0.07368413655712046,0.05762957204164131,0.11290309555699374,0.07368413655712047,0.17615660144462966,0.26042390267568205,0.2890848878974218,0.28239230217669087,0.14457901632410133,0.15482214321501564,0.38835860076406326,-0.23145400530491966,SELL,0.0,1.0
0.32907347378879076,0.3243670972328865,0.329526920355708,0.34098363846612584,0.03661029956970207,0.0,0.0,AVH,2021-12-21 00:00:00+11:00,"Pharmaceuticals, Biotechnology & Life Sciences",0.44973324321857266,0.5058630431834189,0.5510205935226712,0.32225738562223044,0.3398444009545521,0.4498654136613611,0.3625075987253622,0.37194890319814866,0.38287686595510434,0.3280766022409207,0.48841893236151696,0.20873706263993697,0.5015538970629885,0.1296376708445076,0.4035102595512853,0.15812623874101406,0.10365507769179413,0.10365507769179413,0.05176349409290079,0.051763494092900805,0.0794533181320754,0.0794533181320754,0.21421184711837915,0.21421184711837904,0.12121258097190861,0.16978004657866097,0.14117264812031197,0.3139070538505318,0.3084871504180422,0.4135149866013127,0.36070576898983003,0.36821326483337435,0.313699374430785,0.40632796098062857,0.3721229494575478,0.2849961303999017,0.544723149958934,0.4185311335153233,0.32449099641504203,0.11072332996040019,0.11834032746444585,0.15532942843256684,0.08662421037908678,0.34808471706611693,0.2991413024632873,0.2865805980318098,0.17051320494866345,0.348084717066117,0.29914130246328724,0.2865805980318098,0.17051320494866348,0.163636655255808,0.14732948509881344,0.10112375503324332,0.09194294852177681,0.16363665525580795,0.10112375503324333,0.17437724397666518,0.2604238700825763,0.2848694814060424,0.2759425568484808,0.14740939096951128,0.1577905859606467,0.38257942691595004,-0.23303839994834963,SELL,0.0,1.0
0.33546328214862214,0.3243670972328865,0.33278956005081545,0.334426228483016,0.01746618318384938,0.0,0.0,AVH,2021-12-22 00:00:00+11:00,"Pharmaceuticals, Biotechnology & Life Sciences",0.4108350463062693,0.46638944406231864,0.4965985622226965,0.2588919552442436,0.3348783325636793,0.44326511748337527,0.35521403134228247,0.3720653780462193,0.37649342620020715,0.3258654809347086,0.48351185495892274,0.2047186144404426,0.49840329279639417,0.12544069529885693,0.4019072829376398,0.15448024126176207,0.08949789836413546,0.08949789836413546,0.037739897268229766,0.03773989726822978,0.07098848341435751,0.07098848341435748,0.20981789575316923,0.20981789575316923,0.11764751256078797,0.18385367607026243,0.16710099842945095,0.31560000624886797,0.30681834458033164,0.42139897561694956,0.34950087699180826,0.3658973214932498,0.2967070684200463,0.39923252413377247,0.3670223482251051,0.27950642228993683,0.5439403246489356,0.40870740572197245,0.3258739343177292,0.0765449477576784,0.11456971023430725,0.09654857567150654,0.04214260403448925,0.36659599125185216,0.28243207845732854,0.2692374982625125,0.15841736987042807,0.36659599125185216,0.2824320784573286,0.26923749826251253,0.15841736987042812,0.09090901209302488,0.12508616985992804,0.05617971508179498,0.07837886070767112,0.09090901209302482,0.05617971508179487,0.15836306918821283,0.24675337627909608,0.30920678419189135,0.28793692037705254,0.16877559725058897,0.1806350493049591,0.3772625869756858,-0.2179104596582231,SELL,0.0,1.0
0.33546328214862214,0.33702531290410553,0.34420883787742423,0.35245903753779423,0.030539450194852102,0.0,0.0,AVH,2021-12-23 00:00:00+11:00,"Pharmaceuticals, Biotechnology & Life Sciences",0.508737898894212,0.5644314681243628,0.5714285714285714,0.34563185711414335,0.3375268981623592,0.5041370203110782,0.3508726229743141,0.4338747947076014,0.37054130144307,0.3767475967720464,0.47886111802007686,0.2331366657054229,0.49559514597678855,0.14480652974374908,0.40040204886106356,0.16817289581643036,0.09700579542703208,0.09700579542703208,0.09741485662889743,0.09741485662889741,0.09818828755653056,0.09818828755653053,0.22094707036147188,0.22094707036147188,0.3409094357289314,0.2799782521248362,0.22351274967233217,0.3276231720087367,0.30824796904443014,0.44842679095313664,0.338220251693461,0.369763332545476,0.47886808204175213,0.3864391979661335,0.36951228141671394,0.3552903109649216,0.5414975783552065,0.40156671003629346,0.36122205738855173,0.045637811057537565,0.11687633603360893,0.23248551907027099,0.07280695638722627,0.44616877338528665,0.32370162688920107,0.2833930220376488,0.16829930087887318,0.4461687733852868,0.32370162688920107,0.2833930220376488,0.16829930087887324,0.2909092721860428,0.18568267498857416,0.1797753561477563,0.11437780040145022,0.2909092721860428,0.1797753561477563,0.16903925641922837,0.24812046151186054,0.3841073230652668,0.33267705073715126,0.1914301955921039,0.1695635496626488,0.37237109423064274,-0.23988436836855265,SELL,0.0,1.0
0.3498402652646639,0.3575949133698366,0.36052203635296104,0.375409835681131,0.0227371496320694,0.0,0.0,AVH,2021-12-24 00:00:00+11:00,"Pharmaceuticals, Biotechnology & Life Sciences",0.5254658752319696,0.5807583786885795,0.6054421382542053,0.38282216116130946,0.3441483121590588,0.5675525798447323,0.3501779941575959,0.5003865311941202,0.3663144284503243,0.43588196798225387,0.47475968107716243,0.26791784402307506,0.4930438412218231,0.1689052593290723,0.39900758963911787,0.18534886613128448,0.13741688247560535,0.13741688247560535,0.14275641127196873,0.14275641127196875,0.1426716801019182,0.14267168010191816,0.2385333008467776,0.2385333008467776,0.6041664597063084,0.44320670836582665,0.28102586786489925,0.3498033487082686,0.31449189355966334,0.49042225319706606,0.3356087538751105,0.37129930139212564,0.7311619709946434,0.3738173485435821,0.37542902855163,0.4657965087191503,0.5380640280735223,0.39690152088554925,0.40120814705328406,0.031087245151975952,0.11808543195908318,0.2104596052997889,0.05386920633189031,0.48821817818556484,0.37657375931169584,0.3282423652557473,0.18621486149759567,0.4882181781855648,0.37657375931169584,0.3282423652557473,0.1862148614975957,0.5454545060465125,0.315660340886443,0.3448274822590568,0.19707150317349006,0.5454545060465124,0.3448274822590568,0.169039213996,0.2535886394773891,0.48148585240412667,0.3949742002152797,0.2481718725819335,0.16967373778979516,0.3678709209052031,-0.26666661809991776,SELL,0.0,1.0
0.35143770783311296,0.3496835285753247,0.3523654371151927,0.35409838026231827,0.08035403591123476,0.0,0.0,AVH,2021-12-29 00:00:00+11:00,"Pharmaceuticals, Biotechnology & Life Sciences",0.35751011651700465,0.41110875303909145,0.5102041511424302,0.2753388935440189,0.34745902705075665,0.47162428580735716,0.3477468077900957,0.4468370728601747,0.3621738201024604,0.39720040529476863,0.47025542477749643,0.24393102215338547,0.4901672026678755,0.15022653393736185,0.39759358194082994,0.17112553396568014,0.1878120372858719,0.18781203728587187,0.16770466567395123,0.16770466567395126,0.14465762014797326,0.14465762014797323,0.24641817627876772,0.24641817627876772,0.5918365559545954,0.31470207489675117,0.2614747776535119,0.35988337896670874,0.32180488764417237,0.4997478187529713,0.329345974567883,0.3734024316299963,0.5315720946243927,0.3653282792026789,0.37667948649466804,0.3732775306931494,0.5350994676812688,0.3907496000264064,0.3762736481801313,0.060414942868203085,0.11172941291031592,0.5182499429395356,0.19680479608511456,0.4533514921721797,0.3505184412390268,0.3265872922924808,0.17220081086576916,0.4533514921721796,0.3505184412390268,0.32658729229248085,0.1722008108657692,0.3090910746046478,0.3899334403953203,0.24285723530515704,0.2604150373381043,0.3090910746046478,0.2428572353051569,0.18149471627175165,0.2604238700825763,0.43191259730573334,0.36511077546103715,0.17425948851730483,0.15334201408751913,0.36373076144579863,-0.25936601958124217,SELL,0.0,1.0
0.33546328214862214,0.338607589863008,0.33605219974592276,0.3442623239151739,0.07881045283988418,0.0,0.0,AVH,2021-12-30 00:00:00+11:00,"Pharmaceuticals, Biotechnology & Life Sciences",0.39878984733504635,0.45402231610878313,0.5374150046029375,0.3062047144475734,0.34812116845042657,0.4309922896289371,0.34444734057705984,0.42776234325950324,0.3580332117545965,0.38368973360896375,0.4658244083608761,0.23512341247697877,0.487273441690643,0.14265897232936509,0.39619912256352674,0.16500804880473557,0.19901868294920563,0.19901868294920563,0.17119944499699766,0.17119944499699763,0.14541530254087956,0.14541530254087953,0.24646973230022273,0.24646973230022273,0.5094339452888303,0.26584776952084316,0.28398086530852795,0.36550303466822265,0.3289474957094307,0.4982615300791586,0.3213761708226847,0.3756542255790789,0.43969910968470827,0.358193614145419,0.3763412478222256,0.33257018905127733,0.5328730559919503,0.3838174988374888,0.36921584494855564,0.08216000610583674,0.11636552488442294,0.4149955369371921,0.18838410464917132,0.4249150278992497,0.33739649658363485,0.3247779675249989,0.17208449568969772,0.4249150278992496,0.3373964965836348,0.32477796752499893,0.17208449568969775,0.20000026009301797,0.35898637708630393,0.17187518044371924,0.25773434472435863,0.20000026009301786,0.1718751804437193,0.19217090350276714,0.20027348875138581,0.37803677339011105,0.3318423060078314,0.09156805021954886,0.16506575374959714,0.35992181474314655,-0.26099709164299556,SELL,0.0,1.0
0.3210862609465454,0.33386075898630074,0.33115824020326173,0.34590166663969796,0.12007393032313537,0.0,0.0,AVH,2021-12-31 00:00:00+11:00,"Pharmaceuticals, Biotechnology & Life Sciences",0.4431481600112102,0.4992297259955475,0.6054423004436855,0.3874176785813506,0.35043867124261946,0.42858657536143596,0.3430580912242027,0.4361514530223509,0.35466896875737114,0.3942586080936936,0.4613567720027328,0.2418796400236375,0.48437968030516987,0.14631436418873667,0.3949415028313349,0.16697619631998462,0.19353184974008275,0.19353184974008272,0.1594458660976025,0.15944586609760253,0.14280644292312253,0.1428064429231225,0.24625734280542166,0.24625734280542155,0.5490197728386198,0.29820160784982247,0.3095690752568945,0.3726987225546142,0.336316195979383,0.5002337475448388,0.31893894725012234,0.3755576779166867,0.48270922432046004,0.352779130606311,0.3756178446160389,0.35360378526644487,0.5300144171070198,0.37761121069232556,0.3785108053841948,0.13503213516967671,0.1327936491743834,0.4371694158528964,0.26448821557432284,0.44285188473962495,0.365447346353748,0.34507974676482733,0.17149539752327925,0.44285188473962495,0.365447346353748,0.34507974676482733,0.17149539752327927,0.3333335540911951,0.28677658865946765,0.19354854835800772,0.20640228124675356,0.33333355409119503,0.19354854835800772,0.19395030339396005,0.20300759403070304,0.3729256073854381,0.33051316748648774,0.07745059038687538,0.07673657931769767,0.3564175837767066,-0.26900586426035866,SELL,0.0,1.0
0.34504793755931656,0.338607589863008,0.33442087989836905,0.3442623239151739,0.04629794328825609,0.0,0.0,AVH,2022-01-04 00:00:00+11:00,"Pharmaceuticals, Biotechnology & Life Sciences",0.4303025011017534,0.48623263377852577,0.4965987244121766,0.259575850264416,0.34878331774344457,0.4284916278479547,0.34357905973152414,0.430081920394888,0.3519085638776826,0.39626887843236025,0.45663279605392953,0.2444883940870386,0.48175988463234354,0.1465667425879279,0.3935731080891548,0.16667584547395753,0.16680933080213262,0.16680933080213262,0.13291469240608136,0.13291469240608134,0.13798998851478225,0.13798998851478222,0.24343653008836408,0.24343653008836386,0.5199999809265137,0.32579786249960674,0.33380933238909605,0.37958014298042975,0.34379350572217815,0.5011811552609464,0.3189473008704757,0.3766239073889024,0.44860051617402696,0.3492337029143155,0.37397184975053305,0.35658749257302813,0.526180800229963,0.3720834211852249,0.38254220886204526,0.14315223432315557,0.125641087467599,0.16093613390531897,0.10558964428934345,0.40057333773023746,0.39519719197622577,0.36107635311540104,0.16487293208362536,0.4005733377302374,0.3951971919762259,0.3610763531154011,0.1648729320836254,0.3333335741600626,0.29502917166787745,0.20000026009301797,0.1918600253270586,0.3333335741600626,0.20000026009301786,0.20106773326581814,0.20984285722899607,0.3986854270476929,0.3462003522939531,0.14644457226852983,0.13006903816938795,0.3531936912875818,-0.2639296400921316,SELL,0.0,1.0
0.3210862609465454,0.3196202286317209,0.3262642806606007,0.32459017213587166,0.09596085770011674,0.0,0.0,AVH,2022-01-05 00:00:00+11:00,"Pharmaceuticals, Biotechnology & Life Sciences",0.35952897381450294,0.41322692782718945,0.5170068645075571,0.28211961326848484,0.33852011815521227,0.3904503046143386,0.34166883773105583,0.3789830273156394,0.3479404807062579,0.3597779798043601,0.45179895853438107,0.22236293170884036,0.4792085798773781,0.12892778810149663,0.3920092284281941,0.1535558964968009,0.09880704086742112,0.09880704086742112,0.159169249049222,0.15916924904922203,0.15214984116565536,0.15214984116565533,0.24901892550817328,0.24901892550817328,0.4482759045930935,0.28575329557942364,0.3196380692942262,0.378068138190782,0.3494276752878769,0.4851033198756595,0.3211069218246451,0.3702232266820825,0.21411570332993957,0.3457028019103284,0.369769243387607,0.26016166032610843,0.5235498411581627,0.3647790183266078,0.3617597182899829,0.18088323857424138,0.1427215903031202,0.2756206276898349,0.20180118440156009,0.3148591301198935,0.35654489017520424,0.3254794083022058,0.1580616105904554,0.31485913011989347,0.3565448901752042,0.32547940830220584,0.1580616105904554,0.030303008409675463,0.23726117408105263,0.017543844972692704,0.1394922190192475,0.03030300840967537,0.01754384497269268,0.20818516313767624,0.2043746792634675,0.2724926482180964,0.297864550368056,0.13387025222764848,0.12884899542600137,0.35022771019758714,-0.2431610825508035,SELL,0.0,1.0
0.314696490672749,0.30696201296050174,0.3083197623375102,0.3114754303396792,0.058895100084185345,0.0,0.0,AVH,2022-01-06 00:00:00+11:00,"Pharmaceuticals, Biotechnology & Life Sciences",0.3833811757280712,0.4381006806912623,0.48979601104704984,0.2491257851405667,0.32991227206615464,0.3709922388432414,0.3388903390253414,0.3485749387485473,0.3440586601230527,0.3376567365444234,0.44678202218030644,0.20923601207218445,0.47662303027584296,0.11770516746661308,0.3905170266691793,0.1450451859463075,0.08311938824814813,0.08311938824814813,0.16779089165021507,0.1677908916502151,0.152349792148863,0.15234979214886296,0.2516485220468142,0.2516485220468143,0.27272715450312246,0.25964117573525203,0.28009786816014537,0.372931433057315,0.35275385030288325,0.4649705286114455,0.32567169305714666,0.3592940819230138,0.16261983430499743,0.3453034206036078,0.36207480744244885,0.22072324476075267,0.521274659131278,0.3566169054747493,0.351585036056778,0.16982579256014785,0.14463578738459681,0.17823373956946922,0.1227814933865551,0.3282355090258977,0.3423653221475539,0.3252051098461316,0.15071847073452171,0.3282355090258977,0.34236532214755394,0.3252051098461316,0.15071847073452171,0.09090904164903363,0.1547355084569662,0.05882348816286518,0.0937772264315501,0.09090904164903357,0.0588234881628652,0.2117438780736053,0.21120994246176053,0.16703376665064112,0.2565215747674533,0.13202133230817334,0.10298317764027695,0.34650384320233774,-0.183800668403879,SELL,0.0,1.0
0.3115016055358509,0.31012656687830653,0.3115824020326176,0.31967214396229954,0.07919418346098817,0.0,0.0,AVH,2022-01-07 00:00:00+11:00,"Pharmaceuticals, Biotechnology & Life Sciences",0.47088090464218474,0.5270325111657285,0.5374150046029375,0.30656865753434576,0.3249462036752819,0.4230920321862226,0.3366328046866588,0.3780011340176326,0.3399180517751889,0.3649200256481526,0.4420214254168921,0.22547633280907842,0.4742429542443719,0.12749452817971307,0.3891551482411376,0.15178282119750597,0.11630244640531551,0.11630244640531551,0.1738326311884452,0.17383263118844522,0.1466923026016375,0.14669230260163751,0.25556279102080026,0.25556279102080026,0.13043471500415407,0.3381362505106569,0.3435463121380732,0.3745492153389768,0.3557867915689177,0.46241263095180685,0.32650181008691953,0.35368840857257966,0.2901987970553326,0.34028188388232034,0.35925789982604445,0.2842633187144463,0.518437087615591,0.3497376234861383,0.37069125690932825,0.17002352280460215,0.15565722420324868,0.23943500825567543,0.15726175982354723,0.36524302885645066,0.3509243944248878,0.320000665212699,0.15877705070413994,0.36524302885645066,0.3509243944248879,0.32000066521269904,0.15877705070413997,0.20454534371032565,0.11089367771409311,0.13235284836644665,0.07082306392327001,0.20454534371032562,0.13235284836644667,0.2117438780736053,0.20710875194967884,0.2578069399374793,0.2879589930343627,0.23904548925636374,0.18061007767744136,0.34041634115188213,-0.2392637956047754,SELL,0.0,1.0
0.2987220649882582,0.2943037972892826,0.3001631242060087,0.30000003126801084,0.0816506812217823,0.0,0.0,AVH,2022-01-10 00:00:00+11:00,"Pharmaceuticals, Biotechnology & Life Sciences",0.35597758504628907,0.4094994779056615,0.5102041511424302,0.27294661356092803,0.31567621618655434,0.37937249469911993,0.33298602513540865,0.33054878724359193,0.3344835046040315,0.3304435565659578,0.4367481494721575,0.20321745187481366,0.4715717904852097,0.10969873903589955,0.3877085595935882,0.13846197910818542,0.12882977252864872,0.12882977252864872,0.19347338168384096,0.19347338168384098,0.15725401483698356,0.15725401483698354,0.261991938262636,0.261991938262636,0.1333332626907614,0.3381362505106569,0.25032821878413203,0.3689706275277354,0.35693037514792314,0.4459316371275431,0.3308852668929299,0.3411726039576307,0.1954042700033709,0.33484291771617064,0.35420966564289297,0.19613321970942282,0.5156732942213871,0.3416335166305244,0.35143667345462304,0.15022463780636605,0.16458213737555466,0.27306436841540255,0.1561371633002449,0.31993039243564675,0.3281069223125585,0.28257862907595227,0.14194528273725812,0.31993039243564675,0.3281069223125585,0.2825786290759523,0.14194528273725812,0.04081677337925243,0.11447275246849341,0.027397560030857245,0.07416663274552772,0.04081677337925238,0.02739756003085725,0.20996456302886915,0.21394404774107775,0.19794234740086575,0.2404299422722086,0.2443455880243621,0.13915252902665853,0.3350593393474812,-0.22611465427598776,SELL,0.0,1.0
0.3115016055358509,0.31012656687830653,0.30179448294729555,0.2983606885434868,0.07808585039968609,0.0,0.0,AVH,2022-01-11 00:00:00+11:00,"Pharmaceuticals, Biotechnology & Life Sciences",0.42973060335383856,0.48565222050262047,0.44897973085628906,0.19932682647322333,0.3064062286978268,0.4094293893503873,0.32725536741458305,0.340525294629606,0.32948027037397193,0.3368095207435773,0.4315481125373803,0.2061437743858957,0.46867802909973677,0.11001475872659061,0.3863336490033423,0.13809913041916455,0.12857156876010647,0.12857156876010647,0.15961622918097942,0.15961622918097945,0.1568119106236465,0.15681191062364647,0.2621074608574798,0.2621074608574798,0.14999991059300086,0.31831521609799357,0.22574234072837548,0.3658861977064243,0.35713599221002645,0.437749692290651,0.33008176445152,0.3302534505434276,0.25042040528330456,0.330134561867996,0.3492114245552818,0.21324630964660723,0.5127846313226947,0.33385024148752,0.3573751778362372,0.16660443732757965,0.17414505441511285,0.2400621224028994,0.14362305863711122,0.3196432141511656,0.29746050055086815,0.29297947699084625,0.14327845619928392,0.31964321415116564,0.29746050055086815,0.29297947699084625,0.14327845619928398,0.020408629973885865,0.09047314392374368,0.013698943315821,0.058854943663942755,0.020408629973885817,0.013698943315821,0.22419938034935696,0.22624752149800523,0.2845829065786587,0.26694158177995697,0.33701591468448383,0.16335301948799918,0.3284640183419173,-0.20447286949013166,SELL,0.0,1.0
0.29712462241980914,0.295886074248185,0.3066884424899566,0.3065574021661071,0.02495492608633184,0.0,0.0,AVH,2022-01-12 00:00:00+11:00,"Pharmaceuticals, Biotechnology & Life Sciences",0.47175413005036226,0.5279023106135373,0.5442177179680642,0.31528792960860463,0.30276445099964205,0.458700197442115,0.3199618041717931,0.3840186697080521,0.3255121872025472,0.36438399537885613,0.42693399554005734,0.22255748451494395,0.4660582334269102,0.12004890476523655,0.3850629967982314,0.1448112533690778,0.13600735728525742,0.13600735728525742,0.11305083470240662,0.11305083470240664,0.16393550828139544,0.16393550828139541,0.2636995555355992,0.2636995555355992,0.22727260412258404,0.36946137262969286,0.27912793075253683,0.3691921755785316,0.3580606795694301,0.44402219072246085,0.31536986916874704,0.33192633761513124,0.3337779707216576,0.3255761998509567,0.34621401508495836,0.2799576580059079,0.5102564963175342,0.3268992466261454,0.37591293150408045,0.1300162177705709,0.16990169574834108,0.09359679644023619,0.046689991643723,0.3778664873569296,0.2775000588768895,0.32190101043717234,0.15952553214637583,0.3778664873569296,0.27750005887688955,0.32190101043717234,0.15952553214637588,0.12244934700071866,0.06252618961090561,0.11111140545492676,0.05164728382808438,0.12244934700071863,0.1111114054549267,0.21530255058630596,0.21941225829971214,0.31420584484601294,0.2750321942337304,0.304853583196004,0.16614755205026094,0.3227920422771322,-0.24528300472181241,SELL,0.0,1.0
0.2843450437861815,0.2784809899758003,0.28874388527313294,0.28524590766228075,0.12512727176633115,0.0,0.0,AVH,2022-01-13 00:00:00+11:00,"Pharmaceuticals, Biotechnology & Life Sciences",0.3470488115831276,0.4001003073313984,0.5102041511424302,0.27220520302848406,0.29746731190893433,0.3904339112502373,0.31266823678871347,0.33996373201300534,0.32068147814892684,0.3238849872378906,0.4220269190105514,0.19707230585493596,0.4629589976548921,0.10066426102073156,0.38374673132629755,0.1301164121971023,0.16167933793926295,0.16167933793926295,0.1196791279513745,0.11967912795137452,0.18263162665746077,0.18263162665746074,0.2730388606411075,0.2730388606411075,0.17857127651874777,0.30108254291166164,0.2616077781161955,0.36426375534261257,0.35766716292972756,0.43252340882555584,0.31000230166409276,0.32297109408959146,0.21549207112646102,0.32340666900408005,0.3386005643965107,0.19227985709214823,0.5085526336679518,0.3182505538772184,0.3552238837277081,0.16414459527605516,0.1887160166375309,0.38940387497630147,0.2175015959514326,0.3582385940912023,0.27340233650011114,0.29414709602501266,0.1472097576444034,0.3582385940912023,0.27340233650011114,0.29414709602501266,0.14720975764440342,0.0,0.0486314255962561,0.0,0.042350726439893356,0.0,0.0,0.22064062299019957,0.22077931093937073,0.2588907820191915,0.2195802745726951,0.2759401579088159,0.15204517295628467,0.31791414286141717,-0.1836065414867486,SELL,0.0,1.0
0.2603834052594453,0.25791138951006926,0.2642740875598278,0.26393445224346807,0.14104765121551338,0.0,0.0,AVH,2022-01-14 00:00:00+11:00,"Pharmaceuticals, Biotechnology & Life Sciences",0.3432271025781244,0.3960650603252416,0.5238095778726838,0.28916895924039243,0.28621090022119694,0.34474495475167544,0.3041590762218839,0.2979421922797072,0.31481561803667163,0.28478476079421333,0.4162775838260195,0.17206246200422926,0.45922621711643485,0.081530080063416,0.38217633566191345,0.11550275053716458,0.1540964652609546,0.1540964652609546,0.14004460816175074,0.14004460816175074,0.19968108981654561,0.1996810898165456,0.2756730757047742,0.27567307570477406,0.17543852310904684,0.27098118873130644,0.23554328421329238,0.352940065419326,0.35474852158779613,0.410496576686443,0.30955591443165814,0.30590852292956894,0.16097901759474992,0.32328528247307314,0.3264078978692548,0.13845156799040403,0.5062576858701566,0.3084983707055699,0.33628841192063075,0.19601669676293393,0.20885563649684452,0.378730530863516,0.2278708213121947,0.2931096666700985,0.2521606911675314,0.2615538462801376,0.12170804314386577,0.2931096666700986,0.25216069116753137,0.26155384628013767,0.12170804314386577,0.028168995166145898,0.051273193528572965,0.028168995166145898,0.047260713580541514,0.028168995166145794,0.028168995166145794,0.23309608284272285,0.22898159418421657,0.22125476917337292,0.18011692336217164,0.24362524880063915,0.13559669905467497,0.3113671276247122,-0.11986305955695953,SELL,0.0,1.0
0.2619808478278944,0.2800632669347027,0.2642740875598278,0.2901639358358529,0.09622644903277898,0.0,0.0,AVH,2022-01-17 00:00:00+11:00,"Pharmaceuticals, Biotechnology & Life Sciences",0.5569017651612819,0.6111193522293301,0.6258502783495857,0.42598812993081003,0.2842244681288389,0.46717289436781195,0.2982547581916615,0.39450708241858123,0.31119258521812515,0.35568883417774066,0.4113338873549907,0.21527081509169121,0.4559043845345868,0.11045903626084175,0.38066458527119895,0.13553515017019607,0.24858816536589512,0.24858816536589512,0.2267494079832045,0.22674940798320453,0.2508372135831972,0.25083721358319716,0.3056408534343923,0.3056408534343923,0.3999998532807883,0.30339738182932263,0.33407048647892046,0.35800708283523347,0.3535787447963532,0.42575203945770806,0.2988004553823173,0.3059500155530951,0.37897430340936983,0.3207058033240922,0.32181487818173665,0.295617874789896,0.5030416689983592,0.30169807675668875,0.37832222900721696,0.20352735651712825,0.21145137880986936,0.2502885959608406,0.1540580882389915,0.39500243056873,0.29367338684393707,0.328053582839708,0.14749606222109377,0.39500243056873,0.29367338684393707,0.328053582839708,0.14749606222109382,0.2535209564953131,0.0958923275798065,0.2535209564953131,0.09558321245936034,0.25352095649531303,0.25352095649531303,0.24911025763117514,0.2453862258601198,0.31039610558485714,0.26616062662265616,0.28781860536633935,0.20469033211951482,0.30095485021232693,0.0487013308711195,HOLD,0.0,0.5
0.28753992892307967,0.28955696641257544,0.2952691646633477,0.293442621284901,0.032682390295345996,0.0,0.0,AVH,2022-01-18 00:00:00+11:00,"Pharmaceuticals, Biotechnology & Life Sciences",0.45095872972406514,0.507095320807766,0.5306122912378106,0.29831928591425944,0.2832312481359858,0.4857959252934574,0.2928714086687605,0.4201094725598238,0.3087772286346527,0.36888698569354217,0.4039000313680537,0.2280476844404753,0.4526852889418911,0.11605050476852496,0.37921799646829213,0.13880825466039498,0.25007421263126406,0.25007421263126406,0.23043529366212254,0.23043529366212256,0.24091104211910588,0.24091104211910586,0.060723691212366315,0.060723691212366315,0.37096759928120604,0.22055558949852805,0.3750045351363094,0.3655887401454689,0.3543862889934192,0.4430003430605302,0.284744650876772,0.31082101077463875,0.4342819313554564,0.31983899943479627,0.31775248278877605,0.32803484912481223,0.48895244595438275,0.30327752528727475,0.3850523139501073,0.18013168056175533,0.19937419142434515,0.09419694747827487,0.05461506607012462,0.4063938004681627,0.301647940173413,0.3639245967572454,0.09527702013174977,0.4063938004681627,0.301647940173413,0.3639245967572455,0.09527702013174974,0.3030300840967546,0.19904922018229862,0.28168995166145894,0.1911664249187208,0.3030300840967546,0.28168995166145894,0.24021351271458094,0.2426521531739085,0.3803882008800456,0.33070591660014903,0.2925025539478613,0.245793885216671,0.25352114200034975,-0.016129017372408794,HOLD,0.0,0.5
0.25559107755409805,0.261075943427874,0.2642740875598278,0.2721311658660883,0.11187723995532912,0.0,0.0,AVH,2022-01-19 00:00:00+11:00,"Pharmaceuticals, Biotechnology & Life Sciences",0.3447349854467673,0.3976580726328441,0.5782312847936982,0.3630341818402149,0.2762787555461032,0.42226525536735116,0.2873144071170419,0.3693720747119127,0.30506793322788656,0.32483713333171726,0.39599011614131935,0.20492979203843775,0.4485929281249197,0.09697212726584348,0.3776345683309891,0.12411632744502632,0.2633569157544323,0.2633569157544324,0.23716723454035274,0.23716723454035277,0.2575584060615643,0.25755840606156427,0.07032557516102456,0.07032557516102456,0.3650792269178515,0.22055558949852805,0.3718086207555559,0.364051293487084,0.3546787958871955,0.4385076381200855,0.27864653630236386,0.30628246019099525,0.2604739159264482,0.319876239286969,0.3099086919139546,0.2526850676161132,0.47418951104737733,0.30466653965956386,0.3569233019093909,0.22492135702907567,0.21209123747432268,0.2671649626294476,0.17871778943803174,0.33886925446610006,0.295689808735377,0.321807402317402,0.08073077694035899,0.33886925446610006,0.29568980873537704,0.3218074023174021,0.08073077694035899,0.1186439719086299,0.2298485300490293,0.09859148308151064,0.21506222803356087,0.11864397190862985,0.09859148308151067,0.24733094258643898,0.24948741637220148,0.27769288764929934,0.26038282178480693,0.2880148536585346,0.2442105927414006,0.2973396031573186,0.08080808324067523,BUY,0.0,0.0
0.2476038266258176,0.25316455863336207,0.25611744942832626,0.25737708134537185,0.10647836330007446,0.0,0.0,AVH,2022-01-20 00:00:00+11:00,"Pharmaceuticals, Biotechnology & Life Sciences",0.37024951496400127,0.4244411176679887,0.5510205935226712,0.3265410456332113,0.2706505536489086,0.38071367987974725,0.28158374939621633,0.3389131264689227,0.3008410643484654,0.2974514900937104,0.387860482138536,0.19140486282266178,0.44396975953066165,0.08482992197370104,0.3759077845451514,0.11425958588831803,0.25369383485335456,0.25369383485335456,0.24065600805262108,0.24065600805262116,0.26471869368698286,0.26471869368698286,0.07404769514328957,0.07404769514328957,0.32394355319121787,0.21233660061684895,0.33407048647892046,0.3583208672024295,0.35359511744178607,0.426503081104824,0.2778442195241008,0.29536195821829414,0.19991365588795845,0.3211751987834152,0.2994965403838055,0.22442610307009558,0.45906820166812295,0.30602817379078434,0.3360791946733379,0.2153118731176007,0.22943090184876913,0.26398314435302744,0.16045251621774848,0.35118939638113567,0.29049666802664015,0.30353397242309477,0.07255593508282118,0.35118939638113567,0.29049666802664015,0.30353397242309477,0.07255593508282121,0.04687532014208255,0.15950263756246824,0.03947396076947715,0.1424316661406794,0.04687532014208262,0.03947396076947707,0.24199287018254542,0.2522215216515188,0.2656719222592637,0.25351698638725684,0.284615397897125,0.23391856541802547,0.2964632339341792,-0.017361176648623022,HOLD,0.0,0.5
0.24281149892047038,0.24050630523768451,0.24143557080034317,0.2377049295660696,0.12122623251810562,0.0,0.0,AVH,2022-01-21 00:00:00+11:00,"Pharmaceuticals, Biotechnology & Life Sciences",0.34532443172985816,0.3982804861169961,0.48979601104704984,0.24127575740370977,0.2653534145582008,0.3145462402260839,0.2729009326602796,0.3001673225573389,0.2954065151206458,0.2598748565961624,0.38112240678671,0.16858694642214977,0.43944932751731536,0.06733514720799805,0.37414841996540993,0.10073132397289986,0.25251457139619393,0.2525145713961939,0.24045146826326017,0.2404514682632602,0.2760536085726013,0.2760536085726013,0.0,0.0,0.23076908969310012,0.17637556382835223,0.3100969531421549,0.347170056879257,0.35016409948777305,0.4060270811338611,0.2749451732417186,0.2807304339929147,0.13907172418070535,0.323304860608371,0.2855704108217587,0.19336718707616962,0.45284857780866455,0.29910233898892064,0.3145840937869232,0.20509821345918194,0.24709965361662273,0.3132621817374716,0.1727016412316533,0.35231746150748305,0.24308633209589547,0.2644962470177442,0.0928153701639407,0.35231746150748305,0.24308633209589545,0.2644962470177442,0.09281537016394073,0.0,0.05634574495997613,0.0,0.046848453681318965,0.0,0.0,0.23665479777865187,0.24948741637220148,0.24233558089299997,0.2354803978846476,0.290651790979333,0.19603414718801626,0.2944325600226225,-0.08695652549493671,SELL,0.0,1.0
0.23162940094132684,0.22151898173085588,0.21859705404085855,0.21967215959630498,0.11462730940657435,0.0,0.0,AVH,2022-01-24 00:00:00+11:00,"Pharmaceuticals, Biotechnology & Life Sciences",0.3492981448980743,0.4024718965849614,0.4625851575865427,0.20082671222232995,0.2511173665719486,0.29180649676567416,0.2643917720934499,0.2650258672957724,0.2893681298319514,0.22688629219889966,0.37405475196117827,0.14816493817364917,0.43456931604193605,0.05156975228570626,0.37242163617957236,0.088322015644836,0.11639959729329546,0.11639959729329546,0.24270465317686654,0.24270465317686657,0.28683757371147356,0.2868375737114735,0.009804416176717012,0.009804416176717012,0.2368420309636916,0.15668446134748004,0.27366399693335797,0.33263312336000533,0.3440765871854133,0.3828543027606239,0.27864080959115584,0.25895677679229884,0.1490934635885125,0.32682556309576466,0.2687428312382714,0.18332199068878008,0.4470153024592047,0.29095673268157957,0.2970031811680406,0.2145798821605554,0.2673879818415354,0.2850153071764404,0.1536662114037947,0.2508676521445621,0.2405768823679413,0.24218342662732734,0.0805329069937554,0.25086765214456197,0.2405768823679413,0.24218342662732728,0.08053290699375543,0.04000027974446614,0.029574017226660358,0.0303032419387428,0.02367684453045455,0.04000027974446607,0.030303241938742786,0.23309608284272285,0.25495562693083595,0.21390888353115892,0.2160643285726348,0.23076477370214146,0.18509027587749438,0.2906633199872411,-0.07924529456209528,SELL,0.0,1.0
0.2172524178252851,0.2325949204431726,0.21859705404085855,0.2245901877698771,0.08679218299864605,0.0,0.0,AVH,2022-01-25 00:00:00+11:00,"Pharmaceuticals, Biotechnology & Life Sciences",0.4615467742252892,0.517713641402672,0.5442177179680642,0.31847752418507363,0.23721238928553146,0.3764378837497029,0.25657723620304884,0.303383018022795,0.2826396417808383,0.2530721486467775,0.3672434367263066,0.16281158928447304,0.4295865671691639,0.05992877215286574,0.37070788486665374,0.09288854867956425,0.13012024469492917,0.13012024469492917,0.25206282436890126,0.25206282436890126,0.2684328380790719,0.26843283807907187,0.01522190358952713,0.015221903589527241,0.3181817032416637,0.2018848744164104,0.2982446723643567,0.32587824596856363,0.33765332577876617,0.3799255408050395,0.275511355106769,0.24638020061318877,0.2479992268606207,0.32471169656896565,0.25707333373252883,0.23464942947255216,0.4405909206628223,0.28413059351205755,0.313148404745435,0.24246179189143519,0.27913418066652135,0.19422028701871885,0.11250817333952692,0.25580345613643163,0.25209041154140466,0.22627655877882252,0.08725220840931,0.25580345613643163,0.2520904115414046,0.22627655877882255,0.08725220840931003,0.08695677713393249,0.043218466313568536,0.06060624305064034,0.030847463912217758,0.08695677713393246,0.06060624305064033,0.2455515851184745,0.2713602586067393,0.27419750362054973,0.2571020468467463,0.30840705024452236,0.22980503213988357,0.2841864658708362,-0.10074625903021461,SELL,0.0,1.0
0.21884986039373416,0.2167721508541487,0.2088091349555365,0.2049180359905749,0.07512104280572815,0.0,0.0,AVH,2022-01-27 00:00:00+11:00,"Pharmaceuticals, Biotechnology & Life Sciences",0.3385041694538226,0.3910680752897585,0.4557822820319357,0.18786398022034562,0.22363847480560112,0.3430406636650778,0.24581054129753654,0.26804742633768974,0.273668324379354,0.22096773471862785,0.36017578190077476,0.13930537630994422,0.4242271155945928,0.04244940928955171,0.36886381022276216,0.07922520084411971,0.13305613039224476,0.13305613039224476,0.2451008905269287,0.24510089052692874,0.2405441528301054,0.24054415283010538,0.028494417351640045,0.028494417351639933,0.08064509926674732,0.19289484151146802,0.21434263520135002,0.31429451949316556,0.3298510944689138,0.3678966938510739,0.268741611445728,0.23184822773069158,0.20499222822880037,0.3182169809708852,0.24582616464863866,0.20308991921711417,0.4351172610871152,0.2755261996767198,0.29358234336054456,0.2235219120697723,0.29007252257056343,0.18035666897242922,0.0944731445506556,0.2527373921420324,0.20409123528829515,0.16502184191947628,0.0756843332290949,0.25273739214203234,0.20409123528829515,0.16502184191947633,0.07568433322909493,0.0,0.043218466313568536,0.0,0.030847463912217758,0.0,0.0,0.25266905741356094,0.2754614165257151,0.26120295714574115,0.24910980260013338,0.30780870376112673,0.2000614763087747,0.2782277600837436,-0.07812502037268176,SELL,0.0,1.0
0.19968051148631016,0.20569621214183198,0.19249593647999969,0.2180328168717809,0.10321820748501218,0.0,0.0,AVH,2022-01-28 00:00:00+11:00,"Pharmaceuticals, Biotechnology & Life Sciences",0.5052596203029305,0.5610214467025053,0.591836873713432,0.3929446834089066,0.21569277011621346,0.4465945269839624,0.23869063422385373,0.33417234481521985,0.266508523387143,0.2703366495675983,0.35325460596824626,0.1673443011959873,0.41946696393989114,0.059516679582233445,0.36709141332545914,0.08995095764726663,0.21292936968460652,0.21292936968460652,0.2737292798767439,0.27372927987674395,0.263041596149563,0.2630415961495629,0.04372132820158514,0.04372132820158514,0.16176488634622502,0.21265065326460353,0.1799634175004398,0.31373003365704855,0.3234795086182307,0.3803763101456229,0.262241439741213,0.2245397795920061,0.32011918315929033,0.31193633617990696,0.23813724929898833,0.26785980895705,0.42731575395768867,0.27021466269081734,0.32069186321871235,0.2218420059824842,0.2948468169361532,0.2494272636980094,0.12813953950387963,0.3181816676902867,0.2608503081428886,0.21299420009772896,0.08293161361524551,0.3181816676902868,0.26085030814288857,0.21299420009772896,0.08293161361524548,0.21176480817960944,0.1016902021001856,0.1636364385116264,0.07609016845578669,0.2117648081796093,0.16363643851162635,0.26512460211254096,0.2809296596774553,0.27826044869585,0.2597668353393411,0.2286884996846331,0.17183830330309607,0.2704362822033208,-0.18181818181818177,SELL,0.0,1.0
0.21565497525683602,0.21993670477195348,0.2234910524772527,0.2245901877698771,0.027215561342604156,0.0,0.0,AVH,2022-01-31 00:00:00+11:00,"Pharmaceuticals, Biotechnology & Life Sciences",0.4699491315912873,0.5261040176688457,0.551020431333191,0.3286707464430523,0.21304420451753364,0.49302483331885494,0.2345228820249925,0.3698731536772695,0.2602113482771276,0.3016372130534877,0.3467728710801686,0.18494936770490433,0.4149122862634942,0.06959399183793252,0.3654102426510869,0.095773787936632,0.20713217582463972,0.2071321758246397,0.2685990803680123,0.2685990803680123,0.2725199387890753,0.27251993878907527,0.05006157519180621,0.050061575191806096,0.25423738402353463,0.2692052496395173,0.2288178527317171,0.3188711746720245,0.3195644205848529,0.4018045053647021,0.25897968858758086,0.2196437999779633,0.3820802670239433,0.3051330224549684,0.2328753938829246,0.3059798876485995,0.41959590040720335,0.2657681304086333,0.33713345111394033,0.17339981249954947,0.2840732273934999,0.08095853081675522,0.03479610598761132,0.3831881890755403,0.30982054657242275,0.23723995355640065,0.09410531504758177,0.3831881890755403,0.30982054657242275,0.23723995355640065,0.09410531504758177,0.2588235921100832,0.16019675806565334,0.21359226671956627,0.12800148271251177,0.2588235921100832,0.21359226671956633,0.25800712981745455,0.2727273438395037,0.3526642673898537,0.3100073618743967,0.26585131529242334,0.19950579289202097,0.2601435536419312,-0.18283581989967734,SELL,0.0,1.0
0.23003195837287777,0.23575947436097738,0.23164765171502105,0.22786887321892524,0.04581805794554445,0.0,0.0,AVH,2022-02-01 00:00:00+11:00,"Pharmaceuticals, Biotechnology & Life Sciences",0.4530845204046399,0.509231270138841,0.5034014377773034,0.2591799316486169,0.21469955801670854,0.5011816761048511,0.22792394345863115,0.4025495825633234,0.25400043575533177,0.3246725479997945,0.34051085584122825,0.19733740419890144,0.41020350351160906,0.0763450132037195,0.3637812015576759,0.09913571540457589,0.16930774694945475,0.16930774694945475,0.20185308877729788,0.20185308877729785,0.2744442006554919,0.2744442006554919,0.05321601543672527,0.05321601543672527,0.32692308574032836,0.28475230721202255,0.2541025400437248,0.32695689928253524,0.3182916236394725,0.4248533877452908,0.24500179142492,0.22191615442977525,0.4280960527739132,0.296095148317113,0.2304160431631017,0.32982001505089253,0.4115309596222764,0.2622464366368023,0.34781278639322344,0.13794350705026184,0.2685677719712321,0.16402885919337667,0.061212416901067684,0.4404265512916044,0.27120940722408643,0.24066676795911296,0.09984417068718524,0.44042655129160435,0.2712094072240865,0.24066676795911296,0.09984417068718524,0.3157894901951927,0.26769718206533805,0.23300972446913093,0.20706648970927083,0.31578949019519265,0.23300972446913093,0.2544484148815255,0.27409436388605646,0.3954312907561235,0.33940160124350843,0.2359112087424657,0.23760225485650238,0.2510859525079084,-0.24074077181037667,SELL,0.0,1.0
0.23003195837287777,0.23734175131987978,0.2381729311052358,0.24590164318868984,0.0332271190069016,0.0,0.0,AVH,2022-02-02 00:00:00+11:00,"Pharmaceuticals, Biotechnology & Life Sciences",0.5260763240203467,0.5813519258157881,0.5782312847936982,0.3668131558791338,0.21900347711456325,0.5696384298952553,0.2228879104142341,0.48359632741861036,0.24882467429217076,0.3859446898023471,0.3346150391444283,0.23374390192294203,0.4060255285370109,0.0989488556065169,0.3622759674810996,0.11356415167288159,0.19866289040348914,0.19866289040348917,0.2437365933638638,0.24373659336386377,0.3057390282370944,0.3057390282370943,0.07809441955493446,0.07809441955493457,0.5490195620110374,0.3202974685981995,0.3100968273580711,0.34385920648888835,0.3211599903240643,0.4609770358397699,0.2260014405248863,0.2331281775448082,0.6101979464526567,0.28507822479019057,0.2324548609333124,0.4021566402168519,0.40179288106980166,0.2616669257554402,0.3802771597168379,0.11034228730181636,0.2658384378897972,0.14134163787155832,0.04474498336947009,0.47587894307062445,0.2991736318110248,0.2740409602913757,0.11333453507012448,0.4758789430706245,0.2991736318110248,0.2740409602913757,0.11333453507012448,0.4861109593400309,0.3610895478283576,0.33980574209173653,0.26684436916005255,0.4861109593400309,0.33980574209173653,0.2651245596893126,0.2740943312929506,0.4383348824509058,0.36514990471048003,0.2655144901062269,0.2831130994766968,0.18466354419174102,-0.2597864889461169,SELL,0.0,1.0
0.23162940094132684,0.2278480895664654,0.22512237232480636,0.2262295304944012,0.07260236647206994,0.0,0.0,AVH,2022-02-03 00:00:00+11:00,"Pharmaceuticals, Biotechnology & Life Sciences",0.34304795574343183,0.3958757235091206,0.48979601104704984,0.23982374169910173,0.22330740410576605,0.4500940231075834,0.21802553353894427,0.4296105372528136,0.24364891488567203,0.3447991660887033,0.32886570221371986,0.20823711534406242,0.40160783392105737,0.08051518780227834,0.36071860413427703,0.09961045948988034,0.1931260135762736,0.1931260135762736,0.24457789970508406,0.24457789970508403,0.3109999883121154,0.3109999883121153,0.08222095722312661,0.08222095722312661,0.5384615031925166,0.32345257798181454,0.28398073352278286,0.3506054175086747,0.3250059424460206,0.4695045791771202,0.21142020945887863,0.23967252571810704,0.4651814444688636,0.2774536775641023,0.23051447474275077,0.3417262922012137,0.39460312276642345,0.25815939810459926,0.35343512905347974,0.10904445371813534,0.26096092405996557,0.3115937747629905,0.09918243304634322,0.47859877576533927,0.29849140056519496,0.26784585041930264,0.11087130812610757,0.4785987757653392,0.2984914005651949,0.26784585041930264,0.11087130812610757,0.3194444582418154,0.38172598132195246,0.2527473160875452,0.28013048526224915,0.31944445824181544,0.2527473160875452,0.2686832322020133,0.27272724606018617,0.3911133082595752,0.3407087550961586,0.2828434595590654,0.24081481965772228,0.1858842010308115,-0.20817841296188722,SELL,0.0,1.0
0.20127795405475923,0.20886076605963672,0.2088091349555365,0.20983606416414707,0.05626627885002506,0.0,0.0,AVH,2022-02-04 00:00:00+11:00,"Pharmaceuticals, Biotechnology & Life Sciences",0.3551770125247333,0.40865835133980744,0.551020431333191,0.32973779181020596,0.22165204271324307,0.3767300131710858,0.21298949635425757,0.3870355034691857,0.23830062824607195,0.3123153057502208,0.322933265575397,0.1879415066628044,0.39722438455991405,0.06545249992680191,0.35905698209160464,0.0881236297620891,0.21439361531299106,0.21439361531299106,0.250003908383682,0.250003908383682,0.317278046762413,0.31727804676241284,0.0902289663014475,0.0902289663014475,0.42372870397310314,0.3332204858862059,0.2884943043394246,0.3507847240956272,0.32812393483077895,0.4631545375648631,0.2013516742782946,0.24072560431433376,0.2806936233199843,0.27216632222732645,0.22546979661105399,0.2966006770740063,0.3881605895933303,0.2532947602534064,0.33293773941131705,0.08485087672423236,0.2604119968282968,0.28970340511362513,0.07699086648153339,0.3952044215078596,0.2924740659001887,0.2574438939944512,0.10154150905121553,0.3952044215078596,0.29247406590018876,0.2574438939944513,0.1015415090512155,0.1805553761897335,0.3356898558453805,0.15294104777403975,0.25296153127313226,0.1805553761897335,0.15294104777403972,0.2651245596893126,0.27272724606018617,0.3299095192494559,0.3097948740471064,0.31130266643572324,0.25335155799986,0.18708044473310048,-0.14671810371245353,SELL,0.0,1.0
0.20926516689700464,0.2167721508541487,0.21370309449819752,0.2114754068886711,0.036152620860156165,0.0,0.0,AVH,2022-02-07 00:00:00+11:00,"Pharmaceuticals, Biotechnology & Life Sciences",0.4451846204672653,0.5012832214544785,0.5238095778726838,0.2880470794610495,0.21900346922121516,0.39753220831094893,0.2102109935082535,0.40237517482179497,0.23260729125359353,0.3306355905455849,0.3176233679429629,0.19694651640290706,0.39296079501944847,0.0702121938050867,0.3574735537989441,0.09023017767954294,0.20709707746648584,0.20709707746648584,0.2330503852551962,0.23305038525519622,0.3117652173195876,0.31176521731958756,0.08324578470632105,0.08324578470632105,0.541666625274554,0.23561784012764425,0.31281600404034116,0.35388576023212226,0.3313313970819858,0.46393498921068804,0.1978958941250446,0.23891892627077926,0.3393330824270827,0.2634725937409456,0.2236951541294248,0.31571616431496685,0.38331701724292516,0.24776320776221838,0.34342538965991987,0.08945600038630633,0.2514244378805232,0.1793263155802613,0.05082457663772466,0.38215315549314555,0.3325277133500652,0.24845912249181168,0.11690990327254369,0.38215315549314555,0.33252771335006526,0.24845912249181176,0.11690990327254366,0.19444425128125148,0.2364012608907776,0.1647057437566582,0.19354648915402292,0.19444425128125142,0.16470574375665814,0.24911038490086032,0.2740943312929506,0.3610071081765609,0.33055727041924204,0.2559163849985631,0.28565138666139195,0.18825276356134374,-0.1576922547887749,SELL,0.0,1.0
0.20926516689700464,0.20727848910073432,0.21533441434575118,0.2147540923377192,0.028471790580790062,0.0,0.0,AVH,2022-02-08 00:00:00+11:00,"Pharmaceuticals, Biotechnology & Life Sciences",0.45358817048036654,0.5097370259528634,0.5374150046029375,0.30859149236746936,0.2163548957291872,0.4268292543927963,0.20969002086064237,0.4161935229688871,0.2281216304961891,0.35101128025265016,0.3122402304274831,0.20898975837311862,0.3887143287187488,0.07685780776721202,0.35585102855359885,0.09361841741793259,0.20723893095293117,0.20723893095293117,0.21117224161538098,0.211172241615381,0.30659025406778173,0.3065902540677816,0.082467412858929,0.082467412858929,0.4761902058745225,0.23561784012764425,0.29694412479579946,0.3599740854585234,0.33529734798351896,0.4705513365797566,0.19777031409950868,0.2379860201028265,0.4006614822448482,0.25732753825001,0.22147052270198514,0.34237935709477396,0.3771378631615591,0.24377402358608508,0.3552023272254291,0.08051774657550784,0.24032009162698176,0.15203266978685834,0.04142954799483387,0.38241763766444253,0.37626272390364346,0.28403004646696,0.11611287414943913,0.3824176376644426,0.3762627239036434,0.28403004646696,0.1161128741494391,0.29629603465723353,0.22852112102694394,0.1882351357218951,0.1716561753329702,0.29629603465723353,0.1882351357218951,0.24199295502900217,0.26589204804810485,0.3573922815664847,0.3336055042040802,0.2169575765238881,0.23138084083454263,0.18940163601302212,-0.15648849821404454,SELL,0.0,1.0
0.21246009011993788,0.20886076605963672,0.21859705404085855,0.21639347414725685,0.04526400244805924,0.0,0.0,AVH,2022-02-09 00:00:00+11:00,"Pharmaceuticals, Biotechnology & Life Sciences",0.44508785037737353,0.5011856848706112,0.5306122912378106,0.29831928591425944,0.2103956231321576,0.4648006816476893,0.20882174001510662,0.4252072230226953,0.22380849697188615,0.36662883809935853,0.30667399407747725,0.21866551099007292,0.38450210808109975,0.08171256251700498,0.3541437933994611,0.0958205889213169,0.1434829073427229,0.1434829073427229,0.20877750637161266,0.2087775063716127,0.30802658967084573,0.3080265896708457,0.07845357052511015,0.07845357052511015,0.4358975142730161,0.28625573773824486,0.33427493375685313,0.367599990024914,0.3402236487786865,0.47892853311315026,0.19696992790018153,0.23710348477194815,0.43906283663888734,0.25029744462766096,0.22064682788212703,0.3609694731955595,0.3692620437431718,0.2415455767582661,0.3627288858530153,0.08672015986856435,0.23346652322901645,0.22951392687396008,0.06732037536598758,0.34123860757979757,0.3693852821248336,0.28968755018885295,0.11217982405816482,0.34123860757979757,0.3693852821248337,0.289687550188853,0.11217982405816479,0.34693892445975083,0.2851610743532664,0.20000011219699101,0.18762428681989868,0.34693892445975083,0.200000112196991,0.2153026354327627,0.2535885742911773,0.38251785693629725,0.3450829464911707,0.2908640012949799,0.2757605897447731,0.19052753101566694,-0.16730039470511338,SELL,0.0,1.0
0.21565497525683602,0.2136075969363439,0.21533441434575118,0.2180328168717809,0.033400552811926026,0.0,0.0,AVH,2022-02-10 00:00:00+11:00,"Pharmaceuticals, Biotechnology & Life Sciences",0.4450558184021108,0.501153398232974,0.5238095778726838,0.2882021324046618,0.2087402696329827,0.48159298856748434,0.2102109935082535,0.42645093381497046,0.21915031309470479,0.38343399776108567,0.3013640973181316,0.2281972647724947,0.3809405562661369,0.08615212134328015,0.35241049345484265,0.09805029164331552,0.10461302580062523,0.10461302580062523,0.16741754369052628,0.16741754369052625,0.30270986044642956,0.3027098604464295,0.07968383091683795,0.07968383091683795,0.4210527306448092,0.3317106098837735,0.34265727946370295,0.3763436283854211,0.3461752469983459,0.4878722713142818,0.19592159362881983,0.24116447106883598,0.4383481409469683,0.23976392734651264,0.22320700755451212,0.37756196420521837,0.36157909805852567,0.23963641755630605,0.3701527514711189,0.06652009302017958,0.23523006440783284,0.2026295675955573,0.04939503195660549,0.39562560260911067,0.41617333866356093,0.2799697716868372,0.11891983732490108,0.39562560260911067,0.41617333866356104,0.2799697716868371,0.11891983732490105,0.439024716456238,0.3684206650765026,0.23684219607355966,0.21210167341889785,0.439024716456238,0.23684219607355972,0.21174392049683374,0.24265218576701433,0.4054620589286673,0.35259876362180936,0.3643788095756336,0.24353347442082818,0.19163090811825884,-0.1931818068930602,SELL,0.0,1.0
0.21405753268838695,0.20411393518292958,0.21044045480309015,0.20655737871509894,0.05004886569628121,0.0,0.0,AVH,2022-02-11 00:00:00+11:00,"Pharmaceuticals, Biotechnology & Life Sciences",0.378557620098206,0.43309297867593743,0.48299313549244294,0.22723071162971012,0.20807812823331273,0.426166387835452,0.2089953961842138,0.3883998973072811,0.215009704746841,0.36093137336857994,0.29631054014944586,0.2146431065351989,0.3772591442222558,0.07576951151703887,0.35069022582778586,0.09020732216825095,0.07371948566320341,0.07371948566320341,0.16275969111001296,0.16275969111001298,0.2939377327905752,0.29393773279057517,0.07615525843315951,0.07615525843315951,0.14705921539340763,0.35613750148740725,0.29550009461978466,0.3799951305339929,0.351776170929173,0.48481331597287075,0.1966954401543478,0.23777426064113555,0.27853880824413313,0.2333269030172197,0.2220504464086932,0.3325089820729796,0.35584708731630516,0.23580366172743206,0.355811452600111,0.0633163595802306,0.21955285476474218,0.31339329814203065,0.07793523859892633,0.4086218486570618,0.3620178486000253,0.2919727950627582,0.12187953711273511,0.4086218486570618,0.3620178486000252,0.2919727950627582,0.12187953711273514,0.2820511096249002,0.36357143630744815,0.15277762600669756,0.20007020880896847,0.2820511096249002,0.15277762600669753,0.20284713315701106,0.239918113080803,0.32649881778649403,0.32993484972936116,0.40358719864237586,0.23937407927651128,0.19271221767879887,-0.1867704402886219,SELL,0.0,1.0
0.19968051148631016,0.19303795874615443,0.2006525357177681,0.19836066509247868,0.03645418693854691,0.0,0.0,AVH,2022-02-14 00:00:00+11:00,"Pharmaceuticals, Biotechnology & Life Sciences",0.3940429371066013,0.44912954164431274,0.5102041511424302,0.26677757030646804,0.2054295626346329,0.39720391945900824,0.20621689333820975,0.367453234343434,0.2115591971047336,0.34588944701047897,0.29129360292228307,0.2065871397097574,0.3736975919990524,0.06894668634381246,0.3488331188663327,0.08491989306876063,0.08391774235721536,0.08391774235721536,0.15977679048783952,0.15977679048783955,0.2804250830828684,0.28042508308286834,0.07695631234924427,0.07695631234924427,0.18518557764308624,0.38953122055886713,0.3172939239439099,0.3810825205731022,0.35650695018291045,0.47722298559351334,0.19751206870066018,0.231108198147838,0.2297402072016841,0.2305659729225955,0.21803306142160866,0.30770141690968866,0.3507302936567909,0.23126679387077825,0.3479686299626875,0.06347175175150893,0.19771257135172982,0.22791137564044434,0.061287210447817854,0.38105464359280045,0.3309053747026016,0.31165636514624506,0.12026195582968757,0.3810546435928005,0.3309053747026017,0.31165636514624506,0.1202619558296876,0.15384605979540011,0.2978391511389299,0.08333325054910777,0.16048273556725903,0.15384605979540011,0.08333325054910767,0.1886122309900665,0.23034871201008691,0.25425158090615285,0.3001685349727398,0.45248653027097,0.26496533825837837,0.24569638614526151,-0.17857144884511744,SELL,0.0,1.0
0.19169329864406476,0.19303795874615443,0.19902121587021437,0.19508197964343055,0.06237732223090501,0.0,0.0,AVH,2022-02-15 00:00:00+11:00,"Pharmaceuticals, Biotechnology & Life Sciences",0.4193080566718419,0.47504780368495153,0.5306122912378106,0.29831928591425944,0.20145671423661315,0.4000176696292814,0.20274376581577708,0.36691037173001173,0.2065559628746741,0.3492400813878136,0.2864963862173457,0.20685805479172037,0.3700846708730323,0.06775690536944073,0.34701510885756426,0.08338090175430107,0.07076630896545166,0.07076630896545166,0.15540447840322938,0.15540447840322935,0.22687796461116408,0.22687796461116405,0.07536789504616337,0.07536789504616337,0.2631584891312667,0.35203788600275626,0.35121425442359333,0.3823491715144288,0.3605828338771846,0.4715102877040909,0.19660088283668975,0.22497302254668416,0.25122168842255954,0.22097416307082368,0.21876304117696532,0.2976118788404377,0.3463081615925245,0.2263282846043505,0.3494283642362378,0.08094272928841487,0.19064449565745606,0.33187296443455205,0.10764419759689223,0.3630742390776102,0.317430958325374,0.26211100755421857,0.12505678373272003,0.3630742390776102,0.317430958325374,0.26211100755421857,0.12505678373272003,0.10256403986360008,0.18330188338320905,0.05555550036607184,0.09896841938501424,0.10256403986360008,0.05555550036607182,0.16548054148329935,0.21941229089281808,0.26249152686338717,0.3007809921046508,0.32836108675144354,0.2907167661434199,0.24463222367706883,-0.13999996185302732,SELL,0.0,1.0
0.19488818378096295,0.19303795874615443,0.19902121587021437,0.1967213223679546,0.04243887457671381,0.0,0.0,AVH,2022-02-16 00:00:00+11:00,"Pharmaceuticals, Biotechnology & Life Sciences",0.4454894931515684,0.5015904809424478,0.5238095778726838,0.287680215291956,0.1974838579452453,0.4287254641576155,0.19753407660227296,0.39083531434083696,0.20146646605639495,0.3676601835610327,0.28202874898611424,0.21552387577757437,0.3658210817408072,0.0727283503077224,0.3452296796426997,0.08562954607044371,0.07105316362432329,0.07105316362432329,0.09630943114815776,0.09630943114815778,0.225781636058602,0.22578163605860196,0.07501840370812052,0.07501840370812052,0.2631584891312667,0.44045517105024534,0.24986667801241294,0.3859424068183809,0.3646697880070504,0.4716068558562584,0.1837525507919457,0.2288292391026765,0.2681583962778501,0.20720350480867267,0.2242133519316803,0.30006751756907896,0.3423741407440167,0.22149393611329787,0.3596436823019821,0.07948698613450991,0.1926817585332264,0.22863084709739898,0.07268223338374105,0.3632824397545622,0.2867861581369563,0.2601698553168208,0.13467402381334012,0.36328243975456226,0.2867861581369563,0.26016985531682085,0.13467402381334012,0.1282050498295001,0.13092991670229215,0.06944437545758982,0.07069172813215299,0.1282050498295001,0.06944437545758986,0.14946628184839025,0.19890650129793894,0.29501202040662655,0.3051774231173112,0.41617229970912484,0.2474032333127592,0.24248386749106016,-0.08366535416130183,SELL,0.0,1.0
0.19329074121251388,0.1851265739516425,0.195758576175107,0.1934426369189065,0.07123310547107041,0.0,0.0,AVH,2022-02-17 00:00:00+11:00,"Pharmaceuticals, Biotechnology & Life Sciences",0.4192387026737994,0.4749770694946039,0.5170068645075571,0.27695637127908257,0.19251778955437254,0.43705182083871996,0.19406094907984034,0.39046405226639136,0.19732585770853112,0.36897480900671376,0.2774146319887913,0.21563570966081547,0.3615232469455314,0.07204539374251823,0.34354850896832745,0.08400792352167447,0.058531860908943696,0.058531860908943696,0.06019217553754072,0.06019217553754071,0.21022598830418518,0.2102259883041851,0.07323636495773922,0.07323636495773922,0.15789559541182982,0.34346891629008247,0.22894330806899196,0.38911694352281506,0.3686693207563982,0.4708442732905973,0.1790762539216989,0.22697645387239934,0.24900641617098304,0.19775521369852245,0.22658896312231375,0.27344263071842423,0.33782221548614905,0.21712483502575292,0.3604404463850962,0.09898149471477816,0.18419480935003268,0.32845681045735226,0.12596791390211592,0.34989691396705114,0.3171727981573669,0.2878807002027675,0.1295524981790077,0.34989691396705114,0.3171727981573669,0.28788070020276746,0.12955249817900774,0.027027009611493586,0.0877584303504807,0.05555550649823129,0.061266166461967475,0.027027009611493624,0.055555506498231266,0.12277587740569401,0.19070415286688144,0.2765160089465632,0.28140825954456683,0.4402079085413406,0.2052033409946688,0.24042144555249179,-0.07630524357138779,SELL,0.0,1.0
0.19169329864406476,0.2136075969363439,0.19738989602266072,0.2147540923377192,0.13608935416226697,0.0,0.0,AVH,2022-02-18 00:00:00+11:00,"Pharmaceuticals, Biotechnology & Life Sciences",0.5512303476274432,0.6056724815504549,0.6122448516193322,0.42700948318760634,0.19417314305354744,0.541330108831998,0.1945819175871617,0.46963708224139,0.19508302630149776,0.4399976930565652,0.2736061537049715,0.2594162518194356,0.3572596574050657,0.10024094664787564,0.34203675857761284,0.10146483173690041,0.16496149497907364,0.16496149497907364,0.11823957391946949,0.1182395739194695,0.25081021989063834,0.2508102198906383,0.10613567482877884,0.10613567482877884,0.48387059560048423,0.4341765997669169,0.36494521270122915,0.40293012573437065,0.3750452217631124,0.49157349298399333,0.18020594497420334,0.22676728811352032,0.6498839836102489,0.1902963022663282,0.2306218098040868,0.47294743391018584,0.33335783624311716,0.2144208608521948,0.40467620411329325,0.14331678067241788,0.1903779149297264,0.4726264222615996,0.23508323461210492,0.441129066912269,0.3977352829716485,0.3567449760788875,0.15931356145123993,0.44112906691226894,0.39773528297164856,0.3567449760788875,0.15931356145123995,0.3783781345609102,0.18165051050401268,0.32653029448586496,0.15321350489103427,0.3783781345609102,0.3265302944858649,0.1423488519765321,0.1920712380996459,0.43235432296949283,0.3799892206994626,0.5355112775525134,0.32292335875400635,0.23726376471590005,-0.1374045461147052,SELL,0.0,1.0
0.20447283919165743,0.19462023570505682,0.18760197693733865,0.1918032941943824,0.08710529652628299,0.0,0.0,AVH,2022-02-21 00:00:00+11:00,"Pharmaceuticals, Biotechnology & Life Sciences",0.31951178982100636,0.37085927482316927,0.4625851575865427,0.19440277987510968,0.1928488602542075,0.42661994212883947,0.19249804355787592,0.389669193060437,0.19266767177468752,0.3767558707181067,0.26899203670764854,0.22381465991097294,0.3528077171260615,0.07656323567347079,0.3404598465990907,0.08443316798284461,0.22755034289577963,0.22755034289577966,0.17968142739364903,0.17968142739364906,0.2642022403782427,0.2642022403782427,0.11906281010624142,0.11906281010624142,0.31818164577161767,0.3307897789982613,0.34659822883514835,0.4051158608894579,0.38064854185386676,0.4848342178366285,0.17994096540747556,0.22276574946896815,0.27379573945804186,0.18791535830581285,0.22833548311762109,0.25789992593233857,0.32807565563560764,0.21098339867239935,0.3680769906580576,0.16941648637703843,0.1832530824410986,0.26413048425671914,0.15459460859693502,0.3988722792417866,0.3436064882636929,0.3459609927505769,0.12903680363417508,0.39887227924178664,0.3436064882636929,0.3459609927505769,0.1290368036341751,0.11904755146863064,0.1785331333045328,0.11363630206129204,0.16820873736076267,0.11904755146863066,0.11363630206129205,0.14768692438042572,0.20164057398415028,0.29848133652047837,0.2751398895294187,0.43977456912767887,0.3339323793260555,0.23429554472950376,-0.06451616314521791,SELL,0.0,1.0
0.18849841350716662,0.18037974307493532,0.18597065708978494,0.18360658057176216,0.043532773326458156,0.0,0.0,AVH,2022-02-22 00:00:00+11:00,"Pharmaceuticals, Biotechnology & Life Sciences",0.39249432203698853,0.44753100390703243,0.4965987244121766,0.24426594406126856,0.1905313653553627,0.39489641434108913,0.1891985763448401,0.36975605752989704,0.19076989277719475,0.35682653416031385,0.2640849601781426,0.2152952168557023,0.34859549689665303,0.06996685605799186,0.3388764184617875,0.07888320543377575,0.232877965767606,0.232877965767606,0.18020836127539888,0.1802083612753989,0.2508486619633191,0.2508486619633191,0.11794117582791763,0.11794117582791763,0.3333333333333333,0.19958320199725615,0.37268859998474546,0.4047685818555468,0.38505134278305725,0.47436200867079487,0.1792380742668695,0.21675224751786837,0.21703379796682898,0.18879073506599836,0.22331792547597779,0.2171873812135034,0.322096815827743,0.20778859962291435,0.3585186079132966,0.15970619208051468,0.16840774934270625,0.13854434973008198,0.0819454969273061,0.3843669723948919,0.31888885329742145,0.3637522101865208,0.11839494463909053,0.38436697239489187,0.3188888532974214,0.3637522101865209,0.11839494463909053,0.027027009611493586,0.17853313330453274,0.023255801059022484,0.15724878089387012,0.027027009611493624,0.023255801059022474,0.13345206463670953,0.19480527819275137,0.2592807687085168,0.23645014978490242,0.38516169096058644,0.3649011333693222,0.22994939819637622,-0.024691431913493544,HOLD,0.0,0.5
0.17891375809647214,0.18987340482834963,0.18270801739467757,0.1934426369189065,0.053289479674157626,0.0,0.0,AVH,2022-02-23 00:00:00+11:00,"Pharmaceuticals, Biotechnology & Life Sciences",0.4908737427326476,0.5468619592674898,0.5782312847936982,0.3758701943606642,0.18986922395569267,0.4509309992286541,0.18676738583705033,0.4162962099837808,0.18913090154436063,0.3916709848856186,0.25961732294691103,0.23967724470866736,0.3444175223302953,0.08488917279268199,0.3372538933717998,0.0875072596230409,0.24761845700089713,0.24761845700089719,0.19705978219133732,0.19705978219133735,0.2585622747825643,0.2585622747825643,0.12769262757792021,0.12769262757792021,0.46511627906976744,0.3209246183120593,0.4595292409213012,0.41050947117756165,0.3898936734119533,0.4781960557208362,0.17503251269031694,0.21651551537865482,0.397407237556864,0.18759634028521488,0.2212723729378775,0.3265490172022203,0.31611893064232094,0.20556175484869788,0.38218399808234704,0.16529733513868985,0.1614120107392758,0.1648919409153123,0.10326111399497623,0.40832746058154423,0.3369706349347822,0.3754551026102345,0.1336619039342098,0.40832746058154423,0.33697063493478213,0.3754551026102345,0.13366190393420982,0.281249790452377,0.14546889748211606,0.19999989403614216,0.11431440543098935,0.28124979045237697,0.19999989403614216,0.13345206463670953,0.19617229823930413,0.32954145426997417,0.29116071183025083,0.4744043482130078,0.44272036963748995,0.2247948353124017,-0.06024100192487092,SELL,0.0,1.0
0.19968051148631016,0.2009493435406664,0.1810766975471239,0.17868855239818998,0.09428536722776167,0.0,0.0,AVH,2022-02-24 00:00:00+11:00,"Pharmaceuticals, Biotechnology & Life Sciences",0.35743671223852996,0.4110316995410438,0.42857159076090867,0.14061070787530247,0.1868895876571779,0.38723842808608877,0.1825996336381891,0.37383301183350093,0.18775070013284756,0.3499098709725965,0.25507644583263384,0.21830898960297163,0.34015393360631074,0.07038084002070794,0.33546194799815443,0.07687616479477455,0.2674711045790679,0.267471104579068,0.2107217261035351,0.21072172610353512,0.24993484113117684,0.2499348411311768,0.13424176885202743,0.13424176885202743,0.3999999999999999,0.3267866634122895,0.4004169608319066,0.4099520069551513,0.3936393516985663,0.46862988378599635,0.17033089375284488,0.21325722345099707,0.199345915129787,0.18914172036701604,0.21655730153002212,0.22485498591214104,0.3111519294668221,0.2018837244484653,0.3600482863401812,0.17717579649072301,0.1654137357006728,0.2755112226956549,0.1796781328480181,0.37462509382907566,0.30164798784489116,0.3835595405223318,0.12687795686349193,0.3746250938290757,0.3016479878448912,0.3835595405223318,0.126877956863492,0.030303008409675463,0.11525865837441446,0.02173911916735903,0.08313179524145696,0.03030300840967537,0.021739119167359044,0.15124559689312636,0.20027342356517405,0.3330132591572362,0.2960771398847298,0.45322082438671235,0.35121663694132166,0.21885232090760265,-0.04583338714307994,HOLD,0.0,0.5
0.18530352837026848,0.1819620200338377,0.19086461663244597,0.1934426369189065,0.02446571395769059,0.0,0.0,AVH,2022-02-25 00:00:00+11:00,"Pharmaceuticals, Biotechnology & Life Sciences",0.5189681087826127,0.5744306602330294,0.551020431333191,0.33101496560881255,0.18258566855932318,0.49003041686079474,0.18121038428533187,0.43656206982827483,0.18645675925289168,0.39925844091794693,0.2509750088897194,0.25192622850661994,0.33597595903995303,0.09148591798617273,0.33361787319890535,0.0895639799247051,0.23693452188191189,0.23693452188191189,0.23637905351567437,0.2363790535156744,0.2561423654115693,0.25614236541156926,0.15328915371581187,0.15328915371581187,0.4827586206896552,0.40181905108500593,0.5102373299406737,0.41766972345580256,0.39841054611445953,0.4775755297636659,0.16753320414488643,0.21357066536831038,0.48592113192340763,0.1882610604206229,0.21486933331000035,0.36262674684115836,0.3056488074358323,0.19985883579668728,0.39364353167162724,0.11965792210000509,0.14896933556527264,0.09785622191362033,0.05002451563377647,0.3585089020590876,0.3576929676463423,0.3890442224371363,0.14433386291676278,0.35850890205908753,0.35769296764634223,0.3890442224371363,0.14433386291676284,0.32258039706698943,0.2158703489229829,0.21739119167359033,0.14900593870147738,0.3225803970669895,0.21739119167359033,0.14590748206600443,0.19207107513411656,0.3588959552246177,0.3202211140191724,0.44221878304252676,0.396680695065983,0.2125322473327802,-0.10843372686442132,SELL,0.0,1.0
0.19169329864406476,0.19303795874615443,0.18760197693733865,0.20655737871509894,0.04156482149531029,0.0,0.0,AVH,2022-02-28 00:00:00+11:00,"Pharmaceuticals, Biotechnology & Life Sciences",0.5071863395845084,0.5629110036688675,0.5782312847936982,0.37338856765704515,0.185565304857838,0.5447803912060691,0.18207866513086762,0.484635234740439,0.18550786872581415,0.4427701710334675,0.2472031514205107,0.2824321333719084,0.3321575635273879,0.11057024673082894,0.3319953481089176,0.10090160741480392,0.19969037753092037,0.19969037753092034,0.24743546995316076,0.2474354699531608,0.2676105495805582,0.26761054958055813,0.16701180560902396,0.16701180560902396,0.5625,0.4486012982498182,0.5102371940292433,0.43104936828653984,0.40530408661903405,0.49608889704220877,0.16976547959492527,0.2128245876970255,0.7075434165802905,0.18644611370897973,0.2150028606754243,0.4816086958811033,0.29955791934765724,0.19931068140150465,0.42361484101351743,0.09619164454693058,0.15196562133387742,0.1956913846229569,0.08387206711801498,0.46126579997999545,0.4054774697601378,0.4042705866513376,0.1581896019564285,0.46126579997999556,0.40547746976013777,0.4042705866513376,0.15818960195642853,0.5806447147205811,0.31778976771773604,0.3913041450124626,0.2139194180698303,0.5806447147205811,0.3913041450124626,0.16014229938649224,0.18523577934271765,0.4397453841893026,0.36856905974607823,0.4928546305680105,0.4705125098018418,0.20709698405843285,-0.11284045501398454,SELL,0.0,1.0
0.20127795405475923,0.29746835120708737,0.2088091349555365,0.3147541157887273,0.2140737202483856,0.0,0.0,AVH,2022-03-01 00:00:00+11:00,"Pharmaceuticals, Biotechnology & Life Sciences",1.0,1.0,0.9863945732697463,1.0,0.21205098452468063,0.9560287348895153,0.1947555778965585,0.8488655052847418,0.19007979001477587,0.7625213801321593,0.24621441212630496,0.4908524686172121,0.3295548906860869,0.24563223773803033,0.3311417305318487,0.18742999988339398,0.7136134291753273,0.7136134291753273,0.7788094455521494,0.7788094455521494,0.7820389003587094,0.7820389003587092,0.6336414763449976,0.6336414763449975,0.7606839069849332,0.7122784524723046,0.7464895073029157,0.491256977469764,0.42466336915183195,0.6048284008389069,0.23722061036834807,0.16227810318344738,1.0,0.21444084726210644,0.19177952943752807,0.9926242104289159,0.29656572758767147,0.20094739487087598,0.6466404537748542,0.18406866365822241,0.1870992826571825,0.6059790882322658,0.3743944754099195,0.8116424094434119,0.6606288506726508,0.6333806235139069,0.2781410804278228,0.8116424094434118,0.6606288506726509,0.6333806235139069,0.2781410804278229,1.0,0.647892069991143,1.0,0.5458635185313337,1.0,1.0,0.27046254724674945,0.2631578775825759,0.9479144030778994,0.7594575190586124,0.615916908755045,0.5795725734384798,0.1737089382302991,-0.3312693272211569,SELL,0.0,1.0
0.26357829039634345,0.28955696641257544,0.2626427677122741,0.28524590766228075,0.11183771214829412,0.0,0.0,AVH,2022-03-02 00:00:00+11:00,"Pharmaceuticals, Biotechnology & Life Sciences",0.3144834158107328,0.3654778900954758,0.5986394248890786,0.3892021921241481,0.23059095950213565,0.7026578293751804,0.20413301930892397,0.6977030448154622,0.19215009418870777,0.6645758273039657,0.2450059523098737,0.4365927553830993,0.3266611297088543,0.2122660933940994,0.3301447573062454,0.1646716616897439,0.7916370963457429,0.7916370963457429,0.8177176226497205,0.8177176226497205,0.7998698908670762,0.799869890867076,0.6442214479399029,0.6442214479399025,0.7355372014816633,0.6234204873147782,0.6643662135897533,0.5258509346073412,0.4481055092226562,0.6404434409827201,0.2589367239645863,0.15694163707996017,0.7724633458081869,0.22313901258500807,0.18593025619090103,0.7974325887507191,0.2937068611739206,0.2019294276701185,0.5887689063346214,0.21423763033117876,0.20351405240729492,0.2784589713725485,0.18412721719681924,0.6868650246205794,0.5885713379319449,0.5263391987891133,0.2663792689619337,0.6868650246205794,0.5885713379319448,0.5263391987891133,0.26637926896193376,0.7857141843458318,0.805551143667982,0.7857141843458318,0.7387072356526883,0.7857141843458318,0.7857141843458318,0.313167126477898,0.28776485768953664,0.7979869624478049,0.7256266012314094,0.6589476655125294,0.6117651750702484,0.1763380458997173,-0.29508192492441154,SELL,0.0,1.0
0.25559107755409805,0.29746835120708737,0.2642740875598278,0.3114754303396792,0.1945258872715798,0.0,0.0,AVH,2022-03-03 00:00:00+11:00,"Pharmaceuticals, Biotechnology & Life Sciences",0.5517792663429203,0.6062002518032736,0.7414965677462214,0.5849140454327515,0.25740770986881323,0.6877218238815477,0.21663627590550777,0.7430227837874859,0.1966357528894499,0.7290332282794736,0.24431017254785087,0.48819367346373765,0.3240584568675533,0.24738486581050823,0.3292781074116149,0.18620749971810313,0.7343238272883266,0.7343238272883266,0.814914638664468,0.814914638664468,0.7960559948394396,0.7960559948394395,0.6595349429034958,0.6595349429034957,0.7954545495595489,0.6909931651335908,0.6777902596294823,0.5649228397824589,0.47584361793591057,0.677917463583732,0.2858462138453129,0.1521526826696316,0.7799671363542098,0.23989175505382693,0.17571222004782727,0.8227037932749951,0.2917207325131204,0.20292874935638494,0.6463818221102897,0.26588996517865127,0.22897304515967487,0.40155542992762444,0.29357092380225275,0.8215485319598277,0.6579631639972359,0.6304964962157631,0.29034497416383875,0.8215485319598277,0.6579631639972359,0.6304964962157631,0.29034497416383875,0.976190496464167,0.9402020442487434,0.976190496464167,0.9371712421451053,0.976190496464167,0.976190496464167,0.35943042064497566,0.31237183779649746,0.7132072359030759,0.7188748070572366,0.7670698615309254,0.6754415284667887,0.17891457141574707,-0.32398752320681745,SELL,0.0,1.0
0.25878596269099624,0.261075943427874,0.24796085019055786,0.24918032863773798,0.14386589503057742,0.0,0.0,AVH,2022-03-04 00:00:00+11:00,"Pharmaceuticals, Biotechnology & Life Sciences",0.1770617686524561,0.2131178947928823,0.4693877087621893,0.2156840966010077,0.26866412155655056,0.35238248189399535,0.22028305959704758,0.5044619225253497,0.19870605706338185,0.5336048006909571,0.2423326939594394,0.3719571821284309,0.320907852600959,0.17314504210281056,0.32807261694966916,0.13730884079853317,0.9104268209920957,0.9104268209920958,0.9214466298865552,0.9214466298865552,0.8742121392828992,0.874212139282899,0.7324614377930365,0.7324614377930364,0.6036585037868573,0.5675156479501917,0.5883963268249774,0.5674474864654594,0.49861463526755406,0.6345891923162575,0.2895446506922233,0.1554762506382955,0.5573435920763538,0.24290737117096584,0.17652849474690907,0.5872402083403923,0.28796571539588695,0.20335801434350564,0.5175644650379971,0.32741496655463864,0.24726482330738164,0.24674402606992166,0.20485005729172157,0.5811837802741023,0.462020007930543,0.5333424400303806,0.23044334915531756,0.5811837802741022,0.462020007930543,0.5333424400303808,0.23044334915531758,0.5238093616199977,0.7780981835442936,0.5238093616199977,0.7755899337208128,0.5238093616199977,0.5238093616199977,0.42170801687019066,0.34791527161383295,0.5641238932693089,0.5615603274911802,0.6962337491660863,0.6365585143710106,0.18143956642145626,-0.27561837187907545,SELL,0.0,1.0
0.2252396306675305,0.2151898738952463,0.2006525357177681,0.19836066509247868,0.16071628827674084,0.0,0.0,AVH,2022-03-07 00:00:00+11:00,"Pharmaceuticals, Biotechnology & Life Sciences",0.19645022351875197,0.2352582245008275,0.4013605751109214,0.11034905359633676,0.26700876805737567,0.13017226998576836,0.22097768427347614,0.31967602847462584,0.19801595635762537,0.38197971885177684,0.23914675555459658,0.2788761079433757,0.3173291771379897,0.11286925860629449,0.32667815772772346,0.09750475524656338,1.0,1.0,0.9761399568323409,0.9761399568323409,0.9408881603936852,0.940888160393685,0.7891333615521805,0.7891333615521804,0.5322580314368974,0.4875121699132441,0.5295016095780319,0.5464441570495587,0.5120018345610728,0.5527335181916089,0.2892432669238893,0.15725334848450967,0.38284366530067193,0.24272447065726804,0.17529185292836696,0.4079667934789172,0.2839781049220909,0.2014187880102567,0.4124927405205107,0.38881180943885013,0.27327510815786177,0.23583485396378254,0.21182543726029143,0.39458749968749623,0.4019972153517675,0.41418984693615074,0.17510815012885247,0.3945874996874962,0.4019972153517675,0.4141898469361508,0.1751081501288525,0.15476177298291474,0.5633106309148121,0.15476177298291474,0.5614947626600876,0.1547617729829147,0.1547617729829147,0.466191995992532,0.37388927176734643,0.42355695212347977,0.397102655511171,0.6479405540676161,0.5934987836975817,0.1839140615270512,-0.1825396990589846,SELL,0.0,1.0
0.19488818378096295,0.19620251266395922,0.18270801739467757,0.1852459232962862,0.09821571923176596,0.0,0.0,AVH,2022-03-08 00:00:00+11:00,"Pharmaceuticals, Biotechnology & Life Sciences",0.3670844465399296,0.4211361986452774,0.47619058431679623,0.21320672093583154,0.24085415909036806,0.17246718290434004,0.22115134044258333,0.272094504092246,0.19646322976967312,0.3464423379152195,0.23581433825675063,0.25840491605508675,0.31347653637061423,0.09963278458583691,0.3253032468267627,0.08778272370304352,0.4314729808780879,0.43147298087808783,0.9799856632453777,0.9799856632453777,0.945652771641851,0.9456527716418508,0.7924917180275368,0.7924917180275365,0.4864865004189079,0.46640133846099685,0.5068170825731158,0.5241176560538269,0.5175777224838517,0.48459492519548614,0.289094620969468,0.15778099346727692,0.33721925471067193,0.24258003371620807,0.17219611705468418,0.3683159410867462,0.2805142410030385,0.19848832532919564,0.3895600515536989,0.3291120367256467,0.28783841934182525,0.16766721907151905,0.12427471037520395,0.12530897532133783,0.3907341706374834,0.37757235213602214,0.1664952692104993,0.1253089753213379,0.3907341706374834,0.37757235213602214,0.1664952692104993,0.059523758839582594,0.2512607811869421,0.059523758839582594,0.25045082580677513,0.0595237588395825,0.0595237588395825,0.48754428560810636,0.3820915550121923,0.3773312323604222,0.3464479240787058,0.5946153300086522,0.5471403235673442,0.30516432170120567,-0.15573774816784125,SELL,0.0,1.0
0.175718872959574,0.17721518915713053,0.17781401895828347,0.18032789512271402,0.10435518710309806,0.0,0.0,AVH,2022-03-09 00:00:00+11:00,"Pharmaceuticals, Biotechnology & Life Sciences",0.40974799773013676,0.4652761670804518,0.5374150046029375,0.30949030953922974,0.21966561851423322,0.2388714149539206,0.2197620910897261,0.2586308658563399,0.19456545077218035,0.33654804570788044,0.23196924090449628,0.25452917542988596,0.30950403578256114,0.0967289635924885,0.32398698166554385,0.08458049281255947,0.4458324629698102,0.4458324629698102,0.9788874105879327,0.9788874105879327,0.9461137715687367,0.9461137715687364,0.7854297358768685,0.7854297358768684,0.4555556026505785,0.46414745305801686,0.49414527170994826,0.5046765361533221,0.5175680408140139,0.43587162701171833,0.2901046006579328,0.15376363974448704,0.3285792929323847,0.24237667750643543,0.16844389756877226,0.3596960217825533,0.2753268947422682,0.19662592939711032,0.3836846621203587,0.3252564113860124,0.3001773186124262,0.18004782828035848,0.12771767176937696,0.16686934554558314,0.35675535750545156,0.3631427830155409,0.14822633076847716,0.16686934554558314,0.35675535750545156,0.363142783015541,0.1482263307684772,0.04651185356000468,0.08878012212914022,0.04651185356000468,0.08849393366299477,0.046511853560004646,0.046511853560004646,0.49822047283912196,0.3875597655708267,0.3536473228599567,0.32354434932483467,0.583203430409968,0.523667244829841,0.30256651290596315,-0.15767639041802695,SELL,0.0,1.0
0.17731631552802307,0.1693038043626186,0.1745513792631761,0.1721311424150802,0.10406938773425499,0.0,0.0,AVH,2022-03-10 00:00:00+11:00,"Pharmaceuticals, Biotechnology & Life Sciences",0.39120966136854324,0.4462040553306007,0.4965985622226965,0.24269566630267286,0.19152457745486756,0.3286531505155317,0.21906746227300783,0.23119925871956615,0.19215009418870777,0.3178965418984019,0.22742836379021897,0.2451417483515167,0.3054630438684065,0.08965366229429494,0.3226120709199405,0.078749560284186,0.3151161170137576,0.31511611701375764,0.9739319502350711,0.9739319502350711,0.9476058277190058,0.9476058277190056,0.7753929801871393,0.7753929801871392,0.13445382023604238,0.420328725830057,0.47978876752569666,0.4862505278321164,0.5133233234949894,0.39892912699758015,0.2908556441150549,0.15147509601879683,0.30588638495361953,0.24220865110460743,0.16356184629999865,0.34283826552476204,0.2675055727159464,0.19658935997505628,0.3682887702442445,0.27864562563600087,0.3149337605549553,0.2061275273999766,0.12256622233453772,0.10112880098154703,0.37125087766062803,0.3415095022521091,0.12470522942193393,0.10112880098154708,0.37125087766062803,0.34150950225210913,0.12470522942193393,0.011363624048628713,0.03996481227928644,0.011363624048628713,0.039835983121906296,0.011363624048628673,0.011363624048628673,0.47330946828761855,0.3902938708501439,0.34759252159053955,0.312189388741382,0.4989234023431367,0.4787099696895194,0.2972870129297863,-0.18220337570415568,SELL,0.0,1.0
0.1485623112099046,0.14398733529572194,0.1435563021596562,0.13934428792459908,0.21606854210566404,0.0,0.0,AVH,2022-03-11 00:00:00+11:00,"Pharmaceuticals, Biotechnology & Life Sciences",0.2508352736279172,0.2962088784255891,0.48299329768192306,0.21416089903005744,0.1693428247792278,0.26025539670054565,0.21333680455218224,0.12880483701370826,0.18861332601504321,0.2260147147164766,0.2226311470852817,0.18676043331737846,0.30111384098679506,0.051079523705618746,0.32096348119482954,0.053131631803175094,0.26105653338235046,0.2610565333823505,1.0,1.0,0.9770095071770029,0.9770095071770026,0.8009401152575266,0.8009401152575265,0.13223147172434552,0.4078359470991293,0.4347752366675306,0.45782697256334537,0.5033916898248787,0.34932177424229593,0.2975582953050168,0.13201853693986715,0.24366241378869952,0.24473502806101072,0.1531611333330754,0.259601738749047,0.2627793606715118,0.1920387872581265,0.30086127791306905,0.31585049350745653,0.3496005230528107,0.3827479841862344,0.23376788524928113,0.13467813588445388,0.262627912366336,0.28989160370967876,0.10571836688992506,0.13467813588445388,0.262627912366336,0.2898916037096787,0.10571836688992503,0.0,0.01970185384658202,0.0,0.019638343646355225,0.0,0.0,0.4750888257555831,0.40396436465362406,0.28620405453456854,0.23886612612877145,0.46668346514495906,0.4172593300644849,0.28949673971903844,-0.12500004139211274,SELL,0.0,1.0
0.13738021323076105,0.13765822746011236,0.1435563021596562,0.14426231609817125,0.10068642923778617,0.0,0.0,AVH,2022-03-14 00:00:00+11:00,"Pharmaceuticals, Biotechnology & Life Sciences",0.4671796978516648,0.5233420360972548,0.551020431333191,0.3355560313308272,0.15841748379132542,0.3456437758938682,0.20673786598582083,0.16558589336216523,0.1857666585471352,0.24833037944949843,0.21816350985405014,0.20296451214966882,0.2969529892519628,0.06068364296683659,0.3194321824831302,0.057917773108796256,0.2186473594829017,0.21864735948290173,0.9937943706256739,0.9937943706256737,0.9777588375289314,0.9777588375289312,0.8028142749891896,0.8028142749891894,0.027777753249115734,0.4260873019018597,0.45709723680164205,0.4387655527846345,0.4910633010973534,0.3284147191247244,0.3010259557228479,0.11444853145256029,0.2928131135143037,0.2463535164393152,0.14527654199679224,0.29242312265764836,0.2581232177153972,0.18812570151704522,0.3199827723072193,0.2849180683906349,0.36301293257348477,0.1955328591336231,0.10560984630199363,0.2612236366550805,0.24825609225542777,0.31748108349324206,0.11705540800881872,0.2612236366550806,0.24825609225542777,0.3174810834932421,0.11705540800881875,0.028037358188286073,0.013412803237543746,0.028037358188286073,0.013369566198742577,0.02803735818828612,0.02803735818828612,0.47330946828761855,0.40259727942085954,0.2996412853106282,0.25661332462483694,0.453562502347457,0.40865654264906104,0.2773542161908928,-0.16894976945250606,SELL,0.0,1.0
0.11182109404954071,0.11867086622882528,0.11745514570506421,0.12131147886982085,0.16778954507269228,0.0,0.0,AVH,2022-03-15 00:00:00+11:00,"Pharmaceuticals, Biotechnology & Life Sciences",0.29649887640806416,0.34612326059705717,0.5646258580634446,0.365345430327461,0.145505710711065,0.28068897204389964,0.18624641732972885,0.13885102053764142,0.18188483796393,0.18620822856975527,0.21314657262688735,0.1634452122329506,0.2925181718044838,0.03424221028034269,0.3177770764438811,0.04010277337585566,0.24265208853160597,0.24265208853160597,0.44935226282142515,0.44935226282142515,0.9941439929403686,0.9941439929403684,0.8174367969245147,0.8174367969245143,0.035714255303749526,0.38224777374747404,0.43903993417438403,0.4147864349653019,0.47568670731390517,0.3018250219770374,0.27629723478978613,0.10026255075608625,0.27226391758018065,0.2496860933533176,0.13320457309047934,0.25187875869818216,0.2539651490296518,0.18236571973478694,0.27703874280789065,0.3207683467749088,0.3850241819185095,0.2931320758418359,0.1676004560127906,0.2266752195329797,0.04438041539764459,0.27013440586861326,0.09247966567186691,0.22667521953297973,0.04438041539764459,0.27013440586861326,0.09247966567186691,0.04065036710645525,0.023382537487851306,0.04065036710645525,0.023307162365833467,0.04065036710645531,0.04065036710645531,0.4804269405827051,0.4203689963295273,0.2722068737594906,0.21886019570476262,0.3980616262020075,0.3861898274010524,0.2661830945449987,-0.11219507571418286,SELL,0.0,1.0
0.12460063459713333,0.12341773482999085,0.12724306479038627,0.12622950704339303,0.05551946977666122,0.0,0.0,AVH,2022-03-16 00:00:00+11:00,"Pharmaceuticals, Biotechnology & Life Sciences",0.4688143412517827,0.5249726965460508,0.5306122912378106,0.29831928591425944,0.13458036182981453,0.37237100574265414,0.16940175236517668,0.2107132509664411,0.17817554255716395,0.21073987981283926,0.20827611516581607,0.18032075159588312,0.28803198586242884,0.04412014998852015,0.3162001644653588,0.044903456097717065,0.2756696564896939,0.2756696564896939,0.47627866657298734,0.47627866657298723,0.9957868170060875,0.9957868170060875,0.8199157312732186,0.8199157312732185,0.10714276591124872,0.4078358986880337,0.45096760306461614,0.39969761475635623,0.45991583065831304,0.29838566603854777,0.2527182438433658,0.09229900547160197,0.32046822574949874,0.25157067674015804,0.12319387499556111,0.2856217288744226,0.2489399924292009,0.17803500132184436,0.2968933298926836,0.2956040836330278,0.38775555627686553,0.10434744495137235,0.05513062511230811,0.25407422617261344,0.08871738417515734,0.27851844920864766,0.09853868614833902,0.25407422617261344,0.08871738417515729,0.2785184492086476,0.09853868614833905,0.0650405873703284,0.04552352360862778,0.0650405873703284,0.0453767755857298,0.06504058737032836,0.06504058737032836,0.4537366209864656,0.4217360815622918,0.3079184651507499,0.25616467120598396,0.43903011841871786,0.4146245549539208,0.2508323909870566,-0.1394230636971937,SELL,0.0,1.0
0.14217254093610826,0.13449367354230757,0.1370309838757084,0.1344262597510269,0.05966078479574005,0.0,0.0,AVH,2022-03-17 00:00:00+11:00,"Pharmaceuticals, Biotechnology & Life Sciences",0.48944193989630763,0.5454477328010295,0.48979601104704984,0.22486597888747784,0.12696573573360997,0.46973184997074835,0.15064686954044587,0.30927314754772994,0.17507008732459728,0.24459784490804815,0.20402819845681003,0.2034287158783593,0.28378551956172904,0.05830912183949721,0.31470796270634405,0.052372866674415264,0.31414686576068324,0.3141468657606833,0.4322929514219851,0.4322929514219851,1.0,0.9999999999999998,0.8212450076442206,0.8212450076442203,0.207547339564603,0.3970605471698639,0.46139788268176274,0.3932131456589425,0.4458080568556102,0.31289302376956796,0.19832171751541172,0.11544259497471215,0.3544150889805585,0.25236199673828785,0.11573534714098166,0.3205081095040653,0.24478957631928228,0.17396131172494783,0.3242760193683168,0.27272104164475863,0.38533912648325813,0.12043404845575172,0.059552910904307296,0.30128743205058794,0.07145242829881271,0.3043277160923042,0.12003324881848668,0.30128743205058794,0.07145242829881265,0.30432771609230425,0.12003324881848668,0.10569114831302383,0.07195827087786708,0.10569114831302383,0.07172630873729849,0.10569114831302384,0.10569114831302384,0.45729537834562295,0.4285713773536908,0.3442437493614874,0.2947600075396337,0.4489219504541355,0.4172122173071634,0.23701675778490872,-0.13849768095969184,SELL,0.0,1.0
0.13578277066231198,0.13765822746011236,0.14029366246454883,0.14754100154721933,0.03877833316567325,0.0,0.0,AVH,2022-03-18 00:00:00+11:00,"Pharmaceuticals, Biotechnology & Life Sciences",0.5190968277896928,0.574556185959603,0.5714285714285714,0.373139164731145,0.12862108923278487,0.5417537085484034,0.13988017877522324,0.4065391121210664,0.17153331915093267,0.2958958090751944,0.20036620081217,0.2363308598256395,0.2797274048160491,0.07912033695838766,0.3132353095790291,0.06391058854861909,0.24132863451148673,0.24132863451148673,0.400356038503603,0.4003560385036031,0.9929594213943926,0.9929594213943924,0.8292131559238927,0.8292131559238926,0.3275862139839035,0.3970605471698639,0.48546261902947874,0.3957444294404482,0.4351038943433644,0.3425829533383963,0.16362049066394968,0.13267955178593765,0.4451869345882591,0.25076860294851805,0.11016706561276829,0.3641883092767549,0.2407690893792162,0.17101409174633153,0.36175305051229495,0.181366235890122,0.3650194985555767,0.11113273568494558,0.04048968000768679,0.44554620457482097,0.1814854010373002,0.2928305391912741,0.143600732536048,0.4455462045748211,0.18148540103730024,0.29283053919127405,0.143600732536048,0.1707317356833522,0.11624030910476359,0.1707317356833522,0.1158656009497267,0.1707317356833522,0.1707317356833522,0.4483985910058004,0.43540664055198375,0.36891865540803637,0.320673648861297,0.4460321546036249,0.44424515225976413,0.2245826879029756,-0.17647057871631988,SELL,0.0,1.0
0.14536742607300646,0.13924050441901475,0.14518762200720986,0.14426231609817125,0.0411075869184277,0.0,0.0,AVH,2022-03-21 00:00:00+11:00,"Pharmaceuticals, Biotechnology & Life Sciences",0.41686622923998845,0.4725560235314427,0.5170068645075571,0.2740564286269261,0.12862108923278487,0.5211649459451491,0.1341495210543976,0.4154315835571869,0.16903170203590295,0.2921285955445323,0.19644786357686983,0.2355676100562566,0.2756692900703691,0.07817751081903063,0.3117561401375759,0.06201748854644906,0.24182086888853271,0.24182086888853271,0.2958450510526349,0.29584505105263487,0.9815191936183034,0.9815191936183032,0.8269362665522986,0.8269362665522985,0.34545467944185776,0.14425887347790062,0.4483153086405989,0.39797524888231445,0.42705353053383727,0.3657322174140204,0.14944688688937335,0.13696738512759715,0.45222269849593666,0.2504624895243155,0.10526559506272948,0.3639723359359057,0.23566745167612396,0.16888082259296455,0.3592407865364584,0.15066621246686906,0.3554146630992734,0.13715142411232653,0.04387622973634181,0.41785828329988256,0.2641070561914111,0.3310118572663675,0.13401787257146666,0.41785828329988256,0.26410705619141117,0.3310118572663675,0.13401787257146663,0.15447158884077014,0.14668423100617484,0.15447158884077014,0.14621138489971972,0.15447158884077006,0.15447158884077006,0.33985765819027935,0.4149008183639987,0.3800803768640282,0.33215111222886606,0.3543513394045852,0.41109250920321017,0.21339202500923576,-0.1643835638808273,SELL,0.0,1.0
0.13738021323076105,0.14082278137791715,0.1419249823121025,0.14754100154721933,0.07980442174038269,0.0,0.0,AVH,2022-03-22 00:00:00+11:00,"Pharmaceuticals, Biotechnology & Life Sciences",0.4567468997900576,0.5129063362426307,0.5646258580634446,0.36038052827520567,0.13391822832349265,0.508111391935619,0.1301554250246435,0.44649749832782204,0.16713392303841007,0.30795409417797037,0.1930422055228898,0.2479147672960058,0.27161117532468904,0.08610566891912669,0.3102509060609995,0.06554180616830052,0.09484339249562548,0.09484339249562546,0.2957138138271702,0.2957138138271702,0.9807204489396579,0.9807204489396577,0.8234876491346983,0.8234876491346982,0.5675674804899564,0.18166353919984085,0.4827237177925353,0.4028793360869955,0.42174091074995124,0.3896137421717584,0.13838695226701664,0.14129953920390675,0.5134425681179042,0.2502301876789039,0.1015473283883434,0.37785071102850315,0.23179639978136485,0.16630830807763497,0.37312251320763423,0.10532888730165618,0.3629885883602202,0.3514883874933517,0.08371137638566269,0.511213995049015,0.2985043223001915,0.3564967585626204,0.15241082542870352,0.5112139950490151,0.2985043223001916,0.3564967585626205,0.15241082542870352,0.1707317356833522,0.1688252171269513,0.1707317356833522,0.16828099811961605,0.1707317356833522,0.1707317356833522,0.2953736790679379,0.4012302919674128,0.3911763933568722,0.3423366369276806,0.32197870126962597,0.4553972097979109,0.20332042840486997,-0.21266969253281653,SELL,0.0,1.0
0.1485623112099046,0.14240505833681955,0.14845026170231723,0.14426231609817125,0.04833895494251924,0.0,0.0,AVH,2022-03-23 00:00:00+11:00,"Pharmaceuticals, Biotechnology & Life Sciences",0.41686622923998845,0.4725560235314427,0.5034014377773034,0.2502287791232869,0.1375600139150256,0.4654734692489235,0.12633498516399655,0.4480493075303693,0.16454604333516082,0.3044586703120191,0.18959992752738697,0.2464659220643881,0.26757018300229396,0.08518488961138843,0.30871960734930015,0.06367128990664572,0.11543613665168448,0.1154361366516845,0.29555671253518456,0.29555671253518456,0.9772298433173332,0.977229843317333,0.823512061981633,0.8235120619816328,0.5,0.08161220205811383,0.48934847451510544,0.4068878800724157,0.41841256033093066,0.4069226569275701,0.12614568474845844,0.14733390353031234,0.523714625199195,0.24944145859885447,0.09703056133111199,0.37724258432772784,0.22780086571025066,0.1638138400194986,0.37088874098004865,0.1016288829877498,0.3619548635101109,0.2186136563672375,0.050825014810038205,0.48111467615080256,0.30129433609774936,0.3275884085194194,0.15003373732781367,0.4811146761508026,0.30129433609774936,0.3275884085194194,0.15003373732781367,0.19000005722045898,0.1753845004448379,0.15447158884077014,0.16276359481464198,0.19000005722045898,0.15447158884077006,0.2473309850096674,0.39986323932775414,0.40878426102440046,0.35284275545881527,0.20410079089394384,0.479856769203614,0.19425599146094075,-0.24657537303797306,SELL,0.0,1.0
0.12140574946023519,0.13132911962450283,0.12724306479038627,0.1344262597510269,0.09378860484384406,0.0,0.0,AVH,2022-03-24 00:00:00+11:00,"Pharmaceuticals, Biotechnology & Life Sciences",0.3766230074930782,0.4310813301700642,0.5782314469831783,0.38942309600246344,0.1375600139150256,0.40523297382627277,0.12234089327453213,0.4206499773377521,0.16221695139657016,0.27866860499585533,0.1857548301751325,0.23150311167076476,0.2636148052457662,0.07516236017477046,0.30717527632003916,0.05635289051729153,0.14170602676871438,0.14170602676871435,0.29839869979267,0.29839869979267003,0.9748135837858842,0.9748135837858842,0.8233147935525156,0.8233147935525155,0.6428574469625045,0.12880061271337379,0.460010266351373,0.4072150094790483,0.4158251018292555,0.41338550681462216,0.11336236905351321,0.15362621832613155,0.41595246303087696,0.24943551327169527,0.09213979331737543,0.36109552691309976,0.22298815215251627,0.1614734983901514,0.35210676919821443,0.11921440217668047,0.3618511339766388,0.3761987872736328,0.09863546394153534,0.41785828329988256,0.2955087569460428,0.33529351331916546,0.13288831025223719,0.41785828329988256,0.2955087569460427,0.33529351331916546,0.13288831025223719,0.18309874289613412,0.1851296987316894,0.10569114831302383,0.14621138489971972,0.18309874289613415,0.10569114831302384,0.19750893348343232,0.39712916664154274,0.36278560294513307,0.334623481027868,0.2208933082306018,0.44269443733638736,0.18609799821140438,-0.2793427773949648,SELL,0.0,1.0
0.12779551973403153,0.12025314318772767,0.13050570448549365,0.12786884976791713,0.11755592018847213,0.0,0.0,AVH,2022-03-25 00:00:00+11:00,"Pharmaceuticals, Biotechnology & Life Sciences",0.39552523066442125,0.45065854209724476,0.5238095778726838,0.28555240068434246,0.1335871576236577,0.3883661836887886,0.12112529595049243,0.39598339479510436,0.1587664437544628,0.2664639895185472,0.18223931229658397,0.22290193487608911,0.25967655032076387,0.069519716798288,0.3052986208822438,0.051898365316790485,0.07060151008448728,0.07060151008448728,0.20032982835836408,0.2003298283583641,0.9671020568335669,0.9671020568335666,0.818281862650811,0.8182818626508107,0.5172413509609496,0.19625217287950159,0.4708361211262263,0.40612114262547444,0.41350360560650723,0.4157055136119453,0.11335298572398766,0.1511268437818547,0.31775770773688616,0.24864344724110754,0.08581295928863375,0.3558134320975727,0.21992046965871226,0.15763377511084337,0.34342816553340205,0.15980723132001307,0.38128940864428235,0.3739324717304142,0.11838143098932395,0.3529105582807229,0.3564937902390194,0.2888204953777853,0.14174801021087743,0.3529105582807229,0.35649379023901934,0.28882049537778537,0.14174801021087746,0.15254224959680987,0.1789376704110793,0.07317066079161945,0.11310689929723966,0.15254224959680984,0.07317066079161949,0.14946628184839025,0.3725222517207937,0.3334729644331149,0.33460471429186667,0.2358023001831799,0.4413620070929819,0.17875580428682175,-0.23444971791886804,SELL,0.0,1.0
0.12779551973403153,0.12341773482999085,0.12887438463794,0.12459016431886899,0.04495621851238208,0.0,0.0,AVH,2022-03-28 00:00:00+11:00,"Pharmaceuticals, Biotechnology & Life Sciences",0.41572653246685987,0.47139205351119795,0.5102041511424302,0.2600186302245085,0.12961430133228985,0.3916519466394526,0.11904141778091692,0.38974533698668457,0.1544533102301598,0.2673732895334806,0.17912661377478695,0.22070814785640447,0.2555328214174569,0.06854514151382207,0.30338286818104865,0.05017462145415291,0.07049140873684306,0.07049140873684304,0.19471768469824371,0.19471768469824374,0.9595534331159092,0.959553433115909,0.8117498171103221,0.8117498171103222,0.3846150319251659,0.21750272717355845,0.4406736708043191,0.4053934911915954,0.4114790886811392,0.41829608394156576,0.11223066432394574,0.14810042651272054,0.3008798585928593,0.24648429424686708,0.07927572163408586,0.35943648225567626,0.21824189918555403,0.1529102702190252,0.34425071091554327,0.16179036955302095,0.38199757021566655,0.14156922721500276,0.04520198888973847,0.35231742895302215,0.3355056837579171,0.2560865768789811,0.1553282264641112,0.3523174289530222,0.3355056837579172,0.2560865768789812,0.15532822646411124,0.14893601911000887,0.16495873303325836,0.05691051394903735,0.08000241369475963,0.14893601911000887,0.056910513949037345,0.12633467718807984,0.3670540737552652,0.33334397336062926,0.34144773808185463,0.2505166954047113,0.42440375534325525,0.17214782975469728,-0.1642511715624445,SELL,0.0,1.0
0.12300319202868426,0.12658228874779565,0.12887438463794,0.13770494520007504,0.013368837298438718,0.0,0.0,AVH,2022-03-29 00:00:00+11:00,"Pharmaceuticals, Biotechnology & Life Sciences",0.5214849399138141,0.576883766552795,0.5850341603483051,0.4019348937650165,0.12762787713328,0.48623377648896016,0.1207779836122781,0.4422207528697266,0.14513694247579723,0.3385322689234114,0.1757209565938952,0.2550903862858612,0.2516288125637459,0.09037691512740254,0.3011152427503343,0.06238918161655277,0.14902141144984554,0.14902141144984554,0.13962817082950668,0.13962817082950668,0.5283840863519,0.5283840863518998,0.8034513550378186,0.8034513550378183,0.3846155962293218,0.3074423413583991,0.44067374143858073,0.4122963123344645,0.4114467456596257,0.4356739505211409,0.11136848744059158,0.15266683356539396,0.5125869981582478,0.22195480948584495,0.08845748493217848,0.39868467417625,0.2136508294164417,0.1512563358585854,0.3820109856831567,0.12755717670962,0.3400881492369828,0.05089406869670275,0.014794227156869923,0.3853844853100041,0.4326083414733806,0.12112256586480369,0.14909894516290617,0.385384485310004,0.43260834147338056,0.12112256586480358,0.1490989451629062,0.3571430193323373,0.22420653605559906,0.12195129515560592,0.0855198169997337,0.3571430193323373,0.12195129515560588,0.12277596225215076,0.3588517905104194,0.39480429266176487,0.3566564465201031,0.28849098731675166,0.41451144943080764,0.16620065267578527,-0.26511629170633844,SELL,0.0,1.0
0.15015975377835367,0.15822782792584345,0.15660686094008563,0.16229508606793586,0.13873838343260808,0.0,0.0,AVH,2022-03-30 00:00:00+11:00,"Pharmaceuticals, Biotechnology & Life Sciences",0.5897432414818642,0.6424003729633446,0.5714285714285714,0.37013301176551594,0.13126965483146474,0.6167665842244303,0.1245984234729251,0.5367521298009408,0.1386672421893428,0.44377633108232084,0.17279135865280082,0.31459802643214163,0.24678304634317683,0.12969816594721806,0.2991278124579082,0.08421719265402944,0.2544153119645018,0.2544153119645018,0.21759348351183141,0.2175934835118314,0.5731841498845914,0.5731841498845913,0.8301677531536522,0.8301677531536523,0.6410254685993647,0.4465691064523136,0.2534029726002467,0.4302334111365633,0.41554542083333723,0.4717090993078617,0.11916973332762393,0.1516824945502302,0.8580608800150138,0.20191646073082292,0.09835733861966361,0.4800326485037623,0.20785578999977095,0.1521883280721884,0.4481773921973505,0.17413855466285796,0.3457053098206875,0.4112583590008773,0.15148805390993367,0.4779372804181479,0.4860357713045609,0.20651827248275917,0.17428884783295182,0.47793728041814804,0.48603577130456077,0.2065182724827592,0.17428884783295182,0.8571429544565895,0.46406529283716375,0.2439023964749717,0.14345261747459712,0.8571429544565894,0.2439023964749717,0.14590756691246118,0.29460021866714736,0.7061291815125321,0.4142993834833448,0.4182517258415212,0.3692001773533942,0.11267605896557753,-0.30652171231397773,SELL,0.0,1.0
0.16773162203129355,0.15822782792584345,0.159869500635193,0.16229508606793586,0.0658317860861675,0.0,0.0,AVH,2022-03-31 00:00:00+11:00,"Pharmaceuticals, Biotechnology & Life Sciences",0.4367159267158128,0.4927311798870367,0.4965987244121766,0.24127575643915392,0.13689785672865934,0.58014769380563,0.12755057834774663,0.5235250418905999,0.13081733843471283,0.4702943780096944,0.1703378199515037,0.31909209847497433,0.24193728012260773,0.13456132976764756,0.29697747804060526,0.0855041438071773,0.22394309234204388,0.22394309234204388,0.2152592749724462,0.21525927497244624,0.5405272863947039,0.5405272863947039,0.8233438834966731,0.823343883496673,0.6216214648819216,0.5898435802433322,0.28849443761278093,0.4456083251135776,0.42235974848697755,0.4953979180306578,0.12509458597161166,0.15103944866683822,0.7697805431629682,0.16479889635662015,0.12538849768248017,0.5156873932775604,0.2036883105266854,0.15209386231948552,0.4520385738069783,0.15973285362389308,0.3188325442716907,0.20948312940032937,0.0767677949465516,0.513323114754378,0.46170072632483683,0.1702343422013432,0.19293022149564343,0.5133231147543778,0.4617007263248367,0.17023434220134326,0.19293022149564348,0.8571429544565895,0.7051516753580526,0.2439023964749717,0.20690282125443465,0.8571429544565894,0.2439023964749717,0.12633463476485143,0.2604238700825763,0.6727779770603581,0.42829865828863545,0.5572756110815017,0.34022041809569004,0.11377152030794574,-0.3173912673906921,SELL,0.0,1.0
0.15814696662059907,0.15822782792584345,0.15497554109253192,0.15573771516983964,0.05927661004197275,0.0,0.0,AVH,2022-04-01 00:00:00+11:00,"Pharmaceuticals, Biotechnology & Life Sciences",0.3985699848999452,0.45379593576891497,0.5102041511424302,0.2631964148943149,0.14252606651920208,0.5050357928143012,0.1284188591932824,0.49041793329811734,0.12590036679287292,0.46388726014096693,0.16806738095782092,0.3085961304435334,0.23707439147875387,0.13006538734143813,0.294866240575987,0.08120675017438211,0.22185087791984817,0.22185087791984817,0.20574978437180289,0.2057497843718029,0.44634072755478027,0.4463407275547802,0.820806160899584,0.8208061608995837,0.5897434800177774,0.5355642675929938,0.19772963061281731,0.45586651989195287,0.4301700331565883,0.5040857178803796,0.12695354030583184,0.15071798178364487,0.6563246147606397,0.1424402731512424,0.14127516234624382,0.5197895325382911,0.20054539226644646,0.15109611238003418,0.4385136983694218,0.12970245832016947,0.30116935689544044,0.22274506901820118,0.07235657619850996,0.5151503385395411,0.40808670957105114,0.24946363919615105,0.19884916870283334,0.5151503385395413,0.4080867095710512,0.24946363919615108,0.1988491687028334,0.742857318021861,0.8364557622237531,0.25999999046325684,0.25374559180944156,0.742857318021861,0.25999999046325684,0.1370107795726386,0.23171573205663967,0.610755659171421,0.43758779592612906,0.580177821441887,0.21967149739953884,0.11484507242346659,-0.28318583557325483,SELL,0.0,1.0
0.15814696662059907,0.16139238184364824,0.16476346017785404,0.165573771516984,0.03815810190135414,0.0,0.0,AVH,2022-04-04 00:00:00+10:00,"Pharmaceuticals, Biotechnology & Life Sciences",0.49494756259708395,0.5508808472189148,0.551020431333191,0.333442156934204,0.1508028419084247,0.5137597993282954,0.1306763893916753,0.5242840810177072,0.12417511297181927,0.505423337820617,0.16645610178463816,0.33367671024260415,0.2331703822168022,0.14835668063992513,0.2926311959391765,0.09093482046076362,0.20287509541967355,0.20287509541967355,0.21146581610776502,0.211465816107765,0.35328855048526175,0.3532885504852617,0.8176412205302666,0.8176412205302664,0.7435894457625389,0.7109078381685162,0.32011931700998963,0.46933422843400485,0.4395150956909615,0.5174736881331382,0.1321524921075815,0.14946625877712771,0.7334666266736076,0.1354675128707355,0.14582615119529624,0.615149865810638,0.19850595246495528,0.15014433631375523,0.4688402415537696,0.1261994976873686,0.2755778388830411,0.14647839589847778,0.04996376157571396,0.562317151160973,0.44252729707766186,0.3672792728086174,0.2309123627740866,0.562317151160973,0.442527297077662,0.3672792728086175,0.23091236277408667,0.8387098014665053,0.8301807853052359,0.45070410711239517,0.32391767898623997,0.8387098014665053,0.45070410711239517,0.12277587740569401,0.19070408768066968,0.6492166055279249,0.49275164748400235,0.712187997355681,0.27230513168904585,0.11589715349667706,-0.31681030872637717,SELL,0.0,1.0
0.16773162203129355,0.1693038043626186,0.17292005941562244,0.17377048513960425,0.0631165810489925,0.0,0.0,AVH,2022-04-05 00:00:00+10:00,"Pharmaceuticals, Biotechnology & Life Sciences",0.48398729895833387,0.5400517797112534,0.5442177179680642,0.32113669770430164,0.15808639730479418,0.5184642457154047,0.1334548880973897,0.5482075447318653,0.12357127279761998,0.5372429017304541,0.16543074167582122,0.35409814077468493,0.2293862327755284,0.16438940435276628,0.2905329906367623,0.09925431349922792,0.19595890469662225,0.19595890469662225,0.2153257197268669,0.21532571972686693,0.3499372689950201,0.34993726899502003,0.8130538435552852,0.8130538435552849,0.8500000894069991,0.7207068426143695,0.4670513661763356,0.4844295109414816,0.45046223332175656,0.5314486966513275,0.13923792355560244,0.14714460808961716,0.7599788480348675,0.13290434331370593,0.14756292386202208,0.6956656060876093,0.1973561650644723,0.1493497966768274,0.4938113855817047,0.15183371344150295,0.268248746852641,0.20927551257127547,0.08440108479121214,0.5402517728725084,0.45475002593334984,0.41619829901711897,0.2617714728030059,0.5402517728725084,0.45475002593334973,0.416198299017119,0.26177147280300594,0.8611106328024107,0.8315314543987719,0.6271185413306749,0.45395082349691557,0.8611106328024107,0.6271185413306749,0.12633459234162303,0.16062892960818034,0.6689124574898846,0.5486064751468593,0.7188610099940091,0.346493980185084,0.11808442789687168,-0.318565363915296,SELL,0.0,1.0
0.17252398782267586,0.16297469652700902,0.16476346017785404,0.16885245696603207,0.04283059958575746,0.0,0.0,AVH,2022-04-06 00:00:00+10:00,"Pharmaceuticals, Biotechnology & Life Sciences",0.4089514746290804,0.464460070722967,0.5034012755878233,0.25325942662175316,0.15941068010413412,0.4822877933375591,0.13605973063399696,0.5152061735239764,0.12296743262342069,0.5216590454642216,0.16418566191786715,0.345400622674249,0.2256192061657798,0.16128550462912572,0.28849343107409,0.09632417709652341,0.11079233794842805,0.11079233794842805,0.2176824487980387,0.21768244879803872,0.3500287891844578,0.35002878918445773,0.8129483765771759,0.8129483765771756,0.8292683919649421,0.6601978597007342,0.49179325184737344,0.49475973874420004,0.46159532962055533,0.5330708265846785,0.14351482289757128,0.1476587699190065,0.6715419293560959,0.13051058439061164,0.14910098030788993,0.6707961395283888,0.19590904724779556,0.14844999661089942,0.48307030640392246,0.10241396817710224,0.25540172588879567,0.19260579185311472,0.05949113912355932,0.43866034019387906,0.4510890179781403,0.4158535649506796,0.24959927104407292,0.438660340193879,0.45108901797814044,0.4158535649506797,0.24959927104407298,0.7777774098480081,0.8434188819223998,0.7234040286650134,0.6111933746660717,0.7777774098480082,0.7234040286650133,0.12099651993772947,0.1469584358047001,0.5894936477171422,0.5303278185052637,0.6552727924817391,0.36405548928155546,0.12170358838445722,-0.3141025307929324,SELL,0.0,1.0
0.1613418517574972,0.15348099704913626,0.159869500635193,0.16065574334341182,0.035102691244079984,0.0,0.0,AVH,2022-04-07 00:00:00+10:00,"Pharmaceuticals, Biotechnology & Life Sciences",0.38984858292538516,0.4447973073390997,0.5170068645075571,0.2751067677935702,0.15907960940429916,0.43681848266225165,0.13883822933971135,0.46767600117636143,0.12236359450588369,0.4941306407783481,0.16319692262366137,0.3287367520010239,0.22185217996427176,0.15326234389926296,0.2862062570116758,0.0906947590377461,0.1306422062185669,0.13064220621856693,0.21072414713780477,0.2107241471378048,0.3503003459133046,0.35030034591330456,0.8056216535820804,0.8056216535820803,0.6842105263157895,0.5534958641120712,0.48165313500687534,0.4997718898147896,0.4716543266895014,0.523701386962219,0.14444341525309856,0.1523398313429798,0.5661321255331226,0.12855677398986598,0.15012298783153394,0.6104133287895763,0.1952630846071804,0.14709345801416507,0.4629655564662096,0.0865797576637348,0.2410007094599294,0.17819372832612854,0.050968730985336094,0.4126577690763834,0.4572992783777612,0.4152596263206926,0.2618815164852638,0.41265776907638346,0.45729927837776113,0.41525962632069263,0.26188151648526387,0.6388887049240041,0.7753961855713487,0.6904759742235502,0.6925529161786018,0.6388887049240041,0.6904759742235502,0.11921716246976496,0.14422429793227706,0.5244451240759549,0.5006675961955529,0.6074873811782899,0.38698431365196795,0.12510559924278764,-0.32314411435096635,SELL,0.0,1.0
0.15495208148370093,0.14715188921352673,0.15334422124497826,0.14918034427174343,0.040633697366670815,0.0,0.0,AVH,2022-04-08 00:00:00+10:00,"Pharmaceuticals, Biotechnology & Life Sciences",0.3696690205222065,0.4238353421450719,0.4965987244121766,0.2392654136883712,0.15775532660495922,0.3777749967006283,0.141095763678394,0.40876139642953513,0.1228811700352011,0.4507013833625748,0.1616588833335243,0.30556777479863073,0.21789680179950355,0.14041249729640015,0.28402985795924984,0.08210366056873758,0.1500485507532072,0.1500485507532072,0.22418729294635872,0.2241872929463587,0.2766978875493584,0.2766978875493584,0.8044978741361022,0.8044978741361019,0.36666666666666664,0.5073333602256406,0.4718402334887848,0.49909328965012056,0.4795454835009039,0.5047911709973699,0.1418785469812206,0.15991858915298857,0.4115287643658052,0.1288880591700064,0.1508227812164072,0.5013155735149601,0.19413963150063246,0.1451346209896951,0.4352592697797512,0.0769733632873294,0.2043679546687564,0.22376318548691804,0.06669505810226538,0.3966880487573306,0.44519014410851354,0.47070637144766364,0.23110143241810913,0.39668804875733055,0.44519014410851354,0.47070637144766375,0.23110143241810915,0.44444451803039836,0.6335555436405284,0.5238094967779438,0.6574980258773505,0.4444445180303983,0.5238094967779438,0.12099651993772947,0.14422426533917118,0.4638001131277418,0.46233240584056506,0.5547570900284884,0.40984564159767944,0.12830348944961828,-0.30405408235428677,SELL,0.0,1.0
0.1533546389152518,0.15664555096694105,0.159869500635193,0.15901640061888772,0.038041295010902344,0.0,0.0,AVH,2022-04-11 00:00:00+10:00,"Pharmaceuticals, Biotechnology & Life Sciences",0.49599678024747673,0.551914739565937,0.5442177179680642,0.32204535483321106,0.15643104380561929,0.44237254790178815,0.1447425473699338,0.4363848503354024,0.12365753332917717,0.4835791549822892,0.16019408392643297,0.3307177322143784,0.21418114409257172,0.159268465639685,0.28203591135268546,0.0918878709690395,0.15095264187946644,0.15095264187946644,0.2247058851705044,0.22470588517050444,0.28276033135894385,0.2827603313589438,0.8071918452288416,0.8071918452288415,0.4722222222222223,0.5370122713469734,0.6216371866526996,0.5034996714446801,0.4868716352486998,0.49986259393231414,0.13588864788880173,0.1742615497683076,0.48662843815896184,0.13001420529355234,0.1511344072751558,0.5831801368825246,0.19252047175956472,0.14396972101709077,0.4657471035346816,0.07691317456708463,0.19128695103799087,0.2095986104092062,0.06549014917068145,0.397235554316698,0.48198577649963176,0.4835625951752045,0.23674814118568174,0.39723555431669805,0.4819857764996317,0.48356259517520467,0.2367481411856818,0.6111109639392033,0.5768192868682003,0.6666664774456065,0.6382458041326925,0.6111109639392033,0.6666664774456065,0.12633459234162303,0.13328784422190235,0.518812477050383,0.5093618358724191,0.5288874501840964,0.5122793787497338,0.1313095062440391,-0.33333333333333337,SELL,0.0,1.0
0.1533546389152518,0.14398733529572194,0.1419249823121025,0.13934428792459908,0.06478585366406116,0.0,0.0,AVH,2022-04-12 00:00:00+10:00,"Pharmaceuticals, Biotechnology & Life Sciences",0.3212742616388486,0.37274239455445374,0.4625851575865427,0.17968894131950136,0.14947855910908475,0.3662020386909761,0.1449162035390409,0.3515677137348394,0.1246064238562547,0.4092717398213064,0.1582166053380214,0.28943948357276295,0.2103285037334367,0.1336918776207242,0.2800354487426978,0.07595883952273941,0.1724792102906581,0.1724792102906581,0.26280080464099975,0.2628008046409997,0.265178399106456,0.26517839910645596,0.8189899130399043,0.8189899130399042,0.3863636363636364,0.4622461213957826,0.5310137166572563,0.49863636295430563,0.4916142622524073,0.4773263343111369,0.1353108204446089,0.17527734043285997,0.11628084483286932,0.12882237637013882,0.1545277841971835,0.3914035396173314,0.19085205138117406,0.14173696551008902,0.4161722163789864,0.07777332401590586,0.16977862995404736,0.3542634774505417,0.1212731516949334,0.3118731170904016,0.3912366155106574,0.495689667453805,0.20761891343100872,0.3118731170904016,0.3912366155106573,0.49568966745380494,0.20761891343100872,0.27777807212159344,0.45389073052815615,0.380952516110281,0.5332181086700131,0.27777807212159344,0.380952516110281,0.1387900946173747,0.1428572126995126,0.3998475145362006,0.40574346332958167,0.4546620499024714,0.5289162092984684,0.13413516203079456,-0.2916667080587795,SELL,0.0,1.0
0.13897765579921012,0.13765822746011236,0.13539966402815468,0.13770494520007504,0.06988405250625172,0.0,0.0,AVH,2022-04-13 00:00:00+10:00,"Pharmaceuticals, Biotechnology & Life Sciences",0.4265613363371954,0.4824330088804097,0.5170068645075571,0.27360918746019014,0.1431882158122202,0.392253226399784,0.14231136100243363,0.3545211419936203,0.1252102640304541,0.4013531933076768,0.15579968745133543,0.2900980839851691,0.20644161730301058,0.13539014916888858,0.2779307274368603,0.07579254721198475,0.1762815113018254,0.1762815113018254,0.1678096837107856,0.16780968371078564,0.26394195835667467,0.26394195835667467,0.8094224813556188,0.8094224813556185,0.28205128205128205,0.4972328468763648,0.611683494644983,0.4946346649607211,0.494488192650178,0.46102556848299153,0.13701605647193743,0.1679591723311309,0.19596605483109292,0.1280551700006174,0.15669749427470708,0.36463402004833156,0.18784078419522032,0.1402482034325172,0.41633083648428504,0.09171353510438454,0.1727781152478241,0.34053017719510226,0.1292423869190033,0.32073756740619375,0.32573425366797715,0.47637876327143447,0.18759980924524186,0.32073756740619375,0.3257342536679772,0.47637876327143447,0.1875998092452419,0.2285717983633593,0.3804037728721946,0.2500003311367926,0.44030900950465884,0.22857179836335928,0.25000033113679265,0.1352313796814457,0.1319207915822437,0.35857109586603614,0.3669845678603964,0.4674015972496922,0.5737721251103406,0.17840376935663138,-0.23720934281418637,SELL,0.0,1.0
0.13897765579921012,0.13924050441901475,0.14029366246454883,0.14098363064912312,0.03074197468932365,0.0,0.0,AVH,2022-04-14 00:00:00+10:00,"Pharmaceuticals, Biotechnology & Life Sciences",0.45711956868461956,0.5132799551681758,0.5306122912378106,0.29831928591425944,0.13921536741420043,0.4354720930730087,0.14005383080404077,0.37745658588416986,0.12555531438333234,0.41200563554756187,0.15389544874596967,0.3011958565145135,0.20286294184004122,0.144368498682926,0.27579342549247643,0.079979313883771,0.18819312425100185,0.18819312425100185,0.17199248780734602,0.17199248780734605,0.258138150086465,0.25813815008646496,0.8026695431618993,0.8026695431618992,0.2222222222222223,0.5423198819909048,0.6058632997197609,0.4935541938774744,0.4965388878399387,0.4538444325486598,0.1366238909299503,0.1637437165056415,0.2935659782029675,0.1278371764008337,0.1576787883476417,0.3929641887207331,0.18593852431782343,0.1384753023688457,0.429967184609706,0.08946652769098792,0.16673954474002695,0.15247535303690812,0.05826516210174527,0.35517959684406625,0.33388650134218717,0.4620200135553378,0.21145992032510127,0.35517959684406625,0.33388650134218717,0.46202001355533784,0.2114599203251013,0.28571457765528363,0.26963298860111296,0.30555581310639424,0.317776710616135,0.28571457765528363,0.30555581310639424,0.14234876713007535,0.13328781162879647,0.3671036347302704,0.38142103956559903,0.5665635006756853,0.5637058667504512,0.17743350276474135,-0.2626728259961941,SELL,0.0,1.0
0.11980830689178612,0.11550631231102049,0.12071778540017158,0.12131147886982085,0.14400957194715974,0.0,0.0,AVH,2022-04-19 00:00:00+10:00,"Pharmaceuticals, Biotechnology & Life Sciences",0.315422144796691,0.36648351253276307,0.5306122912378106,0.29831928591425944,0.1335871576236577,0.34776003985179305,0.13640704711250096,0.3059649374447275,0.12417511091515687,0.34560310204963085,0.15191797015755815,0.25919101590415683,0.19916440655639428,0.11791887250472932,0.2736691557102965,0.06388003042483431,0.22352776055621584,0.22352776055621587,0.21478395251482915,0.21478395251482912,0.27706052323541897,0.2770605232354189,0.8103378111575406,0.8103378111575404,0.177777683587682,0.46954451490761684,0.49982630563058505,0.48450539031694273,0.4960987151383409,0.4321164248683938,0.14071549127062305,0.15155985725067378,0.16143637255044085,0.12913245877269025,0.1532570736077437,0.22681206756681555,0.1852428577628895,0.13500153533068743,0.38152964126857847,0.14273446052541094,0.18871300259207907,0.5017592883187785,0.25032646572866535,0.326263515516236,0.2997623937020115,0.37400453059981936,0.2027430817977749,0.32626351551623606,0.2997623937020116,0.3740045305998194,0.20274308179777495,0.07499991059305415,0.2006036541266803,0.07499991059305415,0.2139606791135489,0.07499991059305411,0.07499991059305411,0.15836298434175608,0.13738896954777227,0.2109493591360541,0.25155353680540926,0.5020504191717585,0.46907947035941155,0.17648264150468906,-0.2121950989745326,SELL,0.0,1.0
0.12300319202868426,0.11708858926992288,0.12561174494283261,0.12295082159434495,0.05169548754552082,0.0,0.0,AVH,2022-04-20 00:00:00+10:00,"Pharmaceuticals, Biotechnology & Life Sciences",0.44741539822780274,0.5035304810981048,0.5238095778726838,0.28536737353265845,0.12630359433394006,0.4013552102633775,0.13189198257542534,0.3304970535681522,0.12305369521164017,0.3551160660829358,0.14994049156914668,0.2665584572742986,0.19575695940867877,0.12414827750844726,0.2715970153537204,0.06655597074440012,0.18849373234781736,0.18849373234781736,0.19356493129083915,0.19356493129083913,0.2773732012396779,0.27737320123967785,0.8104142788673245,0.8104142788673244,0.21951206747364593,0.41820251642438655,0.45162780029951655,0.47885254338949546,0.4944467320166602,0.42154572129718687,0.13936551845997663,0.1437722909064167,0.24767966900967045,0.1299822870195494,0.14990206315952276,0.26613120854532346,0.18427210401132937,0.13187871667726414,0.39224222484629456,0.14977024729668548,0.1909238744858734,0.17330739104857873,0.08911741353644863,0.30244323824170977,0.28181040823363124,0.38658983386275775,0.20320338660866039,0.30244323824170977,0.2818104082336312,0.3865898338627578,0.2032033866086604,0.09999988079073888,0.15683546017897806,0.09999988079073888,0.16306243148397867,0.09999988079073885,0.09999988079073885,0.1512455120466696,0.13055370634947924,0.2496561244516708,0.28489181310947476,0.5261083128791318,0.4740765651401092,0.17405557369982683,-0.2184465732883687,SELL,0.0,1.0
0.12140574946023519,0.12183542014663007,0.12561174494283261,0.12295082159434495,0.07446017340271574,0.0,0.0,AVH,2022-04-21 00:00:00+10:00,"Pharmaceuticals, Biotechnology & Life Sciences",0.4367159267158128,0.4927311798870367,0.5306122912378106,0.29831928591425944,0.12299287944224219,0.4217047339052171,0.12650863719281402,0.3517478246696497,0.1217597543316844,0.3592890544783831,0.14788977309768936,0.2702820027519034,0.1922810209348617,0.12795545962263333,0.2694206161459368,0.06785346855026714,0.1533327420068676,0.1533327420068676,0.17330276611358222,0.17330276611358225,0.2756549711031301,0.27565497110313,0.8098702169603456,0.8098702169603454,0.26470569673289335,0.2703655420684474,0.4628585163864891,0.47519124196868406,0.4922832468686997,0.41708385481521265,0.13229565665123816,0.14069757045106812,0.28609794279379935,0.13043386903458792,0.14665139440710595,0.2871457250677425,0.18298467623726117,0.12899837300012568,0.39807538774049667,0.1547552693450953,0.18980793574982496,0.24311226270723,0.1288991646674845,0.3624823087235826,0.2642483217251577,0.3783724886213579,0.1997316444272086,0.36248230872358267,0.2642483217251578,0.37837248862135797,0.19973164442720862,0.09999988079073888,0.09361483607406793,0.09999988079073888,0.09331306259480286,0.09999988079073885,0.09999988079073885,0.12811386496313082,0.13192075898913788,0.2994918471857909,0.3084076975619242,0.47342417854380037,0.4883204558337759,0.17172558860715903,-0.25,SELL,0.0,1.0
0.11821086432333705,0.1123417583932157,0.11908646555261787,0.11803279342077277,0.07209161390925792,0.0,0.0,AVH,2022-04-22 00:00:00+10:00,"Pharmaceuticals, Biotechnology & Life Sciences",0.40477332958186285,0.4601743318102261,0.5238095778726838,0.285176904411013,0.11902002315087429,0.4148954118176218,0.1211252918102027,0.35124111764544774,0.12037955086350893,0.3458355675265308,0.14569257398705238,0.26271638834011357,0.18865097697731625,0.12417351143522948,0.26730937868131854,0.06471485244377995,0.1529963276738357,0.1529963276738357,0.1732964411162317,0.17329644111623171,0.27685642205738936,0.2768564220573893,0.8101824400515916,0.8101824400515915,0.09677411912009688,0.2545187116554592,0.4312361274421359,0.47093141990135123,0.4895729331559713,0.4123138325686352,0.12495551597802312,0.13793026181033968,0.2709891517648564,0.13124036652495996,0.14280301725650113,0.2699663859033614,0.18158003503516923,0.12594450755436715,0.3908271726544261,0.15589279038683154,0.1947677562054559,0.23398585255086982,0.12251704321918189,0.35109806543795163,0.26267617201938376,0.3733662898326131,0.19146780953422932,0.35109806543795163,0.2626761720193837,0.37336628983261316,0.19146780953422934,0.04878043107233095,0.08468925351656552,0.04878043107233095,0.0844162522299977,0.04878043107233099,0.04878043107233099,0.12099643509127272,0.12645254843050338,0.28946008031123677,0.287823433882175,0.37837439295686415,0.41990080981449684,0.16948880291819796,-0.22660094848314694,SELL,0.0,1.0
0.11182109404954071,0.10443037359870377,0.10522022740154507,0.10163934663302543,0.11557397817842985,0.0,0.0,AVH,2022-04-26 00:00:00+10:00,"Pharmaceuticals, Biotechnology & Life Sciences",0.32866694865763574,0.38062377751599813,0.48299321658718297,0.20448252393284375,0.11107431451481259,0.35746070520382744,0.11487366351191086,0.3012141793952059,0.11865429601412414,0.29134133795645845,0.1430925550831197,0.2285848760350233,0.18495244148954904,0.10202821305472787,0.2651785928180367,0.05123191489761486,0.16351733079698993,0.16351733079698993,0.1958715985367718,0.19587159853677183,0.2955312789381377,0.29553127893813763,0.819697102201089,0.8196971022010889,0.10344814828973782,0.22673243652058106,0.3913796257993303,0.46111653834220795,0.48514779738148683,0.3973553247098323,0.12168859362616946,0.12873723647427587,0.17386975383491182,0.13399554597420477,0.13594327148243995,0.18931811973303292,0.18043520791038692,0.1216707699612492,0.35482738332824315,0.19960536338710996,0.19931678545097076,0.3056098472310598,0.19317418869794287,0.2855685151623925,0.2394947192521549,0.35325154865437924,0.1680464431824158,0.28556851516239257,0.23949471925215485,0.3532515486543793,0.16804644318241582,0.010100997938041048,0.05408605637473067,0.010100997938041048,0.0539117064736208,0.010100997938040979,0.010100997938040979,0.11832742010094013,0.1326043016055201,0.2570454519725622,0.24968909829694413,0.35833017982980164,0.35564523248566093,0.16617393490356736,-0.2176165639891704,SELL,0.0,1.0
0.08945687904823607,0.08702530818854826,0.08809136900223141,0.09508197573492921,0.11358026665280972,0.0,0.0,AVH,2022-04-27 00:00:00+10:00,"Pharmaceuticals, Biotechnology & Life Sciences",0.39125703203085466,0.44625299941146573,0.551020431333191,0.3415619593966521,0.1057771793707789,0.34698631217474896,0.10914300372094038,0.2936409351431859,0.11692904322140163,0.27254789970605575,0.14060239687684378,0.2173185430951753,0.18142513472527616,0.09523317867796854,0.26300871000207016,0.04654707871810759,0.1209178147388841,0.1209178147388841,0.19221182868029404,0.19221182868029407,0.29625209680864695,0.29625209680864695,0.8186385326729873,0.8186385326729871,0.09374989522622741,0.13976675218526075,0.40080023875500326,0.451462406552612,0.47938776759388796,0.38571095470132444,0.12064087251675892,0.1180958500571796,0.1992110799518511,0.13702373882839647,0.12876328926195968,0.18906643039427568,0.17995738938261557,0.11678837682448756,0.34677928744164366,0.18392562962722248,0.1984866245936835,0.3217207947925074,0.19041496541179617,0.32450264110613825,0.24751659585761612,0.3515169052435366,0.17054228171102875,0.3245026411061382,0.24751659585761612,0.35151690524353674,0.17054228171102875,0.11666655076875088,0.0597596906941998,0.11666655076875088,0.05956705146587998,0.11666655076875088,0.11666655076875088,0.11832742010094013,0.12987016373309698,0.23713459995904906,0.21796059838267307,0.28348406859226377,0.3536212914345858,0.16095513711081366,-0.15608463455950494,SELL,0.0,1.0
0.08466455134288886,0.07674050795568271,0.08564436978403434,0.08360657666326082,0.0847120876700112,0.0,0.0,AVH,2022-04-28 00:00:00+10:00,"Pharmaceuticals, Biotechnology & Life Sciences",0.3554791998439489,0.40897588380898553,0.5238095778726838,0.28366876288882314,0.0978314786280654,0.3193504816940318,0.10115481373157703,0.27145214523294836,0.11477247748758129,0.23667353559993676,0.13803899878752224,0.19424214074387902,0.1778807051294778,0.08035727742827181,0.2607541168112386,0.03740186954282393,0.10731090499477478,0.10731090499477478,0.15526926043615974,0.15526926043615974,0.30814042338997905,0.308140423389979,0.8226198700762033,0.8226198700762034,0.027027000903735256,0.05607867506569207,0.38679447996717786,0.4398436643551728,0.47210806988241877,0.3724547894763999,0.11407494985471589,0.10906929733757559,0.1675097710632063,0.14107610603575726,0.11947497693267678,0.17227668110387384,0.18014574790732962,0.11089456534787684,0.3281019560422591,0.2009385549832542,0.20678809405676607,0.22274362783950205,0.137856251057553,0.2785046280823792,0.1977295174894949,0.32730751491397886,0.16297309762581458,0.2785046280823792,0.19772951748949488,0.3273075149139788,0.16297309762581458,0.026087131392026165,0.05203448319575909,0.02439040937236807,0.05129101388525042,0.02608713139202623,0.024390409372368138,0.11565836268737914,0.13465483167534917,0.24243205208936935,0.21724887968740444,0.19772322701171152,0.3680299839994362,0.15331032875493067,-0.10164838277865973,SELL,0.0,1.0
0.08067092587874863,0.07911392339403633,0.08564436978403434,0.08360657666326082,0.059589501503278026,0.0,0.0,AVH,2022-04-29 00:00:00+10:00,"Pharmaceuticals, Biotechnology & Life Sciences",0.4367159267158128,0.4927311798870367,0.5408164423802408,0.32059962243638584,0.08988577788535185,0.3712617055425933,0.09525049777149946,0.2958544379056738,0.11192580899134214,0.24518572173289455,0.13554884058124644,0.19846898988791395,0.1744732585941231,0.08391150969868194,0.25853210456966846,0.03862431796549659,0.10731090499477478,0.10731090499477478,0.13825957820364077,0.13825957820364077,0.2835391248141732,0.28353912481417315,0.8227023946820804,0.8227023946820803,0.03999998092650443,0.062062635072504854,0.3960476094090486,0.4319527740935901,0.46446983945329157,0.3693272845332727,0.11114543203077215,0.10020966614388238,0.23689807359669363,0.14380940247605717,0.11028272971757125,0.215538235288186,0.18021547822417117,0.10531362504157421,0.338582442787585,0.19327593587452557,0.21643948492281723,0.16191537983230755,0.09377797367816279,0.2785046280823792,0.23930518526780759,0.2957266072222231,0.16628964126812226,0.2785046280823792,0.2393051852678076,0.29572660722222316,0.1662896412681223,0.028037581009401936,0.05814041877988835,0.02439040937236807,0.05613970600575592,0.028037581009402013,0.024390409372368138,0.10765123286992462,0.13260423641930832,0.27228791994758106,0.24822629560081255,0.25813979712707863,0.41085771305237573,0.144772243624325,-0.09890113273056667,SELL,0.0,1.0
0.0798722045945241,0.07515823099678037,0.07504079077493542,0.07868852894718187,0.07676211299667633,0.0,0.0,AVH,2022-05-02 00:00:00+10:00,"Pharmaceuticals, Biotechnology & Life Sciences",0.4005609773506103,0.4558451101473663,0.5238095778726838,0.2834245867611954,0.08194007319596425,0.3902758492046776,0.08899886740306273,0.2981333476192367,0.10752641287881959,0.24003419580547902,0.13291220217233496,0.19105134241691468,0.171151426012275,0.07931379523891885,0.25640131862870774,0.03530088327889919,0.10584269790280235,0.10584269790280235,0.13435933010593745,0.13435933010593748,0.1960095271523767,0.19600952715237668,0.8229163357442215,0.8229163357442212,0.0,0.06634524668501558,0.31885437657908144,0.42487190892380666,0.45673104422362343,0.36845005103321476,0.1064562704647064,0.09263427370406668,0.25164443132092496,0.143670808687476,0.1011940076845596,0.2292939197418196,0.18017402257052312,0.09955147427135308,0.3368704105996744,0.19568256926651809,0.20349814752129536,0.20641270661153333,0.12638667998564004,0.27644514615279797,0.22989774899951165,0.22984282064459674,0.157763972779507,0.276445146152798,0.22989774899951165,0.22984282064459674,0.157763972779507,0.08333326710593973,0.04679316930417253,0.07352933442304638,0.04150235848747379,0.08333326710593969,0.07352933442304632,0.10854093281552107,0.1332877464425847,0.2773968353243439,0.25686003877274616,0.2500721649105174,0.3811139858988896,0.13725872870939199,-0.14804468790074965,SELL,0.0,1.0
0.08306710877443974,0.09414557336583823,0.08727570907845461,0.08606559075004688,0.06845683219268962,0.0,0.0,AVH,2022-05-03 00:00:00+10:00,"Pharmaceuticals, Biotechnology & Life Sciences",0.49185720379884457,0.5478328258291292,0.5408163612855008,0.32041581640267247,0.07879490154753194,0.4662521389433527,0.08318137952753873,0.36086556267014114,0.10351519944161619,0.280506764902662,0.13051359381986638,0.21317852114642133,0.16787240071336063,0.09503257977769403,0.25428682316237783,0.04325360792780042,0.13542710281021367,0.13542710281021367,0.15962890149259304,0.15962890149259307,0.2143771281015028,0.21437712810150278,0.8272858632067404,0.8272858632067402,0.1428573591097829,0.14987321690171956,0.2194673785061891,0.42400782129465964,0.4503413152458846,0.3802180464314461,0.095608791250686,0.0929597216541912,0.34199745771867607,0.14152338830863243,0.09527790189890906,0.2862288499214528,0.17973943672264658,0.09481583698266005,0.363170284896751,0.17140385841736397,0.20404628646415374,0.205596372769218,0.11249204014135414,0.3589819949497109,0.24214539261850768,0.24872954205749717,0.17142582686181496,0.35898199494971095,0.24214539261850768,0.24872954205749714,0.17142582686181498,0.1583334061834663,0.09181218055648258,0.13970591071154967,0.08063128729501394,0.15833340618346625,0.1397059107115497,0.12366551371644788,0.12713604215722688,0.35414351402450794,0.31066236142925563,0.3140171264996518,0.33192341435798983,0.12812075462173994,-0.20163487579106898,SELL,0.0,1.0
0.08466455134288886,0.08069620035293873,0.08319739001270382,0.08360657666326082,0.031372865137562315,0.0,0.0,AVH,2022-05-04 00:00:00+10:00,"Pharmaceuticals, Biotechnology & Life Sciences",0.4187862954078443,0.47451560368461443,0.5238095778726838,0.28366876288882314,0.07647740664868713,0.46508117785352,0.07918728556792942,0.3666503515860524,0.09971964247496173,0.28322318244631606,0.12758399631531608,0.21233019745230508,0.1647217966508866,0.09437699287038193,0.25215603714373847,0.04219417523410868,0.13023699218638066,0.13023699218638066,0.11952288287900284,0.11952288287900283,0.21380311922035541,0.2138031192203554,0.8112340097259427,0.8112340097259426,0.15000021855031206,0.055697337275464345,0.21411343553328607,0.42362312161727633,0.44514107222330995,0.39059401219785156,0.09066198345119048,0.09033888568471371,0.34966519892973524,0.1396368678952533,0.08950925844143998,0.29608008796773044,0.17800259214883862,0.09057050114298304,0.3649500895690147,0.12904370078699615,0.1982196729065136,0.11836020521884717,0.05264706905268547,0.3735576071643254,0.2816921779134056,0.2559536478797187,0.14714989253433794,0.3735576071643254,0.2816921779134056,0.2559536478797187,0.14714989253433797,0.15384624201870853,0.1346397122548093,0.11764711038463575,0.11227521003183703,0.15384624201870845,0.11764711038463571,0.11476874758823946,0.12440195317446259,0.34285782911657026,0.3042170173669056,0.27130317391735126,0.2798669307628107,0.12026209690635925,-0.20879120015389785,SELL,0.0,1.0
0.08626199391133793,0.0799050618734875,0.08482870986025753,0.08524591938778486,0.05766107747916518,0.0,0.0,AVH,2022-05-05 00:00:00+10:00,"Pharmaceuticals, Biotechnology & Life Sciences",0.44876752861540453,0.5048914947233283,0.5238095778726838,0.2837483852191919,0.07680847734852209,0.4747298029925098,0.07519319160832016,0.3938384929808867,0.0954927725672095,0.3034087485288752,0.1252036979336088,0.22063397257088757,0.16145133276773488,0.10075042754388652,0.25003828359801816,0.044922450836869576,0.08453003351781496,0.08453003351781493,0.12006432448555146,0.12006432448555147,0.19657705011054752,0.1965770501105475,0.8004432591410509,0.8004432591410507,0.2619050322205621,0.10898147593882103,0.2393491919141715,0.42545220529571093,0.441401466799094,0.40333525193414005,0.08297725810947248,0.09083212303193866,0.39377615932682614,0.13515712627483933,0.0858754374941868,0.31936777009951195,0.17725057625643564,0.08628021420755022,0.37608540647529054,0.11510474839799026,0.202292112011203,0.23756399382455473,0.09534806130671913,0.42443036138853574,0.2822027790586562,0.24000983327751987,0.17197426275468042,0.4244303613885358,0.2822027790586562,0.24000983327751985,0.17197426275468045,0.1836735339325587,0.16879734435787808,0.13235297726924503,0.13223528570595638,0.1836735339325587,0.132352977269245,0.1014235877901197,0.11551612731323455,0.35985054081060036,0.3173421953734538,0.3355758204652636,0.3311292249095033,0.11350365127113182,-0.2786885128433024,SELL,0.0,1.0
0.07188499175227869,0.06329113494278321,0.06688419153716707,0.07049181532456156,0.12184357692011319,0.0,0.0,AVH,2022-05-06 00:00:00+10:00,"Pharmaceuticals, Biotechnology & Life Sciences",0.32884406789174375,0.38081226236776017,0.5238095778726838,0.28299902433409907,0.07415990780316822,0.3847684909201319,0.06963619005660165,0.34288544903019225,0.09005822539605213,0.26322193096722746,0.122676919349266,0.18848050233965252,0.15797539470215832,0.07961321561011758,0.24775762600509973,0.032480016547767276,0.161636949266821,0.16163694926682104,0.14571047737852463,0.14571047737852466,0.19777322548839385,0.19777322548839382,0.8088991954609541,0.808899195460954,0.21153862906623871,0.08242579936452697,0.14454855535458486,0.4216596397692957,0.4375377002594106,0.4022521861963607,0.07366688671459143,0.0899471533530401,0.2457989834315622,0.12895733613599863,0.08171963881569816,0.27180969140116085,0.17720793804730695,0.08076186514664496,0.3505182062440232,0.14718327659840819,0.21455496459655843,0.41423547489010765,0.19299084573917144,0.36528158024530605,0.2412436160575314,0.1872880409318483,0.15942975439388266,0.365281580245306,0.2412436160575314,0.1872880409318483,0.15942975439388268,0.09259251083038547,0.14641796080015806,0.06849308357518122,0.1080713041870568,0.09259251083038544,0.06849308357518125,0.1067616389823991,0.11961730152876335,0.30012579724024135,0.28637825637723147,0.32504636706667045,0.2745642822682038,0.10769138802483624,-0.24712647379334507,SELL,0.0,1.0
0.06230033634158422,0.05617088862772246,0.05220229346231736,0.05573771126133825,0.08534164572025993,0.0,0.0,AVH,2022-05-09 00:00:00+10:00,"Pharmaceuticals, Biotechnology & Life Sciences",0.32326448694831456,0.37486693917209285,0.5034013566825634,0.23486239417700674,0.06952491405880445,0.30689651988098765,0.06303724942009548,0.2949480502551358,0.08410610166724619,0.22340934275782898,0.11960084120553599,0.15684444497400396,0.15444808793788545,0.05819930964155606,0.24537270963865268,0.01997434472378512,0.20260226763577988,0.20260226763577988,0.17016213272345362,0.1701621327234536,0.21681807854880256,0.21681807854880247,0.8144557107591717,0.8144557107591716,0.1964286626601023,0.02970502972502946,0.06699406829739687,0.41350586834764436,0.4325717665094298,0.3926379076979462,0.06624437394733818,0.08476349095442237,0.10656497361351003,0.12373963214520961,0.0753234790370888,0.2305708727262547,0.17709287621957454,0.07412444591190753,0.3279008000686259,0.15160417242855426,0.2234317457814956,0.28331276656046306,0.13117386432673941,0.3243070538684904,0.21138174852626487,0.15924643744025013,0.12877791167112865,0.32430705386849035,0.21138174852626482,0.15924643744025013,0.12877791167112868,0.09615378002441499,0.12677840876142885,0.06410249552392094,0.08990251162594615,0.09615378002441499,0.06410249552392089,0.11565844753383589,0.1250854957908448,0.2528368518089033,0.2710782431241765,0.2776700884100813,0.21140057710895138,0.1007268086100267,-0.19696965646699927,SELL,0.0,1.0
0.033546332023465714,0.03243669651972819,0.03752039538746771,0.036885250386804846,0.15716655796519732,0.0,0.0,AVH,2022-05-10 00:00:00+10:00,"Pharmaceuticals, Biotechnology & Life Sciences",0.2838430175366305,0.33240135940229915,0.5476190746506276,0.34270746130268337,0.05959278122373296,0.23110312207463268,0.05617782452992859,0.22357318557770345,0.07759327008668193,0.1670862510586193,0.11643321277145463,0.11450831129574213,0.15084372822762804,0.029448343901433804,0.24300408359147882,0.0034748523989255875,0.18898977416454316,0.18898977416454313,0.2014551077805801,0.20145510778058012,0.2538082298949692,0.25380822989496915,0.8293554383796868,0.8293554383796867,0.13924059801382357,0.030582973399754812,0.05195421866850511,0.4001943077295517,0.4255380901747934,0.37460085044730734,0.0691580649790311,0.06728569368565784,0.08210098094932661,0.1209330759413545,0.06491999070401538,0.18749051883196527,0.17829394596254122,0.06560603179975605,0.3005286174342379,0.19731487362828937,0.2489200443296531,0.4196667992577387,0.22265050668073688,0.22230738723013016,0.19500243854723148,0.12563154786422087,0.11553687541806068,0.2223073872301302,0.19500243854723143,0.12563154786422082,0.11553687541806074,0.040983574520475664,0.07820417936634863,0.030120455971265673,0.055212907875988086,0.04098357452047563,0.03012045597126567,0.11387906885425719,0.13192074269258489,0.18888603169541762,0.24028052040045272,0.28571383807787765,0.19634468573553077,0.09161006889680412,-0.10097718225423291,SELL,0.0,1.0
0.04632589161407591,0.04272151561482296,0.04567699462523611,0.047540997638718,0.0698820539092668,0.0,0.0,AVH,2022-05-11 00:00:00+10:00,"Pharmaceuticals, Biotechnology & Life Sciences",0.5295958740474965,0.5847709364825526,0.5374150046029375,0.31518120868309796,0.05230921793401527,0.3682029693192268,0.05114179148553161,0.3062935707607919,0.07224498447541294,0.22841029558924353,0.1131740349201103,0.14686589602393252,0.14740203602922258,0.05139168825168344,0.24069084497162027,0.014716313543583964,0.28675347364057224,0.2867534736405723,0.26590755770274654,0.26590755770274654,0.297307191890807,0.29730719189080695,0.8315712602362604,0.8315712602362603,0.27906993506977756,0.11059947683292763,0.12856750935841763,0.39619689569712807,0.4189919634380421,0.3788537782898926,0.06585981680728314,0.060638340698887794,0.25456286372264364,0.11696196454176405,0.05833137965317364,0.25891934539808403,0.1778599186813074,0.05897171784466099,0.33449580692266284,0.21715804196252309,0.25502742781361143,0.17199096828677762,0.0971748434686936,0.27327240865881003,0.24302548695165582,0.17429818556038146,0.11725146296079256,0.27327240865881,0.24302548695165588,0.1742981855603815,0.11725146296079261,0.14754106369881084,0.09690965537149891,0.1084337851222197,0.06876561197220885,0.14754106369881081,0.10843378512221968,0.12188619867171174,0.13260428530896715,0.26757174940011563,0.2804959393919994,0.28744413951156333,0.23833302508572468,0.08048680364005967,-0.09062498672865349,SELL,0.0,1.0
0.033546332023465714,0.06012658102497842,0.03262643584480668,0.06885247260003752,0.16718397018626258,0.0,0.0,AVH,2022-05-12 00:00:00+10:00,"Pharmaceuticals, Biotechnology & Life Sciences",0.6149291557070785,0.6660943715902063,0.6802721474600802,0.6889356526514221,0.04899850698899144,0.5664764648048006,0.04957888389342241,0.43387478373886257,0.0675005380100121,0.33478754786495313,0.11009795721292437,0.20680852125346583,0.14420006367629262,0.09208678427649408,0.23848838112871365,0.03614032854532029,0.41773043905335916,0.41773043905335916,0.3693416340297848,0.3693416340297848,0.37984135008790265,0.3798413500879026,0.8613872967803187,0.8613872967803186,0.39805825467450784,0.25757374089053864,0.2654250302759752,0.4043103552816616,0.4156207130538325,0.40654843765390103,0.0634058034767836,0.06020230829818746,0.4868365123228259,0.10778031170301011,0.059124444222959316,0.3607023233353813,0.1755578932460896,0.055124365249825336,0.3862826495318876,0.2735934348066335,0.2819938606212643,0.3365353303846737,0.21499075871330087,0.3524965540954004,0.34051574253943273,0.21102978166157738,0.13480577801856664,0.3524965540954004,0.3405157425394328,0.21102978166157738,0.1348057780185666,0.4310345394574579,0.21090909090096085,0.290697709878376,0.14565404334212184,0.43103453945745784,0.29069770987837595,0.15391467551830154,0.15721126541592792,0.33793213691501933,0.31276904646165893,0.33118714492807055,0.3236477881088383,0.0715881914346641,-0.02312136497804762,HOLD,0.0,0.5
0.055910547024770385,0.04984176192988371,0.04567699462523611,0.04426231218966986,0.07490630466301544,0.0,0.0,AVH,2022-05-13 00:00:00+10:00,"Pharmaceuticals, Biotechnology & Life Sciences",0.24653731446935723,0.2914525016664824,0.48299329768192306,0.1845779482968236,0.04370137184495776,0.4085879352735975,0.04541113169456118,0.3159084083118977,0.06249730275162141,0.24768865324504952,0.10405566118657711,0.15393165380917573,0.14091247696161557,0.052463902063484225,0.23624030409666288,0.013933307168099596,0.46519741545341237,0.46519741545341237,0.43754401532370635,0.43754401532370635,0.4175019953456771,0.41750199534567706,0.5107500024298881,0.5107500024298882,0.31538463513526394,0.2144847946657637,0.17314755953708985,0.40128123374487495,0.4122271808193538,0.40635407157954667,0.061392296921195855,0.05388659082296243,0.2808652134789038,0.10324525848681115,0.053922919494706734,0.268038304945189,0.16238370160766918,0.0586054928329639,0.33093805932612147,0.2494074100095673,0.28410712381235015,0.16354767734445216,0.09576149015186251,0.3078703172098221,0.263248502335231,0.18468574919933672,0.029193594655034516,0.30787031720982216,0.263248502335231,0.18468574919933667,0.02919359465503457,0.18867930045286038,0.26118737328096864,0.1282051634741501,0.17893620829321602,0.1886793004528603,0.12820516347415012,0.1752670075571042,0.16404656120732689,0.3247224834540207,0.2986679431600009,0.33559894242051147,0.28628246455649053,0.06353033544508119,0.02215187700679966,HOLD,0.0,0.5
0.05111821931942312,0.04984176192988371,0.0505709736147637,0.04672132627645598,0.08925067935642511,0.0,0.0,AVH,2022-05-16 00:00:00+10:00,"Pharmaceuticals, Biotechnology & Life Sciences",0.45753926420976354,0.5137006453145702,0.5136055078249936,0.2569451228180161,0.04188048299586533,0.4437137128640001,0.04202483432682691,0.3471500191645369,0.0577097239637796,0.27538605647953474,0.09872745489301404,0.16978723331706103,0.13785604847253113,0.060097252398054635,0.2339368397149755,0.017512853829601438,0.4511077018325285,0.4511077018325285,0.44189702225194927,0.44189702225194916,0.42204234121581563,0.4220423412158156,0.5021966191175686,0.5021966191175685,0.3206107009159459,0.26341024787011746,0.2179380688594634,0.4016598474365378,0.409599415429012,0.41303390712137716,0.05884782026563912,0.049788392565706774,0.3397137208117922,0.09739785235938386,0.05071425994124612,0.29585586520267443,0.15178935896887985,0.060370229460476765,0.33593615837582946,0.25142167244772085,0.2881510917800025,0.1935024851313307,0.11283419440244233,0.37798767450354076,0.2847452363866445,0.1947047761124537,0.04858778136704128,0.37798767450354076,0.2847452363866445,0.1947047761124537,0.04858778136704128,0.24731183071359186,0.29515113740191273,0.15333334604899088,0.19417155568875735,0.24731183071359186,0.15333334604899096,0.171708271409561,0.15789482432886312,0.354837199091409,0.31376169600839027,0.42665496655640167,0.340553257066044,0.03129891148674949,-0.012539172769758689,HOLD,0.0,0.5
0.04792333418252498,0.04351265409427413,0.044861334701459255,0.04262296946514582,0.03310742525413826,0.0,0.0,AVH,2022-05-17 00:00:00+10:00,"Pharmaceuticals, Biotechnology & Life Sciences",0.40233674850899415,0.45767117889709624,0.5102041511424302,0.2480496783534338,0.043039234391961834,0.4003030428529235,0.037422941705197776,0.3471386713915283,0.05253396352894979,0.2762562203533723,0.0927217788081896,0.1697335153804621,0.1347225672415825,0.056181949668192344,0.23166269820315913,0.01478447961092172,0.39466363036704294,0.39466363036704294,0.42722864897292057,0.42722864897292057,0.4165589010436992,0.41655890104369914,0.47521044351247377,0.47521044351247366,0.355932247909241,0.26953301825286213,0.21351893857280016,0.40176992772974207,0.40752251555066743,0.41783914392939675,0.05263377390525997,0.04735387444099587,0.33290201831842636,0.08955100264644006,0.04903462918681217,0.28905182130870527,0.1357041970804158,0.06764585405281676,0.31441984882899354,0.18749598789543048,0.2886450242746584,0.0922820974637899,0.041799080455446155,0.4451314312673876,0.2514864866600681,0.17698330010536079,0.029154840798256143,0.44513143126738763,0.2514864866600681,0.17698330010536079,0.029154840798256143,0.19354844498542956,0.21430659810457273,0.12000004450480142,0.13625031597294418,0.19354844498542956,0.1200000445048015,0.16459086274931703,0.15242659747367573,0.34289361198432805,0.3061745859436976,0.4640941004403767,0.3545640994625989,0.03187794103210914,-0.05095543964498417,SELL,0.0,1.0
0.04792333418252498,0.04667720801207892,0.05220229346231736,0.05081968308776613,0.05026049491035071,0.0,0.0,AVH,2022-05-18 00:00:00+10:00,"Pharmaceuticals, Biotechnology & Life Sciences",0.5065691603355558,0.5623059036128089,0.5442177179680642,0.3318323576214765,0.04370137579163175,0.46281303210947256,0.0339498141827651,0.4141569247588641,0.04882466915051492,0.32699006859556934,0.08829076195502511,0.2001987666446402,0.13172606907107742,0.0742364563972216,0.22939507285012348,0.023947613267298384,0.3859348309571914,0.3859348309571914,0.44756519742444534,0.4475651974244452,0.41888272689645434,0.4188827268964543,0.4124409732036334,0.41244097320363327,0.4727272963720926,0.34626504038590517,0.23875104698818325,0.4071697955203636,0.4071026692727274,0.4322937336252659,0.04493063673360659,0.04894377967570568,0.44603116944006405,0.08419552039906486,0.04751642542069329,0.3435110801991098,0.12704508764936234,0.06892040386323889,0.3365172003107584,0.17738531273933172,0.26906917002462244,0.14672217043135383,0.06705003463465413,0.4328097611596733,0.28385308334795273,0.24141029828869676,0.07699439162192559,0.4328097611596733,0.2838530833479528,0.24141029828869676,0.07699439162192556,0.3010752164417542,0.2525681900820975,0.21875002328306925,0.16697405503844043,0.30107521644175417,0.21875002328306914,0.16281148406973836,0.1503760185141879,0.3890099111199171,0.33601422119956287,0.5318495412503215,0.3580721904822352,0.03244538998656163,-0.14197531999783652,SELL,0.0,1.0
0.043131006477177714,0.03955696169701817,0.04078303508257508,0.04508198355193194,0.046467824031974,0.0,0.0,AVH,2022-05-19 00:00:00+10:00,"Pharmaceuticals, Biotechnology & Life Sciences",0.3893278365387159,0.44425885192053877,0.5408163612855008,0.323934372095378,0.038900846697350555,0.45455566872041997,0.02969523389935025,0.40341524704830944,0.04472719312509199,0.31702743036586734,0.08486679436682781,0.191115810717161,0.12863539491894227,0.0673424587857141,0.2270199307218476,0.019682165739606683,0.2726384931918743,0.2726384931918743,0.4455678599089673,0.4455678599089673,0.41724039386215006,0.41724039386215,0.34223982280557064,0.34223982280557064,0.5531915757061566,0.3288738156812084,0.26661474835830945,0.4104175911865005,0.4075136072416937,0.439540720332208,0.03306608424800256,0.05365323070162126,0.39886636970031897,0.07768378070420057,0.04653820532144798,0.32530019189899545,0.12371795672846442,0.06561358930185474,0.32788440471003444,0.11518221562917985,0.26797757550183854,0.19134982026452432,0.062186862665046784,0.31760551657481895,0.26136256390645274,0.22130615765402,0.10944366601820124,0.31760551657481895,0.26136256390645274,0.22130615765402,0.10944366601820127,0.22580647642232696,0.24524738056704543,0.16406256402844036,0.17061470006537072,0.22580647642232687,0.16406256402844033,0.17081859267557872,0.14217368637968328,0.3518491966768205,0.3201009807039048,0.47650428939506684,0.393167453561334,0.033001489961925035,-0.0914826356067685,SELL,0.0,1.0
0.04632589161407591,0.04193037713537173,0.04975531369098685,0.05000001172550406,0.033957051039059466,0.0,0.0,AVH,2022-05-20 00:00:00+10:00,"Pharmaceuticals, Biotechnology & Life Sciences",0.4782312243085469,0.5343433727057696,0.5476190746506276,0.3404740928363557,0.04005959414677296,0.4861948922887809,0.027524529715366064,0.4454583496035145,0.04088850486432777,0.35498821105948397,0.08184564613538214,0.2105714386919798,0.12566458099572525,0.07971131817440502,0.2246904017050371,0.025785936612890525,0.1300345941556876,0.1300345941556876,0.4376338183773967,0.4376338183773967,0.42490615102168217,0.4249061510216821,0.34350190831119964,0.34350190831119953,0.517241369860536,0.3681520186184138,0.28346388890225616,0.4167101857457016,0.40928930946796305,0.45144565048418767,0.026493082906240528,0.05664706473173009,0.5197644650870786,0.06951482245615714,0.048048071644061496,0.3618785625646723,0.12093214935217489,0.0625045774398118,0.3495649892666971,0.09408172094884432,0.25952007122421256,0.16246025706227848,0.04658780656071341,0.4443545728531363,0.31952630145171534,0.2353641979390111,0.12833858377904583,0.44435457285313634,0.31952630145171534,0.23536419793901106,0.12833858377904586,0.29032253929612173,0.27819102338477986,0.21093752910383654,0.20147166482283474,0.29032253929612184,0.21093752910383656,0.16103210539015964,0.14080663374002464,0.39353433488658096,0.34635457740635894,0.5348576361200527,0.3799980768831804,0.03354646793778121,-0.0866872971319943,SELL,0.0,1.0
0.055910547024770385,0.04746834649153009,0.05220229346231736,0.04836066900098002,0.04440793673951997,0.0,0.0,AVH,2022-05-23 00:00:00+10:00,"Pharmaceuticals, Biotechnology & Life Sciences",0.42313455460444016,0.478946962011713,0.50000008109474,0.22519985458876499,0.04039066484660797,0.4696929412006514,0.026743076954383882,0.43998638645973576,0.03722234178000272,0.36253612340612285,0.07889773778698217,0.21191164878730728,0.12248829268596312,0.08041344951308294,0.22241300211383033,0.0254661658935737,0.13157489971680675,0.13157489971680675,0.41298819384529295,0.41298819384529295,0.42502179877780233,0.4250217987778023,0.3433474200852117,0.3433474200852117,0.3015871874538773,0.3257977723512394,0.27988119908266984,0.4223824992833643,0.4120141924627643,0.45972541799019373,0.02512217311236814,0.056592724295108476,0.5008825498585624,0.06107906252847528,0.05023368784236648,0.35931405134766103,0.11828736790358124,0.05937717742163423,0.3522500184458599,0.07097497373609124,0.2537394102672299,0.25822046249033687,0.06199253396296866,0.4253574571252839,0.3613076982251618,0.2417930393104565,0.13068623214125324,0.42535745712528383,0.3613076982251618,0.2417930393104566,0.13068623214125322,0.32894737254879813,0.2876792067864523,0.21551726972872895,0.20037472484329077,0.32894737254879813,0.21551726972872898,0.14234880955330373,0.13807252846070747,0.4193737648844729,0.36072667470494024,0.5165766028226354,0.35818605884768795,0.03408054635412022,-0.01557630894769324,HOLD,0.0,0.5
0.04792333418252498,0.03955696169701817,0.04404567477768245,0.039344264473590906,0.045810729756599756,0.0,0.0,AVH,2022-05-24 00:00:00+10:00,"Pharmaceuticals, Biotechnology & Life Sciences",0.3615528123663294,0.4153483016720271,0.4965986433174366,0.21453640689255277,0.03972851950026396,0.3995361170879641,0.02700356120804459,0.38362467736120065,0.03394436034266568,0.3337400123006251,0.07593151990436486,0.19256997541869492,0.11897810895733585,0.06780271706689944,0.2201062795750738,0.01786051049672932,0.16105422363483313,0.16105422363483313,0.3703518662191939,0.37035186621919386,0.4160878853033071,0.41608788530330704,0.347310946814654,0.34731094681465413,0.43181794783290967,0.3069772790441198,0.2711923699463421,0.4242033283346232,0.4146127897406353,0.45862381921135503,0.02470631071540408,0.057603586394588124,0.28814610180195555,0.05602070823705657,0.049273945706424294,0.3084898411112541,0.11635338098170828,0.05530258484713885,0.3353141318499617,0.07752078313077237,0.23917206489935405,0.25105904325865597,0.06690201952481248,0.40262101787220606,0.3960374319100615,0.2538290220614816,0.12540789953628415,0.402621017872206,0.39603743191006147,0.25382902206148156,0.12540789953628415,0.18666648864746094,0.2743552507594806,0.13207535287076227,0.18952080413354083,0.18666648864746094,0.13207535287076222,0.13967977335135698,0.13875607107708968,0.343548206993065,0.3338552330087145,0.5119693091568401,0.37089988975519056,0.034603943202132476,0.0709677533478199,BUY,0.0,0.0
0.03993610229726205,0.03481013082031098,0.04078303508257508,0.038524593111328886,0.041016539722448175,0.0,0.0,AVH,2022-05-25 00:00:00+10:00,"Pharmaceuticals, Biotechnology & Life Sciences",0.42964046969511693,0.4855607309094344,0.5272109345552473,0.2896707508852049,0.03724548530482752,0.412839188686037,0.026048450207810436,0.383936512821476,0.030968297964097113,0.34222254364034743,0.0736793908814436,0.19472037774403872,0.11568196062277586,0.07009971374553314,0.21775720200424228,0.01835264023234967,0.11288710869188859,0.11288710869188859,0.34792956243272954,0.34792956243272954,0.41532564472246913,0.4153256447224691,0.3017893987694973,0.3017893987694973,0.38095216469961807,0.29614192802474476,0.30635977500345646,0.42665349204165803,0.4172550709219168,0.4590048768307096,0.024974201134568663,0.05532671380405757,0.30416873734266386,0.05153563048032839,0.04827665038971968,0.31530435456839356,0.11619869971917213,0.050532909709161966,0.3429653268508839,0.07275752104402486,0.22401994834389793,0.2346023573060542,0.06292082758976052,0.3624823506949443,0.3546491884358977,0.26768280284844476,0.158986820824623,0.3624823506949442,0.3546491884358977,0.2676828028484448,0.15898682082462304,0.24074052815900224,0.25747664211198296,0.13978480289322207,0.16537721609875905,0.24074052815900226,0.13978480289322204,0.13701073714941023,0.12987022891930874,0.29970711735427846,0.326101996497353,0.45506531175971265,0.40100898816744457,0.035116872113184455,0.10032368602232067,BUY,0.0,0.0
0.03913738101303749,0.03164555804027702,0.03752039538746771,0.03442623630001876,0.03666115275965161,0.0,0.0,AVH,2022-05-26 00:00:00+10:00,"Pharmaceuticals, Biotechnology & Life Sciences",0.40122415212253526,0.4565272447239814,0.5136055078249936,0.25493666696605133,0.03509352180922609,0.3956285115576037,0.02240166651627068,0.3791536989791733,0.028380417232516608,0.33342068591901564,0.07122585218014643,0.18796328008347363,0.11244574219855469,0.06616681738961216,0.21542441498572015,0.015562807133098905,0.10834477154212249,0.10834477154212249,0.23452402692032734,0.23452402692032737,0.4081126990250591,0.40811269902505903,0.2993404019868904,0.29934040198689027,0.38095216469961807,0.32699169296610636,0.31248874410411687,0.42810175374741766,0.4197019166799478,0.45730008052572857,0.015418047547371028,0.05866563990850693,0.16493808938389642,0.04896381079293616,0.04585142063666375,0.3011768575480873,0.11574560975576725,0.04569973196009791,0.34145343634167824,0.06770430036963429,0.21398637651455787,0.2198782830582501,0.05818210786961583,0.3688060266773021,0.2730743779300061,0.28477330445518445,0.14680970736744614,0.3688060266773021,0.2730743779300061,0.28477330445518445,0.14680970736744617,0.15999984741210938,0.19996386493036947,0.08602141716505975,0.12143660155005508,0.15999984741210938,0.08602141716505962,0.11921714125815075,0.12030086044169849,0.2596590437226629,0.31431351327296875,0.5039619393569981,0.43376457074407615,0.03561954244601542,0.13486845097878675,BUY,0.0,0.0
0.03993610229726205,0.03560126929976218,0.04078303508257508,0.036065579024542826,0.04181198132244497,0.0,0.0,AVH,2022-05-27 00:00:00+10:00,"Pharmaceuticals, Biotechnology & Life Sciences",0.4511461348504332,0.5072837041483828,0.5170068645075571,0.2637251457980411,0.03227941691395475,0.43313789091364097,0.02153338360059004,0.3942275917175029,0.02587879908915569,0.3519999493048538,0.06932161347478066,0.19645861392208297,0.10920952377433352,0.07310192488997674,0.21309162781184057,0.018510218921049593,0.08279214162272297,0.08279214162272297,0.10677126800057349,0.10677126800057347,0.4095669324499809,0.40956693244998094,0.27420467554600747,0.27420467554600747,0.2352939526514608,0.38833659284295374,0.35233888336414276,0.431315879738797,0.42239846609793363,0.45947826229928374,0.01570537186195664,0.056545951910001224,0.27303810559099406,0.04561891299964127,0.04451439799324275,0.3280427986918488,0.11601234820702622,0.04115968480867743,0.35475554698826234,0.0717518201652581,0.21027423176618426,0.24137781720763196,0.06721556881741038,0.35490460345483726,0.3572080519577841,0.29007725342003143,0.17681795573819778,0.35490460345483726,0.35720805195778416,0.29007725342003143,0.17681795573819778,0.19999980926513672,0.20450276715551294,0.10752677145632467,0.11310676138688135,0.19999980926513672,0.10752677145632461,0.10409260278045232,0.11619970252272269,0.33502247603728,0.33302246970118937,0.5817493582065277,0.48843487075617587,0.036112159372189756,0.12418304625710097,BUY,0.0,0.0
0.043131006477177714,0.04588606953262775,0.04730833391965633,0.05409836853681421,0.10306342725184697,0.0,0.0,AVH,2022-05-30 00:00:00+10:00,"Pharmaceuticals, Biotechnology & Life Sciences",0.5944109221196507,0.6468106981534499,0.5782312847936982,0.4178563547594795,0.033438164363377154,0.5784551678246772,0.022314836361572277,0.5013935399085887,0.02458485923753101,0.4457002177621612,0.06771033473814198,0.25160494634059627,0.10617877953253713,0.11137104927675967,0.21094129331685887,0.03793891520749315,0.24520029017161687,0.24520029017161687,0.21752341370652664,0.21752341370652667,0.46432022226625513,0.4643202222662552,0.3169816109148794,0.3169816109148793,0.612244788729516,0.5658705154922858,0.43860123053017785,0.4432121400139893,0.4272911934608116,0.4786356698114986,0.01811929936901452,0.05541397698854872,0.7709819868723807,0.0426717801816921,0.04525037469533716,0.4854382544948847,0.1154079353327519,0.03837714335788095,0.40865773610046463,0.10197605518779285,0.21576623990874394,0.46493571495986863,0.16256796168580162,0.44394185846108725,0.41332619278107385,0.3629992652779258,0.20099563484588362,0.4439418584610873,0.41332619278107374,0.3629992652779258,0.20099563484588368,0.6399998664855957,0.3404178292097084,0.34408592502428403,0.18243034729103147,0.6399998664855957,0.34408592502428403,0.09875453037655876,0.12508554468050362,0.5475243245376415,0.4026038961892507,0.7498695630215928,0.5037737732561708,0.0365949239598406,-0.024390220854836775,HOLD,0.0,0.5
0.05431310445632126,0.04667720801207892,0.05138663353854056,0.047540997638718,0.029698262930533875,0.0,0.0,AVH,2022-05-31 00:00:00+10:00,"Pharmaceuticals, Biotechnology & Life Sciences",0.3832185699335925,0.4379320510920524,0.5034014377773034,0.23292792494075126,0.03509352180922609,0.5076777983139205,0.022835804868893694,0.45772944284258155,0.022557686357708884,0.4229402306769614,0.0657694756547092,0.23690016232043698,0.10328501835118431,0.1024815685603524,0.20886915272724652,0.0325563068791066,0.23076407215329095,0.23076407215329095,0.22459043261679937,0.2245904326167994,0.45982742674640764,0.4598274267464076,0.31369250301969354,0.3136925030196934,0.47058826279337757,0.482713356114729,0.43355347669790645,0.45077220081059066,0.43294377496690484,0.4852639284666206,0.01873135982878049,0.05579355781969575,0.5790009352234424,0.03731979996147683,0.047265320105061015,0.4414305386651624,0.11449403655884705,0.03526255413210566,0.396923408403681,0.09367355903798288,0.20767301780141612,0.14253116524531342,0.048178976837096585,0.4564428360474554,0.4047902850801534,0.3202679144752131,0.17959173147128546,0.4564428360474553,0.4047902850801534,0.3202679144752131,0.17959173147128546,0.48000001907348633,0.44935164493709956,0.25806450785922436,0.24080811757709625,0.48000001907348633,0.2580645078592243,0.09252675802706872,0.12030084414514555,0.5284130843429754,0.40488869038951236,0.6923595035824492,0.527315258376481,0.03706803325573843,0.0406249606516218,HOLD,0.0,0.5
0.05111821931942312,0.04667720801207892,0.05464927323364788,0.05000001172550406,0.04502039568223107,0.0,0.0,AVH,2022-06-01 00:00:00+10:00,"Pharmaceuticals, Biotechnology & Life Sciences",0.45727897274320156,0.5134397463852522,0.5272109345552473,0.2900444532950108,0.037411020654745,0.5086566877733434,0.022748976784340125,0.47343685267894875,0.02078930124254541,0.4433219922771581,0.06359058695137781,0.2487823304036687,0.10055392406932268,0.11081177380295226,0.2068458836392049,0.03628399316121206,0.22799784637357312,0.22799784637357315,0.2088799306477598,0.20887993064775984,0.4617435016776158,0.46174350167761563,0.3011961642548634,0.3011961642548633,0.5192307515962583,0.369461211980597,0.4118309075130351,0.458883182802592,0.43933092146648545,0.49167158817250844,0.018497471644162378,0.05588029086556251,0.6489617778029114,0.03176647022287482,0.05006063863708432,0.48219820787126494,0.11267076606397852,0.03278314711150526,0.4087483035579474,0.09573668190112597,0.21052277459113317,0.21269089458448442,0.07231063820199948,0.47205143681233375,0.38398256659387847,0.3351608828492897,0.16787921192539484,0.47205143681233364,0.3839825665938785,0.33516088284928974,0.1678792119253949,0.6774196029330105,0.6118739322159297,0.35526313725600916,0.32487017781912975,0.6774196029330106,0.3552631372560091,0.05604988751056761,0.10526323251579503,0.5764830245003238,0.43203377007002286,0.6193369810148905,0.5128848993942013,0.0375316803657183,0.049535629995625774,HOLD,0.0,0.5
0.04952077675097405,0.04113923865592056,0.04078303508257508,0.04918034036324204,0.05516105471736618,0.0,0.0,AVH,2022-06-02 00:00:00+10:00,"Pharmaceuticals, Biotechnology & Life Sciences",0.42992524066012644,0.4858497729887884,0.5306122912378106,0.29831928591425944,0.04039066089993387,0.4765558949673516,0.023183117207108028,0.46579624392898134,0.01889152224505264,0.44823921112918974,0.061466628160330605,0.2510882607260133,0.0977286542140714,0.11295485416018092,0.20486496942788088,0.03666281802407895,0.2162062056857316,0.21620620568573157,0.19958887718693266,0.19958887718693263,0.46074885348682204,0.4607488534868221,0.30115501057193017,0.30115501057193017,0.6428573455941081,0.5222198797360655,0.41681780484402253,0.46586631699632886,0.44604637678466674,0.49453544801702476,0.019221642053209864,0.055953070773861024,0.6126186583954739,0.02410340382439502,0.05505855119991815,0.4984056685058101,0.11090328418259915,0.030353713091408885,0.4117222467555109,0.1052693851447602,0.21000074191888046,0.24305193079783596,0.08875975146612922,0.48868116891435265,0.40166331060206295,0.32784259267887683,0.17039948380398254,0.48868116891435276,0.4016633106020629,0.32784259267887683,0.17039948380398254,0.6451615632263116,0.61363106665331,0.34666665395100915,0.3257458723898742,0.6451615632263115,0.34666665395100904,0.040925327821254964,0.10731381147528293,0.4395246403184517,0.3777963172868656,0.6386937204488115,0.5047207763953628,0.0379860545334986,0.012422348291186713,HOLD,0.0,0.5
0.05111821931942312,0.04272151561482296,0.04078303508257508,0.038524593111328886,0.061395566978647655,0.0,0.0,AVH,2022-06-03 00:00:00+10:00,"Pharmaceuticals, Biotechnology & Life Sciences",0.34816268771757186,0.4012750417173495,0.47959185990461956,0.17419659933795784,0.04088726694968636,0.38336651874562877,0.02196752195321311,0.4069963270402528,0.017209399718108698,0.4028400424875658,0.05903139942979496,0.22511351949799385,0.09499755972808954,0.09557166238113957,0.2028091194682566,0.0269735948434639,0.2631165124815917,0.2631165124815917,0.2207680388672512,0.22076803886725116,0.45451366718191377,0.4545136671819137,0.3084441901991105,0.3084441901991105,0.5,0.4237277921512683,0.3785868902913698,0.46748507602077716,0.45179096689054676,0.4860665256536307,0.018089207964166465,0.05473104445246363,0.3606490872543,0.0199002381781202,0.05645154448361628,0.3414215903285933,0.10902797133867276,0.027375348825893486,0.3895707041497294,0.11536049324541817,0.19737852237580977,0.2525235853330155,0.10334485321891275,0.4295849329957025,0.34624100051920526,0.33570955888602644,0.1496976426526365,0.4295849329957024,0.34624100051920526,0.3357095588860265,0.1496976426526365,0.24999978712624693,0.5353348496415558,0.24074052815900224,0.31986748864717657,0.24999978712624693,0.24074052815900226,0.04181502776685142,0.112098495714088,0.3871756159605141,0.35153134620823034,0.5139597031154829,0.45023614302472925,0.03843134121792327,0.04207123561550841,HOLD,0.0,0.5
0.03833865972881295,0.03876582321756694,0.04241435493012874,0.04262296946514582,0.07654915138461689,0.0,0.0,AVH,2022-06-06 00:00:00+10:00,"Pharmaceuticals, Biotechnology & Life Sciences",0.472207870547221,0.528354136376965,0.551020512427931,0.35054765922209274,0.0385697720508415,0.4365798131796561,0.021359725361338067,0.43594340395201137,0.016519299012352218,0.4266539113091108,0.05676096087265636,0.24222336691320645,0.09232639535656662,0.10721433294002425,0.2006913657671788,0.03247925639207189,0.1355492393231073,0.1355492393231073,0.22696741720625055,0.22696741720625058,0.43663560678754054,0.4366356067875406,0.31225624183529954,0.31225624183529943,0.5925926907071978,0.482713356114729,0.4408170347954732,0.4714842647650428,0.4573062331906348,0.4840661187148275,0.017146966460366064,0.054547718966329595,0.48425885082503684,0.018744707119905668,0.05635578421192683,0.4238023032672544,0.10706407184538858,0.02487344139725689,0.40582487620807306,0.10169811145875376,0.19554255136629,0.346021033933563,0.12972194140968285,0.36680445525548766,0.36643200168032874,0.39708862958799745,0.1599151526080871,0.36680445525548766,0.3664320016803288,0.3970886295879975,0.15991515260808709,0.42857191514000703,0.4506226195652672,0.3600001335144043,0.32147484921192093,0.42857191514000703,0.3600001335144043,0.03914599156490464,0.1004785482769899,0.40455822236444877,0.368346000588025,0.6024833285116621,0.5408032277757935,0.03886772216865944,-0.0031847102322188903,HOLD,0.0,0.5
0.03993610229726205,0.03243669651972819,0.03752039538746771,0.03278689357549472,0.048042274323424956,0.0,0.0,AVH,2022-06-07 00:00:00+10:00,"Pharmaceuticals, Biotechnology & Life Sciences",0.3528918798288755,0.40625570710242903,0.5034014377773034,0.22913100568182282,0.035590131805652625,0.3775810774611812,0.02066510068490951,0.37877543141478864,0.016303642541803276,0.3781632919326867,0.054490521878973575,0.2179192636877526,0.0894668796341444,0.09135271759491098,0.19860619293768358,0.02354539767738334,0.15482576369707857,0.15482576369707857,0.23165881763248405,0.23165881763248403,0.4047804643778974,0.40478046437789733,0.31664911767166004,0.31664911767166015,0.46875004656610375,0.3555936720726876,0.45718927313488766,0.4710679146863861,0.4616227085327893,0.4736089847851723,0.017834082780675886,0.05233189371910074,0.25762704190797614,0.01909555618502512,0.05549074912784868,0.25506018188240787,0.10576512467714094,0.021523205830816627,0.3862472725219808,0.1111504867905784,0.17275618227092093,0.2032423131332564,0.08885638944319246,0.35057654381298653,0.3626823436906451,0.428170159169244,0.1553374549594776,0.35057654381298653,0.36268234369064506,0.42817015916924406,0.15533745495947757,0.0,0.23099801599705222,0.11999988555908203,0.24456213808078228,0.0,0.11999988555908203,0.03647697657457205,0.08954212715972104,0.2827050725688993,0.2682984011760533,0.5240167746920897,0.5614533557057668,0.06025038875473232,0.07947020233527047,BUY,0.0,0.0
0.03993610229726205,0.04272151561482296,0.04404567477768245,0.04672132627645598,0.1018289605141635,0.0,0.0,AVH,2022-06-08 00:00:00+10:00,"Pharmaceuticals, Biotechnology & Life Sciences",0.5601851647358157,0.6142666536615851,0.5612245824756212,0.3761563073730906,0.034927990405982656,0.5021012456267742,0.02153338360059004,0.46036489027698857,0.01626051124769351,0.44851037137849503,0.052677833463959156,0.26373949590176493,0.08697550540187854,0.12273778790157874,0.19647866499843467,0.03936059152317395,0.24475402339778984,0.24475402339778984,0.2806015151721769,0.2806015151721769,0.41804188821192734,0.4180418882119274,0.3439299564161641,0.343929956416164,0.42372893684376844,0.4931996475191186,0.5881108928647885,0.4778329597721261,0.46663147838366875,0.4796479162173723,0.01858340447576562,0.053272513455756676,0.5831065169154345,0.019038965576686384,0.05546643025003839,0.502746875962298,0.10435207064628327,0.01932810175584787,0.4273828602533961,0.14042303058445196,0.1794270531445768,0.3594335515499339,0.18342807181975132,0.40304567352225273,0.4172162641156626,0.4408753420690266,0.18647090878466988,0.40304567352225273,0.41721626411566265,0.4408753420690267,0.1864709087846699,0.6071431916587549,0.3525760564575006,0.46000003814697266,0.318961413608021,0.6071431916587549,0.46000003814697266,0.0400356915105011,0.08544096924074521,0.49148299129750683,0.43117346308952315,0.6356983379288649,0.6848251284464064,0.05976525583189929,0.09717866370499473,BUY,0.0,0.0
0.047124612898300444,0.05063290040933488,0.05138663353854056,0.05327869717455219,0.09149776856646634,0.0,0.0,AVH,2022-06-09 00:00:00+10:00,"Pharmaceuticals, Biotechnology & Life Sciences",0.49172261184672295,0.547699982586016,0.5578231446983178,0.3655555424267847,0.0357556671555701,0.5508685625281013,0.023530431615467085,0.4889943635418814,0.015441015631276422,0.48557459665668556,0.05108486469808193,0.28724240380949617,0.08477521930554427,0.13913618466184752,0.19422081388357018,0.047680181867962634,0.25590769617118325,0.25590769617118325,0.27884399919317193,0.278843999193172,0.3567153894428595,0.35671538944285947,0.35013078644530904,0.35013078644530893,0.5593219380104023,0.5033046197319686,0.5720018599417548,0.4868464919524878,0.4727111126335663,0.48898913819349943,0.020238757266995033,0.055513374721261166,0.7015754646389571,0.014824229421679658,0.05868697457670746,0.6786551057460082,0.10292201066110851,0.01763927946909638,0.44830919531232416,0.15914675737846773,0.16362292900300013,0.2920278425729261,0.1756662912770395,0.4364315478337197,0.45780610225674867,0.39088306464018074,0.20179554734637056,0.43643154783371957,0.45780610225674856,0.39088306464018074,0.20179554734637062,0.7812501629814845,0.47263407724530543,0.619999885559082,0.4071846938226261,0.7812501629814845,0.619999885559082,0.04804280011634146,0.08407390030453366,0.6225673813173871,0.5483277073259876,0.6698564163841231,0.6929138931102187,0.03599374261308175,0.07033639768044231,BUY,0.0,0.0
0.050319498035198584,0.05063290040933488,0.05464927323364788,0.05409836853681421,0.047565053776693206,0.0,0.0,AVH,2022-06-10 00:00:00+10:00,"Pharmaceuticals, Biotechnology & Life Sciences",0.443423546354139,0.4995075270728927,0.5476190746506276,0.33982154227178585,0.03890084275067651,0.5304751451691567,0.025440651545790616,0.4826273509593497,0.015958591160593838,0.4871435786100691,0.04921724549769485,0.2942338844613771,0.08230952932056645,0.1444066455671088,0.1920183501183423,0.04999871235088049,0.2063765762222407,0.20637657622224073,0.2791546869644468,0.2791546869644468,0.2687261384721965,0.26872613847219645,0.33685324614979517,0.33685324614979517,0.5438595757407179,0.5190786606929569,0.47740847224998695,0.4949516063575592,0.47943855210479924,0.4946399865878782,0.0214884858959839,0.058036299394918445,0.6833205031602535,0.015955240301642415,0.058448701294216754,0.6750347481274418,0.10064886065746953,0.016420312813646587,0.4542568457352172,0.15202011539070207,0.15791377047812033,0.1575552481999062,0.09354418141445578,0.4914061015345229,0.4542787547729006,0.48054963573804377,0.18626008208397488,0.4914061015345229,0.4542787547729006,0.48054963573804377,0.18626008208397493,0.8125001396984154,0.749223742922255,0.8125001396984154,0.642164317799811,0.8125001396984153,0.8125001396984153,0.0489324788503237,0.05741634123808495,0.6337726121368887,0.5729086010850303,0.6719209988704361,0.6475535624500293,0.03649452497300251,0.024390220854836775,HOLD,0.0,0.5
0.04392972776140225,0.03560126929976218,0.03588907553991405,0.03524590766228078,0.09712737214031306,0.0,0.0,AVH,2022-06-14 00:00:00+10:00,"Pharmaceuticals, Biotechnology & Life Sciences",0.2829108665322303,0.3313873277987073,0.4965986433174366,0.2132065212324961,0.037411020654745,0.38371750222163925,0.02344360353091357,0.37836795030207715,0.015354752014725748,0.3949178717997537,0.046379197410407635,0.24348283868559428,0.07961268090587592,0.10961721552377901,0.18976701508457985,0.03151571813864956,0.3087432133568534,0.3087432133568534,0.27741441146138635,0.27741441146138635,0.3275926016692682,0.3275926016692682,0.3242759656789407,0.3242759656789407,0.392405074751728,0.45931419014697616,0.5030396018672062,0.4934503324924837,0.48447529297773717,0.4798919093188205,0.02038331814244887,0.055169664519102046,0.25402142170934905,0.016049000962213122,0.057068935445493074,0.2871845564687149,0.09664637091853057,0.015267332236874487,0.40885051914356807,0.16262374303123903,0.1595585118962055,0.30457730213013334,0.1896853454162801,0.38357454961351606,0.32113611978767703,0.4015268059546348,0.12900343825521976,0.383574549613516,0.321136119787677,0.40152680595463486,0.12900343825521973,0.14705872040716295,0.592602711282964,0.14705872040716295,0.5359768720481596,0.14705872040716295,0.14705872040716295,0.06405701732802219,0.053315167022556204,0.3312239107119906,0.2927449984967442,0.6324139515395277,0.6361691172686065,0.061032860609121,0.05245904535479684,BUY,0.0,0.0
0.033546332023465714,0.026107588684118638,0.030179456073476163,0.025409851315136456,0.07338714888814718,0.0,0.0,AVH,2022-06-15 00:00:00+10:00,"Pharmaceuticals, Biotechnology & Life Sciences",0.35041855058871596,0.40365225372789415,0.50000008109474,0.2184205702150963,0.03592120250548764,0.31206831252453204,0.02109924317782219,0.3304625186165542,0.014448993810089072,0.3492764107641064,0.04332142967398317,0.2201919239973913,0.07703569231186291,0.09284272716711012,0.18722896875374836,0.022620803123018063,0.30998122245666265,0.30998122245666265,0.2883052765273144,0.28830527652731436,0.3409599592270601,0.34095995922706007,0.3311841888445536,0.3311841888445536,0.3974360228368257,0.4140757958471449,0.4471958433098351,0.488474186347645,0.48736044480567076,0.46112345377092984,0.022386643424185892,0.048050314524986426,0.16193781558145648,0.017509736456888303,0.05345083601313483,0.1571707705306134,0.09257473782689479,0.013717976696024314,0.38730728687487537,0.17568355105210687,0.16796936802422363,0.2159540655928515,0.1383906902967197,0.38221237506329164,0.30777376597951234,0.3793323584171632,0.11402907756286018,0.3822123750632916,0.30777376597951234,0.3793323584171632,0.11402907756286015,0.0,0.3266510999154655,0.0,0.3255981189664922,0.0,0.0,0.06761571105233702,0.04989753542340969,0.23316050061118565,0.20045750561893796,0.611235379785342,0.5556554004492008,0.06050077937502468,0.0853242301378816,BUY,0.0,0.0
0.027156561749669406,0.02056961932796028,0.024469817160171742,0.021311494503826328,0.046408754387753125,0.0,0.0,AVH,2022-06-16 00:00:00+10:00,"Pharmaceuticals, Biotechnology & Life Sciences",0.39928603663109286,0.45453313027416636,0.5102041511424302,0.24360406705002347,0.030789602711371378,0.317608587000199,0.018060258148302255,0.3215161705243237,0.012896266193805739,0.3353776120825167,0.040318591849843044,0.21423464806242276,0.07457000212276488,0.08765353485193605,0.18453127653278792,0.019872192425353596,0.2225144684047108,0.2225144684047108,0.2839462032831367,0.2839462032831367,0.32836714815704604,0.328367148157046,0.3311409234091227,0.3311409234091227,0.3333333333333333,0.4140757958471449,0.4471958433098351,0.48339960478705324,0.48850169064722926,0.44591124488700007,0.022974587067545682,0.0411064942790354,0.1933085583348484,0.01839798765776801,0.04914376973791268,0.15838450054124065,0.08886316203686329,0.011830416857974285,0.3814530497641273,0.14712640626768264,0.1671650815878919,0.15782623093613415,0.087804741943019,0.30162099960895933,0.2852884382628791,0.33663425465287544,0.11415055126990192,0.3016209996089593,0.28528843826287914,0.33663425465287544,0.1141505512699019,0.041667121979907275,0.0642456722159037,0.041667121979907275,0.06403857213598711,0.041667121979907296,0.041667121979907296,0.06939508973191572,0.047163430144092494,0.20479273267254472,0.1819421070618177,0.6061408499346387,0.5504579941181896,0.05923880803696702,0.10763886474348983,BUY,0.0,0.0
0.017571887295957406,0.009493661753414345,0.004078299618884174,0.0016393622670308472,0.13534387748689308,0.0,0.0,AVH,2022-06-17 00:00:00+10:00,"Pharmaceuticals, Biotechnology & Life Sciences",0.25393311832230253,0.29963082654874673,0.46938787095166945,0.12718870038261046,0.020360867773221464,0.2268345199285402,0.013024225103905218,0.2237228335171031,0.01061030554932485,0.24451463578828836,0.03665659464174709,0.16054588455745633,0.07210431213778717,0.04968676455937887,0.18187268118683333,0.00023782847822986786,0.2157630804975885,0.2157630804975885,0.3464359844452305,0.34643598444523044,0.3884721898459301,0.3884721898459302,0.3617363710460243,0.3617363710460243,0.2888889242101655,0.3282787578457796,0.33266985957122563,0.47133724294828916,0.48664100523640286,0.4197251972311866,0.027429937164934692,0.025640295178021272,0.11077161591543944,0.023185341470327803,0.038721230073330004,0.054062238138078034,0.08460025596400578,0.009192469244541451,0.33338442843943544,0.1697196040955335,0.18572339409339828,0.40980113007493724,0.23794552807115207,0.18741330773050976,0.2180079898566662,0.28249783693940905,0.07500104431811627,0.18741330773050974,0.2180079898566662,0.2824978369394091,0.07500104431811627,0.04109617674589349,0.028174115924937005,0.04109617674589349,0.02808329483989914,0.04109617674589339,0.04109617674589339,0.08362997068724612,0.05536577857514999,0.1372085858734265,0.08287248404484071,0.5103650184245954,0.46698965826579386,0.05709293001198473,0.21969693206777618,BUY,0.0,0.0
0.002396182895691157,0.0015822769589023955,0.0048939595426610305,0.0,0.07273072081176792,0.0,0.0,AVH,2022-06-20 00:00:00+10:00,"Pharmaceuticals, Biotechnology & Life Sciences",0.4200991261925493,0.47585445655752484,0.5272108534605071,0.28812495290651574,0.009435522838644989,0.3029120398571634,0.008943300989597558,0.2347599640845448,0.007979293523634634,0.24703004168156584,0.0327748773479698,0.16361457578586192,0.06980985026394299,0.04911500504225036,0.1791424080166115,0.0,0.19551014238970407,0.19551014238970407,0.3406998549162291,0.3406998549162291,0.38051761343465484,0.3805176134346547,0.35418689774022594,0.3541868977402258,0.11999988555908203,0.20380898281091003,0.3452223625763985,0.462006353330683,0.48300686372236357,0.4042552206961364,0.03022894087770961,0.014030176917352699,0.19885806153329744,0.025607599805437087,0.030347320262693905,0.13131500445445732,0.07901369299783512,0.0077586182311617236,0.33319172396428937,0.1826870693459878,0.193819769355968,0.20717790899510247,0.12403665955530155,0.1771756902578907,0.2442775879447677,0.261586972985409,0.06568879104066921,0.1771756902578907,0.24427758794476773,0.261586972985409,0.06568879104066921,0.013698616715036242,0.032837371513859015,0.013698616715036242,0.03273151812280228,0.01369861671503625,0.01369861671503625,0.07295382587945898,0.04989756801651557,0.20148169726337878,0.14234099233714526,0.4084364207676884,0.46031039180576894,0.052838484352781434,0.2671756023891363,BUY,0.0,0.0
0.0,0.0,0.0,0.002459033629292895,0.09076472760566526,0.0,0.0,AVH,2022-06-21 00:00:00+10:00,"Pharmaceuticals, Biotechnology & Life Sciences",0.4618312985052028,0.5179982794827224,0.5476191557453677,0.3498781062816323,0.0028141048952713688,0.386272400109243,0.0046887207061827585,0.2742110293444997,0.005563938996824391,0.27015142385849367,0.029057950227589557,0.17963444048432942,0.06748970434693097,0.057286528083549615,0.17636326357785512,0.004274315264550965,0.21855494553534643,0.21855494553534643,0.3370803451633527,0.3370803451633528,0.38481364417584374,0.3848136441758438,0.3578017299186035,0.3578017299186035,0.05714311988975524,0.24128461444283034,0.3305961312644212,0.45675566892741715,0.47889218088873703,0.4000634265351941,0.02924992552422817,0.006358553568910075,0.27708824443914726,0.026488772194824095,0.02423457832711709,0.20386738249816272,0.07326603705604678,0.006893725553807378,0.34397317371798863,0.17940850050101964,0.2034995849891263,0.26247844660873204,0.14944082751267412,0.26099022057861665,0.2405768823679413,0.27548730640167507,0.07343615794546746,0.26099022057861665,0.2405768823679413,0.275487306401675,0.07343615794546748,0.11538481524240599,0.05793220059477296,0.11538481524240599,0.057745452398994083,0.11538481524240596,0.11538481524240596,0.07651256202700221,0.05536579487170293,0.25469860129112953,0.19181616164222973,0.3879301027347735,0.41029011412781524,0.04892439434631443,0.29056602008150145,BUY,0.0,0.0
0.00798723188526293,0.00791138479451195,0.01141925837974228,0.011475418614175198,0.06484603363994032,0.0,0.0,AVH,2022-06-22 00:00:00+10:00,"Pharmaceuticals, Biotechnology & Life Sciences",0.5277623675838925,0.5829904631891117,0.551020431333191,0.35789807989601696,0.0,0.5019512015396423,0.002431188437644949,0.3471419090860328,0.00409747396876059,0.32403449624526615,0.025725532493199477,0.21655435978167237,0.06546920838985365,0.07919676579016777,0.1735547964245853,0.01585376640822181,0.2829164525111195,0.2829164525111195,0.36447382548827245,0.3644738254882724,0.4008864092720209,0.40088640927202085,0.3759921774226711,0.3759921774226711,0.17500008940694586,0.2884488832348184,0.3873632127611135,0.4576956513566977,0.4758165790600718,0.4091273998332337,0.028084810586279485,0.0030222364861234585,0.3776956359339444,0.02660666321481231,0.021012531074842244,0.2990669020491733,0.06752407169141283,0.006869598636619234,0.37385748232354443,0.17500740058076397,0.2074743690211771,0.19143096664870826,0.10527218729774007,0.3484588353588144,0.30616338756080463,0.3380182173910004,0.09431934527516966,0.34845883535881444,0.30616338756080463,0.33801821739100046,0.09431934527516964,0.2564103269483002,0.1312290111554522,0.2564103269483002,0.1308059859498581,0.2564103269483001,0.2564103269483001,0.08185063443089577,0.05878342647084944,0.3395519769867019,0.2815688658230281,0.39524608939690514,0.4162061561278406,0.04403195491168296,0.4999999568082283,BUY,0.0,0.0
0.017571887295957406,0.023734173245765045,0.02120717746506437,0.023770508590612388,0.12524807585075276,0.0,0.0,AVH,2022-06-23 00:00:00+10:00,"Pharmaceuticals, Biotechnology & Life Sciences",0.5559221823040308,0.6101795083314964,0.5612245824756212,0.383884805350917,0.0004966060497524905,0.618226349239138,0.0,0.4445636992655626,0.003321110674784522,0.39255198935688695,0.02292410434743508,0.26373702179584024,0.06344015081289339,0.10842352932374655,0.17097113698228836,0.031086745508557667,0.3350441429716326,0.3350441429716326,0.3614510146884635,0.36145101468846347,0.433144206291155,0.43314420629115497,0.40042365857254236,0.40042365857254214,0.40277790655319706,0.3664612791753229,0.4815959682401343,0.46494221639691835,0.4750224103716858,0.4290284941329257,0.023210603947672048,0.0035460171882978897,0.5037551050358038,0.02609496777923609,0.01998016325519819,0.4040821141568042,0.062211445774178364,0.007468816704753217,0.41495792497623474,0.21563204049259094,0.22506285444015267,0.31012275717055615,0.19147050843881797,0.43031784787360494,0.30458689853540755,0.3876598019448066,0.12461905358513914,0.4303178478736049,0.30458689853540755,0.3876598019448066,0.12461905358513917,0.44871814857573933,0.27931748646938415,0.44871814857573933,0.27841708848497976,0.44871814857573933,0.44871814857573933,0.0880783855687716,0.06766926862863037,0.4255811408803784,0.3674329804943511,0.4951172485880745,0.49163875451286687,0.03962875942051469,0.41580747905132354,BUY,0.0,0.0
0.03514377459191481,0.06249999646333204,0.039151715235021395,0.0622951017019413,0.20697559202328852,0.0,0.0,AVH,2022-06-24 00:00:00+10:00,"Pharmaceuticals, Biotechnology & Life Sciences",0.7909754015221906,0.8250037432286104,0.6462585806344463,0.598173514164766,0.012746233783668848,0.8568828872145824,0.0009551110002341545,0.697074332920002,0.004787576731179466,0.5879349141126002,0.020763526051409242,0.39703647197567526,0.061744988858918604,0.19417788774497546,0.16859273669694338,0.07564676589160019,0.4103295269820425,0.41032952698204245,0.610977845327127,0.6109778453271268,0.6330741011928884,0.6330741011928884,0.5732124927918947,0.5732124927918946,0.7102803155234723,0.5714785449176297,0.629901987586208,0.4887836499578218,0.4798692983894496,0.4782358101295961,0.027272687248416083,0.0008980315918120929,0.8226807242138292,0.029591678163075175,0.018962337555861214,0.6870570279191289,0.05530431930295526,0.011515631001597249,0.5450985186170358,0.25254271596908595,0.26062641138474524,0.44699776343771014,0.2830308908246234,0.7531341631667214,0.4184131617022015,0.5518553959210866,0.1738827953264269,0.7531341631667214,0.41841316170220155,0.5518553959210867,0.17388279532642695,0.8817205513980428,0.5401919586119519,0.8817205513980428,0.538450614892754,0.8817205513980428,0.8817205513980428,0.12366555613967625,0.10184560091664849,0.6119755452374779,0.5477150009588185,0.630382250623119,0.5940808063304663,0.0,0.2071005282734799,BUY,0.0,0.0
0.06150159601434213,0.0530063158476885,0.04812399384343319,0.05000001172550406,0.10107038192522182,0.0,0.0,AVH,2022-06-27 00:00:00+10:00,"Pharmaceuticals, Biotechnology & Life Sciences",0.3393759109918596,0.39199124743461766,0.48299329768192306,0.18694052583704396,0.022843901968657848,0.6408018309961201,0.0005209705774663065,0.6176056324077515,0.005520809759376966,0.5194502136024131,0.01876773705569218,0.3620024320776153,0.05988715980133247,0.17063119534360394,0.16609378755183277,0.06377008279909185,0.47360133042111513,0.47360133042111513,0.6286584055121482,0.6286584055121481,0.6501916915377947,0.6501916915377945,0.5689584855575798,0.5689584855575797,0.6495725381051805,0.5088484235085255,0.5995141430253723,0.5026157879143096,0.48692744239326535,0.49752474440614136,0.025708062701164158,0.0017811737539678296,0.7282859083325035,0.03084129867565838,0.019038433264311816,0.5878094092303425,0.050042164157279745,0.013827276482438589,0.5074527504714723,0.26714568954360596,0.27300022721265715,0.20777395922860223,0.13331639742034485,0.696344167968428,0.3725848235526736,0.4975208581568723,0.17758925933837658,0.6963441679684279,0.37258482355267364,0.4975208581568724,0.1775892593383766,0.7204301378495107,0.6981526506707689,0.7204301378495107,0.6959021104435305,0.7204301378495107,0.7204301378495107,0.1343417009474634,0.112098512010641,0.5773687830574278,0.5152397821637911,0.54546134829277,0.5648211926109659,0.0014553991416110523,0.43034051339860735,BUY,0.0,0.0
0.048722055466749514,0.04034810017646934,0.04078303508257508,0.04344264082740784,0.03735355558175938,0.0,0.0,AVH,2022-06-28 00:00:00+10:00,"Pharmaceuticals, Biotechnology & Life Sciences",0.38239043827032226,0.43707304206274544,0.5102041511424302,0.24820628134104317,0.031120677357880433,0.5069742805649837,0.0013892534931468914,0.5675597433172492,0.004960102935949784,0.4879808333255107,0.016662088235406436,0.34610217110841257,0.05777248827086551,0.15978590052079622,0.1636990969472145,0.05815185867209094,0.5097297443778164,0.5097297443778164,0.5922734286425128,0.5922734286425128,0.6207997495057843,0.6207997495057842,0.5712585197548932,0.5712585197548931,0.7524751259899972,0.5212546731148471,0.5718407278266388,0.5110155973455406,0.49450545337139584,0.5020595788908672,0.0277745658496224,0.0012236477086800257,0.658646642701125,0.02957365572011017,0.019346275151222364,0.5447423461774712,0.04453292756257826,0.01621184837667561,0.4877530482078302,0.23962376786194678,0.2592792721775783,0.08444811152636356,0.05128443637952484,0.6435411784450812,0.41761416738688667,0.40563237856661943,0.1689060760545549,0.6435411784450813,0.4176141673868866,0.40563237856661943,0.1689060760545549,0.634408720684451,0.7613650622747522,0.634408720684451,0.7589107527500129,0.6344087206844509,0.6344087206844509,0.1387900946173747,0.1161996699296168,0.5212556912971629,0.4646443626554016,0.5498394438128109,0.5355821142430222,0.002881690300389872,0.44126978552470786,BUY,0.0,0.0
0.03993610229726205,0.03322783499917939,0.029363796149699306,0.029508208126446583,0.11082708827292129,0.0,0.0,AVH,2022-06-29 00:00:00+10:00,"Pharmaceuticals, Biotechnology & Life Sciences",0.3183422488820268,0.3696087917944,0.48979601104704984,0.1945368655656045,0.03476245900273928,0.3562770118522942,0.0018233939159147394,0.47138655562380793,0.004011213437203398,0.4194641160987649,0.014171929592586507,0.30606558311391074,0.0557177464466172,0.13248649810519286,0.16123598659771946,0.04412843457475435,0.5719451661199413,0.5719451661199413,0.6043880241269013,0.6043880241269013,0.6364787844668797,0.6364787844668796,0.5835015526187051,0.5835015526187052,0.655172427967807,0.4204543490741026,0.46705145369501966,0.5117627170279838,0.5007396587311835,0.49033747235224423,0.02829267783633105,0.0015307959004610405,0.5370002459358503,0.028308315137582807,0.018835124646889967,0.44615110250559553,0.038192251431292124,0.01880912047431088,0.4360753135142427,0.2633170690290244,0.2762198769342057,0.23074240544574567,0.1448515093801133,0.5132011457418548,0.4028745487968634,0.37752622881648334,0.14254591819463444,0.5132011457418548,0.4028745487968634,0.37752622881648334,0.14254591819463444,0.4516129528446539,0.6149486974318433,0.4516129528446539,0.6129663705296559,0.45161295284465386,0.45161295284465386,0.13967977335135698,0.11688319624944613,0.4671292314504582,0.41003333387528407,0.45376590627156566,0.4561808518622813,0.004279455635993107,0.4765100896661867,BUY,0.0,0.0
0.025559119181220336,0.02136075780741148,0.017944537769957025,0.013114761338699238,0.10347003070511167,0.0,0.0,AVH,2022-06-30 00:00:00+10:00,"Pharmaceuticals, Biotechnology & Life Sciences",0.2895082616400332,0.3385542960687178,0.48299321658718297,0.1697757797092692,0.03261049550713785,0.23236473286771053,0.0009551110002341545,0.36696498727819793,0.0020703031456007492,0.3420487912306265,0.011755011269356352,0.2567642942370103,0.053663004826489114,0.09942035417437034,0.15878590848810717,0.02710740119896443,0.599240814833868,0.599240814833868,0.6383954828319399,0.63839548283194,0.6624182646678425,0.6624182646678425,0.5910226615642367,0.5910226615642366,0.5488721278855592,0.3460298180781956,0.4398542159790496,0.5054053391516949,0.504265174555765,0.4667093918632722,0.0280622436263937,0.0,0.4066379695492517,0.02680304830493696,0.01651932863031924,0.33615547089338393,0.0340913359110972,0.018710499641662492,0.37190050532603464,0.2520951910928933,0.2884248134769565,0.22380726634239256,0.13071273337830047,0.3644233511178849,0.3543236577161896,0.3094046904918133,0.13761675036563523,0.36442335111788493,0.3543236577161896,0.3094046904918133,0.13761675036563523,0.23655915356795942,0.4502303088013044,0.23655915356795942,0.4487789622791564,0.23655915356795942,0.23655915356795942,0.1441281882328825,0.1237184757442921,0.3996778357177642,0.34604133133240494,0.366835061400852,0.4353402348473705,0.005649265664884273,0.6330935282648229,BUY,0.0,0.0
0.014377002159059238,0.02056961932796028,0.01631321792240334,0.021311494503826328,0.09790438223478229,0.0,0.0,AVH,2022-07-01 00:00:00+10:00,"Pharmaceuticals, Biotechnology & Life Sciences",0.5156150943766119,0.5711583240587097,0.5646259391581847,0.3947600123976161,0.024333720117915264,0.3708613634956235,0.0030389870996647694,0.40902193083099636,0.0006038381175370033,0.3926931607459696,0.009484573148761943,0.29096276417768496,0.051676754736582786,0.12058760222032316,0.15640750820276209,0.038129201646514566,0.24517769890193758,0.24517769890193758,0.5845252152872423,0.5845252152872422,0.6736307438741895,0.6736307438741893,0.6006975702309871,0.600697570230987,0.54545457829456,0.37587182349486237,0.46022842607333947,0.504557088500579,0.5068905360583473,0.45885728533860387,0.027338794715108528,0.00512576916092547,0.4561364057540553,0.024884814586313364,0.015685626217170096,0.4076081658006091,0.02916430588172997,0.01998887044116826,0.40862592869256753,0.195892543224026,0.29735009760870273,0.2630260345953912,0.12072886659754573,0.24091755152227454,0.4721042346042125,0.3419638268619157,0.14965986211025453,0.24091755152227456,0.4721042346042126,0.34196382686191573,0.14965986211025456,0.3440861813883292,0.3513992930771677,0.3440861813883292,0.3502665347267789,0.34408618138832925,0.34408618138832925,0.152135318050337,0.13123728155896738,0.42290919468260413,0.36375119570217884,0.3896422800542439,0.4521663192193882,0.00699167949319765,0.3298610317762283,BUY,0.0,0.0
0.023162955328546703,0.022151896286862677,0.02691681637836879,0.027049194039660523,0.035281898773727505,0.0,0.0,AVH,2022-07-04 00:00:00+10:00,"Pharmaceuticals, Biotechnology & Life Sciences",0.4900275262035534,0.5460262395554533,0.551020431333191,0.3539811339255132,0.019698726373551495,0.4629464199889006,0.0059043180302224,0.42931528390825635,0.0,0.4263596509354437,0.007342304823497459,0.31679189384387774,0.049716188893964564,0.1364566525291382,0.1540453984697265,0.04642687823063668,0.28130094099744635,0.28130094099744635,0.5824531550383486,0.5824531550383486,0.6687981125061883,0.6687981125061881,0.6057445578282796,0.6057445578282795,0.5161290136509991,0.45382255014204453,0.48177390558139643,0.5069344772705742,0.5095374943726778,0.45904567577599387,0.025944702991023916,0.012627919544022204,0.4816960840820317,0.024182715377919273,0.015239394634615294,0.456136412291087,0.023649966583472903,0.022299188835301575,0.43602212869103496,0.1619927913136921,0.29189727205701643,0.11099092998322939,0.044151165162104815,0.31416992656635523,0.5049594140394721,0.4001558377536875,0.1594125809146808,0.31416992656635523,0.5049594140394722,0.4001558377536875,0.15941258091468083,0.41935492140775654,0.34041807880458946,0.41935492140775654,0.3393207191086936,0.41935492140775654,0.41935492140775654,0.13612107962704215,0.12645258102360926,0.4712217543728712,0.4009070054486708,0.44223386561843575,0.4830193192081509,0.008307245044944733,0.26440676568877075,BUY,0.0,0.0
0.028754004318118476,0.04034810017646934,0.03262643584480668,0.04426231218966986,0.06710822336053424,0.0,0.0,AVH,2022-07-05 00:00:00+10:00,"Pharmaceuticals, Biotechnology & Life Sciences",0.5928558431150142,0.6453423327665937,0.5986395059838187,0.4794712411868769,0.019864261723469,0.617694913905507,0.010332554482744394,0.5138188182620294,8.626258821958777e-05,0.5180252714632647,0.005694406145335951,0.38156039355223237,0.047918289746717246,0.17806352158769156,0.15175822448499107,0.06813658637006992,0.3720384085481142,0.3720384085481142,0.6062345054575377,0.6062345054575377,0.6999079536152932,0.6999079536152932,0.637903070912095,0.6379030709120951,0.3877551169357674,0.5462450049635271,0.5647156421416888,0.5169466617038937,0.5139573146753211,0.4745104698069218,0.02633322274675548,0.021329742157114195,0.6234177952284369,0.0243785843995849,0.01519104079214914,0.5883609835065926,0.018260805164622973,0.0255401285053945,0.525119934632636,0.17732489516463737,0.2899259008518156,0.1959600444342337,0.08442989556617485,0.42165548396779956,0.5673024304744824,0.45004048988204554,0.19517715886928716,0.42165548396779967,0.5673024304744825,0.45004048988204565,0.1951771588692872,0.6451613978300834,0.4795136341324462,0.6451613978300834,0.4779678909169938,0.6451613978300834,0.6451613978300834,0.14857660311440798,0.1319207915822437,0.5613331388130708,0.4796159720385189,0.505701679853718,0.5284423344075491,0.009596499285656895,0.2499999811377711,BUY,0.0,0.0
0.04552717032985132,0.053797473189368894,0.04975531369098685,0.05737705398586235,0.05868102814046761,0.0,0.0,AVH,2022-07-06 00:00:00+10:00,"Pharmaceuticals, Biotechnology & Life Sciences",0.5477737266835516,0.6023461487425488,0.5816326414762616,0.4251826476809165,0.025492467567337668,0.681079228630157,0.015194931358034236,0.566612699994826,0.0013802024398442692,0.5809169479425575,0.004705666851130164,0.4305266360860627,0.046240250420147566,0.2106243357615981,0.14976427811146295,0.08505941917942483,0.32929090087890406,0.32929090087890406,0.6099862504291359,0.6099862504291358,0.7022457556076535,0.7022457556076533,0.6419387538165393,0.6419387538165394,0.5454545016678464,0.5980626367983721,0.5893379284911342,0.530992605476202,0.5207229681259683,0.49497332969334257,0.030456745650178307,0.02667986101605893,0.7191551641489429,0.027393688760007417,0.014375334454833882,0.6699019195060445,0.01488877745723971,0.027661425822499364,0.6020043381080282,0.15045486538266356,0.2921473914595863,0.19600503948304127,0.07338261236046294,0.554328245185937,0.5770953823071847,0.5397846299079129,0.24211945220683995,0.554328245185937,0.5770953823071847,0.539784629907913,0.24211945220683995,0.817204232160203,0.6405715307345258,0.817204232160203,0.6385066069718548,0.8172042321602029,0.8172042321602029,0.1592527479221951,0.13943958110036606,0.6225963906430538,0.5541906327965788,0.5543337112685073,0.5232427137375023,0.01085996844155479,0.180722938287863,BUY,0.0,0.0
0.057507989593219455,0.06012658102497842,0.060358892700085764,0.06393444442646534,0.05057760563195748,0.0,0.0,AVH,2022-07-07 00:00:00+10:00,"Pharmaceuticals, Biotechnology & Life Sciences",0.4895688951463059,0.5455731660059424,0.5578232257930579,0.3629229924343624,0.0357556711022442,0.6416768005245683,0.01944951164144909,0.5804948998317931,0.002285960644480889,0.6106531040802787,0.004009887525651512,0.4558125771963992,0.044750562852717835,0.2282525253161799,0.1477963964507367,0.09441893446836402,0.11188332196835626,0.11188332196835626,0.6003033454685719,0.6003033454685719,0.6878100433020656,0.6878100433020655,0.6435220159709132,0.6435220159709131,0.6262625946389067,0.6978922610934059,0.6364443317637687,0.545104746275477,0.5293805097829577,0.5114763974072981,0.03663611513211301,0.02843666633982364,0.7302478885495061,0.030219698777088355,0.012965143465934414,0.6995657193406191,0.012380940677198249,0.029326328782073585,0.6466127888212515,0.12320024569813715,0.28144553619868584,0.19780413483293718,0.06514006836114179,0.6846187782853344,0.544738509990091,0.5074396627062853,0.2647169781571134,0.6846187782853344,0.544738509990091,0.5074396627062853,0.2647169781571135,0.9032259056893078,0.8052899193650648,0.9032259056893078,0.8026940152223542,0.9032259056893078,0.9032259056893078,0.14946626063677607,0.14217368637968328,0.6351286357717248,0.5762435761303106,0.6383379437444597,0.5592744427447623,0.012098168214334737,0.14117647223819074,BUY,0.0,0.0
0.06789138533115596,0.060917719504429646,0.06933117130849759,0.0680328012377755,0.02901674135867732,0.0,0.0,AVH,2022-07-08 00:00:00+10:00,"Pharmaceuticals, Biotechnology & Life Sciences",0.4689716847660465,0.5251295934814706,0.5306122912378106,0.29831928591425944,0.04519119394088916,0.5922265586714128,0.020057308233324134,0.6021722734662134,0.0030623249667881547,0.6279248070940149,0.0036619976446400915,0.471379901879454,0.04338929652172846,0.24017950984932035,0.1459229990923316,0.10088327210907061,0.13391820236692847,0.13391820236692847,0.381748572523419,0.381748572523419,0.6857237970789674,0.6857237970789674,0.6373774659775173,0.6373774659775172,0.7701149204791939,0.7142385735067591,0.6111338040985126,0.5580076337029617,0.5392735000087656,0.5222532981353496,0.03878359433737999,0.027249169473369805,0.7545839009029106,0.032869622899350914,0.011489402156066086,0.7112221995131385,0.011187752435198872,0.030081301993008513,0.6751566302392367,0.0877035474384951,0.2683987999462109,0.14596445735657912,0.03878503701410722,0.6545902082402412,0.40629196631179126,0.4970288451213735,0.29245997209084945,0.6545902082402411,0.4062919663117912,0.49702884512137363,0.2924599720908495,0.9569892914174701,0.9114417446042538,0.9569892914174701,0.9085036531867885,0.9569892914174701,0.9569892914174701,0.14679720322321507,0.13192077528569077,0.6302583318555208,0.5835537650866615,0.6875860273107745,0.534943958016896,0.013311603991659093,0.11884053383923221,BUY,0.0,0.0
0.07507987688917683,0.0799050618734875,0.06769985146094387,0.06721312987551348,0.09680382149508822,0.0,0.0,AVH,2022-07-11 00:00:00+10:00,"Pharmaceuticals, Biotechnology & Life Sciences",0.43035826996618026,0.48628922491621746,0.4965987244121766,0.22258352869903458,0.0533024339801943,0.517733449459147,0.02188070007909404,0.585330231357365,0.0037524267008758327,0.619648852685619,0.003295797792867261,0.46975326227661773,0.04205371443802719,0.24089187813376267,0.1440398273403979,0.10157508148336974,0.17349517721561142,0.17349517721561142,0.35274505925401844,0.3527450592540184,0.6860378489367692,0.6860378489367691,0.6374233914757637,0.6374233914757635,0.9852941331153907,0.7052734114882496,0.59035429695707,0.5676154863900216,0.5493971717004006,0.524265548033698,0.04346595170221751,0.025688576507405525,0.7112059413996621,0.03510968591721364,0.010313024303507196,0.6929444864372643,0.009912822401058674,0.030900176873416507,0.6755037863510746,0.11940480907874756,0.2786804045312696,0.38781841975284786,0.1256465226601808,0.6165357415093156,0.44782874268200734,0.4909807526594529,0.29088300194955785,0.6165357415093154,0.4478287426820073,0.49098075265945296,0.29088300194955785,0.7326732836871882,0.8826658889026349,0.7652174273600847,0.890863457720161,0.7326732836871882,0.7652174273600846,0.1628114204348958,0.14354073901934186,0.6378476614282322,0.5958528711700494,0.7729156537084858,0.5395833469794433,0.014500771053436973,0.09883718270750075,BUY,0.0,0.0
0.06309905762580875,0.054588611668820064,0.0505709736147637,0.047540997638718,0.053005456835967815,0.0,0.0,AVH,2022-07-12 00:00:00+10:00,"Pharmaceuticals, Biotechnology & Life Sciences",0.2836884556882431,0.332233252806389,0.465986433174366,0.14805399948694087,0.05396457537986421,0.3557014064343469,0.022314840501861888,0.46080977794991984,0.004399397140853745,0.5124512349174946,0.0026000184673886095,0.4027940249271622,0.040495535340375644,0.1986722135501725,0.1418243312576085,0.08003125387280097,0.27647446799872955,0.2764744679987296,0.4082569360449183,0.4082569360449182,0.6856947619062872,0.6856947619062872,0.6625094868436157,0.6625094868436153,0.6951219263990157,0.5991407421964348,0.5296636249729744,0.5660967310802953,0.5571468785755495,0.5035572937163013,0.04393651833975287,0.02604980218724473,0.5282415855404907,0.036101459235970745,0.010510173353040525,0.563013346044964,0.008161070751714294,0.03160048802866677,0.5604920868441245,0.11213787931337718,0.26946725587391085,0.22274746453038607,0.07063058598957264,0.43299902018745623,0.40175719748985755,0.49136673138879855,0.26149320836917844,0.4329990201874562,0.4017571974898575,0.49136673138879866,0.26149320836917844,0.46315793172143976,0.7328588330662081,0.5565217842001057,0.7732195960581535,0.4631579317214397,0.5565217842001058,0.17259790772031483,0.15379365011333437,0.5066323253816747,0.5045718550777754,0.7189482818008648,0.5009803773715604,0.01752011447260768,0.16249999161809692,BUY,0.0,0.0
0.04792333418252498,0.04984176192988371,0.05220229346231736,0.05819672534812437,0.048849041306336285,0.0,0.0,AVH,2022-07-13 00:00:00+10:00,"Pharmaceuticals, Biotechnology & Life Sciences",0.5258224595011641,0.5811051093935355,0.5748299281111348,0.40723676896271493,0.054130110729781744,0.4392748485328686,0.025353825531381824,0.5082295286258522,0.006124649933576254,0.5591239144048978,0.001977478588411574,0.4424348542354032,0.039082900310689894,0.22587751526185296,0.13965119020689412,0.09466895873590392,0.26043927938529216,0.26043927938529216,0.3775217754328717,0.37752177543287174,0.6800897694102129,0.6800897694102128,0.6682407101776129,0.6682407101776128,0.7159090508853052,0.594896987414155,0.6145524825087632,0.5694480617747927,0.5641172664487482,0.4967592417929141,0.04623206818231701,0.029713972851012932,0.6002715420381332,0.03862719750154431,0.011175474780538597,0.6166835168464535,0.006013041630279492,0.03296788638879439,0.6346927951290371,0.10707161393535941,0.26434342497577173,0.2125342959879399,0.0660706373822131,0.42146104917535815,0.496986239917052,0.575676166880533,0.26924366854045073,0.42146104917535804,0.49698623991705193,0.5756761668805331,0.26924366854045073,0.5999998996132349,0.6113332213093889,0.6695651452798309,0.6756906531044415,0.5999998996132349,0.6695651452798308,0.1628114204348958,0.14354073901934186,0.5119171609560712,0.5076565747032886,0.6963991038832006,0.555881505396401,0.020418684155011524,0.11711715130315437,BUY,0.0,0.0
0.059105432161668525,0.054588611668820064,0.06117455262386262,0.06311477306420332,0.02537907277979747,0.0,0.0,AVH,2022-07-14 00:00:00+10:00,"Pharmaceuticals, Biotechnology & Life Sciences",0.47623665419248995,0.5323618896710995,0.5476191557453677,0.3384548941427038,0.05396457537986421,0.4797363023003429,0.03065034489958446,0.5064291126591038,0.008324347989837555,0.5728120073307856,0.001519728882831528,0.4613702950224733,0.03749903716987063,0.24033960948478805,0.13742591980825478,0.10258501090722183,0.25569601238208,0.25569601238208,0.2856728581208118,0.2856728581208118,0.6762075802370339,0.6762075802370338,0.6698045519439382,0.6698045519439381,0.6575342555233092,0.4860248172507762,0.6596790809283988,0.5740094692106162,0.5707424504465061,0.49374800523442214,0.044491192466746265,0.04263063225658864,0.6209266852006671,0.041563657470109205,0.012356695022062686,0.6307569536630862,0.004311710784169587,0.03412884037486036,0.6743304566865266,0.0940872134556347,0.25995219260214136,0.12141563793703952,0.03477441966449846,0.4143402885555985,0.5925886432152028,0.6148339762246945,0.2829981512430997,0.41434028855559846,0.5925886432152028,0.6148339762246946,0.2829981512430997,0.6631579819148223,0.5876689618991839,0.7217392115601904,0.6609375974358116,0.6631579819148223,0.7217392115601903,0.11832746252416851,0.14080665003657764,0.54974329894574,0.5235819110368156,0.6118621392025239,0.5944710530483402,0.023201311050119272,0.1179940544456588,BUY,0.0,0.0
0.060702874730117595,0.052215177368237276,0.05628059308120159,0.05245902581229017,0.026321744357683127,0.0,0.0,AVH,2022-07-15 00:00:00+10:00,"Pharmaceuticals, Biotechnology & Life Sciences",0.3526034124727122,0.40595222049805857,0.4965987244121766,0.2185262543596677,0.05081939978475786,0.41919961932043526,0.0339498141827651,0.42388962033655964,0.010998490281306395,0.5037647524856619,0.0007873291792858672,0.4260781867603024,0.03604359506137139,0.2183649863070396,0.13517784293156151,0.09166288213681617,0.2690464783725983,0.26904647837259826,0.32360614854855474,0.3236061485485547,0.6323412353234464,0.6323412353234463,0.6772778519405989,0.6772778519405988,0.4571429155310567,0.49276530605773594,0.6376809013169097,0.5724984633710097,0.575695149119932,0.4791588035757185,0.03997478736675658,0.05458050102940171,0.45975848853376106,0.04133771196707381,0.018245058358800026,0.555716657971649,0.001780209233083696,0.03574316886404105,0.6105333424947488,0.09269852465546252,0.2371871536745851,0.1272809864196619,0.03868353643837112,0.35198502275168053,0.5105752172455675,0.6705957717817544,0.25968825452694727,0.35198502275168053,0.5105752172455675,0.6705957717817546,0.2596882545269473,0.5263157630561145,0.6091690239917554,0.6086956431599788,0.6786412642381675,0.5263157630561144,0.6086956431599788,0.11032035391832815,0.1435407553158948,0.5080674004366881,0.4933461552043551,0.6712489285500133,0.6012692353293128,0.02587263286942268,0.19325156941224186,BUY,0.0,0.0
0.05431310445632126,0.04588606953262775,0.04649267399587953,0.04918034036324204,0.026460313748637342,0.0,0.0,AVH,2022-07-18 00:00:00+10:00,"Pharmaceuticals, Biotechnology & Life Sciences",0.4098031461593048,0.46533265958542025,0.5102041511424302,0.2492757651841283,0.047177618139899014,0.421309317147744,0.03629417453585648,0.39166931057697485,0.0135863710128869,0.47399963505460163,0.00031126950294441125,0.4160024392760544,0.03463952144744836,0.21337612731033262,0.13304054090949877,0.08954300428834278,0.26771824851296694,0.26771824851296694,0.32888111656583696,0.32888111656583696,0.6337691646323939,0.6337691646323937,0.6652602560744905,0.6652602560744904,0.3636363307963433,0.5067365004727583,0.6951572421572539,0.5695479557999762,0.5789788530348483,0.46460005035679813,0.034082500656564374,0.06612310732224663,0.3232230960910013,0.03978189119293307,0.0255119506127445,0.5231028412025405,0.0004985133685211363,0.03632838235874025,0.591524172103074,0.05645164151003201,0.2275253759442077,0.177949629497091,0.0401230313550261,0.3413622672959738,0.472682044941323,0.6649575964446406,0.27953606464012604,0.34136226729597385,0.47268204494132293,0.6649575964446408,0.27953606464012604,0.4842105421663313,0.5697522434887079,0.5739130705200635,0.6461845417671815,0.4842105421663313,0.5739130705200635,0.10854097523874945,0.13533840688483725,0.46308460874229485,0.461218829993785,0.6800251945496616,0.6435548048260099,0.028437101815953936,0.16459626294429608,BUY,0.0,0.0
0.04952077675097405,0.04272151561482296,0.04649267399587953,0.0418032981028838,0.022872165961717095,0.0,0.0,AVH,2022-07-19 00:00:00+10:00,"Pharmaceuticals, Biotechnology & Life Sciences",0.3754099506131663,0.42981903882286154,0.50000008109474,0.22338322450320738,0.04601887069047661,0.3700649840433501,0.03603369028219572,0.3495963079340265,0.015656675186818847,0.426607024246906,0.0,0.3907806784351213,0.03305565810250877,0.1990390916393464,0.13084785153779963,0.08239970816062242,0.19540895212926043,0.19540895212926043,0.28165165039296913,0.2816516503929692,0.644150425808391,0.644150425808391,0.6549130109525909,0.6549130109525908,0.27142863468247586,0.5368147049026658,0.6740826783257993,0.5636694470371886,0.5802540813527904,0.447079983014777,0.034690647419071186,0.0648935433799534,0.1848405449423392,0.03723114223517221,0.032857490954160906,0.4545225001213669,0.0,0.03627787452575182,0.539408428472249,0.040924439240802836,0.21334865086688587,0.18474349066246507,0.036378529504037076,0.39169319704524874,0.37797571466474084,0.6187423172538419,0.2928518615959049,0.39169319704524874,0.37797571466474084,0.6187423172538419,0.292851861595905,0.3894737951643193,0.47658522232057954,0.49565228208025375,0.5694685819421866,0.38947379516431924,0.4956522820802537,0.09786480921934812,0.13602191690811363,0.4311186655350564,0.4380222507566588,0.7595793096411516,0.6634035774543992,0.030898992004623954,0.2204472183941526,BUY,0.0,0.0
0.04792333418252498,0.054588611668820064,0.05220229346231736,0.05245902581229017,0.02747893201194983,0.0,0.0,AVH,2022-07-20 00:00:00+10:00,"Pharmaceuticals, Biotechnology & Life Sciences",0.5278152553856418,0.5830418412528282,0.551020431333191,0.34858889347508504,0.044860123241054206,0.4668565727483496,0.0355127217748743,0.415257284720139,0.017813241948970382,0.4698075810343505,0.0003478898810114206,0.42753129840343196,0.031737198646212605,0.22668954379449224,0.12872358183329843,0.09745002422368365,0.19742967333507333,0.19742967333507333,0.26871410029280685,0.26871410029280685,0.6441609690240898,0.6441609690240897,0.6360832977687791,0.636083297768779,0.39024385279803125,0.6639167187953479,0.6934720718512204,0.5636326778359038,0.5812658091061711,0.44478144991697127,0.03441949303524322,0.06412622022340436,0.415370479451032,0.03588666320519185,0.038969491818947766,0.527877105383352,0.0004074899646439589,0.03652527272544054,0.6156528803261212,0.029912764116629263,0.20554598274111202,0.25886164382377097,0.044914791272127025,0.392714655918266,0.36993318685198484,0.6187687136932024,0.35794797896712993,0.392714655918266,0.36993318685198484,0.6187687136932025,0.35794797896712993,0.5263157630561145,0.47658522232057954,0.5544553941259799,0.5510637463536736,0.5263157630561144,0.5544553941259799,0.1032028816232417,0.1442242327460653,0.4870150976207039,0.4792011085983522,0.8832001772946992,0.7146867628985137,0.033262406585747195,0.13496934310049902,BUY,0.0,0.0
0.05431310445632126,0.06566455038113678,0.05709625300497845,0.0721311580490856,0.052080106431951434,0.0,0.0,AVH,2022-07-21 00:00:00+10:00,"Pharmaceuticals, Biotechnology & Life Sciences",0.5981927704676853,0.6503776156517567,0.6054422193489455,0.47814572347303486,0.04668101209014658,0.6129591625456707,0.03638100262041005,0.5263088920621073,0.020357990358109923,0.5551301527155756,0.0008971894403985714,0.495473997039218,0.03047010788861282,0.275852607937466,0.12665144147672228,0.12386093148932065,0.2956471147082574,0.2956471147082574,0.33541004382097794,0.33541004382097794,0.6582972562321496,0.6582972562321496,0.6553299342118668,0.6553299342118669,0.6829268150851519,0.6967874201522748,0.7167197927830917,0.5722075808991531,0.5840469490224244,0.4602161508892032,0.03726625304079034,0.06268123547098048,0.7669089911733085,0.038149557401387924,0.04166638569601849,0.6800825985794112,0.0018843796129907608,0.03585256527167624,0.7504831063528785,0.04367137919935043,0.1902676936060504,0.40621442962233023,0.09000129842193284,0.45667037859640114,0.4144498887775304,0.639609660597126,0.37623659196157255,0.45667037859640125,0.4144498887775304,0.6396096605971262,0.37623659196157266,0.743902371654471,0.5649889933326327,0.7789473393617259,0.6206361040631007,0.743902371654471,0.7789473393617259,0.10943063276111753,0.1524265648805699,0.5918142926144857,0.5423459859372396,0.8721720205372616,0.714695383092391,0.03553128458362545,0.04000002997262131,HOLD,0.0,0.5
0.07587859817340137,0.06882910429894157,0.07096249115605124,0.0721311580490856,0.022547949117497294,0.0,0.0,AVH,2022-07-22 00:00:00+10:00,"Pharmaceuticals, Biotechnology & Life Sciences",0.4367159267158128,0.4927311798870367,0.5136055078249936,0.26055807728693614,0.05065386443484038,0.579057666989268,0.0368151430431779,0.5237677416927304,0.02087556588742734,0.5524839867826765,0.0009704293234443773,0.4952146448643465,0.02906603447881001,0.27884194589199174,0.12466401102893879,0.1258415291748609,0.2534892133555228,0.2534892133555228,0.3337330919958812,0.33373309199588125,0.47614731616324757,0.4761473161632475,0.620316508479769,0.6203165084797689,0.6231884508667723,0.6810848551421128,0.6897045859630243,0.5786295019780645,0.5877485508176615,0.4682454015954892,0.038730047275207735,0.06191277645098314,0.7456576959218488,0.03966087224942605,0.04098202136506335,0.6692217216895714,0.0021558676026365853,0.0356677373449088,0.7487047744672386,0.04172680294110009,0.15175714212847252,0.18025207958158768,0.04554020378398185,0.505916156061387,0.4004631902120884,0.4781636331464911,0.3290584786929153,0.5059161560613871,0.4004631902120885,0.4781636331464911,0.32905847869291543,0.7199999491373699,0.6775060428174827,0.7789473393617259,0.7167639619760618,0.7199999491373699,0.7789473393617259,0.11298934769704655,0.14559128538572388,0.6284214346643258,0.5701188868394844,0.8693220054008911,0.6861114418486554,0.03770940746158863,0.03428568158830925,HOLD,0.0,0.5
0.0766773194576259,0.0680379658194904,0.05954323277630896,0.06065573943491043,0.04515119275157728,0.0,0.0,AVH,2022-07-25 00:00:00+10:00,"Pharmaceuticals, Biotechnology & Life Sciences",0.34898011294516884,0.4021367327303905,0.4625850764918026,0.1476985546963005,0.05297135933368524,0.4680089024305256,0.03612051629660451,0.4602220816239895,0.021436272710854465,0.4929293345702952,0.001336628738673018,0.4532896044926302,0.02641199293881258,0.25699149286656187,0.12266354834127238,0.11340060819356002,0.2922631854747621,0.2922631854747621,0.35446837003137877,0.3544683700313788,0.4727110872535293,0.4727110872535291,0.5853206070110024,0.5853206070110023,0.48051934379774175,0.5582146822277534,0.5425831204278074,0.5781567514840131,0.590601125551705,0.4608392815959621,0.037206152727687514,0.062211723156100296,0.5619710635746151,0.04049803718894207,0.041179123958444586,0.5658812211567444,0.0028341381703643753,0.035610062599192194,0.6634744458292678,0.05135791359806225,0.14008059093838826,0.3212918820538138,0.09610872066416622,0.46986342399462616,0.3650735242129506,0.48274380066491945,0.35875264062534984,0.46986342399462616,0.3650735242129506,0.48274380066491956,0.35875264062534995,0.3965513981196171,0.6333319183331598,0.6315788152805722,0.7429335299934245,0.39655139811961704,0.6315788152805722,0.11387902643102882,0.12440195317446259,0.520796478278404,0.5140572401987354,0.7735328184646676,0.5684993762513684,0.03980040542443328,0.08333339837808662,BUY,0.0,0.0
0.057507989593219455,0.05063290040933488,0.04730833391965633,0.04836066900098002,0.0381629873606506,0.0,0.0,AVH,2022-07-26 00:00:00+10:00,"Pharmaceuticals, Biotechnology & Life Sciences",0.33879665540242804,0.391377860000271,0.49319736772961326,0.20948945418289866,0.054295642133025124,0.3597393434682372,0.036207344381158024,0.38730982981715467,0.021695060475513173,0.4309752335005905,0.0013732486801959487,0.40963867308243507,0.023937741538072155,0.23242159614525892,0.12062073077688848,0.09982072707718553,0.31646604955235963,0.31646604955235963,0.31712700810406613,0.31712700810406613,0.4854836358946254,0.48548363589462523,0.5974260625418952,0.5974260625418951,0.46835444948074517,0.440908930849919,0.5425831847755971,0.5719208268992797,0.5914492644758861,0.4433544535878668,0.03712852769466496,0.06247930136464319,0.33752378354200163,0.04060144663575643,0.041602019226901155,0.45996591196240955,0.0028831182628002994,0.03562833954316236,0.5767731264791623,0.05923702901611241,0.14024960933333952,0.24916977661076314,0.0811702962393218,0.44842999455543864,0.389805825128076,0.46227898613614365,0.3260212959010789,0.4484299945554385,0.389805825128076,0.4622789861361437,0.3260212959010789,0.1379309210850842,0.42704833420359295,0.47368423694388556,0.6393514611183703,0.1379309210850842,0.4736842369438855,0.11387900521941463,0.12371841055808033,0.3453898255796179,0.42448932748445656,0.6871689871794492,0.6093223523273619,0.04180776346876411,0.13707166728709974,BUY,0.0,0.0
0.044728449045626784,0.03876582321756694,0.04241435493012874,0.04590165491419396,0.041050960003855066,0.0,0.0,AVH,2022-07-27 00:00:00+10:00,"Pharmaceuticals, Biotechnology & Life Sciences",0.41621693995998954,0.4718929805264376,0.5374150046029375,0.31528792960860463,0.05297135933368524,0.35008138600900063,0.034904923112854425,0.3798020719534634,0.022557687386040026,0.41487281390148034,0.0014464885632416435,0.4006984509051118,0.02116384017739703,0.2320826169346033,0.11857465497775663,0.09862166413269707,0.29117963016103543,0.2911796301610355,0.2931693904310897,0.29316939043108964,0.45838220001294405,0.458382200012944,0.5964235326240288,0.5964235326240287,0.47435899003410004,0.39620131530269453,0.5563555511928608,0.5656418047569256,0.5906839446761044,0.4292801449231329,0.03705534494586349,0.05987321157182962,0.3249127879420566,0.040079957176375636,0.04402769781631366,0.4302472121757991,0.0029567326370691926,0.035695953120579105,0.5590244682359636,0.06623047771421092,0.12567957450952205,0.24974534511878083,0.09360526182505116,0.38850568820525894,0.3446459993066682,0.5086785324803846,0.3297347624853743,0.38850568820525894,0.34464599930666817,0.5086785324803846,0.3297347624853743,0.15873035696174556,0.23598206692625262,0.4421053212765482,0.52505401461744,0.15873035696174553,0.4421053212765482,0.11120996901746785,0.12098430527876311,0.29463142916022855,0.38247843928717745,0.5981394172035618,0.6067968993821724,0.08998435653270437,0.10377355873535299,BUY,0.0,0.0
0.044728449045626784,0.04034810017646934,0.04078303508257508,0.04672132627645598,0.06829716650022795,0.0,0.0,AVH,2022-07-28 00:00:00+10:00,"Pharmaceuticals, Biotechnology & Life Sciences",0.4436133844607604,0.49969900953489266,0.5408163612855008,0.32377225145577726,0.04783975953956898,0.396041745587727,0.03316835935163809,0.39408343686202985,0.0243260725012035,0.4108310717648975,0.0013549387094344834,0.4038940174681386,0.019049168646930126,0.23844793817465948,0.11657093421069989,0.10157090742189767,0.12896847960965674,0.12896847960965674,0.28654324683865573,0.2865432468386558,0.4087609539452166,0.40876095394521667,0.5909166910959311,0.590916691095931,0.5428571136630231,0.37755068756397303,0.6104494896662407,0.5608676208999894,0.5889738882225137,0.4210391437279245,0.03550589924298064,0.05804975829090969,0.3673646394811342,0.036696277317941284,0.05171536215048245,0.4119345318928799,0.0028234026900555986,0.035664140791337284,0.5654028627262931,0.07458686908690165,0.11833508766235269,0.3841952875275641,0.16160335485634586,0.311916299978398,0.33156581319006745,0.586259282342561,0.31356415307882374,0.311916299978398,0.3315658131900675,0.586259282342561,0.3135641530788238,0.20000014671910407,0.1690724846910632,0.452631626498994,0.46433354140414174,0.20000014671910404,0.452631626498994,0.11832742010094013,0.11551609472012866,0.31396853485290976,0.37797906465055964,0.6277896589340167,0.7130405109611541,0.08899844087683856,0.14106584313851522,BUY,0.0,0.0
0.047124612898300444,0.04667720801207892,0.048939653767210045,0.04918034036324204,0.04362515292042764,0.0,0.0,AVH,2022-07-29 00:00:00+10:00,"Pharmaceuticals, Biotechnology & Life Sciences",0.45734343363990426,0.5135043605768551,0.5408163612855008,0.32353288210645637,0.04320476579520527,0.4533085670393562,0.03282104701342381,0.41064045415771155,0.0257925375292673,0.41617375746761187,0.0014464885632416435,0.41230264510844805,0.017490989549278635,0.24778048421820364,0.11461608463449893,0.10661958692708101,0.14315992615138817,0.1431599261513882,0.2701148669351472,0.2701148669351472,0.40057085963470096,0.4005708596347009,0.5883598175291269,0.588359817529127,0.46666669315762416,0.39498283687755364,0.6894073304820518,0.5580603722364913,0.5869603297325198,0.41839167510832176,0.035399074150626375,0.057454105969988734,0.4160293494102203,0.03393972384551702,0.05803252225658306,0.41283418568071695,0.002941748989557791,0.03571506882991077,0.5820788253659809,0.08544761470156409,0.10700097840552357,0.22351599154441662,0.10960099956155978,0.3221687420921706,0.3753729398645489,0.5578532785403063,0.33147634038843615,0.3221687420921706,0.37537293986454895,0.5578532785403065,0.33147634038843615,0.313725664358058,0.2289161781182237,0.4842105421663313,0.4679053339461004,0.31372566435805793,0.4842105421663313,0.10142350294366295,0.11073139418477065,0.3904379128104921,0.40313650085798586,0.5741278260839882,0.8083360487155361,0.08700344844299052,0.1521739146531096,BUY,0.0,0.0
0.05111821931942312,0.052215177368237276,0.055464933157424734,0.05737705398586235,0.0341096106089081,0.0,0.0,AVH,2022-08-01 00:00:00+10:00,"Pharmaceuticals, Biotechnology & Life Sciences",0.5048336779409754,0.5606035026251965,0.5578231446983178,0.36451794686824873,0.0425426243955353,0.5268101536688459,0.03368932785895956,0.4545622798720641,0.027388396439660456,0.44863278896176695,0.001611278300094554,0.4407618852849592,0.01615540726145709,0.2709751662350519,0.11264168658195564,0.11918205299800799,0.1638498767960537,0.1638498767960537,0.2804685698948862,0.2804685698948862,0.40339175151148876,0.4033917515114887,0.5916879612813501,0.59168796128135,0.3043476683430265,0.5358002371127357,0.6894072699240583,0.5593934957504173,0.5856560282801404,0.42457857181771286,0.036027082576263914,0.05853270163400759,0.5418018296280317,0.03165181992807897,0.06407205974604863,0.5003427126864396,0.0032602947298572826,0.0356721168352403,0.6381365357503327,0.07975806423006099,0.10675619154490697,0.18332944413394842,0.0858092421587514,0.4036187799195088,0.4159912806272772,0.5649659149367025,0.33841672813571577,0.40361877991950884,0.41599128062727725,0.5649659149367026,0.3384167281357158,0.5098039124022075,0.3484279327418454,0.5243900772505334,0.4958262493569576,0.5098039124022075,0.5243900772505334,0.09074733692426162,0.10663021996924191,0.4823849238644712,0.4459079391435829,0.6707699846837547,0.7902612524584388,0.08508825570649636,0.10240968657363703,BUY,0.0,0.0
0.060702874730117595,0.06329113494278321,0.0652528522427468,0.06557378715098938,0.042997371400832166,0.0,0.0,AVH,2022-08-02 00:00:00+10:00,"Pharmaceuticals, Biotechnology & Life Sciences",0.5027820978754786,0.5585893435359339,0.551020512427931,0.34619529508860797,0.04601887069047661,0.5649460401349886,0.036207344381158024,0.48870197486769507,0.028509811114845962,0.4829676830498677,0.00199578812262885,0.46843337776821214,0.01495680782995884,0.29405933212103585,0.11067380476587188,0.13188156469631118,0.09602258933448041,0.09602258933448041,0.27078755212252326,0.27078755212252326,0.36578592853117453,0.3657859285311745,0.5959283735848453,0.5959283735848452,0.4285714893925009,0.5234841802213785,0.696919958228023,0.5639553170534726,0.5856615559842152,0.43600429940045915,0.03725604116079023,0.06233426913622242,0.649403736548237,0.03231550670058286,0.06565173682698355,0.6107463224129349,0.00411439457813656,0.03543050725370911,0.6907194371310837,0.08224914491395591,0.10172157639214123,0.22624284588160298,0.11122389811594446,0.49610909762370925,0.47373798594577265,0.5233169933325168,0.3599750082606595,0.49610909762370914,0.4737379859457727,0.523316993332517,0.3599750082606594,0.7058826279337757,0.5206394309490066,0.6133333841959635,0.5503556713613412,0.7058826279337758,0.6133333841959635,0.09519575180578713,0.11209844682442924,0.592049890109221,0.5269614593566639,0.6673971096897399,0.7951482456789045,0.08324967067946198,0.12573094115383432,BUY,0.0,0.0
0.08067092587874863,0.11867086622882528,0.08564436978403434,0.12459016431886899,0.222682565727748,0.0,0.0,AVH,2022-08-03 00:00:00+10:00,"Pharmaceuticals, Biotechnology & Life Sciences",0.8984828767443486,0.9167311723849412,0.7108843576031508,0.6919357904226682,0.06191027612257777,0.8943171569627242,0.04384822203230715,0.7846572791136555,0.03204658031684171,0.7473725498293811,0.003900026827994618,0.6690454576806298,0.014460245307482245,0.44255788690674513,0.1089470211353917,0.21104456962133128,0.5473031537032641,0.5473031537032641,0.6425753332333323,0.6425753332333323,0.6817140485269637,0.6817140485269637,0.8124116470450597,0.8124116470450596,0.8421053622238186,0.7050669248799052,0.7985112315299601,0.5937340168020985,0.5925134469171751,0.4957255850355532,0.06974495978651585,0.041159175220210176,0.9676886106056256,0.05143396242225967,0.05066337660151743,0.9973140537570122,0.012197278805924139,0.029318344384837935,1.0,0.1758410029134316,0.13596692896590418,0.654794680114136,0.4831792590028986,0.7789508456169465,0.6399460868375463,0.6823142741369559,0.5149961196905343,0.7789508456169465,0.6399460868375462,0.6823142741369559,0.5149961196905344,0.9473684650819219,0.7363428405211849,0.9473684650819219,0.7075147105360212,0.9473684650819219,0.9473684650819219,0.15747328439615962,0.1476418317521059,0.8719123206732309,0.8307588652743052,0.8075277033911694,0.8564268925726539,0.0391236300306366,-0.05797096107684119,SELL,0.0,1.0
0.13578277066231198,0.12974684266560044,0.12234910524772524,0.12295082159434495,0.15370454385465845,0.0,0.0,AVH,2022-08-04 00:00:00+10:00,"Pharmaceuticals, Biotechnology & Life Sciences",0.42611983164491696,0.48198417569072866,0.4693877087621893,0.1860891703811609,0.07730507550492643,0.7481499757891092,0.049231567414918465,0.7405872107262252,0.035152035549408434,0.7225097241969654,0.005785955562598977,0.6556406728406902,0.014289016583987957,0.4389380666569169,0.10722675366369236,0.21112738496280475,0.5557556335941338,0.5557556335941338,0.628191780430015,0.6281917804300149,0.6825606883679419,0.6825606883679418,0.8125868835966088,0.8125868835966085,0.9504950845630777,0.7532600785355466,0.7639543741199472,0.6157897594077559,0.6030665715861472,0.528011695158669,0.0871312786388046,0.03250008590707723,0.8240203075508907,0.06340002714028509,0.04315767688704247,0.8564983647533146,0.018933175628541243,0.024884247383669622,0.9318748890926782,0.21985005685316672,0.1575009853610131,0.3743160433228988,0.3028174884365026,0.7665701343726523,0.5529491666987961,0.6483125316698869,0.5137616741730459,0.7665701343726524,0.552949166698796,0.648312531669887,0.513761674173046,0.8281248195562807,0.8447050043977461,0.8281248195562807,0.8105781752917346,0.8281248195562807,0.8281248195562807,0.16992880788352546,0.1517430059676347,0.8031566184262233,0.8017376459617833,0.8938458379204599,0.8859964324063009,0.04090766735109089,-0.05097082659260721,SELL,0.0,1.0
0.11661342175488792,0.11550631231102049,0.11745514570506421,0.11967213614529681,0.05516216504902447,0.0,0.0,AVH,2022-08-05 00:00:00+10:00,"Pharmaceuticals, Biotechnology & Life Sciences",0.4154208619598462,0.4710797689853275,0.5374150046029375,0.3115264081522591,0.0915411274378527,0.6132964640459009,0.054267600459315446,0.6910915876049151,0.037869309134987095,0.6925784069162104,0.007690194267964745,0.6366564869156749,0.01403217370286669,0.4314511498014687,0.10554558314467763,0.20899045104507852,0.5743594645080599,0.5743594645080599,0.6316366642666764,0.6316366642666764,0.6851325680122042,0.6851325680122042,0.8113125606587015,0.8113125606587014,0.9411765118371349,0.7532600785355466,0.7345493303037958,0.6308098804358694,0.6149628759039736,0.5397283413234577,0.09939028549094253,0.028955583560847986,0.7418969132563716,0.07202362356460851,0.038756354509817625,0.7761163408926517,0.024528655068458916,0.021945444464627373,0.8771806000282731,0.2257948944631985,0.1629604418126933,0.13128926697959042,0.10619868156394145,0.7373186989748128,0.5422347842633941,0.6201676899633087,0.518796912376346,0.7373186989748128,0.5422347842633941,0.6201676899633087,0.518796912376346,0.7968748544808716,0.8756803954040838,0.7968748544808716,0.8728575830088755,0.7968748544808716,0.7968748544808716,0.1708184866175078,0.15174298967108177,0.6781055595587446,0.6817913380787991,0.8529869056474433,0.8228046108055409,0.04484256623008703,-0.07352940145248343,SELL,0.0,1.0
0.12460063459713333,0.15189872009023386,0.13050570448549365,0.1639344287924599,0.11875352391510048,0.0,0.0,AVH,2022-08-08 00:00:00+10:00,"Pharmaceuticals, Biotechnology & Life Sciences",0.7270180190851531,0.7685793812099504,0.6870748608252071,0.5947813966986115,0.1130607426604966,0.7543798249000808,0.06520794946379005,0.8639678578958836,0.04295880595326623,0.8691698425368255,0.010546552326013425,0.7773641192000794,0.014477367730767132,0.5407455868435862,0.10402731675053975,0.2698144829927755,0.6098380899252626,0.6098380899252626,0.6830368785021128,0.6830368785021128,0.7718473553611284,0.7718473553611285,0.8843881902820729,0.8843881902820728,0.9612903523519613,0.8577036552958215,0.8156493346679382,0.6614188117231012,0.631518295876769,0.5803701196713268,0.12809406290204517,0.018898632255578723,0.8293830452304625,0.09176339771519015,0.026304357239572446,0.872134747509674,0.035924164510345746,0.013707003935859274,0.9948528287323875,0.26941054760407135,0.16754378480642873,0.24231725694928372,0.2243314111492967,0.8862182765952682,0.7384421284811158,0.7750190020882117,0.6150589092759171,0.8862182765952682,0.7384421284811157,0.7750190020882117,0.6150589092759171,1.0,0.8935971168122296,1.0,0.8907165487066754,1.0,1.0,0.20907471460197338,0.1838687592961649,0.7049473358788113,0.7166058229084438,0.9071726690494969,0.8513508225380564,0.048620069153923334,-0.2251082224274067,SELL,0.0,1.0
0.15495208148370093,0.15348099704913626,0.14845026170231723,0.15737705789436368,0.06922806856253576,0.0,0.0,AVH,2022-08-09 00:00:00+10:00,"Pharmaceuticals, Biotechnology & Life Sciences",0.3987351186938064,0.45396596717498994,0.5306122912378106,0.29831928591425944,0.13160071763795161,0.5839559353584809,0.0767560950601397,0.758863978282758,0.04873840450563305,0.8068716605090847,0.0128536108246749,0.7450217340140327,0.014802701937989882,0.523383337395366,0.1024438887685942,0.2634261167311716,0.6566261906443497,0.6566261906443497,0.6560929722695299,0.6560929722695299,0.7326636572535258,0.7326636572535257,0.8690423598377213,0.8690423598377212,0.9125000651925939,0.812174059346243,0.7938055548882719,0.6811531113843018,0.6493004391388243,0.5910709092005793,0.14523617678812434,0.023246792302658525,0.7369281302137123,0.1056711273276989,0.022144447410908125,0.7800532450975948,0.04465619721575265,0.007655084760719244,0.9168300900857838,0.28292680582466617,0.1709312473047478,0.13527937149766545,0.12898488294507646,0.8095698467568258,0.7753145407262336,0.8481195388040649,0.5429292402505921,0.8095698467568259,0.7753145407262336,0.8481195388040651,0.5429292402505922,0.9367089180624717,0.9305610975381997,0.9367089180624717,0.9275613736498771,0.9367089180624717,0.9367089180624717,0.2090746933903592,0.17976758508063614,0.6541192717565993,0.659054999054567,0.9185127262581162,0.8497048168212062,0.05537422607962067,-0.23348016556962614,SELL,0.0,1.0
0.14376998350455733,0.13765822746011236,0.1321370243330473,0.1459016588226953,0.07138677537257733,0.0,0.0,AVH,2022-08-10 00:00:00+10:00,"Pharmaceuticals, Biotechnology & Life Sciences",0.3690782994401269,0.42321872480521444,0.5306122912378106,0.29831928591425944,0.13590464462915441,0.4856644677361577,0.08734913172639996,0.6414362112597178,0.05335345811703568,0.731127780944725,0.015050809498767748,0.6970040399246674,0.014922561758667574,0.49440906168811083,0.10087349294885264,0.25035931808973394,0.4178595997410958,0.4178595997410959,0.674045041292786,0.6740450412927859,0.7437831840493836,0.7437831840493834,0.8711923620880597,0.8711923620880596,0.8292684167854277,0.7253965133315922,0.8253316354711906,0.6899419356530803,0.6655471016142538,0.5776768073132595,0.15282423254575983,0.03648944599718967,0.6569642988162054,0.11496834252981741,0.02094373549825551,0.7049596584704662,0.051227511917777135,0.004117454832132356,0.8461363471476542,0.20496650772343725,0.17563737787319678,0.18457213295854755,0.13052431392901107,0.49297696071567143,0.746549513289525,0.7540698086095274,0.5376790834939673,0.4929769607156714,0.746549513289525,0.7540698086095275,0.5376790834939675,0.8481014033499321,0.947999536417406,0.8481014033499321,0.9449435985934059,0.8481014033499321,0.8481014033499321,0.21708182320781375,0.1866028645754821,0.5860904023529762,0.5835541048966458,0.8362718825021432,0.8219754194610437,0.06396463158986349,-0.2045454717864671,SELL,0.0,1.0
0.15175719634680274,0.14556961225462434,0.1435563021596562,0.15737705789436368,0.07975712161173966,0.0,0.0,AVH,2022-08-11 00:00:00+10:00,"Pharmaceuticals, Biotechnology & Life Sciences",0.5065056582148527,0.562243634968859,0.5442177179680642,0.3221508039278422,0.14285713721903703,0.5129126820814673,0.09907093349185675,0.6366359733555973,0.05831356105298541,0.7560879509995824,0.017449417851236437,0.7258546899984174,0.015025298747819882,0.5227073729980448,0.09936825887227632,0.26801140006686924,0.4141841376265592,0.4141841376265592,0.6659057696603405,0.6659057696603404,0.7452781154640246,0.7452781154640244,0.8738241994918503,0.8738241994918502,0.8333334279439172,0.7456200834575605,0.8266881967392062,0.700324426063495,0.6809318353240131,0.5701581448802607,0.15882573357671287,0.053867377294789576,0.667598237342731,0.125375556589423,0.019166599570567072,0.7106579800268146,0.058601500820129826,0.0,0.8540646274091797,0.16686258514672836,0.1869921217488883,0.2448886200760165,0.1395443130411131,0.5397928094851566,0.7836276849166506,0.7713602334634182,0.5552283692113829,0.5397928094851566,0.7836276849166506,0.7713602334634184,0.555228369211383,0.9367089180624717,0.9264541134222407,0.9367089180624717,0.9234676286628629,0.9367089180624717,0.9367089180624717,0.22419925307967178,0.19275460145394582,0.587164265493076,0.5794119057415266,0.8536366793757703,0.8341848216974445,0.07186780465928688,-0.24669601210788283,SELL,0.0,1.0
0.13418532809386285,0.12500001178889325,0.08482870986025753,0.09918033254623931,0.49363302517188484,0.0,0.0,AVH,2022-08-12 00:00:00+10:00,"Pharmaceuticals, Biotechnology & Life Sciences",0.0936961856873545,0.11531990356081279,0.3775509972382375,0.016433197612676476,0.13871874952442576,0.18323377018759968,0.1043674507899145,0.3326903151615448,0.060772046873905416,0.49154059988563237,0.018566326940772204,0.5268752418372725,0.014554420268511115,0.37886883695531604,0.09764473324350784,0.1917704995680753,0.664464847509305,0.6644648475093049,0.8868651386436128,0.8868651386436127,0.8932534824277714,0.8932534824277711,0.9930709617040048,0.9930709617040047,0.4071856236132102,0.5774259958747686,0.6309587178802357,0.6806623922230722,0.6887184321858862,0.5038790875447288,0.15188278829933166,0.07270080156300696,0.3869971481171903,0.12646231296865046,0.023061688394541396,0.5158232429914695,0.0603874634499314,0.0001848343984255929,0.6657891513350033,0.3927995982231284,0.2845719359909486,0.7176247960071565,0.6302564304565266,0.34456665280466325,0.5644787834132552,0.6126748291524788,0.43116490537502966,0.3445666528046632,0.5644787834132552,0.612674829152479,0.4311649053750297,0.48734178361249436,0.7734814560515448,0.48734178361249436,0.7709880885477554,0.48734178361249436,0.48734178361249436,0.2838077918913259,0.25153791384892477,0.4751459047544615,0.4723113522961185,0.5926466162461785,0.5620160228742984,0.0791387238831564,-0.14621408718924034,SELL,0.0,1.0
0.10862620891264257,0.10601265055760617,0.08809136900223141,0.09098361892361906,0.1780099259208924,0.0,0.0,AVH,2022-08-15 00:00:00+10:00,"Pharmaceuticals, Biotechnology & Life Sciences",0.37944721515885615,0.43401738557151953,0.4523810064441124,0.1426018207948053,0.12398609154174706,0.21214725729109718,0.10792740639690074,0.2792361013213911,0.06297174493016672,0.44695896549809144,0.019738166379136446,0.49558320988978377,0.013963681968524655,0.35988853627006856,0.09587559450327396,0.18288679044638073,0.4366798540102318,0.43667985401023174,0.8974908366291975,0.8974908366291974,0.8975178061579383,0.8975178061579383,0.9882984393033694,0.9882984393033692,0.3885714363565272,0.5894001384265455,0.637361974589409,0.6600577838469972,0.6902097790888222,0.44896519992687617,0.14507977199993916,0.08778930310096772,0.30399412768668754,0.1266566856366097,0.027459337339396428,0.48227101158403507,0.06171258212662012,0.0010787478256413796,0.636509169075547,0.42333347331597176,0.31621718747826405,0.24159303719069974,0.20896346622343875,0.18743704490574112,0.5026528957541536,0.5967842031566526,0.44131286162146827,0.1874370449057411,0.5026528957541536,0.5967842031566526,0.4413128616214683,0.42405070167496606,0.6291269678789153,0.42405070167496606,0.6270989364048648,0.42405070167496606,0.42405070167496606,0.29982203031462085,0.26930959816448663,0.44621145705648163,0.45050088690300233,0.5398217803205902,0.5080596198387288,0.16275429495765603,-0.13136729411021741,SELL,0.0,1.0
0.10543132377574438,0.10759492751650857,0.10848288654351895,0.10901640843589044,0.1496926935069359,0.0,0.0,AVH,2022-08-16 00:00:00+10:00,"Pharmaceuticals, Biotechnology & Life Sciences",0.5660850083364145,0.6199107550710112,0.5408163612855008,0.3188374929883479,0.11421949800326708,0.3863310537861415,0.11252929901852987,0.34498400231411264,0.06650851413216241,0.509307066064608,0.0212212753204451,0.5503958728459705,0.013595540682488472,0.4059688890700648,0.09419768190829211,0.20970419999659695,0.5228122840756388,0.5228122840756388,0.9063114574635501,0.9063114574635501,0.9007178967577676,0.9007178967577676,1.0,0.9999999999999999,0.46632126848593675,0.6305169703497576,0.6800863752534757,0.6506858972062844,0.6892478363575278,0.42756498990393355,0.13661192435319736,0.1069228246328871,0.3525915062378824,0.1273030752631561,0.0341384432026581,0.5330228025052075,0.0640293373721022,0.0013940565981209185,0.686478034604564,0.46479560608610954,0.3426987299276165,0.1863513058081259,0.16462134669124603,0.2624154767400015,0.5321626379486986,0.6967871796455654,0.47049705539693026,0.26241547674000143,0.5321626379486986,0.6967871796455656,0.4704970553969303,0.5632912328353704,0.5020088694707584,0.5632912328353704,0.5003906114091597,0.5632912328353704,0.5632912328353704,0.317615604994266,0.28161308821796704,0.47082548032790983,0.47420285788697814,0.5977701084120041,0.5615881212872538,0.1611893501295426,-0.1468354823096133,SELL,0.0,1.0
0.10942493019686711,0.10601265055760617,0.10522022740154507,0.10655739434910438,0.07100615368011655,0.0,0.0,AVH,2022-08-17 00:00:00+10:00,"Pharmaceuticals, Biotechnology & Life Sciences",0.4200572564692763,0.4758117693864962,0.5136055078249936,0.26455296655397204,0.10627379331387948,0.4207933410794058,0.11061908115835117,0.3414217380095761,0.06935518262840162,0.4869429857536003,0.022869174435150796,0.5365809074630056,0.013304452138316436,0.40058200037687697,0.09258167297708517,0.20851441053960884,0.5241632024316133,0.5241632024316133,0.6430121460373558,0.6430121460373557,0.8986491164271533,0.8986491164271531,0.9921764174499064,0.9921764174499063,0.2535211243957683,0.6218952621950321,0.6932772244932839,0.6410523170963454,0.6862630867643632,0.40991990997701694,0.1367283064377729,0.10284610692063906,0.35322945094250124,0.12790403929671734,0.03941965115576068,0.5161562617503533,0.06605109614425847,0.002449153962658407,0.6733646007011157,0.46459947782280236,0.3517876999123608,0.08842963623454547,0.07643032724512644,0.2873725295995764,0.3370568193083487,0.6393248036777296,0.49348733769274344,0.2873725295995764,0.33705681930834874,0.6393248036777297,0.49348733769274344,0.5135135831756361,0.5109182209128645,0.544303908254112,0.5197190355493995,0.5135135831756361,0.5443039082541119,0.3211743199301951,0.2870813150731544,0.4475110523020268,0.4633783939347301,0.5575933362203211,0.544344089094243,0.1596557041979914,-0.10204083866896263,SELL,0.0,1.0
0.10383388120729531,0.0949367118452894,0.10032626785888404,0.10327870890005625,0.07064351936052002,0.0,0.0,AVH,2022-08-18 00:00:00+10:00,"Pharmaceuticals, Biotechnology & Life Sciences",0.41433438012143053,0.46996942231496686,0.5238095778726838,0.28457033355032124,0.0953484523259771,0.471686832113944,0.10853520712906539,0.33468612464628733,0.07099417386123569,0.46642698941631755,0.024132563727322198,0.5215173698136591,0.013047609665435778,0.3930383659143354,0.090985212677578,0.20615298160421386,0.4946925647706216,0.4946925647706216,0.6433623336155015,0.6433623336155014,0.879093915427908,0.879093915427908,0.982526741416563,0.9825267414165629,0.2608695577057769,0.6081267979238377,0.6648862402247582,0.6309567287867286,0.6815538551184762,0.39487713736911423,0.13686897840752704,0.09838318527015011,0.3499780922524459,0.12869521015008756,0.04193817952279072,0.4992357103301384,0.0678165462369642,0.0029832160176450073,0.6588953383511288,0.45990338451701246,0.35566394784310273,0.08881063441797528,0.07535794634765981,0.2439731247651124,0.3322639662261768,0.5486981291650053,0.44658301778600606,0.24397312476511232,0.3322639662261768,0.5486981291650053,0.4465830177860062,0.45714297878500176,0.522183427421938,0.5189874754791006,0.5519330416479649,0.45714297878500176,0.5189874754791006,0.3211743411418093,0.2781954729153735,0.4028008321379666,0.4436955031003988,0.5247009466539388,0.5163347063409447,0.15815273118507123,-0.14948457345811395,SELL,0.0,1.0
0.10782748762841804,0.10126581968089898,0.10277324763021456,0.10163934663302543,0.07210382755749907,0.0,0.0,AVH,2022-08-19 00:00:00+10:00,"Pharmaceuticals, Biotechnology & Life Sciences",0.4254096499553265,0.48126201526040696,0.49999999999999994,0.2372320058670718,0.0958450583757296,0.4569180332439031,0.10662498719874197,0.33490857592136103,0.07254690147751908,0.4533034615291671,0.025212852875335146,0.5125397820530809,0.012807889819960172,0.38955296826509,0.08931707455380358,0.20614343185590928,0.19618321884633366,0.19618321884633366,0.6430743206952432,0.6430743206952431,0.879641591389688,0.879641591389688,0.9813149657727538,0.9813149657727537,0.2857142046195304,0.5881549702507888,0.6203227365416032,0.6213477331211499,0.6755769274683654,0.38381894009916784,0.13700918967316156,0.09427936026954098,0.3559460364040303,0.12926718892911437,0.04453241717297307,0.48822843768201823,0.06938649596814478,0.0033628691532056054,0.6501224736914544,0.24269613884782543,0.36601176868824103,0.16121571122413184,0.07511705823037736,0.42722735591424493,0.33632412856329036,0.5431819563254078,0.4259913698939953,0.42722735591424493,0.3363241285632904,0.5431819563254079,0.42599136989399533,0.39062500873114936,0.463404738206679,0.5063291081937529,0.5326046175077251,0.39062500873114936,0.5063291081937529,0.322953719821388,0.27067668339725115,0.3902226612880605,0.4461191916642134,0.5377525010205325,0.5237820838598896,0.1566798176324095,-0.16321240755025956,SELL,0.0,1.0
0.10063897702737962,0.09335443488638706,0.09787928808755353,0.09508197573492921,0.054089362600787574,0.0,0.0,AVH,2022-08-22 00:00:00+10:00,"Pharmaceuticals, Biotechnology & Life Sciences",0.39125703203085466,0.44625299941146573,0.5034014377773034,0.24275356882842508,0.09667273512531704,0.40599405311209535,0.09933142188580718,0.33434055684272335,0.07435841788679232,0.4188587864398112,0.026128352286495127,0.48813390909926146,0.012362695587939454,0.3742333324102921,0.08766196874759066,0.19924602918627676,0.18915327508528193,0.18915327508528196,0.467256838951275,0.467256838951275,0.8717862048140621,0.8717862048140619,0.9841427619682082,0.9841427619682078,0.18333334989017844,0.5534959109895187,0.6029488610345638,0.610028911421624,0.6681926767427446,0.3715427665215241,0.12534334703605715,0.092487700720575,0.34426258288038747,0.12899288115013785,0.048663531917877645,0.4578460462513799,0.07056724402269504,0.0038756151079872014,0.6275813020973496,0.1788418568838103,0.367878158371859,0.15683056585219476,0.05611309248379832,0.4338920398748211,0.21641987766001533,0.5645569462740505,0.409925140605963,0.4338920398748211,0.2164198776600153,0.5645569462740505,0.4099251406059631,0.1730769936149668,0.3475139981438683,0.4556962426437302,0.502538208402214,0.17307699361496687,0.4556962426437302,0.3176156474174945,0.2693096470541454,0.33659401160306834,0.42620967981878,0.5108029614706319,0.5027488852562604,0.15523636235080096,-0.1375661335614583,SELL,0.0,1.0
0.08945687904823607,0.08702530818854826,0.09135400869733878,0.09016394756135704,0.09889613047196423,0.0,0.0,AVH,2022-08-23 00:00:00+10:00,"Pharmaceuticals, Biotechnology & Life Sciences",0.4019001866278711,0.4572223909474808,0.5306122912378106,0.29831928591425944,0.09286541813054072,0.39730984627820076,0.09221151274197947,0.3410768843247298,0.07655811594305362,0.3900954974443249,0.02735512163714371,0.4682153253478313,0.011609290388461924,0.3637793414318766,0.08553118272895135,0.1952164915003346,0.023128925126842184,0.023128925126842184,0.46730543232655997,0.46730543232655997,0.8596059889481222,0.859605988948122,0.9612636263314684,0.9612636263314683,0.4000000866976726,0.3755830136454716,0.6203227895526544,0.5982329960367463,0.659572862158621,0.3607648601138241,0.11275055065589301,0.09210892374075474,0.33769925461543615,0.1274182287132481,0.055136221698555976,0.42955169673712956,0.07148052474967731,0.005416086142425586,0.6097729105493132,0.15266720134694578,0.3805599169050854,0.3264634164888733,0.0997495615594822,0.3482108203693505,0.2175462396918515,0.5972605025100655,0.4485181491681528,0.3482108203693506,0.2175462396918515,0.5972605025100656,0.4485181491681529,0.11538473882619193,0.2311733445070129,0.41772159348121324,0.4681766053105943,0.11538473882619182,0.4177215934812132,0.2588968085514368,0.259056735960153,0.3214551503169299,0.4055598953663157,0.40632253320571626,0.4875397862186528,0.15382177617482462,-0.12903226219942032,SELL,0.0,1.0
0.08945687904823607,0.08386075427074352,0.08890702892600827,0.09016394756135704,0.04061126866717342,0.0,0.0,AVH,2022-08-24 00:00:00+10:00,"Pharmaceuticals, Biotechnology & Life Sciences",0.4367159267158128,0.4927311798870367,0.5306122912378106,0.29831928591425944,0.08955470718551689,0.41978471039231424,0.08630719678190191,0.36734095937250855,0.07888720788164422,0.38138443210078243,0.028801610636929487,0.46367063960453325,0.010855885188984393,0.3657000018379861,0.08340039671031199,0.19809505792098564,0.03560138469573386,0.03560138469573385,0.4680736072222548,0.46807360722225466,0.8581254215426821,0.8581254215426821,0.952298356228823,0.9522983562288229,0.4888889006626447,0.37975692087372814,0.655232916398087,0.5883982882444748,0.650415566740078,0.3560763787460342,0.10132709280109214,0.09291019416146584,0.36420917443802936,0.1251137738151889,0.06273705572621324,0.4170958940209557,0.07217993740381645,0.007713990030486978,0.606374584117584,0.13700520380690226,0.38046810444363044,0.14617565303378438,0.04096995648626902,0.35683177058496074,0.24198829039551,0.6078141544827043,0.47719170760757,0.3568317705849608,0.24198829039550998,0.6078141544827044,0.47719170760757007,0.11538473882619193,0.13747660463678588,0.41772159348121324,0.43811024740783433,0.11538473882619182,0.4177215934812132,0.24377222765051001,0.25153794644203065,0.3300565359351074,0.3922059508982097,0.3269903891471927,0.4856599368664709,0.15243548172236782,-0.14784944841028969,SELL,0.0,1.0
0.08945687904823607,0.08623416970909709,0.09298532854489244,0.09590164709719123,0.05847628298267949,0.0,0.0,AVH,2022-08-25 00:00:00+10:00,"Pharmaceuticals, Biotechnology & Life Sciences",0.4779894244160486,0.5341032535648361,0.5544217880157544,0.3487690716437176,0.08806488508958538,0.4707622041041133,0.0797950842299493,0.42674723420355654,0.08147508758489358,0.3951734200430308,0.03046781928585246,0.4769339813435852,0.010230901225947164,0.3818287477767949,0.08131196587910514,0.2091305347863539,0.0826189812672335,0.0826189812672335,0.4573172781130058,0.4573172781130057,0.858203169790551,0.8582031697905508,0.9504050869968974,0.9504050869968973,0.2333331478966312,0.4090740946742685,0.6746758634285908,0.5827795501973947,0.6417977286178157,0.36078210092320173,0.07043464258320448,0.11460023480615156,0.43390172790027803,0.12232171041737472,0.07145404051682186,0.42668617359297334,0.07293963620283123,0.010419568655266637,0.619846380415295,0.13073562173288822,0.378417394288152,0.21837858234054183,0.05925869509600452,0.39011319974407727,0.2320012161165763,0.6254567573056307,0.5037960515637855,0.3901131997440772,0.23200121611657631,0.6254567573056307,0.5037960515637856,0.18269236941309597,0.14074985155382633,0.46202535083748303,0.4402578444008886,0.18269236941309597,0.462025350837483,0.2375444765126342,0.2488038248661605,0.3613789629139873,0.39420558460620614,0.36602585615223454,0.510451952447295,0.15107691315896016,-0.17150392176549023,SELL,0.0,1.0
0.09744409189048148,0.0965189888041918,0.10032626785888404,0.10409838026231827,0.04788105416664168,0.0,0.0,AVH,2022-08-26 00:00:00+10:00,"Pharmaceuticals, Biotechnology & Life Sciences",0.49458919480219465,0.5505276035086638,0.5544218691104945,0.3474485651939536,0.08856149508601191,0.525326285329073,0.08031605480741555,0.4661215712356719,0.08436488737524256,0.4175389023576712,0.032756567813752524,0.49593338713653556,0.009588794635504827,0.40431015927852143,0.07958192416923468,0.22331795478946986,0.11682848802070672,0.11682848802070672,0.16593265029306556,0.1659326502930656,0.8594130592734486,0.8594130592734486,0.9141269931612916,0.9141269931612915,0.4594595117060261,0.2517803425108376,0.6894458209937294,0.5816282485743404,0.6346387218496208,0.37350758466939127,0.0713895096450356,0.11458991595172141,0.6354330466812357,0.1191516593672029,0.08124929340798587,0.44840819761576545,0.07322022211021584,0.015109381628607088,0.6407075143848825,0.1182540144789345,0.37930607399713434,0.1932507612987685,0.04842709840296496,0.42715461323524867,0.401562986531609,0.6447504227483953,0.5942111131071083,0.4271546132352486,0.40156298653160905,0.6447504227483954,0.5942111131071084,0.2788463566430296,0.1963951271838763,0.4932433292324258,0.4658839275147205,0.2788463566430296,0.49324332923242575,0.2010676272077472,0.24743677222650187,0.40985413301820894,0.4126605638241189,0.32448885306679753,0.5083245853372662,0.14974551596682062,-0.22622110301012333,SELL,0.0,1.0
0.09105432161668514,0.08702530818854826,0.08482870986025753,0.0926229616481431,0.06480117624094552,0.0,0.0,AVH,2022-08-29 00:00:00+10:00,"Pharmaceuticals, Biotechnology & Life Sciences",0.35777625064482255,0.41138809532508036,0.534013647920374,0.3054878574909749,0.08806488903625947,0.4475002568416486,0.08048971097652269,0.4066856892823063,0.08621953507862556,0.36459114870241294,0.03482559669251534,0.45298285781668934,0.008741213862637709,0.3773999382298052,0.07781930158778147,0.2093646772365506,0.14758666531735617,0.14758666531735617,0.17937790588430755,0.17937790588430758,0.8685196597986704,0.8685196597986702,0.9220937081759939,0.9220937081759938,0.36170208448738,0.24090482351938336,0.651686723777877,0.5751878877400449,0.627430586439776,0.3730790322331944,0.07119872958007284,0.11516548374711416,0.33005347472705415,0.11625676492491627,0.08854501720984082,0.3736817049497864,0.0726454824634436,0.020405808425037808,0.6013250388804885,0.12377364052160966,0.38571481565634314,0.2525233817425449,0.06463143171291814,0.4083652812708346,0.39190296622886117,0.5689183265180101,0.5699949957414917,0.4083652812708346,0.3919029662288612,0.5689183265180101,0.5699949957414917,0.15957455982606605,0.21143813729488523,0.36428574469625047,0.4477520415271871,0.15957455982606605,0.3642857446962504,0.2037367058329224,0.2583732259368766,0.3354626390294083,0.352925836624683,0.26986514603190864,0.4817178526869965,0.14844074671852392,-0.19999999999999996,SELL,0.0,1.0
0.0958466493220324,0.0965189888041918,0.09461664839244616,0.0983606611839773,0.037486573314422164,0.0,0.0,AVH,2022-08-30 00:00:00+10:00,"Pharmaceuticals, Biotechnology & Life Sciences",0.4776592367493384,0.533775319066076,0.5374150046029375,0.31243005333621077,0.08972024253543437,0.4764979502297253,0.0793609438071814,0.44142787619766666,0.08794478787134807,0.38132569316237697,0.036967865017779766,0.46459910029131435,0.008004931494685563,0.39396491554719537,0.07610555019718415,0.22012616144672198,0.14597537389077186,0.1459753738907719,0.10260697716189585,0.10260697716189586,0.8665112234812506,0.8665112234812506,0.9224981832031371,0.922498183203137,0.4615384968074834,0.2982014578609959,0.646676923983698,0.5723790842099482,0.6210182072506834,0.38002046711864407,0.06826974983422507,0.11616611454569514,0.5132401313672027,0.11386380811984537,0.09497987674172842,0.38892460081139246,0.07219180481819343,0.025709315509082453,0.6159435036384067,0.09213027905710597,0.38456409947277387,0.1820714343099611,0.03748169336673902,0.4500119993592255,0.3560213460976971,0.5567948044021173,0.5758566259149269,0.45001199935922553,0.3560213460976971,0.5567948044021174,0.575856625914927,0.23404256938107046,0.22891866923283472,0.3593750378349804,0.4129206724319562,0.2340425693810705,0.3593750378349805,0.189501824877592,0.2624744001524053,0.4121931301734306,0.3754004787311534,0.3062911760501751,0.483924659250491,0.14575820274893614,-0.21465967213949655,SELL,0.0,1.0
0.09424920675358334,0.0965189888041918,0.09298532854489244,0.088524604836833,0.08130203708108019,0.0,0.0,AVH,2022-08-31 00:00:00+10:00,"Pharmaceuticals, Biotechnology & Life Sciences",0.3678135713041911,0.4218979766786653,0.5034014377773034,0.24157757592864085,0.08938917183559936,0.4093390472593943,0.07745072387685792,0.4000572387522152,0.08604700990218644,0.3487694069943583,0.038689004015531214,0.428551807681227,0.007251526295207977,0.37083061869468703,0.07438528280316356,0.20832555534954583,0.1794142370725805,0.17941423707258047,0.12216823189563278,0.12216823189563279,0.6037847017658334,0.6037847017658333,0.9245877838533838,0.9245877838533837,0.4285714893925009,0.2124526958246602,0.6029488610345638,0.5654790472823435,0.6143016735975363,0.377367307328881,0.06610097613242899,0.1146885002928012,0.25512869903202123,0.11303653782886025,0.09195950160240457,0.34402417676399777,0.07159541975656497,0.030266094654859466,0.5796006466971344,0.11309758044777435,0.3550422661912203,0.3394649449954624,0.08685270769683737,0.411427540088014,0.3342607843401372,0.341297642023455,0.5179212352665101,0.41142754008801397,0.3342607843401371,0.34129764202345503,0.5179212352665101,0.1470589679004589,0.18405587104762366,0.09615398722993364,0.2781800658959194,0.1470589679004588,0.09615398722993362,0.1895018460892062,0.2652085054317226,0.38520901278820263,0.34815790634698796,0.2396329537934717,0.4533396162626213,0.1431829605381318,-0.2027027000903735,SELL,0.0,1.0
0.08626199391133793,0.07911392339403633,0.08238173008892702,0.08360657666326082,0.04206624727219269,0.0,0.0,AVH,2022-09-01 00:00:00+10:00,"Pharmaceuticals, Biotechnology & Life Sciences",0.40114741459681436,0.45644832404040264,0.5170068645075571,0.26917748452412427,0.08690614158683702,0.3914118098048194,0.0753668477774273,0.3845118868603721,0.0839767067565857,0.33629803766873523,0.040025633190748366,0.4093106261685012,0.00656661242183193,0.36001186547671604,0.07261940198696257,0.2036635265229484,0.16875749883122776,0.16875749883122776,0.12444737553371338,0.12444737553371336,0.6047717342886424,0.6047717342886423,0.9167253312057806,0.9167253312057803,0.4285714893925009,0.38578596883621796,0.4266617782907617,0.5576528335180797,0.607128846464527,0.3733870287001765,0.0653036751707205,0.11129241309922372,0.1905070163570225,0.11233090086125569,0.08843365696751415,0.3305494446556637,0.07124188570629192,0.03366502482123296,0.5592865825501212,0.10464175181673246,0.3317309431180068,0.1861786436359137,0.047504371168952626,0.3705185105302545,0.3288858411145956,0.33142758494315605,0.46642000808827233,0.3705185105302544,0.3288858411145956,0.33142758494315605,0.46642000808827244,0.14285749040608522,0.17836507985134506,0.06542072526045004,0.17676899858268133,0.1428574904060852,0.06542072526045006,0.11743780500180043,0.2207792783462649,0.2328673484376574,0.3072789139904558,0.3604544490915605,0.37120071540000815,0.14071072801575962,-0.19230769986533935,SELL,0.0,1.0
0.0798722045945241,0.07515823099678037,0.08401304993648068,0.08196721439622995,0.04293608109329473,0.0,0.0,AVH,2022-09-02 00:00:00+10:00,"Pharmaceuticals, Biotechnology & Life Sciences",0.42466418114979376,0.4805037196355225,0.5374150046029375,0.31321398506732345,0.08243667924571668,0.4105265240591658,0.07328297167799669,0.38587665487297107,0.08199266517087334,0.3366813172492711,0.04046507248902281,0.4029490897553585,0.005761838523658025,0.35787496564463916,0.07089913451526317,0.20371453491229435,0.12499892764526838,0.12499892764526838,0.12443270036544488,0.12443270036544486,0.6045958633369761,0.6045958633369761,0.800428894428314,0.8004288944283139,0.41379300422535154,0.42223887420966655,0.42666173082862846,0.550657209878275,0.5997819747515544,0.3718688261558866,0.06421035307837547,0.10823301665322338,0.21845844382087948,0.11170616067702555,0.08499431709865984,0.33537959913529913,0.0715025996021943,0.034301585638141285,0.5522548218156623,0.1020936863748872,0.3291780002503976,0.19352695105161008,0.0487917867026957,0.3348370780996931,0.32858537009034666,0.33505689231563457,0.36318105505057957,0.334837078099693,0.32858537009034666,0.3350568923156346,0.3631810550505797,0.1020407170268328,0.13342927439419325,0.04672893031381012,0.07068172374902675,0.10204071702683282,0.04672893031381009,0.08718872804640357,0.20574168301346726,0.2635038604340614,0.3081030716219946,0.41891603369420954,0.2998688258952905,0.13700986824975375,-0.1961325475618736,SELL,0.0,1.0
0.08146964716297317,0.07436709251732915,0.08319739001270382,0.08360657666326082,0.028103604602902094,0.0,0.0,AVH,2022-09-05 00:00:00+10:00,"Pharmaceuticals, Biotechnology & Life Sciences",0.4488342572438295,0.5049586401385509,0.5374150856976775,0.3131318705654918,0.08061579039662431,0.4352442364820517,0.0720673784942466,0.40027697142881435,0.07776579526312105,0.35860849260892125,0.041215782163329884,0.4059271003487732,0.005179661639434285,0.3635978120732266,0.06921144791514647,0.20857786460889083,0.10765528908223873,0.10765528908223876,0.12073157252865396,0.12073157252865398,0.4475239110035386,0.44752391100353855,0.7892337947862849,0.7892337947862847,0.3584908206675445,0.27121861694964494,0.44045146090888476,0.5458591215525466,0.5928011800497942,0.3750621404776886,0.06386653330964764,0.10611403449924117,0.30621471767624686,0.10204002884714347,0.08744405677791306,0.3514455807658671,0.07172915806571956,0.03566821984858465,0.5557278748486298,0.08318401534057149,0.31024928474382935,0.14671813847126502,0.03349952847733299,0.38277214806608284,0.35215357529145824,0.2391272274748341,0.39528538447618555,0.3827721480660828,0.3521535752914583,0.2391272274748341,0.39528538447618555,0.14893652638355054,0.13406842908199426,0.06542072526045004,0.06025329387046016,0.14893652638355048,0.06542072526045006,0.06316740222888248,0.19890643611172718,0.2856785722504338,0.3157763277859287,0.30880294395314944,0.32273505468841185,0.13353106006970822,-0.15384619919203613,SELL,0.0,1.0
0.08306710877443974,0.08227847731184113,0.08564436978403434,0.08442624802552284,0.01652639846827527,0.0,0.0,AVH,2022-09-06 00:00:00+10:00,"Pharmaceuticals, Biotechnology & Life Sciences",0.4427417276656089,0.49881966629020624,0.534013647920374,0.3056847960770638,0.07780168944802701,0.4614574648932157,0.07145958190237162,0.4075177026032726,0.07392710700235683,0.37622418140127123,0.04213128157448992,0.4058827659714991,0.004623169002498595,0.3671609625713278,0.06752050308028182,0.21227895804478514,0.0804235790841202,0.0804235790841202,0.11687858059248785,0.11687858059248786,0.4486821223321449,0.44868212233214483,0.7851201494185613,0.7851201494185612,0.22727289968274078,0.29395997193963924,0.25451109311772147,0.542470657161108,0.5864373832003105,0.3804442541254975,0.06387826281557468,0.10484567426663027,0.3484486691741041,0.09210361989523175,0.09102711718679396,0.36201754398919045,0.07183594261380555,0.0375510977559988,0.5559084590604237,0.07238357287337863,0.2992445874699175,0.09485127732106266,0.020276450464006033,0.3646278891960422,0.36923482307613364,0.25465531644265044,0.41353635951944573,0.3646278891960423,0.3692348230761337,0.25465531644265044,0.4135363595194458,0.19512230579793158,0.15186031256556395,0.07476651132321206,0.0634245119049263,0.19512230579793155,0.0747665113232121,0.057829329824988895,0.17088184070217285,0.3553154807798973,0.3342124042599183,0.3598366262912753,0.2706857062711272,0.13026098038046546,-0.16438359654090573,SELL,0.0,1.0
0.0798722045945241,0.07278479669619758,0.07585645069871227,0.07295082941134767,0.021046114516498307,0.0,0.0,AVH,2022-09-07 00:00:00+10:00,"Pharmaceuticals, Biotechnology & Life Sciences",0.3525856965311638,0.40593358081127145,0.50000008109474,0.23129313972547139,0.07465651385292066,0.39947901787698825,0.06963619005660165,0.3558632531010337,0.07008841771326141,0.3425273476831372,0.04310171089793424,0.36767085549313216,0.003912570677714278,0.3393436437280165,0.06588820359676542,0.1975118930978647,0.0977496073606641,0.0977496073606641,0.14648513938263932,0.1464851393826393,0.4520183131579846,0.4520183131579845,0.7772204508988798,0.7772204508988797,0.22727289968274078,0.25247564135613093,0.24452157282935885,0.5347237738320751,0.5795649871622287,0.3760077092913158,0.06573544064902836,0.09896828133616609,0.18292325310797525,0.08424532384813693,0.09217257908306947,0.2803269667836108,0.07127075852664466,0.040412400565914885,0.5117423635320262,0.04133466084171065,0.28873289529206103,0.16909591176888775,0.026564934437840193,0.3564359186773063,0.33395218669337057,0.24863410397901567,0.4245128316993511,0.3564359186773063,0.3339521866933706,0.2486341039790157,0.4245128316993512,0.04081628681073312,0.1310184149986068,0.019047601747403907,0.054031665997877294,0.04081628681073313,0.01904760174740383,0.0604983660269357,0.1640465938004327,0.23861844764177967,0.27413112809543233,0.3895941183479148,0.22848980075586967,0.12718710547257722,-0.16239314381524206,SELL,0.0,1.0
0.0766773194576259,0.07594936947623154,0.07911909039381965,0.08360657666326082,0.03012374202198945,0.0,0.0,AVH,2022-09-08 00:00:00+10:00,"Pharmaceuticals, Biotechnology & Life Sciences",0.5179528021809406,0.5734402925596325,0.5578232257930579,0.3585676861337595,0.07465651385292066,0.4784711537748585,0.06833376878829805,0.4185084301244697,0.06620659815838742,0.4024104696367843,0.04467637012959419,0.3962270829926642,0.003518745348510266,0.3679365913361593,0.06433084017226423,0.21581133968050054,0.15759780886135463,0.15759780886135463,0.1726692302619248,0.17266923026192482,0.45621781858174115,0.4562178185817411,0.7554505794574251,0.755450579457425,0.3200003433224265,0.36057891280318105,0.32309851985529947,0.5335530523696839,0.5737978685627333,0.38564911851970013,0.06404237439064214,0.09820462687442871,0.4179499555766001,0.06652442658435903,0.10479603273491794,0.33975260178901945,0.06995194028534346,0.04556778193341565,0.5454149833991812,0.03518087911919416,0.27836889134134296,0.2628646870764414,0.03913343473176675,0.41785828329988256,0.34977155426410933,0.25252906369477934,0.4999962912090584,0.41785828329988256,0.34977155426410933,0.25252906369477934,0.49999629120905853,0.3488373769302892,0.19906826104759714,0.14285724017085305,0.0803074731863741,0.34883737693028916,0.142857240170853,0.05960868729295343,0.1496925247874644,0.33901565980879067,0.3135814254440139,0.34006284936688186,0.2582530688917273,0.12283373360121524,-0.18406594972106005,SELL,0.0,1.0
0.08386583005866433,0.08544303122964586,0.08809136900223141,0.08934427619909502,0.03690187266316823,0.0,0.0,AVH,2022-09-09 00:00:00+10:00,"Pharmaceuticals, Biotechnology & Life Sciences",0.47889653336438415,0.5350039231412225,0.551020431333191,0.3423912701303284,0.07614633594885212,0.5098268770801893,0.06677086119618886,0.4568211058742291,0.06568902262907006,0.4289121795746136,0.04619609901242572,0.40960543843956343,0.0031677270981196326,0.38373728551526376,0.06290054184398805,0.22665964697281038,0.16362114731297026,0.16362114731297026,0.16446939611402137,0.1644693961140214,0.20758751639613213,0.20758751639613204,0.7518466964523558,0.7518466964523557,0.5111110875636246,0.4434676354515644,0.29460108305049937,0.5353473547334763,0.5695967648809791,0.39930957168068054,0.05859125189360531,0.10117746911616254,0.5879422294884599,0.06588315927690613,0.10445984389742269,0.43313725364717615,0.06903910767729299,0.050084070949008797,0.562744932679944,0.03207154813970512,0.18299832604552602,0.33665426807703386,0.06555779661374031,0.4475961094808001,0.34349520060080097,0.4136469889233596,0.48785113142034553,0.4475961094808002,0.34349520060080097,0.41364698892335966,0.48785113142034564,0.5116278940822855,0.3068124577205352,0.2784809782764514,0.14943199488474954,0.5116278940822855,0.27848097827645135,0.06138802354930378,0.14422431422883,0.4729588585225801,0.3876015063367592,0.4159097104437785,0.22941442709475918,0.11882863147956219,-0.1886792561957341,SELL,0.0,1.0
0.0934504854693588,0.08544303122964586,0.08809136900223141,0.08524591938778486,0.044646213913388355,0.0,0.0,AVH,2022-09-12 00:00:00+10:00,"Pharmaceuticals, Biotechnology & Life Sciences",0.4071553932065678,0.46261875146914255,0.49319736772961326,0.2200924856728418,0.07647740664868713,0.47716022063373,0.06598940843520673,0.4389262783855412,0.06538710357030153,0.4126320470180298,0.047496108246119995,0.39347375431580023,0.002773901768915621,0.3741546940847623,0.06142788848363687,0.22272046400821094,0.17155964840122656,0.1715596484012266,0.14264877056051803,0.14264877056051806,0.20035706387777139,0.20035706387777136,0.7520590586456608,0.7520590586456605,0.5227272234672955,0.4487377755646873,0.47401697380141095,0.535043088461575,0.5661659173698927,0.40602856791894143,0.05707234397089439,0.1012914599082324,0.49780561471530826,0.06585468586817261,0.10385835089916462,0.37653846871548957,0.06815931625322608,0.05407362088858919,0.5423882889860208,0.040595689823952584,0.15515049360790512,0.3621588249647562,0.08885123860002972,0.42443036138853574,0.3643759081102077,0.4257760619013821,0.46057585899799414,0.4244303613885358,0.36437590811020776,0.4257760619013822,0.4605758589979943,0.395348953259431,0.4275017559660726,0.2982457828140339,0.24416969817077686,0.395348953259431,0.2982457828140339,0.06316738101726826,0.08954214345627395,0.4542774217983158,0.38012663886383574,0.45803139058725173,0.3532873232782561,0.11514393752764146,-0.16939893700492725,SELL,0.0,1.0
0.0958466493220324,0.0949367118452894,0.09543230831622301,0.10081967527076341,0.06982964625499566,0.0,0.0,AVH,2022-09-13 00:00:00+10:00,"Pharmaceuticals, Biotechnology & Life Sciences",0.5505805157664444,0.6050475237962076,0.5476190746506276,0.33359620446913774,0.07978811364703686,0.5665957687234546,0.06624989268886744,0.520682423210655,0.06495578960087256,0.480906880345247,0.04875949710174726,0.4373594568521696,0.0025941118337788893,0.41509297692799363,0.05997804167901841,0.24877443425866297,0.22242767261244423,0.22242767261244423,0.1935017090561559,0.19350170905615593,0.18792415907983526,0.18792415907983517,0.7409520794833915,0.7409520794833914,0.6885245645344233,0.5445736709650439,0.5973989962670891,0.541900402127051,0.564998045654272,0.4257686575618791,0.05842977826488477,0.10028539643463019,0.8998487853765018,0.06431489057822104,0.10475751789784166,0.6258649296910797,0.0683671718321891,0.056594816552567484,0.60150531660489,0.0680619998743589,0.13847419745243605,0.4173736950667839,0.14974996386090486,0.48339900742889946,0.3942387432623632,0.41945345601462647,0.4477617129608371,0.4833990074288994,0.39423874326236313,0.4194534560146265,0.4477617129608372,0.8372089283862779,0.5937522186348959,0.6315788372951953,0.41000301943725687,0.837208928386278,0.6315788372951953,0.07473322577065189,0.07860572233900512,0.6092537021698935,0.49193110567802123,0.5647756143847622,0.4705283147481122,0.11175401909187432,-0.20519480036933202,SELL,0.0,1.0
0.10063897702737962,0.10917720447541096,0.10603588732532193,0.10491805162458034,0.16673472999731964,0.0,0.0,AVH,2022-09-14 00:00:00+10:00,"Pharmaceuticals, Biotechnology & Life Sciences",0.4652016685624012,0.5213672229477013,0.5442177990628043,0.326102310056076,0.0862440001871671,0.5480313187125954,0.06798645645008378,0.5332808266067453,0.06486952701265297,0.49878888583018166,0.04982147671554288,0.44674676143510916,0.0026283577009498793,0.4256435829995149,0.05858358230171526,0.25736731454562894,0.14365757149359135,0.14365757149359135,0.17084918768307603,0.17084918768307605,0.190006750540148,0.19000675054014798,0.7304411741338468,0.7304411741338467,0.703124959254644,0.5359515609032407,0.5250732976556324,0.5491558336686319,0.565732099865661,0.4423592849864531,0.06450674343668023,0.09695930545369236,0.8468345714281875,0.06397767889668604,0.10497166463395807,0.6962444141319699,0.06900229494702226,0.0581267135618882,0.6147450002805632,0.14313301054938915,0.15846339325873954,0.5796481584667618,0.32714308015505056,0.5507604735558027,0.4375523041225936,0.4389668675713283,0.4227026722192134,0.5507604735558027,0.43755230412259355,0.4389668675713283,0.42270267221921354,0.6949155008063802,0.6561466175889229,0.6949155008063802,0.5513078448583212,0.6949155008063803,0.6949155008063803,0.08718874925801773,0.07177045914071209,0.6964311475473377,0.5954350821770927,0.6505692637317478,0.4798962226500769,0.07276995708055223,-0.20512824901854076,SELL,0.0,1.0
0.11022365148109164,0.10126581968089898,0.10277324763021456,0.10573772298684236,0.07427297148512854,0.0,0.0,AVH,2022-09-15 00:00:00+10:00,"Pharmaceuticals, Biotechnology & Life Sciences",0.4423400076268474,0.49841428647921737,0.5068027944598669,0.251165214693764,0.09071345858161334,0.5214299982306114,0.0703308168031751,0.5252525417335752,0.06499892089498233,0.5017432619609572,0.050755286097464325,0.4465400780286982,0.002739656309985128,0.4274569799927459,0.057283607382090845,0.26082276208085936,0.13974480534216405,0.13974480534216405,0.1600252440165019,0.16002524401650192,0.18832337237864757,0.1883233723786475,0.7284046369304078,0.7284046369304077,0.703124959254644,0.4931996475191186,0.5433713040197126,0.5551734408300297,0.5677030630564508,0.4531489249739665,0.06967763515786934,0.09591879037060397,0.7724841868584499,0.0644481322710529,0.10469192616330542,0.7027974678817245,0.0697124250257718,0.059280242655246784,0.6148056293724402,0.16588240153909198,0.1592212633951135,0.22915547228110103,0.14525927289376947,0.5065814158420519,0.45641663354898293,0.4513557675508814,0.4085250926580085,0.506581415842052,0.456416633548983,0.4513557675508814,0.4085250926580086,0.7118646396504703,0.763894251839057,0.7118646396504703,0.6916572568164338,0.7118646396504702,0.7118646396504702,0.0898577854599645,0.06971988018122416,0.6418573741204617,0.5623297801476019,0.551430667876408,0.4785400120507143,0.0736932746149549,-0.23785167425632459,SELL,0.0,1.0
0.10143769831160415,0.09256327754470661,0.09787928808755353,0.09508197573492921,0.03503607134458277,0.0,0.0,AVH,2022-09-16 00:00:00+10:00,"Pharmaceuticals, Biotechnology & Life Sciences",0.3637897308466161,0.4176906675667797,0.50000008109474,0.23596938229076958,0.0918722060310358,0.43847557938864146,0.07172006822617716,0.4621280340358296,0.06465387054210409,0.4576253499824663,0.051359515569135816,0.4126682140300859,0.0028595161306627648,0.3994584589350356,0.05598037430539729,0.24653344989191384,0.18969837262218445,0.18969837262218445,0.18945639542914314,0.18945639542914317,0.2050243000837009,0.20502430008370087,0.7347797794175186,0.7347797794175185,0.7142856602225542,0.49858979710988804,0.5042080596813835,0.5550179878053955,0.5692440879338073,0.4493985442296765,0.0705779442595893,0.09776340968721081,0.5725868849415303,0.06363323273321553,0.10492220078644554,0.5399828992011678,0.07003136790205466,0.06020595712392601,0.5688377547670933,0.16492098399632282,0.15148110193501718,0.10861375803826907,0.07084820811792833,0.44042655187173324,0.42831301242824066,0.42388535654265314,0.37732846934999864,0.44042655187173313,0.4283130124282407,0.42388535654265314,0.3773284693499988,0.491525430577955,0.6462173698088187,0.491525430577955,0.6441342463187084,0.49152543057795495,0.49152543057795495,0.07740226197259867,0.0710869328208828,0.5302028843126666,0.47947814556872304,0.5744605058117299,0.4972500179091598,0.07459812579866953,-0.18783069934414076,SELL,0.0,1.0
0.09265176418513421,0.08386075427074352,0.08319739001270382,0.07868852894718187,0.06019263366005952,0.0,0.0,AVH,2022-09-19 00:00:00+10:00,"Pharmaceuticals, Biotechnology & Life Sciences",0.320663321410554,0.3720898140693151,0.46938778985692936,0.16997117947521473,0.09054791928502182,0.33221786174018897,0.07119909764871085,0.3786491360104258,0.06379124363157723,0.3908654731708012,0.05161585515979594,0.36255216957896474,0.00280814743196639,0.35704009183491825,0.05466410898882093,0.22320494653694428,0.24859131648611943,0.24859131648611943,0.2431612423320794,0.24316124233207942,0.23795737346746668,0.23795737346746665,0.750459652598912,0.7504596525989119,0.4571427306350483,0.3694613039418966,0.43817717862120176,0.5474605285115686,0.5687391064229513,0.4315510932784703,0.07098531695978,0.09622433400055497,0.3085098082797808,0.06359238397850842,0.10315613678055591,0.2923225454176987,0.07003087111806877,0.06077194133066571,0.5000478864227483,0.1729318051501177,0.15275553309190054,0.17945640895481849,0.12104190597606396,0.39171354486774906,0.37142261405851545,0.3928168362340018,0.34578360498364885,0.39171354486774906,0.3714226140585154,0.3928168362340019,0.3457836049836489,0.15254224959680987,0.4615837569704776,0.15254224959680987,0.4600958118737945,0.15254224959680984,0.15254224959680984,0.07740226197259867,0.07382103810019999,0.38578753329616117,0.3411093758190011,0.5002127500390788,0.4255281057263659,0.0754848799587099,-0.13966480744569254,SELL,0.0,1.0
0.07587859817340137,0.06724682734003917,0.07340947092738176,0.07049181532456156,0.055855678202790526,0.0,0.0,AVH,2022-09-20 00:00:00+10:00,"Pharmaceuticals, Biotechnology & Life Sciences",0.3754480033727234,0.42985864694372233,0.5068027944598669,0.2454535938360068,0.08442310739140063,0.31435527850991374,0.06972301814115528,0.3424787971470078,0.06275609154461131,0.3596613923494516,0.052128534777660274,0.3365463453356341,0.002722533274339467,0.33597666812483684,0.053367392148586906,0.21244969598000685,0.15782697426970496,0.15782697426970496,0.25311335436127225,0.25311335436127225,0.2443619988763411,0.24436199887634102,0.7283056890896793,0.7283056890896792,0.3424657444766909,0.37713940212819974,0.43168371929051685,0.5378575311188547,0.5661269581548585,0.41317013632620403,0.07261442200833529,0.09132350206605028,0.23308240783579354,0.06462430992000223,0.09976892821952427,0.20942674451932264,0.06959115517852821,0.0624636201719212,0.4630243616175023,0.16573124317513124,0.14376820599377715,0.17246126419937935,0.11690372635996053,0.30290658268059606,0.3432112733938533,0.3816132733455969,0.37264898484019937,0.30290658268059606,0.3432112733938534,0.381613273345597,0.3726489848401995,0.032258039706698945,0.230233443184602,0.032258039706698945,0.22949127078857268,0.03225803970669894,0.03225803970669894,0.06850545342116185,0.07382102180364705,0.2741661307321763,0.2347079224556876,0.5222853113959466,0.42684579316371585,0.11893583380068723,-0.11494255551007937,SELL,0.0,1.0
0.06709266404693143,0.06329113494278321,0.06933117130849759,0.0721311580490856,0.02912932898882762,0.0,0.0,AVH,2022-09-21 00:00:00+10:00,"Pharmaceuticals, Biotechnology & Life Sciences",0.4493216255486698,0.5054489909491751,0.551020431333191,0.3450817114712118,0.07780168550135297,0.37126164700422803,0.06963619005660165,0.3515373184107533,0.06180720204586487,0.37038536234788255,0.052439804717148764,0.34068629744382495,0.0025769890022535047,0.3406036467399375,0.05206415914957205,0.21705662676221055,0.14429760742504374,0.14429760742504374,0.23214100811656094,0.23214100811656097,0.245255918044243,0.2452559180442429,0.7207936356594591,0.720793635659459,0.38571423219175127,0.4131725780700351,0.4607005680312154,0.531162485139961,0.5624977459211473,0.40429821913904873,0.07275617465841938,0.09098298590445525,0.26002261079306394,0.06512050373952355,0.09719152336530179,0.26059313075484064,0.06942595179678912,0.06336087983172045,0.46822147186281293,0.09482538348281916,0.14137064876169103,0.13857271603094445,0.061637464289424425,0.2951793455313393,0.3842051469349653,0.38680315900150175,0.3517266628681195,0.2951793455313394,0.38420514693496527,0.38680315900150175,0.3517266628681195,0.1343282626078088,0.10863710068269485,0.1343282626078088,0.10828690196179608,0.13432826260780883,0.13432826260780883,0.06494671727361864,0.07177044284415918,0.278103129030785,0.24237225445036187,0.5331921632961681,0.46249090342424193,0.11796556795502122,-0.14000000272478375,SELL,0.0,1.0
0.06389777891003329,0.058544304066076025,0.06362153239519314,0.06557378715098938,0.05043903624100326,0.0,0.0,AVH,2022-09-23 00:00:00+10:00,"Pharmaceuticals, Biotechnology & Life Sciences",0.3865812613686384,0.4414167102077575,0.5374150046029375,0.3140901429808874,0.06969044546204789,0.3798953012304245,0.06772597012627823,0.32577691031822464,0.06021134313547172,0.34816133317514564,0.05249473462943305,0.32083488165114027,0.002388637651354053,0.3240347728286964,0.050793506944461136,0.20872138456691142,0.11997326343876283,0.11997326343876286,0.21111276001081017,0.2111127600108102,0.2433243459977609,0.24332434599776087,0.7225924214413075,0.7225924214413074,0.13559346005883682,0.3883367209745919,0.4342981257982488,0.5231544245679651,0.5577529611249439,0.3945670048543335,0.07468433021577103,0.08484557533206616,0.23124861132109892,0.06557292822501787,0.09330497667520782,0.21793638320370012,0.06939319076007716,0.06352382194561129,0.4400575465462105,0.08254413829949017,0.1396923818841957,0.2647405439007384,0.10755720912818427,0.2679609691500829,0.33021345203307184,0.3496523410975911,0.3275022399858038,0.26796096915008283,0.3302134520330719,0.3496523410975911,0.32750223998580386,0.10810832580220602,0.09351099358857627,0.10810832580220602,0.09320955485227991,0.10810832580220608,0.10810832580220608,0.07384350461344125,0.07518809073985858,0.2561803995352318,0.22646919306033383,0.5297713141755201,0.4595549632257768,0.11590735252663809,-0.11988306335799315,SELL,0.0,1.0
0.05670926830899492,0.05537975014827129,0.055464933157424734,0.05327869717455219,0.033046134946600816,0.0,0.0,AVH,2022-09-26 00:00:00+10:00,"Pharmaceuticals, Biotechnology & Life Sciences",0.340514389596793,0.39319631550914036,0.5170068645075571,0.26591994062271024,0.0612481347229078,0.3469479873424399,0.06390553026563123,0.27772501526450344,0.05753719981567168,0.30469831946807924,0.052513044600194514,0.2838320745560551,0.0020547420283685836,0.29286467927441384,0.049421854200569465,0.1913696255122488,0.1288607971240548,0.12886079712405482,0.21880102342277133,0.21880102342277136,0.24759412140527862,0.2475941214052786,0.7250340215155324,0.7250340215155323,0.04347821579989429,0.325182209920741,0.3593770055602846,0.5116415654162254,0.5513098067036453,0.3797520127039982,0.07764032055629816,0.07359476782396568,0.1918637989924436,0.06602583004068763,0.08715039470722091,0.14269594825726983,0.06936952035203203,0.06359440214894202,0.38765265949699484,0.08151875593805782,0.13659468507862021,0.1749594653875998,0.07149265315380107,0.25647709791871975,0.2756890043348425,0.29003636083483253,0.32418323117593933,0.2564770979187197,0.27568900433484245,0.2900363608348325,0.3241832311759394,0.03571425530374956,0.09468755156043152,0.03571425530374956,0.09438232011341095,0.0357142553037495,0.0357142553037495,0.08451964942122836,0.08133984391487525,0.2391321054286489,0.2023648337533929,0.4849903903581245,0.40665781451867167,0.11261488301158706,-0.058103993372692564,SELL,0.0,1.0
0.05111821931942312,0.04588606953262775,0.05138663353854056,0.05081968308776613,0.0477120616882504,0.0,0.0,AVH,2022-09-27 00:00:00+10:00,"Pharmaceuticals, Biotechnology & Life Sciences",0.4165930678008343,0.472277099923889,0.5306122912378106,0.29831928591425944,0.055619928879039104,0.36930588915718054,0.06025874657409147,0.28119296451648146,0.05533750175941038,0.30211135706751113,0.05254966454171739,0.276354364929425,0.0018492678459437473,0.28695000905580226,0.04802087874216429,0.18956276765408037,0.10459129293150271,0.10459129293150271,0.21888830419704866,0.2188883041970487,0.23653079544025643,0.23653079544025635,0.7246457434558704,0.7246457434558703,0.028168985706974896,0.3107379315145002,0.30299333702114595,0.5019151359804401,0.5439187375026102,0.37148328850316714,0.079423105793833,0.06403692611518208,0.23933731265981895,0.0674769340859514,0.08082262540117091,0.17924522259004588,0.06931568777164648,0.0637438445629867,0.3768158838668404,0.07508771704985104,0.13302628711333275,0.2671901732939747,0.10497920956188968,0.3042603789171361,0.27929305321734094,0.3126084917765729,0.32598776624210074,0.30426037891713603,0.27929305321734094,0.3126084917765729,0.32598776624210085,0.05617973013155886,0.0680843850935638,0.05617973013155886,0.06786491067439106,0.05617973013155886,0.05617973013155886,0.08096091327368515,0.07860572233900512,0.25295207753212,0.19680345756343437,0.44248867635064615,0.3522758495065954,0.10786234373587877,-0.03086416800562486,HOLD,0.0,0.5
0.05990415344589306,0.0530063158476885,0.05791191292875525,0.06147541079717245,0.03235439832348802,0.0,0.0,AVH,2022-09-28 00:00:00+10:00,"Pharmaceuticals, Biotechnology & Life Sciences",0.52472237990185,0.5800352542352358,0.5374150046029375,0.314325529811882,0.05379903608327269,0.46798940403772704,0.056090994375230185,0.35945331502140854,0.053396591467807786,0.3566523287772341,0.052989103839991836,0.30730525170811884,0.0019091977562826212,0.314556728547593,0.046701355268518846,0.2086088836969786,0.18769144737516985,0.18769144737516985,0.1932423975514264,0.19324239755142641,0.25741531743121837,0.2574153174312183,0.7275366666394305,0.7275366666394304,0.21126746374609426,0.4235517646941498,0.40397088733399433,0.49956736694768106,0.5374660239456222,0.3796686277222422,0.07425359589651054,0.061310807538520584,0.36391413272968687,0.06612472075441972,0.07832729984372089,0.2996967422164969,0.06869799206024563,0.06550105525600464,0.41839145721416293,0.06297788384927236,0.13195463166046079,0.20328570351029798,0.07155425998616105,0.3800498661784183,0.2699918201925688,0.33017628229112295,0.36643653517733804,0.3800498661784183,0.2699918201925688,0.330176282291123,0.36643653517733804,0.2022470284736119,0.10013089318254784,0.2022470284736119,0.099808114771723,0.20224702847361187,0.20224702847361187,0.07829185586012416,0.06766926862863037,0.3273438039946237,0.27674535382981114,0.480566350355327,0.40377691148891337,0.10200568764161994,0.014836852353948382,HOLD,0.0,0.5
0.06549522147848236,0.06566455038113678,0.07014683123227439,0.07377050077360969,0.013067937419042943,0.0,0.0,AVH,2022-09-29 00:00:00+10:00,"Pharmaceuticals, Biotechnology & Life Sciences",0.53434479183729,0.5893758641370583,0.5646258580634446,0.37671243552592126,0.054130106783107645,0.5632360345163052,0.05279152302190465,0.4444235059646817,0.05262022714550052,0.4143576998840157,0.05346516351633329,0.34299726051760837,0.002294461873844189,0.34558596725349644,0.04547631617487327,0.23031461582707646,0.2363960306422469,0.23639603064224696,0.23882681666292047,0.23882681666292044,0.2780544982572659,0.2780544982572659,0.728785078084965,0.7287850780849648,0.45454548738548683,0.432749140121937,0.4391895964276925,0.5037608877872608,0.5332681330459831,0.39933759699455373,0.06586687926243234,0.06403678446636946,0.5068222702165227,0.06534291958495769,0.0776117599768697,0.42095908115888214,0.06833808028795463,0.06701015787484232,0.4688724397978642,0.05470170596116639,0.11770658963075624,0.0895737048372002,0.03102115746465351,0.4246932447090642,0.2955290203771479,0.39693044929912574,0.3682029932218277,0.42469324470906433,0.29552902037714784,0.3969304492991258,0.3682029932218278,0.3707864867543726,0.21419550923166933,0.3707864867543726,0.21350503615310037,0.37078648675437254,0.37078648675437254,0.0791815345941064,0.06493516334931315,0.4098530463929227,0.3659673117365306,0.46626149672104045,0.3846586288263063,0.09673469715678695,0.06534091486356974,BUY,0.0,0.0
0.06230033634158422,0.053797473189368894,0.060358892700085764,0.05573771126133825,0.06208375054045393,0.0,0.0,AVH,2022-09-30 00:00:00+10:00,"Pharmaceuticals, Biotechnology & Life Sciences",0.2996288018501613,0.34950378353205663,0.5034013566825634,0.23486239417700674,0.052143678637423696,0.43517282840508065,0.04749500365370213,0.3706563071518105,0.05115376108910552,0.33993202854610205,0.05309896366456046,0.2898199521904544,0.0023800760314711122,0.29848324550013483,0.04419914788866028,0.20331884974273512,0.29623245884986715,0.29623245884986715,0.27419998056183703,0.27419998056183703,0.3184683130504433,0.3184683130504432,0.7228696136412542,0.7228696136412541,0.3846153375900221,0.3289604757982439,0.4103148649410313,0.49946134650982216,0.5289211614906,0.3980371564355732,0.05370586005678962,0.06693196722117195,0.331402905230341,0.0656939989956466,0.07411618395600233,0.2770201970804611,0.06859846062109021,0.06587032766075596,0.39258575270060114,0.06070204077522615,0.12188646786331998,0.399229221405237,0.14427146596815463,0.3758891395665754,0.2406150318141075,0.3537247042262541,0.28962142338728747,0.37588913956657544,0.2406150318141075,0.3537247042262541,0.28962142338728747,0.12359540628942949,0.23714501830721504,0.12359540628942949,0.23638056600172452,0.12359540628942955,0.12359540628942955,0.08629898567757868,0.06493516334931315,0.3478433881099292,0.29753199995552715,0.39842850216797343,0.3984792877805199,0.09199080572043733,0.13030305241531392,BUY,0.0,0.0
0.055910547024770385,0.04984176192988371,0.05220229346231736,0.05000001172550406,0.019405932590876758,0.0,0.0,AVH,2022-10-03 00:00:00+11:00,"Pharmaceuticals, Biotechnology & Life Sciences",0.390189437369062,0.44514968249603104,0.5068027944598669,0.24144861710554152,0.05148153723775378,0.39427080895631716,0.042719454862965855,0.36247402122888106,0.04947163959049283,0.3207914477186402,0.05260459401745754,0.27376185122156604,0.0021831632648089405,0.2840287097663421,0.042905689205495395,0.19604917408343953,0.2735347617361789,0.2735347617361789,0.2699190642877105,0.2699190642877105,0.32158193768005405,0.321581937680054,0.7251778791548551,0.725177879154855,0.3373493941295021,0.32356822455804735,0.407588627911709,0.4940581344902774,0.524201141632203,0.39478303106781776,0.043631284488959365,0.06852979001576687,0.2626664210994806,0.06639383845517594,0.06975802539933812,0.2564094492772955,0.06901530652448518,0.06424820793123276,0.37209290873510903,0.05367346291911403,0.1169731100775769,0.13453729670012782,0.04624117765500109,0.4032268673539056,0.2504660303658902,0.3398934684917908,0.2781410804278228,0.4032268673539056,0.2504660303658902,0.33989346849179086,0.2781410804278229,0.04494378410524709,0.18359616379760837,0.04494378410524709,0.18300432968826819,0.04494378410524702,0.04494378410524702,0.08540930694359644,0.06493514705276024,0.3305937770224679,0.2827141086291213,0.4147466129033744,0.4115340213330716,0.08772130342772261,0.24458203008916257,BUY,0.0,0.0
0.053514383172096724,0.04667720801207892,0.05220229346231736,0.05245902581229017,0.018493906166759822,0.0,0.0,AVH,2022-10-04 00:00:00+11:00,"Pharmaceuticals, Biotechnology & Life Sciences",0.4570879848828715,0.5132482932904044,0.5272109345552473,0.290120369118644,0.05181260793758874,0.411456828660584,0.03994095408710657,0.39130144976636516,0.04783264835765877,0.3382721953044605,0.05242149430984322,0.281585343523833,0.002268777422435808,0.29022298872528585,0.04168716634830941,0.20195591976723298,0.27344145521545676,0.27344145521545676,0.25041386898627627,0.2504138689862763,0.32265945716587296,0.32265945716587285,0.7172086100613482,0.7172086100613481,0.3974358386541944,0.23884940879320227,0.42533783193779995,0.4915194191627378,0.5198413603673047,0.397925416480317,0.039013005717212224,0.06804532769864308,0.33556724138726146,0.066329047960483,0.06638746338820439,0.29724586917655804,0.06921306263369803,0.06359209460667897,0.38430616366693393,0.038617815243285454,0.11496649772555491,0.1539780648282258,0.04452982839109767,0.42524172924485865,0.30307640784345863,0.3431168062965602,0.30533859815026204,0.42524172924485854,0.3030764078434586,0.3431168062965602,0.3053385981502621,0.0786516221841824,0.08414819994366755,0.0786516221841824,0.08387694277828833,0.07865162218418231,0.07865162218418231,0.07206410472224833,0.0669857097156952,0.3378063667340797,0.29810508735447827,0.3306329727385991,0.42613227019235866,0.08387875136427936,0.2944784670358156,BUY,0.0,0.0
0.057507989593219455,0.052215177368237276,0.053833613309871076,0.05081968308776613,0.0502720423595969,0.0,0.0,AVH,2022-10-05 00:00:00+11:00,"Pharmaceuticals, Biotechnology & Life Sciences",0.4232595364375589,0.4790742016314337,0.5034014377773034,0.23371577192781523,0.049660648388661355,0.41504249577372443,0.03785707798767601,0.39288215679090843,0.046064263242495296,0.3378568558036512,0.052476424222127505,0.2765269194876737,0.0023115845012492975,0.2858583010584589,0.04054032123771198,0.20109222400014848,0.23837508887868442,0.23837508887868442,0.24372931730017125,0.24372931730017128,0.32194640694416277,0.3219464069441627,0.7065097490488561,0.706509749048856,0.4769230938522106,0.20380888356316573,0.4117058413882031,0.48942008839122125,0.5158708043423943,0.4013206543542933,0.03663405740509407,0.06644818650485851,0.33773761470934244,0.06598340412539189,0.06307424175293075,0.3038722235010103,0.06913096954826375,0.06381797313864773,0.37674774892911495,0.04785049030349419,0.12201296503243576,0.3726404352144042,0.11674873591118091,0.3717172217748645,0.32222029127343743,0.3354587759279213,0.32778708855231253,0.37171722177486455,0.32222029127343743,0.3354587759279213,0.32778708855231264,0.06329108193752829,0.0636195229669992,0.05617973013155886,0.06100141292966421,0.0632910819375283,0.05617973013155886,0.06405697490479381,0.07245390397777668,0.35983413108553014,0.32012603140810253,0.14170590204719657,0.4388214356136768,0.0804204545071805,0.38888888480077877,BUY,0.0,0.0
0.04952077675097405,0.04113923865592056,0.04730833391965633,0.04508198355193194,0.020177391027054563,0.0,0.0,AVH,2022-10-06 00:00:00+11:00,"Pharmaceuticals, Biotechnology & Life Sciences",0.3893278365387159,0.44425885192053877,0.5136055078249936,0.2566881406858972,0.04386690719487524,0.4140397364274522,0.03499174912726316,0.37448632710375573,0.044597798214431494,0.317535019683274,0.05245811425136604,0.259320574613478,0.002337268748537402,0.27087812113901943,0.039357637253820216,0.193541509408511,0.15603921376145025,0.15603921376145025,0.2436879157823644,0.24368791578236443,0.3122336446593923,0.31223364465939224,0.7086761740373397,0.7086761740373396,0.44927539737304123,0.1834042077112552,0.3892533095123081,0.4858551183135651,0.5118746118008486,0.40109702530022723,0.033148232974662684,0.06449639625993436,0.26458897937607906,0.0666628699227575,0.05919347541734138,0.28175720142579774,0.06916293036251214,0.06373681627198441,0.3524944094250765,0.051513877905464585,0.1218315658661671,0.1433255361564303,0.04690160656020342,0.2989259896186548,0.29848239226972884,0.35038523874131483,0.3206173570402333,0.29892598961865474,0.29848239226972884,0.3503852387413149,0.32061735704023336,0.04109586356705002,0.062309621585805046,0.031914869332643446,0.05658043333319866,0.041095863567050084,0.031914869332643425,0.05871888128928601,0.07040330872173586,0.3089748438710942,0.2946349683270082,0.16431658670544863,0.41668379726216653,0.07730798733579147,0.3249210435904364,BUY,0.0,0.0
0.043131006477177714,0.04034810017646934,0.04649267399587953,0.04262296946514582,0.021207556739613234,0.0,0.0,AVH,2022-10-07 00:00:00+11:00,"Pharmaceuticals, Biotechnology & Life Sciences",0.4159582779194457,0.47162878412776243,0.5306122912378106,0.29831928591425944,0.04121834159619542,0.41493504791129965,0.03256056068961827,0.3729609499135216,0.042441231452280015,0.31476048199745366,0.05236656439755888,0.2521370930109338,0.002251654590910479,0.26467963572818165,0.038184727663457124,0.19132264914282915,0.06473929681945073,0.06473929681945073,0.24034463454436802,0.240344634544368,0.29044621882342914,0.2904462188234291,0.7092287974641129,0.7092287974641128,0.3050849032929652,0.20393895987276578,0.418663118201291,0.48264953014212025,0.5079405481866774,0.40163898010073784,0.031311021215368995,0.061565936806667165,0.26621235340275795,0.06635669475646594,0.055017668026405564,0.28708426476883436,0.06932638192677065,0.06332637857130591,0.34320050224280724,0.03045102978208824,0.1199697668056219,0.1981721582553607,0.04976335129590068,0.35986467050520354,0.3101209687300945,0.3112931125074784,0.31342530855393846,0.3598646705052036,0.3101209687300944,0.3112931125074784,0.31342530855393846,0.015873003858975762,0.04093865042428022,0.010526307864200765,0.03346410861483123,0.01587300385897572,0.010526307864200835,0.052491108939796,0.06493508186654848,0.2990769613700308,0.30236403890780994,0.17206886296724128,0.4178221596053141,0.07347703967805813,0.40127386890699124,BUY,0.0,0.0
0.03833865972881295,0.030063281081374627,0.03588907553991405,0.03196722221323267,0.025927576618991244,0.0,0.0,AVH,2022-10-10 00:00:00+11:00,"Pharmaceuticals, Biotechnology & Life Sciences",0.34590655646690127,0.39889499729165284,0.5068027944598669,0.23738642584745015,0.037576559951336574,0.354632600546922,0.030303028421080458,0.3211718420075791,0.039422037779601626,0.2773281481574723,0.05198205457502464,0.2209368829000643,0.0021146717345871258,0.23726389582947338,0.03695643049042116,0.17557825296998697,0.10517725373481038,0.10517725373481038,0.23747015893229897,0.237470158932299,0.29440589295583464,0.2944058929558346,0.7179730184364932,0.7179730184364931,0.052631534918078135,0.22029994415837606,0.3277601018399706,0.4760944102406197,0.5032859790045465,0.39535396170670173,0.033790361598668994,0.05408446162660552,0.17427509757514992,0.06582047460512164,0.04929772106856917,0.24604958471686209,0.07009014661934915,0.061503962802703926,0.3039695925575955,0.03381152852001316,0.11767821123357923,0.23066665109150003,0.06155684418837228,0.3363888412328,0.3123340851246069,0.2617561676405057,0.28498649924915953,0.3363888412328,0.312334085124607,0.2617561676405058,0.28498649924915964,0.018181802418604974,0.025582640090918055,0.009259251083038548,0.017543022004757082,0.01818180241860501,0.0092592510830386,0.047153036535902415,0.06425155554671919,0.20628964342753403,0.2730337285998794,0.19065768501095262,0.38330423649399403,0.06943438735650415,0.4817275921188797,BUY,0.0,0.0
0.027156561749669406,0.024525311725216242,0.027732476302145648,0.03114755085097065,0.0381030294511031,0.0,0.0,AVH,2022-10-11 00:00:00+11:00,"Pharmaceuticals, Biotechnology & Life Sciences",0.42942891138063555,0.48534597517986827,0.551020431333191,0.3530345047784954,0.03327263690680776,0.3824684684980655,0.028219152321649843,0.32725088407973457,0.03657536928336241,0.28457396692769654,0.05139613507411456,0.21975361703584484,0.0019177589679250096,0.23556163159209464,0.035750940028475536,0.1760413702899692,0.08365231710046003,0.08365231710046003,0.23771055994819265,0.23771055994819262,0.2947221240800064,0.29472212408000636,0.7127840761242408,0.7127840761242407,0.08333327814383125,0.24428785097949424,0.2918252434543829,0.471390869418786,0.4984807670712006,0.3940398948841569,0.035225115024111686,0.04814966356929112,0.23376182366535198,0.06513828629802199,0.04411178801235205,0.26792897745306454,0.07107583536704248,0.05895421876163698,0.30867964660328967,0.043915795751523136,0.11631192124531083,0.2962905527744753,0.09110467542124433,0.32246226176472215,0.3174309711008452,0.2698179074759299,0.2670954460174833,0.3224622617647222,0.31743097110084517,0.2698179074759299,0.2670954460174833,0.15873003858975762,0.06562742968786676,0.08474569422044993,0.03546961090106021,0.15873003858975765,0.08474569422044986,0.046263357801920174,0.062200976587231255,0.1997593367162801,0.2689460224025255,0.20312796598793142,0.33710192892337293,0.06383349320415216,0.39999993642171217,BUY,0.0,0.0
0.031948889455016644,0.026898727163569836,0.03344209576858351,0.03114755085097065,0.020253115646149737,0.0,0.0,AVH,2022-10-12 00:00:00+11:00,"Pharmaceuticals, Biotechnology & Life Sciences",0.4367159267158128,0.4927311798870367,0.5306122912378106,0.29831928591425944,0.029299784562113962,0.41561377341052363,0.025006511123022712,0.3445468653570598,0.032909206199037366,0.2991247344098935,0.05062711542904608,0.22144619201726345,0.001737969032788278,0.23595541566799583,0.03447377166458379,0.17798997007138345,0.09147590452021201,0.09147590452021201,0.19539927951358702,0.195399279513587,0.24572839653486203,0.245728396534862,0.7076352232694174,0.7076352232694173,0.10344819081381303,0.22991847051833536,0.30332467585660017,0.46855835966443177,0.4939852755310676,0.39674160664727837,0.03314038275551834,0.043887134696915464,0.2840837046502269,0.06090567380671358,0.04136717312148003,0.2855661284888027,0.07211169977039888,0.055936639358700746,0.3178087387180015,0.028447523503065918,0.10595978799667992,0.19510892521708767,0.0511729812941413,0.32925684394255234,0.28394484515768653,0.23076945937451931,0.25192902995124755,0.3292568439425523,0.2839448451576866,0.2307694593745193,0.25192902995124755,0.15873003858975762,0.11425853452737328,0.08474569422044993,0.0606537799949532,0.15873003858975765,0.08474569422044986,0.044484000333955664,0.05741629234842616,0.2696364825678481,0.29202724319756,0.2571405127690947,0.3739308395682186,0.057132198892279884,0.4266667366027832,BUY,0.0,0.0
0.02955272560234304,0.02531645020466744,0.03181077592102985,0.027049194039660523,0.029239918021993005,0.0,0.0,AVH,2022-10-13 00:00:00+11:00,"Pharmaceuticals, Biotechnology & Life Sciences",0.4001593999001647,0.4554319498724389,0.5238095778726838,0.2802651057748564,0.025658002917255146,0.410585432584476,0.0200573061631793,0.3464167029021801,0.028811729145283294,0.2961005091826323,0.04844822716225872,0.21381539606794764,0.001609547796347921,0.22555356901326895,0.033089086680809315,0.17322890681070696,0.08931741270015084,0.08931741270015084,0.11853307888846276,0.11853307888846275,0.2367940948441334,0.23679409484413333,0.4374753062880594,0.4374753062880593,0.0,0.23854595655554756,0.18653604115699277,0.4653902262922053,0.48966038526894673,0.3982297730377046,0.023409713973767843,0.04473522527043605,0.23965957892010314,0.05481923406344402,0.039890080174128484,0.2724977256702117,0.07145228410879084,0.05197242056220697,0.3138476749498719,0.03311729854715186,0.07724933575075234,0.2627364303822437,0.08767634351098688,0.3348468343732858,0.23506353341189112,0.20874998856502083,0.15742703765271057,0.33484683437328566,0.23506353341189107,0.20874998856502086,0.1574270376527106,0.07936501929487881,0.13508640233196254,0.042372847110224966,0.07188990633063407,0.07936501929487871,0.04237284711022493,0.036476870516501114,0.04579632861477506,0.2856469486602923,0.28963627405681436,0.27520304142100344,0.2962079754719043,0.05163713755654459,0.38983045368145364,BUY,0.0,0.0
0.028754004318118476,0.023734173245765045,0.030179456073476163,0.026229522677398476,0.0315554036621847,0.0,0.0,AVH,2022-10-14 00:00:00+11:00,"Pharmaceuticals, Biotechnology & Life Sciences",0.4292807010429824,0.48519551246510906,0.5238095778726838,0.2802041119819884,0.022347291972231342,0.43199754229952836,0.01693149304910574,0.35879943927502,0.024627989503309633,0.3093598497094834,0.04628764886623288,0.21608426253463964,0.0014811265599075085,0.22369306745129114,0.03178585368179451,0.1738378788432281,0.09351551445770115,0.09351551445770118,0.04943734879960626,0.049437348799606276,0.2345890947403139,0.23458909474031386,0.4375112104992034,0.4375112104992035,0.0,0.2860123512152606,0.153032064819034,0.46346229239727726,0.4857571539335997,0.4019079321368599,0.020178059891673705,0.04195647944855774,0.27228737610800857,0.046831405834396045,0.040461890707925496,0.2720326452926434,0.0706918894111564,0.048177410107498986,0.3220131180219964,0.03844937836837992,0.06832943053088934,0.26331849717437833,0.10044719369103941,0.34167231944439813,0.28460239149376343,0.20441368244902286,0.15801933537119137,0.34167231944439813,0.28460239149376343,0.2044136824490228,0.15801933537119137,0.06349201543590305,0.10266566577229148,0.03703700433215419,0.055701363520164214,0.0634920154359031,0.03703700433215418,0.026690383231082054,0.03485989120095326,0.3043058427543804,0.28776896111088446,0.27884097027243276,0.06880634881700695,0.047131187261241686,0.3265306188648778,BUY,0.0,0.0
0.027156561749669406,0.018987342369057886,0.02691681637836879,0.023770508590612388,0.03887337755562262,0.0,0.0,AVH,2022-10-17 00:00:00+11:00,"Pharmaceuticals, Biotechnology & Life Sciences",0.41433438012143053,0.46996942231496686,0.5204082211901204,0.2709616764821414,0.020691938473056448,0.42438375238808845,0.014152992273246512,0.3590123848262363,0.020875563830764998,0.3130568152990505,0.04414538054096845,0.21328938264808583,0.0013698281549925362,0.217517308604799,0.030511943397293156,0.17162284567219532,0.02541607308040115,0.02541607308040115,0.04519892421224528,0.045198924212245264,0.22905446843334124,0.2290544684333412,0.4375377016318349,0.4375377016318348,0.0,0.2860123512152606,0.14153127986730255,0.4617944713310046,0.4822510614334612,0.40537220083271497,0.0180067975124637,0.038688811159734826,0.27898895397045625,0.04035119663935105,0.040172276525421435,0.2614763619904614,0.07002616465761269,0.044302004616487256,0.32397721489530684,0.045120142292542596,0.0691307029217693,0.29780995860823994,0.12306090146464826,0.3781201354461771,0.29399594715663996,0.221715243480406,0.1578144465122443,0.37812013544617706,0.29399594715664,0.22171524348040603,0.1578144465122443,0.031249976716930777,0.05926915914895757,0.020408148370347826,0.033870306793317026,0.03124997671693075,0.02040814837034788,0.02313166829515298,0.027341085386277997,0.3071430479685777,0.27768264376502033,0.28869039781916095,0.08219148693292469,0.04343630801909326,0.3711339834540788,BUY,0.0,0.0
0.03434505330769025,0.03481013082031098,0.03752039538746771,0.037704921749066866,0.04796832623498304,0.0,0.0,AVH,2022-10-18 00:00:00+11:00,"Pharmaceuticals, Biotechnology & Life Sciences",0.5648522024964263,0.6187325737651289,0.5476190746506276,0.3425609658126646,0.022016221272396358,0.5381561115591404,0.01259008468113737,0.4574232940163738,0.01871899706861352,0.39180445255030727,0.04132564242444264,0.26293106329535176,0.0013869509865179763,0.2538321270733397,0.029286904303647637,0.19728889699990615,0.17858863444502707,0.17858863444502707,0.16136615451222988,0.1613661545122299,0.26716178169843796,0.2671617816984379,0.33087590005870304,0.33087590005870304,0.4249997466801692,0.31683905584355454,0.27017450696516765,0.46768469072608543,0.48080061505090815,0.4233037397897829,0.013490670001803262,0.04059820174763917,0.5559485137154048,0.03608335104778815,0.040643451185774004,0.3884468045085665,0.06437612234337414,0.04529130670898002,0.3773371534387438,0.05020357175428037,0.06657813101360029,0.34589292721606635,0.15456191320359372,0.44975476987606416,0.33511177154022886,0.30907077864411225,0.13108321057360298,0.44975476987606416,0.33511177154022886,0.3090707786441123,0.13108321057360303,0.2968747788108424,0.13331339462235045,0.21839062505138335,0.09359677046850742,0.29687477881084234,0.2183906250513833,0.0320284768465898,0.032809295944912414,0.4226080207281418,0.3586053724029057,0.3124749438677358,0.15694002436083593,0.02582160850602852,0.2759740792552918,BUY,0.0,0.0
0.03833865972881295,0.030063281081374627,0.039967375158798224,0.03524590766228078,0.01731428981299572,0.0,0.0,AVH,2022-10-19 00:00:00+11:00,"Pharmaceuticals, Biotechnology & Life Sciences",0.4153517222034342,0.47100912710653836,0.5204082211901204,0.27220520302848406,0.022843898021983805,0.5084985529278305,0.010940349004474603,0.45172031315817573,0.016864349365230458,0.3879686914972309,0.038597454161724054,0.261812530667091,0.0011900382198558046,0.24785728753657077,0.02805860713061173,0.1950921343701027,0.1835320125885707,0.18353201258857066,0.1617421599333663,0.16174215993336627,0.26136603566686445,0.26136603566686445,0.33017760986506084,0.33017760986506084,0.5666666666666667,0.17680237622272182,0.31427776208210445,0.4720940849345625,0.48065417693363,0.4346786913483623,0.008212708357143661,0.043194804529622266,0.5492792587395,0.03305483218476757,0.040295805431133036,0.3776236208633167,0.05906438734684105,0.046050916858492,0.36911329283912064,0.04868924186127783,0.05853025869783961,0.12707531963644575,0.059114793880968,0.4377935874099961,0.33189869425421203,0.3246139412523291,0.13403337215185154,0.4377935874099961,0.33189869425421203,0.3246139412523292,0.1340333721518516,0.32653029448586496,0.22285635727300787,0.2424240672774037,0.16328883849617157,0.3265302944858649,0.24242406727740373,0.0204626320932062,0.02118933221126132,0.42392280965425944,0.35785383971521917,0.27261174898474877,0.17685805956298245,0.0262128448063349,0.23606558684154555,BUY,0.0,0.0
0.03434505330769025,0.026107588684118638,0.030995115997252992,0.026229522677398476,0.018006470568771832,0.0,0.0,AVH,2022-10-20 00:00:00+11:00,"Pharmaceuticals, Biotechnology & Life Sciences",0.3576099985993073,0.4112135963615128,0.50000008109474,0.2186842620971301,0.0226783626720663,0.42909499238762505,0.008943300989597558,0.4054228088863041,0.01444899483842027,0.3534304067328995,0.035924195811289694,0.23981645140314034,0.0009674412059055837,0.22480022869912142,0.026872665145008384,0.18151094526968442,0.2104291153143715,0.21042911531437153,0.17553588017201707,0.17553588017201704,0.2700014704004866,0.27000147040048655,0.332218992539719,0.332218992539719,0.4250000000000001,0.21448461141519332,0.31141391812894825,0.4723589422226241,0.4805979290992164,0.4354654272349035,0.0042709474096559175,0.043554475427959094,0.3368667656970423,0.029533134951560014,0.0393475658175681,0.3061807243453165,0.05498551545989039,0.04535882200174257,0.33564237060489166,0.04290082626754758,0.05620768164260838,0.14181316659329016,0.06255406992492304,0.41380364524133073,0.3188549235770728,0.2894408332628093,0.13195293350622686,0.41380364524133073,0.3188549235770728,0.2894408332628093,0.1319529335062269,0.1063829247581065,0.24843296454318742,0.07812494179232694,0.1828733373240041,0.1063829247581064,0.07812494179232699,0.010676144807787141,0.020505805891432027,0.3605773555776125,0.32220556732339745,0.311619396029288,0.19633925458674195,0.026596256380635147,0.3877550490809776,BUY,0.0,0.0
0.03115016817079211,0.026898727163569836,0.03262643584480668,0.028688536764184563,0.021333246283331324,0.0,0.0,AVH,2022-10-21 00:00:00+11:00,"Pharmaceuticals, Biotechnology & Life Sciences",0.459097473310195,0.5152618498595956,0.5238095778726838,0.2803858694060538,0.02317496872181879,0.44677675324965627,0.00746722148204193,0.4304433295094583,0.012508084546817677,0.37476255973070693,0.033049527782479604,0.25451419529302144,0.0007448441919553628,0.23171028513778902,0.025748626667822322,0.1875609560664549,0.21184077746105848,0.2118407774610585,0.1808518413704366,0.18085184137043664,0.27094497511866455,0.2709449751186645,0.322928301257997,0.322928301257997,0.46511627906976744,0.2782302830838434,0.3172938529625141,0.47450830617902295,0.4810471667348779,0.4398748108935716,0.0,0.045364289684919346,0.4436733326942423,0.02664701797916391,0.03865148702280519,0.34308652136871143,0.04880626906377172,0.0469021210202778,0.344370262862729,0.037633512255556285,0.05013006765372792,0.17998252459957292,0.07766840338267131,0.43006357129301587,0.33611921411574847,0.31687620771931446,0.12391853245499934,0.4300635712930159,0.33611921411574847,0.3168762077193144,0.1239185324549994,0.17021267961297037,0.20531490713081116,0.12499990686772311,0.1511839397958693,0.17021267961297037,0.124999906867723,0.008007108605840349,0.02118933221126132,0.3884625947463294,0.34134232512376816,0.37118655167378006,0.24012615918124558,0.02697199972344938,0.35353533407459836,BUY,0.0,0.0
0.031948889455016644,0.024525311725216242,0.03181077592102985,0.03196722221323267,0.04115888424104056,0.0,0.0,AVH,2022-10-24 00:00:00+11:00,"Pharmaceuticals, Biotechnology & Life Sciences",0.46625655416106243,0.5224206120581717,0.534013647920374,0.307256105169353,0.024830322220993656,0.4614574362207473,0.00746722148204193,0.4518976468441507,0.011386669871632116,0.39675118871588655,0.03154810887040954,0.2686865580631581,0.0005650542568186312,0.2406806690498665,0.02460503971429398,0.19512004591249948,0.20825455262069026,0.2082545526206903,0.15383342911984568,0.15383342911984565,0.25592882128683037,0.2559288212868303,0.13603332145752944,0.13603332145752944,0.5714285714285714,0.2887884105794739,0.3648065962181205,0.47847640339028363,0.48231900171032904,0.4470503826606338,0.0,0.045364289684919346,0.581768384994336,0.025428866837100883,0.037722188619759234,0.3871874704883516,0.04798555058762555,0.044637829114160366,0.3669662262401707,0.038811197253197365,0.05182410030743263,0.341801789618301,0.14786972984917593,0.45896200190219216,0.3868761112245519,0.3671387203129251,0.19952571096763883,0.45896200190219205,0.3868761112245519,0.36713872031292516,0.19952571096763885,0.25531901941945556,0.18107330789815332,0.1874998603015847,0.13254702316619496,0.25531901941945556,0.1874998603015846,0.005338072403893571,0.01435405271641535,0.3984985617658237,0.34911054403545305,0.39239947136678394,0.27195193793252465,0.027340228199407318,0.31561463478194396,BUY,0.0,0.0
0.033546332023465714,0.030063281081374627,0.03588907553991405,0.03442623630001876,0.03064359930439942,0.0,0.0,AVH,2022-10-25 00:00:00+11:00,"Pharmaceuticals, Biotechnology & Life Sciences",0.45857697272134423,0.5147404708294369,0.5374150046029375,0.31607455606962903,0.024168180821323715,0.4892392351140744,0.007814533820256209,0.46580634658320497,0.010524042961105318,0.4134665319764559,0.03028471957823814,0.27975154507114164,0.0005222471780051419,0.24720956082578383,0.02354942090430609,0.20116723025885164,0.11815371171373035,0.11815371171373035,0.15526258439765975,0.15526258439765972,0.2577897139355113,0.25778971393551126,0.13327979496236486,0.13327979496236486,0.6136363636363636,0.3296698484203349,0.43637074073086035,0.4834574514897284,0.48448183774198966,0.4548226446339036,0.0007393013355786737,0.04524057140314691,0.6630521518248775,0.024378415215164373,0.037140374159974454,0.4206938753800252,0.047422611940291015,0.04256963731939001,0.38469017130651373,0.029884042883204488,0.048260014745637736,0.28879923213175507,0.11323717592224022,0.4023242797124076,0.3993762240658542,0.38430431571860924,0.2162368550688606,0.40232427971240764,0.3993762240658542,0.3843043157186093,0.21623685506886067,0.45454512614513193,0.2995939852222609,0.23437482537698084,0.185565832432673,0.4545451261451319,0.23437482537698084,0.0,0.00751877322156938,0.48661444359250255,0.3822495361969722,0.3456744257790773,0.3365756499478091,0.02770109210584612,0.2763158431343762,BUY,0.0,0.0
0.03753993844458842,0.03481013082031098,0.03670473546369088,0.036065579024542826,0.04438328737670599,0.0,0.0,AVH,2022-10-26 00:00:00+11:00,"Pharmaceuticals, Biotechnology & Life Sciences",0.4511461348504332,0.5072837041483828,0.5272109345552473,0.2895862375923459,0.024333716171241193,0.5023717765609823,0.008335502327577682,0.473235559396322,0.00918697181537087,0.42836370922145295,0.028655130434293852,0.28919969341995233,0.0004537556477833826,0.2516533125129553,0.022506834411879756,0.2058059512040955,0.11716016591287118,0.11716016591287118,0.15566453229119612,0.1556645322911961,0.2330836688037994,0.23308366880379938,0.09515859672935667,0.09515859672935667,0.6744186046511628,0.3924397808530404,0.46001017004639233,0.4888085959064475,0.4874425764865875,0.46178280351465023,0.001900122719404096,0.04499599839309565,0.6935814705700818,0.02135295220078509,0.03787753220634121,0.4492573348068968,0.04553972175351523,0.041377757554984074,0.39729002470939256,0.04383226387741917,0.05077178111538229,0.34548580269296647,0.16077239379512576,0.42177998253039706,0.40562628048650534,0.3550940255378199,0.19308679605562706,0.42177998253039706,0.40562628048650534,0.35509402553782,0.1930867960556271,0.5312496041878232,0.42249744995552035,0.2656248020939116,0.23328276077250326,0.5312496041878232,0.2656248020939115,0.0026690574135609657,0.010252894797439516,0.5635220702909296,0.4034029385832606,0.45598115425417163,0.4315636343851357,0.02805473873415612,0.24836601459963203,BUY,0.0,0.0
0.03674121716036388,0.03401899234085981,0.035073415616137193,0.039344264473590906,0.022403383935588328,0.0,0.0,AVH,2022-10-27 00:00:00+11:00,"Pharmaceuticals, Biotechnology & Life Sciences",0.46538771298972387,0.521553039766348,0.5442177179680642,0.3333656365895832,0.026982281769921068,0.5077238317094981,0.009637923595881337,0.48635998088412213,0.007375455406097631,0.4542901157492858,0.027153711085679655,0.3037368691264327,0.0005222469738849211,0.26007754048114484,0.021444699443111087,0.21340014412817515,0.0,0.0,0.1481622845691551,0.1481622845691551,0.20169575955615995,0.20169575955615993,0.0981974581962115,0.0981974581962115,0.5333333333333334,0.45035543221838303,0.40679199899292817,0.49512224430767543,0.49126296056306573,0.4692815474015511,0.004017707656593317,0.04527681059617639,0.7451807558691905,0.013960087937352872,0.04273989926091598,0.5147146613173319,0.04362523199743651,0.0405088668300882,0.4167232661200666,0.04609792292845818,0.05272112660381993,0.16959640058196007,0.07992889863333806,0.4829531525965938,0.4345460323064406,0.32871175483062076,0.2023472894133817,0.4829531525965939,0.4345460323064407,0.32871175483062076,0.20234728941338173,0.8399991989135742,0.6215331023484459,0.32812475552777315,0.2809996891123335,0.8399991989135742,0.3281247555277731,0.008007151029068738,0.010936437413821776,0.6020439169739408,0.4113742362949085,0.5228921543109251,0.41663336619639724,0.028401312429899933,0.23225808089035027,BUY,0.0,0.0
0.04153354486571112,0.03322783499917939,0.03181077592102985,0.029508208126446583,0.017179939682342993,0.0,0.0,AVH,2022-10-28 00:00:00+11:00,"Pharmaceuticals, Biotechnology & Life Sciences",0.3518104424674631,0.40511775006044204,0.48299329768192306,0.17801594537530002,0.027147817119838547,0.41955611825931394,0.009985235934095615,0.4204279927503609,0.005995252966253362,0.4097692483178794,0.025505811970973957,0.2759733344955818,0.00034245703874813405,0.23473650094809162,0.02042817774116537,0.1978150736848437,0.12714665839973152,0.12714665839973152,0.18534187288869255,0.18534187288869253,0.16717058459572717,0.16717058459572715,0.10947313000857817,0.10947313000857817,0.41025641025641024,0.45809333498969584,0.25883361937200877,0.4962498473821316,0.4945785547273749,0.46487823114114957,0.003767013595723928,0.04627910074971814,0.39570666123155285,0.010899989808754229,0.043426984952744774,0.3774153116391733,0.04206940572440765,0.0388593460973618,0.3781973072777398,0.04395779054302471,0.04334470942283347,0.13352194508213763,0.06608890548839179,0.4218856174247463,0.3996313281613027,0.3502852263487561,0.1892739976918268,0.42188561742474623,0.39963132816130276,0.35028522634875614,0.18927399769182682,0.3599996566772461,0.5893481235235816,0.18367329064829904,0.26379561229878945,0.3599996566772461,0.18367329064829896,0.010676166019401329,0.011619947437098127,0.4785641123662251,0.3784560538401628,0.5360996645632509,0.3839670159706594,0.02874095465172888,0.3154362587932851,BUY,0.0,0.0
0.03753993844458842,0.03797468473811577,0.03670473546369088,0.036885250386804846,0.05636776316359249,0.0,0.0,AVH,2022-10-31 00:00:00+11:00,"Pharmaceuticals, Biotechnology & Life Sciences",0.502959297031587,0.5587633827102328,0.5306122912378106,0.29831928591425944,0.028141029219343472,0.47584931914200146,0.01137448528695284,0.4596243876702517,0.0053051512321656835,0.45181180363913565,0.024059322971188235,0.30389869808012315,0.00017122851937406702,0.25443833687939577,0.019525688817883163,0.21242525783345112,0.14906286099905436,0.1490628609990544,0.19533455555838328,0.1953345555583833,0.18089186760929962,0.1808918676092996,0.1213254701176939,0.1213254701176939,0.6756756756756758,0.5341915821034349,0.4106803501996601,0.5010034632973833,0.49832410117333037,0.46862873373109826,0.003472277965317877,0.04948294478794579,0.6347913420044045,0.00899708365870483,0.04420788268075748,0.5134412623695448,0.04030136042301119,0.03792477320408805,0.4166472425353936,0.051794682315123665,0.051062752426306576,0.3991195000000882,0.20371874513341642,0.4417011720121059,0.4384229667817085,0.3960742455783664,0.2049421393182787,0.44170117201210585,0.43842296678170845,0.39607424557836646,0.2049421393182787,0.6206891448828789,0.6197949523306852,0.3829785291291834,0.30361615313792834,0.6206891448828789,0.3829785291291834,0.01868329583685588,0.010252894797439516,0.6087489845093976,0.4504002952441541,0.6730885777820829,0.5128313401771034,0.029073804029121242,0.273615690831827,BUY,0.0,0.0
0.03753993844458842,0.03243669651972819,0.03752039538746771,0.037704921749066866,0.0127830263155265,0.0,0.0,AVH,2022-11-01 00:00:00+11:00,"Pharmaceuticals, Biotechnology & Life Sciences",0.44386052494589157,0.49994826596970576,0.534013647920374,0.30705233423617295,0.02880317061901344,0.47724709198245385,0.01137448528695284,0.4649083099603226,0.004528786909858418,0.4600338461242306,0.022777623708255312,0.3100235902069026,0.0,0.2569752512977398,0.018522199433498948,0.21565610679433078,0.14775436090779775,0.14775436090779775,0.12804830113630822,0.12804830113630827,0.1791845177280196,0.17918451772801958,0.11909936987660152,0.11909936987660152,0.6571428571428573,0.5407913546660895,0.45342957280539986,0.5056097034623269,0.5023797210997066,0.4713335254976155,0.003472277965317877,0.04948294478794579,0.6696244331788113,0.00622144610975045,0.045831084020040824,0.5516629948416404,0.03886996390661995,0.036924152969009416,0.42502753745649935,0.0425914150516885,0.04987025693578227,0.10106980939090197,0.04663512434100126,0.4335966814790421,0.3868761112245519,0.3905920846324722,0.2161228611056083,0.433596681479042,0.3868761112245519,0.39059208463247225,0.21612286110560833,0.6551718751541501,0.5568764059959611,0.40425511408080467,0.32944875452559547,0.65517187515415,0.4042551140808046,0.02046265330482039,0.007518789518122321,0.5567622356937072,0.4445493847892379,0.6269897708199161,0.5212255888848876,0.029851384305512457,0.3636363354877703,BUY,0.0,0.0
0.03913738101303749,0.03322783499917939,0.04241435493012874,0.037704921749066866,0.012214980639146875,0.0,0.0,AVH,2022-11-02 00:00:00+11:00,"Pharmaceuticals, Biotechnology & Life Sciences",0.4367159267158128,0.4927311798870367,0.5272109345552473,0.2896427621246178,0.029134241318848397,0.474359369193992,0.011634969540613549,0.4632985690682203,0.0038386851757707396,0.4635409613702557,0.02160578426989107,0.31318937573317374,2.568424728804919e-05,0.2569167727467615,0.017505677731553176,0.217471788756519,0.1473045954534541,0.1473045954534541,0.12529135830510232,0.1252913583051023,0.17905556474297715,0.17905556474297712,0.117745930796464,0.1177459307964639,0.6129032258064516,0.5835542645583582,0.4312360738947415,0.5096812234378574,0.506560443474903,0.47242480254936725,0.004036248365896805,0.04937935726554904,0.652965152965485,0.0034504295221379766,0.04763026272270465,0.5827590147652535,0.03766522517825821,0.03587666224362074,0.42949952116532547,0.026015601694392584,0.04192351743741218,0.12226509098991761,0.04755333267598406,0.4256760497637624,0.39609750608771266,0.3962218309850427,0.2236666944037295,0.42567604976376244,0.3960975060877127,0.39622183098504277,0.22366669440372955,0.6551718751541501,0.6573583397664023,0.40425511408080467,0.40429671828669345,0.65517187515415,0.4042551140808046,0.01779361710287361,0.004101157918975806,0.5848377561567113,0.48522708487957894,0.6943906396437748,0.555996359911956,0.030597861370847995,0.33766233364111,BUY,0.0,0.0
0.035942495876139346,0.030854419560825824,0.03670473546369088,0.03196722221323267,0.032949091959666534,0.0,0.0,AVH,2022-11-03 00:00:00+11:00,"Pharmaceuticals, Biotechnology & Life Sciences",0.38686611618692945,0.4417116457247082,0.5170068645075571,0.2631580292789342,0.02764442316959098,0.436943010199482,0.012242766132488592,0.4226890755606485,0.003148583441683006,0.43672773392079733,0.020305775036196794,0.29767143962982867,9.417557338964322e-05,0.24172613203004678,0.016551059538024798,0.2089004938558106,0.15363945283586775,0.15363945283586775,0.10286582814490405,0.10286582814490404,0.17978263751687393,0.1797826375168739,0.12116976278010372,0.12116976278010372,0.4571428571428572,0.5328883358758727,0.4056401825339361,0.5107200693580684,0.5101438989974958,0.46721480373507307,0.0030799174911811944,0.051722095331714846,0.37365138353361155,0.0015437242695643116,0.0484156167429744,0.4523778428623207,0.03648007745688886,0.034521502659368486,0.40801418470261575,0.0314496361729174,0.04459039122309963,0.30335221944369056,0.1254467075433342,0.3831322686204169,0.409197740863866,0.39516917925496525,0.2128652965410694,0.3831322686204168,0.4091977408638659,0.39516917925496536,0.2128652965410694,0.4137927632552526,0.586927089077145,0.36363610091610554,0.39773343331871386,0.4137927632552526,0.36363610091610554,0.01868329583685588,0.0,0.46170209992591466,0.42843641069799576,0.6900201289906275,0.4606582981484979,0.03131447935357018,0.3953487782631959,BUY,0.0,0.0
0.03274761073924118,0.024525311725216242,0.027732476302145648,0.03196722221323267,0.059829777274131336,0.0,0.0,AVH,2022-11-04 00:00:00+11:00,"Pharmaceuticals, Biotechnology & Life Sciences",0.4367159267158128,0.4927311798870367,0.5306122912378106,0.29831928591425944,0.028141029219343472,0.43267367037823856,0.01259007847070287,0.4206059890261613,0.002587875589924682,0.4395407188100209,0.01887759600717248,0.3015064269737534,0.00020547397830461556,0.24147871749557182,0.01565508677352337,0.21048847236156892,0.10443886344991599,0.10443886344991599,0.10107068209591508,0.10107068209591506,0.17896717936071763,0.1789671793607176,0.11622268814661285,0.11622268814661285,0.4242424242424243,0.5572213147825927,0.44217706258669287,0.5119383845447544,0.5132908091325725,0.4634067890404205,0.0025379200153097248,0.05305571036182172,0.3385362154095555,0.0,0.049047295851655404,0.46624427027708115,0.03478851086560891,0.033529742586273725,0.41287216221030154,0.053426414540770954,0.05265514219339042,0.41592936869702046,0.21356467929610573,0.42989974208126897,0.39950248771029717,0.40392646560626283,0.20428687759889586,0.429899742081269,0.3995024877102971,0.4039264656062628,0.2042868775988959,0.39285680834124515,0.49763032088367903,0.3749997206031694,0.3878064747109901,0.39285680834124515,0.37499972060316933,0.024021368240749436,0.0006835263198292918,0.2868336858133361,0.3400106083651625,0.650699957136151,0.4245493373421265,0.04851331093890168,0.36877073043611186,BUY,0.0,0.0
0.03514377459191481,0.03322783499917939,0.03588907553991405,0.037704921749066866,0.022788669021013914,0.0,0.0,AVH,2022-11-07 00:00:00+11:00,"Pharmaceuticals, Biotechnology & Life Sciences",0.48772503406205275,0.543750714049365,0.5442177179680642,0.33359620446913774,0.02830656456926095,0.48159286876056795,0.013197875062577913,0.4537066026281611,0.002889794648693156,0.4683936071234731,0.017394486629319694,0.32476807147739795,0.0005821764759832426,0.2556522701122165,0.014860114625481452,0.22226675675303526,0.0881615844149479,0.08816158441494792,0.11005049171681788,0.11005049171681787,0.15977069677582126,0.15977069677582117,0.11443610935600923,0.11443610935600923,0.4722222222222223,0.482713356114729,0.5098297439334509,0.5158507602697888,0.5167079692198221,0.4657641974990441,0.003012096113302609,0.05377140761161142,0.630980694482499,0.0005643550212307002,0.04902020747701452,0.6348971010861941,0.03219178248227328,0.03357161457994218,0.4437274676201182,0.03612364502432095,0.051999703232447805,0.19626930761844008,0.08175996827127706,0.42175443402501744,0.40867863369125024,0.4663412361657227,0.20289688331277939,0.4217544340250175,0.4086786336912503,0.4663412361657228,0.20289688331277944,0.6428565954674921,0.4934379781075717,0.6551718751541501,0.4729477086876708,0.6428565954674921,0.65517187515415,0.014234880955330376,0.0034176315991465145,0.5330566918045586,0.5083167719923916,0.6191247055507347,0.4716996171856016,0.04807512632733199,0.288961080178622,BUY,0.0,0.0
0.03993610229726205,0.03797468473811577,0.043230014853905596,0.04262296946514582,0.045128764052079884,0.0,0.0,AVH,2022-11-08 00:00:00+11:00,"Pharmaceuticals, Biotechnology & Life Sciences",0.47944450552817464,0.5355478283200923,0.5442177990628043,0.33291363222781767,0.02929978061543992,0.5158968421588845,0.014066157978258498,0.4798090485999824,0.0034936337945613016,0.4912719808765529,0.016277577539783872,0.34444622681687453,0.0010273707080039052,0.26748988458015444,0.0141563687780491,0.2324644771792318,0.10183848161062958,0.10183848161062961,0.11609621580225285,0.11609621580225284,0.16457151373286208,0.16457151373286205,0.10951107437376129,0.10951107437376129,0.7666668521033688,0.5565735896311048,0.6366324900601156,0.5214625283592246,0.5207320963688155,0.47105881188826526,0.005165583758103581,0.0531149464834183,0.7979480225143529,0.002031192443182256,0.048569414369471875,0.7412240391495915,0.03037811928087758,0.03342211977920212,0.47120744673071385,0.052790885734232025,0.053466755078666564,0.31596750256411327,0.16008282610110017,0.44115938127105986,0.41771527931857716,0.48894024764119964,0.22904891331288774,0.44115938127105986,0.4177152793185772,0.4889402476411998,0.2290489133128878,0.8571429787850018,0.6443623680242224,0.8620690789149158,0.6420763018512246,0.8571429787850018,0.8620690789149158,0.02046265330482039,0.0006835263198292918,0.6730583538095908,0.6061124935696157,0.7048542675880752,0.5460066275267355,0.026604080360417254,0.23566878497264443,BUY,0.0,0.0
0.04632589161407591,0.056962027107173685,0.04975531369098685,0.06557378715098938,0.08744750074336705,0.0,0.0,AVH,2022-11-09 00:00:00+11:00,"Pharmaceuticals, Biotechnology & Life Sciences",0.6323051473943384,0.6822948479538525,0.6122449327140722,0.5006625601502965,0.034927990405982656,0.6632748746423753,0.017191973162476837,0.6054673353014999,0.005305150203834541,0.6022615691843511,0.015545178272782345,0.4239835904818249,0.0016866003340918478,0.32578516615616093,0.013524300754884006,0.2753171797682408,0.25447821007904803,0.25447821007904803,0.2505203833816838,0.2505203833816838,0.2689344392621916,0.26893443926219157,0.1841525292742271,0.18415252927422698,0.8571429961624341,0.7987658590553617,0.7729515956938637,0.5364105434760711,0.527388622263197,0.4940214027007892,0.019865701299280114,0.04284960906052376,0.9767672432389196,0.010647438302468726,0.042272038415230306,0.9753576346655126,0.0283883398438865,0.03434533563792258,0.5887758232322464,0.09155699866085823,0.06749769309598112,0.42663480152455246,0.27997090027658056,0.5498974989733494,0.49717137268390005,0.579036740037344,0.2623158978554395,0.5498974989733494,0.4971713726839,0.579036740037344,0.2623158978554396,1.0,0.8510448339020295,1.0,0.8541517917307611,1.0,1.0,0.03558721299413303,0.012303490053480387,0.9336136740426659,0.8181024145688084,0.812988712088188,0.6655031358317031,0.027042264971986918,0.15204677465680283,BUY,0.0,0.0
0.06389777891003329,0.12183542014663007,0.0652528522427468,0.0926229616481431,0.25406720038088815,0.0,0.0,AVH,2022-11-10 00:00:00+11:00,"Pharmaceuticals, Biotechnology & Life Sciences",0.6483591248879026,0.6971583610631282,0.6496598562222696,0.5743094725836948,0.047177618139899014,0.7759510728506145,0.022835804868893694,0.7362134428246574,0.008755656817610702,0.7232202539055785,0.01563672812658956,0.5149324115942561,0.002534181311079242,0.3939611442192503,0.013077943490007238,0.32542761913604595,0.26860790486636815,0.26860790486636815,0.34352456648627727,0.34352456648627727,0.3493265365811087,0.3493265365811086,0.2561769709291286,0.2561769709291285,0.9135803232249735,0.8634748316858101,0.8663172929658826,0.5603367447596362,0.5382155578772626,0.5304001663973772,0.04348575344589961,0.02763821879087852,0.9442255616857653,0.026214301008330998,0.03126824769277953,0.9833186916282685,0.028697476806955058,0.034152858399833674,0.7243555638970129,0.2054956192109122,0.11444414046379202,0.6554591157126438,0.6134193620556703,0.7119208616469568,0.5834506887468893,0.7056735459680522,0.3301794307594811,0.7119208616469568,0.5834506887468893,0.7056735459680522,0.33017943075948114,0.6343284405321646,0.8481416965274575,0.6370371168369653,0.8479982940752473,0.6343284405321646,0.6370371168369653,0.10498221787959203,0.06766917084931276,0.9612199641925018,1.0,0.9246569750991228,0.8075168495625544,0.02865228053710067,0.058666674296061094,BUY,0.0,0.0
0.10543132377574438,0.11867086622882528,0.09216966862111564,0.09098361892361906,0.1185125819452522,0.0,0.0,AVH,2022-11-11 00:00:00+11:00,"Pharmaceuticals, Biotechnology & Life Sciences",0.42501783813480537,0.4808634940799583,0.465986433174366,0.1683704780474843,0.05909617517398047,0.657601662004673,0.029347917420846303,0.6823280017871547,0.012163032137277097,0.6947339408172164,0.01580151786344247,0.5088404925457582,0.003236218015980674,0.38780321301992726,0.012572940640745989,0.3235851325775702,0.2778938797341659,0.27789387973416596,0.3043939458141107,0.3043939458141108,0.35004211943956465,0.3500421194395645,0.2541065007008795,0.25410650070087937,0.8915663585034436,0.8403516886137508,0.885414818301779,0.578187792237881,0.5509818688714297,0.5473174679130278,0.05710518045577567,0.025594299638656642,0.8081535741322337,0.03624976266115598,0.026662011479166303,0.8491889824231605,0.029211457836084975,0.03386057564831091,0.7139805947930942,0.2357339287820973,0.13260177040392845,0.2717617454531265,0.26128857197644734,0.7039732320762155,0.6228264512855602,0.7032805616398181,0.33661517364494914,0.7039732320762156,0.6228264512855604,0.7032805616398183,0.33661517364494925,0.6194030780201859,0.7672107570016882,0.6222223124877148,0.766613337679451,0.6194030780201858,0.6222223124877148,0.14501778212040797,0.09774434521835504,0.7804492224325683,0.8124924401755731,0.9541292071253896,0.8762997715353207,0.03482046671312902,0.07774797865150207,BUY,0.0,0.0
0.11821086432333705,0.11708858926992288,0.10685154724909873,0.11475410797172464,0.12505021474924602,0.0,0.0,AVH,2022-11-14 00:00:00+11:00,"Pharmaceuticals, Biotechnology & Life Sciences",0.6072478533338954,0.6588948533219575,0.5102041511424302,0.2588921414045202,0.07465651385292066,0.7093709647251982,0.03759659373401525,0.7690735120498078,0.016950609896787705,0.7868389292006019,0.016533917566988132,0.5862871382455513,0.0037841490330333682,0.4478342782196394,0.012136357536361636,0.3679673198552886,0.2787509304478233,0.2787509304478233,0.34049254706539667,0.34049254706539667,0.3851732376820314,0.3851732376820313,0.2995367059278169,0.2995367059278168,0.9809523982525962,0.8790958119480988,0.9440912801498896,0.6024453067020135,0.5667728164375571,0.5737015755943561,0.07768830373783264,0.01921573259455392,0.8345186753184768,0.051061068346905825,0.019356144468731212,0.8770385591086463,0.03199574277521838,0.03192375333604036,0.8169826406296845,0.2884276658024742,0.1505964564099473,0.24022269714977518,0.2538554312051229,0.7829077379654032,0.67698489082984,0.8121066331038038,0.3858498291581166,0.7829077379654034,0.67698489082984,0.812106633103804,0.3858498291581166,0.8358210123682337,0.7113212757800532,0.837037152158245,0.7113166811378607,0.8358210123682337,0.8370371521582449,0.17793591648936583,0.12371836166842151,0.7173892127251345,0.734822347984163,0.9733304470209975,0.9353861834733656,0.04061856171859568,-0.03731345673610187,HOLD,0.0,0.5
0.12300319202868426,0.12025314318772767,0.11174552623862632,0.1311475352169652,0.1078136481523304,0.0,0.0,AVH,2022-11-15 00:00:00+11:00,"Pharmaceuticals, Biotechnology & Life Sciences",0.545839887877293,0.6004830236551832,0.5578231446983178,0.35012693544066337,0.09253434348403167,0.686208526137539,0.04749500365370213,0.7980931374995694,0.021867581538627667,0.83858417752839,0.01759589630769548,0.6373527175814512,0.004631729805900542,0.4876829317885665,0.011751903702223482,0.3988820162438666,0.2516304616753815,0.2516304616753815,0.3357242856298879,0.33572428562988793,0.37855514363367804,0.378555143633678,0.31619809983556213,0.31619809983556213,0.9840000122070336,0.8984489935626437,0.9878066785061933,0.6281448264185923,0.585315055432913,0.597701275262219,0.09930413295499046,0.015069059470948387,0.8093780760588933,0.06747046566026049,0.010447835642681758,0.8495028994879981,0.03643503461600994,0.028602398664774098,0.8676741911287003,0.320728182819004,0.16309282796292257,0.188374035198996,0.20744908396868508,0.8292622701497595,0.7338762957972644,0.801185570487861,0.4138867481661733,0.8292622701497596,0.7338762957972645,0.8011855704878612,0.4138867481661734,0.9850746374880213,0.8307215916858341,0.9850746374880213,0.8294129926463357,0.9850746374880213,0.9850746374880213,0.19217075502146783,0.1401229933443248,0.672837474591046,0.6786494233986714,0.9848242229184027,0.9860294294857762,0.04606877102373433,-0.10426536508948436,SELL,0.0,1.0
0.14536742607300646,0.15031644313133147,0.14845026170231723,0.1540983724453156,0.1290140987693306,0.0,0.0,AVH,2022-11-16 00:00:00+11:00,"Pharmaceuticals, Biotechnology & Life Sciences",0.5822492743292295,0.6353012071682607,0.5578231446983178,0.3468450004889261,0.11041217706181672,0.7089382917170828,0.059824604081178734,0.8454394659441433,0.028121625354533275,0.9119567317621093,0.019152245132049883,0.7079678213007708,0.00578752195446508,0.543186880129596,0.01138699849978514,0.4418480926084593,0.2345004005598263,0.23450040055982635,0.33063183324478507,0.3306318332447851,0.3938252852413102,0.39382528524131005,0.3451094520273287,0.3451094520273288,0.9863013832849638,0.9182984479602778,0.9999999999999999,0.657615364539643,0.6069254551149144,0.6244650467151346,0.12418315307652539,0.01223095915356262,0.8058143686071697,0.08700214505439074,0.0006888035695719052,0.8416765075862455,0.043522814079580585,0.022992499766193775,0.9228067470533086,0.3421467851842834,0.18641699550675378,0.2126584625062707,0.22621887849839287,0.7955801599740937,0.8191044851508492,0.9028144466738057,0.4560977776057692,0.7955801599740937,0.8191044851508492,0.902814446673806,0.4560977776057692,0.9411765200869079,0.9402590605630589,0.9411765200869079,0.9376407359859354,0.9411765200869078,0.9411765200869078,0.2135230658486563,0.1503759044383173,0.6859616889395646,0.6887968623509876,1.0,0.9999999999999999,0.05119196777056467,-0.1288888719346788,SELL,0.0,1.0
0.13738021323076105,0.12816456570669804,0.12561174494283261,0.12950819249244117,0.05081455040783592,0.0,0.0,AVH,2022-11-17 00:00:00+11:00,"Pharmaceuticals, Biotechnology & Life Sciences",0.2904895870328607,0.3396183676070975,0.4897958488575697,0.2238454991497773,0.11786127175477779,0.49649715501374336,0.07015715442363352,0.6514122277906294,0.03355617252569065,0.762281161969613,0.02041563398767715,0.6212531012861325,0.00683201549399437,0.47688297591420303,0.011002544665646985,0.39780992537484233,0.3731008493435377,0.3731008493435377,0.4168681785764976,0.4168681785764976,0.43563123883923205,0.435631238839232,0.3685968246845407,0.3685968246845406,0.8117646101849328,0.8281321930958563,0.8727096217391619,0.668432321325539,0.6267010820431616,0.6084602009248699,0.1319041300907734,0.024784560203554712,0.6665640429685019,0.09669470139630448,0.0007476380605573596,0.7149643546000166,0.04757891386307245,0.02060421543907237,0.8056037081074612,0.2374139492966102,0.19326768896905733,0.11580789491996556,0.08683766955942529,0.5613925489399224,0.7575192901945036,0.8576002993433743,0.43526349846752166,0.5613925489399224,0.7575192901945036,0.8576002993433745,0.43526349846752177,0.7647057998551537,0.9160501627518671,0.7647057998551537,0.9130972158004224,0.7647057998551536,0.7647057998551536,0.23398571915347668,0.1756664108651074,0.5943516475543765,0.590995788117161,0.9599138453098074,0.9615828933054579,0.059866562952127556,-0.0809523641927975,SELL,0.0,1.0
0.13099040487092967,0.13765822746011236,0.13376834418060102,0.1459016588226953,0.056203878210829325,0.0,0.0,AVH,2022-11-18 00:00:00+11:00,"Pharmaceuticals, Biotechnology & Life Sciences",0.5411633999541865,0.5959710632426033,0.5850341603483051,0.3994911316275509,0.12895215203927174,0.5293368249284773,0.08222627059744936,0.6691103288611961,0.03972395375337662,0.8044624847853248,0.021807193075178588,0.6702776437051193,0.00821896627639207,0.5145797024731745,0.010748414317839294,0.42856212571203084,0.3606637454180151,0.3606637454180151,0.40246159587049146,0.4024615958704914,0.4419952306576308,0.44199523065763074,0.374352126483276,0.374352126483276,0.8024690740265975,0.8396453017378461,0.9452741364053111,0.6828495183027676,0.6458367486830112,0.6028777844066722,0.1395011479029044,0.04106492870874978,0.6958048187559296,0.10838929198990088,0.0,0.7316048407202957,0.05277856435757694,0.01703969796698651,0.8442080683142625,0.20530727199889148,0.20054906634145891,0.14511145798191663,0.09352317999115704,0.6327108507690058,0.8198123600459669,0.9086755203162231,0.44227228590529055,0.6327108507690058,0.819812360045967,0.9086755203162233,0.44227228590529066,0.8823530401738156,0.8810818829070363,0.8823530401738156,0.8782416584674841,0.8823530401738156,0.8823530401738156,0.23754445530101995,0.1845522856159942,0.5963105317756969,0.5859848025864243,0.9622995685523515,0.9819949868559837,0.06784719051916543,-0.1386363909756836,SELL,0.0,1.0
0.14536742607300646,0.14240505833681955,0.1419249823121025,0.15081968699626747,0.05845385428318209,0.0,0.0,AVH,2022-11-21 00:00:00+11:00,"Pharmaceuticals, Biotechnology & Life Sciences",0.4666258116439726,0.5227892275902528,0.5442177179680642,0.3225821432015928,0.13623571532898943,0.51385773029308,0.09420855868671169,0.6297764344789463,0.045977997569282225,0.7923283044634948,0.023180442191918615,0.6811720861955098,0.009571671191618725,0.5229170229260331,0.010507316287593133,0.43825290182997784,0.32851241924409663,0.32851241924409663,0.406970818298515,0.4069708182985149,0.44197324136771154,0.4419732413677115,0.37339047584818985,0.37339047584818974,0.7629629027859999,0.8444908644507626,0.9485912277765721,0.6947884309590775,0.6638905775332574,0.5934408408084773,0.1431474688270869,0.06165948219283557,0.6846952613798962,0.11936396589984355,0.00027821147045722916,0.7131803601088784,0.057959152544225345,0.013459117469413362,0.8393850488443613,0.17099123384473536,0.2041604492318821,0.17590387183346454,0.09601552274412495,0.5487768408516835,0.8069290502635703,0.9089130785326824,0.4384637542662486,0.5487768408516834,0.8069290502635703,0.9089130785326827,0.4384637542662487,0.9176471281216709,0.8730720545522223,0.9176471281216709,0.870257650312462,0.9176471281216709,0.9176471281216709,0.2473309213748248,0.19138754881428724,0.5905893308280215,0.5733788720239648,0.9792576607664593,0.9877625627459937,0.07518936788084035,-0.11659192297732845,SELL,0.0,1.0
0.1405750983676592,0.13132911962450283,0.11908646555261787,0.12950819249244117,0.07358922924995541,0.0,0.0,AVH,2022-11-22 00:00:00+11:00,"Pharmaceuticals, Biotechnology & Life Sciences",0.3088498147566145,0.35943324882825345,0.4761904221273161,0.1999319947372325,0.13590464462915441,0.38480199673829896,0.10341234185982512,0.48154812480940024,0.050981231799341775,0.6701861042641906,0.024169181049580213,0.6074338401707967,0.010641848978436064,0.46573329524826657,0.010168475720277875,0.39996673406249744,0.37676765678472607,0.37676765678472607,0.49397776102031743,0.4939777610203173,0.4938764999797116,0.49387649997971156,0.39854016083114185,0.39854016083114174,0.6477986176526247,0.7447842381056091,0.8421594994801224,0.6929132074300919,0.6779024419829122,0.5581825142452348,0.13484043519916217,0.09011238865810084,0.5521707540121793,0.1250471552275686,0.004132987000315613,0.631767190378237,0.060917196171068166,0.011865968249722747,0.7571723639174164,0.15335593881301668,0.21312797636988368,0.2420413261162222,0.11713397539057725,0.41218947616208657,0.703360062893976,0.8122375789998689,0.4071135323987161,0.4121894761620865,0.703360062893976,0.8122375789998691,0.4071135323987162,0.7647057998551537,0.8730720545522223,0.7647057998551537,0.870257650312462,0.7647057998551536,0.7647057998551536,0.2829181131573436,0.21736158156090665,0.5385912696790666,0.5255189410220741,0.9122212875046221,0.9242889790352459,0.0819441710535812,-0.07857141397437206,SELL,0.0,1.0
0.13418532809386285,0.12658228874779565,0.12724306479038627,0.13606560247555094,0.055940729607815314,0.0,0.0,AVH,2022-11-23 00:00:00+11:00,"Pharmaceuticals, Biotechnology & Life Sciences",0.4784950654242578,0.5346053502239841,0.5306122912378106,0.29831928591425944,0.13226286693096967,0.4471925985689884,0.11087956541201188,0.47836118247131143,0.05624325585072232,0.6731911548151819,0.02495651110195435,0.6260330505440937,0.011600728564458762,0.4794998273582983,0.009849183629304953,0.4128793738134065,0.3118138235926336,0.31181382359263354,0.4573184849729216,0.4573184849729215,0.4928742784676493,0.49287427846764925,0.3836179566144823,0.38361795661448217,0.5942029085662002,0.778660121248586,0.8490056874601486,0.692706258923319,0.6890643467289395,0.5333221246020518,0.12799422492016532,0.11331800785953272,0.5662635656073559,0.13084758456586948,0.008394439072440862,0.6345629360451178,0.063600857830176,0.010178665724960234,0.7701174927734602,0.11570240179312041,0.21554129937817923,0.22956999307924786,0.08830654549060364,0.3593813912435497,0.6226241095743907,0.828758062764011,0.38653355674009104,0.3593813912435496,0.6226241095743907,0.828758062764011,0.38653355674009116,0.8117648642781049,0.8490425694877798,0.8117648642781049,0.8463056258473965,0.8117648642781049,0.8117648642781049,0.29181494292039467,0.2241968773523055,0.5371139970799346,0.5209741402422621,0.9409790379569715,0.9297046452700387,0.08815858997250281,-0.06542060656134585,SELL,0.0,1.0
0.13418532809386285,0.12500001178889325,0.12561174494283261,0.12131147886982085,0.029570352723499213,0.0,0.0,AVH,2022-11-24 00:00:00+11:00,"Pharmaceuticals, Biotechnology & Life Sciences",0.3444702453731249,0.3973784690672526,0.4693877087621893,0.18556473111480332,0.13060751343179478,0.36523171240372365,0.11391855044153187,0.39628627026168206,0.06055638937502533,0.5883589538872258,0.025322710517183045,0.5764659905611801,0.01226851960630937,0.4404432972025639,0.009464729795166826,0.38667042484440434,0.27144053223976694,0.271440532239767,0.4280666420936907,0.4280666420936906,0.5212285959417005,0.5212285959417005,0.3965858933265991,0.3965858933265989,0.4558824457510703,0.7191974816001592,0.7867223433750903,0.6842728725003482,0.6960546538829402,0.49693299901534865,0.12413361282275093,0.12398412044994661,0.40595053004368337,0.13386123579259823,0.013929362671811246,0.5795617411608401,0.06473413983553644,0.009540500389236373,0.7195550231362388,0.10475560690540842,0.21703784249989566,0.1307681340186446,0.04644098143460431,0.38937927613497286,0.47437696071890767,0.7552854113814891,0.3518592184726415,0.3893792761349729,0.47437696071890767,0.7552854113814893,0.35185921847264157,0.6874999813735474,0.770696340034582,0.7058823199420615,0.7744494572753148,0.6874999813735474,0.7058823199420614,0.2980427364814989,0.227614525248005,0.5106395876780137,0.5026328762841112,0.9520908748961314,0.9012908976487343,0.09387585537791071,0.014634132725648952,HOLD,0.0,0.5
0.11980830689178612,0.11075948143431336,0.10929854646729581,0.10491805162458034,0.037241412084272396,0.0,0.0,AVH,2022-11-25 00:00:00+11:00,"Pharmaceuticals, Biotechnology & Life Sciences",0.3297212115959132,0.38174545590276115,0.4625851575865427,0.1675365620659607,0.12233073804257216,0.3105281370540385,0.11539462994908745,0.3142839594828257,0.06452447254645005,0.5002534814963102,0.025304400546421635,0.5229517248614054,0.012696590802684427,0.39807881322099525,0.009060727640043786,0.35739585991150374,0.2208585553540406,0.2208585553540406,0.45980802284300837,0.45980802284300826,0.5307562689489462,0.5307562689489462,0.41382853662508234,0.41382853662508234,0.26562525029271444,0.6521781342130069,0.7221615692629093,0.6687568714570229,0.6980790697992096,0.453615196683429,0.11972252461761784,0.13204914538216384,0.18049266015537502,0.13389636405640143,0.022232459846742436,0.5208229190539063,0.06468427102649221,0.009563739417657341,0.6674467344167507,0.09498455175251591,0.2212269019786049,0.17694836918064843,0.057665608642113224,0.2819356285964779,0.4296044386860197,0.7419101359656401,0.32095436785830495,0.2819356285964779,0.4296044386860197,0.7419101359656403,0.32095436785830495,0.5364239644462634,0.6929850961210707,0.5882353601158771,0.7145693961126508,0.5364239644462634,0.5882353601158771,0.30516016635335697,0.2317156668704279,0.4396722797058086,0.4691177094046505,0.9201517601926531,0.8714941029306988,0.09913573955088595,0.09743592439710369,BUY,0.0,0.0
0.10383388120729531,0.10759492751650857,0.10929854646729581,0.11229509388493858,0.029887019312442663,0.0,0.0,AVH,2022-11-28 00:00:00+11:00,"Pharmaceuticals, Biotechnology & Life Sciences",0.4873326549151235,0.5433626976263068,0.5612245013808812,0.3601895715519813,0.1145505687031021,0.4057037800037091,0.11513414569542679,0.3494373397863484,0.06849255571787477,0.5147851908410019,0.025688910368955875,0.5457448804344226,0.013158907662110253,0.4153559958069649,0.008718628993338168,0.37188551318031043,0.2373494600569206,0.2373494600569206,0.404723536336696,0.404723536336696,0.5293602861770875,0.5293602861770874,0.4089432082806842,0.4089432082806841,0.40186933380333695,0.6564755209498654,0.7700207210921988,0.6585047345839855,0.69734117297172,0.42951935734971175,0.12008880938335442,0.1310946722630425,0.27422182513843063,0.1343928096645422,0.029994438455775124,0.5340391196921257,0.06569720719809619,0.00911949099363668,0.6884958658576216,0.08026451912702556,0.21569742693258276,0.15993633244286912,0.047153643110836224,0.29180982109113746,0.3798797793771951,0.7331734550003601,0.3543123203741812,0.29180982109113746,0.379879779377195,0.7331734550003604,0.35431232037418126,0.5734265955790188,0.611850461384919,0.64117649203766,0.6566852418118575,0.5734265955790188,0.6411764920376601,0.31049821754563633,0.2310321405505986,0.4145314100364828,0.46684505252098285,0.919303139105597,0.886059092469318,0.10397483299002314,0.06766922774429784,BUY,0.0,0.0
0.11182109404954071,0.1123417583932157,0.10358890755399136,0.1073770657113664,0.06894204712736103,0.0,0.0,AVH,2022-11-29 00:00:00+11:00,"Pharmaceuticals, Biotechnology & Life Sciences",0.40373259432940195,0.4591055071779486,0.5068027944598669,0.2514009848250184,0.11008111425532985,0.4016990109437071,0.11261613124337311,0.3369934960078309,0.07215871983053107,0.4788463436206474,0.02632976021869443,0.5275356494804023,0.01357841744272259,0.40190929823858523,0.008370014187851743,0.363638826782617,0.19932220021690378,0.19932220021690378,0.37434940936126093,0.3743494093612609,0.5351213556333856,0.5351213556333856,0.38990250702143536,0.38990250702143525,0.24731196027384797,0.5959654109347533,0.7389164702596651,0.6469921098960738,0.6941035828392221,0.40771436499425134,0.12115022210759785,0.12468806923124792,0.26962720558693754,0.13382712704051136,0.03836738620906038,0.5082836018477787,0.06705647614416593,0.008798752499256157,0.6697518919009886,0.07786990059363702,0.227424057647097,0.37667159294571295,0.10457495390362827,0.3409649639546265,0.3224501709839298,0.7102951674466589,0.37854151493900684,0.3409649639546265,0.3224501709839298,0.7102951674466589,0.3785415149390069,0.45967755425608886,0.534295608319271,0.6058824040898046,0.6227532071530145,0.4596775542560888,0.6058824040898046,0.3113878962796186,0.2371838774290623,0.3624618345797961,0.4584393174681287,0.8545595633583062,0.8309738352769079,0.1596244075401012,0.06361316980528842,BUY,0.0,0.0
0.10543132377574438,0.0965189888041918,0.09787928808755353,0.0942623043726672,0.047400946757598386,0.0,0.0,AVH,2022-11-30 00:00:00+11:00,"Pharmaceuticals, Biotechnology & Life Sciences",0.34741740905303625,0.40048911250700625,0.47959185990461956,0.19572808747960227,0.10163879956951571,0.3678260364684638,0.10627767486052758,0.301412877215101,0.07513478220909958,0.4124591584278974,0.026860749807320117,0.4831063389074649,0.014066418549436466,0.3678280053877897,0.007962753875659617,0.34028957257280107,0.17493797696984545,0.17493797696984545,0.3073566357669333,0.30735663576693334,0.556001260011522,0.5560012600115218,0.3964761423153307,0.39647614231533057,0.16504873920635832,0.48747184091907503,0.6939803400552768,0.6309554918620583,0.687825967553485,0.3811960216863074,0.1168157332864535,0.11652999224007887,0.20774296843093665,0.1318715188781967,0.0469195128597541,0.4528325672696662,0.06791460746416406,0.00887505706640751,0.6268184391548016,0.07346948723673016,0.234771280320138,0.2693608966888075,0.0702030992493805,0.27532998157158817,0.23479125597560802,0.6601486634584733,0.37025724376882563,0.2753299815715882,0.23479125597560804,0.6601486634584735,0.37025724376882563,0.08791201881358703,0.381614072608143,0.5117646959826184,0.5968051330607511,0.08791201881358701,0.5117646959826185,0.24822066374364968,0.24265210428424963,0.27618882269321415,0.4269998752935318,0.7563589252570633,0.8081826442175118,0.15841939976500657,0.12997354122927618,BUY,0.0,0.0
0.10063897702737962,0.10917720447541096,0.10603588732532193,0.11967213614529681,0.05072838867115285,0.0,0.0,AVH,2022-12-01 00:00:00+11:00,"Pharmaceuticals, Biotechnology & Life Sciences",0.6170745275531951,0.6681010165305197,0.6054422193489455,0.4511251734992033,0.10130772886968076,0.5429102505684051,0.10523573784588475,0.4264157059781144,0.07974983479217107,0.4987727029582132,0.027922728984571654,0.5620653010020166,0.014708525343999024,0.42959877388211776,0.007669526419809808,0.38822987437588724,0.3320444725067231,0.3320444725067231,0.3732515040412254,0.3732515040412254,0.5812469909638328,0.5812469909638327,0.43921714197148787,0.43921714197148776,0.44444451803039836,0.5569422098976301,0.740819019158497,0.6287950239176745,0.6823070861130768,0.3878145079078259,0.11565467669336688,0.11569910199823824,0.47003793600528787,0.12971492972784082,0.05915394546052527,0.53300252952274,0.0702173101885008,0.008279502698856661,0.6999481281683959,0.08437188436121976,0.23848379602795178,0.2622266537222062,0.07424565575735491,0.4120235600099853,0.3600901539196146,0.7870454431695458,0.4175453622411647,0.4120235600099853,0.36009015391961463,0.7870454431695459,0.41754536224116473,0.3809523404049994,0.3160923732398669,0.6941176239594431,0.6147691514095504,0.38095234040499937,0.6941176239594431,0.23042708906400441,0.2611073312161938,0.37663739062871904,0.45844906290105725,0.7331394958472108,0.8170455493290426,0.15583849240659225,0.10294119709503313,BUY,0.0,0.0
0.11980830689178612,0.11550631231102049,0.11745514570506421,0.11475410797172464,0.013160983212007392,0.0,0.0,AVH,2022-12-02 00:00:00+11:00,"Pharmaceuticals, Biotechnology & Life Sciences",0.40446016715766264,0.45985277129108293,0.5034014377773034,0.24600619637493995,0.10329415306869061,0.49583726335815737,0.10193626649255921,0.4176552534498459,0.08410609961058385,0.4615016456979162,0.02902132810334601,0.5424049051241423,0.015247894945289053,0.4158789720374456,0.007272040423467574,0.3800952267930838,0.2934663545956658,0.2934663545956657,0.3399262117609554,0.3399262117609554,0.5863998726296425,0.5863998726296424,0.4367427799561485,0.4367427799561484,0.37735837598252076,0.482713356114729,0.7433049000529236,0.6239605980845915,0.6767803279943376,0.38774579911445284,0.10895749662335041,0.11650342107825173,0.446903529157518,0.125410021533717,0.07336413214361215,0.5001016404532755,0.07225956801562772,0.00809698083512947,0.6799459987964335,0.07196362495836281,0.22873883064310457,0.07582885966559051,0.01987728622415747,0.45466192075704903,0.30590937138481944,0.7678032091001583,0.4231272829621361,0.4546619207570489,0.3059093713848194,0.7678032091001585,0.42312728296213614,0.3095238297975003,0.26497734393837613,0.6588235360115877,0.6327331697583496,0.30952382979750026,0.6588235360115877,0.2046263845669046,0.26657554177482823,0.40713995080357623,0.46406292830042795,0.6838148833742773,0.835395378714005,0.1533608213425145,0.20398014317213664,BUY,0.0,0.0
0.11501597918643885,0.11075948143431336,0.11419250600995684,0.10983607979815246,0.0153252416803404,0.0,0.0,AVH,2022-12-05 00:00:00+11:00,"Pharmaceuticals, Biotechnology & Life Sciences",0.4039787383673686,0.459358341108109,0.5034014377773034,0.24522927003617323,0.10279754701893817,0.4659003009860343,0.09759485812459079,0.41341665531671024,0.08790165760556945,0.4272686483221291,0.030284717395517413,0.5223372457916017,0.015847194661038178,0.4020496659463303,0.0069462321737138455,0.37175359968072214,0.29229146552441837,0.29229146552441837,0.33327898070235207,0.3332789807023521,0.5924336428798535,0.5924336428798533,0.4236063163137431,0.42360631631374324,0.4255319526693254,0.4187013940866766,0.7285996888741927,0.6170862841715656,0.6707782060809462,0.38359916885077755,0.0968923240894719,0.12126176638605135,0.41775757269040237,0.11972853530116534,0.0880099399886517,0.45936397663915607,0.07407377835273937,0.00856883596364541,0.6606110052294935,0.06446017411933089,0.22718038366480103,0.09487350116730343,0.02326479270977808,0.4088649130461389,0.28177416625172397,0.7196976229336796,0.44354545307094445,0.408864913046139,0.2817741662517239,0.7196976229336798,0.44354545307094456,0.23809531919000118,0.31610244141441085,0.6000000596046483,0.662673249117834,0.23809531919000115,0.6000000596046483,0.19128120355717068,0.26862612073431613,0.3829306629995009,0.44136115080137595,0.6067718816213742,0.854216055979491,0.15098225712099983,0.252525250092658,BUY,0.0,0.0
0.10383388120729531,0.0965189888041918,0.10522022740154507,0.10327870890005625,0.02053513988735463,0.0,0.0,AVH,2022-12-06 00:00:00+11:00,"Pharmaceuticals, Biotechnology & Life Sciences",0.3924049855479385,0.4474387523424079,0.5238095778726838,0.28457033355032124,0.10196987026935073,0.42693811963647876,0.0948163594188764,0.3939599604915234,0.09109337645468696,0.3894845729315517,0.031456556833881655,0.49747005323597737,0.016412248713736532,0.3842954594586988,0.006626940082740923,0.3603120116893344,0.29518586871393165,0.2951858687139317,0.3020302149407036,0.30203021494070365,0.6001465661313115,0.6001465661313115,0.426467416906003,0.42646741690600287,0.487804885140353,0.31553178804496085,0.6996607738326031,0.6079585829214706,0.6638776375526146,0.37576195876932245,0.0930929023299229,0.11984595057521369,0.35067478876653196,0.11235963052507902,0.10336527940325008,0.3922024506281564,0.07547435692173915,0.009366479816545925,0.6374243036820787,0.039516869948538653,0.22204496028415494,0.16894589491890155,0.03171003408424306,0.40264049416134734,0.3154468917447191,0.6713876744726053,0.43580867206189927,0.40264049416134734,0.3154468917447191,0.6713876744726055,0.4358086720618994,0.16216232760967658,0.2416223846910041,0.5231789438814766,0.6046702281401765,0.16216232760967653,0.5231789438814766,0.16725985652803546,0.26794261071103975,0.3234873426426444,0.38429754277805184,0.4709494537344152,0.837804675711358,0.14869883546834578,0.2628865852684359,BUY,0.0,0.0
0.09984025574315508,0.09414557336583823,0.10277324763021456,0.0983606611839773,0.03976319734657381,0.0,0.0,AVH,2022-12-07 00:00:00+11:00,"Pharmaceuticals, Biotechnology & Life Sciences",0.40279736599404176,0.45814459776179034,0.5204082211901204,0.2774280196056391,0.10279754701893817,0.3881504986110764,0.09082226131897747,0.38775894946634426,0.09281862924740947,0.36394402547247484,0.03228050639123453,0.4791121718792736,0.017002986809602716,0.3706015558218678,0.006249002485062272,0.3520481727756945,0.2693685840672063,0.26936858406720626,0.2914173701788264,0.29141737017882646,0.5569192874822366,0.5569192874822364,0.42001816633129574,0.42001816633129574,0.3924050098083597,0.3670258205034312,0.6769153368601927,0.5979029420902842,0.6560449364891092,0.3676309041463336,0.08413195474381918,0.12179073866101009,0.28078952586511385,0.10830580662971528,0.11174831198581192,0.32936550977067464,0.07652646286917048,0.009841432829904906,0.6202754319146594,0.03558125997876919,0.21208794520929064,0.3450476589482199,0.06352026387884314,0.4337219206030431,0.2861157041115844,0.5567948044021173,0.3990717002584082,0.43372192060304315,0.2861157041115844,0.5567948044021174,0.3990717002584082,0.08108100271120584,0.16385633631401744,0.4545454090746457,0.5353544449798309,0.08108100271120577,0.4545454090746457,0.13790043709500668,0.26589203175155185,0.3159430097969821,0.34466649282006345,0.4836499924716323,0.8060865898751728,0.14650675068179791,0.21989526933217385,BUY,0.0,0.0
0.09904153445893055,0.09177213906525544,0.09869494801133033,0.0983606611839773,0.02082538058283085,0.0,0.0,AVH,2022-12-08 00:00:00+11:00,"Pharmaceuticals, Biotechnology & Life Sciences",0.4367159267158128,0.4927311798870367,0.5238095778726838,0.284355505516061,0.09849362397440942,0.41643659446233494,0.08839107288133252,0.39884100245193843,0.09312054830617789,0.36288318287493104,0.03282980595062174,0.4773893699828021,0.017482426500553927,0.3693949887853162,0.005929710316410625,0.35282751302323184,0.03163091863066978,0.03163091863066978,0.27585489905081606,0.27585489905081606,0.4880782859212083,0.4880782859212082,0.4081410112967372,0.4081410112967371,0.4246574447669083,0.2848633185913177,0.6303150707574137,0.5894354585659641,0.6478317185310379,0.3643116297535479,0.08053760431139156,0.12085882685257471,0.3139282802142928,0.10788946909581615,0.11287156177975005,0.32425995209879865,0.07735435333520418,0.009996699987537883,0.6184692221366325,0.020172718741657547,0.16338444845286726,0.23001454900976587,0.04002233557274492,0.3416349903807082,0.3228510870067716,0.46191124622065666,0.37134439753854176,0.3416349903807082,0.3228510870067716,0.4619112462206568,0.3713443975385418,0.08108100271120584,0.11040583805627606,0.37096776984608737,0.45763906364327483,0.08108100271120577,0.37096776984608737,0.12455521366204433,0.25290501537824217,0.30924719978663107,0.3106388434691245,0.39883900443308345,0.7765121997816344,0.14440234928671192,0.23036646371752867,BUY,0.0,0.0
0.09984025574315508,0.10284809663980138,0.10358890755399136,0.10655739434910438,0.04016380500888376,0.0,0.0,AVH,2022-12-09 00:00:00+11:00,"Pharmaceuticals, Biotechnology & Life Sciences",0.49413469312230873,0.5500795195843531,0.5544218691104945,0.34706573999673285,0.09683827047523452,0.4840839035724471,0.08856472905043966,0.43889725756866227,0.09394004392259497,0.3921559142216424,0.03396502544746305,0.4999126893460827,0.017842006370827446,0.3887349935083976,0.005584353590314589,0.3690454790707571,0.10529649368223587,0.10529649368223587,0.25579200599816554,0.25579200599816554,0.49224890149014344,0.4922489014901434,0.38163460548786765,0.38163460548786754,0.6119403569303647,0.30284247167873196,0.5856356085952908,0.585976383040587,0.6404657463859003,0.3717022118050334,0.08066664337133067,0.12107063635807402,0.49733402548899813,0.10692787510143759,0.11572277777476109,0.3763967771319114,0.07879300790305893,0.010665003222860042,0.6390495458108281,0.03408684042288184,0.14702434885025756,0.35592285887470354,0.08283666889881766,0.3881040979197341,0.3916838468151807,0.4930637565707044,0.43026821432948825,0.38810409791973405,0.39168384681518065,0.4930637565707045,0.43026821432948825,0.2666667461395074,0.1459810223185937,0.2527473160875452,0.36587603275524516,0.26666674613950747,0.2527473160875452,0.12277587740569401,0.20505814039708506,0.39088854369803794,0.3539323158299688,0.3660708412758408,0.7180133388666744,0.14238212394742933,0.1938774839931121,BUY,0.0,0.0
0.10782748762841804,0.11075948143431336,0.10358890755399136,0.10573772298684236,0.023754657563723598,0.0,0.0,AVH,2022-12-12 00:00:00+11:00,"Pharmaceuticals, Biotechnology & Life Sciences",0.43112054006721723,0.487062589533023,0.5170068645075571,0.27116945559362204,0.09601059372564708,0.48414236984016323,0.0878701043740111,0.43807936229960687,0.09346559968738732,0.3906408206354246,0.035210104768873096,0.4933596261666836,0.018193024825338244,0.3858110934845458,0.005183609514581994,0.368515321985229,0.09975477452709319,0.09975477452709319,0.2470648459989553,0.24706484599895534,0.44092476390290747,0.4409247639029074,0.3773464804750365,0.3773464804750365,0.27027056633414803,0.36946140791278625,0.5879789939196817,0.5824463017977678,0.6337612434679258,0.37747225223870134,0.07952687322135205,0.12093268903157761,0.49352023233552234,0.10693659939330452,0.1147148570439882,0.37475455027128096,0.08014394560240395,0.01168750617130973,0.6330640488738052,0.03843038344906314,0.12587270526808775,0.198274455287613,0.05411417523341187,0.40275578033164366,0.36807894910210825,0.4174777685971383,0.4432682841337875,0.4027557803316437,0.36807894910210825,0.41747776859713837,0.44326828413378755,0.2777778513637317,0.21294016847788608,0.17857156035041857,0.272232411957804,0.2777778513637317,0.17857156035041855,0.10765131771638137,0.18865350872118178,0.431131366087587,0.36622256520204693,0.46494322587589354,0.6845474806182927,0.14044270762171812,0.2736572659218941,BUY,0.0,0.0
0.11661342175488792,0.13132911962450283,0.11256118616240318,0.12950819249244117,0.10643750309504948,0.0,0.0,AVH,2022-12-13 00:00:00+11:00,"Pharmaceuticals, Biotechnology & Life Sciences",0.5993971422220109,0.6515123377619683,0.5782312847936982,0.3907691415802574,0.10130772492300671,0.6098577757465091,0.0902144626569576,0.545007125831956,0.09337933709916779,0.48431364396025,0.036931243330080354,0.5628489850942472,0.018912184361765005,0.4424743230618613,0.004447282795567026,0.41516782865769325,0.21393979929733042,0.21393979929733045,0.31775597273995915,0.31775597273995915,0.4681701591216859,0.46817015912168586,0.4105592086597777,0.4105592086597777,0.6499998807906914,0.4554235550027117,0.587978944132142,0.589903680917796,0.6301124295917148,0.40412723269682843,0.08751968659150067,0.11668255113232945,0.8601480555717347,0.10675345941768144,0.11474827989973935,0.5652262734619107,0.08284320339985324,0.012039797368933514,0.6956277116927937,0.08269449567287729,0.12558535081170563,0.5579551404398756,0.24281419713080624,0.5165072079454252,0.4512850885112206,0.43931699252829765,0.4879367157606724,0.5165072079454253,0.45128508851122073,0.4393169925282977,0.4879367157606725,0.7333328564962888,0.434978434517508,0.5238093616199977,0.3240947174926142,0.7333328564962889,0.5238093616199977,0.13167264353390243,0.18865352501773472,0.6882843772205853,0.4740804275414663,0.5259092044318375,0.67856343415835,0.09389671580464792,0.22380954759731964,BUY,0.0,0.0
0.13738021323076105,0.13132911962450283,0.12561174494283261,0.12295082159434495,0.052463614986723764,0.0,0.0,AVH,2022-12-14 00:00:00+11:00,"Pharmaceuticals, Biotechnology & Life Sciences",0.3949370370291933,0.45005194061526793,0.46258499539706255,0.17419650526102026,0.10627378936720544,0.5306963279504342,0.09325344768647753,0.49772636730991704,0.09174034586633367,0.46478394536072054,0.03854252206671904,0.5369107993776049,0.01969127380853064,0.4242497283358022,0.0038021824548404026,0.40453746124576223,0.21934346534230373,0.21934346534230376,0.29448124663052266,0.29448124663052266,0.4291083446176468,0.42910834461764674,0.41379443456578346,0.41379443456578346,0.6290321588267959,0.48997310149554696,0.5249160947686964,0.592314287351761,0.6277476858450614,0.4153282625602833,0.08978435387276618,0.12038184723673223,0.7050536881479278,0.10150528119772156,0.11745775664461433,0.5311644224292495,0.08499037902059864,0.012854126192813009,0.6714047339056144,0.08923881751363602,0.10960075490246086,0.2606832272674713,0.1299648036558361,0.5117943475485832,0.47391276567121676,0.3623760561334771,0.4783284606755028,0.5117943475485833,0.47391276567121676,0.3623760561334772,0.47832846067550283,0.599999682108637,0.5484509630921359,0.4285713474766655,0.3837554389652961,0.599999682108637,0.4285713474766655,0.13879007340576052,0.18660297865135264,0.7080896404793415,0.48438266819046727,0.6127332403269383,0.6545144238756809,0.09483568314925045,0.25242718221869564,BUY,0.0,0.0
0.13418532809386285,0.12974684266560044,0.11908646555261787,0.12950819249244117,0.06272285744296392,0.0,0.0,AVH,2022-12-15 00:00:00+11:00,"Pharmaceuticals, Biotechnology & Life Sciences",0.47930605622774597,0.5354104191588055,0.5034012755878233,0.24820598450502482,0.1125641366107441,0.5315604040667101,0.09429538470112048,0.5248679189773968,0.09174034586633367,0.4906602494651917,0.04042845036477921,0.5512393034459345,0.02056453882868592,0.4379755236517817,0.003078888053386991,0.41891235413095446,0.2123137958209306,0.21231379582093057,0.20339619724627198,0.203396197246272,0.3921031975363156,0.39210319753631556,0.4098330826255693,0.40983308262556917,0.7580643176535915,0.6006842125430945,0.47360072044544843,0.5966115917840976,0.6268440353316385,0.4280734768301204,0.09320704228973675,0.1186403856066297,0.7686678475935758,0.10150528119772156,0.11745775664461433,0.5902086194815098,0.0874076225520995,0.013929642690507504,0.6839180511578872,0.11082791644386736,0.11208734240020031,0.2659300913361617,0.1533305632886112,0.5368439447739198,0.41444989006656985,0.4438919630847707,0.5089328710017982,0.5368439447739198,0.4144498900665698,0.44389196308477075,0.5089328710017982,0.7333328564962888,0.7035300829724654,0.5945943420694411,0.5249205522341345,0.7333328564962889,0.5945943420694411,0.14946626063677607,0.18250182073237683,0.648602951474795,0.49512635327014365,0.5813225702771248,0.5322783197598404,0.09575587114696082,0.21904764716046876,BUY,0.0,0.0
0.12779551973403153,0.12183542014663007,0.12724306479038627,0.12295082159434495,0.02096572650443833,0.0,0.0,AVH,2022-12-16 00:00:00+11:00,"Pharmaceuticals, Biotechnology & Life Sciences",0.3949370370291933,0.45005194061526793,0.5034014377773034,0.2472517449945915,0.11587484360909389,0.46679749015553496,0.09516366554665623,0.48858347531588864,0.09053266757459744,0.46940884536278316,0.042222828809032276,0.5250505734619636,0.021360751106976883,0.41981343438952823,0.0025771433611948835,0.40784176514291076,0.23521716905499457,0.23521716905499457,0.20663981314879323,0.20663981314879326,0.3712913975495098,0.37129139754950974,0.41253440876196423,0.4125344087619641,0.7343750989530812,0.5341915477723327,0.5264320321170342,0.596469912797606,0.6260885365194417,0.42936581405653496,0.09494524057959725,0.11845626514449242,0.6479403046646628,0.09773582242977402,0.11933970530202065,0.547725531035189,0.08926027487483629,0.015523537653247266,0.6604235339171243,0.10093545400546211,0.10472922279360279,0.09529688897894714,0.05333322645140848,0.47888472326554943,0.4101972173824081,0.38246248547563366,0.5015744158731419,0.47888472326554943,0.4101972173824081,0.3824624854756338,0.5015744158731419,0.599999682108637,0.6581410715426143,0.48648633845449996,0.5122560804210226,0.599999682108637,0.48648633845449996,0.145907545700847,0.1633630511840505,0.5947781998010784,0.4828012755319548,0.5317914506916988,0.553868012965174,0.0966576553847171,0.24757281778130436,BUY,0.0,0.0
0.11980830689178612,0.1123417583932157,0.11092986631484947,0.11065575116041454,0.02966717364410184,0.0,0.0,AVH,2022-12-19 00:00:00+11:00,"Pharmaceuticals, Biotechnology & Life Sciences",0.3568594338809384,0.4104256291025666,0.4863946543644864,0.21331051541286528,0.11686805570859887,0.38052491552315537,0.0952504936312098,0.42807161554649054,0.08841923210655572,0.42859618021705126,0.0439805877483066,0.4815673261740626,0.02200285790153944,0.3881602804698928,0.002228528555708459,0.3854018204331799,0.27058274860228454,0.27058274860228454,0.2278559816579158,0.22785598165791576,0.3790370650140701,0.37903706501407014,0.40943760921311456,0.40943760921311456,0.5949368311071864,0.49761493849878213,0.4295942577652986,0.5902846777266176,0.6240618724164964,0.41827735396754623,0.094988534969837,0.11858631110684986,0.46369537133946737,0.09107346313470321,0.12271030871058791,0.43926121135013696,0.09015397928660163,0.018260067575015915,0.6220082531800366,0.10398207886576077,0.09871824239417222,0.13191969185690086,0.07805732566892289,0.43621303859937294,0.38924355681562905,0.33783666295660847,0.5054978613853439,0.43621303859937294,0.3892435568156291,0.33783666295660847,0.5054978613853439,0.34999998013178985,0.5730366751116434,0.28378383167648535,0.46312668903675364,0.3499999801317898,0.28378383167648535,0.13790041588339244,0.1606289133116274,0.46036873223390545,0.4029758793617865,0.5718531756199156,0.4936563446682277,0.09754140393771821,0.34508818995078316,BUY,0.0,0.0
0.10543132377574438,0.09889240424254542,0.10685154724909873,0.10327870890005625,0.04509900716363779,0.0,0.0,AVH,2022-12-20 00:00:00+11:00,"Pharmaceuticals, Biotechnology & Life Sciences",0.38699168405035234,0.44184164485028754,0.5170068645075571,0.2709616764821414,0.11157092451123912,0.3651864502387858,0.0952504936312098,0.39201241607913584,0.08703903069504265,0.4042822654957099,0.045591866921489366,0.45405944234122086,0.02248229779661093,0.3689979171292569,0.0019027203059547582,0.37220540985715395,0.11745491049030873,0.11745491049030876,0.22974147286096444,0.22974147286096452,0.35184799847107684,0.3518479984710768,0.4145016232561377,0.4145016232561376,0.47435897435897434,0.5256711200648441,0.3902136530429887,0.5816355223820802,0.6204517094656675,0.4044643873112774,0.094988534969837,0.11858631110684986,0.35374422595707944,0.08913984135283881,0.12207605611939243,0.36310175636554276,0.09060191499481152,0.021242239085669856,0.5976704482129358,0.07237533411319302,0.09276916585132873,0.2588599516535575,0.12283061430529071,0.3267254603721716,0.3868761112245519,0.3703438653125383,0.49080098825411667,0.32672546037217165,0.3868761112245519,0.3703438653125384,0.4908009882541168,0.1864408560437074,0.3868647987317521,0.20000015894568152,0.32923274138868597,0.1864408560437073,0.20000015894568146,0.13167266474551662,0.15379366640988731,0.36060889266059565,0.34439138424659455,0.573253973452671,0.4177416162083222,0.09840747751965928,0.42783499960058746,BUY,0.0,0.0
0.10383388120729531,0.10284809663980138,0.10929854646729581,0.10819673707362842,0.036028041648096365,0.0,0.0,AVH,2022-12-21 00:00:00+11:00,"Pharmaceuticals, Biotechnology & Life Sciences",0.4706343526577401,0.5267868647612722,0.5442177179680642,0.3258171906421358,0.1085912882127244,0.41671091855405207,0.09629243271599752,0.4113255506756446,0.08557256463864765,0.4294769507139946,0.047313005919240814,0.4640382091516301,0.022927491824511315,0.37984772850690507,0.001616009008885727,0.38232149885306005,0.1429047594373261,0.1429047594373261,0.22758988820212303,0.22758988820212306,0.35023922017695264,0.3502392201769526,0.4148637365976252,0.4148637365976252,0.5180722891566265,0.41664965901393614,0.47107648213224884,0.5766559424321137,0.6164185486476154,0.400774548544778,0.09416168295451727,0.12167822811865225,0.405665256088664,0.0852311028288647,0.12357718486171337,0.4361054674550845,0.09113707850260111,0.024355420901013114,0.6081547353022007,0.06390634635129913,0.0886111742257381,0.22427029501437437,0.10059634307981166,0.36560068854997163,0.416326697888795,0.36720766037100544,0.5022813312135812,0.36560068854997163,0.4163266978887949,0.3672076603710055,0.5022813312135814,0.28813564801344843,0.2807006706134844,0.30000003973642037,0.26595409262611897,0.2881356480134484,0.3000000397364203,0.11476874758823946,0.1319207915822437,0.40896523082509245,0.38169280556546137,0.5580083949787977,0.49555723666016793,0.09925622962996156,0.38071065436943186,BUY,0.0,0.0
0.11182109404954071,0.10917720447541096,0.11419250600995684,0.11065575116041454,0.012511217125577843,0.0,0.0,AVH,2022-12-22 00:00:00+11:00,"Pharmaceuticals, Biotechnology & Life Sciences",0.4534168778103637,0.5095650300495504,0.5204082211901204,0.27821144259029895,0.10478397516462212,0.45814542098149547,0.09759485605444596,0.4173963525697053,0.08501185781522047,0.4414952950292108,0.04918062468308376,0.46601493142127626,0.02278194775654563,0.3861891129069597,0.001371652899249176,0.3876552471049763,0.12359197607367284,0.12359197607367284,0.22755699524987752,0.22755699524987755,0.33390902093705843,0.33390902093705843,0.41121744271435323,0.4112174427143531,0.2982456140350878,0.45851419991411324,0.45422144664413133,0.5735078470116017,0.6124681305937721,0.4014963192265769,0.09293438781575958,0.1257634695402448,0.416827302838323,0.08419833205191884,0.12360952508363171,0.47802471370834454,0.09151588192617338,0.027991139828852873,0.6115386997611835,0.03803309212455771,0.08504903620100436,0.10498622743127932,0.0357037347707506,0.3523565668205903,0.42368932992660613,0.41328429502528397,0.5208963504732076,0.35235656682059036,0.42368932992660613,0.4132842950252841,0.5208963504732078,0.33898304399831897,0.27695030734207365,0.34999998013178985,0.28842259797646397,0.338983043998319,0.3499999801317898,0.11298939012027492,0.12918665370982066,0.4627054608500822,0.433539051114572,0.55714738748679,0.4587331653752401,0.10008800669805779,0.4206548679698574,BUY,0.0,0.0
0.1070287663441935,0.10601265055760617,0.11011420639107267,0.11475410797172464,0.036284306194829,0.0,0.0,AVH,2022-12-23 00:00:00+11:00,"Pharmaceuticals, Biotechnology & Life Sciences",0.4643405059744019,0.5205069111738442,0.5578231446983178,0.35275676281966745,0.10312862166544723,0.49696420407350095,0.0984631368999817,0.433327932364052,0.08552943334453789,0.45598498402102683,0.051158103271495226,0.47259496051584915,0.022696333598918705,0.3963696423571502,0.0012739103621800807,0.3957404760530547,0.13414038910185444,0.13414038910185444,0.22001474522509687,0.2200147452250969,0.30768260518457613,0.3076826051845761,0.41072957468565596,0.41072957468565596,0.40740740740740744,0.51200267955119,0.5223190777984689,0.572564075284141,0.6090907803815718,0.40649522844521846,0.09288356599960762,0.12761415826766964,0.47530510559306455,0.08455749636771825,0.12427661664601453,0.5302743472033007,0.09188930399831496,0.03187601716989902,0.6197366006014149,0.04592651094570784,0.08484918180258465,0.2752492544552145,0.10367416345790173,0.38882628621659876,0.41079214298095984,0.4735940774176122,0.5332860665812529,0.3888262862165987,0.4107921429809598,0.4735940774176122,0.533286066581253,0.42372870397310314,0.35772735994954225,0.4333332141240722,0.3675973177538726,0.42372870397310314,0.4333332141240722,0.11209971138629268,0.12576898951756824,0.4515668884143491,0.42919982292396486,0.5346725652813114,0.45489650227422507,0.10090314822479207,0.3731343301286001,BUY,0.0,0.0
0.11341853661798978,0.10443037359870377,0.10603588732532193,0.10245901799528745,0.01878769992354256,0.0,0.0,AVH,2022-12-28 00:00:00+11:00,"Pharmaceuticals, Biotechnology & Life Sciences",0.3548728257586795,0.4083386720000871,0.47959185990461956,0.19828010491947354,0.10147326421959824,0.42465491653973686,0.0981158224916226,0.37530580733035523,0.08501185678688933,0.40851433894942946,0.052915861774225414,0.43052880719930176,0.02251654366378192,0.3669192230004671,0.0011077480802340889,0.37268719401025047,0.13615221932529623,0.13615221932529625,0.24522563206709627,0.24522563206709624,0.3184338902253384,0.31843389022533836,0.4220239768535339,0.4220239768535339,0.2295081070179525,0.47810950524239326,0.5381500554851272,0.5660228424269382,0.6048847751800562,0.3992668153950543,0.09338462703016065,0.12632709956610433,0.2592893438501179,0.0844379186198303,0.1233284913458047,0.3614237926125957,0.09151239996014476,0.03623355208118989,0.5791995420908669,0.04032049234830871,0.08253151995993636,0.15294840695117454,0.054463957698883576,0.38772928859565875,0.3772851748510585,0.41485976293340093,0.5117890596827006,0.3877292885956588,0.37728517485105856,0.41485976293340104,0.5117890596827007,0.16949131994956843,0.317338696083176,0.18333311478302125,0.3280098230312955,0.16949131994956845,0.18333311478302117,0.11654810505620397,0.12303490053480395,0.3805461138888395,0.36423661382364075,0.5362748260631174,0.46818325705523556,0.1017019869209917,0.35400514885575096,BUY,0.0,0.0
0.10383388120729531,0.0949367118452894,0.09869494801133033,0.09508197573492921,0.01070781644618811,0.0,0.0,AVH,2022-12-29 00:00:00+11:00,"Pharmaceuticals, Biotechnology & Life Sciences",0.38570681802278217,0.440511076348229,0.48979592995230975,0.21582540783018964,0.0998179067737493,0.3852347696612828,0.09446904087022762,0.3553652485145935,0.08436488634691142,0.3811911910632051,0.05419756103715828,0.4048794309840059,0.021797384127355157,0.35070807565313833,0.0010034894620629675,0.3588510973458276,0.1368773382472519,0.13687733824725187,0.12454140408938,0.12454140408937998,0.3218298122861507,0.32182981228615065,0.4086552887913064,0.4086552887913064,0.2258063647798646,0.46473683955667244,0.47890116446977005,0.5573712595894942,0.5995305811600538,0.3892510873217063,0.09111771963061116,0.1213753321057019,0.2036215081073614,0.08493132348234794,0.12138924979222965,0.27658788175501575,0.09131703401505004,0.03930954937927761,0.5533204242120442,0.022599262470765276,0.07037156224931256,0.11339515606655945,0.03361118059875107,0.387030420848904,0.293125207438305,0.4070476784527375,0.4528810216278412,0.387030420848904,0.293125207438305,0.40704767845273754,0.4528810216278413,0.016949131994956842,0.20771255855326526,0.033333293596912957,0.22055828278522527,0.016949131994956845,0.03333329359691284,0.12188617746009756,0.12098433787186899,0.2913480011363019,0.29176854949991016,0.5670426682490802,0.434977685782988,0.14084508303477222,0.37037033532942676,BUY,0.0,0.0
0.09904153445893055,0.09889240424254542,0.10440456747776822,0.10655739434910438,0.025953336313463502,0.0,0.0,AVH,2022-12-30 00:00:00+11:00,"Pharmaceuticals, Biotechnology & Life Sciences",0.5179527919331298,0.5734402825613073,0.5578232257930579,0.35417457396844615,0.09948683607391434,0.46594575581425923,0.09273247917915611,0.41952014277847005,0.08501185678688933,0.4250048582714474,0.05579053023957964,0.4347272770443247,0.021266575941827792,0.3800221146633699,0.000925295556693656,0.3809968412029739,0.1750961676170947,0.17509616761709468,0.16757967135694132,0.16757967135694135,0.3176139158768694,0.3176139158768693,0.4140386182692509,0.4140386182692508,0.45901642547952437,0.5231606094465633,0.544856972720338,0.5556003990577203,0.5948400250827255,0.39504004560623335,0.08835010772249202,0.12093741017113036,0.4251138772057081,0.08433845944852025,0.12344515551376922,0.4194181440260806,0.09127471514965668,0.04287679149258655,0.5855350648347115,0.01740792813604116,0.06589306166736993,0.3014066787951436,0.08402831588908527,0.4117866171616307,0.34136599039257265,0.4822999317309473,0.48615866334715907,0.4117866171616306,0.34136599039257265,0.4822999317309473,0.4861586633471592,0.25423738402353474,0.15001466383364487,0.2666667461395074,0.16400491151564767,0.2542373840235348,0.26666674613950747,0.12900362854356984,0.11278202203391738,0.3606275160814562,0.3686246696316049,0.6156051799147461,0.5103708537522423,0.13992176512725746,0.35204083866896263,BUY,0.0,0.0
0.11022365148109164,0.10126581968089898,0.09869494801133033,0.10163934663302543,0.01683018520998259,0.0,0.0,AVH,2023-01-03 00:00:00+11:00,"Pharmaceuticals, Biotechnology & Life Sciences",0.40314347341969864,0.45850025768833713,0.48979592995230975,0.21748357464459042,0.09766594327814793,0.44453119630042304,0.08978032223418975,0.4087721097843309,0.08406296728814289,0.4087534311857548,0.05747504885926408,0.4154706643229519,0.02080425887828169,0.36915719305116357,0.0007949721480419447,0.3719261984895163,0.1762121260339228,0.1762121260339228,0.15470623782971576,0.15470623782971576,0.23483482979952833,0.2348348297995283,0.40499646224323893,0.40499646224323893,0.48275843641850996,0.4577311897242583,0.5779412574132964,0.5519053392322125,0.5902379189874672,0.3958116007322209,0.08129038835141794,0.12287123506261927,0.3541999574904675,0.08340729301981958,0.12254202356521277,0.3614872561302972,0.09054290437037998,0.04752557759003595,0.5659354618353581,0.01963342323117539,0.05881473821856002,0.18767999957716103,0.05734114189745749,0.3847163963085382,0.31098251230826324,0.3918404050469512,0.5020469921782984,0.38471639630853827,0.3109825123082632,0.39184040504695133,0.5020469921782985,0.15254218795461158,0.14424487436168282,0.15254218795461158,0.15355691476069924,0.1525421879546115,0.1525421879546115,0.13167266474551662,0.11551612731323455,0.3349795626340811,0.3369592002591325,0.5564366714627561,0.5361114017338929,0.1390169135778931,0.3678757391979859,BUY,0.0,0.0
0.09744409189048148,0.09098100058580427,0.09787928808755353,0.09590164709719123,0.027196907770744936,0.0,0.0,AVH,2023-01-04 00:00:00+11:00,"Pharmaceuticals, Biotechnology & Life Sciences",0.3969393938664744,0.4521162841497095,0.5204082211901204,0.27726395222278377,0.0938586262833716,0.43062568285136704,0.0869149933737769,0.3933314274088593,0.08307094649528673,0.38925426367979377,0.05897646777133414,0.394471126278925,0.02016215208371913,0.356692303784263,0.000589712913411311,0.3614660428640241,0.1666638028061621,0.16666380280616214,0.15427405388041487,0.15427405388041487,0.236170028230226,0.23617002823022598,0.40884564235085474,0.40884564235085474,0.37288130798823266,0.43486028633654195,0.43870312513526255,0.546378071453099,0.5852852654719736,0.39275375207408986,0.07612395261054122,0.12283095119321502,0.2385274986298918,0.08324498301323752,0.12064633532304386,0.2995073981521178,0.08961375906293523,0.0520222957082373,0.5429210753185711,0.014950832337911842,0.06174559601589562,0.3309891541715121,0.09069643854916061,0.3494235859859673,0.3117843575994427,0.38866222645026005,0.48090542802088837,0.3494235859859673,0.3117843575994427,0.3886622264502601,0.4809054280208884,0.04999994039536944,0.15549596417591496,0.04999994039536944,0.159212251887657,0.04999994039536937,0.04999994039536937,0.11654810505620397,0.10116205830026623,0.2933793039486501,0.2943799006767611,0.5008320543424802,0.46659794893663165,0.13813015905951592,0.46701846932502766,BUY,0.0,0.0
0.09504792803780787,0.09810126576309419,0.10032626785888404,0.10819673707362842,0.018973791509471462,0.0,0.0,AVH,2023-01-05 00:00:00+11:00,"Pharmaceuticals, Biotechnology & Life Sciences",0.5235257598551728,0.578870925125229,0.5816327225710016,0.40442944679518944,0.0950173776794681,0.5081061680600594,0.08665450912011619,0.45615469171059897,0.08298468390706715,0.4393387843640093,0.06067929679832412,0.4260619511202831,0.020256327861228995,0.38658949511112706,0.0004463572648767955,0.3853942417793607,0.18691215545862008,0.1869121554586201,0.1734865505161509,0.17348655051615086,0.2563030946492397,0.2563030946492397,0.41625400949732694,0.41625400949732694,0.4788732678141424,0.36769178061904795,0.5193109527278419,0.5475470766993196,0.5815919497929551,0.403739040486179,0.07550385801780868,0.12299837367284172,0.5991053295128814,0.08316380232418086,0.12056016141183168,0.4706559290325704,0.08900856876431956,0.056549926150612106,0.5805092689866821,0.0150467223522942,0.06250745396625197,0.2304818199070228,0.06292712792952239,0.43949357139174927,0.37979166445119106,0.4390166159629349,0.4997767602246271,0.43949357139174916,0.37979166445119106,0.439016615962935,0.49977676022462714,0.30000003973642037,0.1710743955209417,0.30000003973642037,0.17052292614157252,0.3000000397364203,0.3000000397364203,0.08985772182512194,0.1004785482769899,0.3828989860021186,0.37072336131119815,0.3663397874789951,0.4715652033450112,0.1363608213293212,0.4111674776730685,BUY,0.0,0.0
0.10623004505996891,0.09731012728364302,0.10277324763021456,0.10245901799528745,0.010167529061265657,0.0,0.0,AVH,2023-01-06 00:00:00+11:00,"Pharmaceuticals, Biotechnology & Life Sciences",0.3977469081011665,0.4529482534494083,0.5102040700476902,0.25738712737204533,0.09650719582872547,0.45805991762932896,0.08656767896541784,0.42780416809935384,0.08294155158462618,0.4162773109750304,0.06219902568115565,0.4051611022264485,0.020376187681906688,0.3722302201685971,0.0002671626653692749,0.37486257934484163,0.179670539968156,0.179670539968156,0.16934431763704608,0.16934431763704605,0.25505928013388046,0.2550592801338804,0.41993928396682845,0.41993928396682834,0.3972602784465832,0.3712447548587952,0.5158925386249081,0.5458803441783489,0.5782540401236359,0.40683927094607003,0.07547438064418793,0.12285260813327364,0.4330454381421332,0.08317090014543871,0.12046113476576253,0.39206687607554325,0.08817586631738406,0.06096398739640457,0.5564157462214988,0.014768320914355919,0.0603425810430452,0.12418203517818746,0.03425440499934064,0.4463372893870265,0.38445979476215497,0.44140396894568873,0.47914436650677794,0.44633728938702644,0.38445979476215497,0.4414039689456888,0.47914436650677805,0.18965493853118578,0.18370824353250864,0.18333311478302125,0.18097092289652095,0.18965493853118576,0.18333311478302117,0.07740219833775608,0.0991115119338842,0.37628340068996746,0.3621827484098835,0.24575328193022608,0.47632883196023024,0.13466225710833424,0.4315245802785568,BUY,0.0,0.0
0.1070287663441935,0.10759492751650857,0.11256118616240318,0.1131147652472006,0.026890456233057726,0.0,0.0,AVH,2023-01-09 00:00:00+11:00,"Pharmaceuticals, Biotechnology & Life Sciences",0.5103958855116437,0.5660550764590249,0.551020431333191,0.3391473935933154,0.0978314786280654,0.5223604743528734,0.08708864747273926,0.47869909802121646,0.08371791590693345,0.4563929920529797,0.0639201646789071,0.4315920306313499,0.02041899476072012,0.3982204533278205,0.00014335549317706642,0.3956331740263797,0.17393638737404132,0.17393638737404132,0.18692565930682029,0.1869256593068203,0.2648648156527079,0.2648648156527079,0.4251726696770497,0.4251726696770496,0.5915493099634045,0.39691640578024884,0.5897638418457031,0.5493461332311486,0.5763806539101993,0.4196144072781682,0.07688630973715227,0.12232242834194101,0.7137090066921584,0.08339345551403937,0.1218326618601942,0.5301788734967081,0.08757306836571449,0.06552894792404534,0.5907692125421293,0.015251203803011704,0.05765460893919512,0.3253530547528478,0.09240922634799338,0.4422688592861492,0.4011528896430638,0.48937824745197567,0.4987546896316848,0.44226885928614934,0.4011528896430637,0.48937824745197567,0.4987546896316849,0.5000002483528001,0.33689644455690393,0.39999992052715927,0.2997331373965067,0.5000002483528001,0.39999992052715927,0.06583635358437251,0.10457972249251865,0.5467729691632173,0.4609279663711166,0.37183397264900764,0.5193277242068908,0.1330316354561868,0.36000001430511475,BUY,0.0,0.0
0.12140574946023519,0.12500001178889325,0.12724306479038627,0.12622950704339303,0.057582688064090115,0.0,0.0,AVH,2023-01-10 00:00:00+11:00,"Pharmaceuticals, Biotechnology & Life Sciences",0.5244515910733681,0.5797718261476066,0.5442177179680642,0.3243488572831843,0.10279754307226413,0.5769712859582437,0.08873838107925719,0.5360775768588022,0.08518438093499725,0.5034681395177985,0.06586102332579569,0.46426452302823007,0.020624468739024737,0.42978867014538,0.00011077454391569819,0.42089203707921424,0.1812043535918886,0.1812043535918886,0.21204223620500393,0.2120422362050039,0.28151930412637893,0.2815193041263789,0.43250652348308005,0.43250652348307994,0.7435895241381861,0.49889221060828015,0.6604881741476302,0.5578939100070122,0.5768474650936938,0.44002810612998516,0.08355244090468456,0.11814693455721442,0.876256382971277,0.08529132689244234,0.12269024900361375,0.6894711036072574,0.08750119947030793,0.06990115041085593,0.6355405663317117,0.03625031596217449,0.06532994523711262,0.4950698901890405,0.1871739421875337,0.5108209177328609,0.43174427412250393,0.5298104466683985,0.5186994562429996,0.5108209177328609,0.4317442741225039,0.5298104466683985,0.5186994562429996,0.7692301696576723,0.496630822951773,0.666666269302463,0.4241505541895773,0.7692301696576723,0.6666662693024629,0.08007125575131707,0.11893379150548697,0.7848780377525267,0.5871826301196086,0.5155681982232312,0.6059242088552409,0.09389671580464792,0.29807699361496676,BUY,0.0,0.0
0.13258788552541378,0.12816456570669804,0.13295270370369072,0.13606560247555094,0.06445941615652478,0.0,0.0,AVH,2023-01-11 00:00:00+11:00,"Pharmaceuticals, Biotechnology & Life Sciences",0.49998709224915394,0.5558423740478067,0.5374150046029375,0.31090635461135097,0.11090878705824325,0.5860984800384368,0.09099591541793978,0.573564287790671,0.08673710957961178,0.5366605862805036,0.0682413221440471,0.4858986717385553,0.02096692577777287,0.4529188064869518,0.00014335549317706642,0.43967688676687583,0.1399309935134594,0.1399309935134594,0.22072473282711405,0.22072473282711408,0.28303790473301726,0.2830379047330172,0.4213152269862872,0.4213152269862872,0.7368419731754251,0.6108453095769524,0.6917280563571665,0.568858859652615,0.5797422514693695,0.46120749657707993,0.09273678683125836,0.11236228245316127,0.8763847316028228,0.08924911012516484,0.12131298921213801,0.7666579931816935,0.08708574542320863,0.07568086309699629,0.6700566030580739,0.05545108985638126,0.07040314017166148,0.4382263166639557,0.2022906674022692,0.5725017667478436,0.44751109843878406,0.5325437997502741,0.5728328815437608,0.5725017667478436,0.447511098438784,0.5325437997502741,0.5728328815437609,0.9285715198029982,0.748171321459239,0.8666668256123482,0.6560197808964638,0.9285715198029982,0.8666668256123482,0.0765125832386164,0.12371850833739798,0.7669685203274652,0.6151953932671927,0.6548916625188083,0.6727644873308977,0.09471048765254825,0.22897195584889207,BUY,0.0,0.0
0.1405750983676592,0.13132911962450283,0.1321370243330473,0.1344262597510269,0.02358633128432729,0.0,0.0,AVH,2023-01-12 00:00:00+11:00,"Pharmaceuticals, Biotechnology & Life Sciences",0.4264664337185352,0.4823365386402597,0.4965987244121766,0.23682741218885686,0.11620592614895103,0.5393465947378888,0.09438221692596371,0.5485445324751648,0.08824670693011655,0.5239929102082579,0.07042021128392262,0.47506326643212393,0.021309383020641226,0.4479736903410749,0.00018245260121918516,0.4364190358814172,0.14852618601728726,0.14852618601728726,0.1845528763184768,0.18455287631847683,0.2834830247600396,0.2834830247600396,0.41888052646587126,0.41888052646587115,0.7777778145707426,0.6482356168363675,0.6583254862587615,0.5764579622305417,0.5838054576555233,0.471399700950469,0.09970345778521517,0.1114307405350134,0.7670945460896391,0.09224578522730659,0.12097239650072517,0.7120828393351858,0.08671888321703558,0.0809543797964995,0.6603911920191738,0.057827857742701015,0.07036799176470042,0.1563026848372139,0.07403785059668805,0.5150050862718533,0.4813538843457823,0.5303016847424539,0.5449244756243531,0.5150050862718532,0.48135388434578236,0.5303016847424539,0.5449244756243532,0.8333335320154351,0.8616439683949918,0.8333335320154351,0.8030588158651111,0.8333335320154351,0.8333335320154351,0.08363003432208868,0.12371852463395086,0.6903953930375144,0.5874558590904551,0.762133939059939,0.6639807712021797,0.09643067597113497,0.48356803570413165,BUY,0.0,0.0
0.13418532809386285,0.12816456570669804,0.13050570448549365,0.12786884976791713,0.041043853881242036,0.0,0.0,AVH,2023-01-13 00:00:00+11:00,"Pharmaceuticals, Biotechnology & Life Sciences",0.39552523066442125,0.45065854209724476,0.4965985622226965,0.2356777338269805,0.12133752594306729,0.4635595985240393,0.0978553423782515,0.49973021402365037,0.08816044434189696,0.49819581423084447,0.07243430981385701,0.4508503277479522,0.02165183985526914,0.4310420542014023,0.00014335549317706642,0.42394694114145176,0.15071537082101613,0.15071537082101613,0.1788746087971734,0.17887460879717343,0.2203259997620143,0.22032599976201428,0.4233282028839822,0.4233282028839821,0.7671228402734821,0.585669622132216,0.6327645974032637,0.5791328156365123,0.5876710922789291,0.4696762709573804,0.10185531062101455,0.11615479269810258,0.6535497600089613,0.09197525897789999,0.12110832219043488,0.6401608781958473,0.08571624699998731,0.08667555732778165,0.6303470971548262,0.07373793350611083,0.05671306750998113,0.23266708470648068,0.14204444182798592,0.5136714493438471,0.4860834158798592,0.43929520697400615,0.5274287494633334,0.5136714493438471,0.4860834158798592,0.4392952069740062,0.5274287494633334,0.6999995628993759,0.8380766242896762,0.6999995628993759,0.8143694901190266,0.6999995628993758,0.6999995628993758,0.0871887916812461,0.11619975141238145,0.6151677331451489,0.541064305647205,0.6443042253525182,0.6052462272587699,0.09909554039495322,0.7655503391190719,BUY,0.0,0.0
0.13099040487092967,0.12658228874779565,0.13376834418060102,0.1344262597510269,0.031216974572738823,0.0,0.0,AVH,2023-01-16 00:00:00+11:00,"Pharmaceuticals, Biotechnology & Life Sciences",0.4786949654270349,0.5348038176768283,0.5374151667924175,0.3109660304540329,0.1256414529342701,0.4780687902971774,0.10080750139336275,0.517357254062329,0.0887642845160963,0.5219121666222342,0.07459488898297117,0.46353198803981144,0.022114156918815187,0.44577926999805395,3.258079390389135e-05,0.43684809854014967,0.13942733821326836,0.13942733821326836,0.1648976901450623,0.16489769014506228,0.21921738976120145,0.21921738976120142,0.42398501918104237,0.42398501918104226,0.7424239030779779,0.6025786612100241,0.5688945510854952,0.5837873848627518,0.5918338957824446,0.4722684950298659,0.10605890915333505,0.11746948835535609,0.6902428749101278,0.09381660474690162,0.12021823837641177,0.6964237836488001,0.08467884700726747,0.0927641448013522,0.6565178841785728,0.07596731912688826,0.05227653171471365,0.17344719861348815,0.11175781637469394,0.49560611191786763,0.46819073323697363,0.47669416880645604,0.5423383750114954,0.49560611191786763,0.4681907332369736,0.47669416880645604,0.5423383750114956,0.8333335320154351,0.8056558997693272,0.8333335320154351,0.8030588158651111,0.8333335320154351,0.8333335320154351,0.08540947663651,0.09364338285801449,0.6016536725740569,0.553460879344228,0.6670642770784603,0.545320920680043,0.10160051295334238,0.8967134952072271,BUY,0.0,0.0
0.13418532809386285,0.14873416617242907,0.13539966402815468,0.1540983724453156,0.14053534418837976,0.0,0.0,AVH,2023-01-17 00:00:00+11:00,"Pharmaceuticals, Biotechnology & Life Sciences",0.5602872783266333,0.6143644630768059,0.6054421382542053,0.4361300433727468,0.13126966272481283,0.5656780297152997,0.10636450501522604,0.5844603822541525,0.09005822539605213,0.5947421121703675,0.07732307724568982,0.5112363833592398,0.02278194796066585,0.4917829653839747,0.0,0.47471626374843706,0.17287595983579893,0.17287595983579893,0.18940740831770894,0.18940740831770897,0.2551860480697056,0.2551860480697055,0.4333631432475651,0.433363143247565,0.8795177400470402,0.6569472053116193,0.6701278802862821,0.5958081459607961,0.597928254779104,0.48911758314710035,0.11594206582637873,0.11770298346645341,0.8103692269267273,0.09952355625003778,0.11624503647602058,0.831589320489168,0.08402537651177466,0.09961477336055669,0.7469902295688876,0.11871149452368468,0.06852464793630626,0.5655350429490951,0.4467500409155355,0.5156180883761919,0.5423181068846481,0.5128434143415491,0.6065707394925484,0.515618088376192,0.542318106884648,0.5128434143415491,0.6065707394925484,0.9024391094890893,0.8291806816566819,0.9024391094890893,0.8265077640964258,0.9024391094890893,0.9024391094890893,0.10587212994133038,0.10047864605630752,0.6523695193555435,0.6285536269560232,0.8412941256377006,0.6207617205104867,0.10395518715822816,0.7155555089314778,BUY,0.0,0.0
0.1533546389152518,0.17563291219822813,0.159869500635193,0.18196723784723812,0.19090998119320235,0.0,0.0,AVH,2023-01-18 00:00:00+11:00,"Pharmaceuticals, Biotechnology & Life Sciences",0.6024390807004437,0.6543757781656945,0.6394558672693195,0.48812812010292406,0.1405396502135403,0.6765523227230585,0.11548146424407557,0.6698033054898125,0.09316368268528119,0.6913156959259705,0.08067380538738544,0.579145769678845,0.023680897636349618,0.5567644074218898,0.00010425869584990144,0.5278913874949371,0.24179996808798504,0.24179996808798504,0.21833488541006066,0.21833488541006063,0.30750173624979027,0.3075017362497902,0.4616197378451836,0.4616197378451835,0.9038458716942376,0.7965832838363411,0.7310159945781424,0.617130789690596,0.607706781338786,0.5212548238985885,0.1343515312555446,0.11558959669644536,0.8911416030425438,0.11347485888272613,0.10641068575502827,0.900232037034373,0.08567456440832222,0.10490073195478511,0.8756698389031566,0.1838694458598457,0.10401090620754251,0.5408983928154907,0.4875750034702495,0.5743598617154538,0.6466083048284562,0.6125886699514089,0.6714099769152128,0.574359861715454,0.6466083048284561,0.6125886699514089,0.6714099769152129,0.9310345536321526,0.9078291491759306,0.9310345536321526,0.9049027031934982,0.9310345536321526,0.9310345536321526,0.12900379823648334,0.10731390925460058,0.7284440786462036,0.7189438042715228,0.943105918261977,0.7946710920237229,0.10828352929207585,0.6157024638687492,BUY,0.0,0.0
0.18530352837026848,0.17879746611603292,0.17292005941562244,0.1918032941943824,0.11221944417241318,0.0,0.0,AVH,2023-01-19 00:00:00+11:00,"Pharmaceuticals, Biotechnology & Life Sciences",0.49109753514033583,0.5470829230520364,0.5442177179680642,0.32011640571062816,0.1521271326011127,0.6602795156362702,0.1243379371491195,0.6710095557069575,0.09743368491547438,0.7107474815327715,0.08411608338288834,0.5959580868099216,0.024596969939438607,0.5777403695136204,0.00020851739169974737,0.5464230055394714,0.2186324844052761,0.2186324844052761,0.2142030795258064,0.21420307952580636,0.28384550213396065,0.2838455021339606,0.4618948591079757,0.4618948591079758,0.899999713897978,0.8580992464975494,0.7841976889363749,0.6374294565871989,0.6201971834014878,0.5449106957984855,0.1520581686204454,0.1137377281517149,0.8303491817822668,0.12751076240707981,0.09892596814875237,0.8463687209239702,0.08850268196797856,0.10888455663886959,0.9102871608429333,0.22954066966702485,0.12124874221564798,0.26332576107764005,0.2616188206221478,0.6144036584156736,0.6295815712627508,0.6846139947577421,0.672796909832088,0.6144036584156738,0.6295815712627507,0.6846139947577423,0.6727969098320881,1.0,0.9645654134632448,1.0,0.9614560744630759,1.0,1.0,0.14234900045783147,0.11825036296497529,0.7164960442587975,0.6916627734601116,0.9798562181568437,0.8567938836096193,0.11592153078204237,0.6370967385299995,BUY,0.0,0.0
0.175718872959574,0.17405063523932573,0.18270801739467757,0.1868852660208103,0.061056249623875146,0.0,0.0,AVH,2023-01-20 00:00:00+11:00,"Pharmaceuticals, Biotechnology & Life Sciences",0.4101829639085182,0.46572169518798184,0.5646258580634446,0.35417440403911105,0.16404569358186816,0.5587530303643997,0.13328124020886184,0.6067521187418992,0.10183308102799699,0.6725556993611292,0.08733864129270985,0.5729126115067488,0.0255815337727493,0.5628329141083496,0.0002606468173034504,0.5368162348786996,0.20394694446455597,0.20394694446455594,0.20607719453247456,0.20607719453247453,0.2760554165492829,0.2760554165492828,0.46451229364828905,0.46451229364828894,0.8297869858024354,0.8091456397945527,0.8196892805909817,0.6500928209267463,0.6331013847699162,0.548520294896096,0.16030685092807018,0.12282251264460714,0.7429703856517668,0.13741534785602888,0.09655932335738898,0.7645327559250892,0.09046377056495569,0.11348992505742078,0.8772891083454502,0.2398527367387715,0.12458079264758389,0.13792020344987188,0.13998253386543363,0.6238885018722924,0.6363941637165212,0.6976615522007135,0.644164832397576,0.6238885018722925,0.6363941637165214,0.6976615522007137,0.6441648323975762,0.9500000496705353,0.9807560131952647,0.9500000496705353,0.977594482749622,0.9500000496705353,0.9500000496705353,0.14145930051223501,0.11551625768565807,0.6707797163296082,0.6425845515273647,0.9864819706603357,0.9013898129395724,0.12454615888131276,0.7265305864269764,BUY,0.0,0.0
0.1837060858018194,0.17879746611603292,0.159869500635193,0.16721311424150803,0.1620113791229668,0.0,0.0,AVH,2023-01-23 00:00:00+11:00,"Pharmaceuticals, Biotechnology & Life Sciences",0.32928428961551237,0.3812806634845173,0.44897956866680894,0.16700249973734957,0.17066710757856773,0.40994570466091007,0.1390118979296875,0.4954141365424969,0.10493853626056365,0.5845535715679515,0.08960907941330426,0.5130041770195303,0.02630069330917606,0.5133519726182049,0.00025413065852267214,0.49910375324432704,0.3110743164661233,0.3110743164661233,0.28221940404806256,0.28221940404806256,0.31865397811194685,0.31865397811194685,0.4431166144341465,0.4431166144341464,0.6724135096094952,0.7236750831756669,0.7619792012352145,0.6500280636142807,0.6434098552321443,0.5258775601041429,0.1607161344733975,0.13419004572192977,0.5886374415448058,0.14203192004591642,0.09767447197155688,0.6513652649353949,0.0917010824727496,0.11691879120232296,0.7710507884324707,0.30724899901924435,0.15088752046073162,0.2941753445713449,0.3284666256972274,0.5301698497169358,0.5415651193954922,0.6202955018133413,0.5305457742546664,0.5301698497169358,0.5415651193954922,0.6202955018133414,0.5305457742546666,0.7499998509883941,0.9191285433233839,0.7499998509883941,0.9161656730130515,0.7499998509883941,0.7499998509883941,0.16192193260544122,0.13875616885640732,0.5875346006316025,0.5759056838181206,0.8232864958836854,0.782146256538608,0.13213583160867076,0.8025750844595285,BUY,0.0,0.0
0.1709265071681917,0.16455697348591142,0.17292005941562244,0.1704917996905561,0.03406453114358165,0.0,0.0,AVH,2023-01-24 00:00:00+11:00,"Pharmaceuticals, Biotechnology & Life Sciences",0.4555433231171834,0.5116992615487881,0.5170068645075571,0.27569442594811133,0.17397781457691752,0.4103738981983738,0.14370061863587025,0.4898172002937118,0.1080871227872402,0.5844027836678201,0.09134852794527304,0.5170796997151564,0.027156835497805898,0.5187380120736643,0.000293227611207314,0.5052694111266547,0.28190058962753006,0.28190058962753006,0.27289038871372184,0.27289038871372184,0.31863459471654954,0.3186345947165494,0.3872096421982695,0.3872096421982695,0.7321427735139183,0.7612520500894178,0.758201951592613,0.6502612252737499,0.6517102460039991,0.5083609462819517,0.16197138607946182,0.1424439237100225,0.5859487823907727,0.14663703969069775,0.09889375309738885,0.6475441381891308,0.0943285658627181,0.11740303231116761,0.7742010344626642,0.2523862939527844,0.15538809312936747,0.07360780734890324,0.06772297562193104,0.4710190942601852,0.5085720332633415,0.6213940122032368,0.467840229345063,0.47101909426018523,0.5085720332633415,0.6213940122032368,0.4678402293450631,0.7777775966430666,0.8434800390988346,0.783333151208037,0.8426461409217126,0.7777775966430667,0.783333151208037,0.16370133249663413,0.1387562014495132,0.5677447230615404,0.5601936426761417,0.8535052786327132,0.7834400624309101,0.1388147436087458,0.8212767589356751,BUY,0.0,0.0
0.1709265071681917,0.16455697348591142,0.17292005941562244,0.16885245696603207,0.04224767546515679,0.0,0.0,AVH,2023-01-25 00:00:00+11:00,"Pharmaceuticals, Biotechnology & Life Sciences",0.427382345022405,0.4832674041437717,0.5102041511424302,0.2643819959650373,0.17132924108488956,0.4155418225724268,0.14717374201801325,0.468460029131857,0.11093379025514827,0.5670485979871578,0.09308797647724171,0.5079159180330025,0.028047223349486505,0.5122387911153412,0.0003714215165766255,0.5018799920676116,0.16168133698608045,0.16168133698608045,0.27179933009142543,0.2717993300914255,0.32034517571848453,0.3203451757184845,0.3870576479920782,0.3870576479920782,0.6981130293061435,0.7263368052713688,0.7451825475769881,0.6485245695648642,0.6579512229946523,0.49039654174246144,0.16284511912193922,0.14862168913478702,0.5514962155854597,0.15049184030109553,0.1003582556928801,0.6249558271243726,0.09654123951965365,0.11841647582406994,0.7549416355783597,0.17578298831045805,0.15663331123033336,0.12426262494571302,0.08354307824244545,0.37831706764332296,0.4744937203030947,0.6023772445131237,0.4686199486348589,0.37831706764332296,0.47449372030309467,0.6023772445131237,0.468619948634859,0.7543858034715833,0.7768894302924171,0.7666665010982157,0.7804372853315183,0.7543858034715833,0.7666665010982155,0.15925296003833703,0.13602212876330186,0.5498375858432727,0.5437792868984266,0.8105815343619545,0.7455190840806034,0.1446921861688118,0.8589743864058204,BUY,0.0,0.0
0.18210864323337034,0.1851265739516425,0.1892332967848923,0.1934426369189065,0.09851617497849842,0.0,0.0,AVH,2023-01-27 00:00:00+11:00,"Pharmaceuticals, Biotechnology & Life Sciences",0.577318181568219,0.6306174784705733,0.5646258580634446,0.35325874725964546,0.17166031178472457,0.5513767524668496,0.1534253682461602,0.5462305471641642,0.11572136904299007,0.6394402316578958,0.09484573541651603,0.568872462226547,0.029211577117933984,0.5674689478454482,0.0005082610063303628,0.5485670901353299,0.24919308132033852,0.24919308132033852,0.3054570623967233,0.3054570623967233,0.32664803219022165,0.32664803219022154,0.3743160326059004,0.3743160326059004,0.7142856534646679,0.8050460819123985,0.7897368364460094,0.6570008050488526,0.6648930741654699,0.4965103142240725,0.16807001373835678,0.15558773692557232,0.7021541139629044,0.1575830763705982,0.10210792073261016,0.7025218276560607,0.10144569024289574,0.11603621021025401,0.8471338712614209,0.16872191312250273,0.17328150720820562,0.29974384081660793,0.18182695813789285,0.4226813407087839,0.5453283422580693,0.7207666357450908,0.4595013011033759,0.422681340708784,0.5453283422580694,0.7207666357450908,0.459501301103376,0.9454545927441851,0.843425740916653,0.9531250436557467,0.8493618541067152,0.9454545927441851,0.9531250436557467,0.1806052708655255,0.1517432667124817,0.6098046775546356,0.5812796038921277,0.8459111189790426,0.8023221517299453,0.14986433562166995,0.6506024569369608,BUY,0.0,0.0
0.20287539662320836,0.20411393518292958,0.19902121587021437,0.20655737871509894,0.13410452528991315,0.0,0.0,AVH,2023-01-30 00:00:00+11:00,"Pharmaceuticals, Biotechnology & Life Sciences",0.5071863395845084,0.5629110036688675,0.5306122912378106,0.29831928591425944,0.17563316018274427,0.6013554858443166,0.16176087264388278,0.5655758747019652,0.12158723018357642,0.6637914008027939,0.09653025447274466,0.598961940175149,0.03049579050293888,0.5946923209691564,0.0007754236716996377,0.5727770700731238,0.2563341577924288,0.2563341577924288,0.28747390284897645,0.2874739028489765,0.31366816711156087,0.31366816711156087,0.36517248803556823,0.3651724880355681,0.6595743061892952,0.8087419223525414,0.8666009297813322,0.668247311401087,0.6730326351413881,0.5069580171850511,0.17225038133648202,0.16804474839231925,0.7650463156165519,0.1654367571321162,0.10523072023902075,0.7242178954400015,0.10731360615152308,0.11226525455175651,0.8723229001857329,0.20636251986599663,0.19904811807638984,0.34473566189471244,0.22436531686230518,0.4764436656669228,0.6021892824239099,0.7912027160746924,0.44756375749583605,0.47644366566692276,0.6021892824239099,0.7912027160746926,0.4475637574958361,0.8793100825955719,0.8779892258600241,0.9078945242632436,0.8916280979494289,0.8793100825955719,0.9078945242632436,0.19039175815094453,0.1613126514866449,0.6434055376159087,0.5934162761405013,0.8727847946456705,0.8503331069987327,0.15605077753685292,0.513618757178649,BUY,0.0,0.0
0.20447283919165743,0.20569621214183198,0.20717781510798278,0.20819672143962298,0.07211759567006183,0.0,0.0,AVH,2023-01-31 00:00:00+11:00,"Pharmaceuticals, Biotechnology & Life Sciences",0.4452505246376553,0.5013496451831206,0.5306122912378106,0.29831928591425944,0.1839099355719669,0.5629185458596675,0.1695754043939942,0.5401204111139819,0.1269355147665142,0.6483572130113524,0.09773871341608759,0.5997825894810905,0.031788565303706495,0.5945580666278342,0.0010556186546304136,0.5749496160518999,0.1622326443559274,0.1622326443559274,0.2915955581743098,0.29159555817430977,0.30953822998421365,0.30953822998421365,0.336696092087475,0.336696092087475,0.619047483889719,0.7904634351492305,0.9034428788292489,0.6764014232818281,0.6814192827272869,0.5091133702561523,0.17289074061806298,0.18345238190876428,0.756663014904901,0.17284897199731725,0.1077829645829923,0.7016505242116611,0.11208041089399023,0.10884912662722546,0.8538037598019192,0.16004169270362814,0.20868773098021398,0.22912422638698815,0.11657883823461948,0.5461972775575117,0.5849413737817495,0.7492481197652809,0.40661168490116867,0.5461972775575116,0.5849413737817495,0.749248119765281,0.4066116849011688,0.8771927182805089,0.9197949091457233,0.9090906979764922,0.9399555664632187,0.877192718280509,0.9090906979764922,0.1832743282790865,0.1660973520220029,0.6399429831358168,0.5825874537532021,0.8781616319038378,0.8727017770142202,0.1651358640527062,0.515503954052118,BUY,0.0,0.0
0.20926516689700464,0.20411393518292958,0.195758576175107,0.2049180359905749,0.07906871598360173,0.0,0.0,AVH,2023-02-01 00:00:00+11:00,"Pharmaceuticals, Biotechnology & Life Sciences",0.4197128904848025,0.47546064898658347,0.4965987244121766,0.24695825364820972,0.1908624281618495,0.5069629134746703,0.17495874977660553,0.5056055262497157,0.13237006296600273,0.6156299500081934,0.09942323247231616,0.5862277204155119,0.0331669544662212,0.5825900806250177,0.0013097490024381042,0.5678156497404281,0.17951057777421084,0.17951057777421084,0.2773836423137187,0.2773836423137187,0.30487589228300627,0.3048758922830062,0.29991659559911865,0.29991659559911854,0.6341461854489101,0.7529738298636747,0.8693482556851833,0.6798392220739066,0.6889191060922069,0.5013775430967434,0.17389454159936196,0.1934265644074034,0.6925912441560574,0.17777705626187623,0.11343045800252904,0.6687776632312065,0.11700779259215915,0.10627807763830888,0.8184505685404735,0.18323162850881078,0.22168383126909863,0.22467339585044063,0.12224451925827029,0.5247455714522576,0.5160440432600751,0.7589963142450761,0.44815966797898604,0.5247455714522575,0.5160440432600751,0.7589963142450762,0.4481596679789861,0.8421050430115353,0.8846128629998268,0.8831167001510553,0.9162002910915966,0.8421050430115353,0.8831167001510551,0.19750918802280268,0.17635026311599541,0.6038550773562247,0.5540201468078466,0.8042770339957038,0.809822324048376,0.17400296067776738,0.5781250203726818,BUY,0.0,0.0
0.19648562634941202,0.1977847896228616,0.2006525357177681,0.20655737871509894,0.03103732291042799,0.0,0.0,AVH,2023-02-02 00:00:00+11:00,"Pharmaceuticals, Biotechnology & Life Sciences",0.44528386287973876,0.5013832454914063,0.5578231446983178,0.3407073619118306,0.1984770621514021,0.47520692505666373,0.17756359231321278,0.5019599381375566,0.13819279281247931,0.5995070099994617,0.10077817118175064,0.5866623771049829,0.034451167851226094,0.5825310599980411,0.0016485895697533892,0.5697891836489011,0.17117938535692492,0.17117938535692492,0.20637668273353668,0.2063766827335367,0.292981423800475,0.292981423800475,0.28511784561598585,0.28511784561598585,0.9000000794728723,0.7658433689271005,0.8962980249142497,0.681743299134892,0.6953567981455812,0.49211250042836985,0.1778859710304591,0.19426541615840565,0.6734460606374525,0.18083029162488934,0.12209341161787729,0.6593177045371277,0.12137104874155158,0.10369984286236927,0.8065491107428209,0.1774551133464597,0.22248575283899896,0.09057563802702302,0.04785667610333,0.5354255875680595,0.44498613809695187,0.7877393145591176,0.4189617501020635,0.5354255875680594,0.44498613809695176,0.7877393145591177,0.4189617501020636,0.8596488806460221,0.8779198361210235,0.8961036990637737,0.9121994208317069,0.8596488806460221,0.8961036990637737,0.19750914559957425,0.17429966785995457,0.5857703426908005,0.5426852505346403,0.7765641373079828,0.7972002755731405,0.18127397991031763,0.5214008511265185,BUY,0.0,0.0
0.2108626094654537,0.2183544278130511,0.2120717746506438,0.22295084504535306,0.130043154150231,0.0,0.0,AVH,2023-02-03 00:00:00+11:00,"Pharmaceuticals, Biotechnology & Life Sciences",0.5220621094151007,0.5774459404196806,0.5646260202529247,0.34948452785835654,0.20443634264177984,0.5292494787297755,0.18086306366653826,0.5535366925273746,0.14423118015783598,0.6336859078115566,0.10238945035493341,0.6250208444607267,0.03584668004938646,0.6165628956194759,0.0020460757214530723,0.599642564436986,0.11321122180865287,0.11321122180865287,0.219115441703326,0.21911544170332603,0.29259877325261163,0.2925987732526116,0.29397902022552613,0.29397902022552613,0.9210527306448091,0.8321081117721628,0.9487558368064629,0.6890257786318137,0.7021815229193943,0.49548861280726575,0.18653559567732547,0.1912404109308563,0.7715658214890687,0.1867223678342313,0.12787994239433126,0.7003248708962428,0.1270959388486142,0.09994982674194092,0.840631349040975,0.19370046087853338,0.2456782761514813,0.35269843180558164,0.1860797835173873,0.5043247767704455,0.45870144595771606,0.7868989672637773,0.4356815529836124,0.5043247767704455,0.458701445957716,0.7868989672637774,0.43568155298361255,0.9047620128882248,0.8873049200193819,0.928143784385097,0.9186645261556943,0.9047620128882249,0.928143784385097,0.2117440053432905,0.18933727948930515,0.6430314561622249,0.5710646506492948,0.8337177780594418,0.8408873437454842,0.1872362156810088,0.5168539606771874,BUY,0.0,0.0
0.22364218809908143,0.2310126434842702,0.22512237232480636,0.23934427229059363,0.08456441355945904,0.0,0.0,AVH,2023-02-06 00:00:00+11:00,"Pharmaceuticals, Biotechnology & Life Sciences",0.5188654228305617,0.5743305166380094,0.5782312847936982,0.3678278788929766,0.21105776453182756,0.5782890000500589,0.18642006521825671,0.5952284731587969,0.15143411347248797,0.6624813082239311,0.10484298905623052,0.6605111205965496,0.037456227641614104,0.6496166018908976,0.0025087234609605102,0.6291577291854813,0.12156590626194136,0.12156590626194136,0.22326524706270676,0.22326524706270678,0.28261334753085376,0.28261334753085376,0.27045869128337574,0.27045869128337563,0.9574468516828546,0.8451199914712867,0.9539070932257004,0.7004390974831443,0.7102657405094969,0.5064752531186687,0.20027339163101032,0.18708968305215345,0.8047871442162196,0.1933864727235325,0.1352097656049283,0.7374257386213281,0.1348825896879306,0.09542705708480143,0.8626446413043265,0.16817323457958697,0.2612131764793167,0.2579848123666268,0.1154375499230735,0.5109415287132769,0.5093262850498681,0.8604511242108495,0.5055614505528538,0.510941528713277,0.5093262850498681,0.8604511242108496,0.5055614505528538,0.9428572012453624,0.9216027673680224,0.955555596763706,0.9432445383443079,0.9428572012453623,0.9555555967637062,0.2277581801317428,0.19959015799019178,0.6774536033128724,0.5953022027840378,0.846989381135339,0.8553732668761822,0.19517238487279354,0.39350177677789255,BUY,0.0,0.0
0.23003195837287777,0.22310125868975828,0.22512237232480636,0.23114755866797337,0.052651705169637575,0.0,0.0,AVH,2023-02-07 00:00:00+11:00,"Pharmaceuticals, Biotechnology & Life Sciences",0.39712402014465753,0.45230652922449105,0.5170068645075571,0.2787496087814382,0.21569276222286538,0.512652116654408,0.19319266409401487,0.5372251701548065,0.15764502599428382,0.6123737151272299,0.10696694741073348,0.6328989864080751,0.038817494176723755,0.6263061872107311,0.002958338882906447,0.6119777127019452,0.15188437419728737,0.15188437419728737,0.1658126306124096,0.16581263061240964,0.2946853418957922,0.29468534189579215,0.27354801130829776,0.27354801130829776,0.8108109327195451,0.7688880071450868,0.9418552172255258,0.7039558998455069,0.7175417863687545,0.4994255169059642,0.204760345985742,0.19597079423199104,0.7007040051342387,0.19745429060364855,0.14349892035798956,0.6862155986645422,0.1410490927409062,0.0922443446350873,0.8153942758321764,0.158142772908073,0.2665924129520489,0.16891288333416854,0.07074709851968532,0.48276403704172527,0.5437983256535668,0.7914070545020714,0.4779973036896741,0.48276403704172527,0.5437983256535668,0.7914070545020715,0.4779973036896742,0.8363637782325553,0.9136760995717746,0.8928572340887513,0.9421429457968308,0.8363637782325553,0.8928572340887513,0.2153026354327627,0.2064254048919318,0.6246903349893161,0.5713557530366942,0.782738739346608,0.8258541924645398,0.20402523016026525,0.43750001643510417,BUY,0.0,0.0
0.23642172864667405,0.23892402827878217,0.2381729311052358,0.24754098591321394,0.056757267509319566,0.0,0.0,AVH,2023-02-08 00:00:00+11:00,"Pharmaceuticals, Biotechnology & Life Sciences",0.5173553232550687,0.5728572828467089,0.5578231446983178,0.33689548453468976,0.22430060831192294,0.5505437601077321,0.20135451232263024,0.5679702132590916,0.16402846369251872,0.6435509289202979,0.10978668552725934,0.6668299448072844,0.04030718174415343,0.6594011952211681,0.003538277558146563,0.6409233991809171,0.14953789209620613,0.14953789209620613,0.17225848467596191,0.17225848467596194,0.2929086806502422,0.29290868065024217,0.2624404460479349,0.2624404460479348,0.8205129302386999,0.7460902642256949,0.9489807065345089,0.7122487580220277,0.7252695259046605,0.5033656711427232,0.21211075805255747,0.20446365967190644,0.7699109245980715,0.20458068771291166,0.14856320132601347,0.7228498396358196,0.1487460252138742,0.0886436785687505,0.837013828093274,0.14664604077797241,0.2664200559221356,0.1935261011998049,0.07630199703498676,0.5393391568334946,0.5743780016827551,0.7873230130005211,0.5380290886122336,0.5393391568334946,0.5743780016827551,0.7873230130005211,0.5380290886122338,0.9333333863152483,0.9234023091291599,0.9500000447034863,0.949559225863826,0.9333333863152482,0.9500000447034862,0.20284709073378268,0.21257712547384264,0.6650330453127137,0.5949546925320877,0.7502369401841884,0.833629159320074,0.2111075063902425,0.4255319418762544,BUY,0.0,0.0
0.23482428607822498,0.226265812607563,0.22593801280171666,0.2377049295660696,0.0797371356418905,0.0,0.0,AVH,2023-02-09 00:00:00+11:00,"Pharmaceuticals, Biotechnology & Life Sciences",0.3900480190378865,0.445003491085642,0.5238095778726838,0.28864042022837844,0.23059095950213565,0.4710415502367078,0.20864807970570987,0.5043175526466264,0.16937674827545657,0.5928582105622098,0.11275290340987654,0.6328919587457703,0.04168557090666819,0.6324390592734249,0.004105183915825178,0.6202795023844012,0.18677802441280725,0.18677802441280725,0.19334633671949628,0.1933463367194963,0.3058974165015489,0.30589741650154884,0.24343847695854104,0.24343847695854104,0.7045456146406407,0.6670772388878831,0.885414604462415,0.7124526478011796,0.7314986010073781,0.4902927207757328,0.2094175561894619,0.222587121893991,0.6747692252874576,0.20898540130349025,0.15464320112214136,0.6648181474440273,0.15476565281644344,0.08750592751154584,0.7921123480680874,0.17174027445827583,0.2696102143681865,0.2390872695242929,0.10620707165818122,0.5062873719907998,0.5551470582258902,0.7235639487873193,0.5608605393262233,0.5062873719907998,0.55514705822589,0.7235639487873196,0.5608605393262234,0.8333334657881206,0.8861184590795421,0.8717949893582781,0.9211375236123377,0.8333334657881205,0.871794989358278,0.2055161057241153,0.2146276881367776,0.5897186323195936,0.5518008373715794,0.6565187207964026,0.7765224588974139,0.24726132985403892,0.40942033273386036,BUY,0.0,0.0
0.22364218809908143,0.2136075969363439,0.2039151754128754,0.2147540923377192,0.09442860001168069,0.0,0.0,AVH,2023-02-10 00:00:00+11:00,"Pharmaceuticals, Biotechnology & Life Sciences",0.3254567422019347,0.37720479698927556,0.4761904221273161,0.21888065719350014,0.22893559810961261,0.3668692875118582,0.2109056099041028,0.4120452138450936,0.1736036171548776,0.5051674714490373,0.11504165150123252,0.5680678822932091,0.042935538628622316,0.5761373274716447,0.00462647700668084,0.5751979477388409,0.23534495127431582,0.23534495127431582,0.21314982635892413,0.2131498263589241,0.34762026800085055,0.3476202680008505,0.2681691738879579,0.2681691738879579,0.5535713829556244,0.5819547869959516,0.772951276487541,0.7004484922278456,0.7337215632562386,0.45534712965923885,0.20700082558978117,0.2299973812112816,0.41255320961401376,0.20860785528675307,0.16397454798092992,0.5625619699180877,0.15846167495558688,0.08783842357500776,0.7217899878278901,0.15338866499930945,0.28440287122606733,0.310530233501557,0.12062019629423677,0.3954589590307842,0.4358223360180899,0.6659606894009218,0.5022525127185573,0.39545895903078426,0.43582233601809,0.6659606894009218,0.5022525127185573,0.5999999205271277,0.8056559493683136,0.692307668795011,0.8530869183456584,0.5999999205271277,0.692307668795011,0.23220651016681151,0.23513347773165674,0.48832765203330636,0.493049372050097,0.5761927916483442,0.7148298654065356,0.24665100143450375,0.45038172454171765,BUY,0.0,0.0
0.20447283919165743,0.19620251266395922,0.19902121587021437,0.20983606416414707,0.036543679670204846,0.0,0.0,AVH,2023-02-13 00:00:00+11:00,"Pharmaceuticals, Biotechnology & Life Sciences",0.41160075452406863,0.4671732922537679,0.5374150046029375,0.3087109365181744,0.22297631761923487,0.3704827230723202,0.21125292224231712,0.39284790556583404,0.17791675067918067,0.47599941489234365,0.1173303995925884,0.5494788496890494,0.044305366375374355,0.5609396420347509,0.005128221621194223,0.5642597593030996,0.18777165504701523,0.18777165504701526,0.20182927871805714,0.20182927871805717,0.3434016411450962,0.34340164114509614,0.26705788670056907,0.26705788670056896,0.5172413651356356,0.6500176080117833,0.7606265541881816,0.6870852117759544,0.7324271109936691,0.42466448696101444,0.20669870214689096,0.23105816650347388,0.34932104742939557,0.20532531100453905,0.17689481775519222,0.5301334922841464,0.1615409602227939,0.08895773491619591,0.7015519495192603,0.12864434977244432,0.28346318459405445,0.13820188451487575,0.04680163569979074,0.34013208436529047,0.3941718971191043,0.674829690277623,0.5049980073107897,0.3401320843652904,0.39417189711910433,0.674829690277623,0.5049980073107898,0.4807692484037417,0.6515949745003179,0.6538461656024944,0.752595796884591,0.4807692484037417,0.6538461656024945,0.21441289306393793,0.23923460305752667,0.4254326385661955,0.46044141937607164,0.6423342882775079,0.6924455226753286,0.2446096873832509,0.5135135931273587,BUY,0.0,0.0
0.21246009011993788,0.20886076605963672,0.21696573419330484,0.21967215959630498,0.03652369370035568,0.0,0.0,AVH,2023-02-14 00:00:00+11:00,"Pharmaceuticals, Biotechnology & Life Sciences",0.4875282911341149,0.5435561671159913,0.5442177179680642,0.3187074658371945,0.22065882272039006,0.4304303707296153,0.21246851956635682,0.42471260359494356,0.18240240937992275,0.49310895301163504,0.12013182817489693,0.5667419162142889,0.04586354567714612,0.5787357225529962,0.0056886118977707845,0.5808336030333563,0.2106759633820239,0.2106759633820239,0.21003259071807853,0.2100325907180785,0.34426032557113906,0.3442603255711391,0.2510055037378909,0.25100550373789077,0.4814814978339229,0.6673636166371733,0.8033469334159586,0.6794111131460341,0.7296269271165804,0.4115298890972762,0.20636827544869402,0.23394403674156167,0.4490211476605879,0.20211291256486608,0.1900956028399971,0.5683042058938349,0.16489332799131862,0.09085935914185245,0.7187163027906271,0.1203338437168984,0.28457128681192817,0.14545450198260138,0.0466324841181649,0.3870758287477562,0.41231247474281796,0.679556835305551,0.5553792590411561,0.3870758287477562,0.41231247474281796,0.6795568353055511,0.5553792590411563,0.5961542164785758,0.5708548908169025,0.7236844705742845,0.7023388420273209,0.5961542164785758,0.7236844705742844,0.21797160799986695,0.23923460305752667,0.48904164808308404,0.49552796337362875,0.6451064266497519,0.7178930457400527,0.2413885052818669,0.554716881996123,BUY,0.0,0.0
0.21565497525683602,0.2151898738952463,0.21859705404085855,0.2180328168717809,0.04175491027520902,0.0,0.0,AVH,2023-02-15 00:00:00+11:00,"Pharmaceuticals, Biotechnology & Life Sciences",0.4284389775459873,0.4843408036208626,0.5238095778726838,0.2882021324046618,0.2146995501233604,0.45152646486175163,0.21385777305950365,0.41400453155165007,0.18576665443381052,0.47768191627778367,0.12232902728553396,0.5568030719130298,0.04738747931586712,0.5706068817029809,0.006213163223374341,0.5759886788317066,0.15687817510521182,0.15687817510521182,0.20870246018489622,0.2087024601848962,0.32235813540102554,0.32235813540102554,0.20342519277041382,0.2034251927704137,0.3555557086143803,0.6673636166371733,0.7853611498319274,0.6711471180323867,0.725486514088884,0.39983898032658394,0.2051489057533245,0.23819955659977854,0.40483693375152435,0.20035785571361464,0.19922877744744394,0.5486204522646909,0.16827959089347316,0.09138512824826295,0.7067782792878547,0.11260336926386336,0.2639448290572529,0.17492022504174878,0.05654161337684366,0.3415103083048461,0.41617333866356093,0.611214082495902,0.49125121972317515,0.341510308304846,0.41617333866356104,0.6112140824959021,0.4912512197231752,0.47619077353802525,0.528708029665377,0.7066669464111328,0.7072112411847966,0.4761907735380252,0.7066669464111328,0.225089037871725,0.24333576097650247,0.4850850465072836,0.49774911618390305,0.6891009683471444,0.7220299158302326,0.23836059410656596,0.5189394202798294,BUY,0.0,0.0
0.21884986039373416,0.226265812607563,0.22512237232480636,0.24098361501511767,0.029258127461188912,0.0,0.0,AVH,2023-02-16 00:00:00+11:00,"Pharmaceuticals, Biotechnology & Life Sciences",0.5530321437799744,0.6074043890536536,0.6054421382542053,0.4087743522030362,0.21536169152303042,0.5639238186309363,0.21750455675104352,0.48470642414120046,0.18887210966637724,0.5391771720666734,0.12514876540205971,0.606219689485538,0.049219623922044986,0.6167939459986814,0.006838715010079904,0.6167050696088574,0.23514546451019763,0.23514546451019763,0.24719000262471416,0.24719000262471413,0.292309427336613,0.2923094273366129,0.21845697316014057,0.21845697316014057,0.5555555064982312,0.6631700009920336,0.7913127525878774,0.6735179926683535,0.7227193548852052,0.41181796553841477,0.20695462985843222,0.2436758724706477,0.6783719029114822,0.20402601308155244,0.20145640291649164,0.6661969383459926,0.17326103316782687,0.0912488069811554,0.7525938286448258,0.08659234465846277,0.2301901167131139,0.1485094353273983,0.04398000064348817,0.4265258068559682,0.4634819500899805,0.587493188451021,0.542319764067823,0.42652580685596814,0.4634819500899805,0.5874931884510212,0.5423197640678231,0.7894738162984248,0.6337966186453502,0.8666667726304965,0.7794256640895054,0.7894738162984248,0.8666667726304964,0.21797156557663858,0.2378675178247622,0.5783553854172939,0.54526268846908,0.6621979380162825,0.6995916563757638,0.23551435760178308,0.42805757894506646,BUY,0.0,0.0
0.23003195837287777,0.226265812607563,0.23491029141012842,0.24098361501511767,0.03457150857875549,0.0,0.0,AVH,2023-02-17 00:00:00+11:00,"Pharmaceuticals, Biotechnology & Life Sciences",0.4367159267158128,0.4927311798870367,0.5578231446983178,0.33745864017990196,0.22065883061373814,0.5365758209020206,0.2194147746112221,0.47802757880156954,0.1914599893696266,0.5310659658085117,0.1280783633431541,0.5982447477056979,0.051180189968783485,0.6109342201550846,0.00745775063800469,0.6145251325078795,0.15269680939015673,0.15269680939015673,0.23016355436232397,0.230163554362324,0.2888995170000891,0.28889951700008903,0.2147324722011732,0.2147324722011732,0.45454550380548514,0.6259841206517479,0.7348868972451436,0.6739246731074375,0.72059914173307,0.4174613193370739,0.20953538774738772,0.24468489676501182,0.6473646339332358,0.20750871275158944,0.20281318147530752,0.6472489699984144,0.1778650162075116,0.09183633045842327,0.7418104585818306,0.055748943922535536,0.21397636060967185,0.23427338615293047,0.05486768550092363,0.49090378444246585,0.42550005429345483,0.5606644831451024,0.5543487678906938,0.490903784442466,0.4255000542934549,0.5606644831451025,0.5543487678906939,0.7894738162984248,0.6996060885401133,0.8666667726304965,0.8279425092050612,0.7894738162984248,0.8666667726304964,0.20195730594172948,0.21736169563677724,0.5831246605401139,0.54747030905949,0.6140716024642395,0.659459434962897,0.19092331902685072,0.4136691033102877,BUY,0.0,0.0
0.23961661378357224,0.2310126434842702,0.2381729311052358,0.23934427229059363,0.025211856832059447,0.0,0.0,AVH,2023-02-20 00:00:00+11:00,"Pharmaceuticals, Biotechnology & Life Sciences",0.4288260287607333,0.48473386679293673,0.5102041511424302,0.2695937949622666,0.22661811110411584,0.4985202321808111,0.2194147746112221,0.4721262575848708,0.19422039424931503,0.5175151590015707,0.13111782110881715,0.5860893337036247,0.05314931743128459,0.6014835067773997,0.008128915613854426,0.6091320015415909,0.14238459510554013,0.14238459510554013,0.20895066035369633,0.20895066035369636,0.2859049797970369,0.28590497979703683,0.20920597339992786,0.20920597339992775,0.5128204971453969,0.6123393014252771,0.7045737560571171,0.6720542962391763,0.7184728870471404,0.41740861863257667,0.20953538774738772,0.24468489676501182,0.6246921640055353,0.20998305428720915,0.20571554489492427,0.6225308214205565,0.18190535503767113,0.0933852281506819,0.7286042392202596,0.04990983706821888,0.2064916510940985,0.182418565416813,0.041071505594375744,0.5009863051922556,0.3868761112245519,0.5699745021677287,0.5680073028551561,0.5009863051922555,0.3868761112245519,0.5699745021677288,0.5680073028551562,0.763158043335728,0.7972949101605441,0.8500001192093085,0.876578412002572,0.7631580433357279,0.8500001192093085,0.19661919111460754,0.2077922945660611,0.5799763015153252,0.5452967185994477,0.5876483536427538,0.6332590156430894,0.1917996882499901,0.4620939417408274,BUY,0.0,0.0
0.23162940094132684,0.22151898173085588,0.22838501201991374,0.23114755866797337,0.044158556249068705,0.0,0.0,AVH,2023-02-21 00:00:00+11:00,"Pharmaceuticals, Biotechnology & Life Sciences",0.39712402014465753,0.45230652922449105,0.5102041511424302,0.2690715138066806,0.22893560600296076,0.44702875914401696,0.2194147746112221,0.4426196515013765,0.1975846393032028,0.482451038262828,0.13408403942797853,0.5584145647259936,0.054921532331243916,0.5782523771821264,0.008826145302505972,0.5915448896996591,0.16064992370134581,0.16064992370134581,0.20895066035369633,0.20895066035369636,0.2533149178491999,0.2533149178491998,0.21029246981107008,0.21029246981107008,0.6666669315762411,0.5880642135500714,0.6914819851036105,0.6654871182086283,0.7152617922988287,0.40794548600756914,0.20953538774738772,0.24468489676501182,0.5113298143670326,0.2084561649151278,0.21458108235274143,0.5649110827708687,0.18491273687783322,0.09609041512387773,0.7021196501166574,0.05384395948406596,0.18188266552905774,0.3055631081936459,0.0787883583686449,0.44945385848829317,0.3868761112245519,0.6054691223132704,0.5658540533583587,0.44945385848829306,0.3868761112245519,0.6054691223132705,0.5658540533583588,0.6111113686621203,0.7365771239711665,0.7666668521033688,0.8426463757574488,0.6111113686621203,0.7666668521033688,0.18416364641562752,0.2091593472057197,0.4942601107264711,0.49944037588520956,0.6123175250570799,0.5882024185276377,0.19370516517239655,0.5919117199121673,BUY,0.0,0.0
0.2332268435097759,0.226265812607563,0.21533441434575118,0.22786887321892524,0.08732047880165901,0.0,0.0,AVH,2023-02-22 00:00:00+11:00,"Pharmaceuticals, Biotechnology & Life Sciences",0.42058804740796163,0.4763528625106785,0.48979601104704984,0.2400356818753031,0.2309220302019706,0.42155267056295864,0.21733090058193633,0.4378959728171574,0.20060383400421233,0.46368755635962167,0.13697701786409416,0.5431428670179915,0.05653108012759178,0.5665000432367256,0.009585278577253636,0.5829253119258708,0.162914311631142,0.16291431163114203,0.18072187179265678,0.1807218717926568,0.25634983294321945,0.25634983294321934,0.2117055952376482,0.2117055952376482,0.6896554275585605,0.5673270775520751,0.7614168354286993,0.6575155223986795,0.7108598863875797,0.39755796036487545,0.20472565968687562,0.2458524984606501,0.49289922883901355,0.20574436611455782,0.22411091067838385,0.5324089437190965,0.18743085440640433,0.0992582628323378,0.6882222536432572,0.07732316731354286,0.1930031021483189,0.47937943136208816,0.14936964752315443,0.44504278782436757,0.34698213312705856,0.5876630408759305,0.5598434024892007,0.4450427878243676,0.3469821331270586,0.5876630408759305,0.5598434024892008,0.5555558498995662,0.6569472396660297,0.6923079744598672,0.7834828381466672,0.5555558498995661,0.6923079744598672,0.20017790605053662,0.20369113664708524,0.44335355565918927,0.47579241276873885,0.567243901081931,0.6177308291123985,0.19553442301790674,0.6074074355336041,BUY,0.0,0.0
0.22683707323597957,0.2167721508541487,0.21533441434575118,0.21639347414725685,0.05632823535655747,0.0,0.0,AVH,2023-02-23 00:00:00+11:00,"Pharmaceuticals, Biotechnology & Life Sciences",0.3798502193402003,0.43443603350748605,0.46938787095166945,0.20960821335930305,0.22595596970444592,0.3888366318353218,0.21507337038354335,0.4039427265194575,0.20310545317590445,0.4221212956879701,0.13943055656539133,0.5095540367073655,0.05820911945416146,0.5367678486745889,0.010256443630782125,0.5595716973826617,0.05183653292250965,0.051836532922509664,0.1843677085689506,0.18436770856895057,0.2687838126235811,0.2687838126235811,0.21774127389300924,0.21774127389300924,0.4666666666666667,0.4557485863799502,0.7028925017340492,0.6448668227397553,0.7044298540130848,0.3798664771983701,0.2026446723381543,0.24355788752691254,0.3467776652455318,0.20009127352674883,0.23600244792725172,0.4172146186148969,0.18923377534402502,0.10236936479642961,0.6562839573858349,0.09127196044388153,0.19594328030159003,0.27542556045462496,0.09531470876915057,0.3533195283223681,0.34271810375215306,0.5635256831706867,0.5186427955500094,0.3533195283223681,0.342718103752153,0.5635256831706867,0.5186427955500095,0.3611115342306263,0.5200833745333532,0.5576927132860592,0.6842969043957006,0.36111153423062625,0.5576927132860592,0.19306047617867847,0.21189345248503685,0.36918696441732457,0.4301954091575605,0.4325299615013159,0.5753893924085454,0.19729051054959656,0.6539922872046284,BUY,0.0,0.0
0.22364218809908143,0.2990506281659898,0.2300163318674674,0.3032787167170589,0.34382530130515043,0.0,0.0,AVH,2023-02-24 00:00:00+11:00,"Pharmaceuticals, Biotechnology & Life Sciences",0.8787305837670161,0.9001599641192375,0.8435374304126035,0.7550905132645658,0.23853667208487128,0.7471849866465408,0.22445081593619842,0.6825552940553865,0.20888505275660235,0.6628676536757165,0.1438432638843385,0.7046881016957639,0.06085459957839623,0.7179921777232875,0.011188255268577835,0.7157829951962773,0.6116346254564485,0.6116346254564485,0.5825479950549317,0.5825479950549317,0.587330325379737,0.5873303253797368,0.48910749916015384,0.4891074991601537,0.817073277105295,0.6566044534928509,0.866024558534841,0.6727093562885242,0.705688084778618,0.446931712225078,0.23953940837491866,0.22095745383106624,0.970199837651633,0.218480537964874,0.22658576479478643,0.9605241956922262,0.1982787603370214,0.10056214476027037,0.8373931704712165,0.2506254878175628,0.24716656542565274,0.7475087222171417,0.48972006141575264,0.5813566677396248,0.5801033107454632,0.7036366391435498,0.6762287505096112,0.5813566677396249,0.5801033107454632,0.7036366391435498,0.6762287505096114,0.8918919963850589,0.6156661518843551,0.9000000894069726,0.7295396227600432,0.8918919963850589,0.9000000894069725,0.2749110045515033,0.2884484328990248,0.8581991490830148,0.747015819491734,0.6227520011112906,0.7195115617090216,0.19897635458001872,0.42405059423188507,BUY,0.0,0.0
0.3546325929700111,0.3797468285189285,0.36215335620051475,0.39016395928686104,0.3217685629132793,0.0,0.0,AVH,2023-02-27 00:00:00+11:00,"Pharmaceuticals, Biotechnology & Life Sciences",0.8045952200872984,0.8368363313352212,0.6462585806344463,0.4278017926447104,0.26899520804308175,0.9843710366206073,0.24355301523943323,0.908917558254059,0.21854647292050555,0.8833211941162202,0.14966584069809274,0.8912747590021134,0.06438190634266916,0.8932763859420106,0.012563166091859895,0.86882668753048,0.7071822052306668,0.7071822052306669,0.7136131802728533,0.7136131802728531,0.739430615489371,0.7394306154893708,0.612554938416596,0.6125549384165959,0.8760331555571144,0.7965835060191914,0.9299756480455209,0.7319584966689758,0.7203187242292831,0.5635801300806437,0.3104668399307808,0.17972898098412132,0.9593768404362877,0.26426717940482375,0.19319525953744676,0.9999999999999999,0.2184311872915381,0.08769379885171402,0.9612876320816643,0.40343640975885725,0.28635291226345544,0.4564599790040893,0.40880835606942406,0.8151254079077792,0.7850461734565575,0.8645760747530844,0.7570359017641769,0.8151254079077792,0.7850461734565575,0.8645760747530844,0.757035901764177,0.9520000457763672,0.7506228887999112,0.9527559498577561,0.8179149944061904,0.9520000457763672,0.9527559498577561,0.3603202478602572,0.3444976237181335,0.9731601011896431,0.990051678414267,0.7923392172703684,0.7900524479171275,0.20544152922981662,0.2872628526672707,BUY,0.0,0.0
0.392971252698824,0.4351265598049706,0.3947797920453214,0.44754099373021666,0.27365855835869884,0.0,0.0,AVH,2023-02-28 00:00:00+11:00,"Pharmaceuticals, Biotechnology & Life Sciences",0.6447613397700036,0.6938360098145817,0.721088427650841,0.49797180148437276,0.3126965798880395,1.0,0.2676912434467754,0.9999999999999998,0.23114082314053624,1.0,0.15691659610432712,1.0,0.06852563545009632,0.9999999999999999,0.014156368389655422,0.965640235382166,0.6442060728948028,0.6442060728948028,0.7301139089181022,0.7301139089181022,0.7693729064016308,0.7693729064016306,0.6439417605777831,0.6439417605777832,0.9038462273232941,0.8281323017765136,0.9630567207776274,0.8019352962433657,0.7481140642589562,0.6784166961953898,0.38252955809622685,0.14760797811982118,0.8879222487055645,0.31399685022544094,0.1613471634895906,0.9339300383578308,0.2446865026457014,0.0701893737455454,0.9876908578859824,0.5216940859089853,0.32843691602869374,0.3059373750938573,0.3115497844612414,0.9983279505054132,0.8786262374158962,0.9901581577105285,0.8741482090766575,0.9983279505054132,0.8786262374158962,0.9901581577105288,0.8741482090766575,0.9625000335276147,0.9553463538620314,0.9629629956678458,0.955431562803058,0.9625000335276147,0.9629629956678458,0.40836294191852773,0.38004099234925726,0.8170686671211732,0.8590221079655662,0.8520947893014017,0.8308201209068684,0.21992952442583397,0.17326728115711854,BUY,0.0,0.0
0.44408945297522967,0.4319620058871658,0.4127243103684119,0.41803278560377005,0.1349841300296081,0.0,0.0,AVH,2023-03-01 00:00:00+11:00,"Pharmaceuticals, Biotechnology & Life Sciences",0.33899042763592646,0.3915830688694638,0.380952435015541,0.15375293270900328,0.3511008126422895,0.7039169208052138,0.2888773126390063,0.8226741124694332,0.24235496989239158,0.8767374054851513,0.1633617119239701,0.9113550200684913,0.07242108309216494,0.9230095226400182,0.015648570070991435,0.9053616654694452,0.7059333704625042,0.7059333704625042,0.766997669646036,0.766997669646036,0.7909224044865292,0.7909224044865291,0.6626678593975734,0.6626678593975733,0.8150289168697704,0.7765277495510127,0.8854146950313097,0.8406426838153487,0.7792509138698024,0.707564908388937,0.4181378364225576,0.15085398487459606,0.7481806185602378,0.34191958749813406,0.15217591749899667,0.7935244584051098,0.26342459600913765,0.060498388104048395,0.8946917569026813,0.5462544021583721,0.3401126789299675,0.14454383325183512,0.14936738738939906,0.9317465359917854,0.8201189800157527,0.9340933459165925,0.8035039587103618,0.9317465359917854,0.8201189800157527,0.9340933459165928,0.8035039587103621,0.849999985098838,0.9410855595186709,0.8518518354994105,0.9390938668517138,0.8499999850988379,0.8518518354994105,0.4288255740117338,0.40328088722345357,0.695326034299975,0.7138560263674959,0.7981107501201782,0.7453711991746106,0.24206802561309504,0.1735752157827175,BUY,0.0,0.0
0.4137380441746971,0.4177215132570443,0.4241435881950208,0.4262295383114039,0.04265960851038127,0.0,0.0,AVH,2023-03-02 00:00:00+11:00,"Pharmaceuticals, Biotechnology & Life Sciences",0.4651278713721045,0.5212935117317228,0.5442177179680642,0.31210358259408744,0.39347790168790725,0.5661380839338648,0.3085004804495626,0.777950753530946,0.25391416905378755,0.8593892936278658,0.1701364080904072,0.9083725615068637,0.07642782954738908,0.9255267237928827,0.0171407719076849,0.9132596144909755,0.6532519442744922,0.6532519442744922,0.77052287424427,0.77052287424427,0.7894011229299077,0.7894011229299076,0.6568076860202363,0.6568076860202362,0.8439306485839728,0.842553824331848,0.8997440054274842,0.8712812257251121,0.8112055788972358,0.7146987671191793,0.448305805673388,0.1570605476438332,0.7112798046907828,0.3669045412641238,0.1471762440895612,0.7577598497724589,0.2813034710459344,0.05263044969323888,0.8720132329751157,0.5392111776174856,0.34253954195783115,0.0462398459320243,0.04693181689929871,1.0,0.7679501010811088,0.9472104554299421,0.8379238249459311,1.0,0.7679501010811088,0.9472104554299423,0.8379238249459313,0.8812501061707799,0.9170010071770094,0.8812501061707799,0.9148304587716406,0.8812501061707798,0.8812501061707798,0.41103199933208867,0.39917972930447776,0.6398540122052603,0.64656893436914,0.8492690142349465,0.7822618849007007,0.26199267668163,0.17902814125769995,BUY,0.0,0.0
0.4329073930821212,0.4382911137227753,0.4388254668230039,0.45081967917926474,0.14077606409189636,0.0,0.0,AVH,2023-03-03 00:00:00+11:00,"Pharmaceuticals, Biotechnology & Life Sciences",0.5208613830121223,0.5762762504133893,0.5646256958739645,0.33174862306221475,0.4232742883530997,0.5444904123745467,0.33072849079672606,0.7754973524495636,0.26590467909961896,0.8845609567814832,0.17773505294110892,0.9389221943391216,0.08080271708452913,0.960290607935664,0.01875352268182276,0.9496567820879589,0.5095628755853264,0.5095628755853264,0.7602660543600216,0.7602660543600216,0.7893016809167632,0.789301680916763,0.6454645646421389,0.6454645646421387,0.8655913902688042,0.8698775355670528,0.9163111895567794,0.902584089647819,0.843967253909383,0.7217383693424623,0.47824113443612165,0.16891036668699666,0.7069692562807175,0.3938543641538062,0.14077879174144903,0.7519918691977097,0.30035806580137453,0.04507975945321269,0.8725238249415659,0.4345831570677292,0.34478069341593365,0.1864952073088006,0.15405036347327092,0.7585251340080197,0.8185350906177633,0.9464365923757165,0.9224661039917768,0.7585251340080197,0.8185350906177631,0.9464365923757166,0.9224661039917769,0.9605263529391835,0.916329130795167,0.9629629956678458,0.9148304587716406,0.9605263529391835,0.9629629956678458,0.4270462165437694,0.4155843609803811,0.6198780737650753,0.6225953917347177,0.8906874582956971,0.8211160612298996,0.27992486264331146,0.10837439985755948,BUY,0.0,0.0
0.45686899352282223,0.47468352150198867,0.46329526453630904,0.4786885445811872,0.1875534485902008,0.0,0.0,AVH,2023-03-06 00:00:00+11:00,"Pharmaceuticals, Biotechnology & Life Sciences",0.5285575773859215,0.5837628474066143,0.5782314469831783,0.3434331922730417,0.44115212193088477,0.5761093190085176,0.35608231632810794,0.7724178011722351,0.2784990293196497,0.9150333529904193,0.18612102740764053,0.9730719843444159,0.08547725458160388,0.9997713448859239,0.02045749983424891,0.9909449993077803,0.3117602201788959,0.3117602201788959,0.7453790538243702,0.7453790538243701,0.7901519209593068,0.7901519209593066,0.6408035111272146,0.6408035111272145,0.9081632330337206,0.8785946050715094,0.923973512745586,0.9355177718449526,0.8777495357271629,0.7306411909606831,0.5072547216839371,0.1882629562556089,0.7075725132164513,0.42317294628321106,0.1328726072141156,0.7485519601492419,0.3209058010475409,0.03736059861266372,0.8747591198225961,0.36542425781643795,0.36628595408449527,0.2912378489191542,0.19527034378961503,0.5929001297784388,0.8810146334864432,0.9526886237931382,1.0,0.5929001297784388,0.8810146334864433,0.9526886237931386,1.0,0.9314286368233817,0.9440489088685295,0.9351351936513125,0.943090220504744,0.9314286368233817,0.9351351936513124,0.46441272337102435,0.43335604529594285,0.6155927472976548,0.6119761760657298,0.9146859634398437,0.8398985438611888,0.299667209972034,0.033096895001021975,HOLD,0.0,0.5
0.4680511295880008,0.4588607519129648,0.46166398358248845,0.4737704773226015,0.08953803318958979,0.0,0.0,AVH,2023-03-07 00:00:00+11:00,"Pharmaceuticals, Biotechnology & Life Sciences",0.4211598343003833,0.47693559971603827,0.51020398895295,0.27930462583272275,0.4464492531282445,0.5416215024670015,0.38178345005741443,0.6807497270578371,0.29126590265945723,0.8612010420808727,0.19428728135194667,0.9372487483751478,0.09010042317586198,0.9728752254433374,0.022148444513756055,0.9742340841421491,0.21409544035363276,0.21409544035363276,0.7366598823560502,0.7366598823560501,0.7855266485468602,0.7855266485468602,0.6438995276779209,0.6438995276779208,0.8561642213797738,0.8701546726244973,0.9014807955899579,0.9546833293700203,0.9091823889466889,0.7101469677205843,0.5209995186125227,0.22569922308959056,0.6639595883550861,0.4469955087630449,0.1317759652070774,0.708061753736426,0.33907593863705193,0.03219012091849577,0.8419640218197382,0.27054989948140445,0.37398823131175896,0.1820245080500403,0.091628176090607,0.46522930341477126,0.8969914157790678,0.9691393417864294,0.9721987450341989,0.4652293034147713,0.8969914157790678,0.9691393417864297,0.9721987450341991,0.9142856597900391,0.9552948056808002,0.9189188631892263,0.9558720069473835,0.9142856597900391,0.9189188631892262,0.47330946828761855,0.4319889926562843,0.5853571136362188,0.5758882151924714,0.856319112010717,0.7835678361213522,0.32497514386202053,0.021428608732160237,HOLD,0.0,0.5
0.4648562444511027,0.46993672834974,0.46329526453630904,0.4868852972888211,0.06906973526806404,0.0,0.0,AVH,2023-03-08 00:00:00+11:00,"Pharmaceuticals, Biotechnology & Life Sciences",0.4784950654242578,0.5346053502239841,0.5782314469831783,0.34289739562166527,0.46035424620135784,0.537870994144114,0.40922115375837176,0.6378813698177037,0.30386025493615026,0.8546011883329616,0.20269156666232807,0.9394867576045206,0.09490338231761763,0.9816260883213247,0.023927357725197357,0.9887508031564114,0.11194011131657122,0.11194011131657125,0.7212992837570573,0.7212992837570572,0.7845866712196307,0.7845866712196305,0.6435094579626341,0.643509457962634,0.7920790793744468,0.8653217662193441,0.929421997396939,0.9709123022208488,0.9380604457669353,0.6878613073779996,0.522671730824317,0.28045248378974913,0.6603556580709078,0.47035801357310186,0.13085617746737604,0.6962476579076416,0.3572244830501134,0.0275721632837454,0.8327773390824436,0.23658526733460894,0.376559212082149,0.15789001887225668,0.07028096636691449,0.5480060897141733,0.9354927446215091,0.9436674964079659,0.9860852704184759,0.5480060897141734,0.9354927446215091,0.943667496407966,0.986085270418476,0.9600001743861607,0.955115685034592,0.9621623251715131,0.9556003229284489,0.9600001743861607,0.9621623251715132,0.4839856979418624,0.4442925315994235,0.5767140411341125,0.5614649034066619,0.8642086551884876,0.8134563858937199,0.34673996700740906,-0.009345896432088385,HOLD,0.0,0.5
0.4856230359269758,0.48417718325540304,0.49102774083845474,0.4983606572754759,0.06427798796356068,0.0,0.0,AVH,2023-03-09 00:00:00+11:00,"Pharmaceuticals, Biotechnology & Life Sciences",0.4725890300226904,0.5287336163219215,0.5374148424134573,0.30449666324397223,0.474921364887445,0.5269262175089695,0.4390900396865395,0.5882079040250834,0.3175760188030354,0.8410155109254009,0.21126064083647406,0.9378087139490489,0.0998347622875731,0.9865042407203347,0.02575514197213699,1.0,0.11006344083101027,0.11006344083101027,0.687592279081817,0.687592279081817,0.772892380441982,0.7728923804419818,0.6434226435537884,0.6434226435537881,0.7123285836900901,0.8709355601641174,0.9261979929483662,0.9839220098828177,0.964154410922456,0.6635754890559651,0.49480314543099696,0.37382514821405655,0.6887478065185725,0.4924583592020761,0.13377504974223792,0.6845291074576176,0.3752118793353804,0.023523231458230542,0.8229609992423048,0.24772487209610883,0.3733311694032654,0.14117355320006278,0.06587455300066437,0.5524598950981262,1.0,0.9999999999999998,0.990681827616473,0.5524598950981261,1.0,1.0,0.9906818276164733,0.9668508592948343,0.9671740468639821,0.9685864148833122,0.9669510124620463,0.9668508592948342,0.9685864148833122,0.4964411577943858,0.4429254463666591,0.5806196080585119,0.5567297594413432,0.8706468375278097,0.818351267443989,0.36545771491244317,-0.006896490489400442,HOLD,0.0,0.5
0.47763578499869536,0.46993672834974,0.46166398358248845,0.4590164318868986,0.055415098600782246,0.0,0.0,AVH,2023-03-10 00:00:00+11:00,"Pharmaceuticals, Biotechnology & Life Sciences",0.31570121460404404,0.3667823808938655,0.4081634506655283,0.18582785373098237,0.476576726279968,0.3971800387702693,0.45558739231287737,0.4530328476402412,0.3304291588443871,0.7114330872651777,0.21922548641203682,0.8355485304675464,0.10438087854820749,0.8946154320193441,0.02744282880528995,0.9244175792575211,0.2219527260803343,0.2219527260803343,0.5596510479948823,0.5596510479948823,0.7769840994857483,0.7769840994857482,0.6558116920083443,0.655811692008344,0.6582279588869899,0.7838201589802741,0.8610669761933517,0.9715220102016664,0.9821782627650026,0.593179349359738,0.4633045851999917,0.4437160604656013,0.5284469349789237,0.5037992578867403,0.14750062498971506,0.6207868435657861,0.3876266170917338,0.02525112739231883,0.7677940020856469,0.20373973344635696,0.3651847146162656,0.14400922375200037,0.05783900754278795,0.4325888740265616,0.6687222852214927,0.992871579732175,0.9676362066615916,0.4325888740265615,0.6687222852214927,0.9928715797321751,0.9676362066615918,0.834254296474171,0.939929930904294,0.8429320744165609,0.9411671272630061,0.834254296474171,0.8429320744165609,0.5266902347497826,0.45454537750720425,0.5443075964448827,0.5248297978471059,0.8384178502830624,0.8167383562381261,0.38535693309953156,-0.02189784663362837,HOLD,0.0,0.5
0.4329073930821212,0.42246834413375145,0.4127243103684119,0.42295085286235573,0.09495800614635193,0.0,0.0,AVH,2023-03-13 00:00:00+11:00,"Pharmaceuticals, Biotechnology & Life Sciences",0.3193079799428903,0.3706414102730586,0.44897956866680894,0.21808833478416115,0.4653203145922307,0.3160530299344875,0.45906051983531004,0.3590826576530992,0.3416433076529048,0.5989180280064419,0.22654948213786114,0.7445437942082752,0.10840474803907729,0.8126600090646999,0.02898064383112761,0.8560240794441463,0.21894054097774862,0.21894054097774862,0.3858274087614013,0.38582740876140137,0.8044521949923343,0.8044521949923344,0.6737963825816728,0.673796382581673,0.4895833436813615,0.7290051024284702,0.8346369959711616,0.9408224615713051,0.9895381306983283,0.5001567024800537,0.4555766500633271,0.4596772647082181,0.2780292475527533,0.5077731137697759,0.16642107445918158,0.5652978293846436,0.39588263110118144,0.030871226260210993,0.7219347767253015,0.15602678466707232,0.377382278340142,0.30798798284054707,0.09644800428585437,0.321716324153396,0.4376896378455845,0.9284154317091107,0.9298486158737855,0.321716324153396,0.4376896378455844,0.9284154317091109,0.9298486158737858,0.7127073154989205,0.8557469925612838,0.7277488041622145,0.8616257831368707,0.7127073154989205,0.7277488041622145,0.5640568264234944,0.4641147785779204,0.48470314964624545,0.48632877980348216,0.808237486757145,0.8022513405869256,0.48982782858174556,0.10025709367269586,BUY,0.0,0.0
0.4025559081095185,0.40506329758582515,0.40783035082575086,0.4262295383114039,0.05323107622893173,0.0,0.0,AVH,2023-03-14 00:00:00+11:00,"Pharmaceuticals, Biotechnology & Life Sciences",0.4479930040926162,0.5041119838474226,0.591836873713432,0.36148545432160406,0.4557192642970162,0.3556727947041858,0.456802989636917,0.3717791431165056,0.35251240405188194,0.5801881813829339,0.2336903777195269,0.7335749008862217,0.1124885474402858,0.8065223012163175,0.030459813350259574,0.8555003023577858,0.22642185405956156,0.22642185405956156,0.2712245657549892,0.2712245657549892,0.8060835198388845,0.8060835198388843,0.6717915139135695,0.6717915139135694,0.4096386580426183,0.7374253244924474,0.8469205720693038,0.9137401098283541,0.9891985685295832,0.4329940572944739,0.4564127263119471,0.4540648219656265,0.3226044521154402,0.5107143934754463,0.18582712577354266,0.5588998155543055,0.4040105770734708,0.036250887976153945,0.7172137618525587,0.13731839112117972,0.3808709663957117,0.1912536106274663,0.05365392303697863,0.33526916252164457,0.356708759404381,0.9028741210663056,0.8935114789112577,0.3352691625216445,0.35670875940438096,0.9028741210663057,0.8935114789112579,0.7237570290673091,0.7729934791210062,0.7237570290673091,0.7785501211804575,0.7237570290673091,0.7237570290673091,0.5551600390836717,0.4654818638106849,0.45797630627493513,0.47611071459334187,0.8116594770937133,0.7895058605309978,0.4879498946387646,0.1841432257813529,BUY,0.0,0.0
0.42332269958539165,0.4367088744883314,0.4241435881950208,0.44754099373021666,0.08792005789713399,0.0,0.0,AVH,2023-03-15 00:00:00+11:00,"Pharmaceuticals, Biotechnology & Life Sciences",0.5096419888392811,0.5653169590599237,0.5918367115239518,0.3594064041356935,0.4477735517142805,0.45064574875272756,0.4599288048211354,0.4158289035555829,0.3645891766859329,0.5992845282947179,0.24141719280210278,0.7563225070767087,0.11688911922471396,0.8332800075285208,0.03204975756866471,0.8849845568695609,0.24901227117013858,0.24901227117013858,0.25441444653182343,0.2544144465318235,0.802776133308052,0.8027761333080519,0.6683538271215388,0.6683538271215387,0.37974679342085405,0.7730505192712143,0.8555473767180634,0.8978691410762252,0.9852774658704344,0.4017520393806967,0.4541692204297881,0.4630709508221851,0.43070506909364614,0.5134763504136657,0.20798308767571022,0.5756885971991879,0.41295861454381116,0.041876530896499065,0.7300722735005285,0.14703166052554825,0.39051076477925595,0.2991517960286918,0.08678921254596295,0.3507861021158871,0.43059418155186746,0.9558038313576762,0.9499754881868441,0.3507861021158871,0.43059418155186746,0.9558038313576763,0.9499754881868444,0.7848837612254274,0.7561868606706874,0.795580167261835,0.7624826421126717,0.7848837612254272,0.795580167261835,0.5747329712312815,0.48598765340556394,0.47863488295741186,0.4888582293954915,0.8424908341445662,0.8000257294715113,0.48408135086546866,0.13613866235845085,BUY,0.0,0.0
0.43450479756453514,0.42246834413375145,0.41924958975862664,0.4262295383114039,0.05561851136058042,0.0,0.0,AVH,2023-03-16 00:00:00+11:00,"Pharmaceuticals, Biotechnology & Life Sciences",0.3661364930884746,0.42014540071414985,0.45578244422141584,0.224957336457206,0.43320643302819345,0.42719878742941075,0.4599288048211354,0.3650398123567413,0.37433685943805556,0.5301673073197724,0.24879611844021138,0.6981355876750189,0.12104140995202406,0.7813558249602689,0.03354521748474862,0.8429405722276124,0.23366477667675128,0.23366477667675128,0.2720692915053826,0.2720692915053826,0.8133882213986046,0.8133882213986043,0.6746135508867694,0.6746135508867696,0.33707873897414076,0.6634347951112237,0.8183624791586317,0.8718912563241856,0.9761670940997113,0.3564856968731619,0.4541692204297881,0.4630709508221851,0.28556729726744,0.513711439289247,0.228205291759488,0.5362766077618936,0.41933934039940296,0.05001021532342281,0.7017940373874486,0.14256957089447422,0.39601510732320305,0.19396508982931984,0.05426355609185834,0.2968715418694743,0.3868761112245519,0.8362701420502836,0.9327895812060412,0.2968715418694743,0.3868761112245519,0.8362701420502838,0.9327895812060414,0.4505496204165986,0.6669436646456706,0.7237570290673091,0.7611281504641912,0.4505496204165985,0.7237570290673091,0.49999991515354314,0.49965817980215,0.394762851445236,0.47322161872217866,0.7724093377352699,0.7719981312155471,0.4803675488431045,0.18925831030500562,BUY,0.0,0.0
0.42811502729073886,0.4414556676405801,0.4404567866705576,0.44918037553975426,0.05793577353142538,0.0,0.0,AVH,2023-03-17 00:00:00+11:00,"Pharmaceuticals, Biotechnology & Life Sciences",0.5152518196714302,0.5708035003766101,0.5782314469831783,0.34547351774071744,0.4312200088291835,0.5113384979234694,0.45975515279231793,0.4201220441267781,0.3852922204819145,0.5555421908073546,0.2564130741347627,0.7240825739407989,0.12539917506587928,0.810956288907669,0.035135161858511205,0.8748980060995195,0.24016226180954553,0.24016226180954553,0.26919289155299475,0.2691928915529948,0.8125022901350782,0.8125022901350782,0.6737105002675698,0.6737105002675697,0.3789472733177299,0.5867204206818983,0.8183625095770757,0.8580960623982492,0.9657066581956502,0.3447089968884747,0.45410204635219814,0.46278878540532675,0.4430775930251023,0.5138511018790788,0.25107900139756184,0.5583609767479034,0.4271186348996076,0.05688461505175452,0.7172261195488175,0.14386843432317845,0.40089382677121543,0.20058983143960843,0.05594670663263444,0.4003967036246913,0.3845670321005484,0.8848833992661556,0.9284919256996611,0.40039670362469126,0.3845670321005483,0.8848833992661556,0.9284919256996614,0.4929580870093739,0.5883755523422156,0.8011051557690053,0.7873739657098376,0.4929580870093738,0.8011051557690053,0.4359429614603636,0.5119616535590775,0.45772922454281506,0.4875644527137343,0.7177442469256401,0.778482749927058,0.47680229890163484,0.17283945093793274,BUY,0.0,0.0
0.4265175847222898,0.42879745196936103,0.42088090960618035,0.41803278560377005,0.06345834113341323,0.0,0.0,AVH,2023-03-20 00:00:00+11:00,"Pharmaceuticals, Biotechnology & Life Sciences",0.33381582005819066,0.38609652755277746,0.4557822820319357,0.22403322231111597,0.4302267888363304,0.409280359985448,0.453329866254774,0.3596201716263159,0.3946948508244967,0.4692061826665983,0.26346241942607723,0.6504060151907186,0.12940592131698314,0.7428690474980334,0.03664365401447786,0.8170075155129546,0.22660667582769764,0.22660667582769764,0.26487161672974335,0.2648716167297433,0.8345247288916562,0.8345247288916562,0.6887026573803585,0.6887026573803584,0.2710280186412146,0.4260873000267644,0.7649183130700321,0.8297965713244044,0.9508309776223764,0.3061945215059282,0.4508418048276351,0.4532295801796006,0.2830777002230204,0.5083375204610843,0.27731871744435554,0.49950020466837913,0.4317871908660739,0.0664757558552701,0.6803305728067318,0.1276371613397552,0.4088801198198992,0.24146284614527275,0.06027137904009919,0.40863364792518164,0.3048717195410231,0.8237469644624658,0.8934736407960151,0.4086336479251817,0.3048717195410231,0.8237469644624658,0.8934736407960152,0.1269840308718061,0.36441464750470187,0.6961326134233616,0.7536293588786703,0.1269840308718061,0.6961326134233616,0.39857645463310865,0.5311004231074039,0.36319035432045177,0.4625600985577414,0.5933090729347283,0.7491939972121694,0.4733796589578241,0.29274608982710504,BUY,0.0,0.0
0.4089456783833148,0.41455695933923953,0.42088090960618035,0.4262295383114039,0.023192385611967063,0.0,0.0,AVH,2023-03-21 00:00:00+11:00,"Pharmaceuticals, Biotechnology & Life Sciences",0.4651278713721045,0.5212935117317228,0.5646260202529247,0.3330480246918053,0.4302267888363304,0.43703418588680076,0.44829383735066664,0.3904300057252126,0.40496010910593677,0.46553713625563375,0.2704568352416516,0.6506735283569757,0.13348115930242904,0.7465641797431549,0.03816843664507527,0.8246539160727107,0.22971826459631012,0.22971826459631012,0.2713565736961183,0.2713565736961183,0.8268539365100365,0.8268539365100365,0.6868274787276645,0.6868274787276644,0.38636365483614293,0.49966732193606955,0.7742745209782523,0.8080604489104114,0.9339323163668325,0.28854792533200335,0.44570938960989187,0.44866839449885365,0.36563191264831885,0.49851666603058525,0.31042478353976327,0.49941041584762813,0.43672880213612447,0.07559739494850559,0.6829694122584659,0.11215870506829076,0.40450214924625677,0.09744884290934254,0.022228126935370556,0.41785828329988256,0.3221433810709535,0.8662193302099772,0.8706093661136933,0.41785828329988256,0.32214338107095347,0.8662193302099773,0.8706093661136936,0.20634942860894842,0.28128450867740806,0.7237570290673091,0.7536293588786703,0.20634942860894834,0.7237570290673091,0.37010673514567627,0.5365686662591442,0.3537241676436967,0.4546362152626305,0.6556812054395562,0.7372038828541703,0.4700939246117657,0.21739133616171347,BUY,0.0,0.0
0.4361022782190193,0.4414556676405801,0.4461663866901289,0.44426230828116847,0.06300821267914368,0.0,0.0,AVH,2023-03-22 00:00:00+11:00,"Pharmaceuticals, Biotechnology & Life Sciences",0.49842259466643957,0.5543032789925367,0.5238094156832037,0.29166640859882875,0.4295646474366605,0.5003519541771655,0.44377876867330146,0.4444850405776879,0.41634678103423123,0.47988207611374945,0.2775611108817945,0.6684716085191994,0.13771050277160335,0.767266413275053,0.03980399405262455,0.8479254426506757,0.22292011200580067,0.22292011200580064,0.279528090213472,0.279528090213472,0.8225218560388818,0.8225218560388816,0.6843279823641759,0.6843279823641758,0.584415479863699,0.518718318410829,0.8015547628164198,0.7961153996203253,0.9176666807346117,0.29406985030164395,0.43405568729770366,0.4526001532261479,0.5141744738603757,0.48322310376232086,0.35230842658804024,0.5200882028561701,0.4426975496345931,0.08365093603115842,0.6949730253000084,0.09932203013578281,0.3994254765669558,0.2898022587985351,0.061032722669910854,0.41193690578552145,0.3299245608750702,0.9158259868939549,0.8578043667802158,0.41193690578552145,0.3299245608750702,0.9158259868939551,0.857804366780216,0.3809524710576818,0.24315578185464298,0.7845304536934464,0.7480052204932062,0.3809524710576818,0.7845304536934464,0.38790026740209305,0.5557074032143647,0.45301464732908664,0.4813943327379415,0.6644378265931699,0.7600109158537234,0.4669396196395498,0.1890547842009378,BUY,0.0,0.0
0.42971246985918793,0.4177215132570443,0.4159869500635192,0.42295085286235573,0.048176180321414366,0.0,0.0,AVH,2023-03-23 00:00:00+11:00,"Pharmaceuticals, Biotechnology & Life Sciences",0.3657853519608505,0.41977827682115054,0.4625851575865427,0.23112515633731884,0.4289025060369906,0.4303102804625212,0.43579058075408295,0.41058493526404494,0.4272158774332084,0.4155955058622458,0.2839696067599146,0.6170357104595151,0.14181998642010007,0.7185870685334025,0.04129945396870846,0.8072670408129086,0.2231441129379357,0.22314411293793573,0.2794424568276146,0.2794424568276146,0.8262090221021899,0.8262090221021898,0.6945002449927626,0.6945002449927625,0.48863637595137127,0.4264185168019262,0.7729514254504295,0.7743729644918905,0.8996546038535884,0.2788355261535213,0.4077983104175394,0.46597041958728724,0.3496085058702595,0.44965608725884526,0.4145381807840967,0.43307264769474446,0.44698446226701766,0.09231558947203844,0.6680951879719038,0.09548711612383728,0.3977232364356362,0.22803082288925447,0.046833228415680266,0.41174003153338573,0.2877372316845063,0.9063644762015912,0.791829413263879,0.4117400315333858,0.28773723168450627,0.9063644762015914,0.7918294132638791,0.1746034208909969,0.25936627896303377,0.7127073154989205,0.7536293588786703,0.17460342089099679,0.7127073154989205,0.38434159488939246,0.5570744558540233,0.34843638749702227,0.428453720906394,0.5718974863423482,0.7646642511740478,0.4639114868662224,0.20308475633162204,BUY,0.0,0.0
0.41214060160624805,0.4034810206269227,0.40783035082575086,0.4081967292566257,0.03794669475361629,0.0,0.0,AVH,2023-03-24 00:00:00+11:00,"Pharmaceuticals, Biotechnology & Life Sciences",0.38596894408683113,0.440782590974649,0.4761904221273161,0.24303982843803593,0.42062572275441984,0.40737697512465854,0.43040723123118196,0.3863166054935854,0.43273668719258523,0.3758726837499833,0.29008514223276355,0.5788826902519298,0.14569831143476353,0.6828425258559513,0.042710203665284746,0.7780022905707455,0.18760523830371578,0.18760523830371578,0.24911992448445194,0.24911992448445197,0.6205950632209993,0.6205950632209993,0.6997874619626621,0.6997874619626617,0.3571429179638949,0.3333317646927468,0.7679390818594386,0.7481363711081466,0.879211963899911,0.2576335614514896,0.40143400626407694,0.4620931980921267,0.2094607810996394,0.4295973243189211,0.44967627973352525,0.3085241348523746,0.4498304842914826,0.10217237328078266,0.6485191076271315,0.08518706391069461,0.33385236741677754,0.19483903021380528,0.042630722286907334,0.344023686281848,0.31616368758502655,0.6393996962335363,0.7724738070446412,0.3440236862818479,0.3161636875850266,0.6393996962335363,0.7724738070446413,0.031746007717951524,0.19992813310841498,0.645348854939188,0.7270238476702131,0.03174600771795155,0.6453488549391879,0.35409251793399554,0.5570744558540233,0.31311281547222913,0.36515402654105844,0.4253558579046298,0.7650674314779142,0.46100447940382816,0.22105261176576874,BUY,0.0,0.0
0.3913738101303749,0.41139240542143474,0.40293639128308983,0.42786888103592796,0.03615239879382451,0.0,0.0,AVH,2023-03-27 00:00:00+11:00,"Pharmaceuticals, Biotechnology & Life Sciences",0.5059810633793116,0.5617291631138241,0.6462585806344463,0.419860198239994,0.4226121548467778,0.4681967529348503,0.4309281997385034,0.4340085981622208,0.43472072877829765,0.41147050340761826,0.2967865985161549,0.6005924258734211,0.14977354942020943,0.7068059492234738,0.04419588934319754,0.8043735263959784,0.17397207260537398,0.17397207260537398,0.22627543497832023,0.22627543497832026,0.4148745593604837,0.4148745593604836,0.6960972223425543,0.6960972223425544,0.5060240860029731,0.3905315187762727,0.7092929591655874,0.7340817489462771,0.8596260591745002,0.26510692030938743,0.40159163287627825,0.4629896463223403,0.4705782839408821,0.42673154414309417,0.4572099494485404,0.3927015588800545,0.453001056051125,0.11290733920306983,0.6641076813517315,0.07111674906761839,0.27421252266330326,0.20993924481502632,0.0475218059972672,0.43645086929053895,0.39410625341850003,0.504060943240438,0.8250313030346375,0.43645086929053883,0.3941062534185,0.5040609432404382,0.8250313030346376,0.2575759327225963,0.15792853972601004,0.46153862276829694,0.6174260554313912,0.25757593272259627,0.46153862276829694,0.36476870516501103,0.5010252650349145,0.3589363186098694,0.3528016959282134,0.5079313164400997,0.7234656796131458,0.45821375223992966,0.2244898207432917,BUY,0.0,0.0
0.4361022782190193,0.4382911137227753,0.4420881065181112,0.4606557355264091,0.06889541319771297,0.0,0.0,AVH,2023-03-28 00:00:00+11:00,"Pharmaceuticals, Biotechnology & Life Sciences",0.5486236596877245,0.6031645081361859,0.5918365493344716,0.35819359561988257,0.4295646395433124,0.5559155788928583,0.4345749792897535,0.5065486211801891,0.43541082948405413,0.47540250805044226,0.3040739729908239,0.6432976967289775,0.15419124403616297,0.7519158365818278,0.045886834100383384,0.8507385440958786,0.22038640232184417,0.22038640232184417,0.2635160359079938,0.2635160359079938,0.352135906651329,0.35213590665132904,0.7032126657930673,0.7032126657930672,0.5393256560794571,0.43347320539964596,0.6498337209849406,0.7355997488584742,0.8443063921723024,0.3023215981079974,0.4108678580076845,0.45996909880835624,0.8036102884477219,0.42790240883454483,0.45728772359044606,0.5733764719643097,0.45788232423796743,0.12275207512216307,0.6925740271771965,0.09466678734924644,0.23145569121336196,0.3281429852347617,0.10313605456661538,0.4820999268480988,0.437228227063108,0.4630071858280839,0.8587111846685063,0.4820999268480989,0.43722822706310804,0.4630071858280839,0.8587111846685064,0.560606016819351,0.2893307681587177,0.5915492342899742,0.5763146187292362,0.560606016819351,0.5915492342899742,0.3647686203185543,0.44771014690201716,0.5311506579182655,0.466507534652774,0.5057255259711202,0.6718136255785617,0.4539134152563359,0.10194176892239204,BUY,0.0,0.0
0.4376996827014333,0.4351265598049706,0.4274062278901281,0.442623004641658,0.04955276951135858,0.0,0.0,AVH,2023-03-29 00:00:00+11:00,"Pharmaceuticals, Biotechnology & Life Sciences",0.37815462556550294,0.4326740873109543,0.5102043133319104,0.27841068818070486,0.42923357673682555,0.4959244505207385,0.4340540149227218,0.4632197988588289,0.43670477242067235,0.4371021257848311,0.3105190896835552,0.5999436581414227,0.1584805178239166,0.7102811964191035,0.04754519821902284,0.8155724297265197,0.2319400889005095,0.2319400889005095,0.26266109117880143,0.2626610911788014,0.33738978513810514,0.337389785138105,0.702128569469411,0.7021285694694109,0.5925928324284707,0.3803046227632652,0.5402689331754983,0.7265619896563371,0.8299724693142265,0.3109203103916012,0.409602819078913,0.4603322161053358,0.6102288760693092,0.4277215645157287,0.46022082526983016,0.4652948948900476,0.4616743852493565,0.1321288123924368,0.668508376887925,0.0877334129441679,0.21361666906244636,0.24920791543577708,0.07874162416281749,0.4148829357014414,0.37991446997731254,0.4814044696000224,0.771431898055437,0.41488293570144136,0.3799144699773126,0.4814044696000226,0.7714318980554371,0.4561406150528244,0.4338023280053699,0.39393983180649084,0.49100635007940796,0.4561406150528243,0.39393983180649084,0.3807828799534634,0.4217361141553977,0.5002767005796749,0.4161251327702474,0.418666380407859,0.5660820614088152,0.44987109849175777,-0.08977558926842955,SELL,0.0,1.0
0.4329073930821212,0.427215212734917,0.43393150728034285,0.4360655946585483,0.041419368048074695,0.0,0.0,AVH,2023-03-30 00:00:00+11:00,"Pharmaceuticals, Biotechnology & Life Sciences",0.41483657950993247,0.4704827216786488,0.5034012755878233,0.2715755292679511,0.4318821423355053,0.46477947773260864,0.4350959519373647,0.44456086698557384,0.43722234794998965,0.4231225418873972,0.3161951858581296,0.5782911675580066,0.1627012998773283,0.6888799536810316,0.04919378794413368,0.7990604979754921,0.2085703598293842,0.2085703598293842,0.24696719993986796,0.24696719993986793,0.33759814852576786,0.33759814852576775,0.6830172797018161,0.683017279701816,0.5374999776482503,0.43552494880786585,0.578075888101337,0.7144916775374623,0.8157298208150225,0.3117165027458646,0.4102890392383886,0.4617031793935351,0.5239211358540575,0.42763678684264744,0.4614086543577229,0.42411903784965577,0.46545296399125496,0.13982669483393917,0.6567383897329299,0.0842517357751798,0.21335769300324126,0.21431957196454743,0.06587608273851067,0.4424571154716113,0.40126243003556794,0.4587050380448555,0.6900783814012112,0.44245711547161126,0.40126243003556794,0.4587050380448556,0.6900783814012114,0.5641028305796997,0.5381495989249271,0.33333345374678497,0.44750369108609456,0.5641028305796997,0.333333453746785,0.357651275293153,0.39986327192086,0.5060693411405734,0.40205599284498184,0.428478789072477,0.6086444912313466,0.44607132073305444,-0.06801007027222417,SELL,0.0,1.0
0.4265175847222898,0.42088610489930744,0.4274062278901281,0.429508223760452,0.03715391794959938,0.0,0.0,AVH,2023-03-31 00:00:00+11:00,"Pharmaceuticals, Biotechnology & Life Sciences",0.41461626330894147,0.4702575505063454,0.5034014377773034,0.2713062304260295,0.43618606932670817,0.42845346894337544,0.4330120737677893,0.4332101462980871,0.4361009343031354,0.41218165998679934,0.3215050826174754,0.5576929060504386,0.16679366069429952,0.6681747784463864,0.05089450701716944,0.7825538004776695,0.1943913858801983,0.19439138588019833,0.22658857514415595,0.22658857514415592,0.3222397764614855,0.3222397764614854,0.6842723374301412,0.684272337430141,0.43835620464942493,0.49781362133733387,0.5535109554329816,0.7001830045492706,0.801045491487679,0.3078636912582157,0.4065608734862967,0.46164061703933446,0.4692114427189037,0.4270273636124528,0.4597653290897244,0.3928816692967297,0.4687171428998513,0.14737319042084623,0.6452966061698585,0.08384323058264398,0.19172023166417046,0.1929021430913357,0.0638591540557977,0.4587781936122992,0.3590980288064974,0.41298274192872125,0.6580376356389427,0.45877819361229927,0.3590980288064974,0.41298274192872136,0.6580376356389428,0.46153879071609966,0.5044253327880478,0.27272743692743406,0.33932087727169497,0.4615387907160996,0.27272743692743406,0.32384344097859863,0.39712916664154274,0.4451984429586337,0.37345035854213676,0.4649276281037955,0.5751974927901392,0.44249952963987316,-0.09160308585222354,SELL,0.0,1.0
0.44568693362971373,0.45727843722960404,0.45024470575587966,0.44918037553975426,0.11363800389904065,0.0,0.0,AVH,2023-04-03 00:00:00+10:00,"Pharmaceuticals, Biotechnology & Life Sciences",0.5036898482291675,0.5594807619386084,0.5034014377773034,0.2720987903005205,0.440489996317911,0.48003866735996237,0.43631154926140436,0.4740492346077345,0.43454820771518315,0.4542264056219514,0.32736427937275253,0.5800339381014871,0.17104012719911954,0.6907658343372988,0.052679936387391574,0.8070585443182143,0.19313647357792346,0.19313647357792346,0.19971235868866108,0.1997123586886611,0.3123558214352271,0.31235582143522705,0.6835566431044056,0.6835566431044057,0.6111111663005948,0.5322611813258683,0.5452481482571088,0.6960200962763254,0.7883407872923021,0.325132094058958,0.40973829674882817,0.46483963406908413,0.6720118944237071,0.4231656510906226,0.461029903653109,0.5169703612077189,0.4725236116807207,0.15543931520454762,0.6614863666182937,0.12377032213209047,0.17628586134463525,0.44284455271796064,0.20724385811953627,0.45752554202682105,0.43302301792632863,0.40281457010307925,0.6972911676294138,0.45752554202682094,0.43302301792632875,0.40281457010307925,0.697291167629414,0.6122455731974574,0.5575662691080893,0.4545458486258417,0.35988574920905686,0.6122455731974574,0.4545458486258417,0.3558718329787317,0.4107996930381289,0.6451776853615749,0.48325490521013953,0.5933345636422747,0.5651041675164791,0.38654146918003374,-0.10370371765778541,SELL,0.0,1.0
0.4632587637966186,0.48101262933759825,0.4730831836216311,0.4950819718264278,0.16180863256216357,0.0,0.0,AVH,2023-04-04 00:00:00+10:00,"Pharmaceuticals, Biotechnology & Life Sciences",0.5883578085872929,0.6410896381720885,0.6190477271739391,0.3813041921019968,0.44744248890779365,0.6085682027664192,0.4436051125041943,0.5688422376443594,0.4356696234186999,0.5433420213985853,0.3346882746620326,0.6423187978760124,0.17552631314117456,0.7552340198507753,0.05463804388762536,0.8714548327414198,0.2355561008723357,0.2355561008723357,0.26355541266327287,0.2635554126632728,0.3644765035414157,0.36447650354141564,0.6806174996297774,0.6806174996297772,0.7912089006147796,0.5765507957163567,0.5745910434461253,0.7115899589861465,0.7817572389740641,0.37852734732469784,0.43337010663594316,0.45302134720783904,0.9068932560241127,0.4277215548258269,0.45804406875122655,0.7670030381428956,0.4780865208487179,0.16449519930988254,0.7045557448579953,0.17164701627006387,0.1913767695924547,0.48539156721641075,0.278468918221671,0.4788255463925196,0.48758040006781345,0.4737709326023953,0.8151415103517838,0.47882554639251956,0.4875804000678135,0.47377093260239544,0.8151415103517841,0.9062500698492078,0.6740393451090004,0.8787879663612982,0.5449697192216204,0.9062500698492076,0.8787879663612982,0.375444722703113,0.417634923643316,0.7776099076215053,0.6039416850955563,0.6438130565743998,0.555143230121931,0.38807511476085965,-0.2101616312808705,SELL,0.0,1.0
0.48402555527249164,0.47626583618534957,0.48450246144824,0.4967213536359654,0.06636518941480858,0.0,0.0,AVH,2023-04-05 00:00:00+10:00,"Pharmaceuticals, Biotechnology & Life Sciences",0.44178161711342934,0.49785068585878034,0.5374151667924175,0.3045112252790221,0.4583678298956961,0.576411179094134,0.44916211819620244,0.5590816739240847,0.4361871989480172,0.5455457669588386,0.34197565088287823,0.6314734960206653,0.17974709539870642,0.7474798326233886,0.05656682882870326,0.866654644154303,0.20220736799953973,0.20220736799953976,0.25891802228864136,0.2589180222886414,0.3613043127120672,0.36130431271206714,0.6811632933349763,0.6811632933349764,0.7625001415610819,0.6320949475367114,0.5855127874005529,0.7226374000591759,0.7790307062553017,0.4121723530911821,0.44942258056798384,0.4462379419708391,0.8048591503158677,0.4299833178388219,0.45647943958785825,0.7628094211492851,0.48315886892128596,0.1740961648220955,0.7001614185675645,0.18031018703244325,0.19081203021464638,0.1911196416260374,0.11445425788450085,0.516292019965129,0.46150376213349775,0.4574244681142369,0.8085055923867632,0.5162920199651289,0.46150376213349775,0.457424468114237,0.8085055923867634,0.9218754307367806,0.8307462195341924,0.8939398318064907,0.7557599017321919,0.9218754307367806,0.8939398318064907,0.36120986295939683,0.4135337983174461,0.7089717344543528,0.6007624033867449,0.7230764448314262,0.6308081662635487,0.39202002781699286,-0.21889401250763596,SELL,0.0,1.0
0.47923326565317953,0.47784807541979346,0.48287110270695327,0.4983606572754759,0.03447402145915789,0.0,0.0,AVH,2023-04-06 00:00:00+10:00,"Pharmaceuticals, Biotechnology & Life Sciences",0.4417697037601525,0.49783865978743186,0.5646256958739645,0.32949408676741004,0.4709485243827734,0.5398417964443429,0.45715030611542107,0.543602811233775,0.4361871989480172,0.5488023513398104,0.34933626611368124,0.6207451061298527,0.18400212291104856,0.7397808568158645,0.05845325850466984,0.8620763041098833,0.18913660058363976,0.18913660058363974,0.23028434399798933,0.23028434399798936,0.3588001764327067,0.3588001764327066,0.6801374388668555,0.6801374388668556,0.6885247119042073,0.5959653452842655,0.5673042825898731,0.7300157015555551,0.7785460850192707,0.4317286973213437,0.4618840545581156,0.44855896375375226,0.7453259326551882,0.4299833178388219,0.45647943958785825,0.7717226480226642,0.4875223393338572,0.18476302296346048,0.6962048988348117,0.17673136114960003,0.18458862916575858,0.10094667373904373,0.060871557362939505,0.5323482620434816,0.49773834899181846,0.4438919630847707,0.8154889400649048,0.5323482620434816,0.49773834899181835,0.44389196308477075,0.815488940064905,0.9375000465661384,0.9414686940956958,0.9090909747709737,0.9099964412624069,0.9375000465661385,0.9090909747709737,0.34341633070298005,0.40396439724672994,0.6577697758223942,0.5948283594813795,0.7135778131679108,0.6173418497496349,0.3958071443508808,-0.20919537180747927,SELL,0.0,1.0
0.49361021068318617,0.5079113753633974,0.5040782996188842,0.5229508372283505,0.09083467850013734,0.0,0.0,AVH,2023-04-11 00:00:00+10:00,"Pharmaceuticals, Biotechnology & Life Sciences",0.5123502420030982,0.5679673853951437,0.6054423004436855,0.3654982571213622,0.48981957006006344,0.5560856382128465,0.4693062503737905,0.5726790522211875,0.4395514419452427,0.5905787884757394,0.35669688134448424,0.6466142043733395,0.18826571204327364,0.7687065799289131,0.060284300830999865,0.8928046273039121,0.16206327841465307,0.16206327841465304,0.2120447092501027,0.21204470925010271,0.3329104194455219,0.3329104194455218,0.6685583105786246,0.6685583105786245,0.876922845558336,0.7309372054816928,0.5880316643015925,0.744704611408447,0.7815360321964997,0.4620375906315186,0.47689998158019115,0.45658044577534296,0.8003571474862569,0.44285720683324953,0.44845306819315106,0.820284688988809,0.4939468367223034,0.19280048178363218,0.7159506622818046,0.20439219748216625,0.1919846330051888,0.23541549427120645,0.15597044605227237,0.5913412246074692,0.5595752172672499,0.5354916045190851,0.7857861202283769,0.5913412246074692,0.5595752172672499,0.5354916045190852,0.7857861202283771,0.9259259913356916,0.9481667317696985,0.9259259913356916,0.925991345693563,0.9259259913356916,0.9259259913356916,0.3451956881709446,0.4149008835502105,0.6949056403929763,0.6723720821355047,0.8093580510726475,0.6292635574093247,0.3994427762234132,-0.2555555767483182,SELL,0.0,1.0
0.549520738664939,0.5617088674149954,0.5595432522231754,0.5639344444264653,0.13774863379241106,0.0,0.0,AVH,2023-04-12 00:00:00+10:00,"Pharmaceuticals, Biotechnology & Life Sciences",0.5585711323114863,0.612720081252821,0.5374151667924175,0.3039756357605992,0.5129945348352081,0.6073151401705186,0.48371972483055303,0.6331829992893556,0.44697003070211233,0.6553897746591861,0.36468003645426433,0.6964033103932793,0.19278614405661998,0.822316543442661,0.06232711855074127,0.9471840246993768,0.18001232565258596,0.18001232565258596,0.2331709463552238,0.23317094635522378,0.3159491158549038,0.31594911585490376,0.6763581012486166,0.6763581012486165,0.9534884107764103,0.7692548450139403,0.7180480794173276,0.7722890527383168,0.7902708995391168,0.5121509145493061,0.507337595793161,0.45172299286452255,0.8527990992745585,0.4659922274844383,0.43691623773090976,0.8668509094508352,0.5034160989461407,0.19832651244437405,0.7506460619324662,0.21681601898759606,0.20091979393203097,0.3394796201611321,0.22890723061871038,0.6245949014596495,0.5853793458636896,0.6573045039500356,0.8093324216708893,0.6245949014596495,0.5853793458636896,0.6573045039500356,0.8093324216708895,0.8695651452798309,0.9303593694578915,0.8695651452798309,0.9177205116536324,0.8695651452798309,0.8695651452798309,0.3967970971651441,0.4367737909709599,0.7485154339824518,0.7488453335136003,0.8742638050157188,0.7144685162153273,0.4062743309414849,-0.2905263398822985,SELL,0.0,1.0
0.5463258535280409,0.539556989990362,0.5350734156161372,0.5622950626169276,0.052198689853056486,0.0,0.0,AVH,2023-04-13 00:00:00+10:00,"Pharmaceuticals, Biotechnology & Life Sciences",0.4320981500768236,0.48805403394589203,0.5442177179680642,0.30967964987910274,0.5265684414217904,0.5601636694811529,0.49448641559577544,0.6035470790475732,0.4541298296376611,0.6368886177514042,0.3725899508079104,0.6792447702307537,0.19704973278060461,0.8090275441573945,0.06438948459146757,0.9365542409606564,0.14723320601257214,0.14723320601257212,0.21969931531395478,0.2196993153139548,0.3174377900997055,0.31743779009970546,0.677169753375289,0.6771697533752891,0.9879515338211051,0.7440642830243395,0.7941890046988302,0.7905908142972501,0.8014671954510152,0.5336221210485806,0.5296326270027694,0.448596688479566,0.7627203980184416,0.4837142046233644,0.4311846315605819,0.790444991837242,0.5119086009525851,0.20493713526104773,0.7396542296933489,0.16033577067136404,0.20070422012733186,0.16559202078636734,0.08680993487513339,0.5311166608811309,0.5279575943083745,0.6488062844231323,0.8029953769232667,0.531116660881131,0.5279575943083745,0.6488062844231324,0.8029953769232668,0.8608692947993656,0.9042728828517326,0.8608692947993656,0.9013579007238222,0.8608692947993656,0.8608692947993656,0.39145910960770725,0.42310326457437397,0.6480768157599318,0.6454818154083807,0.8066656446103029,0.7325677684238184,0.41909319904580145,-0.30379744479653936,SELL,0.0,1.0
0.5383386787718305,0.5348101213891964,0.5252854965308151,0.527868904486936,0.08585817200769504,0.0,0.0,AVH,2023-04-14 00:00:00+10:00,"Pharmaceuticals, Biotechnology & Life Sciences",0.3395404547383748,0.392165455781974,0.43537430412603545,0.21794532390529114,0.532858792612003,0.4403448182152756,0.5035165446699267,0.5051216528302356,0.4583567026304069,0.5617313914641764,0.3798040871457102,0.6136008838327355,0.20121058533191788,0.7454381302366727,0.06637039888047033,0.8773386277339656,0.23049130460709066,0.23049130460709066,0.24921780317195444,0.24921780317195447,0.34159222060329064,0.3415922206032906,0.692509590726573,0.6925095907265729,0.7608696891590507,0.7036931442569547,0.7140421603852692,0.7867408052412881,0.8095389411169112,0.5063664596873153,0.5346027251470957,0.4615897779590342,0.6084568836183297,0.4915901473549647,0.43083476426232653,0.6627803415184779,0.5168118911573403,0.21459225127757303,0.6965066396302214,0.1703801924643036,0.20027367532702395,0.2591349056155468,0.14301004436359233,0.47022297086720094,0.5084483855448516,0.560972873291136,0.7641470667839888,0.4702229708672009,0.5084483855448516,0.5609728732911362,0.7641470667839889,0.6782609957602961,0.8199632624847646,0.6782609957602961,0.8173200578714087,0.6782609957602961,0.6782609957602961,0.40035585452430156,0.4381408110175127,0.5872089173762849,0.5785504874453614,0.7669716311925165,0.7059149680628118,0.43088655770177275,-0.2516556406412186,SELL,0.0,1.0
0.5191693679504414,0.526898698870226,0.5154975774454931,0.5409836462831286,0.06407790619873738,0.0,0.0,AVH,2023-04-17 00:00:00+10:00,"Pharmaceuticals, Biotechnology & Life Sciences",0.4754513175741134,0.5315812202311334,0.5714285714285714,0.33367373423257984,0.5414666465944087,0.45386643226569223,0.5146305519136533,0.5099600463402214,0.46439508997576356,0.5748078811602548,0.38727456307417013,0.6208376952729734,0.20533719181193993,0.7560114696044776,0.06846860410520586,0.8891146247562671,0.23000572754460924,0.23000572754460924,0.23977493067422076,0.23977493067422073,0.32502730996468765,0.32502730996468754,0.6922224360653786,0.6922224360653785,0.6944446468059517,0.764106770366286,0.7037433390143519,0.7868514789745602,0.8160217865422459,0.4925063763204446,0.5374726386070412,0.481274522997562,0.6288301232095393,0.5005348357423516,0.4330406251500311,0.6769264301111714,0.5219739634046858,0.22448257098288327,0.7044565349204217,0.18563460022960973,0.20204009144150203,0.1801057261786623,0.10605476964557331,0.4893505410676924,0.5380111446294508,0.6167113475382093,0.7780630042375386,0.4893505410676925,0.5380111446294509,0.6167113475382096,0.7780630042375387,0.747826141040127,0.7785211151701773,0.747826141040127,0.7760115019992446,0.7478261410401268,0.7478261410401268,0.4217081017166474,0.43950783106406544,0.5691281786204715,0.5547483907083126,0.740641590287244,0.6398434603478191,0.4417364476652663,-0.26030369044022206,SELL,0.0,1.0
0.5191693679504414,0.5126582439645629,0.5220228568357077,0.5229508372283505,0.025878055827031645,0.0,0.0,AVH,2023-04-18 00:00:00+10:00,"Pharmaceuticals, Biotechnology & Life Sciences",0.3843789217393827,0.4391351082233631,0.4965985622226965,0.2688571051629029,0.5414666465944087,0.4016778558913554,0.5245289618333401,0.44923385574840236,0.46827690850230635,0.5328519702697421,0.3939760184844732,0.5825843706220796,0.2092240782423661,0.7195027457648911,0.07046255055641268,0.8551489746173708,0.23276633662561408,0.23276633662561413,0.2541896026841175,0.25418960268411755,0.3268386655180262,0.3268386655180262,0.6953886972059558,0.6953886972059556,0.597560918877176,0.6854486391262259,0.7105228256293928,0.7761270135141223,0.8187420236352674,0.45968489147736546,0.5277286842236273,0.5127960772117423,0.5214670038188527,0.505896465567031,0.43491441110280976,0.6124009674284882,0.5258483636180011,0.2343196107505655,0.6794614866910074,0.15216349270337642,0.19534608197276226,0.08565367809205406,0.043885239703809836,0.41785828329988256,0.522850732580197,0.5511496525742696,0.7158502733734124,0.41785828329988256,0.5228507325801971,0.5511496525742698,0.7158502733734124,0.5999999046325684,0.6897164813169865,0.6521738589598731,0.7051968347898204,0.5999999046325684,0.6521738589598731,0.40925259944089576,0.4313055152261138,0.5356417567298318,0.5255055146902987,0.7090871803341428,0.6529918381533139,0.4517183464316804,-0.235555542839898,SELL,0.0,1.0
0.5063897512307787,0.4936708450088174,0.48939645988463415,0.501639342724524,0.07202543814242401,0.0,0.0,AVH,2023-04-19 00:00:00+10:00,"Pharmaceuticals, Biotechnology & Life Sciences",0.3733511640251762,0.42767504735054646,0.4625851575865427,0.23834063038029324,0.5288859442139833,0.37463154436598156,0.530085959244769,0.3915459762258706,0.47267630461482885,0.48419118091939617,0.3998352143666621,0.5415203932194174,0.21311096467279234,0.6785992406379454,0.07234898023237926,0.8171867522858729,0.1399190290924115,0.13991902909241152,0.2734945479531721,0.2734945479531721,0.3083857225539094,0.30838572255390934,0.7001040588513516,0.7001040588513517,0.5106382870792864,0.5740457094046238,0.6365205254747047,0.7555686466451779,0.8161909157352623,0.41370259555104494,0.5160752761566068,0.5375249800354234,0.34285646205886944,0.5070381987136421,0.44282646519242813,0.5430869809023567,0.5284739751011485,0.24389223760568135,0.65149181120881,0.11829738239713367,0.19713498750330383,0.2906173770214798,0.12134562086381254,0.32216870349677573,0.460950850499273,0.5714341990395517,0.6539849926332968,0.32216870349677573,0.46095085049927287,0.5714341990395517,0.6539849926332969,0.4699997901916504,0.6188206200029303,0.5391302905596617,0.6579869159539672,0.4699997901916504,0.5391302905596616,0.41281131437682483,0.4299384625864552,0.4653060649726972,0.4748257322549372,0.6327464932310515,0.5928715281587188,0.46090169329678143,-0.17620137324740515,SELL,0.0,1.0
0.48242815079007767,0.47626583618534957,0.48613382018952683,0.48852460092833155,0.03214854283404161,0.0,0.0,AVH,2023-04-20 00:00:00+10:00,"Pharmaceuticals, Biotechnology & Life Sciences",0.39656230353267136,0.4517276670138042,0.51020398895295,0.27970076524030224,0.5139877548280611,0.3778004678392164,0.5293913345683402,0.3644526165092816,0.4759542850238348,0.4535075784357647,0.40558455042428215,0.5133797157170666,0.2167923767166734,0.6510501688447804,0.0741148608932228,0.7920390892801603,0.13129387189083713,0.13129387189083713,0.21066509247745516,0.21066509247745518,0.3147043885369849,0.31470438853698485,0.7001815839962338,0.7001815839962336,0.3793103070283615,0.5870244000798123,0.6725550944919922,0.7312075779629239,0.8085483188501099,0.3692891956445048,0.5170940365639045,0.5349319469336826,0.26266364221492944,0.5070555075645866,0.44969927848273533,0.49700060075760477,0.5295598265344716,0.25518695329431007,0.6328694973597735,0.10796586269717101,0.19900513315125407,0.1390061474850788,0.053794929046553905,0.3043026879114938,0.37821552480777193,0.5377081633605687,0.6537488151591881,0.30430268791149384,0.37821552480777193,0.5377081633605687,0.6537488151591881,0.3899998664855957,0.497010118301106,0.46956514527983084,0.5635672189784977,0.3899998664855957,0.46956514527983084,0.39323833980598666,0.417634923643316,0.42118678758504796,0.4490647777633957,0.6417395378517274,0.6064273232351018,0.5665101822454425,-0.11421911745777547,SELL,0.0,1.0
0.4712460147248991,0.46993672834974,0.46655790423141646,0.4803278482206977,0.044294682910374694,0.0,0.0,AVH,2023-04-21 00:00:00+10:00,"Pharmaceuticals, Biotechnology & Life Sciences",0.4111517998235172,0.4667137351898276,0.5238094156832037,0.292010792507903,0.5043866808528024,0.3806868322684558,0.5276547645966895,0.3500181675140601,0.4778520619646653,0.4347365209249052,0.4107845864859711,0.4936819808545371,0.220542280086656,0.6310892567361556,0.07579603133455878,0.7745847458910444,0.10111328739888811,0.10111328739888811,0.21243572614306608,0.2124357261430661,0.31090089736267146,0.3109008973626714,0.6987625109744628,0.698762510974463,0.11940285760647697,0.5826415837211628,0.6435944895917366,0.7063453585812639,0.7967172935840793,0.33275325395779587,0.5196849140048414,0.5283993288455119,0.2385939590937226,0.5072074348905977,0.4535118189798441,0.4671352370824357,0.5304109673709889,0.26556963893569746,0.6197052289886847,0.0865488623130388,0.19509753914781341,0.2249120884027618,0.07518577580315067,0.3412854067035027,0.3652744314888583,0.49672035206003545,0.6114667876570821,0.34128540670350277,0.3652744314888583,0.4967203520600355,0.6114667876570823,0.3399996757507324,0.40850136258686054,0.4260867221594502,0.48685118880538436,0.3399996757507324,0.4260867221594502,0.4056938845049667,0.42720432471403214,0.3714741144029656,0.4218031061975023,0.6383574368641431,0.5945651564924516,0.5645070528057594,-0.03066029354276978,HOLD,0.0,0.5
0.4696485340704149,0.47468352150198867,0.47797718205802525,0.49344266818691734,0.03683547483000267,0.0,0.0,AVH,2023-04-24 00:00:00+10:00,"Pharmaceuticals, Biotechnology & Life Sciences",0.478100922960861,0.534213980310954,0.5850343225377852,0.3489053595283978,0.4947856226642399,0.44933177495024923,0.5271338002296576,0.3795879951012908,0.4815613573714313,0.4526523266553455,0.41649730347515673,0.5044325228351564,0.2246003952405765,0.642320964581344,0.07750326664405408,0.7879768075165146,0.10441595460985753,0.10441595460985753,0.2194210222311148,0.21942102223111476,0.2972472314689353,0.2972472314689353,0.6940861113343983,0.6940861113343982,0.21621658194218285,0.6233767900073293,0.6360397059161903,0.6909096967705673,0.7837031171844294,0.32243254726460796,0.5201031189773972,0.5268479454908865,0.3272436304845632,0.5063864968173579,0.46227487652149707,0.4969668632273078,0.5309605856235899,0.2774677031725236,0.6309026550916625,0.07251127365625537,0.19272947319122496,0.21116468306275807,0.06307448312186983,0.3426143425955638,0.38041058685906187,0.5505982630996827,0.6468672655355603,0.3426143425955637,0.3804105868590618,0.5505982630996828,0.6468672655355603,0.3255815887657183,0.3593388085165417,0.49565228208025375,0.4720982034848728,0.3255815887657182,0.4956522820802537,0.4110319144856319,0.4149008509571047,0.3812033972908345,0.4386399926485044,0.6766834597742653,0.5854950537947727,0.5598297431388712,-0.03240748559250928,HOLD,0.0,0.5
0.46006387865972037,0.45569619799516003,0.4437194263656649,0.44426230828116847,0.07001640403991953,0.0,0.0,AVH,2023-04-26 00:00:00+10:00,"Pharmaceuticals, Biotechnology & Life Sciences",0.28439682893202145,0.3330035985206805,0.4217688773957819,0.19569551991879847,0.4788942132854647,0.34365936998743996,0.5187982958319353,0.28802002381833725,0.4834591363689242,0.3578034706813973,0.4216241005268881,0.42624784808555305,0.2280677718903904,0.5630927316262695,0.07899872648245923,0.7124946249862172,0.1901579944027576,0.19015799440275763,0.26130230278822564,0.2613023027882257,0.35109777328774305,0.351097773287743,0.7080148888804834,0.708014888880483,0.19277127122353988,0.47300596825552477,0.5835396147824722,0.6551614305270166,0.7650716341935075,0.27343240511294864,0.5289359264820632,0.4995899107178341,0.16561217234282943,0.5030296017353146,0.47020321922695,0.32661537598238616,0.527754567321161,0.29286486974154063,0.5686740888953948,0.09525505771194298,0.19942598663618621,0.33199103339644925,0.11698142847168502,0.2902722102497851,0.2868751091520674,0.49977889873950265,0.6291494894739154,0.2902722102497851,0.2868751091520674,0.49977889873950265,0.6291494894739156,0.02222219867471073,0.23414067350942808,0.23478257263991542,0.3924316325261521,0.022222198674710647,0.2347825726399153,0.4128113568000532,0.43267256786577246,0.25771811693521973,0.3592976781506778,0.5833493143107225,0.5738475607988824,0.5553395258586585,0.06716417467849967,BUY,0.0,0.0
0.46645364893351676,0.47784807541979346,0.47960846301184584,0.4868852972888211,0.06635408609822571,0.0,0.0,AVH,2023-04-27 00:00:00+10:00,"Pharmaceuticals, Biotechnology & Life Sciences",0.5785773363977832,0.6318144089934155,0.5714288958075316,0.3364387250168491,0.4759145848802981,0.4874003743618016,0.5106364517436095,0.39837184766795186,0.48656459365815324,0.4316278330667125,0.4278128776289593,0.47881904185653335,0.23203171147092128,0.6178754527069791,0.08066686483926985,0.7683426154130966,0.3040351126778878,0.3040351126778878,0.28097783669316057,0.28097783669316057,0.3816563575023586,0.38165635750235855,0.720910333063508,0.7209103330635077,0.33663389241244374,0.46634754896700603,0.6707121568127415,0.6449835425819007,0.7478260914240983,0.2855220546210139,0.5139331708979145,0.4998007340475549,0.3983731240760791,0.5010908982129436,0.47900761566836597,0.4589807633800232,0.5250225043002281,0.3099995475990048,0.6173778038697616,0.09233270081777709,0.20573243622975373,0.3217731636203868,0.10838525255745529,0.3932243336805096,0.2941120688718036,0.5325437997502741,0.69697460726703,0.3932243336805096,0.2941120688718035,0.5325437997502741,0.6969746072670301,0.3111113112649588,0.22430655449248882,0.4608697094403384,0.40423421775729307,0.3111113112649587,0.46086970944033834,0.4145907566912461,0.4641147785779204,0.38184553453328685,0.42659452246397356,0.528678928676021,0.6168505265684346,0.5475590602597793,0.1098130297084019,BUY,0.0,0.0
0.5239616575697537,0.5300632527880308,0.5383360553112446,0.5442623317321766,0.08807084093632936,0.0,0.0,AVH,2023-04-28 00:00:00+10:00,"Pharmaceuticals, Biotechnology & Life Sciences",0.6160821763517668,0.6671730595940709,0.5646260202529247,0.3275884846634297,0.48717100446138356,0.6309925338801001,0.5087262380237204,0.5302581961889665,0.490963991827338,0.5296299150014843,0.43506363303519374,0.5497679314104925,0.23673193341940435,0.6916427592452187,0.08264126289181314,0.8435156980147649,0.37768889848127907,0.37768889848127907,0.381298155729329,0.38129815572932896,0.4184836186872041,0.41848361868720413,0.745586985477646,0.7455869854776459,0.552000006103511,0.5620445000068631,0.7149564333842673,0.6615571143124648,0.7378406703080485,0.3488525827438132,0.5063738756642455,0.5044542446795188,0.7385895594158729,0.5067025050769296,0.4816765769277503,0.6454409795827047,0.525148324503987,0.3258303857454847,0.6872792341461836,0.12114856555747403,0.20973647968765213,0.34892462789336604,0.14184578626648045,0.5126556674063437,0.36511963181510926,0.5633854730922538,0.7513111242362875,0.5126556674063437,0.36511963181510926,0.5633854730922538,0.7513111242362877,0.7000000529819009,0.3517653360740778,0.7300000190734863,0.4837532400095136,0.7000000529819008,0.7300000190734863,0.46975079577491785,0.4941899040573038,0.5687061645367985,0.5557628273094636,0.5460462265197683,0.6388364392722417,0.5402454225968327,0.04319650201332381,HOLD,0.0,0.5
0.5351437936349324,0.5300632527880308,0.5301794949672092,0.5377049608340805,0.04725371677970953,0.0,0.0,AVH,2023-05-01 00:00:00+10:00,"Pharmaceuticals, Biotechnology & Life Sciences",0.4177665396339617,0.47347507730872407,0.48979601104704984,0.26372514757177995,0.4987585026356521,0.5730045282335814,0.5097681750383634,0.5133373469303362,0.49596722605739757,0.5083566238497648,0.4422045286168596,0.5300969620648647,0.24109825994902234,0.6732448395455218,0.08454724127715826,0.8278214882755508,0.37547623556230636,0.37547623556230636,0.35810723000167577,0.3581072300016758,0.40987427388653475,0.4098742738865346,0.7465158955839093,0.7465158955839094,0.5948276358183384,0.5474288806250646,0.6650531600277165,0.6702934735507556,0.7318612171995933,0.3837969103566464,0.5092620093778957,0.5033207789120591,0.6877800421106592,0.5091808749534257,0.4892905592741274,0.609282128125338,0.5235929243460531,0.3435637837490773,0.6760585786244544,0.12267330832793336,0.2092564118020746,0.18541725618896962,0.07623410182851724,0.516594666423138,0.3992934412864947,0.5835142317152727,0.7464127790859422,0.5165946664231379,0.3992934412864947,0.5835142317152728,0.7464127790859423,0.6555556556324794,0.5673634394627087,0.690000057220459,0.6382179246290428,0.6555556556324793,0.690000057220459,0.47686814080031925,0.4900887135452222,0.5400166462205406,0.5302002605950599,0.4948722635945214,0.5902399779183037,0.4256650992106703,0.06318081747546844,BUY,0.0,0.0
0.5383386787718305,0.5332278067058356,0.5448613347014593,0.5475410171812247,0.057272905531428046,0.0,0.0,AVH,2023-05-02 00:00:00+10:00,"Pharmaceuticals, Biotechnology & Life Sciences",0.46538771150042424,0.5215530382789326,0.5170068645075571,0.28683729134154967,0.5096838436235545,0.5683742207955746,0.5104627997147919,0.5336969271454657,0.5018330882263151,0.5155753315785823,0.44905246466634235,0.5339237545276924,0.24561869196236863,0.6781301390731539,0.08647276806116702,0.8352350408463005,0.37561648640121453,0.37561648640121453,0.3565834194092825,0.3565834194092825,0.40694247970285913,0.4069424797028592,0.7378318689763326,0.7378318689763325,0.6578946818055386,0.5249716133593648,0.710377811680962,0.6801252487932107,0.7293384241383487,0.413949587788647,0.5116085919355686,0.5020861128347142,0.7336899041524332,0.5110007333727999,0.49949094719187687,0.6315870444689311,0.5231810014974025,0.3591922513065822,0.6865890416978686,0.13320438910794713,0.21256680747668755,0.21076958192790107,0.09133981998706349,0.509228489520391,0.3950106746600889,0.6092364035198237,0.7085422886354777,0.5092284895203911,0.3950106746600889,0.6092364035198238,0.7085422886354779,0.7222222516566116,0.7073130000883479,0.75,0.7363257975865216,0.7222222516566116,0.75,0.4626331962101463,0.4777852071951888,0.5577645816492648,0.5400606994308841,0.473443602908461,0.6354457127060503,0.4278560218954067,0.03225808436366906,HOLD,0.0,0.5
0.5351437936349324,0.5443037831426107,0.5448613347014593,0.5639344444264653,0.0590527671796621,0.0,0.0,AVH,2023-05-03 00:00:00+10:00,"Pharmaceuticals, Biotechnology & Life Sciences",0.48388563776859417,0.5399510876751953,0.5986394248890786,0.35597618315172525,0.5338520283915524,0.5429224262277144,0.5148042080827604,0.560361378460642,0.5089066266303066,0.5322826231130304,0.45626660013105397,0.5461510027165687,0.25036172078554486,0.6917197827533957,0.08850581154273726,0.8513372580840193,0.22637246477786344,0.22637246477786344,0.35067106370711376,0.35067106370711376,0.40463756093326664,0.40463756093326647,0.7376085320537473,0.737608532053747,0.7142857142857143,0.482713356114729,0.7415278305563235,0.6936373096655557,0.730427223093051,0.44545374717530933,0.524630340381737,0.4962397699967027,0.7637281074710505,0.5125034031984594,0.512602960315601,0.6816616568103384,0.5227680179020655,0.3756297155971506,0.7075508964929376,0.1275550025923488,0.21713953175644662,0.22481203102414346,0.09271173496248515,0.6350640493936878,0.43895996440101126,0.6453072412860246,0.7291903876959346,0.6350640493936878,0.4389599644010112,0.6453072412860247,0.7291903876959347,0.9493671344499773,0.79220204111632,0.8499999046325684,0.7770442346086471,0.9493671344499773,0.8499999046325684,0.4217079320237339,0.4859875230331405,0.5932981216566391,0.5497401057186098,0.40652953402828507,0.6763750286299405,0.4322754258541922,0.03157896744577515,HOLD,0.0,0.5
0.5718850107952962,0.5822785056051849,0.5872757285253212,0.6032786698150427,0.1799110357862114,0.0,0.0,AVH,2023-05-04 00:00:00+10:00,"Pharmaceuticals, Biotechnology & Life Sciences",0.5475399237990407,0.6021209783155455,0.6054419760647253,0.35875256240817605,0.5573580559731839,0.5860225023938863,0.525570898847983,0.6223423613868881,0.5170153140362705,0.5876258566018027,0.4643962341338372,0.5879625164068242,0.25558418889143186,0.736107539754706,0.09070827515260768,0.8984224206574454,0.21080868050172588,0.2108086805017259,0.3517735870770974,0.3517735870770974,0.4162009856257103,0.41620098562571023,0.7437174488624769,0.7437174488624768,0.7481480173286167,0.5504478590494065,0.7929790306769456,0.7201481401972636,0.7373943002187475,0.4967303619203991,0.5539615070894686,0.4851106527185495,0.8186500418689903,0.5235098670509604,0.5167439285276656,0.7917938597055754,0.524110817667317,0.39184631030533484,0.7633285873126395,0.18606908040217512,0.23097808093407585,0.5046934358531806,0.2697441893770806,0.6162798250375985,0.5198865710372964,0.6679413538559739,0.7824654648018673,0.6162798250375985,0.5198865710372964,0.6679413538559739,0.7824654648018675,0.9611646305415527,0.8962368345495263,0.9611646305415527,0.8690559690362624,0.9611646305415527,0.9611646305415527,0.4359427917674501,0.5092274505004427,0.693201394919734,0.6293392008391675,0.5793343387305807,0.7494869469511675,0.4392966461512021,0.0,HOLD,0.0,0.5
0.567092645003914,0.5553797595793858,0.5562806125280682,0.565573826236003,0.0855539411333244,0.0,0.0,AVH,2023-05-05 00:00:00+10:00,"Pharmaceuticals, Biotechnology & Life Sciences",0.33561781644534094,0.3880086908984497,0.4693880331411496,0.24856805180695246,0.5616619829643867,0.4670045220836587,0.533732751216888,0.5223808905827401,0.5207246114996991,0.5139220987252762,0.47186671006229713,0.5263785701136677,0.2604642009791719,0.6738849883302517,0.09279018998039121,0.8393674646927067,0.2167722301211656,0.2167722301211656,0.38220079791728057,0.38220079791728057,0.40914014526935316,0.4091401452693531,0.7565870487564876,0.7565870487564875,0.789062764845011,0.5444384339871462,0.7061416034293982,0.7220654550329109,0.7434088392433518,0.48842130817729235,0.5627970486356293,0.49191435893241287,0.6422044892942097,0.528203854671266,0.5190380624014288,0.6313217656890361,0.5199772164020355,0.413595784650657,0.7062133752895471,0.18477216223629248,0.2150552497716281,0.24140714937835886,0.13527832450595667,0.4514426576827214,0.48958698584761984,0.5397551861138399,0.7529357516588601,0.4514426576827213,0.48958698584761984,0.5397551861138399,0.7529357516588602,0.737864149584249,0.901561618025827,0.737864149584249,0.864938024601887,0.7378641495842491,0.7378641495842491,0.4466189365752372,0.5078603978607841,0.5825197604813165,0.5397239576445857,0.5772600036548873,0.6746218575891951,0.451101273480766,0.0084033529263976,HOLD,0.0,0.5
0.5591054702477036,0.5490506517437763,0.5464926934427461,0.5688525116850511,0.05363301628923162,0.0,0.0,AVH,2023-05-08 00:00:00+10:00,"Pharmaceuticals, Biotechnology & Life Sciences",0.44593185740266517,0.5020362327681289,0.5170068645075571,0.28714826228928914,0.5679523341545993,0.4587060240737353,0.5431102009098328,0.5094979322142472,0.5245201694946846,0.5129927874605276,0.4794836657568485,0.5203130161531891,0.2653784587299628,0.6688432344595484,0.09484278209366129,0.8371501882996026,0.2111498715606057,0.21114987156060566,0.3762003455897007,0.37620034558970067,0.4090568082616173,0.40905680826161733,0.7549166642518288,0.7549166642518287,0.7403848446334678,0.5296715594535388,0.6576462264523114,0.723030583287983,0.748442397062959,0.479864143331127,0.5687214724345662,0.5045391812456784,0.6247310340236051,0.5327772384076135,0.5216550562442268,0.6276668901516291,0.5135707059479158,0.4385680289749571,0.7163885459930035,0.18805931312312066,0.21239662983348562,0.14911883540076398,0.08558524828048253,0.467370863796039,0.506275991290543,0.5417584816822185,0.7646286936350405,0.4673708637960391,0.506275991290543,0.5417584816822185,0.7646286936350406,0.7572816028391712,0.8361722471522018,0.7572816028391712,0.8334767918283436,0.7572816028391712,0.7572816028391712,0.4377221916586429,0.4873546408590108,0.5594901592465046,0.5203441967125088,0.5829345867734033,0.5966257840808301,0.4619615306239646,-0.01046029048958308,HOLD,0.0,0.5
0.5511182193194231,0.5379746753070012,0.5399674140525312,0.5524590062697834,0.032667955983788265,0.0,0.0,AVH,2023-05-09 00:00:00+10:00,"Pharmaceuticals, Biotechnology & Life Sciences",0.39082885618066265,0.44581056246080814,0.48299313549244294,0.25880900305769133,0.5689455383607562,0.4101606949879235,0.5493618229976902,0.4617422508234794,0.5273668369625926,0.4792010590919138,0.4869907598806547,0.4886053181873705,0.2700358729872716,0.6376506113382233,0.0967520183253606,0.8086988302515692,0.2251443700997906,0.2251443700997906,0.3875213362520814,0.38752133625208135,0.4154802549301917,0.41548025493019164,0.7530677823003029,0.753067782300303,0.5316454091718179,0.5326774582391514,0.6282434023972079,0.7144363726045354,0.7504930459107023,0.45384402830413395,0.5701410906656055,0.5158332944601954,0.5402205670095761,0.5347437710713052,0.525334469802627,0.5578654433560926,0.5012554758436358,0.47083615209505264,0.6970155430594865,0.17538077661528623,0.21201950319256968,0.09626846598658019,0.05219825320876202,0.42557511372680423,0.4650018133782548,0.5171230943821088,0.7698506021210118,0.4255751137268041,0.4650018133782548,0.5171230943821089,0.7698506021210119,0.6601938736159574,0.7337163865692264,0.6601938736159574,0.7313512043389913,0.6601938736159573,0.6601938736159573,0.4483983364664301,0.4982910619762797,0.520938059153585,0.48553131161195406,0.5777306751311427,0.5564502527550637,0.47195296719570745,0.004273500354724069,HOLD,0.0,0.5
0.5111821170221611,0.5205695910346164,0.5122349377503856,0.5459016353716872,0.03959731379682574,0.0,0.0,AVH,2023-05-10 00:00:00+10:00,"Pharmaceuticals, Biotechnology & Life Sciences",0.4179689891996417,0.4736816892268898,0.6258502783495857,0.38172959896179914,0.5653037527692233,0.40164200668895633,0.5601285137629127,0.42650231597963684,0.5285745131976665,0.46563587774807824,0.4924105155914808,0.47299672229913625,0.27463335733424166,0.6203349721246497,0.09863518992193679,0.7939402921695295,0.21491484498540042,0.21491484498540042,0.3086321486433855,0.3086321486433855,0.4074442455851315,0.4074442455851314,0.5542381988969141,0.554238198896914,0.5316454091718179,0.5611186371167618,0.6157363627687463,0.7028517711675522,0.7494697416111544,0.4270297288285029,0.5498973396963966,0.5610900711816705,0.45967847821162217,0.5359954781326846,0.5264058031198424,0.5291016067202056,0.4964631158211071,0.48890324094488397,0.6851341873350418,0.16535569302333783,0.201320569237261,0.12248925126753642,0.06570689826839124,0.3901586428148649,0.5314670806070665,0.4739241016445807,0.5912661259833751,0.3901586428148649,0.5314670806070665,0.4739241016445808,0.5912661259833752,0.6213589671061129,0.6940559263467573,0.6213589671061129,0.691818592175361,0.6213589671061128,0.6213589671061128,0.4555157663382883,0.5160627136987357,0.4702281043691494,0.43513857345017354,0.597804477651748,0.5248516529974016,0.4811450888417108,0.0021552218037907966,HOLD,0.0,0.5
0.5511182193194231,0.5632911066494394,0.561174533176996,0.5721311971340992,0.08921448254436497,0.0,0.0,AVH,2023-05-11 00:00:00+10:00,"Pharmaceuticals, Biotechnology & Life Sciences",0.5123503477115297,0.5679674887847275,0.5646260202529247,0.3265409549749199,0.5590134173657069,0.4929967938143349,0.5691586428370639,0.46321377116544604,0.5290058281954266,0.5108616013013547,0.4964753334659607,0.5019573232622073,0.2792565267449808,0.6470804053523017,0.10066823355886453,0.8229142239784035,0.17648345924722864,0.17648345924722864,0.2772155204789891,0.2772155204789892,0.3893543556195189,0.389354355619519,0.3926189062904115,0.3926189062904114,0.5842697291403804,0.6249758584395917,0.6178297482522548,0.7037268079217356,0.7488523086641565,0.43057017185882157,0.538305519165043,0.5929204807140523,0.6101868774594902,0.5371292412453572,0.52598290814896,0.6233833937255878,0.4995559274000035,0.4939223723752058,0.7384016355044409,0.11862121144331753,0.19118609644018048,0.3592215039812812,0.15364543039117434,0.3723147578284807,0.5007791074750864,0.45405326142608965,0.495094450138184,0.3723147578284808,0.5007791074750864,0.4540532614260897,0.49509445013818404,0.7766990560940934,0.7006659767844965,0.7766990560940934,0.698407334687964,0.7766990560940934,0.7766990560940934,0.4839855706721774,0.5242650295366873,0.5696118720809146,0.537285775430088,0.6671186430418017,0.5269286661771647,0.48960184075603397,0.004166662527455456,HOLD,0.0,0.5
0.5543131044563212,0.541139229224806,0.5318107759210298,0.5295082081264466,0.11230471764376962,0.0,0.0,AVH,2023-05-12 00:00:00+10:00,"Pharmaceuticals, Biotechnology & Life Sciences",0.31790700139191175,0.3691432415463731,0.37414972165041416,0.16904440744907898,0.5517298461826412,0.392168782150887,0.5675957331748098,0.3780852559551331,0.5272805764310353,0.43904843096723445,0.49830633228828086,0.4442420852867842,0.2835029930456805,0.5827466430056214,0.10258072794763298,0.7600103669434108,0.1941479979865163,0.19414799798651627,0.24069121955677478,0.2406912195567748,0.4180242149229283,0.41802421492292824,0.35889844858356545,0.35889844858356534,0.3999999999999999,0.5585518377224007,0.49932953098398636,0.6835456118110999,0.7437177933337928,0.3911673592654015,0.5404275458603915,0.5872797130996973,0.24024882613204646,0.5343919893744484,0.5255657112806311,0.472824511712961,0.5012359691339603,0.49581724430376045,0.6351201893381737,0.13240545822439387,0.20373690629100838,0.4152488528954114,0.1847490453107782,0.36257539003214767,0.36865235677252245,0.4031612126191541,0.39346423702916894,0.3625753900321477,0.3686523567725225,0.4031612126191542,0.393464237029169,0.524271700831502,0.6543956237203216,0.524271700831502,0.6522861370997434,0.524271700831502,0.524271700831502,0.4982204304158935,0.5051262925814668,0.46578226259042227,0.45480202136359915,0.6178539637264877,0.4132215797849107,0.49738205251721135,0.04625551539900452,HOLD,0.0,0.5
0.3658146909491546,0.39240504419014766,0.3670473157431758,0.3836065883887649,0.3106772379123189,0.0,0.0,AVH,2023-05-15 00:00:00+10:00,"Pharmaceuticals, Biotechnology & Life Sciences",0.006733522047186746,0.008490361579577221,0.5714287336180516,0.3431280295491851,0.5143188176345479,0.06205172039581197,0.5512720367175792,0.101247551196185,0.5196894604410642,0.1931141428783114,0.49753731351630043,0.2556187789351597,0.28615703478979815,0.38550559154435093,0.10392305797701115,0.5620620138859374,0.5557669765836781,0.555766976583678,0.610561147580256,0.6105611475802559,0.688823530534113,0.688823530534113,0.5964319509903375,0.5964319509903374,0.10588251463679456,0.3583217020120459,0.3539591777264862,0.6008853111490242,0.7206028425337185,0.23432281470494143,0.5995631641591963,0.4863133320968399,0.0023443838224430635,0.5505959299215593,0.49059571011849273,0.08112886266627461,0.5027511988812803,0.4921881062186156,0.301900077038625,0.26485622962980854,0.2506816379714083,0.6435253857528253,0.4377521648160536,0.13509364203947732,0.1948807255831061,0.25636848141846924,0.2911935293291737,0.13509364203947738,0.19488072558310604,0.25636848141846924,0.29119352932917375,0.08000006993610542,0.4701073152468326,0.08000006993610542,0.4685918939087262,0.08000006993610542,0.08000006993610542,0.6530246998217205,0.6158576215800258,0.09208106435742519,0.12446248725426856,0.47363509491132316,0.3487808418162188,0.5868544877707501,0.2575342555233091,BUY,0.0,0.0
0.37859426958278236,0.3829113824367333,0.38662319280755303,0.3918033020113852,0.16322697022245938,0.0,0.0,AVH,2023-05-16 00:00:00+10:00,"Pharmaceuticals, Biotechnology & Life Sciences",0.4667623863271798,0.5229255493305012,0.551020431333191,0.3202351909888619,0.48187386537067584,0.170262758141835,0.5347746840912412,0.14543199915833327,0.5118395566864342,0.21862227986050087,0.49676829387123195,0.26704278500432965,0.28896518201764443,0.3924498312555883,0.10529471072090288,0.5697003928722646,0.5820271527054666,0.5820271527054666,0.6108956473942643,0.6108956473942642,0.6875423480451933,0.6875423480451932,0.5965472574895736,0.5965472574895735,0.15131588957146633,0.4179978844132458,0.39373654488511667,0.5391674686935508,0.6879191608878881,0.1508541337571152,0.6168747987659691,0.4325584523777438,0.1681840112661545,0.5581170223890581,0.4652663709899943,0.17209199282133664,0.504004905646029,0.48889260975594345,0.32603116376115093,0.3321311990519934,0.27138506980992966,0.27636662956210106,0.2163033766024495,0.16738888582085476,0.1953419357933128,0.25334078129872195,0.2915928425562564,0.16738888582085476,0.19534193579331283,0.25334078129872206,0.29159284255625645,0.11333336618211012,0.24428569943465708,0.11333336618211012,0.24349822868167986,0.1133333661821101,0.1133333661821101,0.6174374656159732,0.5994529899041224,0.17040709696004697,0.19893205254437388,0.5610777068147053,0.4358175392118139,0.5821596514208497,0.2648648021689646,BUY,0.0,0.0
0.38498403985657864,0.3765822746011237,0.3703099554382831,0.3704918075075589,0.1065036788618834,0.0,0.0,AVH,2023-05-17 00:00:00+10:00,"Pharmaceuticals, Biotechnology & Life Sciences",0.3596506757879459,0.4133545523304709,0.4353741419365553,0.19714757592335153,0.4464492689149407,0.2003822680344045,0.5142832354351493,0.13323675444285676,0.5038171277553651,0.1914962024230782,0.4949739149904348,0.24107355798410912,0.2916791532638604,0.3608542985369113,0.10657187900711587,0.5385711069550396,0.5711488229826219,0.5711488229826219,0.5961928966981622,0.5961928966981621,0.6904879926432375,0.6904879926432372,0.5945173186970374,0.5945173186970373,0.12883445992149162,0.3321346572411512,0.3573264310191995,0.4813574195045132,0.648479072830328,0.09191754747152425,0.6236352192105845,0.38255711441872176,0.21240993053301216,0.566819643531772,0.4381883204635238,0.18126751441435357,0.5066487628817378,0.48156219542521833,0.2915463233833151,0.36660697761197025,0.28822060030511415,0.1648962056699438,0.134620448734731,0.14202903730746802,0.15397903668697352,0.24439255235955706,0.253144442328012,0.14202903730746796,0.15397903668697346,0.2443925523595571,0.253144442328012,0.02666663699680376,0.0748919830270723,0.02666663699680376,0.07465056387563293,0.026666636996803716,0.026666636996803716,0.5871883886605764,0.5912507066592767,0.22085884881246262,0.21858897198498667,0.4982839749333201,0.42919347527533436,0.5775587117979473,0.4201681418677392,BUY,0.0,0.0
0.36900957608605284,0.3623417819710022,0.3719412752858368,0.3803279029397168,0.09488583458856327,0.0,0.0,AVH,2023-05-18 00:00:00+10:00,"Pharmaceuticals, Biotechnology & Life Sciences",0.47357979840854986,0.5297197155704638,0.5442178801575444,0.3131729026179995,0.40771395756750767,0.3533863301671869,0.49066597987541827,0.1969298191097273,0.4974336921137927,0.2184088877850736,0.4927767167528861,0.25608333095344504,0.29457291464933344,0.3698723215528801,0.10785556360746704,0.5485999819698528,0.5468249336161685,0.5468249336161685,0.5618474974171188,0.5618474974171188,0.6920146215926669,0.6920146215926668,0.5854460072114376,0.5854460072114375,0.16981154143398372,0.24478879365781359,0.38630102262335353,0.44120483018049217,0.6076941076058062,0.08018609374242996,0.6050556325934178,0.35492280882100746,0.28192543981742735,0.5722533759106385,0.41839119377789596,0.23679053603419553,0.508342539160247,0.474555459421738,0.32389846293482183,0.3695293345061361,0.2929941063818935,0.14585081023160595,0.11838603193627223,0.1263041752153286,0.1313625917107577,0.28042826830677425,0.24100150597996178,0.1263041752153286,0.13136259171075765,0.2804282683067743,0.24100150597996178,0.06666675143770355,0.07035308152336778,0.06666675143770355,0.07012629381451013,0.06666675143770351,0.06666675143770351,0.526690277173011,0.5844154434609836,0.2808862306643077,0.2490214811842393,0.4272675857921101,0.41360218172442165,0.5730497909675029,0.4297520368039458,BUY,0.0,0.0
0.3610223632438074,0.3528480824931295,0.34257751802987063,0.34590166663969796,0.24611256231458847,0.0,0.0,AVH,2023-05-19 00:00:00+10:00,"Pharmaceuticals, Biotechnology & Life Sciences",0.30982536299639063,0.36048115461341557,0.43537430412603545,0.19288489974939074,0.3706340076125976,0.35520008629480904,0.46739602837332217,0.15972933460061056,0.4899288407687033,0.16584430005972117,0.4899203595679256,0.21377669008800249,0.2970557276699568,0.3219749865013286,0.10896982784648193,0.500956731346319,0.5471483094530448,0.5471483094530448,0.5662970168753985,0.5662970168753985,0.7071091241199443,0.7071091241199441,0.6030792905522773,0.6030792905522774,0.15340928948853547,0.22289972391026902,0.37523784470424915,0.3955388244483484,0.5645654570645613,0.05974196953232863,0.5936509740978633,0.3198449660809055,0.2693343688095793,0.5806227091507066,0.3927924755654974,0.21217274036717254,0.5117939129659568,0.46385267248411793,0.2711093054374138,0.4384783742271443,0.33767218314267566,0.323366423430676,0.2739418968583594,0.12278040044431104,0.12295539247200665,0.24812786023726963,0.21581918773879016,0.12278040044431104,0.12295539247200665,0.24812786023726968,0.21581918773879016,0.024242399721873906,0.04002491365718184,0.024242399721873906,0.03989589075912267,0.02424239972187392,0.02424239972187392,0.540925221763184,0.5885166339730653,0.29484127236145774,0.24808639806918412,0.3832886787475864,0.37987175176630406,0.5686310485536674,0.4941520524911256,BUY,0.0,0.0
0.332268397011724,0.34810125161642225,0.33278956005081545,0.34098363846612584,0.10588944338851904,0.0,0.0,AVH,2023-05-22 00:00:00+10:00,"Pharmaceuticals, Biotechnology & Life Sciences",0.4174756498736344,0.4731781731905738,0.5374150046029375,0.3062513737419296,0.36202616152354,0.367272217418245,0.4432577960256904,0.19365356588590177,0.4825965166567155,0.16692872278397264,0.48666118128003727,0.21039839227459578,0.29946148794871597,0.312663095282089,0.10982996173768908,0.4926921742131683,0.19076056784152098,0.19076056784152098,0.5599429207798925,0.5599429207798925,0.7070781189462484,0.7070781189462483,0.6003744646455949,0.6003744646455945,0.0674847298783905,0.19958313996395172,0.3820956548574481,0.3592770536188086,0.5217243168508058,0.062249941402501785,0.570613752334042,0.29620497131292245,0.3023409545528254,0.5873990064768959,0.36942516510903284,0.23695124488868968,0.5147975742224924,0.45283265276300405,0.2795879626740868,0.332954502934429,0.35053385700440975,0.17888625299397531,0.11431302376680759,0.33265526380145455,0.11425308870884665,0.25037275716439056,0.2030589414203689,0.3326552638014545,0.11425308870884665,0.2503727571643906,0.20305894142036893,0.040935766280674954,0.044882381988931346,0.040935766280674954,0.044737700727514776,0.04093576628067497,0.04093576628067497,0.5587188812892859,0.6049213308351804,0.3186206020237936,0.26674492464116,0.3325348832382978,0.36704510210394614,0.5590313471972833,0.44837749128945825,BUY,0.0,0.0
0.3386581672855203,0.3401898668219103,0.34910279742008526,0.34918035208874615,0.04957630854251426,0.0,0.0,AVH,2023-05-23 00:00:00+10:00,"Pharmaceuticals, Biotechnology & Life Sciences",0.46906683440112246,0.5252244676771229,0.5442177179680642,0.3139979158365918,0.3534183154344824,0.43001382349461137,0.4217244144952451,0.25766066937282406,0.4750054006667443,0.19307338969778165,0.4833287639821912,0.22441550709266878,0.30191005530628856,0.3202362241377168,0.1107291925815809,0.5014814512044714,0.19226907541439942,0.19226907541439942,0.5761146100020094,0.5761146100020093,0.7056980254180375,0.7056980254180374,0.6000197309401087,0.6000197309401086,0.11267611072829822,0.18238901445468236,0.400532262806474,0.33666470613219057,0.4822518041421262,0.09163470506506866,0.5418780873362465,0.28442498589361553,0.34995739247627655,0.5906558407864437,0.34964193211374855,0.2745080848630902,0.5165020475499607,0.44330857311002975,0.3090546853685066,0.27439213683573715,0.3531942853698234,0.09953878991287816,0.05318876605308257,0.33380665484394695,0.1384762328142155,0.24725275532158073,0.2023405971602239,0.333806654843947,0.1384762328142155,0.24725275532158073,0.20234059716022396,0.07017549974826627,0.04607682304161022,0.07017549974826627,0.045928291422201686,0.0701754997482662,0.0701754997482662,0.5480426940582704,0.5953518971713584,0.3440651432739307,0.29385286403799216,0.32013515794247394,0.39276056765875755,0.5446443952702585,0.4040697219082967,BUY,0.0,0.0
0.3338658395801731,0.33069620506849595,0.33605219974592276,0.334426228483016,0.04699922876363015,0.0,0.0,AVH,2023-05-24 00:00:00+10:00,"Pharmaceuticals, Biotechnology & Life Sciences",0.3793305300685191,0.4338961562722326,0.5034012755878233,0.2666843399100651,0.3461347521447648,0.40031475403939565,0.3993227479789745,0.2680936122051061,0.4692258010860462,0.17353393945866546,0.48054564493409996,0.20752892694217684,0.3043329382124529,0.29839276941722404,0.11158281015864976,0.48048246874823125,0.18419322693262227,0.18419322693262227,0.5726866220261578,0.5726866220261577,0.6836099856833919,0.6836099856833917,0.5874504470302182,0.5874504470302181,0.25806450372432677,0.0824259157498569,0.3696772304345013,0.3147346857824591,0.44563109128059625,0.11651114640361476,0.5060105938036479,0.27896376025996544,0.34993955384928777,0.5956233720002551,0.33166143210907156,0.2721270139855598,0.5195044084452252,0.43334014885424404,0.2965866058221442,0.24373044653279224,0.34838804212244445,0.10469664353002041,0.05099429821029509,0.3441478339017631,0.1262323461827548,0.28300533399717187,0.21627802249162617,0.3441478339017631,0.1262323461827548,0.283005333997172,0.21627802249162623,0.01886790755296604,0.04424724921195724,0.017543840080554794,0.04365533193042191,0.018867907552965968,0.017543840080554762,0.5160142172116807,0.5898837192058298,0.346400114127865,0.300641567763947,0.1929881539809785,0.369817788677707,0.5311206604588551,0.4000000569357818,BUY,0.0,0.0
0.3258785886518926,0.3259493741917888,0.33278956005081545,0.3377049139320641,0.029836388188824777,0.0,0.0,AVH,2023-05-25 00:00:00+10:00,"Pharmaceuticals, Biotechnology & Life Sciences",0.4498108023658433,0.5059410524153726,0.551020431333191,0.32240053602286783,0.3375268981623592,0.4459375173807314,0.3744898868146245,0.33370686761008095,0.46137589527475403,0.1911913657094635,0.47864140535564587,0.2137098233014676,0.3068671195235322,0.29959053833678906,0.11227352361084184,0.4833125744503369,0.16962122439777283,0.16962122439777286,0.5475261231127386,0.5475261231127386,0.6488809466402653,0.6488809466402652,0.5725426910031963,0.5725426910031962,0.22033903099479873,0.10967929724316465,0.41864245687513124,0.3016579505076818,0.4133275886148905,0.15417046049956679,0.43574091987648594,0.30761105213717255,0.37236719766299436,0.5973609564581994,0.3131160598165736,0.2963505458790121,0.522098536145525,0.42583088307935407,0.31233795356413285,0.2102115084265925,0.34076273897902687,0.07550135438848447,0.032964173207836955,0.3321857475788091,0.1075764000589225,0.23864870127089133,0.2456899695028943,0.33218574757880914,0.1075764000589225,0.23864870127089136,0.24568996950289435,0.03144651258827673,0.04101693652883771,0.029239733467591324,0.03968662668300082,0.0314465125882768,0.029239733467591233,0.47864775280765404,0.558441475900576,0.35566109795537837,0.31284006922022545,0.20556581886374153,0.38047933149548296,0.518408349736136,0.3412463306884199,BUY,0.0,0.0
0.3226837035149945,0.3132911207961113,0.3278956005081544,0.3262295148603957,0.07153622601378276,0.0,0.0,AVH,2023-05-26 00:00:00+10:00,"Pharmaceuticals, Biotechnology & Life Sciences",0.3911558620749648,0.44614846778207834,0.5170068645075571,0.28216840741764837,0.3335540418709913,0.4158688433539681,0.35295650114388954,0.35480473638026,0.44990295870157765,0.18601385053505037,0.47640758630348606,0.2005409230103058,0.3091615809891358,0.282321380976262,0.11294468858669163,0.4670639931942466,0.09475254306701325,0.09475254306701325,0.5437518172279103,0.5437518172279102,0.585546459414141,0.5855464594141409,0.5742913530924734,0.5742913530924733,0.245283137695222,0.09472017945599563,0.34137369779758575,0.2890648546514244,0.3845890646637955,0.18526800893229445,0.3501274273027794,0.3605231909428729,0.26085756635584634,0.5927830707749902,0.2943599355050979,0.3007504395339123,0.5251016648601354,0.4170729463812893,0.30438431358698625,0.12025511778623602,0.3373101267290188,0.2850341040509882,0.07969489839159768,0.3758891395665754,0.13081628267669615,0.16659708779344207,0.2328697919521594,0.37588913956657544,0.13081628267669615,0.16659708779344207,0.23286979195215946,0.006172834055359032,0.01922927762085818,0.005747120136912535,0.017824748186867974,0.006172834055358956,0.005747120136912476,0.45907477823681586,0.5215310220366878,0.3520527670119663,0.3184161673341331,0.20633787697403086,0.3409333358888735,0.5064587776567799,0.3636363833403786,BUY,0.0,0.0
0.332268397011724,0.33069620506849595,0.3393148394410301,0.34098363846612584,0.043028682753595865,0.0,0.0,AVH,2023-05-29 00:00:00+10:00,"Pharmaceuticals, Biotechnology & Life Sciences",0.4965358572014932,0.552445755288377,0.5374150046029375,0.3062513737419296,0.3335540418709913,0.47448282388708085,0.3484414366068139,0.40791351383591,0.439551437831918,0.23083381349264598,0.47402728835832303,0.22256526823499112,0.3116615170454049,0.2981304823640918,0.11372011225839121,0.4845669548594382,0.13157878985373,0.13157878985373,0.1806405712475204,0.18064057124752037,0.5981485409536935,0.5981485409536933,0.5719854507835662,0.5719854507835661,0.285714346535332,0.14295726552987625,0.26342412797624337,0.2887305940820016,0.361521383892796,0.23473515433898912,0.34263975550148346,0.35971656699661736,0.4034378984993634,0.5859030136008079,0.2806623992399833,0.33569388070274175,0.5270397835727838,0.4093506635511361,0.3376515358655927,0.08786397440766464,0.3364278924403103,0.21616982324159317,0.04803850244506794,0.41785828329988256,0.3200946269625615,0.19152080849895653,0.23006812964594717,0.41785828329988256,0.32009462696256147,0.19152080849895653,0.2300681296459472,0.06172848772556312,0.03381979023918093,0.057471338391277715,0.03137297215259613,0.06172848772556305,0.057471338391277715,0.4501779908969933,0.48325358071935265,0.3743253017421158,0.3393572247312666,0.23629510948368707,0.3153408935746868,0.49110639416054713,0.37758110082004026,BUY,0.0,0.0
0.3434504949908675,0.3401898668219103,0.34747147757253166,0.3442623239151739,0.0692289568278624,0.0,0.0,AVH,2023-05-30 00:00:00+10:00,"Pharmaceuticals, Biotechnology & Life Sciences",0.4496562897899367,0.5057856404749888,0.5034014377773034,0.2672346976305221,0.3325608297714863,0.49146913998960695,0.343405403562417,0.4305466480454516,0.42885486660938005,0.25454045679222803,0.47219628953600284,0.22876455445514954,0.3142556286750634,0.2992450767994471,0.1144629551361869,0.48726374873979666,0.1245145867832978,0.1245145867832978,0.1751130424141957,0.17511304241419567,0.5957062542062863,0.5957062542062861,0.5670043733341996,0.5670043733341995,0.4864865039020087,0.15571804995800625,0.27534012536704755,0.2928699565462168,0.34401906576403807,0.28328218593934396,0.32811983503768033,0.3658326043291562,0.4642857439871874,0.5756671023424325,0.2701756404926297,0.3532506704469933,0.5287504500034936,0.4031300230368721,0.3496654173000257,0.0979906693752354,0.33892444947300576,0.3215707634818722,0.07682477794332063,0.40742701969484696,0.3133956587072133,0.18647339037827187,0.2490186466190319,0.4074270196948469,0.3133956587072133,0.18647339037827187,0.24901864661903195,0.07407415583628119,0.04833100693747982,0.06896557866510279,0.044852771056480605,0.07407415583628119,0.06896557866510278,0.42348762887752545,0.4750512974745069,0.38926079924915924,0.35188180549078,0.28139328204645664,0.3507783897378886,0.47698220134401303,0.3665688358118959,BUY,0.0,0.0
0.34025560985396935,0.3354430359452032,0.3376835195934765,0.34918035208874615,0.047962108377696634,0.0,0.0,AVH,2023-05-31 00:00:00+10:00,"Pharmaceuticals, Biotechnology & Life Sciences",0.45601262660200553,0.5121700070891707,0.5374150046029375,0.3061357457520074,0.33554047396334924,0.49909682448545745,0.3411478733640241,0.4506816731240779,0.41755445726930523,0.28337025890677503,0.46996247048384304,0.2376046316248147,0.31677268735873754,0.30249560124910546,0.1154566703600787,0.49153750005084146,0.09353429319560475,0.09353429319560475,0.16090846665162942,0.16090846665162944,0.5902043078267077,0.5902043078267076,0.5591896264679221,0.559189626467922,0.5675674804899564,0.09765627972200457,0.26550486685571706,0.3012006462849983,0.3319328132953011,0.3305268899503544,0.3219593846147529,0.3681779238936711,0.5502760691531734,0.5605888384239253,0.2640991075185074,0.37162326725975114,0.5299782746158233,0.396636968582509,0.36409089948052026,0.09848682582196797,0.33660859605762855,0.22196552048918525,0.0535229027934241,0.4499928894002684,0.35273714694395836,0.17766697373863582,0.23596544130103886,0.4499928894002684,0.3527371469439583,0.17766697373863588,0.23596544130103891,0.10135141448263975,0.08073150812355928,0.0862069390758404,0.07215444767902462,0.10135141448263973,0.08620693907584043,0.3967972668580576,0.47368431002105993,0.3906442352635573,0.35506712388049655,0.20655287103281128,0.3152662387009384,0.4639879439528015,0.4505813046846616,BUY,0.0,0.0
0.353035150401562,0.3560126364109343,0.36052203635296104,0.375409835681131,0.05360703452842771,0.0,0.0,AVH,2023-06-01 00:00:00+10:00,"Pharmaceuticals, Biotechnology & Life Sciences",0.5387341393881071,0.5936236433111014,0.5918367115239518,0.3670640496017599,0.3431551079529019,0.5715797190290139,0.3406269007164129,0.5272000700310657,0.4055639472234737,0.3587031091642283,0.46901035113116013,0.2739292470050607,0.31962364146127686,0.33193366545301906,0.11658722491836673,0.5228159644853156,0.14582449276900206,0.14582449276900206,0.2014956891160544,0.20149568911605437,0.5864479990423348,0.5864479990423346,0.5604411484759948,0.5604411484759947,0.6666665010982155,0.20256342853171616,0.2849753449323882,0.32225601721545294,0.32710539258805627,0.3938461662598807,0.31892288973706034,0.3705558560283705,0.9349812382984771,0.5344228657757037,0.26957711488206687,0.41866023753550774,0.5305036209305165,0.3938668718374651,0.40679528062533454,0.11073545924622899,0.31023491006552073,0.22742406573984908,0.06390202095322578,0.4994925536971976,0.3791280460659064,0.17499531777545285,0.2837580383874227,0.4994925536971977,0.37912804606590633,0.1749953177754529,0.28375803838742275,0.5740740086643085,0.25514314133279176,0.17816086126644096,0.11310689287117565,0.5740740086643084,0.17816086126644093,0.3790036073319556,0.4723172247882955,0.5283613914474403,0.3789130698499114,0.2651430669181044,0.30623753162241313,0.4520332271528871,0.6027778149386993,BUY,0.0,0.0
0.38977636756192585,0.39398732114905,0.3980424317404288,0.4081967292566257,0.08894511608406454,0.0,0.0,AVH,2023-06-02 00:00:00+10:00,"Pharmaceuticals, Biotechnology & Life Sciences",0.5585711645920926,0.6127201121950088,0.5714285714285714,0.3413307153745522,0.359708658731347,0.6306682381789068,0.3472258392827743,0.6014232998183664,0.39728272847108365,0.4432203495981031,0.4686075309013203,0.3185866370076479,0.3227057539935292,0.36895378487946406,0.11777642498336052,0.5621378942374153,0.12593379131801977,0.12593379131801977,0.17265822084594776,0.17265822084594779,0.6116510665103524,0.6116510665103523,0.577716338588105,0.5777163385881051,0.8813560280913701,0.5529108540179873,0.2720843158253119,0.35597503469405933,0.33099698190078297,0.4699026754531231,0.3461784135878518,0.35318169433035485,0.9356227250449738,0.5142911916914807,0.27577707781303984,0.47933801205948184,0.5305392074357389,0.3929330618563997,0.45743988932638824,0.11970598153442105,0.31094302526697487,0.3556467571876236,0.10583283502975431,0.5990884961178538,0.49104378126823667,0.24920559837130343,0.30627358770645197,0.5990884961178538,0.49104378126823667,0.2492055983713034,0.306273587706452,0.9272727903255802,0.5455873068648969,0.3148148311672562,0.19652861663621066,0.9272727903255801,0.3148148311672563,0.24199295502900217,0.4668489816365552,0.7000400709796942,0.41789977982649373,0.4116618415712162,0.2439166682547717,0.44103488769696564,0.5631579294099045,BUY,0.0,0.0
0.4472843381121278,0.44620253624174566,0.4518760644971664,0.4590164318868986,0.1245483448397003,0.0,0.0,AVH,2023-06-05 00:00:00+10:00,"Pharmaceuticals, Biotechnology & Life Sciences",0.6156507828197476,0.6667695384134027,0.5374151667924175,0.304858578011979,0.3835457727995098,0.7232512676219245,0.3597290958793581,0.7063122873741006,0.3915031288903858,0.5628048471433831,0.4689371112481145,0.38675079564811443,0.3261816924673462,0.42735730833049246,0.11917740051944445,0.6236363810913326,0.1916764389529497,0.1916764389529497,0.2429981587623176,0.24299815876231762,0.6660156021758958,0.6660156021758958,0.6110914716308318,0.6110914716308314,0.9204546316595991,0.6406499329738858,0.40133380635525184,0.4073002337911654,0.34591223600577414,0.5660628427995997,0.3910256419556089,0.32799057954703537,0.9234514412978978,0.49522983895704925,0.2859821107864949,0.5777584235096829,0.5307554285124909,0.39338409422732906,0.5341470973604497,0.16171175804958343,0.32575093783183484,0.3923642448210546,0.14274034517309947,0.6719013412461896,0.5859931445876972,0.30858564143726397,0.3352736066567052,0.6719013412461894,0.5859931445876971,0.308585641437264,0.33527360665670525,0.9318182557082277,0.8282931609902113,0.5061729812273318,0.33903175952760456,0.9318182557082277,0.5061729812273318,0.28647697657457205,0.4764184153003772,0.8263201255261168,0.4811422987409129,0.396282939913642,0.32420614426075234,0.31455398395387024,0.44282229579101307,BUY,0.0,0.0
0.45686899352282223,0.45253164407735524,0.45840134388738113,0.47049179187355344,0.0825556015232862,0.0,0.0,AVH,2023-06-06 00:00:00+10:00,"Pharmaceuticals, Biotechnology & Life Sciences",0.4740728329669628,0.5302102634087542,0.5442177179680642,0.31120892954343365,0.4090382324734994,0.6645275384189779,0.3725796606738665,0.6990178474857769,0.38718999536608273,0.5969062391484186,0.4699990895522776,0.4009279165475059,0.3296747529562075,0.4367639362638417,0.12063702132919782,0.6346475678032375,0.1744667435848236,0.1744667435848236,0.24268213071469166,0.2426821307146917,0.6675197708486693,0.6675197708486693,0.605615555642016,0.6056155556420161,1.0,0.7276912397704075,0.41484475411587785,0.4542299143632351,0.3686356936024767,0.6341743255585092,0.4253283642134062,0.3155098000018949,0.8264678498946955,0.47988537588211605,0.29491105095804765,0.615089288735233,0.5313247237839305,0.3949999696298348,0.5501601230019108,0.16857876466427799,0.33616803535243467,0.25135793300003206,0.09222557032927488,0.6879496607366231,0.5885495700012168,0.3407595169917419,0.3652154933818251,0.6879496607366229,0.5885495700012169,0.34075951699174195,0.36521549338182513,0.9673910789994713,0.9621853681096092,0.5493826724428723,0.46499497915238236,0.9673910789994713,0.5493826724428723,0.27580078934355656,0.4668490142296612,0.740951393880011,0.5019027112877834,0.49510747341823413,0.37557743380469705,0.31730828786621457,0.42344498890326876,BUY,0.0,0.0
0.4648562444511027,0.46993672834974,0.4730831836216311,0.48852460092833155,0.0704267826208224,0.0,0.0,AVH,2023-06-07 00:00:00+10:00,"Pharmaceuticals, Biotechnology & Life Sciences",0.4944368860070918,0.5503774554568748,0.585033998158825,0.349265523486421,0.43717926563951687,0.6229340867956581,0.38890335713109725,0.6993233347612313,0.3841708027217356,0.6425262965508622,0.47179346843307474,0.4229696192695157,0.333373287831614,0.45379034246881655,0.12217483627735679,0.6536479233903021,0.147383420675202,0.147383420675202,0.20036512402654424,0.20036512402654427,0.6730849056697122,0.6730849056697121,0.6048058928842102,0.60480589288421,1.0,0.7386940578329636,0.4617417263130489,0.5001151331582011,0.39736554503083305,0.6865685018043224,0.45684673658320757,0.31336746095011503,0.7877915708832601,0.46782859216847067,0.3027045604250755,0.6667829346844525,0.5322989251159935,0.3977145682271926,0.57530253286084,0.1801544515794905,0.3426055727381907,0.20296220723481023,0.07746756765251706,0.7134110008101677,0.6499384618149961,0.37107692026799,0.39644051599156305,0.7134110008101677,0.6499384618149961,0.37107692026799005,0.39644051599156316,0.9708735886433152,0.9770278643021967,0.6172839942237944,0.5676290067572572,0.9708735886433152,0.6172839942237944,0.28647697657457205,0.46001378362447387,0.6912504155124412,0.5332048584957813,0.5840220379698868,0.4146882395412862,0.32295711452781384,0.35897435327431526,BUY,0.0,0.0
0.591054321616685,0.5996835144286528,0.5530179728329607,0.5639344444264653,0.27651544171547127,0.0,0.0,AVH,2023-06-08 00:00:00+10:00,"Pharmaceuticals, Biotechnology & Life Sciences",0.6719050164536349,0.7187797266625434,0.3605442949201606,0.16426686924550954,0.4752524355872801,0.7335957476748236,0.4128679333096219,0.8246268385861517,0.3837394877239753,0.8056026919193597,0.4748329261987378,0.5201000384447846,0.3379279655080111,0.5389617477661378,0.1240384594752694,0.743666732254068,0.22706067222530463,0.22706067222530463,0.2879703346246749,0.2879703346246749,0.7393523566049646,0.7393523566049645,0.6601392488720199,0.6601392488720198,1.0,0.9231381433730026,0.5694156728689757,0.5703324969357257,0.4364955712240405,0.7772899238238367,0.5124613470587607,0.29959576256462706,0.8449579768932087,0.46544484017014404,0.3045936742613357,0.8248323921151572,0.5369283488188807,0.39851192827214915,0.6844894375929138,0.2950155844158817,0.3817161047403979,0.5206269102560332,0.2781979040869137,0.7999520182783697,0.7707820649715046,0.4338365120007416,0.4439618898515152,0.7999520182783697,0.7707820649715047,0.4338365120007416,0.4439618898515153,0.7891892504918511,0.9284743848119943,0.7891892504918511,0.6636622661440787,0.7891892504918512,0.7891892504918512,0.39323850949890016,0.5406699871436493,0.7502560093708429,0.6453068807854896,0.8509009844054497,0.5338588972032444,0.33212429000698196,0.11368420249537414,BUY,0.0,0.0
0.5654952405214999,0.5664556605672442,0.5660685316133902,0.5770491862226577,0.23175397537595274,0.0,0.0,AVH,2023-06-09 00:00:00+10:00,"Pharmaceuticals, Biotechnology & Life Sciences",0.4736572590768886,0.5297967927301259,0.5238094156832037,0.2927798032424089,0.5093527492436751,0.6585504097869448,0.43943735202475376,0.7804171803958511,0.38624110483900514,0.8271739226906145,0.47743294466612646,0.5340416177657589,0.34255113410226923,0.5478493063634672,0.12597376041977057,0.754782903892502,0.2547655988782324,0.2547655988782324,0.24172011211169378,0.2417201121116938,0.7200252042146181,0.720025204214618,0.6491144715378756,0.6491144715378753,1.0,0.9460173342250564,0.5539963947468453,0.6309393551773476,0.481735847708309,0.8305900469307737,0.5534954508771932,0.3077864047569364,0.7852449293471545,0.477903707787152,0.295240140092294,0.8203693334597173,0.5419910147101685,0.3977873981579018,0.6979264884265783,0.36860270283970614,0.4066584437324084,0.35704865245101614,0.2211271400737163,0.7420695859769755,0.8215395386135518,0.5055533434668968,0.4213429756138586,0.7420695859769756,0.8215395386135516,0.5055533434668968,0.4213429756138587,0.8324324547243096,0.8825320409960984,0.8324324547243096,0.7597068971889851,0.8324324547243095,0.8324324547243095,0.3843416797358492,0.528366480793616,0.6752350890961758,0.6407494723267784,0.7250877109949136,0.4311732187566957,0.3538798533069115,0.14906838062149563,BUY,0.0,0.0
0.5782747810690925,0.5712025291684097,0.5823817300889269,0.5852459389302915,0.1578385306847926,0.0,0.0,AVH,2023-06-13 00:00:00+10:00,"Pharmaceuticals, Biotechnology & Life Sciences",0.4594219526216279,0.5155868148196171,0.5034014377773034,0.2765221661178907,0.5348452168110129,0.6021597928294895,0.46531214606345705,0.7296908526958974,0.3968514134733235,0.8169494206962176,0.4806188821978809,0.5405404074387404,0.3470544432840902,0.5509136785956931,0.12794164231353303,0.7595848679964354,0.2454988813828668,0.24549888138286685,0.2526339109770578,0.2526339109770578,0.39109561250451896,0.3910956125045189,0.6438156385504665,0.6438156385504662,1.0,0.9460173481720682,0.6201712028400377,0.6811253835506514,0.5294681047220812,0.852327760228204,0.5846135822945937,0.32582104277133805,0.7404799277090697,0.5078251951014074,0.2824546054521763,0.7743407113553993,0.5476349463835521,0.3976135353091495,0.7028988925016221,0.3857566025366915,0.37474401480128167,0.2332886127790508,0.16125251743247676,0.64194876395662,0.7989377359757142,0.7691914615004872,0.44695992387003103,0.6419487639566201,0.7989377359757142,0.7691914615004873,0.4469599238700312,0.8594595862445102,0.8446047100707713,0.8594595862445102,0.8418820721572678,0.8594595862445102,0.8594595862445102,0.38790043709500666,0.5105947638849482,0.6393456205276468,0.6401512805553093,0.7633788633953693,0.51505744725711,0.37389497154284657,0.12499992671560234,BUY,0.0,0.0
0.5702875301408121,0.5569619988138298,0.5530179728329607,0.5721311971340992,0.08157362420469719,0.0,0.0,AVH,2023-06-14 00:00:00+10:00,"Pharmaceuticals, Biotechnology & Life Sciences",0.4007586880682449,0.45604849524369634,0.4829934598714032,0.2597828239932372,0.5553716317741739,0.5033956764922549,0.48945037841108885,0.6380548266894213,0.40634030846078745,0.7656404953017675,0.48365834083663223,0.5189994447372376,0.35112968126953603,0.5292774625360265,0.12983458838131665,0.7382212700502291,0.2853857346104389,0.2853857346104389,0.28150684711911855,0.2815068471191185,0.40062105928256697,0.4006210592825669,0.6451145285100934,0.6451145285100933,0.9310345536321526,0.9519007084166049,0.8754495436436794,0.71303919163192,0.5749923369938792,0.8330670123104706,0.5982404211294252,0.360164289893419,0.6775313354746643,0.5303472411355423,0.27599033840990106,0.7169944934008721,0.5521900713285908,0.398505685511828,0.6781925839639128,0.3852506053486261,0.35769388426992865,0.1207122211345028,0.08661064656215267,0.5952732316395609,0.7690280385041104,0.7308789226606673,0.44243120227514743,0.595273231639561,0.7690280385041104,0.7308789226606676,0.44243120227514743,0.8162163820120519,0.8538052318997942,0.8162163820120519,0.851052935509068,0.8162163820120518,0.8162163820120518,0.40747336924261635,0.40123045493294207,0.5932003423261963,0.5851768558335189,0.7334617788814083,0.5670636893990172,0.39230888031990696,0.10833332505491078,BUY,0.0,0.0
0.5607028747301175,0.569620214485049,0.5725938110036048,0.5885246243793398,0.05318777329425854,0.0,0.0,AVH,2023-06-15 00:00:00+10:00,"Pharmaceuticals, Biotechnology & Life Sciences",0.48241158341959034,0.5384905721335256,0.591836873713432,0.348484517092999,0.575566968144152,0.49234403201258603,0.5148042039424706,0.6147688746178341,0.41781324503396383,0.7713398233471735,0.4872104786567037,0.5358042433469002,0.3552734105810835,0.5426195000844847,0.1317601151653254,0.7532441393836791,0.28629395833961047,0.28629395833961047,0.27382721393587206,0.27382721393587206,0.3753556840255877,0.37535568402558767,0.6451551865652647,0.6451551865652646,0.9157895370863939,0.956144338801076,0.8826262886438277,0.7434769028157138,0.6184107280906462,0.8146976185006947,0.6040793562341746,0.40587544021108923,0.68059011072605,0.5535669642431453,0.2728798573213935,0.7085438525430782,0.5576265871355452,0.3994040832868047,0.6949798563414785,0.37636761988740597,0.34656092776956,0.08040118494915716,0.05795812439933646,0.5879359039174479,0.7847725282224236,0.8035209065975308,0.46410111196668213,0.5879359039174479,0.7847725282224237,0.803520906597531,0.46410111196668224,0.870270387302625,0.8666859449118901,0.870270387302625,0.8638921267096212,0.8702703873026248,0.8702703873026248,0.4199288290951396,0.4066986654915765,0.5913058023586496,0.5752536338776741,0.7608215739801955,0.5447124396873072,0.40924967639480236,0.12040809474851466,BUY,0.0,0.0
0.5766773004146084,0.5806961909218241,0.592169649174249,0.6032786698150427,0.11237511267090503,0.0,0.0,AVH,2023-06-16 00:00:00+10:00,"Pharmaceuticals, Biotechnology & Life Sciences",0.4770026038620685,0.533123022936727,0.585033998158825,0.34200231418060284,0.5835126649401916,0.51092946845896,0.538942432149813,0.5921565512567624,0.42954496525847435,0.77294095443158,0.49065275490602994,0.5504583743666583,0.359622613462695,0.5535673459159686,0.13378990041214775,0.7658228847866413,0.08123972650962599,0.08123972650962599,0.27616741079972595,0.27616741079972595,0.3753866148314534,0.37538661483145336,0.6425830034074718,0.6425830034074717,0.9175258340104914,1.0,0.950624415363393,0.7716777176490344,0.6596300826912154,0.7955152756537134,0.6055744919575046,0.45401712682457795,0.6877639420560037,0.5767188040185383,0.27039318680141605,0.6989809208785002,0.5638255863275612,0.39908742965739835,0.7082930053619112,0.2917887366765231,0.3502128843487575,0.21366225603498623,0.12140588696635352,0.4782937315494899,0.7488588656204893,0.8055543225410102,0.4556511750638034,0.47829373154948984,0.7488588656204892,0.8055543225410104,0.4556511750638035,0.9162010622546886,0.88600176421193,0.9189188631892263,0.8840678861478458,0.9162010622546886,0.9189188631892262,0.42704625896699777,0.398496317060519,0.5874643220842332,0.5673257666436258,0.8179088660105952,0.6100678477189665,0.4248352087837063,0.09819644698010133,BUY,0.0,0.0
0.6038338621642778,0.6028480683464575,0.5432300537476387,0.5721311971340992,0.26632481775571326,0.0,0.0,AVH,2023-06-19 00:00:00+10:00,"Pharmaceuticals, Biotechnology & Life Sciences",0.3532001147182514,0.4065799445908573,0.3401363170142603,0.15054510703588694,0.5825194607340347,0.42813525953680776,0.5563080697619762,0.4890693294294699,0.4414492147727485,0.6835830554730664,0.4923738947768697,0.507349764765589,0.3638519573401099,0.5111204776600635,0.1356730722417602,0.7228729470894699,0.14770295498162347,0.14770295498162347,0.3299340877775373,0.3299340877775373,0.34805520550434577,0.3480552055043458,0.6290449529475306,0.6290449529475305,0.7428574283108871,0.8921634610610375,0.8625636787472074,0.7772659593480788,0.6938905556705572,0.7348124845355457,0.592800219850844,0.5044041601164827,0.5780725689227971,0.5905727368954252,0.2791756304751264,0.6396662961144114,0.5670735095484827,0.39873975207444007,0.6615022687844081,0.3096025381789297,0.3544334290099556,0.4802942571219632,0.28490937338262234,0.41042903634586064,0.6335891618719496,0.8334069372327884,0.3847292495027704,0.4104290363458606,0.6335891618719497,0.8334069372327886,0.38472924950277043,0.8011051557690053,0.8808576309246613,0.8074868028296079,0.8811057598215253,0.8011051557690053,0.8074868028296079,0.49999991515354314,0.4627477911244735,0.5518025891070265,0.5375005968590534,0.6710235380644524,0.5401946954858878,0.4391738985814978,0.2791665880216523,BUY,0.0,0.0
0.5623003553846018,0.553797444896025,0.5285481362259226,0.5606557589774173,0.10453861389304707,0.0,0.0,AVH,2023-06-20 00:00:00+10:00,"Pharmaceuticals, Biotechnology & Life Sciences",0.4047288580761289,0.46012867054790596,0.4693877087621893,0.24825813435706162,0.5775533923431619,0.40980524962302844,0.5670747605271987,0.4435821162627922,0.45300841187748203,0.636084273426526,0.49380207336934984,0.49048409009819915,0.36792719532555573,0.49217863467315104,0.13754972775723437,0.7041644048901485,0.14551685893588126,0.14551685893588126,0.2930024993581395,0.2930024993581395,0.35173850505783955,0.3517385050578395,0.6307844132014182,0.6307844132014181,0.48484848484848486,0.8564453915487419,0.9210043726991558,0.7738763691725681,0.7205195140973228,0.668242271243341,0.5831993159189985,0.5375558951551116,0.5058422551909416,0.6001287734641951,0.2922738492313937,0.610619463730607,0.5695795422157062,0.3986924386387361,0.6431489546703607,0.28213794453689534,0.35415136072559666,0.2047861655054271,0.11190672933572494,0.38109229601287997,0.5283008497349204,0.825463709854194,0.3740046582017166,0.3810922960128799,0.5283008497349204,0.8254637098541941,0.3740046582017167,0.7624310265566692,0.8441471723312499,0.7700535536610131,0.8471001204812808,0.7624310265566692,0.7700535536610131,0.5391458218719911,0.4736842122417424,0.5119709203655175,0.5086201291079184,0.615098628720263,0.5650159671993763,0.45597638059071366,0.24312898324103904,BUY,0.0,0.0
0.5287540233611361,0.539556989990362,0.5318107759210298,0.5557376917188315,0.09234650608606092,0.0,0.0,AVH,2023-06-21 00:00:00+10:00,"Pharmaceuticals, Biotechnology & Life Sciences",0.4228042415258272,0.4786106467318888,0.5918365493344716,0.35066060341696476,0.5742426695581158,0.405041364287817,0.5761048896013499,0.4159862178905003,0.4638775062197968,0.6040277820817552,0.49508377219573857,0.4824134689580345,0.37196818723971037,0.48105408584553677,0.1394263831173511,0.693534081010764,0.1412900052327569,0.1412900052327569,0.29856440752682545,0.2985644075268254,0.3574723145107157,0.35747231451071565,0.6312488080328764,0.6312488080328763,0.39344246917363296,0.8394574770672363,0.9210042672961117,0.7664255896839958,0.7401094099340755,0.6068400561566718,0.5672311724155907,0.5743638799367038,0.43022763470714387,0.6073946795466163,0.3066071720934406,0.591846322212083,0.571750091760733,0.39875006759867243,0.6342624179253228,0.2876890380663905,0.36308225561887625,0.17780297238643572,0.09684683764568076,0.39293903532865726,0.5035040700452704,0.7974682747246185,0.36860776261509215,0.3929390353286573,0.5035040700452704,0.7974682747246187,0.36860776261509226,0.7245508486203202,0.778905991528842,0.754010659733573,0.7911433646430858,0.72455084862032,0.754010659733573,0.5569394389748646,0.47231719219518964,0.49314163208699463,0.49743078910689215,0.5942012133894462,0.5601300856310313,0.4710986143990078,0.22340430496720276,BUY,0.0,0.0
0.5351437936349324,0.526898698870226,0.5350734156161372,0.5475410171812247,0.026296428795874183,0.0,0.0,AVH,2023-06-22 00:00:00+10:00,"Pharmaceuticals, Biotechnology & Life Sciences",0.41338208374736335,0.4689957514608271,0.5306122912378106,0.29831928591425944,0.5659658941688934,0.4044506278648816,0.5823565199697865,0.3874877689707257,0.4750916550283146,0.5660770970789941,0.4956330721916698,0.4710320678208394,0.3756667225233573,0.4667656127337524,0.1412769740753809,0.6791481923418579,0.11326257710032758,0.11326257710032758,0.30147264224011006,0.30147264224011006,0.34567897376872425,0.3456789737687242,0.62631766916765,0.6263176691676499,0.3114751407257785,0.7973026736730625,0.8925326868856075,0.7544108624914317,0.7530185978771724,0.5485637931213816,0.5455419370076819,0.6119417325993933,0.21945070431678337,0.6104200056740874,0.3266402332332528,0.5698125727400022,0.5727564707582051,0.3986776251510608,0.6221884222278674,0.2738323588520158,0.3587592797822468,0.052892988316350795,0.027851843064153777,0.35683178513481173,0.46554825499041763,0.8184936878235355,0.3415563777183173,0.35683178513481173,0.46554825499041763,0.8184936878235356,0.34155637771831737,0.6458334609590355,0.7260487130396053,0.7272728431787039,0.7639251131495663,0.6458334609590355,0.7272728431787038,0.5533807240389357,0.47641835011416545,0.46776014474599026,0.4863676724376149,0.5731136083525267,0.5412140152974271,0.4847086248264725,0.22580638545443654,BUY,0.0,0.0
0.5447284490456268,0.5490506517437763,0.5497553331378533,0.5754098825831473,0.05788269967815926,0.0,0.0,AVH,2023-06-23 00:00:00+10:00,"Pharmaceuticals, Biotechnology & Life Sciences",0.5169045479670036,0.5724173226442802,0.6054423004436855,0.36093407832216945,0.5603377001650467,0.49849992259052245,0.5835721172938263,0.4418172875515354,0.48759974471678796,0.5935469975331915,0.49588941265541836,0.5069932072822471,0.3795193636989733,0.4934345089244626,0.14323182365158185,0.7076133502545641,0.15828427503321296,0.15828427503321296,0.13153652090560078,0.1315365209056008,0.34795929532112246,0.3479592953211224,0.6167426788923356,0.6167426788923355,0.5142857142857142,0.7932434638824373,0.9528927903676997,0.755094844836503,0.7635032266818992,0.5274142011407994,0.5461230783051627,0.6137907967511316,0.513797513477897,0.6145043929758514,0.3481520005356749,0.5962787226036893,0.5733935172725748,0.3984302517613741,0.6593893920798054,0.24575329101280574,0.36461566283496477,0.12801621170585156,0.06049248169934158,0.3771088191570199,0.4006920724743383,0.8592373134545253,0.33088167126061063,0.3771088191570198,0.4006920724743384,0.8592373134545253,0.33088167126061074,0.6936938910697394,0.7026493554333678,0.8181819804501853,0.7802560813505653,0.6936938910697394,0.8181819804501853,0.540925221763184,0.4859877185917757,0.49957893970866746,0.4982288443230765,0.5691602821185496,0.5689207005436482,0.49695763421119077,0.18257253241973181,BUY,0.0,0.0
0.5543131044563212,0.5506328909782202,0.5579118934818887,0.5639344444264653,0.06886587837560254,0.0,0.0,AVH,2023-06-26 00:00:00+10:00,"Pharmaceuticals, Biotechnology & Life Sciences",0.4048615843707151,0.46026494491795195,0.5170068645075571,0.287078003787431,0.5586823387725237,0.4707376142432764,0.5821828679409691,0.42115141598003647,0.5001078323485992,0.5485446643896776,0.49592603347002945,0.4920042042879543,0.3832350218141457,0.4755092217849043,0.14513780188156952,0.6892819899641571,0.12366950099231352,0.12366950099231352,0.12991831410236593,0.12991831410236593,0.3429744400874657,0.34297444008746564,0.6180952374683863,0.618095237468386,0.38805956340194336,0.7064212373678915,0.9205032958486091,0.7481155484949069,0.7702860741028031,0.4951233138491014,0.5453067701603891,0.6118506400667484,0.4014248572191902,0.6124602668731081,0.37685242100734667,0.5690902482467571,0.5734797391193582,0.39840101866491867,0.6437849944604691,0.1440058614201632,0.3640580644263808,0.23825118427989456,0.07206195620925449,0.40539865931427,0.37134802049318266,0.868047591354087,0.32363347794577163,0.40539865931426994,0.3713480204931827,0.8680475913540873,0.3236334779457717,0.6168224632255949,0.6659766748461319,0.7807487312815904,0.7893288606898838,0.6168224632255949,0.7807487312815905,0.498220600108807,0.49145592915041014,0.48359025852503174,0.49160572845803957,0.5102294771893946,0.5531701770703396,0.5079817426574372,0.18315787064401734,BUY,0.0,0.0
0.5447284490456268,0.5316455674713916,0.536704774357424,0.5377049608340805,0.09894254233528063,0.0,0.0,AVH,2023-06-27 00:00:00+10:00,"Pharmaceuticals, Biotechnology & Life Sciences",0.3628332619936609,0.4166894137069822,0.44897973085628906,0.23001238770244076,0.5540473489748341,0.409178968747574,0.577146834896572,0.37710417813156405,0.5104593532182589,0.482384687703191,0.4961457531191666,0.45757873044482567,0.3867109602879627,0.4414925093287274,0.14698513476020894,0.6538726622504665,0.1502220836640682,0.15022208366406822,0.14692731521658495,0.14692731521658492,0.3699100806216429,0.3699100806216428,0.6132287073344531,0.613228707334453,0.22972990388506417,0.6184835563367556,0.88411212581015,0.7286100948433935,0.7712271667948707,0.4441652955396022,0.5456165163015454,0.6010995992795383,0.2083213888625114,0.6061637317622024,0.40600590925053476,0.5167293283288662,0.5738683515272611,0.3983898241373142,0.6079601196004306,0.14112229535520446,0.3757335027381444,0.34786873592003414,0.10086145863150049,0.38245520637605734,0.3311634736339436,0.7855980404332294,0.33002531815329067,0.38245520637605734,0.3311634736339436,0.7855980404332296,0.3300253181532907,0.41836766966279343,0.5885432270304513,0.685083031577949,0.7750129871485306,0.4183676696627934,0.685083031577949,0.5088967449165941,0.5051264555469962,0.3599500013833897,0.4651457953008499,0.45435778943755045,0.5385477184487738,0.6071987186736554,0.18736375339603617,BUY,0.0,0.0
0.5367411981173464,0.5379746753070012,0.5464926934427461,0.5524590062697834,0.059890401382673805,0.0,0.0,AVH,2023-06-28 00:00:00+10:00,"Pharmaceuticals, Biotechnology & Life Sciences",0.47972348996118475,0.535824690961877,0.5442177179680642,0.3098259205250608,0.5533852075751642,0.45304827469312814,0.5750629525867069,0.41124994130269155,0.5214147101487931,0.4894952613555321,0.4964020918367385,0.47645582189538693,0.3903238810057422,0.45350769523658074,0.1488487578027641,0.6668686549509799,0.16549687934554047,0.16549687934554047,0.15620903910782466,0.1562090391078247,0.36891512521858616,0.3689151252185862,0.6136123056727831,0.613612305672783,0.4062496973201001,0.6133888774355525,0.8841120634545067,0.7178510717911851,0.769506055349275,0.4209427102912002,0.5446825092307181,0.5978589870883223,0.3715807739082725,0.5973326290648682,0.4394021880408802,0.5302148250754873,0.5743888684380363,0.39829111203486783,0.627434237098536,0.12439818431456781,0.37378350807068633,0.23247960713105556,0.061316326410561235,0.4127684182141484,0.36343830744525774,0.8034097603895918,0.33113850795638794,0.41276841821414834,0.36343830744525774,0.803409760389592,0.331138507956388,0.24999981373544622,0.43750178036893245,0.7348066109127217,0.7467220040539164,0.24999981373544622,0.7348066109127217,0.5124553750060664,0.5078605282332075,0.3583215903251515,0.4702850729634438,0.4527915795238058,0.5463625969086635,0.6053520843510739,0.13675221512774094,BUY,0.0,0.0
0.5862619558253028,0.6044303830298183,0.5986949285644638,0.6163934897812622,0.2261923240995932,0.0,0.0,AVH,2023-06-29 00:00:00+10:00,"Pharmaceuticals, Biotechnology & Life Sciences",0.6194989027201653,0.670366441959445,0.5986397492680389,0.35226412844833443,0.5672901927549294,0.5936390164556951,0.5780151116018183,0.5363331918454,0.5354755264252189,0.5765319282605352,0.4984894311228068,0.5567704549554279,0.39443336465423884,0.5194531094559627,0.1509437049481092,0.7365958229944236,0.2794112762672274,0.2794112762672274,0.27246117963020733,0.2724611796302073,0.41040839322921074,0.4104083932292107,0.6465073652470674,0.6465073652470673,0.6770834057695307,0.5945673800790077,0.9264486539346165,0.7360730707628388,0.7723192272073215,0.4604955676658665,0.5568607295630419,0.5901034472197734,0.8524356712493676,0.5911796966148817,0.47618734150929304,0.650481998631321,0.5794712089561147,0.3964107807461184,0.7080153541904493,0.22740133827216497,0.41099996754104895,0.5350718289816625,0.21389845089488688,0.5258948905312495,0.41940196002952046,0.9012963613803298,0.395131372354256,0.5258948905312495,0.41940196002952057,0.9012963613803301,0.395131372354256,0.8461540154451201,0.515570366770799,0.9450550026370141,0.8024745119113683,0.8461540154451201,0.945055002637014,0.4483985061593436,0.5598086263195522,0.7016394361978375,0.54039839450627,0.43661415184968594,0.5941196569179574,0.5148670025445865,0.07889538559901044,BUY,0.0,0.0
0.6277955387770491,0.623417706536647,0.6264274048666094,0.6360656024755509,0.15236326321144777,0.0,0.0,AVH,2023-06-30 00:00:00+10:00,"Pharmaceuticals, Biotechnology & Life Sciences",0.48863051925248624,0.5446458726395716,0.5034014377773034,0.27781415576702845,0.5795398165421717,0.6124152762909136,0.5814882432645405,0.5692939824318379,0.5491912923487663,0.5855775460744381,0.5014922698200353,0.5780909965136237,0.39857709396578633,0.5356398255909133,0.15313313639577555,0.753941416566781,0.27330633480709055,0.2733063348070906,0.2751659501699457,0.27516595016994577,0.4035528399354281,0.40355283993542806,0.6426087707814789,0.6426087707814788,0.7333335149856336,0.6055169270875304,0.9351935707900568,0.7569881350984575,0.7793790831349047,0.4975396776319844,0.5724650804024234,0.5795268085038935,0.8748931250963309,0.5864939686438491,0.5105258946297344,0.6954853170471583,0.5865103296242227,0.39405315584014994,0.7258928865346853,0.2760856597627764,0.4316213709733512,0.30425495952123777,0.13823464081313538,0.5096765448475913,0.42445169203801897,0.8702415318049312,0.4301328819821264,0.5096765448475912,0.42445169203801886,0.8702415318049315,0.43013288198212646,0.8701299907666984,0.669358388771573,0.9444444959546328,0.8904812079509961,0.8701299907666984,0.9444444959546326,0.4555159360312018,0.5734791201230325,0.7266807833874913,0.5781139782298601,0.57630380034073,0.640263344346686,0.5167449364875675,0.1021194079244454,BUY,0.0,0.0
0.60862622795566,0.5996835144286528,0.6101142063910727,0.6229508606793586,0.07901786279365218,0.0,0.0,AVH,2023-07-03 00:00:00+10:00,"Pharmaceuticals, Biotechnology & Life Sciences",0.4029064225191818,0.4582566703773743,0.5306122912378106,0.29831928591425944,0.5914583775229272,0.5425140965172797,0.5868715886471518,0.5316528235423628,0.5604917037455035,0.5434036175693864,0.5044951085172638,0.5570242192567544,0.4026694547827576,0.5156786269773648,0.1552085350647783,0.7335351367139642,0.27429643768559664,0.27429643768559664,0.2521608524679908,0.25216085246799086,0.399784586583963,0.39978458658396304,0.6419168115052378,0.6419168115052377,0.7129629956678458,0.55977843992377,0.8910947564498269,0.7651043189160373,0.7868932453064479,0.5015026214686293,0.5849680026365578,0.5764220336903584,0.7367208745280854,0.5792861158958225,0.542743724117406,0.6648280890550589,0.5925918966933539,0.3929171504532986,0.702370645760757,0.28131681477173087,0.4295484496213895,0.15519240207430146,0.0719842181507186,0.5085115757488554,0.44742357696026325,0.776673264509121,0.43214146637086087,0.5085115757488554,0.4474235769602633,0.7766732645091212,0.432141466370861,0.7662339833800571,0.8450937879630362,0.8853504229348357,0.9415638294079565,0.7662339833800571,0.8853504229348357,0.4626333659030598,0.5748462053557969,0.6202329047299355,0.5539847083936145,0.4856164671242649,0.6070485972540227,0.5211768599960233,0.09784735556476876,BUY,0.0,0.0
0.5846645513428887,0.5727847684028538,0.5807504491351063,0.5901639280188502,0.09260499129611012,0.0,0.0,AVH,2023-07-04 00:00:00+10:00,"Pharmaceuticals, Biotechnology & Life Sciences",0.3508686945793051,0.40412630761110646,0.4965985622226965,0.27129248611443146,0.6020526399176467,0.4254055499799345,0.5899973996910806,0.4592983952769254,0.5673927149163935,0.47682365050460707,0.5069486472185609,0.5115924313846377,0.40624812983748637,0.47511139307645567,0.15713731977281994,0.6911015041864785,0.2842928023357279,0.28429280233572796,0.27703977226901955,0.2770397722690195,0.37877189943022727,0.3787718994302272,0.6509989522977269,0.650998952297727,0.5405403896059822,0.5171268795484467,0.8002152549877342,0.7542980724701613,0.7904197306522066,0.4667178490615267,0.5872724819221333,0.5802553323049341,0.5499805504226196,0.5730627719718802,0.5645554398181043,0.5540966417645219,0.5965117387592356,0.39332754493377925,0.656847335661956,0.27805117620316516,0.42287832066661407,0.18376714188772905,0.08548873920030013,0.5012477879164297,0.4225529659131564,0.6317886605911798,0.41312808399417084,0.5012477879164295,0.42255296591315633,0.6317886605911799,0.4131280839941709,0.5064933456444021,0.7294671849464994,0.6935482382401936,0.8562223951306018,0.5064933456444021,0.6935482382401936,0.4733095107108469,0.5789473632747728,0.4979768855080978,0.48999910878943154,0.48098667492369473,0.5652893181790501,0.5254315065641408,0.10997962904981406,BUY,0.0,0.0
0.5766773004146084,0.568037975250605,0.5758564506987123,0.5770491862226577,0.039038372840044064,0.0,0.0,AVH,2023-07-05 00:00:00+10:00,"Pharmaceuticals, Biotechnology & Life Sciences",0.4009783841153593,0.4562744747959895,0.47619058431679623,0.25463625764791603,0.6070187083085195,0.37754764907763816,0.5922549340297631,0.4286057598648254,0.5729997893206522,0.4459834969832783,0.5088162651093153,0.4923667209468944,0.40979255922916447,0.45639518483075925,0.15901071713122497,0.6716997703757097,0.29562355019491227,0.29562355019491227,0.28156798561905316,0.2815679856190532,0.3844705644427495,0.38447056444274946,0.651953741550126,0.6519537415501259,0.5357142553037496,0.46056903062850874,0.72533924563118,0.7375920334546993,0.78939944561435,0.4270560660507398,0.5873941207654636,0.5847784903777025,0.46872563872787204,0.5640774353547682,0.5868859720223052,0.48998038357350915,0.5994201364868808,0.39373607780702585,0.6375847650213123,0.2673064597944499,0.41379143732872103,0.08021006844072381,0.03670639439995302,0.4561954689300364,0.4128072449837684,0.5940015077840626,0.3901883846626847,0.4561954689300365,0.41280724498376836,0.5940015077840626,0.39018838466268474,0.40259733825776084,0.5703106584030041,0.6166665739483156,0.7450005834407385,0.4025973382577608,0.6166665739483156,0.4679714807301817,0.5461380673298603,0.469678372498335,0.4634223897476786,0.44493705902491354,0.5296578090761072,0.5295159672695338,0.09730854543537504,BUY,0.0,0.0
0.5575079895932193,0.5443037831426107,0.5546492537867813,0.5540983880793209,0.05860974484800559,0.0,0.0,AVH,2023-07-06 00:00:00+10:00,"Pharmaceuticals, Biotechnology & Life Sciences",0.3731393573365268,0.42745435728308334,0.4625851575865427,0.24234755735727442,0.594438005928094,0.3478586657706111,0.5929495587061918,0.3812150193550481,0.5764502969627596,0.4026227124946278,0.5112698038106125,0.45994009612663733,0.413336989029083,0.42722363483855796,0.16083524337645297,0.6413982893691037,0.13722722215310273,0.13722722215310273,0.2935504144506339,0.2935504144506339,0.3932319591932272,0.3932319591932271,0.6280170720843636,0.6280170720843635,0.5454545060465125,0.39038834867417427,0.670493891700664,0.7120528869336865,0.7827106136865256,0.37760895133684197,0.5867054347072171,0.5869961010253122,0.3371916657792817,0.5549958336739063,0.6047944753243939,0.34825361575197566,0.6015815591920293,0.3963898134604294,0.6061750951707192,0.18095384017194296,0.411323907872223,0.16828533637234172,0.05538741705333518,0.32820828553354814,0.39494069998902664,0.5338984804513782,0.41809206962115236,0.3282082855335482,0.3949406999890267,0.5338984804513783,0.4180920696211524,0.22077932533113864,0.384628079237314,0.45945961039401784,0.6004870437156778,0.22077932533113864,0.45945961039401784,0.4733095955573037,0.5502392578419419,0.39092820142828943,0.37762133279465043,0.3725565729320129,0.49673299486316935,0.627543024198963,0.09594878545307095,BUY,0.0,0.0
0.5255591382242379,0.5174050371168116,0.5285481362259226,0.5262295226773985,0.06791143728213904,0.0,0.0,AVH,2023-07-07 00:00:00+10:00,"Pharmaceuticals, Biotechnology & Life Sciences",0.3572112162859357,0.4107949765506611,0.48299313549244294,0.2574317396550538,0.572256245359106,0.32827556466727437,0.587739865352398,0.3344912920992116,0.5744662553770472,0.359491672252676,0.5121486824071615,0.42331183376755255,0.4166416987794058,0.39331949878712336,0.16261415643253677,0.6059010480013307,0.05362159065205637,0.05362159065205637,0.28871455202978,0.28871455202978,0.28523931059040186,0.2852393105904018,0.6154121931387906,0.6154121931387905,0.4322034720201726,0.3955963012264002,0.602101364987471,0.6776836689500623,0.7694565117871216,0.32033966103831024,0.5906985218882121,0.5716970885342806,0.24427949878714317,0.557571956850835,0.597600569075396,0.22717352074244002,0.60244749140159,0.3972234262024173,0.5703896390138091,0.13743716658052207,0.3677650621125213,0.243831788262635,0.07047024936866256,0.26344593803547567,0.3285248714004969,0.39715016514428453,0.3546103182518969,0.26344593803547567,0.32852487140049685,0.3971501651442846,0.35461031825189704,0.0,0.21220863178788474,0.0,0.36515181711093836,0.0,0.0,0.4056940117746518,0.554340383167812,0.30780295425220683,0.2603037703179352,0.44042519271302233,0.46428848431167835,0.6256337906355824,0.09513270578609201,BUY,0.0,0.0
0.5111821170221611,0.5063291361289534,0.5171288583993137,0.5229508372283505,0.053861078411843774,0.0,0.0,AVH,2023-07-10 00:00:00+10:00,"Pharmaceuticals, Biotechnology & Life Sciences",0.42701065406893424,0.48288969161849205,0.5306122912378106,0.29831928591425944,0.5520609089891282,0.3725437649032166,0.5833984569844295,0.3356152773743166,0.5716195879091392,0.3582564756929687,0.5116726222942758,0.41969112672864994,0.4198094254692848,0.3862452848785394,0.1644126179649629,0.5984139115964382,0.07634243741376737,0.07634243741376737,0.2874676784974384,0.2874676784974384,0.2805731541270753,0.28057315412707523,0.5781526684484046,0.5781526684484045,0.14814801732861668,0.40913147817379664,0.47860317865568713,0.6477908560744098,0.7519795217332302,0.2835031244351732,0.5939029569647725,0.55908797230137,0.27049530930495214,0.5594609329550919,0.5893986995527256,0.24373631976518365,0.6017515478013413,0.39706135273361104,0.5668742245224805,0.12447427841905978,0.3306190385658708,0.20897632827961693,0.06099010467082694,0.27507296688158267,0.3375335134784325,0.37793846014659077,0.3063053010669437,0.2750729668815827,0.3375335134784325,0.3779384601465908,0.30630530106694376,0.0595240257764497,0.09542030380419837,0.0595240257764497,0.17610185548482363,0.059524025776449774,0.059524025776449774,0.36476883243469627,0.4518114026003105,0.29468830548386016,0.2553571909288366,0.46130216415185965,0.3665292084425144,0.6208901288777391,0.12222226460774732,BUY,0.0,0.0
0.5527156999739073,0.5443037831426107,0.5432300537476387,0.5508197026302728,0.06252610667311546,0.0,0.0,AVH,2023-07-11 00:00:00+10:00,"Pharmaceuticals, Biotechnology & Life Sciences",0.5195775037081285,0.5750248744458643,0.4693877087621893,0.2476271120704061,0.5441152121930886,0.47469602913781284,0.5847877063372866,0.38963021924037755,0.5698080714998661,0.4073622872529168,0.5119655818264588,0.4549013576222053,0.42328536353486135,0.41213116483431156,0.16631533819323893,0.6257402398272933,0.17185261131870713,0.17185261131870713,0.29419096801777644,0.2941909680177764,0.29845900460953856,0.2984590046095385,0.5855766417010864,0.5855766417010863,0.1976744766297155,0.4738192908134009,0.5051818432134269,0.635682834040048,0.7352137482636948,0.2897071144022164,0.5931036190251697,0.5628657447221667,0.3855899804034258,0.5582966034683639,0.586955085491724,0.382917076035412,0.6022356458400542,0.3970898690593076,0.6012877613897423,0.10897511081990657,0.3107167400084393,0.2684767121691915,0.07444121262073379,0.3593922164756772,0.40321612746736785,0.40235156130711947,0.33242709821455957,0.3593922164756772,0.40321612746736785,0.40235156130711947,0.3324270982145596,0.2619050322205621,0.10942023434389776,0.2619050322205621,0.10906751114098767,0.26190503222056205,0.26190503222056205,0.37722429228721943,0.4668490142296612,0.4012529342422067,0.36729286926533666,0.5338251641449038,0.44462394968425434,0.6134019773500861,0.0899357750390557,BUY,0.0,0.0
0.5415335639087286,0.5332278067058356,0.5448613347014593,0.5491803208207353,0.058317727621876106,0.0,0.0,AVH,2023-07-12 00:00:00+10:00,"Pharmaceuticals, Biotechnology & Life Sciences",0.43201904477216074,0.48797382567029257,0.51020398895295,0.28116960328605833,0.5384870024025459,0.48622467160729466,0.5844403939990724,0.386949777689958,0.5686003911514674,0.40649193732485767,0.5120022008948935,0.452765087933215,0.42650445871931664,0.40672273828019967,0.1682376067424998,0.6198023108204322,0.1710622693088079,0.1710622693088079,0.28949723409948236,0.2894972340994824,0.29573420348499646,0.29573420348499646,0.5848244985837043,0.5848244985837042,0.21518985049654418,0.4857414113843014,0.48816539995621144,0.6244432777916578,0.719216647591751,0.29641229877093545,0.5932036621257417,0.5620348030947816,0.3802285267881697,0.557952517410637,0.5848191172281498,0.38185173516838034,0.602298701565289,0.3970901867875957,0.5991911431007588,0.11890945362258859,0.3058606490862805,0.23437987193390628,0.07031268633774801,0.3757588236079205,0.382869664654102,0.4157367384078444,0.32365685839601827,0.37575882360792057,0.382869664654102,0.41573673840784453,0.32365685839601827,0.25,0.19452473222731181,0.25,0.19389766917075865,0.25,0.25,0.3701068624153614,0.4627478237175794,0.3856026683480466,0.3600919911380524,0.5187850527063742,0.37091846885820473,0.6063631149140922,0.1223176374089201,BUY,0.0,0.0
0.591054321616685,0.5870252987574336,0.5905383682204284,0.6032786698150427,0.13332107527182585,0.0,0.0,AVH,2023-07-13 00:00:00+10:00,"Pharmaceuticals, Biotechnology & Life Sciences",0.5920420592472566,0.6445735393392463,0.5238094156832037,0.2929570665188565,0.5484191233975952,0.6128528354454579,0.5830511363656359,0.4994390142961518,0.5693767523887812,0.49545350918317643,0.5128810794914422,0.5206342091021537,0.43028860775235,0.45962756244055636,0.17042377995541827,0.6752939392654778,0.25272569268699385,0.25272569268699385,0.26002911332758727,0.2600291133275873,0.3480865727228648,0.34808657272286475,0.6102472632499829,0.6102472632499828,0.5434782157998942,0.5301340683501103,0.5949875241691541,0.6389520868378988,0.709755197906057,0.3534232206738743,0.5894164095580086,0.5634737445010253,0.6360674050187188,0.5598237559842874,0.5842567563056047,0.6235213586518028,0.6043503597646902,0.3964110841943152,0.6648501508664288,0.1574070058526093,0.32259337744659344,0.4293342702502513,0.15400336168700404,0.4943690444094906,0.37208299060370303,0.4616222599637477,0.351425414060393,0.4943690444094907,0.372082990603703,0.4616222599637478,0.351425414060393,0.6428569806676627,0.3931017651267715,0.6428569806676627,0.39183457616033807,0.6428569806676627,0.6428569806676627,0.4110321266017738,0.48872185646419886,0.5518093552903032,0.5229775148209492,0.5560625632998882,0.44370381832719297,0.599746584224258,0.03006014073099239,HOLD,0.0,0.5
0.725239649710548,0.719936714203068,0.711256114726867,0.7311475586679734,0.4301242749811854,0.0,0.0,AVH,2023-07-14 00:00:00+10:00,"Pharmaceuticals, Biotechnology & Life Sciences",0.7795711622326271,0.8150472387716958,0.48299313549244294,0.26618335463598125,0.589803000343708,0.8416809472338933,0.59312320245443,0.7363164807912319,0.5761052424965567,0.6958298898522433,0.5157374384225792,0.6792926071981479,0.4354254621088507,0.5876719610726342,0.17312798841283825,0.8103791581681052,0.41341692201773617,0.4134169220177362,0.5193926899452392,0.5193926899452392,0.5540840245837971,0.554084024583797,0.7259790685487271,0.725979068548727,0.790123409549751,0.6935110322184925,0.7201827357121302,0.7064774147997644,0.717713162521082,0.5053739399492071,0.6412321722524161,0.5253366200513861,0.9393525935305904,0.5955569825702269,0.556491235532095,0.9411147675945022,0.6149538284542984,0.3891831085500131,0.8087561539463637,0.34404948107825695,0.38894295107508686,0.7054422810774224,0.42602216445645813,0.7486435134886357,0.49164592811105867,0.5947836608576084,0.41214868353199385,0.7486435134886358,0.4916459281110588,0.5947836608576085,0.41214868353199396,0.9103447663514829,0.6138423170502375,0.9103447663514829,0.6118635566367727,0.9103447663514829,0.9103447663514829,0.5498221787959201,0.5912509674041238,0.8025363345250409,0.7928044524930085,0.744412580650047,0.5736700978411179,0.4960876034168553,-0.12824952748081975,SELL,0.0,1.0
0.7284345348474461,0.7262658220386776,0.7389885910290126,0.7590164240698958,0.1509860078225086,0.0,0.0,AVH,2023-07-17 00:00:00+10:00,"Pharmaceuticals, Biotechnology & Life Sciences",0.5013393405282934,0.5571718066024592,0.585033998158825,0.33492059260972756,0.6374772284800336,0.7708998459897942,0.6075366769111924,0.7594712986523664,0.5859391857802367,0.7231304340122997,0.5200585950146308,0.7080549547147111,0.44093901916715017,0.6092118435701249,0.17590061669281384,0.8338669854599094,0.37638444615917405,0.3763844461591741,0.5132558974310857,0.5132558974310857,0.5388658933730873,0.5388658933730872,0.7154979921501967,0.7154979921501966,0.8787877474278257,0.7606957086155139,0.7317042055845728,0.7700253542908039,0.7386920772293148,0.6189565609348895,0.6952571068006661,0.4936512427287204,0.8566920283797426,0.6325125937266418,0.5338221919839932,0.8732341700226862,0.6298443383635233,0.37971642207256,0.8215959022530603,0.3940964019617862,0.3648589194878905,0.21883633369616626,0.1577066084154723,0.8006165024501748,0.5391525641793297,0.673155346379283,0.4647209191516458,0.8006165024501749,0.5391525641793298,0.6731553463792832,0.4647209191516458,1.0,0.8691558107004796,1.0,0.8663540307260857,1.0,1.0,0.548042863751184,0.5980862631955226,0.7433214558766748,0.7401900685484735,0.8224636500443281,0.5889604905073055,0.5006259453958779,-0.17340070705156252,SELL,0.0,1.0
0.7428114798774528,0.7310126151909264,0.7389885910290126,0.7573770422603583,0.07133814284594436,0.0,0.0,AVH,2023-07-18 00:00:00+10:00,"Pharmaceuticals, Biotechnology & Life Sciences",0.4330232602471424,0.4889918278726201,0.5170068645075571,0.28930736704880594,0.6791921682326334,0.6512574679651775,0.6252496227212803,0.7174800221872768,0.596290704593234,0.70119401891519,0.5242698909090258,0.6996053786516917,0.44646969864873454,0.5999092478928602,0.17861785739011662,0.8250522125190265,0.4133420292107593,0.4133420292107593,0.4856673729055919,0.4856673729055919,0.5347220339579168,0.5347220339579168,0.7157686966995607,0.7157686966995606,0.9731540810520367,0.7478164775742436,0.7783875786402924,0.8165294428813938,0.7661686004795948,0.6756356360455182,0.7387993849309744,0.4807016784035888,0.7686948231337782,0.6612425105166715,0.52189015493983,0.7947552192408076,0.6436271680305297,0.37142058743134704,0.8028635360319942,0.3986371030962978,0.35792629035922785,0.10231676040946357,0.07570262169286451,0.740579933580656,0.5816336583031394,0.6887933168345393,0.4605228820729145,0.740579933580656,0.5816336583031394,0.6887933168345393,0.4605228820729146,0.973684235292789,0.9817753602645585,0.973684235292789,0.9786105438877046,0.973684235292789,0.973684235292789,0.548042863751184,0.5447711776557311,0.6783077126792273,0.6692190066161514,0.8269484478069742,0.6903235344076945,0.5097714866681667,-0.15008429886159746,SELL,0.0,1.0
0.7476038456688352,0.7405063523932575,0.7438825894654066,0.7606557277094064,0.07533133962180771,0.0,0.0,AVH,2023-07-19 00:00:00+10:00,"Pharmaceuticals, Biotechnology & Life Sciences",0.4441135377526868,0.5002034160056733,0.51020398895295,0.2848691166415112,0.721900327978086,0.5513060467733881,0.6446991302224397,0.6828923049928786,0.6070735384039916,0.6868499277133502,0.5289206278478715,0.6967333420074843,0.4521544836140473,0.5955824952799774,0.18141980822924822,0.8214581502681089,0.40644036419690655,0.40644036419690655,0.47495787844430515,0.47495787844430515,0.532530496957013,0.532530496957013,0.7120383435235207,0.7120383435235206,0.986576880513627,0.6993693899088573,0.800549668009129,0.8513507159547444,0.7961568033304313,0.6975451856609716,0.7744316620366736,0.4803346199923165,0.7186081465204839,0.6858895169150123,0.5156543054177558,0.7512770148399238,0.6576221276300909,0.3638232994903236,0.7905988324467472,0.40740394492434595,0.3543733335806396,0.1059092733788791,0.08059931653589619,0.7489728786930772,0.6042695665731633,0.7006259256373046,0.47819220496906634,0.7489728786930772,0.6042695665731632,0.7006259256373047,0.47819220496906645,0.9493668479351598,0.9950591789027362,0.9493668479351598,0.9918515412772805,0.9493668479351598,0.9493668479351598,0.4946620548657915,0.5256324407005106,0.6350726324621123,0.6308155380451775,0.803139098729599,0.743333506355371,0.5232227537291706,-0.14957981428834977,SELL,0.0,1.0
0.7316294199843443,0.7167721602852632,0.7308320306849774,0.7409836150151177,0.06265379481381847,0.0,0.0,AVH,2023-07-20 00:00:00+10:00,"Pharmaceuticals, Biotechnology & Life Sciences",0.39247945587377864,0.44751565292256984,0.4965985622226965,0.2755211693446846,0.7497102983376167,0.4413151418169887,0.6644959500618135,0.6066029151588066,0.6172525320405498,0.6377674777123818,0.5332784052545343,0.6658087051890941,0.45672628371372925,0.5694112368713063,0.18416637171874325,0.793390583656608,0.44396946514560176,0.44396946514560176,0.466656199380164,0.466656199380164,0.5367922248574247,0.5367922248574246,0.7145221959312904,0.7145221959312901,0.9027775754164046,0.6402814127097428,0.7756371118528024,0.866352623770999,0.8235969821532889,0.6753186011674711,0.7949118019977786,0.49791856752743624,0.6504396964201601,0.7025960418808221,0.5174627375389831,0.6887135355245984,0.669307654477517,0.3585262050913554,0.7588131939298535,0.3709902268851571,0.36196515763457715,0.09596090173017977,0.06587451652726477,0.6192090876973979,0.614756821026365,0.6888547608821052,0.469638198844442,0.6192090876973979,0.614756821026365,0.6888547608821053,0.46963819884444213,0.8734175725312895,0.9519682431803832,0.8734175725312895,0.9488995119734295,0.8734175725312894,0.8734175725312894,0.4893239400386695,0.5215311850022172,0.5839995193138996,0.5788948167633812,0.7323510177650095,0.7484318704737977,0.5408328540623006,-0.14408236081998327,SELL,0.0,1.0
0.6549521005267185,0.6503164525624461,0.6411093223883257,0.6524590297207915,0.11309127659050013,0.0,0.0,AVH,2023-07-21 00:00:00+10:00,"Pharmaceuticals, Biotechnology & Life Sciences",0.23355425772462543,0.27702246050657997,0.4557822820319357,0.24370527305844042,0.7338188889588415,0.27261975669321803,0.677867487503933,0.4196460250154901,0.6213068757435316,0.4920078461215027,0.5350727832622433,0.5534497120522083,0.45946593920723333,0.475949867166959,0.1865512880851903,0.6929852929382421,0.28279961369925527,0.28279961369925527,0.5553610340395669,0.5553610340395669,0.6094144583161802,0.6094144583161802,0.7587197212979899,0.7587197212979898,0.6598984845294199,0.5196433431402325,0.6604881453956047,0.8348475261995683,0.8383046795666076,0.5642523118571932,0.7894720337199728,0.5317161411216255,0.4761984777660636,0.7058343774464768,0.5221899122845441,0.5326338495717995,0.673193853737142,0.35752575801860126,0.667808693828742,0.20762819939950883,0.37349332504857247,0.28920956257850505,0.11585852209850343,0.31835441317452307,0.5465845603817092,0.5380205982549886,0.38102005241223275,0.31835441317452307,0.5465845603817092,0.5380205982549886,0.38102005241223275,0.5316455314182793,0.8014903154272819,0.5316455314182793,0.7989066595536302,0.5316455314182793,0.5316455314182793,0.5693950685203015,0.587149776892042,0.4840945927614922,0.47426594498030294,0.7129229127963862,0.7127367087194699,0.5570341463687802,-0.06805295578646853,SELL,0.0,1.0
0.6837060667588017,0.6819619917404939,0.6867862781198286,0.6950820187284441,0.08138708848610497,0.0,0.0,AVH,2023-07-24 00:00:00+10:00,"Pharmaceuticals, Biotechnology & Life Sciences",0.5445198715793523,0.599210376917187,0.5102043133319104,0.28390517566626355,0.7209071237719293,0.39995800855024966,0.6961014059616321,0.4654757179788864,0.6282078910277464,0.54772715587232,0.5387714017214946,0.6012422274977661,0.46205148962524945,0.5160625180839575,0.18911214104943327,0.7326409451990636,0.31799337916343534,0.3179933791634353,0.5572207009022828,0.5572207009022827,0.6183174478657201,0.6183174478657198,0.7515240838668436,0.7515240838668434,0.6473684870965394,0.6112264135722003,0.6733656356435594,0.8259463533602721,0.8480240556180907,0.5207388500483126,0.7810736473223647,0.5789189811284401,0.527854935079271,0.7129381135952604,0.5283691646607744,0.5931125347427602,0.6810097698463013,0.35571164419096607,0.7034290958315625,0.17176499073883258,0.37610789355318863,0.2440055712578378,0.08289690084473125,0.3393252198554309,0.6056283343025075,0.6064721551139372,0.450122444269084,0.3393252198554309,0.6056283343025075,0.6064721551139372,0.4501224442690841,0.6962025965889251,0.715308649455875,0.6962025965889251,0.7130028057568714,0.6962025965889251,0.6962025965889251,0.5871886431999467,0.6144908296852142,0.5206930272817365,0.5116777580602714,0.778514730548995,0.719048404119101,0.5719393352907415,-0.11351353023241983,SELL,0.0,1.0
0.6741214113481073,0.6629746682336651,0.6639478002540771,0.6852458842112725,0.054843499863096105,0.0,0.0,AVH,2023-07-25 00:00:00+10:00,"Pharmaceuticals, Biotechnology & Life Sciences",0.4130033973635342,0.4686084466430426,0.51020398895295,0.28374826910529277,0.706339997192494,0.4099260896997583,0.7103412201089977,0.42403892801336673,0.635971528080832,0.5202555150026076,0.5455094762002322,0.580101757014336,0.4648425136133296,0.502742312973161,0.19165670330600929,0.716481839131708,0.3159540458716502,0.3159540458716502,0.5631442028234446,0.5631442028234446,0.6078468355840769,0.6078468355840769,0.5222466961557937,0.5222466961557938,0.381355921929686,0.6161889566585892,0.6754067072400829,0.8113834021488355,0.8524508758769568,0.474571530894544,0.7690162755854137,0.6220362105642335,0.47469666944692457,0.7165908069161655,0.5404104085010737,0.5659076706590567,0.6875224939111984,0.36226354820060674,0.6876554846398841,0.16326556533514194,0.3668995209986228,0.1714281455563177,0.05702102294066443,0.32910742088904593,0.5514922513145251,0.633170241276259,0.6117902083495942,0.3291074208890459,0.551492251314525,0.633170241276259,0.6117902083495943,0.6582276570913967,0.6420541306435293,0.6582276570913967,0.6399844276241548,0.6582276570913966,0.6582276570913966,0.5996441878989267,0.6240602307559302,0.4940716964270272,0.4848392066191081,0.7673396527353998,0.7210598318496989,0.5856521090989459,-0.0892531496441874,SELL,0.0,1.0
0.6437699644615398,0.6392404761256709,0.6476346017785404,0.6573770969793773,0.0357349140903086,0.0,0.0,AVH,2023-07-26 00:00:00+10:00,"Pharmaceuticals, Biotechnology & Life Sciences",0.3687967889891721,0.422924813102456,0.523809740062164,0.29328930112302043,0.6854825352095424,0.3911739334370341,0.7218025438312282,0.35680938809352236,0.6414923419535337,0.4690114963837131,0.551441912838555,0.538418329394012,0.46725683530785156,0.4718394548787599,0.1941002652568408,0.6818084670742928,0.31172440417967967,0.31172440417967967,0.5793094230778314,0.5793094230778314,0.6184905650323925,0.6184905650323924,0.5317238104110391,0.531723810411039,0.23728825202857778,0.6087713279537083,0.6733656356435594,0.7844818306787923,0.8498064451228342,0.4128885340353611,0.7445789166274144,0.6734970695879389,0.33711954154041623,0.7175039752782293,0.5509487443172121,0.5097311122222478,0.6919933938413685,0.36964353940295286,0.6559465333806157,0.1428621613082877,0.36185558548992147,0.12441912868876691,0.03758126098268038,0.29121041696449795,0.5196564760279285,0.5759015648992784,0.5737491250024671,0.2912104169644979,0.5196564760279285,0.5759015648992785,0.5737491250024671,0.5506330011670436,0.6485178069597098,0.5506330011670436,0.6464272678616474,0.5506330011670435,0.5506330011670435,0.6156583626873791,0.6322625465938819,0.45921572522114135,0.45350853973994404,0.7761269406369676,0.7405118767619473,0.5982678610024939,-0.09210530679405982,SELL,0.0,1.0
0.6597443901460307,0.664556982917026,0.6655791589953639,0.6852458842112725,0.03173128019685736,0.0,0.0,AVH,2023-07-27 00:00:00+10:00,"Pharmaceuticals, Biotechnology & Life Sciences",0.506805407644787,0.5625375466716173,0.5714285714285714,0.3279441020610588,0.6742261156284568,0.48652651094420696,0.730485360567165,0.3914994379464245,0.6451153706587553,0.506192736209051,0.5584729477225641,0.5631922281126057,0.4697054022571836,0.49693803612527976,0.19669695686134178,0.7053636980688409,0.34639534568397573,0.34639534568397573,0.5542293751011902,0.5542293751011902,0.580138495283048,0.580138495283048,0.5231199697500075,0.5231199697500074,0.33582083444387795,0.6768025698080845,0.6843269946812014,0.773159606966739,0.8450874096375871,0.39479161782082745,0.7292267893273019,0.7088872513606217,0.3772942744089433,0.7215633108330397,0.5538059052165127,0.552480552684931,0.6970450570483109,0.37870553980057925,0.6773996981620829,0.1269282846821195,0.3212499478338287,0.12126377999758874,0.036777601772667146,0.34810171734405265,0.4808149288776627,0.5238591932287848,0.6311378212845182,0.3481017173440526,0.4808149288776627,0.5238591932287848,0.6311378212845185,0.6582276570913967,0.6355904543273491,0.6582276570913967,0.6335415873866621,0.6582276570913966,0.6582276570913966,0.6263345074951663,0.641831947664598,0.47897551538631267,0.47586557286284853,0.8157342523642745,0.7368224999375433,0.6098743527537581,-0.12204000498898493,SELL,0.0,1.0
0.667731641074311,0.6534810064802509,0.6704730796442919,0.6836065805717622,0.023636962407945175,0.0,0.0,AVH,2023-07-28 00:00:00+10:00,"Pharmaceuticals, Biotechnology & Life Sciences",0.43272077297118655,0.48868523693548954,0.5306122912378106,0.29831928591425944,0.6805164668186696,0.467078873157591,0.7254493275227679,0.3966633391553309,0.6476169877737852,0.49989905134880463,0.5652476430159128,0.5525995565883052,0.47184575823905894,0.492768999872396,0.19929039054180983,0.6980437434417412,0.1938251098373795,0.19382510983737947,0.30446751376361436,0.3044675137636143,0.577701098335878,0.5777010983358779,0.5235406857211611,0.5235406857211607,0.3233082760680351,0.6794989068871873,0.6242396748034589,0.7609690527808072,0.8385090219516986,0.3785723638668081,0.7253027924438877,0.7029516171659302,0.39164580792597914,0.7247149760278828,0.5553695847378413,0.5450285027075542,0.7017129270295668,0.3876918222045727,0.6705522509131606,0.08083390899763013,0.2943704586449779,0.12587516969789864,0.029381636856229895,0.4608191063001102,0.33975692947122427,0.49783081886439523,0.6149658716479587,0.4608191063001102,0.33975692947122416,0.49783081886439523,0.6149658716479588,0.6126759428278995,0.6200838312468543,0.6518987017055374,0.6313940422444788,0.6126759428278994,0.6518987017055374,0.6263344226487094,0.5885167969385947,0.4588283985031973,0.46868039687881086,0.8283556770047065,0.6825481715975085,0.6205523251649212,-0.10583940176776063,SELL,0.0,1.0
0.766773156490224,0.7784809994069148,0.773246346721373,0.791803278560377,0.302622892063105,0.0,0.0,AVH,2023-07-31 00:00:00+10:00,"Pharmaceuticals, Biotechnology & Life Sciences",0.7008837191889299,0.7451039015439257,0.5578231446983178,0.31589991423192204,0.7000496460022814,0.6799905303945835,0.7289224509049109,0.5782633892889983,0.6565020405303876,0.6497294962471027,0.5752082758410162,0.6680839481965389,0.475167590820907,0.5965043189854803,0.20231389101252403,0.8030111001423574,0.37054859067864304,0.370548590678643,0.4639678476960115,0.4639678476960115,0.6647687262691049,0.6647687262691049,0.5674938332079562,0.5674938332079563,0.5828877114435599,0.734194567541033,0.7017516438743706,0.7973832442829525,0.8416195799842597,0.46308968721201943,0.7386785896087273,0.694909690548564,0.8050084513937668,0.7440782670458657,0.5513406991580205,0.7027417779845583,0.7126221386295957,0.3957420832227026,0.7653525305419042,0.19483317597682806,0.3410616859179159,0.8167408926683543,0.3341078441913273,0.5450132430155978,0.4184420524389149,0.6384671032172526,0.7789510903913508,0.5450132430155977,0.41844205243891497,0.6384671032172526,0.7789510903913509,0.9212120564078096,0.7462356089363557,0.9285713724289113,0.7596363292831128,0.9212120564078096,0.9285713724289113,0.7153023808933924,0.666438895178453,0.6398721155461292,0.5832936000502462,0.8751289895302238,0.7245112517047085,0.6303760597831912,-0.21009771822542334,SELL,0.0,1.0
0.7587859817340137,0.7436709063110623,0.7504078688556215,0.7491803677227515,0.04970977040784036,0.0,0.0,AVH,2023-08-01 00:00:00+10:00,"Pharmaceuticals, Biotechnology & Life Sciences",0.34383614972478715,0.39670862966368375,0.41496600184117494,0.22298401205435175,0.7129614269758897,0.545960946249985,0.7280541741996649,0.5060259870384782,0.6648695218709972,0.572282594403904,0.5843266500110935,0.6057619752979321,0.47790724631441106,0.5506869604009984,0.20518426175189,0.7526291990818326,0.40767341352076913,0.40767341352076913,0.4837638517766504,0.48376385177665027,0.6669771011569797,0.6669771011569796,0.5825056526952634,0.5825056526952633,0.6855347326561642,0.6767689874667467,0.6674686638025861,0.8039788404436534,0.8456246520222122,0.47089259287661867,0.7363165491138175,0.6958033699150441,0.6474926291139456,0.7537146746369485,0.5576329295558649,0.6186515650338948,0.7185424262337086,0.40829949095009693,0.717649709404053,0.19218784739390285,0.3321046847540307,0.13571357700328204,0.05608466518534864,0.5028285913428826,0.37897135557663014,0.6345967201295238,0.7440460479155374,0.5028285913428826,0.37897135557663014,0.634596720129524,0.7440460479155376,0.7153285408294461,0.7656737770932593,0.7857143792851479,0.8028952044446866,0.7153285408294461,0.7857143792851478,0.7437721003808248,0.6787423363422745,0.5610505459060131,0.5351451604442075,0.8728671644408379,0.732449132571693,0.6454292194952677,-0.14965988049552792,SELL,0.0,1.0
0.7332268244667584,0.7231012681208728,0.7292006719436905,0.7278688732189251,0.05022585256261215,0.0,0.0,AVH,2023-08-02 00:00:00+10:00,"Pharmaceuticals, Biotechnology & Life Sciences",0.3882224868249573,0.4431154794070353,0.43537430412603545,0.23459323884765948,0.7271974749621419,0.46222111557214385,0.7245810508175219,0.47494047189258004,0.6728056882138467,0.5284286243672203,0.5927858643606709,0.5702215429060794,0.48030444517740767,0.5266575986561152,0.2079731803511388,0.7247400853016988,0.39810338207272,0.39810338207272,0.48805466031597233,0.48805466031597233,0.669278877191123,0.6692788771911229,0.589110512327923,0.5891105123279229,0.5684931283150002,0.6107961367236735,0.6804583273212191,0.7966729226860896,0.8471487490061653,0.44925088108015504,0.7276839763409002,0.6984504121773368,0.5824886237637803,0.7586430963563962,0.5685405664728145,0.5735410583192893,0.7223115205522412,0.42214756944154314,0.6917033046890082,0.19965479594822358,0.3344407554589,0.13278334576466228,0.056344790830537936,0.5145370642438676,0.35536322069847776,0.6277623926701614,0.7078819834984238,0.5145370642438676,0.3553632206984777,0.6277623926701614,0.707881983498424,0.509433953776483,0.7305283465384365,0.7142857517140592,0.8240644176896229,0.5094339537764829,0.7142857517140591,0.7028468361944123,0.6650718099456884,0.5021018923201247,0.5052329079349449,0.8257065373867123,0.7448037218751201,0.6589770632361364,-0.16521735813306726,SELL,0.0,1.0
0.7028753775801908,0.693037968177269,0.6965742749926169,0.7196721205112913,0.0380519541948219,0.0,0.0,AVH,2023-08-03 00:00:00+10:00,"Pharmaceuticals, Biotechnology & Life Sciences",0.4176428652562035,0.4733488507269688,0.5306122912378106,0.29831928591425944,0.7341499675520247,0.42734187239000043,0.7223235164788393,0.4644636448918704,0.6815182157940098,0.5034439184610873,0.6013915584763398,0.5502306609035409,0.48302697743114575,0.5153089295270898,0.21073929223929735,0.7104984334462543,0.3996846810151214,0.39968468101512133,0.48515878621736275,0.48515878621736275,0.6612199370617313,0.6612199370617313,0.5832165887160845,0.5832165887160844,0.5724138634100527,0.4676417452104502,0.6861562493600926,0.7844269572229395,0.8455521257389726,0.4220286290209026,0.7230749219097288,0.699031184711517,0.5592497811490789,0.7595143794438852,0.5858397430976194,0.5497171544705499,0.7237329060452056,0.4393138451510799,0.6794895564134878,0.20291173804770452,0.3301480591865787,0.09922926317993205,0.04313839843850587,0.4636114941262203,0.3659710811529784,0.6517752478122631,0.7250915671037612,0.4636114941262202,0.3659710811529784,0.6517752478122634,0.7250915671037614,0.462263959970868,0.5742941573311781,0.6868131220333592,0.7420308553454005,0.462263959970868,0.6868131220333592,0.5765122438527893,0.6746411458301927,0.44433544545423365,0.47444251066200416,0.6932811809228515,0.7428327285833559,0.7809076569039545,-0.1561403326784212,SELL,0.0,1.0
0.6996804924432927,0.6898734142594642,0.7047308353366522,0.7196721205112913,0.02981817874962887,0.0,0.0,AVH,2023-08-04 00:00:00+10:00,"Pharmaceuticals, Biotechnology & Life Sciences",0.4367159267158128,0.4927311798870367,0.5442177179680642,0.3077595882295933,0.7414335229483942,0.41104628603068294,0.729443423552522,0.45265706486893964,0.691697209430568,0.4887377200859244,0.6099240127089629,0.5400242582598626,0.48612621238668285,0.5116377874706174,0.21345001677781936,0.7047790618459757,0.39921322398420633,0.39921322398420633,0.386915886539831,0.38691588653983106,0.6462757854159635,0.6462757854159633,0.5838173293670754,0.5838173293670753,0.64843744470269,0.427468363735493,0.7138466118547618,0.7721177775894444,0.8414443904764565,0.4001240306639683,0.7217992830965929,0.7151837428992929,0.5341336687736132,0.7545229256002757,0.6130995902162719,0.5386593181644282,0.7242241078075882,0.4575052939911893,0.675757466225082,0.20609681985001113,0.32219376138961403,0.07673608948121594,0.03447843914094027,0.4658776287994449,0.4595374904611315,0.6959001573161321,0.7192952114844409,0.46587762879944494,0.4595374904611315,0.6959001573161321,0.719295211484441,0.462263959970868,0.48814642098699423,0.6868131220333592,0.7084716182173514,0.462263959970868,0.6868131220333592,0.5658360990450022,0.6691729352715584,0.4551257303221413,0.47146494666890465,0.643088211762484,0.770189995691974,0.778654136470867,-0.12807018307033946,SELL,0.0,1.0
0.6900958370325982,0.6882910995761035,0.6867862781198286,0.7065573787150989,0.05849071729423722,0.0,0.0,AVH,2023-08-07 00:00:00+10:00,"Pharmaceuticals, Biotechnology & Life Sciences",0.4059314820514658,0.46136313790469174,0.5306122912378106,0.29831928591425944,0.7242178307702791,0.41932407681277484,0.7306590125959824,0.42801704081717573,0.7013586275378088,0.4562202185684652,0.618419847000063,0.5152895952940865,0.4890542190269662,0.49538275122274134,0.21611838628426636,0.6861247200675786,0.08661195110282352,0.08661195110282352,0.368548135374131,0.36854813537413106,0.6491832533563258,0.6491832533563258,0.5815297974072937,0.5815297974072934,0.5546219160846446,0.4133296526238288,0.7326660712764976,0.7540311532546884,0.8339992699985144,0.3710117955894556,0.7221916464035218,0.7172475036882989,0.46656502539957523,0.7436496635871166,0.6461703270554693,0.5000812812148367,0.721894405116988,0.4792148077777236,0.6592238829733977,0.08029941943058955,0.3231604816908331,0.3129114627281795,0.06746859125855277,0.3165582715548139,0.39870050161047355,0.6841492761411552,0.7259742709336567,0.31655827155481386,0.3987005016104735,0.6841492761411552,0.725974270933657,0.3867923297590038,0.4463970056605382,0.6428571241429704,0.684234411158531,0.3867923297590038,0.6428571241429704,0.5747329288080533,0.6746411458301927,0.4331635050935879,0.4504450339966278,0.5712956517333846,0.7687129245370351,0.7764456864464412,-0.1263345289332406,SELL,0.0,1.0
0.685303547413286,0.6708860907526355,0.6639478002540771,0.6786885133131764,0.08814190216245972,0.0,0.0,AVH,2023-08-08 00:00:00+10:00,"Pharmaceuticals, Biotechnology & Life Sciences",0.37036768755951854,0.4245644165371266,0.4353739797470752,0.2311730109783581,0.7099817669973307,0.3860172549306511,0.7299643879195539,0.3809954606578996,0.7080871135322597,0.4072205070800552,0.6259635610653922,0.47560077630774567,0.4914685403132475,0.46545922274029516,0.21871181980937696,0.6531956996169672,0.058157921672397674,0.058157921672397674,0.3786658692677909,0.37866586926779094,0.6557940914068714,0.6557940914068712,0.5899763130767499,0.5899763130767496,0.4888888103971701,0.3770677175143842,0.7017516438743706,0.7250224211284335,0.8213727551976301,0.32581414539132686,0.7226556609967414,0.7152854315671333,0.33923981197527747,0.7323425490051974,0.6735824367662502,0.41805697256539803,0.71777295898185,0.5011102997967485,0.625709757952243,0.10010288151781765,0.32850934585939706,0.40308242122349147,0.10032823302393402,0.33038690718391683,0.3800454481849669,0.6051230262001569,0.6712354943580718,0.3303869071839169,0.3800454481849669,0.605123026200157,0.6712354943580721,0.2264148906355925,0.3661097391723417,0.5060239475685898,0.6228889141988581,0.2264148906355925,0.5060239475685898,0.5889677885517693,0.6978810081112832,0.3775312191400167,0.404587324414702,0.48035557184643873,0.7500712606597454,0.771741534923564,-0.12477061507095955,SELL,0.0,1.0
0.6597443901460307,0.6455695839612805,0.6525286002149344,0.6573770969793773,0.05578150804801696,0.0,0.0,AVH,2023-08-09 00:00:00+10:00,"Pharmaceuticals, Biotechnology & Life Sciences",0.38439658796436915,0.4391534195927913,0.45578260641089596,0.2440072406970158,0.6957457190110785,0.36747519665870776,0.7299643879195539,0.34417725473818894,0.7137804525814007,0.36951000615306584,0.6329579768809666,0.4444006504812411,0.49388286200776943,0.4420872823409512,0.22121076918752383,0.6272917753014715,0.060024346995351634,0.060024346995351634,0.3739236725734758,0.37392367257347586,0.6621501154864592,0.6621501154864591,0.5966015543125258,0.5966015543125257,0.0,0.37535543654939085,0.6542251262894707,0.6907211976026153,0.8033841419982929,0.2790402014225902,0.7226556609967414,0.7152854315671333,0.2391983181811767,0.7162897300644155,0.7043844254212255,0.3206254615111502,0.7115735321752195,0.5244453569088239,0.5975990613713273,0.10296562182786281,0.32797975488854986,0.24985141088013646,0.06357688755882708,0.3284093909141412,0.3868761112245519,0.5806111282094669,0.6439396916063718,0.3284093909141411,0.3868761112245519,0.5806111282094669,0.6439396916063718,0.1037737164645132,0.24407321049349706,0.42424257311719415,0.5337933095647701,0.10377371646451317,0.42424257311719415,0.5854090736158403,0.6814763112491682,0.3323940743949026,0.3557810556519009,0.4863426698356297,0.717462962918449,0.7636530040152477,-0.16353389742928315,SELL,0.0,1.0
0.6581469856636166,0.6724683299870795,0.6737357193393991,0.6819671987622244,0.06794008383892285,0.0,0.0,AVH,2023-08-10 00:00:00+10:00,"Pharmaceuticals, Biotechnology & Life Sciences",0.4985595747945453,0.5544380776383282,0.5646256958739645,0.3230520622477849,0.6881310850215259,0.4447338650271151,0.7296170755813396,0.3872081026216707,0.7179210609292643,0.3989969203170838,0.6403918311217272,0.46367458211372226,0.4963143057173356,0.4632743663347386,0.2237944284744632,0.6465684320098997,0.1331356301857768,0.1331356301857768,0.3712750556845119,0.37127505568451197,0.6373975249646355,0.6373975249646355,0.5984835707296887,0.5984835707296886,0.2112671988889015,0.5270293757645323,0.6760276243914068,0.6732029745714979,0.7849650203166181,0.2752848470567065,0.7228438242046964,0.7143542632269876,0.357096086928717,0.7077462281272284,0.723112926987711,0.3694595468681577,0.7052327756899794,0.5489298886160483,0.6250960256408403,0.11836649644091285,0.31432747371984215,0.2740107782647463,0.08013958477914333,0.36959381117666,0.3834607797047594,0.5367483711962361,0.6611595787100535,0.36959381117666,0.3834607797047594,0.5367483711962362,0.6611595787100537,0.21568607284856448,0.18582556217720353,0.4160582061593444,0.4568357573506419,0.21568607284856434,0.4160582061593444,0.5249108348585898,0.7060832587630231,0.4001510465526884,0.3825129505887419,0.5846681836305762,0.7507825785463282,0.752639013118139,-0.22120650963816946,SELL,0.0,1.0
0.7028753775801908,0.7041139446140441,0.6998369146877244,0.7229508059603396,0.11473923083772969,0.0,0.0,AVH,2023-08-11 00:00:00+10:00,"Pharmaceuticals, Biotechnology & Life Sciences",0.5369624433909659,0.5919100677611204,0.5442177179680642,0.3077264643923012,0.6887932264211958,0.5426270680135148,0.7337848236399112,0.4511840582352489,0.7174897459315042,0.4574826191809034,0.6481552657092817,0.500154512629165,0.4994991552387401,0.4992883913539298,0.22653121764810838,0.6813243119328065,0.2017775841706053,0.2017775841706053,0.3925519607156084,0.3925519607156084,0.46948611189151646,0.4694861118915163,0.5981492552861181,0.598149255286118,0.4819275724089197,0.524750088658261,0.6655879804920016,0.6763687406997866,0.7709576756649358,0.31376907398976034,0.724388518921083,0.7212031929007662,0.530906479968208,0.7070477298449822,0.7230252626143212,0.519017828778217,0.7017139940705854,0.5705411064704791,0.6771514294466048,0.16212495475833605,0.24847155436642449,0.3607099499664894,0.16277003118755823,0.42205518956876553,0.42793487588884155,0.43552694275880616,0.6604550759267747,0.4220551895687655,0.4279348758888416,0.43552694275880627,0.6604550759267747,0.4607841166474607,0.26560906337346124,0.481131867523834,0.44838936101509647,0.46078411664746066,0.48113186752383397,0.5177934898331884,0.6965139228785188,0.5049617711199476,0.44514761898826566,0.6027845930258786,0.7504239485286547,0.7425061414927987,-0.24125868675207107,SELL,0.0,1.0
0.6964856073063945,0.6993670760128785,0.706362194077939,0.7049180750755883,0.05768328411233092,0.0,0.0,AVH,2023-08-14 00:00:00+10:00,"Pharmaceuticals, Biotechnology & Life Sciences",0.39453540872852383,0.44963764785313964,0.49659888660165674,0.27463524824136787,0.688462163614709,0.49966886040145875,0.7245810425369426,0.4350714028629197,0.7146430784635962,0.4358020326564047,0.6547834821096272,0.4734413771119036,0.5024100394557386,0.47864811945864283,0.22918981307174166,0.6585800686728547,0.20606408902926837,0.20606408902926837,0.17639505476389936,0.17639505476389938,0.4644225469282073,0.46442254692820734,0.5906693165248491,0.590669316524849,0.4494383226455601,0.5117524707811351,0.5173531735270601,0.6692969636687602,0.7581256788310162,0.32402171183536055,0.6949723375981156,0.735656205620663,0.48220806768327573,0.7014946105564597,0.7235528632398021,0.4628599798403857,0.6983356793952615,0.5894694258770314,0.6499812470314511,0.16170889736896343,0.22898890367574437,0.18172208718148058,0.08704885573977422,0.41573000971757923,0.3059510754320318,0.3902631059987626,0.595836164931429,0.4157300097175792,0.3059510754320318,0.3902631059987626,0.595836164931429,0.3529413139668878,0.350430196470486,0.37735860090572076,0.43248066192804574,0.35294131396688777,0.3773586009057207,0.5106759751148735,0.5939848119385939,0.48036075341387385,0.43375774049474475,0.5997667150017271,0.6178060929188325,0.7331838995974858,-0.2174688481271987,SELL,0.0,1.0
0.6964856073063945,0.6819619917404939,0.6737357193393991,0.6786885133131764,0.10017634287396913,0.0,0.0,AVH,2023-08-15 00:00:00+10:00,"Pharmaceuticals, Biotechnology & Life Sciences",0.37415911834333404,0.4285166865898039,0.38775514838066777,0.19884574042643516,0.688462163614709,0.4359831534336065,0.7171138148444662,0.40146897887969124,0.7105024701157323,0.40403880170705775,0.659690557766045,0.4400400931157551,0.5048586064050706,0.4508108777971639,0.2317311173266061,0.6284063784043505,0.20362348682275816,0.2036234868227582,0.1601881421540761,0.16018814215407612,0.4703163673805938,0.47031636738059374,0.5662846970275424,0.5662846970275425,0.3809522944512463,0.5143072211615038,0.4538248919539972,0.6506172361503438,0.7435647678717336,0.30894027796055223,0.6819823066593369,0.7350120716065984,0.333856707762665,0.6954709267258659,0.721911459673404,0.375369536105796,0.6962501204091298,0.6029525525390678,0.6081260047691317,0.16791005196254707,0.23501064189894139,0.3060067468132147,0.1482520126566909,0.41785828329988256,0.318316706148881,0.3657547845626454,0.5095717126222149,0.41785828329988256,0.3183167061488811,0.3657547845626454,0.509571712622215,0.17171680682792434,0.33546226724253075,0.2264148906355925,0.3681307722273674,0.17171680682792445,0.2264148906355925,0.5124553750060664,0.6049212330558629,0.38068638590671283,0.3742691683121443,0.5622394544176171,0.5213180488983352,0.7246074370537978,-0.201834851950369,SELL,0.0,1.0
0.6453674451160238,0.6439873447268365,0.654159881168755,0.6540984115303292,0.09112069993531208,0.0,0.0,AVH,2023-08-16 00:00:00+10:00,"Pharmaceuticals, Biotechnology & Life Sciences",0.3763474441636298,0.4307946455407561,0.5034014377773034,0.2782365465890273,0.6878000222150391,0.37780953359292146,0.7092992830943547,0.3707907252983178,0.7048953998247982,0.3762394875742525,0.663791996455136,0.4095285397895895,0.5072729280995926,0.4247452475133181,0.23421377630780096,0.6002377437288433,0.2081048721362145,0.2081048721362145,0.16427271806696717,0.16427271806696714,0.47462867841128265,0.4746286784112826,0.5722958612134841,0.572295861213484,0.3571428571428572,0.4361378911814624,0.4315561801617913,0.6237894115678588,0.7257471098851588,0.2805314552095808,0.6781611855159322,0.7232221970211433,0.22170932569683127,0.6889793068090913,0.7177351820558828,0.29638105959049554,0.6933360591889219,0.6157158469096666,0.5665345126710758,0.1861197716627615,0.2383076366637763,0.25555707709068637,0.1334381420749196,0.41336159830735825,0.31350584480479515,0.3384369326833091,0.4762262828688024,0.4133615983073583,0.31350584480479515,0.3384369326833092,0.4762262828688025,0.02020200560645031,0.18548018989629167,0.08490580891154716,0.23368309555699304,0.020202005606450357,0.0849058089115472,0.4999998303070864,0.6049212330558629,0.29415659387058507,0.31064094336627385,0.502465518630109,0.45836727538126687,0.716717091513605,-0.1622641702952774,SELL,0.0,1.0
0.6230031729856667,0.6091771761820671,0.6182708445225742,0.627868849767917,0.07861814339666887,0.0,0.0,AVH,2023-08-17 00:00:00+10:00,"Pharmaceuticals, Biotechnology & Life Sciences",0.3705001360191749,0.4247026024097633,0.48979601104704984,0.2673841412042413,0.6768746812271367,0.33889892700379454,0.6995745293437751,0.33970296824373203,0.698943275067661,0.34619092659162876,0.6669046941038446,0.37846230027571903,0.5095673895651962,0.39739651413986654,0.23656285372327504,0.5710295847492746,0.19363118148104258,0.1936311814810426,0.17391985647417488,0.1739198564741749,0.4781252327063007,0.47812523270630064,0.5770051244038137,0.5770051244038136,0.36036028295795625,0.40444964747455886,0.40381083022927167,0.5901499037980247,0.7037577404924615,0.24414133681488528,0.6791167480066196,0.7020550272275168,0.16532313071651,0.6874133792744044,0.7070555392027063,0.22824003936166773,0.690405236824092,0.6263198815434667,0.520110680225316,0.1916220047672671,0.2416411709334731,0.2151697117140376,0.11392288994526792,0.34569752979032853,0.2947699350944023,0.3296431415807534,0.4361555404351589,0.3456975297903285,0.29476993509440225,0.3296431415807534,0.436155540435159,0.058333088291976976,0.08519024942274439,0.058333088291976976,0.1254311569547827,0.05833308829197692,0.05833308829197692,0.5231315198138536,0.6103894436144972,0.22458121234822337,0.24053591772758978,0.4803852887462321,0.3988589367086257,0.7094579736166275,-0.12062254896185409,SELL,0.0,1.0
0.5990415725449656,0.5886076134407945,0.5970636476106432,0.5967212989169464,0.06724190729219198,0.0,0.0,AVH,2023-08-18 00:00:00+10:00,"Pharmaceuticals, Biotechnology & Life Sciences",0.3556371447178784,0.40914183108706664,0.46258483320758237,0.24522901938948524,0.6513822136597989,0.3203950222837184,0.6865503042398697,0.304254611762782,0.6960103429548712,0.30491046905551245,0.6676370929343021,0.3445171276975595,0.511331042437032,0.366045566000335,0.2387848658871665,0.5376461238234831,0.023231824551694348,0.023231824551694348,0.18402500881453152,0.18402500881453154,0.41640770929600457,0.4164077092960045,0.5213438657730889,0.5213438657730888,0.341880132878667,0.14409514025384906,0.39418915270066446,0.5493564083533135,0.6767859769201776,0.20067957821430113,0.6816897735811134,0.6722352049346187,0.1394780403697612,0.6940888832263441,0.6930577398056532,0.16213798038842503,0.6900346355243856,0.6284079710170629,0.4675379589874311,0.16714739450925542,0.2320673105904283,0.2061725184533028,0.10046123790428711,0.25684221001299185,0.26351961273146673,0.3818487052264182,0.34659158544588153,0.25684221001299185,0.26351961273146673,0.38184870522641823,0.34659158544588164,0.00900878454222994,0.029801511269834928,0.007518610991204684,0.051155132977333304,0.009008784542229864,0.007518610991204766,0.4181493019342616,0.6117565288472617,0.19834897578638883,0.2040960923112685,0.2242341343712521,0.40055742769377245,0.6978236025155508,-0.07878785485114881,SELL,0.0,1.0
0.5734824152777103,0.5870252987574336,0.5872757285253212,0.6131148043322141,0.04858233964201575,0.0,0.0,AVH,2023-08-21 00:00:00+10:00,"Pharmaceuticals, Biotechnology & Life Sciences",0.48102708130918426,0.5371179103990792,0.6394560294587996,0.3860429289368214,0.632842238682344,0.4072030247934477,0.6766518984604726,0.3498421406893495,0.691697209430568,0.3340395538577523,0.6684427333939817,0.36127346322178033,0.512923467810095,0.38005920181081476,0.24107203994958068,0.5494381961062544,0.13237457827469515,0.13237457827469515,0.20404298588453593,0.2040429858845359,0.3948787208500433,0.3948787208500431,0.52204198700023,0.5220419870002296,0.31250023948287026,0.22588484263434733,0.5006720397608485,0.5246950737834459,0.6495378108006443,0.1982685002561655,0.6760066472511699,0.6582602287565131,0.2728340217784264,0.6966206688939591,0.6810180990167394,0.2487400761970635,0.6898862188906008,0.6303741361865858,0.49312491558658256,0.1624578235552791,0.22521731267707518,0.15247431780615084,0.07423126516032758,0.2984595716220687,0.2917906915862984,0.3569262309362806,0.3485682080590058,0.29845957162206876,0.2917906915862984,0.3569262309362806,0.3485682080590059,0.16346161781683768,0.07856966072638545,0.12230222490867196,0.06384450849246591,0.16346161781683755,0.12230222490867193,0.4039144421905454,0.5516061475160713,0.24899156115445614,0.22832186741003277,0.2806891578441138,0.457460773460704,0.6828171650633509,-0.11485156012614184,SELL,0.0,1.0
0.6006389770273797,0.596518960510848,0.6068515666959653,0.6196721752303103,0.034554853603881185,0.0,0.0,AVH,2023-08-22 00:00:00+10:00,"Pharmaceuticals, Biotechnology & Life Sciences",0.4540893249423164,0.5102401613413248,0.5510205935226712,0.31421494073977974,0.6209236934882847,0.4545800401805513,0.6704002763726151,0.3721560556651553,0.6882467059017854,0.3479794146830377,0.6692117530390504,0.3675520137249837,0.5147727352477982,0.38445932649555126,0.24340808520285065,0.5517783987236886,0.14859687257940035,0.14859687257940035,0.1999562803211973,0.19995628032119733,0.395673421141461,0.3956734211414609,0.5218192619010367,0.5218192619010368,0.15384647630565554,0.2679249173591637,0.4510253634865088,0.5085527573560085,0.6240274298881279,0.2134273171712295,0.6732721572153153,0.648461634358438,0.3360838531017112,0.6980535624600468,0.6720814282440619,0.2889978769910624,0.689861472787102,0.6321017597556529,0.5026928270626478,0.12864412091799474,0.22098081675994752,0.13068066915804802,0.053549931597002755,0.338848634887342,0.324948944522381,0.3735590829632942,0.34712402743561743,0.33884863488734196,0.32494894452238093,0.3735590829632943,0.3471240274356175,0.22826089210005285,0.1364161424044558,0.15107917864620088,0.09531517049803483,0.22826089210005296,0.1510791786462009,0.39501761242749445,0.5174297989315002,0.3132224654390714,0.2771648688087311,0.3277728487873801,0.43483339107170593,0.6660960032303861,-0.29666015395188383,SELL,0.0,1.0
0.5974440918904815,0.6178797560427178,0.6133768460861799,0.642622973373647,0.05919999715755095,0.0,0.0,AVH,2023-08-23 00:00:00+10:00,"Pharmaceuticals, Biotechnology & Life Sciences",0.4970449671963553,0.5529471355362466,0.6598640073646999,0.39939058365386854,0.6186061906960918,0.5209384819498029,0.6688373667103611,0.41704499772592785,0.6874703405511471,0.3824470004870444,0.6707864113976221,0.39051102233633816,0.5169302140611989,0.4040004212951499,0.24583535667905146,0.5692970827429147,0.17397619883550078,0.17397619883550078,0.21087508120117918,0.2108750812011792,0.3955713155211684,0.39557131552116837,0.5236716934748937,0.5236716934748936,0.29787239439077495,0.3372803561153044,0.49453635918974304,0.5066040852153754,0.6031710373726167,0.2540243701039926,0.6722319995298955,0.6464174958794697,0.4442668155164537,0.6983589986258838,0.6700905725616308,0.3600514114822525,0.6899460185878474,0.6354667674543966,0.538604241202234,0.11219589391635076,0.2258805881561925,0.24868190059652573,0.0902560704241731,0.4020604418986821,0.3710159641426225,0.42756134017220937,0.3738448383476846,0.4020604418986821,0.37101596414262245,0.42756134017220937,0.3738448383476847,0.3804346473996828,0.2628561886420452,0.25179851672755205,0.1782043825264824,0.3804346473996828,0.25179851672755205,0.39768671226428376,0.5194803615944351,0.37323877361980873,0.32600843413755115,0.38950892009504373,0.4804234656360705,0.6517158040540363,-0.3288718971964619,SELL,0.0,1.0
0.6214057685032528,0.6075949369476231,0.6247961239127888,0.627868849767917,0.0425254804460602,0.0,0.0,AVH,2023-08-24 00:00:00+10:00,"Pharmaceuticals, Biotechnology & Life Sciences",0.39897103818227897,0.4542088610714661,0.4965985622226965,0.27249020565218135,0.6186061906960918,0.4821464330529732,0.6631067089895355,0.39958740341768295,0.6844511479067998,0.36487014117946615,0.6716652899941709,0.373988342350417,0.5190020783087321,0.38804869369441175,0.24818117601513515,0.5516423535216644,0.15695424746217262,0.15695424746217262,0.19538082147153948,0.1953808214715395,0.38689773390600457,0.3868977339060044,0.523852468832068,0.5238524688320679,0.32183918755751506,0.31755403015525496,0.5100685283274873,0.4989269229961647,0.5847205968355534,0.27501165058058025,0.6660940061660474,0.6415657260089913,0.40207975851579586,0.6985146591229605,0.6635590617827611,0.3299828352210934,0.6899823291050231,0.6373587878447744,0.5123391086532271,0.09359792264239011,0.2281345377149826,0.20421178783958194,0.06435445975222925,0.41785828329988256,0.3303170567074692,0.3823506510567755,0.35053756744114245,0.41785828329988256,0.33031705670746914,0.3823506510567755,0.3505375674411425,0.2826084026993127,0.30341589784942985,0.1870501992939379,0.20017470612332108,0.28260840269931276,0.18705019929393785,0.3994660273090199,0.5030757299185319,0.3740227633267798,0.322775167174465,0.34811078314447347,0.4783685375832606,0.6393488327623755,-0.3112840362244107,SELL,0.0,1.0
0.5974440918904815,0.5854430595229897,0.601957568259571,0.609836118883166,0.022362079597900052,0.0,0.0,AVH,2023-08-25 00:00:00+10:00,"Pharmaceuticals, Biotechnology & Life Sciences",0.3897757398861126,0.4447219949840731,0.523809740062164,0.29299987743083367,0.6212547720814678,0.4279430789229952,0.6511244291808526,0.38644527348768487,0.680569329380257,0.3434813101919265,0.6718117715064389,0.3546830402602128,0.5206801174311815,0.3694771153804155,0.25043576920596666,0.5312621756703015,0.12471960066799467,0.12471960066799467,0.13332906735668812,0.1333290673566881,0.39024997439822817,0.390249974398228,0.5252921861300739,0.5252921861300738,0.337349487572653,0.31138329589303276,0.4491719718166125,0.4853821031595908,0.5668456782359534,0.28003196704165956,0.6402068930879306,0.6462675896501628,0.34339995713862737,0.6995017691516991,0.6542382958997646,0.29784123574637583,0.6899806341004797,0.6376840115193843,0.4815856979840823,0.07047206608309547,0.2278683279466931,0.13064201634179248,0.033870475979827085,0.43718960325339196,0.27378501213635265,0.3646230467748588,0.32702383730019247,0.43718960325339185,0.27378501213635265,0.3646230467748588,0.3270238373001926,0.16304356840021147,0.2812147475023296,0.10791374803990751,0.1855277849243012,0.1630435684002114,0.1079137480399075,0.3923485974371618,0.49487341408058017,0.33534930282926534,0.2990498690354575,0.36487691557601326,0.45658963071214986,0.6287132374515472,-0.302186909730369,SELL,0.0,1.0
0.5958466874080675,0.5822785056051849,0.592169649174249,0.5901639280188502,0.020000182094391958,0.0,0.0,AVH,2023-08-28 00:00:00+10:00,"Pharmaceuticals, Biotechnology & Life Sciences",0.38438828695726224,0.4391448154639839,0.4489794064773288,0.2343577037696945,0.6166197664970818,0.3880105287244824,0.6389684807821934,0.3701272633519961,0.6699590207459387,0.3281106741798485,0.6722145899901022,0.3334124229875447,0.5216732424761347,0.35008196091915045,0.25252094188010443,0.5098160143009576,0.1273950511473947,0.1273950511473947,0.13531845873611273,0.13531845873611276,0.19413102332176305,0.19413102332176302,0.5196482533948878,0.519648253394888,0.3544304485103676,0.32177614444922187,0.4296789655111328,0.4666608959443844,0.5482408918073698,0.2736652810167792,0.6163597518327122,0.648290612171366,0.24940035446603273,0.6823659786325367,0.6520263933121397,0.2549788666405892,0.6897261266499124,0.638897110735624,0.4473083730435768,0.05574413797909394,0.16885354984999323,0.1355380543773002,0.03757966147759804,0.38469845784356815,0.26989628900913754,0.250513587505106,0.3355769729798962,0.38469845784356804,0.26989628900913754,0.2505135875051059,0.3355769729798963,0.032608402699312734,0.16280843587873559,0.02158254377897258,0.10741075545947931,0.032608402699312755,0.021582543778972507,0.3656582778409223,0.4976075845461092,0.3257634480553492,0.2980118875414529,0.3985143791954347,0.45865790034108656,0.6195666254842349,-0.2729124146257518,SELL,0.0,1.0
0.5862619558253028,0.5854430595229897,0.601957568259571,0.6114754225226766,0.014965938355718729,0.0,0.0,AVH,2023-08-29 00:00:00+10:00,"Pharmaceuticals, Biotechnology & Life Sciences",0.4947895399478279,0.550725090970329,0.5782314469831783,0.33608062424249735,0.6149644051045589,0.44847065747566495,0.6318485737085107,0.4233846266596495,0.6627129551088458,0.36944279591953366,0.6733498090503993,0.355018002959669,0.5228718414993925,0.3689261932181669,0.2545833080761881,0.5262771284478733,0.1531838614190728,0.1531838614190728,0.15889250191491813,0.1588925019149181,0.1966554664591659,0.19665546645916593,0.5217972046718946,0.5217972046718945,0.5616438982521644,0.39926438406574066,0.27513621209129613,0.46243561875682254,0.532385480499083,0.2976482645933042,0.5960336367556851,0.6567076198474052,0.4216704859207234,0.6709219022603468,0.6502127064414551,0.3294559328593779,0.6891121320624594,0.6421841241452726,0.48115021476702524,0.04565028362504076,0.1615986497076376,0.11391280542195963,0.028977352379997285,0.4061085395445669,0.31634790813429836,0.30598913214366313,0.3600430453354025,0.40610853954456694,0.31634790813429836,0.3059891321436631,0.3600430453354025,0.17391286319957708,0.12580651863356834,0.13675199741774355,0.09034353780439576,0.173912863199577,0.13675199741774346,0.36032033270671393,0.4087491303751939,0.36796801338905855,0.3257924027279309,0.4405287951889223,0.2722092485535709,0.6117005391923462,-0.2678571259624022,SELL,0.0,1.0
0.6134185175749722,0.6012658291120135,0.6133768460861799,0.6147541079717247,0.029899677093347135,0.0,0.0,AVH,2023-08-30 00:00:00+10:00,"Pharmaceuticals, Biotechnology & Life Sciences",0.4454198617377982,0.5015203081429076,0.47619058431679623,0.25659094589605336,0.6093361953140162,0.47191698567018747,0.6276808173693597,0.4372240480133174,0.6567608303517085,0.38244021431299857,0.6746681286913994,0.3572898956202718,0.524087563762416,0.3708373007495124,0.25666522274861425,0.5260554834214723,0.12138987465411208,0.12138987465411208,0.15060383049842596,0.15060383049842596,0.19476443628663345,0.19476443628663348,0.5213615339254227,0.5213615339254226,0.5076921158288639,0.351545755684894,0.32491235101935845,0.46154691948688537,0.5194967993300332,0.3235272505781696,0.584032342333616,0.6617518793624964,0.48759290647118253,0.6619968466181732,0.6481652143119927,0.3518792854685401,0.6883133124071934,0.6461107557519401,0.48400838463761037,0.030552297876036187,0.15735431727233523,0.27897173559453803,0.05894311019520185,0.37897866831734484,0.34442281498202065,0.3280535942757399,0.36638977330299094,0.3789786683173448,0.3444228149820207,0.3280535942757399,0.36638977330299105,0.19565197109952417,0.13690700558758906,0.17307676436632466,0.11245469369506181,0.19565197109952415,0.17307676436632458,0.3300712981745454,0.38824337337342063,0.40272566479097516,0.3517672221208285,0.4050336432736287,0.31104696483894606,0.5633802948278877,-0.2648221204194773,SELL,0.0,1.0
0.6054313428187619,0.594936721276404,0.5986949285644638,0.6032786698150427,0.024662908860202358,0.0,0.0,AVH,2023-08-31 00:00:00+10:00,"Pharmaceuticals, Biotechnology & Life Sciences",0.40637246084470635,0.4618156210422454,0.46258483320758237,0.24564623128970067,0.6043701269231434,0.45444253155204173,0.6250759706924628,0.41977982582177176,0.6506361804181322,0.3734596909340011,0.6759132067031768,0.3440062340030987,0.5249265829154002,0.35932065472068064,0.2586070397742174,0.5125939376024677,0.11894231941970107,0.11894231941970107,0.13636133605044848,0.13636133605044848,0.19557283384816385,0.19557283384816382,0.5219359034657425,0.5219359034657424,0.4264703407420705,0.22273222287496047,0.33611069116461123,0.4566807406873713,0.5080668999864839,0.33625230228334857,0.581185514337855,0.6596111636437396,0.37750217166916766,0.6537518499330313,0.6449572275036464,0.32878045716982907,0.6871897999578349,0.6502900886033929,0.46083621888274384,0.021348000767577827,0.15455853508117057,0.2668469752571611,0.04920785118381928,0.38295205239937846,0.3595168706336662,0.32365038091378145,0.36439358781595205,0.38295205239937846,0.3595168706336662,0.3236503809137815,0.3643935878159521,0.12359513840334536,0.16788052741215947,0.11956483429910125,0.1457021064508276,0.12359513840334546,0.11956483429910125,0.2998221787959201,0.3868763533268679,0.37474676274368024,0.3391381754600946,0.2631413764229784,0.32268685827356913,0.5642253651768514,-0.2765530940521681,SELL,0.0,1.0
0.589456840962201,0.5854430595229897,0.5872757285253212,0.5934426134678983,0.04190547124807274,0.0,0.0,AVH,2023-09-01 00:00:00+10:00,"Pharmaceuticals, Biotechnology & Life Sciences",0.41034247930644674,0.4658850615556584,0.48979601104704984,0.2660822610705414,0.6010594041380972,0.43680703695637435,0.6247286583542484,0.4013734324108802,0.6439939549552387,0.36757066608053135,0.6763160251868401,0.3332373554035837,0.5252347938828571,0.34984803109488727,0.2604445982593282,0.5008824059275314,0.10999876224577013,0.10999876224577013,0.10653291465252154,0.10653291465252156,0.1953357470590751,0.19533574705907508,0.5156226381220277,0.5156226381220276,0.25,0.2326762948882749,0.33420594331812903,0.44948729969994,0.4972688833575071,0.34176425758330153,0.5816828227544555,0.658328377393126,0.26793146272907886,0.6443528964154033,0.6420144292478862,0.30992870935283745,0.6869029476889119,0.6515444524146257,0.44232957652377947,0.03141839754054702,0.1570824967425124,0.38598882175265625,0.08270702351000656,0.3940784840900118,0.3830881980963821,0.31348913068510553,0.3355223899193446,0.3940784840900118,0.3830881980963821,0.3134891306851056,0.33552238991934463,0.0641022192498004,0.13049900854975904,0.054347510599259866,0.117740563894131,0.06410221924980031,0.054347510599259796,0.301601578687113,0.38277522800099795,0.3355454552411297,0.32667677003534334,0.2734229812798039,0.32324323038311703,0.6056338122760792,-0.3144015756325177,SELL,0.0,1.0
0.5846645513428887,0.5791139516873801,0.592169649174249,0.5918033098283879,0.02713250853456429,0.0,0.0,AVH,2023-09-04 00:00:00+10:00,"Pharmaceuticals, Biotechnology & Life Sciences",0.43226696243441426,0.488225190372934,0.5034014377773034,0.27669794917306306,0.6013904827312804,0.4315369035900063,0.6224711240155658,0.4022317968024045,0.6379555696665444,0.37337924167321845,0.6769385650658173,0.33095146563765576,0.5255430056667949,0.3480330137464476,0.2621844143627273,0.4968226308490105,0.08768223992073912,0.08768223992073912,0.09315764206871882,0.09315764206871884,0.19481703098872813,0.1948170309887281,0.5141152298028149,0.5141152298028148,0.28846173244115875,0.2668012466336123,0.33231680777447337,0.4442201200961668,0.4874193074399169,0.35003756952119264,0.5822001047363337,0.6530785187303713,0.2913655882112702,0.6360591246635012,0.639045056895672,0.3182650536604882,0.6863424150298898,0.6536325597758244,0.4376035854268024,0.0350935711466718,0.15053455255336018,0.23705220482998343,0.05509476941548658,0.4202944274984323,0.3627421866464993,0.3236564485552559,0.3429662427968892,0.42029442749843227,0.3627421866464993,0.32365644855525594,0.34296624279688925,0.07407400866430838,0.08911168276280856,0.04347821579989427,0.07376510247285406,0.07407400866430836,0.043478215799894304,0.27491125909087355,0.3814082079544452,0.32934376539822874,0.3305345550009316,0.31574792396179713,0.2911459958641545,0.6047887419271153,-0.3313008311310306,SELL,0.0,1.0
0.5766773004146084,0.5775316370040193,0.5872757285253212,0.6049180516245802,0.01516557598787873,0.0,0.0,AVH,2023-09-05 00:00:00+10:00,"Pharmaceuticals, Biotechnology & Life Sciences",0.47238083037314893,0.5285263421193527,0.591836873713432,0.347462822899589,0.6000661999319405,0.4702717840530912,0.6209082143533118,0.4305233904149155,0.6340737511400016,0.39905410513978223,0.6784399835413433,0.3434691642056984,0.5263477791567285,0.35952005420494837,0.26407410227344186,0.5058826217139007,0.06220412466873062,0.06220412466873062,0.10007021396196242,0.1000702139619624,0.19217891144896396,0.19217891144896393,0.5074053473039839,0.5074053473039838,0.46938755650274183,0.35401777254696515,0.37656460459275,0.44712384465545596,0.4802073442011479,0.37304564182475375,0.5803013160024886,0.6520109765131822,0.45002701220158225,0.6311694048142178,0.6366177273741249,0.37701562711481335,0.6846590795319767,0.6590914512249675,0.45691472818682544,0.035196441221766954,0.13529628066791244,0.13230848823649077,0.03301064714667634,0.4083652812708346,0.37029929734065836,0.3641867010493901,0.3736963333758807,0.4083652812708346,0.3702992973406583,0.36418670104939016,0.37369633337588076,0.31999969482421875,0.15597132738766095,0.1304346473996828,0.07745345432515968,0.31999969482421875,0.1304346473996828,0.2677938292190155,0.3691047016044119,0.3488031846462223,0.3398741401787694,0.4027002684929184,0.3247352141739635,0.6039605729851308,-0.33800001144409175,SELL,0.0,1.0
0.5702875301408121,0.5569619988138298,0.5742251697448917,0.5770491862226577,0.02574770289034875,0.0,0.0,AVH,2023-09-06 00:00:00+10:00,"Pharmaceuticals, Biotechnology & Life Sciences",0.36214050742272885,0.41596393991478225,0.5034014377773034,0.2762983755279729,0.5924515659423879,0.41519568661038164,0.6139619593084465,0.38870741905977835,0.6298468781472557,0.361809463977097,0.6789892835372744,0.3135731237814189,0.5267244814502869,0.33319395189985224,0.26578785358636037,0.478292129515236,0.10127710379817592,0.10127710379817592,0.09488799690744587,0.09488799690744588,0.199954459752245,0.19995445975224496,0.5135697250016789,0.5135697250016787,0.42592599133569164,0.35072789344260813,0.37656460459275,0.4380580617607094,0.47235314044049537,0.3674433346769211,0.5703159409772931,0.6490251236056991,0.17698032114310092,0.6300230125986708,0.6290739293483152,0.295814980700435,0.6839180779737983,0.6612482669581923,0.4036259216509555,0.033056995399682286,0.1290248867414459,0.2315581281917771,0.05775479147781105,0.36348921511654775,0.3151736578955364,0.35498089964401164,0.34082045780296044,0.36348921511654775,0.3151736578955364,0.35498089964401164,0.34082045780296055,0.06593349011322527,0.15659472493694215,0.029999732971191406,0.0691917510297086,0.06593349011322525,0.029999732971191406,0.2624557143918935,0.35953530053369576,0.1929989772635804,0.29808868716991016,0.4544039448692284,0.35333060342393485,0.603148967421986,-0.3084886196837592,SELL,0.0,1.0
0.5607028747301175,0.5585443134971906,0.5758564506987123,0.5754098825831473,0.010234148960762877,0.0,0.0,AVH,2023-09-07 00:00:00+10:00,"Pharmaceuticals, Biotechnology & Life Sciences",0.4321748514590766,0.4881318020130321,0.5374151667924175,0.30389331861612295,0.5868233719385414,0.4256246281421254,0.6084049618970178,0.39549724504936545,0.6242398078563216,0.3670674059474546,0.6780737841261144,0.3126349590875044,0.52727241287558,0.33117275492236686,0.2674755404195134,0.47442756570269223,0.10127365792938342,0.10127365792938342,0.09251349301269515,0.09251349301269517,0.18245589351572536,0.18245589351572533,0.4701473431333423,0.4701473431333424,0.2380952380952381,0.4187014849420937,0.4025983289351175,0.43145419533997226,0.46455125011355486,0.36789966826788373,0.5638561371674546,0.6448979624033957,0.20772440190743247,0.6242096068694525,0.6241021163080596,0.30714856937409285,0.6844020030646709,0.6586117785731469,0.4034319696631822,0.025622086468305556,0.11697524309435815,0.10308899462964469,0.02438604176689971,0.3771088191570199,0.32850982406813256,0.32918310845193327,0.2941178232429534,0.3771088191570198,0.3285098240681326,0.32918310845193327,0.29411782324295344,0.04395600940679351,0.14634201612068679,0.019999980926513672,0.06122510153143279,0.04395600940679356,0.019999980926513672,0.23932410973158316,0.34586483932332146,0.2487337158130271,0.307566546760467,0.5485427714960167,0.3873340635046153,0.6010574385314132,-0.3278008518369062,SELL,0.0,1.0
0.5702875301408121,0.569620214485049,0.5791190903938197,0.5885246243793398,0.017269432414000925,0.0,0.0,AVH,2023-09-08 00:00:00+10:00,"Pharmaceuticals, Biotechnology & Life Sciences",0.4731207654016648,0.5292629002967705,0.5510205935226712,0.31483509995895365,0.5858301677323845,0.4641482161917079,0.6061474275583352,0.42552493629147037,0.6171662715089925,0.3977171245995508,0.6770118049488629,0.3274202814049244,0.5281799241711468,0.3425583218844973,0.26930006674242,0.48356923124174694,0.11611202734015283,0.11611202734015283,0.09690524982707116,0.09690524982707117,0.1447098955698554,0.14470989556985536,0.46827117350691516,0.46827117350691505,0.3333333333333333,0.4075459630841507,0.37708091865352955,0.43345613877208167,0.458770075114737,0.38552650360563945,0.5607950049983996,0.6437181474332229,0.40552057280007925,0.604679361486083,0.6321361926329199,0.3572032717118257,0.6844742475923555,0.6561774431015877,0.4300461113604638,0.012927530148999132,0.09662246066670684,0.21880767562408446,0.045987700766842526,0.4105797308717759,0.3626462268033363,0.3055070232838927,0.2903482404593708,0.4105797308717759,0.36264622680333636,0.3055070232838927,0.2903482404593708,0.21978004703396756,0.11222544490771907,0.09999990463256836,0.0508979653773138,0.21978004703396758,0.09999990463256836,0.23042727996853216,0.32535901713533644,0.34196859541787283,0.3348541170297832,0.5031371543618524,0.3438204869169199,0.5990495707964635,-0.34285714980812165,SELL,0.0,1.0
0.5750798959321943,0.5664556605672442,0.5774878094399991,0.580327871671706,0.017799726813998794,0.0,0.0,AVH,2023-09-11 00:00:00+10:00,"Pharmaceuticals, Biotechnology & Life Sciences",0.4143342733977979,0.4699693132198324,0.4965985622226965,0.27096154603076966,0.5835126649401916,0.4479649819089562,0.6051054905436922,0.4112315808022242,0.610610306577656,0.394263698753923,0.6760596847230917,0.3195860041772499,0.5291388035530492,0.33406726952441046,0.27106594732558487,0.47376974913503295,0.11883100580133174,0.11883100580133177,0.08427647638164643,0.08427647638164644,0.14225888101919895,0.14225888101919887,0.46742548053517474,0.46742548053517485,0.34782608695652173,0.3635004851198867,0.26165520701193756,0.4326418797557009,0.4539579001715051,0.39397915608190887,0.561276873287371,0.6410186148901936,0.3165123097089865,0.5865707697061926,0.6395910673188419,0.31702171633582676,0.6847710981035722,0.653698852847691,0.41769868163024165,0.008118497172331637,0.08829432849385828,0.24993945636310222,0.049795387772252904,0.40084028306793307,0.3754197956371883,0.3131177839223098,0.2932160376205787,0.4008402830679331,0.3754197956371883,0.3131177839223099,0.29321603762057874,0.10988949952001878,0.1271888613458142,0.05154610795104012,0.05820909495535087,0.1098894995200187,0.05154610795104009,0.22864788007733924,0.29528372869042374,0.33007986991236715,0.3221572728478063,0.4208070495621494,0.21695463109670587,0.5971220177709116,-0.31958762531846086,SELL,0.0,1.0
0.5766773004146084,0.5775316370040193,0.5905383682204284,0.6049180516245802,0.013361509109494024,0.0,0.0,AVH,2023-09-12 00:00:00+10:00,"Pharmaceuticals, Biotechnology & Life Sciences",0.5045528897583031,0.5603279439907664,0.591836873713432,0.347462822899589,0.5835126649401916,0.5154270390119446,0.6044108658672637,0.46122138492998577,0.6067284880511132,0.4391427041007139,0.6763892650698857,0.34531240960552845,0.5304401403819402,0.3557106439669897,0.2729882160302032,0.4928811424670872,0.14459845536371846,0.14459845536371846,0.09235196141224439,0.09235196141224437,0.15663440595168512,0.1566344059516851,0.463284443562592,0.4632844435625919,0.5636365527950041,0.3694612589395761,0.3510797731551232,0.44430099230429165,0.452789117066373,0.42576070745004413,0.5591757511636122,0.641974097326771,0.6531147410564295,0.5727516624333453,0.6476377799643582,0.46796160566309947,0.684637033099738,0.6545967701906747,0.46130906300185337,0.007188890398056848,0.07016642167886968,0.19162887788359914,0.04199962493986692,0.41785828329988256,0.37943556781031756,0.3641867010493901,0.33294416982333713,0.41785828329988256,0.37943556781031756,0.36418670104939016,0.3329441698233372,0.5128201993180004,0.286798667177442,0.23255801059022485,0.13033441994282832,0.5128201993180004,0.23255801059022485,0.21708203532395562,0.293916708643871,0.46234454410905734,0.3820268368850862,0.3188355347017133,0.25799784860143254,0.5952715668663819,-0.3579999923706054,SELL,0.0,1.0
0.5878594364797869,0.5743670830862145,0.5742251697448917,0.5721311971340992,0.0213865422029291,0.0,0.0,AVH,2023-09-13 00:00:00+10:00,"Pharmaceuticals, Biotechnology & Life Sciences",0.3489802623582574,0.40213689020402216,0.4081634506655283,0.20141401725427355,0.5825194607340347,0.42813525953680776,0.5998958054704777,0.4045354348321719,0.6024153545268103,0.3931568582070206,0.6762794061184056,0.3107215182211567,0.5312620371116396,0.3245614252121364,0.2748453231470138,0.4612781821990242,0.15835473257535596,0.15835473257535596,0.12884954189800424,0.12884954189800424,0.1691960340798083,0.16919603407980827,0.47223469085660996,0.47223469085660985,0.4189189711655193,0.3299130231973736,0.3421064759649348,0.43992645806488156,0.45084818747571115,0.41902522186845875,0.5535812573670853,0.6390142048431545,0.2467490199840568,0.5653338057954622,0.6472689255476409,0.25207481699291545,0.6847469220308404,0.6542142859192406,0.40233049813250676,0.004941654130210638,0.05560515077182747,0.3234328831906673,0.07463524744857028,0.41042903634586064,0.3387037390581803,0.35282407390709236,0.3188571467512284,0.4104290363458606,0.33870373905818035,0.3528240739070923,0.31885714675122845,0.0,0.21198158498696626,0.0,0.09640238909105713,0.0,0.0,0.2313168950676718,0.287081412852472,0.3266771521025549,0.30575899013078706,0.3462857252862689,0.30342828100018315,0.5934951339980333,-0.34583333747254463,SELL,0.0,1.0
0.568690125658398,0.5648734213328002,0.5758564506987123,0.5737705007736096,0.019923347143638498,0.0,0.0,AVH,2023-09-14 00:00:00+10:00,"Pharmaceuticals, Biotechnology & Life Sciences",0.4412853834391513,0.4973497018889786,0.4965985622226965,0.27073637966828784,0.5821883821408516,0.4335273122242813,0.596769994426549,0.4135852212190332,0.5995686870589023,0.39998114723145983,0.6767188454166799,0.3120752756636327,0.5326147420268662,0.32487992023920564,0.2766796235527341,0.46022470888825834,0.15848975665069384,0.15848975665069384,0.12753960827379118,0.12753960827379118,0.15797881604441708,0.15797881604441705,0.4664196690048332,0.4664196690048331,0.35820882775564,0.3753189815564427,0.38187316706988383,0.43844379248734616,0.448954511985346,0.4194374225547062,0.5503296817248791,0.6362581218302347,0.3105441997172784,0.5628166061992741,0.644235436328435,0.28480047121567115,0.684182699415085,0.6559032771648481,0.40362744219566304,0.009934342802682038,0.04334902182632605,0.26877313010145387,0.07663966519905935,0.4153766510971539,0.3530581691207656,0.38191619996527404,0.3371094481124269,0.4153766510971538,0.3530581691207656,0.38191619996527404,0.337109448112427,0.028570727912556215,0.18429921208236974,0.021977480706431747,0.08636914380352306,0.028570727912556104,0.021977480706431685,0.2224200653046208,0.2816132022938376,0.33178402418156117,0.2981176341403633,0.3503462725418085,0.35309257893274554,0.5917897584444187,-0.3638253681534833,SELL,0.0,1.0
0.5750798959321943,0.5727847684028538,0.5856443697840343,0.5999999843659944,0.02450746242804218,0.0,0.0,AVH,2023-09-15 00:00:00+10:00,"Pharmaceuticals, Biotechnology & Life Sciences",0.5096769790245627,0.565351222323767,0.578231122604218,0.33661980866785285,0.5845058691463483,0.4991896935530016,0.5974646191029777,0.4646813459175261,0.5997412122353414,0.4418905224681191,0.6783667436582974,0.33834259860525795,0.533796217810358,0.3480705022775632,0.2786377309752893,0.4805646094163604,0.180526745737098,0.180526745737098,0.15307388730401458,0.1530738873040146,0.15669627075138567,0.15669627075138565,0.4632799129473808,0.4632799129473809,0.6060606060606061,0.511026369157926,0.4903804428019779,0.4502466127146789,0.4501535733319906,0.4464155734155852,0.5520849456816859,0.6356960141657094,0.6813176747910311,0.5629489787219972,0.6444429606440496,0.47986578444275824,0.681927992185366,0.6624141657273657,0.44613845513584777,0.013663983767811604,0.03442559249178091,0.3059389707844626,0.10185788734005564,0.43494562829086547,0.3944826710277282,0.4477922409700977,0.3795701978012989,0.43494562829086536,0.39448267102772827,0.4477922409700977,0.3795701978012989,0.48571327365147005,0.17507152689031738,0.3736255559607799,0.13423627247014733,0.4857132736514701,0.37362555596077984,0.2295374103300222,0.27204380122312144,0.46800995130353973,0.39253795220041904,0.4367746616475018,0.4476254595737226,0.5901525979129487,-0.4064385971392648,SELL,0.0,1.0
0.5830670706884047,0.569620214485049,0.5840130888302137,0.5901639280188502,0.014719000594915701,0.0,0.0,AVH,2023-09-18 00:00:00+10:00,"Pharmaceuticals, Biotechnology & Life Sciences",0.4102363488301045,0.46577637025017193,0.5034014377773034,0.27665426870347226,0.5864922933453582,0.46683451590046543,0.5972909587935809,0.4453656480801109,0.5985335318869427,0.4279043742070585,0.6798681621338234,0.32663760378366724,0.5342756570930687,0.3385496308691691,0.2806088707930847,0.4692409825931027,0.18193529422140717,0.18193529422140717,0.1565229513901423,0.15652295139014233,0.1516456731622308,0.15164567316223082,0.46436177624095265,0.46436177624095254,0.5633800925064659,0.417568238734926,0.533513574724099,0.4561862521952616,0.4524786139378113,0.45623756601345633,0.5518140118402486,0.6356455854684941,0.5444695866257545,0.5615728340631021,0.6435175821773735,0.41428677135783853,0.6794515305628714,0.6688849048223702,0.4217731651192915,0.012076534878161897,0.027354549121985372,0.18977322259184706,0.06534057676851922,0.4326556227241286,0.38497056081698205,0.41713056135900906,0.37472181293454854,0.4326556227241285,0.38497056081698205,0.41713056135900906,0.37472181293454854,0.3142848189993774,0.2820597337436041,0.24175752774039933,0.21626958960256662,0.3142848189993773,0.24175752774039938,0.22419921065644347,0.25974029487308814,0.4329325117382022,0.3656993328728081,0.38038190497849333,0.5017740169335051,0.5885809238027376,-0.4012219656646159,SELL,0.0,1.0
0.567092645003914,0.553797444896025,0.5693311713084976,0.5672131298755134,0.016086040932598647,0.0,0.0,AVH,2023-09-19 00:00:00+10:00,"Pharmaceuticals, Biotechnology & Life Sciences",0.374175227165019,0.42853346376934154,0.47619058431679623,0.2540958495555542,0.5788776593558056,0.4243653917832835,0.5932968627638266,0.4069024093010907,0.595773124950592,0.3950309121607596,0.680234361549052,0.30213260101435346,0.5345838680605256,0.31708552698713344,0.2823877838491685,0.4468497041082759,0.16784984057956392,0.1678498405795639,0.16433779496057108,0.16433779496057105,0.1620803334337602,0.1620803334337601,0.46195528089632787,0.46195528089632776,0.41558428690505245,0.351340840443175,0.44858365069417283,0.45159634986641417,0.4532832204596802,0.4429747175227546,0.5474080316629155,0.6324096146220269,0.2641289600701282,0.5601391219116407,0.6393945712316382,0.26694610217275627,0.678846408176428,0.6704645461341445,0.3756395535972451,0.013480442499232484,0.023498054781435324,0.2015504118301881,0.0741633002035074,0.3628367869205523,0.3437506772181292,0.3832038594197013,0.33471402992354915,0.3628367869205523,0.3437506772181292,0.38320385941970136,0.3347140299235492,0.0,0.27233374393095716,0.0,0.2088121769568752,0.0,0.0,0.2295372406371086,0.2542720843144537,0.2710205886511996,0.2700001404522684,0.28034034047222056,0.4235566478184193,0.5870721166569348,-0.396226388688263,SELL,0.0,1.0
0.5399360832542446,0.526898698870226,0.5171288583993137,0.5147540845207166,0.06675380549520903,0.0,0.0,AVH,2023-09-20 00:00:00+10:00,"Pharmaceuticals, Biotechnology & Life Sciences",0.28956993854838114,0.3386211886509258,0.37414972165041416,0.16655834778788073,0.5672901611815371,0.3090814685651271,0.5866979200571758,0.31313874138953546,0.5890446348428164,0.3196742439329374,0.6794653419039836,0.24746794458484045,0.5342414106135369,0.26893881145897913,0.28397772798989496,0.3992551373145988,0.2239586859936979,0.2239586859936979,0.22176436951566394,0.22176436951566397,0.20595913171884198,0.2059591317188419,0.4913851148214978,0.4913851148214977,0.3076921666161556,0.2788594659933898,0.34992440112064316,0.4256056427885814,0.4479504676016313,0.38943812001549877,0.5655059395713649,0.5981993392830696,0.040680658220689,0.5623412736989324,0.6226624424064529,0.029129371764866574,0.6806701210595969,0.6664418521537327,0.2801708560770666,0.03685746681696302,0.02507537432126014,0.5691564097165487,0.3029831654279865,0.3306411530481554,0.31311758769582687,0.2999245568507113,0.29655468660552015,0.3306411530481554,0.31311758769582687,0.2999245568507113,0.2965546866055202,0.0,0.10698820685328657,0.0,0.08203331713241924,0.0,0.0,0.25800696012454094,0.2816132022938376,0.0,0.09150314278909277,0.24485710094886817,0.3170434531474396,0.5846177422607267,-0.33258423462703723,SELL,0.0,1.0
0.47923326565317953,0.47943039010315425,0.48613382018952683,0.483606611839773,0.04151863169832555,0.0,0.0,AVH,2023-09-21 00:00:00+10:00,"Pharmaceuticals, Biotechnology & Life Sciences",0.3430656119708782,0.3958943847511527,0.5034014377773034,0.27337932630863093,0.5490812647972652,0.26791244212738263,0.576973166306596,0.26671021025102415,0.5814535229661699,0.27925808664221785,0.6767920852997256,0.2166654928153574,0.5334023914605528,0.2408305175005152,0.28546341374548634,0.3705033936681768,0.2266206747247784,0.2266206747247784,0.23948947955236746,0.23948947955236743,0.22223255685285945,0.22223255685285942,0.4690668157099531,0.46906681570995323,0.15740718664925324,0.2499559297035857,0.2545109675945183,0.39267998070949145,0.4361131676946969,0.33269851984434934,0.5829365172546286,0.5582936923759856,0.09696932332149821,0.570998945454698,0.5965441139304724,0.03673058100329546,0.6857639026063649,0.6540475520094446,0.2427360654575399,0.047985171147083734,0.024865133058514205,0.30726424146666703,0.1888362676943995,0.28108794470593407,0.2779538772668229,0.2786232912836418,0.23844795858631523,0.2810879447059341,0.27795387726682297,0.27862329128364177,0.2384479585863153,0.0,0.0,0.0,0.0,0.0,0.0,0.26156559021401327,0.2781954892119264,0.040122280219069995,0.03062140698122834,0.2500832016359643,0.18957239881485716,0.577535331153217,-0.2558685666723529,SELL,0.0,1.0
0.47284349537938314,0.47626583618534957,0.48613382018952683,0.4967213536359654,0.029982507835055346,0.0,0.0,AVH,2023-09-22 00:00:00+10:00,"Pharmaceuticals, Biotechnology & Life Sciences",0.47790637725275276,0.5340207776683032,0.585033998158825,0.3486675607026255,0.5282238028143134,0.3620027289664862,0.5672484125560163,0.31084090370525197,0.5755013982090329,0.3091508800549303,0.671555429296514,0.23464724616741905,0.5322894070031625,0.25384400633922877,0.28702729340644717,0.3800001393854134,0.19225094773246224,0.19225094773246224,0.24163344858905442,0.2416334485890544,0.229945034586814,0.22994503458681398,0.2908348158909515,0.2908348158909514,0.26041641831374324,0.28951849746786645,0.3048611504728709,0.37450130605748355,0.42246322897353605,0.31688674989312154,0.5837909779499797,0.537241514505334,0.23652919963901753,0.5742431143537556,0.5802222976016853,0.16492273332549,0.6853604227307593,0.643012988959933,0.2826821373974349,0.05080637437452649,0.02645636357734736,0.21470365453502605,0.13425955779916998,0.2662375967102123,0.2797321977233367,0.311472362116741,0.180161574332155,0.2662375967102123,0.27973219772333674,0.311472362116741,0.18016157433215504,0.10810803844597434,0.03680192131642173,0.08988756821049418,0.03050070646483213,0.10810803844597427,0.08988756821049415,0.2615655053675565,0.2754613839326091,0.19844506338820062,0.12891718464129442,0.34535291415429004,0.26579503598940646,0.5664171690640238,-0.2511521000610879,SELL,0.0,1.0
0.48242815079007767,0.48259494402095904,0.4877651011433473,0.5049180281735721,0.03512445374458241,0.0,0.0,AVH,2023-09-25 00:00:00+10:00,"Pharmaceuticals, Biotechnology & Life Sciences",0.4619852939151986,0.5181523212603063,0.578231122604218,0.3417620076012485,0.5110081106361981,0.43576449425692365,0.5592602204965081,0.34249542753948936,0.5710157395082907,0.3291568525710318,0.6658793322488512,0.24792384844053117,0.5316558610120018,0.2619449609088206,0.28864330225997537,0.38514977513455556,0.21876068926598674,0.2187606892659867,0.24960427840672492,0.24960427840672494,0.22989369480718466,0.22989369480718458,0.28355850593349563,0.28355850593349574,0.2899997615811935,0.27587548061076234,0.3480900938647661,0.36588311327334233,0.40956156601996596,0.32341400960110284,0.5808421123067442,0.5241009619018806,0.3120282655763178,0.5762078947336315,0.5684849504378533,0.23473461393111347,0.6816240901179988,0.6352612081885012,0.30782687247934504,0.061320977634169084,0.029614480401749063,0.2244356733076763,0.15260346482226816,0.29118168901902197,0.29795768884431506,0.34165851697488225,0.1726366631169136,0.291181689019022,0.29795768884431506,0.34165851697488225,0.17263666311691364,0.1756752402873396,0.09660493377723031,0.14606703045596892,0.08006426357090898,0.1756752402873395,0.1460670304559688,0.26334490525874943,0.26999317337397477,0.2797169190210105,0.210416584291342,0.3811993387730473,0.3354360744803773,0.55641082318375,-0.23917995085427168,SELL,0.0,1.0
0.48881792106387395,0.47626583618534957,0.49265909957974147,0.4983606572754759,0.027621720663205538,0.0,0.0,AVH,2023-09-26 00:00:00+10:00,"Pharmaceuticals, Biotechnology & Life Sciences",0.4167305811518293,0.4724175184141619,0.5238094156832037,0.29216995193352774,0.4971031254564329,0.45742845360734874,0.5479725570836743,0.34983229228765533,0.5650636147511534,0.3268334115989304,0.6600933762497081,0.2455732260389295,0.5309195780316889,0.2564622088104077,0.29023324647838045,0.37765289498646154,0.21949523526902973,0.21949523526902975,0.21916257637429756,0.2191625763742976,0.21463766967516076,0.21463766967516074,0.283539043822263,0.283539043822263,0.1477270017968108,0.30621640596234906,0.3663534513695792,0.35825183935668387,0.3974854609269017,0.33061540618893703,0.5674947646508437,0.515974543114974,0.3223287261377009,0.5749122184038997,0.5574883068339951,0.24406093471289717,0.6776595450760896,0.6275582831996696,0.3071696024480248,0.06726512868085208,0.03225714908396202,0.166365995785104,0.11709048422263317,0.31253957555610373,0.26499987691006516,0.31173509290752627,0.1694801251404587,0.3125395755561038,0.2649998769100652,0.3117350929075263,0.16948012514045874,0.12162122106435241,0.13800698557982796,0.10112324635072183,0.11437746744456975,0.12162122106435247,0.10112324635072178,0.24377193068791134,0.2658919176756813,0.31098654090252165,0.2478003604803154,0.3823904813800317,0.33175060686174607,0.5474051118915035,-0.24827584997321495,SELL,0.0,1.0
0.4872204404093898,0.4905062910910126,0.4975530202286695,0.513114780881206,0.02075720621901203,0.0,0.0,AVH,2023-09-27 00:00:00+10:00,"Pharmaceuticals, Biotechnology & Life Sciences",0.48209656397515643,0.5381783213658122,0.591836873713432,0.3537893466934081,0.49677206264994594,0.5037807201674998,0.5417209267152376,0.3932856543711669,0.5597153301682158,0.35953183572868874,0.6545637607143133,0.2660541259472404,0.5305086300750798,0.27048064318234877,0.2918492554095875,0.3883815061256833,0.15481512404257008,0.15481512404257008,0.22066455291530965,0.22066455291530968,0.22387242424888623,0.22387242424888615,0.2883081926614427,0.2883081926614426,0.24175817841791614,0.3498866948120496,0.3495602998690549,0.3610165904526992,0.3884603180683451,0.357229154390344,0.560266849669977,0.5112866971935615,0.40625019701905696,0.5701969683774648,0.5517725617811418,0.31203357128959935,0.6719628913666289,0.6226304853027378,0.3397288208153848,0.04356381760803848,0.030348099064718498,0.16212009440810926,0.08956355984376914,0.415170441097265,0.31656288615303596,0.32561170903135894,0.17674738262419704,0.4151704410972649,0.31656288615303596,0.32561170903135894,0.17674738262419706,0.24324308650344226,0.1840093872253553,0.2022470284736119,0.15250335052560995,0.24324308650344217,0.20224702847361187,0.25266867560450557,0.2631577472101524,0.3585052464970198,0.29984214840342865,0.4004035289924591,0.3368772558928468,0.5392999717284818,-0.2454955266983162,SELL,0.0,1.0
0.5031948660938805,0.5174050371168116,0.5171288583993137,0.5262295226773985,0.03180966961193242,0.0,0.0,AVH,2023-09-28 00:00:00+10:00,"Pharmaceuticals, Biotechnology & Life Sciences",0.47623649573692206,0.5323617321849131,0.5782314469831783,0.3404931851530755,0.5053799008456554,0.517222764302975,0.5366848936708406,0.4314357097336392,0.5556609864652338,0.38787698058201747,0.6497665440093761,0.2843608556508389,0.5303031560967751,0.2828193437677142,0.29352065169043096,0.39758158746617384,0.06188202665323524,0.06188202665323526,0.2299258393625532,0.22992583936255317,0.23067444132923462,0.2306744413292346,0.290603733925319,0.290603733925319,0.35294107747318776,0.3498866948120496,0.37451012501002146,0.3711613265818342,0.3835729370575491,0.3933231285104327,0.5513546145265815,0.511024623076268,0.48087156880750453,0.5656547064267916,0.5485748738067999,0.36872458641184946,0.6668563236917926,0.6185651594302684,0.3686724484387086,0.03856094491255988,0.03184042252280239,0.26504470473971586,0.13536221162312637,0.49086080147096706,0.33035268481035845,0.3529701076761409,0.19344076862240336,0.4908608014709671,0.3303526848103585,0.352970107676141,0.1934407686224034,0.3513511249494166,0.24381261904291776,0.3058820955480795,0.20673189943481743,0.35135112494941645,0.30588209554807944,0.2615655053675565,0.27272708309465676,0.4147005010910505,0.35550993842349543,0.4244886256573243,0.33440947699082846,0.5320053455817622,-0.296460159253062,SELL,0.0,1.0
0.5191693679504414,0.5079113753633974,0.5220228568357077,0.5327868935754947,0.012633797740652727,0.0,0.0,AVH,2023-09-29 00:00:00+10:00,"Pharmaceuticals, Biotechnology & Life Sciences",0.45612647200956985,0.5122841872680605,0.5374148424134573,0.3042115534812233,0.5126634562420249,0.5146996913772233,0.5295649865971579,0.46019636097575956,0.5524692686444475,0.40398189591144407,0.6470932856589418,0.29382469819343493,0.5298922073236849,0.28925161068797733,0.29512362830407646,0.40123793060032326,0.05806758743417784,0.05806758743417784,0.205358990797298,0.20535899079729802,0.23213500298982356,0.23213500298982354,0.22733115366485313,0.22733115366485301,0.5964914775698004,0.38071605698861316,0.4078533153590749,0.38403839599779305,0.3826240524215646,0.42767889654513636,0.5293646779338181,0.5213340406244118,0.5507740269924337,0.5618070715693377,0.5463763751503254,0.40088322582577796,0.666485166801029,0.6131428677307462,0.38639745127624947,0.0296214324022886,0.025728170196191155,0.11954093255513298,0.05697627067486898,0.4784910033463524,0.30953633061766533,0.3714440571673342,0.24321016796659156,0.4784910033463525,0.30953633061766533,0.37144405716733425,0.2432101679665916,0.40540514417240375,0.34041777217690217,0.37974649162516977,0.30127451514441367,0.4054051441724037,0.3797464916251697,0.2562274753868913,0.2617905967911761,0.4237161410582707,0.36529234098317354,0.4706209406948618,0.37525660469923006,0.5254401820497144,-0.18640349019707492,SELL,0.0,1.0
0.5175718872959574,0.5047468214455926,0.5122349377503856,0.5180327699697647,0.027381444892352235,0.0,0.0,AVH,2023-10-02 00:00:00+11:00,"Pharmaceuticals, Biotechnology & Life Sciences",0.39342518763085116,0.4484920158316555,0.48299313549244294,0.25698143456060035,0.5153120218407048,0.4624398020046607,0.5219241068758639,0.4438793067108959,0.5485874460045799,0.3848841146725601,0.6431383267359423,0.2811283652067472,0.5297723470947668,0.27565321485857985,0.29669402396846045,0.3868675462945081,0.09626156724712945,0.09626156724712948,0.20746178031544524,0.2074617803154452,0.23556922570556973,0.23556922570556965,0.20623805081775037,0.20623805081775026,0.7234038883551241,0.28908857135872085,0.4002160021808767,0.3893736032513274,0.38309174995803086,0.4400358378464074,0.5033665820903217,0.535126549264825,0.5148530799826094,0.557982758560366,0.5426993301804606,0.3616505978964668,0.66427962669356,0.6072340718245477,0.368607875545634,0.025631583927963948,0.025780150887752304,0.2757721049865113,0.12342287873829377,0.43965542740894364,0.3028630392038491,0.3556004760005371,0.21072166405895387,0.4396554274089435,0.30286303920384905,0.3556004760005371,0.2107216640589539,0.2916661423663978,0.3569018515976915,0.2799994150797526,0.32765750411637673,0.29166614236639776,0.2799994150797527,0.2544480754956985,0.2576894062790944,0.40945899288375914,0.3541911574468372,0.4115942596817583,0.3926447532559795,0.5195315348708714,-0.20357939376392975,SELL,0.0,1.0
0.3338658395801731,0.37816455156002615,0.33442087989836905,0.37213115023208293,0.39298745613912367,0.0,0.0,AVH,2023-10-03 00:00:00+11:00,"Pharmaceuticals, Biotechnology & Life Sciences",0.0,0.0,0.6598638451752198,0.44858438378355014,0.48981955427336715,0.08803208104812343,0.5012590020506648,0.1593423122586144,0.5363381461374275,0.15094138306855953,0.6361439117934562,0.12613021557589,0.5296524868658486,0.14025736063087302,0.2976584164001601,0.26243543959927,0.5912374099568958,0.5912374099568959,0.5837083196812722,0.5837083196812722,0.5787282880383806,0.5787282880383806,0.4817187422154927,0.4817187422154926,0.2031248486600501,0.1743033968788406,0.24460046388862963,0.33005717426841336,0.3698263804584918,0.320241373006608,0.5281580423793781,0.4642583542054679,0.0,0.5743159433255585,0.4977822438288921,0.043768378106426475,0.6720399790200351,0.5819076324638672,0.1671710225853243,0.2138986968913213,0.10467357887756946,0.9798047327201632,1.0,0.20613140384922812,0.152990116854427,0.16974116490862,0.12271866162053346,0.2061314038492281,0.15299011685442704,0.16974116490862,0.12271866162053346,0.15243903680049217,0.28918859805826913,0.14970059196332408,0.27466189759468856,0.1524390368004921,0.14970059196332408,0.42170784717727716,0.3998629459898013,0.0800851101044926,0.11536708197979045,0.2218658428371734,0.21777227236261792,0.5142137524099128,0.12849163350561632,BUY,0.0,0.0
0.36261980581225645,0.3528480824931295,0.3523654371151927,0.36065575116041454,0.1429245558506817,0.0,0.0,AVH,2023-10-04 00:00:00+11:00,"Pharmaceuticals, Biotechnology & Life Sciences",0.3938283803756503,0.44890813695411136,0.48979601104704984,0.25325969218884314,0.45902994761532173,0.13288084698877634,0.4849353097337237,0.16221478794041255,0.524951474209133,0.1455579558466107,0.6295156953931105,0.1180583902126141,0.5293271526586258,0.12981246183075368,0.2986032603555172,0.2518744567466854,0.5633764964320106,0.5633764964320106,0.5680313629973984,0.5680313629973984,0.5761368010697944,0.5761368010697943,0.4791194996348196,0.4791194996348195,0.16153849680748353,0.16265295388336193,0.20949908039281548,0.28091276027887907,0.3479135632498177,0.24480910665051897,0.5442522578241353,0.41224673735496364,0.14010855576532943,0.5869553394381577,0.45901189925386404,0.1203667880868678,0.6801707502314589,0.5569162648118078,0.1897823113868639,0.2768495759155408,0.12914141437560572,0.2847105358685507,0.32041305910914103,0.16731974822854412,0.188840456473302,0.18007790368191756,0.12712693501266295,0.16731974822854412,0.188840456473302,0.18007790368191756,0.127126935012663,0.10975614720196875,0.1885443603106536,0.10778446618796407,0.18237957121094953,0.10975614720196869,0.10778446618796411,0.42526656211320624,0.4025970512691185,0.15870147141995677,0.15692871307235556,0.19147579473090046,0.1601305578218799,0.49100575317540085,0.17094021215993171,BUY,0.0,0.0
0.3434504949908675,0.3528480824931295,0.3539967569627463,0.36557377933398666,0.038144777921454695,0.0,0.0,AVH,2023-10-05 00:00:00+11:00,"Pharmaceuticals, Biotechnology & Life Sciences",0.4554628635952859,0.5116185447661545,0.5918367115239518,0.3682596095526684,0.4265849874581014,0.24265084993527597,0.4724320489968502,0.19660647282738775,0.5139098505770545,0.16884987149776576,0.6223748006845329,0.12859913381757337,0.5292757841640497,0.13441530613782804,0.2996165239780727,0.2550938156738893,0.5535225104347892,0.5535225104347892,0.5694161847400887,0.5694161847400886,0.5789178667535481,0.578917866753548,0.47068716025507307,0.47068716025507296,0.18604652452236806,0.10955541832729208,0.24043982507555936,0.24763316585893796,0.3227308268230421,0.21628538199565261,0.551810949979634,0.3778320022071382,0.2314882082764107,0.5924867617995888,0.42930469139049715,0.18830736274642368,0.6847181183164854,0.535365801549023,0.22574083872364492,0.2801139557846339,0.13496946540107668,0.07520177364014605,0.08315740080753523,0.15852265778451807,0.2284237752522378,0.18754148106067703,0.11853638714399867,0.15852265778451802,0.22842377525223784,0.18754148106067703,0.1185363871439987,0.12962966233451248,0.13338422722301582,0.1257485200916898,0.1300390600186656,0.12962966233451256,0.1257485200916898,0.4199284897093126,0.39302768279150824,0.23262205950233997,0.20441741559205062,0.19499598480198965,0.2004101301834098,0.4705827138490304,0.11581923453357112,BUY,0.0,0.0
0.35782747810690924,0.34810125161642225,0.36378467604806847,0.36065575116041454,0.014426095103459593,0.0,0.0,AVH,2023-10-06 00:00:00+11:00,"Pharmaceuticals, Biotechnology & Life Sciences",0.4181278620329752,0.4738438150079186,0.5102041511424302,0.27559855874969197,0.3918225324020362,0.3364467188330096,0.4580185703997981,0.21245634613914466,0.5019193384745606,0.17629510727381104,0.6151606652198216,0.1282480375427142,0.5290703097775046,0.12997996871459283,0.30063956183879925,0.2500255291146384,0.5384942815237266,0.5384942815237267,0.5589137169474785,0.5589137169474784,0.5718843804361686,0.5718843804361686,0.47044559387171025,0.47044559387171014,0.12195112495791335,0.11226246188598328,0.2378629935114255,0.2227613829074972,0.29686549082684316,0.21033102016922525,0.5516286100281398,0.3482774743986423,0.27434629551887824,0.592666847460734,0.4038791494738018,0.2203422587380729,0.688288189035106,0.5149006157215321,0.2438895040169241,0.28103749791599425,0.1343757448170011,0.02835802956300717,0.031538111900471594,0.14243606500925193,0.2075828183462851,0.17005637072087626,0.11606936346397062,0.14243606500925193,0.20758281834628506,0.17005637072087632,0.11606936346397059,0.11842109803677983,0.12180390883295794,0.10778446618796407,0.11581605372458745,0.1184210980367798,0.10778446618796411,0.40747302985678935,0.38892649227942655,0.28907987700606963,0.23916752963906637,0.199937767083754,0.188995223491764,0.4526104392418242,0.08262107197748247,BUY,0.0,0.0
0.3546325929700111,0.3560126364109343,0.36541599589562207,0.3704918075075589,0.017991814190882444,0.0,0.0,AVH,2023-10-09 00:00:00+11:00,"Pharmaceuticals, Biotechnology & Life Sciences",0.47420980047475914,0.5303465208497009,0.5646258580634446,0.3364023227190263,0.3620261457368437,0.4788073345290291,0.4437787521121429,0.2645940500516939,0.49087771689914445,0.20981338979391517,0.6057493315175613,0.14633624951015323,0.5293271522503853,0.1389505923320502,0.301682148175868,0.25733468011199523,0.5676811963129202,0.5676811963129202,0.5620509174217041,0.5620509174217041,0.5792642826397851,0.5792642826397851,0.3603834553395634,0.3603834553395634,0.10743793185050081,0.15285274210414967,0.23090228053117398,0.21136207342173846,0.2735520056450591,0.2325909859774722,0.542609455337745,0.3291324151020675,0.3329652813239715,0.5893235354296489,0.38458188088821493,0.26526445968648066,0.681336984592043,0.5030123074682293,0.2687426156465609,0.27619917156977797,0.1344158548064751,0.03591489330293641,0.039325952940464225,0.17702890343290306,0.2117604771289944,0.18912718751616686,0.0821577076933831,0.17702890343290306,0.2117604771289944,0.18912718751616686,0.0821577076933831,0.17777779740070748,0.14495970237441752,0.1437125739954155,0.12800720197665444,0.17777779740070754,0.14371257399541548,0.39857624251696677,0.383458314313898,0.33043661038508404,0.27136643257163934,0.22244045718589575,0.1842103221486069,0.43679483758748294,0.07563024817237474,BUY,0.0,0.0
0.36741213351760377,0.37499999764222136,0.37520391498094413,0.39016395928686104,0.03459349314558957,0.0,0.0,AVH,2023-10-10 00:00:00+11:00,"Pharmaceuticals, Biotechnology & Life Sciences",0.5104435236178644,0.5661017092406182,0.591836873713432,0.36534560966186724,0.36566793132837666,0.539050153858935,0.4323174366704917,0.3372812057330796,0.47957730755906963,0.26311581985609056,0.5977295564662584,0.1750610474050972,0.5298408376043873,0.15687502618670834,0.3027931543354925,0.27278525337127196,0.11828614047340688,0.11828614047340691,0.582461700935674,0.5824617009356738,0.5811139659995782,0.5811139659995781,0.36582288604070445,0.36582288604070434,0.1627907320596482,0.25133807728515484,0.27811308878938856,0.2150491899000158,0.25574905219853994,0.28065972389872895,0.5299310526407546,0.3198865782732214,0.4010595047035397,0.5775274854521288,0.37465535848161474,0.31499019022823554,0.675931788690288,0.49222069277973673,0.30446956109948886,0.09152450132901502,0.13884933018636075,0.1688160315749987,0.0740566539373172,0.4546106003691041,0.24463334197188777,0.1909782232059426,0.10863013602925334,0.4546106003691041,0.24463334197188777,0.1909782232059426,0.10863013602925334,0.27906987919385684,0.19583184085202957,0.21556893237592814,0.15848512105013896,0.27906987919385684,0.2155689323759281,0.3683271231383415,0.3889265900587441,0.37072175207087704,0.30818883496210503,0.28164271625899384,0.22015897839563264,0.42287710813166257,-0.056910578561117364,SELL,0.0,1.0
0.3865814824250277,0.3829113824367333,0.38662319280755303,0.39508198746043327,0.030027809366713454,0.0,0.0,AVH,2023-10-11 00:00:00+11:00,"Pharmaceuticals, Biotechnology & Life Sciences",0.4545483785444808,0.510700929381882,0.5306122912378106,0.29831928591425944,0.3726204239182593,0.5308426816547187,0.4198141800739079,0.3776272303299464,0.47026093774804484,0.2869072445226817,0.5902957013524095,0.1866847718532516,0.5303202772953385,0.16111055577185163,0.3039074185745074,0.2758444644156634,0.08166790104636368,0.08166790104636368,0.5763894650529796,0.5763894650529796,0.5786330459236159,0.5786330459236158,0.3663763415904655,0.3663763415904654,0.19512199376893904,0.30284226613172477,0.23733498399209194,0.2239124022041873,0.2435447424780371,0.3294970686250318,0.5090663764087056,0.31780023691678827,0.43602485803312824,0.5686609653118406,0.365464686725066,0.33806548050465834,0.6710783112595842,0.48201744289741816,0.32072509466441035,0.03335061565851897,0.14065372327353154,0.2689123211015095,0.06374842092662893,0.4894209948802216,0.23484756273578453,0.22669501560561586,0.11976924146245044,0.4894209948802216,0.2348475627357845,0.22669501560561592,0.11976924146245044,0.3023256716565767,0.25843626643753426,0.236363686280471,0.20211470328930717,0.30232567165657664,0.23636368628047089,0.3558716632858181,0.3848253995466625,0.3926666611925163,0.33215908833476077,0.328878390532548,0.2301870463922357,0.4106295062105406,-0.16129035979478312,SELL,0.0,1.0
0.3817891547196805,0.3702531667655141,0.3719412752858368,0.37704917840565505,0.045274217499315476,0.0,0.0,AVH,2023-10-12 00:00:00+11:00,"Pharmaceuticals, Biotechnology & Life Sciences",0.3718574326100412,0.42611819881666724,0.4761904221273161,0.24019345989583327,0.3749379188171042,0.455394499608468,0.4040114521239986,0.36810441148571793,0.4599094168783851,0.26893163922632124,0.5826421265894235,0.17178983525894875,0.530765471323239,0.144079907664608,0.3049988761801108,0.2597802981040904,0.13969280439294232,0.13969280439294232,0.5668803094348283,0.5668803094348283,0.579422334286139,0.5794223342861389,0.3696665240207505,0.3696665240207504,0.5333332980120661,0.24377095559002776,0.24951637711916355,0.2264605988921231,0.23436724027303268,0.35590011359245,0.47646318816566163,0.32225216280934676,0.41853082631415195,0.5585383026605335,0.3555706797377752,0.3231859518861544,0.6669171813630059,0.47044632973750494,0.30975246816458624,0.037024301710721345,0.1459472681155724,0.38513889496065057,0.09382888703289256,0.44151033927862027,0.1981297397427978,0.20306376103945478,0.11194928899429155,0.44151033927862016,0.1981297397427978,0.2030637610394548,0.11194928899429155,0.21705424780599455,0.27180667679907333,0.17073170377128793,0.2112828514841638,0.21705424780599458,0.17073170377128788,0.3665478505168337,0.37935722158113383,0.38230751061077173,0.3292578385615942,0.2784563608287062,0.22523400361188678,0.3998516165199534,-0.08033240173967637,SELL,0.0,1.0
0.3434504949908675,0.3362341555624252,0.33523655926901247,0.3393442957416018,0.11896470899650667,0.0,0.0,AVH,2023-10-13 00:00:00+11:00,"Pharmaceuticals, Biotechnology & Life Sciences",0.29697075089426267,0.34663324548239527,0.48299329768192306,0.2439212564177191,0.37063399971924943,0.3307731567679322,0.38352000760819627,0.31681398536997407,0.4461936550681623,0.21725221090168545,0.5741462931714116,0.13400990236068078,0.5307825945630048,0.10910103582588981,0.30596978484826987,0.22751796610161995,0.2380250330421022,0.2380250330421022,0.5715195816758455,0.5715195816758455,0.5793189883927053,0.5793189883927052,0.3903233971584211,0.390323397158421,0.39344270624676325,0.18327723254533262,0.2164322225347288,0.21522982176106503,0.22444277532851603,0.3493843075164631,0.42786122075491323,0.33521932390754505,0.3258956302140749,0.5433247375121188,0.34457371799173936,0.2769247870591862,0.6639505821229277,0.45549368853586686,0.2786794270612778,0.0908913754941969,0.16567099607246694,0.58343668286274,0.22646832113207385,0.37355760737926447,0.14427503788779888,0.13506741354223545,0.08878719277470165,0.37355760737926447,0.14427503788779894,0.13506741354223545,0.08878719277470165,0.03875983892514248,0.19000081554542547,0.030487923661853808,0.14848104661406641,0.03875983892514234,0.030487923661853822,0.392348512590705,0.40054655379239523,0.3444503966731027,0.3067297585159896,0.20447783388915639,0.20191691038444287,0.39036707359223655,-0.035502994057593495,HOLD,0.0,0.5
0.33546328214862214,0.3259493741917888,0.3238173203361367,0.32459017213587166,0.05783895261082275,0.0,0.0,AVH,2023-10-16 00:00:00+11:00,"Pharmaceuticals, Biotechnology & Life Sciences",0.37831185539436496,0.4328375287550684,0.4557822820319357,0.21157938404435966,0.3613640122305219,0.30761299593281466,0.36302856309239395,0.3254215993015559,0.43221910343661857,0.2097605348249738,0.5656138389387884,0.12294022653496184,0.5307654717314794,0.09542851912681871,0.30683643474290023,0.21452147841817276,0.22598037808475788,0.22598037808475788,0.5710041680762598,0.5710041680762598,0.5795950666743754,0.5795950666743754,0.39218800855766056,0.39218800855766045,0.31343285706558716,0.17647046277575656,0.1488595813242323,0.20360085948900702,0.21382917943451324,0.34337297202368566,0.35536686000826984,0.3753613956493538,0.14252394842348726,0.5274825498830333,0.3337699239369997,0.2698563379496617,0.6617723189438514,0.4394545444427547,0.2769311388228116,0.11142396785785028,0.17467492360554027,0.244234087347242,0.1061585747256362,0.32404500585178636,0.13939044400790584,0.1253954687132931,0.08444002000305662,0.3240450058517863,0.1393904440079058,0.12539546871329305,0.08444002000305664,0.01845008191571031,0.09336445744040758,0.014836712958554354,0.07331237399504623,0.01845008191571018,0.014836712958554266,0.4021350422993525,0.3984959911294603,0.33693005023511896,0.307713457157045,0.1994771510261806,0.16379741668414516,0.38202067581584576,0.0,HOLD,0.0,0.5
0.31789137580964716,0.3196202286317209,0.3278956005081544,0.32786885758491985,0.021463155087350902,0.0,0.0,AVH,2023-10-17 00:00:00+11:00,"Pharmaceuticals, Biotechnology & Life Sciences",0.4500496144627484,0.5061812331475215,0.5442177179680642,0.3146174367204255,0.3487833098500966,0.36509572027044745,0.3583398423862112,0.3459725710025885,0.4196247532165877,0.2364778666515568,0.5577771644681881,0.13288243215824536,0.5306284886710358,0.09855316823270488,0.30773566550911335,0.2164970796531735,0.17487341674487086,0.17487341674487086,0.18851459113885052,0.18851459113885055,0.5828848812890849,0.5828848812890848,0.3908904216714919,0.3908904216714919,0.3484848320648382,0.14415544127592367,0.16243662193416927,0.199861236113187,0.2044783943118746,0.3543885550797419,0.35666236668530765,0.3642063169551514,0.24305419890164653,0.5122933695743517,0.3251025246958538,0.2924213705150416,0.6602889413486934,0.4240634096831018,0.2952064216244059,0.10465811490987886,0.17579772509123287,0.09498154728678049,0.03921851153921633,0.2946806418320029,0.31617010174118293,0.1484272364404951,0.09702834429899534,0.2946806418320028,0.316170101741183,0.1484272364404951,0.09702834429899537,0.03321021783015832,0.030780642000580137,0.028391068492928145,0.02501325965616121,0.03321021783015832,0.028391068492928162,0.39501761242749445,0.3943948658035903,0.34074602535396475,0.31813758780215984,0.19425204273211136,0.1834150365713152,0.3720276112688812,0.0332326693099676,HOLD,0.0,0.5
0.3258785886518926,0.31487339775501366,0.3262642806606007,0.33278688575849197,0.007345510118563435,0.0,0.0,AVH,2023-10-18 00:00:00+11:00,"Pharmaceuticals, Biotechnology & Life Sciences",0.4565956093157194,0.5127546421364831,0.5306122912378106,0.29831928591425944,0.33620260746967107,0.4316407594791922,0.35538768337109994,0.3670468273934644,0.4100495976975665,0.2624717285100646,0.5505264081888654,0.14454061891674086,0.5305086284421178,0.10318912931688329,0.3086772513074014,0.21978818786976995,0.1763885082246801,0.17638850822468014,0.18938855534391288,0.1893885553439129,0.5665891512761012,0.5665891512761012,0.39156036002111805,0.39156036002111805,0.31746033548137076,0.11956800703626012,0.18931310359495565,0.20307885968593536,0.19773764327733695,0.37715605748673864,0.35708553873593024,0.3576291900549353,0.3136142296271711,0.503777044285959,0.3149568907206624,0.3183180584893965,0.6589661183689108,0.40975967154789034,0.31346446028579356,0.09297028931436238,0.16339260956055218,0.03544515686753526,0.014116163117309139,0.2956740089533671,0.34146965462076756,0.20310437493059247,0.108784256654918,0.29567400895336715,0.3414696546207676,0.2031043749305925,0.10878425665491803,0.057914917879978045,0.03730137550605386,0.05300340913360693,0.032653228418904535,0.057914917879977934,0.053003409133607016,0.3736653228119202,0.3834584446863215,0.33665039416862313,0.3254459183597326,0.15363539507720234,0.18690902346964205,0.36343357575849156,-0.01197603679070025,HOLD,0.0,0.5
0.30670927783050367,0.2990506281659898,0.30261012342420573,0.31639345851325146,0.06359602225904082,0.0,0.0,AVH,2023-10-19 00:00:00+11:00,"Pharmaceuticals, Biotechnology & Life Sciences",0.371045517574967,0.4252715182044198,0.5442177179680642,0.31497174400560435,0.3239529836824288,0.4137451846490747,0.3501779941575959,0.33409379541472406,0.4012508034158591,0.2432763817296273,0.5423601542445593,0.130959512874132,0.5301661714033696,0.08818641697622626,0.30950480424934734,0.20554520973614515,0.17656539628594325,0.17656539628594325,0.19568583807885273,0.1956858380788527,0.5619611129182203,0.5619611129182203,0.3848309223678271,0.3848309223678271,0.13114743846552215,0.08931132462491055,0.21746491687148858,0.20217483528101593,0.19213716638621225,0.38710274531857375,0.35809674693352284,0.3457217381348531,0.25931710173065114,0.4991206501966919,0.3019161881657822,0.3072768450168648,0.6559547903576612,0.39559097315084774,0.3076840199975417,0.10241122192370705,0.16800261526405352,0.2859919039300288,0.11991064853189806,0.29526436383112387,0.30742617747321715,0.21275904945578025,0.08840792977179415,0.295264363831124,0.30742617747321715,0.21275904945578022,0.08840792977179421,0.07473311118264611,0.05646113128653414,0.07070708854609771,0.05161119958000038,0.07473311118264614,0.07070708854609775,0.39590731237309085,0.36773729044058867,0.27686066874403004,0.31310727706676883,0.1270274208786092,0.19364463420913086,0.3560427052195566,0.015432084002812374,HOLD,0.0,0.5
0.30670927783050367,0.29746835120708737,0.3099510821850639,0.31311477306420327,0.041569484888275096,0.0,0.0,AVH,2023-10-20 00:00:00+11:00,"Pharmaceuticals, Biotechnology & Life Sciences",0.4231764723794994,0.4789896378410234,0.5306122912378106,0.29831928591425944,0.3186558445917211,0.4213093484709458,0.34514196111319884,0.3374053585124448,0.39158938325195597,0.25285535411346216,0.5332051610060473,0.1341773991146652,0.5295155033971646,0.08553216832289762,0.31034213150714296,0.20216338092914948,0.09973002005911744,0.09973002005911744,0.19577441319631353,0.19577441319631356,0.5545747199752965,0.5545747199752964,0.3626233880142937,0.3626233880142936,0.0833332671059398,0.09592341400253006,0.24290716596195908,0.2039200952510048,0.18805809900859666,0.40037410254672695,0.3583191400801749,0.3350700515557683,0.28678027390740507,0.49083529612568827,0.2913182262876299,0.3183101191568578,0.6487573849001069,0.3845821134660456,0.3137842687375499,0.06253070225475416,0.17042210547304282,0.2623666518595581,0.07761145815882468,0.36123721875715836,0.3094180831457283,0.19477719329399318,0.07154059721973471,0.36123721875715836,0.3094180831457282,0.19477719329399318,0.07154059721973471,0.13385832980085854,0.09072355941525445,0.05723908697076892,0.061399927445284316,0.13385832980085854,0.05723908697076896,0.38167245262937477,0.3499656387181327,0.28715979629735283,0.3210845187865844,0.16975602772544585,0.23508521322230053,0.3455234464343827,-0.003105587072796623,HOLD,0.0,0.5
0.30670927783050367,0.31170884383720887,0.3132137218801712,0.3262295148603957,0.020822493720519305,0.0,0.0,AVH,2023-10-23 00:00:00+11:00,"Pharmaceuticals, Biotechnology & Life Sciences",0.4912101276959431,0.5471940841762908,0.585033998158825,0.36492911827963903,0.31898691529155604,0.4734945228656451,0.3404532404070161,0.38684255253141675,0.3821867529093738,0.2975824076269409,0.5247459457833816,0.1574879516893194,0.5286593610044145,0.09823863646449493,0.3111892329254311,0.21229500219581687,0.11488507321976715,0.11488507321976715,0.20427256801849317,0.2042725680184932,0.5610233004622676,0.5610233004622673,0.3709224332642056,0.3709224332642056,0.22807008004176083,0.32726927781081894,0.24290716596195908,0.21505635822102181,0.18735557521030521,0.42982791865589637,0.3534906246601091,0.3308803593311693,0.38866129778313263,0.4783350850091361,0.28620842807794095,0.3546075871602494,0.6413961789978198,0.37531674636162776,0.33625453971011604,0.04345671372562571,0.167435696499534,0.16284838200594998,0.03935217332456099,0.4214939011128782,0.31597204587738736,0.2042112390365053,0.08606220194097144,0.42149390111287827,0.31597204587738736,0.20421123903650532,0.08606220194097147,0.2598424635135089,0.15946332893514173,0.11111109327208411,0.08111706355812846,0.2598424635135089,0.11111109327208413,0.20017782120407987,0.35269974399744985,0.3492192734623115,0.33739200035415395,0.3305590345178396,0.22224017153899078,0.3366872690548366,0.02727277390556293,HOLD,0.0,0.5
0.3115016055358509,0.30379745904269695,0.3115824020326176,0.3114754303396792,0.022631890190863792,0.0,0.0,AVH,2023-10-24 00:00:00+11:00,"Pharmaceuticals, Biotechnology & Life Sciences",0.3768961546985618,0.43136546462070746,0.5034014377773034,0.2653217994339141,0.31567620829320625,0.4264704251288802,0.3321177360092936,0.36610426180320066,0.3723528096256939,0.28349907018170195,0.5165430718975528,0.14571239108736966,0.5271183045341682,0.08544235330642574,0.3119255596444461,0.19955030484991754,0.13477708477844036,0.13477708477844033,0.17125691775302063,0.1712569177530206,0.5623844971023129,0.5623844971023126,0.37059920510483013,0.37059920510483013,0.30232541376729233,0.31936896771400203,0.20775156423256838,0.2209534244972633,0.18814955819661872,0.4428820477095781,0.3399322366847219,0.3290897914552027,0.33139306442848127,0.465509702567468,0.28057306270408394,0.3408594315645195,0.6359055556287767,0.36423029778897714,0.3297003352468231,0.044058944209747854,0.16639376417180984,0.17567294083843138,0.042955211547775575,0.3817217797565508,0.2649236715638458,0.19091166247137742,0.08649591919693594,0.38172177975655075,0.2649236715638457,0.19091166247137742,0.08649591919693597,0.11811031308677723,0.17422970888569592,0.050505086183104515,0.07426210734624637,0.11811031308677722,0.05050508618310445,0.19483974880018626,0.3499656061250268,0.33629764989282396,0.33092114534001427,0.4198077729897008,0.18332600858842596,0.32926488005601795,0.09968845153893624,BUY,0.0,0.0
0.30351439269360553,0.2943037972892826,0.30342580279484915,0.30000003126801084,0.0183897570572125,0.0,0.0,AVH,2023-10-25 00:00:00+11:00,"Pharmaceuticals, Biotechnology & Life Sciences",0.3888849576188921,0.44380080918435316,0.48979601104704984,0.2480496783534338,0.3090547942965067,0.4056006728361754,0.32204566992049966,0.35901874069968875,0.3611386628738386,0.2788089626781569,0.5086331566708182,0.13765270239069727,0.525337528830807,0.07579893129322579,0.31257717614395353,0.1896003979471697,0.12907841318573018,0.12907841318573016,0.16071561939303722,0.1607156193930372,0.5530300024723751,0.5530300024723751,0.3693766416986016,0.3693766416986015,0.31707317073170727,0.2729872641244316,0.20351731391804193,0.22414555237482908,0.18951875903677157,0.44789971162881204,0.31757421755801535,0.33372204521396776,0.26054451709167603,0.4473278666118154,0.2783183724797648,0.3309119751939795,0.6319013795492971,0.351893595084724,0.3276365826503056,0.049749867807948565,0.16589941434778377,0.13330509291950912,0.03497484951129445,0.3462344343571022,0.24070531782294766,0.16125333789846347,0.08848315431480544,0.3462344343571022,0.24070531782294768,0.16125333789846347,0.08848315431480544,0.007874196088208118,0.1313424431221279,0.003367080669453729,0.055982224114560844,0.007874196088208052,0.0033670806694537925,0.1841636039923991,0.3472315334388155,0.3186369098522651,0.3208554420336892,0.34978300623294906,0.18774521594220633,0.32303007329701017,0.18471334532766037,BUY,0.0,0.0
0.2907348140599778,0.28639241249477065,0.2854812455780256,0.28688525038680485,0.06228871776457371,0.0,0.0,AVH,2023-10-26 00:00:00+11:00,"Pharmaceuticals, Biotechnology & Life Sciences",0.3808331732767726,0.4354568124953991,0.48979601104704984,0.24676071139756256,0.3030955138061289,0.3746588036194791,0.312494572339027,0.34535396272825913,0.34854431265380786,0.2728184410368997,0.5010162018493551,0.12706802792598804,0.5232314185119824,0.06476709324380137,0.3131831793766381,0.17836244518644612,0.12381073974954684,0.12381073974954684,0.15868994224799135,0.15868994224799138,0.5440260494070324,0.5440260494070324,0.368146311154502,0.3681463111545019,0.23404243446783426,0.2572113440769325,0.15345044716402237,0.2244485073218468,0.19068378274172743,0.44611866078421053,0.2988629683630906,0.3352822390422381,0.13520669117116885,0.4221400030814039,0.28137928389553435,0.3113673701957611,0.6294591155084983,0.33821036632952656,0.32484544115992287,0.04907623473555125,0.17226377998395598,0.45508555529486633,0.11543388517210698,0.3514071817774802,0.24404228387638507,0.1320851607828028,0.09013512843365726,0.3514071817774802,0.24404228387638505,0.13208516078280275,0.09013512843365723,0.04054050135560292,0.05668810962494366,0.01886790755296604,0.024682208027671647,0.04054050135560283,0.018867907552965968,0.2001778636273082,0.34859861867157993,0.29349274985979,0.3028765655385825,0.3102988725377033,0.15374415067092684,0.3177928356194437,0.26470586860331125,BUY,0.0,0.0
0.27156550323858886,0.261075943427874,0.2707993669500425,0.26885248041704024,0.04290210494455114,0.0,0.0,AVH,2023-10-27 00:00:00+11:00,"Pharmaceuticals, Biotechnology & Life Sciences",0.35786851446255696,0.41148492996152397,0.4965987244121766,0.2536351896387917,0.29415659701723634,0.3339200747875801,0.30502734878684024,0.3106460327489198,0.3346560236104836,0.25760749972432384,0.4936922074331634,0.10961540321985674,0.5201493059797302,0.049609138508728445,0.3137435696532145,0.16314841686829007,0.13842771205951812,0.13842771205951812,0.11100148543888708,0.11100148543888709,0.540045970675792,0.5400459706757919,0.36775346514388896,0.36775346514388896,0.14545448240166522,0.18518667178130155,0.10475975110879268,0.2202838576986978,0.19065816055708645,0.43573257683195143,0.30065080064651,0.31782995598000785,0.11486522765193485,0.38887445290943795,0.29119423953012474,0.2634359612908588,0.6289523125782135,0.322704048291846,0.31840689037364445,0.04976291251157575,0.17858414055653193,0.31094496218652873,0.07753644292762711,0.3175625662528515,0.26760715485708214,0.10306639929678446,0.09049611950902528,0.3175625662528515,0.2676071548570821,0.10306639929678435,0.09049611950902528,0.01204818238850627,0.020582652114858116,0.006172834055359032,0.009639360212422447,0.012048182388506135,0.006172834055358956,0.20551593603120175,0.3403963028336283,0.24360701328041934,0.2739629507062605,0.2614642453592059,0.11234557814729668,0.30988589904654595,0.3728813983968735,BUY,0.0,0.0
0.2651757329647925,0.261075943427874,0.2626427677122741,0.26721313769251615,0.0583010726470018,0.0,0.0,AVH,2023-10-30 00:00:00+11:00,"Pharmaceuticals, Biotechnology & Life Sciences",0.4292807010429824,0.48519551246510906,0.5170068645075571,0.2802041119819884,0.28223804392982904,0.37538826649291934,0.29894937872780036,0.3218574036147914,0.3214578373295783,0.2793639713796343,0.48596539191404337,0.11377128314697083,0.5169130879637496,0.04988364460046052,0.3142713789805297,0.16142302042663048,0.06015037690928766,0.060150376909287644,0.10736086735188399,0.107360867351884,0.542196612727215,0.5421966127272149,0.361551974588032,0.361551974588032,0.17391295333887213,0.08580168739075537,0.08482886578115342,0.2200016503304965,0.19057277058249178,0.43521121839152443,0.3018514782030611,0.30391411934391743,0.2025723362883428,0.34906977780681553,0.3101306798320301,0.2208921719151224,0.6267161543361299,0.3085155806837993,0.3277776123982925,0.06907502409551286,0.1850405041338793,0.34511734322936305,0.10276565378968418,0.28737256809455514,0.2871410992463078,0.11348057798630296,0.08258533976212237,0.28737256809455525,0.2871410992463078,0.11348057798630301,0.0825853397621224,0.056818135636890615,0.037244049713765305,0.03030300403100829,0.018779274754176338,0.05681813563689064,0.030303004031008274,0.19839846373611528,0.3444974607526041,0.25710383886147764,0.26996504160864465,0.18212520967205323,0.08995335681336827,0.29986490260432863,0.4047619163468694,BUY,0.0,0.0
0.26357829039634345,0.261075943427874,0.2610114478647204,0.25737708134537185,0.04198319446415283,0.0,0.0,AVH,2023-10-31 00:00:00+11:00,"Pharmaceuticals, Biotechnology & Life Sciences",0.391952833527048,0.4469717876405476,0.48299329768192306,0.2347012515673374,0.27131270294192666,0.37788930633904094,0.29148215931590327,0.31155286756945366,0.3154194520408839,0.26779701227314434,0.4778723769796947,0.10739366720851728,0.5134885183927491,0.04250181623343596,0.314681897449791,0.15307260722086935,0.05850705830101562,0.05850705830101562,0.09961416741919721,0.09961416741919722,0.18378041031272593,0.18378041031272585,0.35987248344111566,0.35987248344111566,0.15999992370601832,0.05029617078025449,0.0875531345652368,0.2190968375625471,0.19029640125903474,0.43354529272230324,0.30042865204201014,0.29011360776261974,0.21403384457649904,0.34878117877858433,0.29777135577483155,0.2235978528914609,0.6236706384682265,0.29455202494432103,0.3286364160129135,0.0790464413190301,0.11174689437393638,0.22703974440981836,0.10281657426495183,0.294892768699705,0.265084911943405,0.25514235629804927,0.07319275854233057,0.29489276869970493,0.265084911943405,0.2551423562980493,0.0731927585423306,0.0,0.023443333666523486,0.0,0.012377004436539467,0.0,0.0,0.19839846373611528,0.34176335547328685,0.2607786009802753,0.25901297106567633,0.11738273727701956,0.08995273112965588,0.2902831617417773,0.32638881300334877,BUY,0.0,0.0
0.25559107755409805,0.2626582203867764,0.2642740875598278,0.2721311658660883,0.04675850886011353,0.0,0.0,AVH,2023-11-01 00:00:00+11:00,"Pharmaceuticals, Biotechnology & Life Sciences",0.5052594117714794,0.5610212421060846,0.5782312847936982,0.3630341818402149,0.2656844931513839,0.46887217298727935,0.285056876918649,0.3758149262947892,0.3107612681637026,0.31288675665854937,0.4695962623377315,0.13416150923127168,0.5103550369576803,0.05828344995713419,0.3150402864934485,0.16489466602773212,0.1530867096494419,0.1530867096494419,0.13778580153408182,0.13778580153408182,0.2076909837447811,0.20769098374478107,0.36203966791662745,0.36203966791662734,0.17647050573747577,0.1471514848496679,0.27899519955385665,0.22871740257472845,0.19228750844927228,0.4533246424322185,0.29081063652898703,0.2877856640459163,0.3471422687335166,0.34694070974560315,0.29013471571114563,0.29668544549894393,0.6174848387377134,0.2841909318905808,0.3512434653922932,0.09366440485999888,0.09166634980547812,0.22442437678928737,0.12818558332351432,0.3531002003996121,0.2830203136856889,0.295381256245818,0.07437655682901237,0.3531002003996121,0.283020313685689,0.295381256245818,0.07437655682901237,0.15126041328572976,0.0708336817054759,0.10112351423680595,0.04459572925584501,0.1512604132857298,0.10112351423680588,0.19306034890899335,0.20369090849534413,0.31387149353242144,0.2905039115341501,0.19925035559543733,0.22889406348282282,0.28230478030998085,0.26599325058683476,BUY,0.0,0.0
0.27955271608083426,0.295886074248185,0.28874388527313294,0.30491805944158307,0.06053439374448026,0.0,0.0,AVH,2023-11-02 00:00:00+11:00,"Pharmaceuticals, Biotechnology & Life Sciences",0.584419240018089,0.6373591904128297,0.6122450138088124,0.40380326539785605,0.2693262787429168,0.5998262110518646,0.2838412837348989,0.4831348187585167,0.3075695503429164,0.39951639783209814,0.4623821277461084,0.1850830132824608,0.5073927842461056,0.09130003839432821,0.3154899019153945,0.19137879372961547,0.2530205312977222,0.2530205312977222,0.235813613730985,0.23581361373098503,0.2794264536960467,0.2794264536960466,0.40363497535713666,0.40363497535713655,0.46774196029330106,0.3694612075083163,0.40981711662171194,0.2545434936460357,0.19981897961811962,0.501653609013038,0.2877426731033475,0.2887650889630127,0.6054504504261589,0.34239735060432147,0.288752291566819,0.41788879243489324,0.6104836002540561,0.27721232218975883,0.38933882270583864,0.09276042978407928,0.09634155163059858,0.2925787036536979,0.16146229526866795,0.46085609204634925,0.3666212988098383,0.3429970004900555,0.10241956905110633,0.4608560920463493,0.3666212988098383,0.3429970004900555,0.10241956905110636,0.5471697688824151,0.23775819984016536,0.32584270264912546,0.14487844660722807,0.5471697688824151,0.3258427026491254,0.18861197645069624,0.2187285201246947,0.45772089324099224,0.37057535040766615,0.35115542747173717,0.3529539702066528,0.2503912545827949,0.25552048053150656,BUY,0.0,0.0
0.31948881837809634,0.3164556747139161,0.3213703211179397,0.3180328012377755,0.031670211955651575,0.0,0.0,AVH,2023-11-03 00:00:00+11:00,"Pharmaceuticals, Biotechnology & Life Sciences",0.49206965683945847,0.548042502355783,0.4965987244121766,0.2576973796223181,0.2792584076313142,0.6115267408847322,0.28436225224222045,0.5230263801796173,0.30532672099254526,0.4366785686509933,0.45586377117033144,0.20928859950109413,0.5044134091112462,0.1057250407071132,0.31601119508392894,0.20168992413883968,0.20218300627733096,0.20218300627733096,0.2459680887784282,0.24596808877842818,0.29000641768311697,0.29000641768311686,0.4102695810608734,0.4102695810608733,0.5873015212243667,0.4609341166437001,0.43358865740260455,0.28396959980489034,0.2126105481229279,0.5475377908723867,0.2892971376652203,0.2880727911043657,0.6990648519482711,0.3384801062685438,0.28863081834605203,0.4709786214821266,0.6038176459056006,0.27134048722377174,0.4074646774145129,0.08697281518092262,0.09994231580704542,0.16025666010455017,0.08274940881157428,0.5394975217266341,0.3956106620453695,0.3723868055115771,0.11929091640403466,0.5394975217266341,0.3956106620453695,0.37238680551157716,0.11929091640403466,0.7551021599760219,0.4948085605419283,0.41573027085961967,0.28594430490635214,0.7551021599760219,0.41573027085961967,0.19483970637695783,0.22556378332298774,0.5678113750577659,0.4303610946433139,0.44238563566751654,0.34431459460641034,0.25145541705098756,0.18461535527155948,BUY,0.0,0.0
0.3226837035149945,0.33702531290410553,0.3262642806606007,0.33278688575849197,0.053605480064106106,0.0,0.0,AVH,2023-11-06 00:00:00+11:00,"Pharmaceuticals, Biotechnology & Life Sciences",0.49745600204027407,0.5533518470674053,0.5442177179680642,0.3144701644108705,0.29250124351806145,0.614711230408318,0.285056876918649,0.5674619330393904,0.30334267940683285,0.4775469682325879,0.45011443511271115,0.2354011035101179,0.5019134728508569,0.12151665466992145,0.3166693277422171,0.2132084451485443,0.1851111692574932,0.1851111692574932,0.2482767678125449,0.24827676781254493,0.29660967860108123,0.2966096786010812,0.41685978184622496,0.41685978184622496,0.7187501047738505,0.49801768699634363,0.48321557820391514,0.31661441454898537,0.2303503210534818,0.59070130995709,0.29207992186507675,0.2863419947113057,0.7926828074142249,0.33359305173932957,0.2901911114935493,0.5328301563529778,0.5976882046406227,0.26648023931987536,0.4266316875015332,0.08455325151252768,0.10737884696531992,0.27668317505647433,0.13439815802470825,0.5805955535406676,0.3982398503353919,0.3817004940738358,0.13887707140312613,0.5805955535406675,0.39823985033539194,0.3817004940738358,0.1388770714031262,0.7666664547390072,0.7043038491511311,0.5168537850964257,0.42701016320547625,0.7666664547390071,0.5168537850964257,0.2215301108196541,0.2515378160696071,0.6279663412675242,0.47099914714892843,0.4828156319814284,0.3929478014800224,0.25435494621720944,0.12275451987029751,BUY,0.0,0.0
0.32907347378879076,0.31803795167281845,0.31484504172772493,0.3213114866868236,0.029840163316462952,0.0,0.0,AVH,2023-11-07 00:00:00+11:00,"Pharmaceuticals, Biotechnology & Life Sciences",0.39074664031722084,0.4457255981675676,0.46938787095166945,0.22650555751512685,0.30541300870497384,0.5094678901073095,0.28609881393329195,0.5279230247538838,0.2997196465882865,0.45791526321679643,0.4436326993515452,0.22611403131479324,0.49941353699870816,0.11211718214328381,0.3172688149714783,0.20336932302045974,0.18645177087757997,0.18645177087757997,0.24282868396537252,0.24282868396537255,0.2824366381955836,0.2824366381955835,0.4102749796565923,0.4102749796565922,0.7666667593850545,0.44824534083154866,0.43429806486657385,0.3396726018808329,0.24984425866349175,0.6060030061088215,0.29498143753501166,0.28519330847341556,0.6939575797746426,0.3229682862009137,0.2950350962601859,0.5056350550741359,0.5898121305207931,0.26223300685042467,0.4198776100991162,0.07829614200601684,0.1063862986130754,0.16242827121678857,0.07522046684219019,0.57983272177809,0.40439963369102894,0.3340181623881066,0.12083289523085755,0.57983272177809,0.4043996336910288,0.33401816238810667,0.12083289523085758,0.6499998807906916,0.7393090693161276,0.43820216291224323,0.4651360462865165,0.6499998807906915,0.43820216291224323,0.23754432803133482,0.25974013190755874,0.564841246358605,0.43915878267278347,0.46224660588707456,0.36014338686958036,0.2597509265480874,0.15902140182250957,BUY,0.0,0.0
0.30830672039895274,0.32278482027398403,0.31810768142283224,0.334426228483016,0.023913879123521952,0.0,0.0,AVH,2023-11-08 00:00:00+11:00,"Pharmaceuticals, Biotechnology & Life Sciences",0.49037688382242217,0.5463713017437521,0.6122448516193322,0.3979247011723228,0.31799370319205106,0.5110338701207704,0.2897455934845421,0.5576159556805815,0.2965279267108378,0.49817496046347354,0.4373706832395166,0.251042807533681,0.4971019527015792,0.12631661967153407,0.3179269476297665,0.2135250073917877,0.18559706631506692,0.18559706631506692,0.23765294723322386,0.2376529472332239,0.2911271543039071,0.29112715430390707,0.4164174246414942,0.4164174246414941,0.8059702182990283,0.5378360350189479,0.4161713848455598,0.36595999020125314,0.27148406725172053,0.6247215825766281,0.304260167279854,0.2821699122432998,0.7334897450054181,0.31037373804631946,0.30309659593750155,0.5894437835930704,0.5809255011450585,0.2597595979771092,0.4372113033312821,0.0665246701091716,0.10510964169955066,0.14507075173351136,0.0607053906399435,0.5708970760639221,0.4495757197191572,0.3478789547138992,0.1284362186322989,0.5708970760639223,0.44957571971915716,0.3478789547138992,0.12843621863229895,0.7833331081601951,0.7489193919960744,0.5280897311227374,0.5032619293675566,0.7833331081601951,0.5280897311227373,0.2295372406371086,0.2611071845472174,0.5851155903750185,0.4718865697974634,0.5503598277367192,0.34760769369178246,0.2648231480591127,0.17014930981733722,BUY,0.0,0.0
0.31309904810429995,0.3053797360015994,0.3099510821850639,0.3065574021661071,0.030600740502389544,0.0,0.0,AVH,2023-11-09 00:00:00+11:00,"Pharmaceuticals, Biotechnology & Life Sciences",0.32540948369055306,0.377154425683486,0.47619058431679623,0.2325267513284645,0.318324773891886,0.3958422169871909,0.29182947165411754,0.46406428130134336,0.29281863336073416,0.43759540021851695,0.43074246858534754,0.21860381415517882,0.49458489401790506,0.10098211114893119,0.31837656305171247,0.19049156707467596,0.2124258913575257,0.2124258913575257,0.27315977441841766,0.2731597744184177,0.3088947044014304,0.3088947044014304,0.42870233471832586,0.42870233471832575,0.6923077863584749,0.4650177225232549,0.35420525309285267,0.37613970329119295,0.2911366901822484,0.6073872288028155,0.3060577066559385,0.2844283449951041,0.5468444498353451,0.2988235022841445,0.30884475051826515,0.4690812268367249,0.572813820728969,0.2554898898283607,0.41360438094649854,0.051100337915037576,0.10204565583310533,0.2183938321630437,0.07901309974988252,0.4216315268892176,0.4236412227262141,0.32890933146040485,0.1142116394422385,0.42163152688921773,0.423641222726214,0.3289093314604049,0.1142116394422385,0.5,0.6581413330644209,0.37037033766548755,0.4535570733903082,0.5,0.37037033766548755,0.2491101727847184,0.26794244774551035,0.5027845079135507,0.42593870615933954,0.47289551109901684,0.3017399641220718,0.26959103627947645,0.1981131644015277,BUY,0.0,0.0
0.3434504949908675,0.4129746823803371,0.3539967569627463,0.39344264473590923,0.1394789746486855,0.0,0.0,AVH,2023-11-10 00:00:00+11:00,"Pharmaceuticals, Biotechnology & Life Sciences",0.8022815160947725,0.8348306811660797,0.7074830009205875,0.500369295037313,0.3335540418709913,0.6828876911941002,0.3050273529271299,0.6901790073632643,0.2956653008286421,0.6473307561146191,0.42627483222720425,0.3474263852316869,0.4926842576773851,0.18670560489802146,0.31911940592950816,0.26050276395684446,0.5252665044102088,0.5252665044102088,0.5104784471713142,0.5104784471713141,0.5348587322093643,0.5348587322093641,0.6136852904620769,0.6136852904620768,0.8032788038574578,0.6169139001838778,0.577363239915674,0.42493016271954054,0.3180779199869133,0.6709662354169784,0.3384730802522163,0.274811374713854,0.8755169463943883,0.31233793423891537,0.29897864540014535,0.8629881775204347,0.564453123523428,0.2563029704652285,0.5065507354684996,0.10665246701091718,0.10632926359914123,0.6086297467410156,0.35170540375853293,0.5871551952362833,0.6284039386809023,0.5381391238462572,0.18037345812634686,0.5871551952362832,0.6284039386809022,0.5381391238462573,0.18037345812634692,0.7685185021660772,0.6984872041123675,0.7685185021660772,0.5656402224251809,0.7685185021660771,0.7685185021660771,0.36654789294006207,0.35269977659055585,0.7747485110290963,0.7200735843511372,0.6047387675419605,0.45479866684998727,0.27407285120661845,0.045822122519129316,HOLD,0.0,0.5
0.3706070186545019,0.35917719032873907,0.3539967569627463,0.36885246478303474,0.06453580697461493,0.0,0.0,AVH,2023-11-13 00:00:00+11:00,"Pharmaceuticals, Biotechnology & Life Sciences",0.34803418523233515,0.40113955003740615,0.48979601104704984,0.2538820616940604,0.340837605160709,0.555316686014018,0.31579404369235253,0.5815427519710468,0.2979943927672328,0.5799736021865227,0.4212945149415644,0.3181517075123833,0.4906466386846622,0.1642717924916377,0.319757990111454,0.2399803576849036,0.562540495846242,0.562540495846242,0.5404879994060645,0.5404879994060644,0.5433601106463499,0.5433601106463499,0.6207836619737128,0.6207836619737127,0.6666666666666666,0.5934346818540782,0.6027367594683471,0.4535354931999866,0.3462085619811104,0.6813415577208287,0.3493973268156933,0.28461805918280747,0.7123978021212315,0.3191952300202759,0.29583287852580414,0.7183764253002132,0.5557001639629116,0.25648578350652795,0.4843801039677832,0.11228468944279552,0.10772764157898886,0.27093407827694604,0.1614960171622477,0.4966446025193039,0.5845821257983702,0.5231127207796764,0.16375087117885007,0.49664460251930387,0.5845821257983701,0.5231127207796765,0.1637508711788501,0.6296295151625396,0.6461637356925992,0.6296295151625396,0.6000947661308018,0.6296295151625397,0.6296295151625397,0.3932382973827583,0.35064921392762083,0.6361389008408569,0.608140789683665,0.5613327508635437,0.48725558214981224,0.28569944906013384,0.17134835486489775,BUY,0.0,0.0
0.4201278144484934,0.4454113789000653,0.4257749080425744,0.44754099373021666,0.13018238974018018,0.0,0.0,AVH,2023-11-14 00:00:00+11:00,"Pharmaceuticals, Biotechnology & Life Sciences",0.7324544197227161,0.7734316540536763,0.6054421382542053,0.37336127838461397,0.3663300727280466,0.7517961871598748,0.33593817586994057,0.7488538323125422,0.30429156787724815,0.7567668590200431,0.41777899706301574,0.4361679970989786,0.48970488172604454,0.24177571491833572,0.32072238254315355,0.3028945280706881,0.6312384893159401,0.6312384893159401,0.614206983747822,0.614206983747822,0.6598726350173865,0.6598726350173862,0.7235603978347351,0.7235603978347348,0.7515923934435789,0.7143653814321108,0.7419271448206671,0.5122123534199549,0.38220553734450835,0.7499601112998835,0.3872579958591366,0.2831507632334466,0.8849572829204196,0.3466243361755386,0.27690097804387415,0.8890385621700669,0.5467551149504444,0.2601442364837523,0.5729062761678372,0.1639894319592264,0.13042943192198725,0.4054495624500532,0.29003059284430405,0.6995133018902928,0.7644839820780602,0.656787244779874,0.21221104047727746,0.6995133018902928,0.7644839820780602,0.656787244779874,0.21221104047727746,0.902723723857446,0.7832581369111058,0.902723723857446,0.7807332536441919,0.902723723857446,0.902723723857446,0.48843402797693125,0.41353370053812843,0.7680494004241778,0.7787488620561329,0.6767348795662868,0.6204728625592588,0.296395919085368,0.03960392300071258,HOLD,0.0,0.5
0.4488818187666119,0.45411388331179925,0.45840134388738113,0.4590164318868986,0.039714564819940845,0.0,0.0,AVH,2023-11-15 00:00:00+11:00,"Pharmaceuticals, Biotechnology & Life Sciences",0.47472036657256655,0.5308543663677421,0.5306122912378106,0.29831928591425944,0.3914914774888974,0.6915537435652608,0.355734999849604,0.7186003477785041,0.31093379539680405,0.7656017448813959,0.41514235952719264,0.45643046133656406,0.48872887992085734,0.25380196276953193,0.32172587208289516,0.31120410120328884,0.6341883116636724,0.6341883116636724,0.6167480332229934,0.6167480332229933,0.660045257086058,0.6600452570860578,0.7204156563609376,0.7204156563609375,0.7483871751719806,0.7542082109544294,0.7509662271788506,0.5637063377164299,0.42284391163476354,0.7904473454401608,0.41727018404420885,0.28989308637223066,0.8188787841264982,0.3711382336942474,0.2621141701472591,0.8286816935503016,0.5401679291349444,0.26273294313287304,0.5891317793053366,0.17213127228541722,0.13718845203262586,0.11885848699800744,0.08568051551881174,0.6892168009142945,0.7467282173639929,0.6664357861557156,0.23685461074144026,0.6892168009142945,0.7467282173639928,0.6664357861557157,0.23685461074144032,0.9179106841084727,0.8341139234387666,0.9179106841084727,0.8314251032545348,0.9179106841084727,0.9179106841084727,0.49733077289352545,0.4272042269347145,0.7166232123143024,0.7297835320261423,0.7523691049054417,0.6340732604400304,0.311904996082941,0.04379557724848726,HOLD,0.0,0.5
0.4488818187666119,0.4367088744883314,0.4306688675852354,0.4327869092095001,0.04219260301490576,0.0,0.0,AVH,2023-11-16 00:00:00+11:00,"Pharmaceuticals, Biotechnology & Life Sciences",0.35132829436166385,0.4046102150879985,0.42176871520630177,0.19394752204051488,0.4169839450562351,0.5045142582886268,0.36928019346083063,0.605934248056162,0.31705844533038036,0.6852767298870213,0.4119564211223498,0.4226367769879753,0.48681112074881217,0.22972548105741797,0.32255994118362186,0.28921201709916383,0.6163468120713147,0.6163468120713147,0.6424707565154514,0.6424707565154514,0.6656190006243693,0.6656190006243692,0.7274069596561583,0.7274069596561582,0.7073170802623011,0.7355082417111227,0.6955574286061138,0.5921147954041937,0.4618869992657265,0.7765315529143592,0.43135974236892677,0.3018368240165501,0.6899186147006131,0.3859950561327475,0.2575665810737481,0.722439587414501,0.5326785755420878,0.2652611406072832,0.5634802577773999,0.17810437341997462,0.13271917906675879,0.12275703373555423,0.09297120971812894,0.7074846625715341,0.617556633046509,0.655428072165947,0.21881342818722938,0.707484662571534,0.617556633046509,0.6554280721659471,0.2188134281872294,0.7985076060882869,0.8916030639657476,0.7985076060882869,0.8887289238185234,0.7985076060882867,0.7985076060882867,0.5097863175925056,0.44497594384338224,0.6241786314076613,0.626495425221383,0.7406378493462791,0.6044891169171996,0.32968765984944093,0.04556963660361335,HOLD,0.0,0.5
0.43450479756453514,0.42246834413375145,0.4094616706733046,0.4081967292566257,0.034406291228002386,0.0,0.0,AVH,2023-11-17 00:00:00+11:00,"Pharmaceuticals, Biotechnology & Life Sciences",0.35342244309178755,0.40681378615970887,0.380952435015541,0.1515952279922577,0.4199635813547499,0.4095770590891612,0.3788312910423033,0.5130064615055225,0.3220616795604398,0.6133975874247048,0.40792822318939276,0.3920427126344972,0.484431044717341,0.2075052109219283,0.3232311061594715,0.2687540572005315,0.4740413543447607,0.4740413543447607,0.6686813390575307,0.6686813390575307,0.6794467173963602,0.6794467173963601,0.7316289388073649,0.7316289388073648,0.6315789400302081,0.6873284753658939,0.6810800493951217,0.6028460831228191,0.4955890773631979,0.7299415685291231,0.4356604311687185,0.3166670221241834,0.5869195018764267,0.39469342864796214,0.2578845903788765,0.6456031049416522,0.5232206632236602,0.26844318716156185,0.5394582630716089,0.12396210216085518,0.1312234242338528,0.13392004288776269,0.07636004247146387,0.44687462860654764,0.5455315271454804,0.6177693929576407,0.19356131282968855,0.4468746286065476,0.5455315271454804,0.6177693929576407,0.1935613128296886,0.6865672093240903,0.8180194974313871,0.6865672093240903,0.8153825586704072,0.6865672093240902,0.6865672093240902,0.5311386496313081,0.44839359173908167,0.5668368772828324,0.5644010606416547,0.7515324500167859,0.6186999750944211,0.3453364039639609,0.03947370980254861,HOLD,0.0,0.5
0.4137380441746971,0.4098101284625323,0.4110929905208582,0.41475410015472197,0.037898728425978294,0.0,0.0,AVH,2023-11-20 00:00:00+11:00,"Pharmaceuticals, Biotechnology & Life Sciences",0.4598042597312056,0.5159696330779079,0.4965985622226965,0.2638583798929113,0.42923356884347735,0.40141824510858903,0.38751410777824,0.507644807359569,0.3267198634376211,0.6170538306753204,0.4042296056032299,0.406608828974958,0.48225644266417456,0.2156910554878203,0.3239609165643482,0.27337763948301935,0.44341149668201274,0.44341149668201274,0.6682337278983012,0.6682337278983012,0.67789091207795,0.6778909120779499,0.732434634856137,0.7324346348561369,0.7088606582584402,0.7130565667921871,0.6943057949193612,0.6135424193790798,0.5250103109132241,0.6925994744230464,0.44007830803092113,0.32957104736236864,0.5843877799717858,0.4033789323579738,0.25749210386966537,0.6441294129285038,0.5142088020157423,0.27178305549718257,0.5515026451328369,0.1102364421188764,0.1347891327431987,0.1613301875633236,0.08269152001144048,0.5119350809431717,0.5272218269832655,0.6018533531213166,0.20288473551169545,0.5119350809431716,0.5272218269832655,0.6018533531213167,0.20288473551169547,0.7121212394879056,0.747965068014827,0.7164179343480478,0.7470119114542875,0.7121212394879057,0.7164179343480478,0.5346974069904655,0.45933004544945644,0.548332143230591,0.5430669471241873,0.7447814746570627,0.5697176071602846,0.35910729878473846,0.007812492724042164,HOLD,0.0,0.5
0.3546325929700111,0.35126580553422704,0.3278956005081544,0.3557377229868423,0.12986150389093523,0.0,0.0,AVH,2023-11-21 00:00:00+11:00,"Pharmaceuticals, Biotechnology & Life Sciences",0.23108532259778575,0.27426770848764626,0.5034014377773034,0.26785285647044593,0.4106935938660224,0.2577723367834155,0.39116089146977984,0.3424788068397344,0.32904895537621176,0.47250044814787584,0.39866336925322404,0.32640454392507,0.4798078757148424,0.15931004828237338,0.32439098350995177,0.22549819650886804,0.27464973529925796,0.27464973529925796,0.7400073364922337,0.7400073364922337,0.7356114017296164,0.7356114017296163,0.7666285068394327,0.7666285068394328,0.418439728304337,0.5925205257002784,0.5867065913760697,0.594748491547502,0.5442257244483978,0.603573421923254,0.43603425732446716,0.34170082425552073,0.3617949697983309,0.4049304034559074,0.26056999253059715,0.5076079416358096,0.5016200165019138,0.27556727613913273,0.4836858331710608,0.11007109477904048,0.15717987359557073,0.5534287599462093,0.25619524906477725,0.2520595717209959,0.44708314545039846,0.5250870679747583,0.14792106516168224,0.25205957172099586,0.4470831454503984,0.5250870679747585,0.14792106516168227,0.36752147550554426,0.6012496350629878,0.4477612312080743,0.6279964298164566,0.36752147550554426,0.4477612312080743,0.6094305054914324,0.5181133741409883,0.41298476459968203,0.4385950960231535,0.6148880173628607,0.48288858336671614,0.46009386080377357,0.10344824515020301,BUY,0.0,0.0
0.29712462241980914,0.2943037972892826,0.2871125654255793,0.2967213067339492,0.18806087015803793,0.0,0.0,AVH,2023-11-22 00:00:00+11:00,"Pharmaceuticals, Biotechnology & Life Sciences",0.20981304718081614,0.2503901121610975,0.5034012755878233,0.26438179624338015,0.37791755511561903,0.14895385162218533,0.38716679544002575,0.19522261293400045,0.3288764281431103,0.3341973684220447,0.39251121209267564,0.2455478023731037,0.4768798686663186,0.10288640317817754,0.3246255653814172,0.1778363350739698,0.28507004539907344,0.28507004539907344,0.8098158921044293,0.8098158921044293,0.8002797491294367,0.8002797491294364,0.8078248677035114,0.8078248677035113,0.3641975435827594,0.47256527988300034,0.5302154903973515,0.5530638142819446,0.5500128642453501,0.48643768946268623,0.44377265613284805,0.3246519879870239,0.19447190157597238,0.404999823939551,0.2601257636152363,0.37586707065874236,0.49197719831791215,0.27430088245227374,0.41312449732649476,0.18651157048047654,0.1926090968528728,0.5265080105354042,0.322166291088527,0.1297418717284774,0.32250978997960733,0.4377433629912747,0.1215162204718507,0.12974187172847745,0.32250978997960733,0.4377433629912748,0.12151622047185073,0.06779655537635995,0.3906089718261344,0.1791043501437451,0.4558038116624243,0.06779655537635987,0.17910435014374515,0.6432383398059867,0.5632261764359341,0.3100415365092435,0.3600528420109501,0.47778707019843314,0.41435879494648853,0.4571830632667755,0.20833337154144038,BUY,0.0,0.0
0.29712462241980914,0.3164556747139161,0.3066884424899566,0.3295082003094439,0.040702315863152955,0.0,0.0,AVH,2023-11-23 00:00:00+11:00,"Pharmaceuticals, Biotechnology & Life Sciences",0.5773181256979382,0.6306174253469379,0.6394557050798394,0.4340684354690211,0.35706007734597095,0.34147032031560043,0.3895979818075258,0.27678161501291587,0.3311192574934813,0.406377328388964,0.38705483556723846,0.30135587550474774,0.4745340382978982,0.13708456009675574,0.32508169696214395,0.20385088294734366,0.4425057164557458,0.4425057164557458,0.8162452231414207,0.8162452231414206,0.8160409863595799,0.8160409863595797,0.8317133690071341,0.8317133690071338,0.231343351299532,0.49633472898077924,0.5823357352021874,0.5349972350592145,0.5504882530920746,0.4401029296616509,0.4395139953561225,0.3345158126750949,0.2817683288783126,0.40466146412286225,0.26523899889368235,0.4437968196015485,0.4810253306095656,0.2762390631723631,0.4592657002646934,0.18574364937484406,0.18810161506466289,0.11434705782246081,0.07091479958622823,0.2270847790475394,0.42815006785296084,0.525912586317856,0.14460822578421317,0.22708477904753946,0.4281500678529608,0.525912586317856,0.14460822578421317,0.2372881458669325,0.22896724378197023,0.32835815318788847,0.3241271214191656,0.23728814586693248,0.3283581531878884,0.6521351695690376,0.5850990512635778,0.3595020224268405,0.39606829963582546,0.4830383332592566,0.4421109968726994,0.44991295489303373,0.21987960005138918,BUY,0.0,0.0
0.3274760312203417,0.3243670972328865,0.3213703211179397,0.31967214396229954,0.03163135034761153,0.0,0.0,AVH,2023-11-24 00:00:00+11:00,"Pharmaceuticals, Biotechnology & Life Sciences",0.397076318528294,0.4522573774504931,0.46938787095166945,0.22629118837495787,0.3391822437681859,0.36861197261907064,0.38178344591712476,0.26820371754713923,0.3337933997849503,0.37769015833076924,0.38079282032829803,0.29406644796728354,0.47237655948449775,0.12879652152432763,0.32551828006652817,0.19561069079517446,0.4434652322666383,0.4434652322666383,0.6237767615291346,0.6237767615291345,0.809195160449716,0.8091951604497158,0.8247626707283431,0.824762670728343,0.18045111299336283,0.4669839137995475,0.5863647013593927,0.5165691043456528,0.5466311041523867,0.40230991196496674,0.44116677746882055,0.3164999801445857,0.29088543553060153,0.4028501299593477,0.2729870001757086,0.4132570623545517,0.46649661980057916,0.2809636624925464,0.4490741682117581,0.1843137667737439,0.18574815563603314,0.08943947843713716,0.05560523181951681,0.24788343287175635,0.2731620273713437,0.5453323137742804,0.124923411063451,0.24788343287175635,0.27316202737134376,0.5453323137742805,0.12492341106345106,0.18644072933466255,0.16732409986506286,0.2835820656519522,0.26841774318187855,0.1864407293346626,0.2835820656519522,0.6379003098253215,0.5878331565428949,0.37062032158429925,0.39939950075576414,0.4692749280598333,0.4821442072556843,0.44293365085424174,0.24233135048547805,BUY,0.0,0.0
0.314696490672749,0.3132911207961113,0.31973900127038596,0.32459017213587166,0.028744710102397004,0.0,0.0,AVH,2023-11-27 00:00:00+11:00,"Pharmaceuticals, Biotechnology & Life Sciences",0.45690051213319355,0.5130603478041194,0.5442177179680642,0.31471711950549036,0.3209733394905659,0.4587922727245273,0.377094725210942,0.292136599485763,0.33681259242929745,0.38276588372268816,0.3748603845630634,0.30896286490203295,0.47030469482872395,0.1351728045765206,0.32593531453921276,0.19923754139780192,0.44230353754767837,0.4423035375476784,0.6179278589660149,0.6179278589660149,0.8085509663861824,0.8085509663861823,0.8258503378357827,0.8258503378357825,0.2249999751647323,0.48670110199799377,0.6147182514615651,0.5046694316482905,0.540809112502083,0.38517045721713244,0.44246098148873175,0.30534638307637685,0.3293380097278342,0.400506204240122,0.282085314378184,0.41533872613463846,0.4518783744453722,0.2865293665447906,0.4591197171012055,0.17959684771304038,0.17957645705912634,0.08305302273601796,0.05174864221109908,0.24653911124458106,0.3157728773412429,0.5588109366807872,0.13303168274923674,0.24653911124458108,0.3157728773412429,0.5588109366807874,0.13303168274923674,0.21186443760079754,0.21636739897641322,0.30597010941992037,0.31146591281373787,0.21186443760079754,0.3059701094199204,0.6272241650175342,0.583731998623919,0.3650754394736978,0.3897762103698937,0.46977838488270574,0.48653360711516325,0.4362335189770016,0.38601823576046823,BUY,0.0,0.0
0.33546328214862214,0.3291139281095936,0.33442087989836905,0.34590166663969796,0.09073252798757495,0.0,0.0,AVH,2023-11-28 00:00:00+11:00,"Pharmaceuticals, Biotechnology & Life Sciences",0.523385056020989,0.5787339780553948,0.5442177179680642,0.3140901429808874,0.31898691529155604,0.5537419266020636,0.3663280344457195,0.3759590469591523,0.34147077630647876,0.42207111096295646,0.36991668809203476,0.34829692425432557,0.4681643388468487,0.1580911340134561,0.32644357539018565,0.215931051388618,0.4036715411126851,0.4036715411126851,0.4522311032885472,0.4522311032885471,0.808796711973695,0.8087967119736947,0.8332865169917101,0.83328651699171,0.33898311248971824,0.496429040027342,0.6390064502487988,0.5053555158555756,0.5363092809451953,0.39670374839003975,0.4240524667589058,0.304052212016777,0.42005183676498514,0.39673851177847447,0.29630024667941296,0.4554934067331466,0.43879480579449276,0.2923178131866268,0.495278638270623,0.15943431299439,0.18975586231840375,0.2891600538230181,0.15709921069784,0.39723555502314084,0.2430009380442903,0.6248893793607794,0.15996461487963143,0.3972355550231408,0.24300093804429032,0.6248893793607795,0.15996461487963146,0.3220340421370551,0.24521642677540798,0.40298514367213806,0.33678839039799824,0.3220340421370551,0.402985143672138,0.6236654500816052,0.5878331891360007,0.39639322339286254,0.4115665314156256,0.5094347319040217,0.5525339806254069,0.42980139237485093,0.3245614353076993,BUY,0.0,0.0
0.3226837035149945,0.3164556747139161,0.329526920355708,0.3262295148603957,0.05904099766408425,0.0,0.0,AVH,2023-11-29 00:00:00+11:00,"Pharmaceuticals, Biotechnology & Life Sciences",0.35975466643897136,0.41346359778923336,0.5170068645075571,0.28216840741764837,0.3249461957819337,0.4495509193852705,0.35226186818688165,0.3565498343173219,0.3443174437743867,0.3709229246031829,0.36570539132455154,0.3231887872837913,0.4658356317181943,0.140013588139568,0.3267824159575009,0.19989727016978004,0.24651302224621052,0.24651302224621052,0.44258426812671603,0.4425842681267159,0.8170682641835241,0.8170682641835239,0.8189564307126578,0.8189564307126577,0.28571433977744576,0.5066398273970535,0.62631424224186,0.497556277585596,0.5309160183743503,0.38891028973235714,0.3942945072040089,0.30885377948488024,0.3806041142944354,0.393477633311018,0.3061113378115445,0.3907756599125868,0.43038339299927225,0.2937609457475165,0.4679069854904049,0.09295243866729361,0.19232058314824002,0.2849368378520075,0.10125144199479418,0.4868651991535765,0.2021114580569199,0.5511496772567868,0.17408080284769048,0.4868651991535766,0.20211145805691993,0.551149677256787,0.17408080284769048,0.22033900702284254,0.2567560103824683,0.30303026471693206,0.343387565598305,0.2203390070228426,0.30303026471693195,0.614768705165011,0.5878332217291066,0.36748885475754217,0.38277160450715764,0.49521495741696775,0.5420259380679989,0.42362655083678624,0.3484848101714859,BUY,0.0,0.0
0.3210862609465454,0.31170884383720887,0.31810768142283224,0.32459017213587166,0.05433519002993232,0.0,0.0,AVH,2023-11-30 00:00:00+11:00,"Pharmaceuticals, Biotechnology & Life Sciences",0.4300692853805627,0.4859959638164818,0.5170068645075571,0.28211961326848484,0.3239529836824288,0.44687867074149645,0.3408005486049408,0.38124202136809027,0.34535259483302155,0.36504827603144974,0.3621532526313918,0.3252429174395626,0.4629247479094364,0.14046081490953777,0.3271147403660354,0.198327812447137,0.166173839719194,0.166173839719194,0.4407943291480516,0.4407943291480516,0.7956629886232643,0.7956629886232642,0.8116977475259926,0.8116977475259924,0.39560440136260105,0.3802006919807829,0.6090219434835233,0.49126665837287664,0.5251551406331899,0.38570355794553446,0.3683190724825723,0.31473181274095663,0.40020148812045303,0.3927422396239136,0.3091507161689771,0.3816745900760226,0.42425666787052835,0.29374309537671167,0.4689910881247155,0.09997724042498732,0.19102612018158466,0.24870975655681507,0.0936321743395503,0.40704998567345596,0.23022895964635134,0.4804339965051998,0.19171885366422273,0.40704998567345607,0.2302289596463514,0.4804339965051998,0.19171885366422275,0.21186443760079754,0.2567560103824683,0.21186443760079754,0.3114555695506492,0.21186443760079754,0.21186443760079754,0.4919929126057738,0.5823650111704722,0.36714088421845564,0.3652024178018284,0.3751311386818912,0.499644307101188,0.41769870296024403,0.38601823576046823,BUY,0.0,0.0
0.31789137580964716,0.30696201296050174,0.3132137218801712,0.3114754303396792,0.02654847408230533,0.0,0.0,AVH,2023-12-01 00:00:00+11:00,"Pharmaceuticals, Biotechnology & Life Sciences",0.3833811757280712,0.4381006806912623,0.47619058431679623,0.2331266826895952,0.3222976301832539,0.4003071579047086,0.3305548263470396,0.3702074032273588,0.3450075444801433,0.3357580437489893,0.3580151948738662,0.30995316915943405,0.4585412989565336,0.1303156193709093,0.3274014516631045,0.18761072769359055,0.17290736922873703,0.17290736922873703,0.4364755767306254,0.4364755767306253,0.7969013882882179,0.7969013882882177,0.8111203660687838,0.8111203660687837,0.5714286795548914,0.39462843431404204,0.5559170984935915,0.4810967964101407,0.5182079275996326,0.37535507562176484,0.3473295484099977,0.31744898034196245,0.3629014602996484,0.39299488317110515,0.30812877820939927,0.3456265743112735,0.4166882059509876,0.2942723420650269,0.4508690373232216,0.09735811567654126,0.189956644115424,0.12390211585456613,0.04593282654604504,0.39951291136574274,0.24131546722250014,0.4320111170611095,0.1729662122611224,0.3995129113657428,0.2413154672225001,0.4320111170611096,0.17296621226112244,0.1440678822244376,0.19617312766405756,0.1440678822244376,0.22359960072967336,0.14406788222443767,0.14406788222443767,0.46174379322714854,0.5604921363428286,0.36421413069399705,0.34888700569751685,0.39316868697063645,0.46185083578880637,0.4120079689987636,0.34890961752312655,BUY,0.0,0.0
0.3274760312203417,0.3243670972328865,0.329526920355708,0.34098363846612584,0.02431382058683693,0.0,0.0,AVH,2023-12-04 00:00:00+11:00,"Pharmaceuticals, Biotechnology & Life Sciences",0.5597100101622166,0.6138114705547063,0.5578233068877979,0.3303319645189829,0.3256083450749518,0.5063834254814381,0.3227402945969282,0.47817571110201573,0.3454388594779035,0.4023405779753233,0.3543531981023144,0.36161660459473677,0.4541749728351563,0.16363317561129564,0.32783803476748874,0.21088227812746502,0.24076515964185996,0.24076515964185996,0.4794464400116848,0.4794464400116848,0.8098870132456516,0.8098870132456515,0.8275538793429842,0.8275538793429843,0.5573771773278834,0.29395995313527534,0.5748627857670673,0.4870744003834364,0.5140246784537796,0.39946531799485957,0.3105211942702402,0.34317837377010985,0.6404963714904814,0.39303936786047716,0.3089835910583412,0.4287840976699818,0.4078281408109448,0.29749931958673154,0.5058518176920098,0.09507494926010787,0.18384021849511029,0.11544488987650796,0.04305488203051743,0.4542145481098057,0.2770117775413923,0.45834291169602825,0.19166673030032855,0.4542145481098057,0.27701177754139233,0.4583429116960282,0.19166673030032857,0.2966103338709202,0.2221372595612872,0.2966103338709202,0.2214211857368438,0.2966103338709202,0.2966103338709202,0.38790039467177817,0.5618592215755931,0.4123336905818199,0.387376766564946,0.2817532642198496,0.45858614673764675,0.40654486439574244,0.28318577286755864,BUY,0.0,0.0
0.3370607247170712,0.3496835285753247,0.34420883787742423,0.3639344366094626,0.0736278687916638,0.0,0.0,AVH,2023-12-05 00:00:00+11:00,"Pharmaceuticals, Biotechnology & Life Sciences",0.5272984682346791,0.582539755355056,0.6122448516193322,0.39266693549943354,0.32925012277313653,0.5835346090509468,0.3236085754424639,0.5433554289314357,0.3476816888282745,0.44989447702195506,0.3513503602781743,0.40243343170653134,0.4500654895949,0.19039083976819138,0.3283788764123655,0.22879181972485813,0.24321028834282932,0.24321028834282937,0.4178072442234987,0.4178072442234987,0.8140127106209466,0.8140127106209465,0.8369142310989683,0.8369142310989682,0.6956521438665962,0.320123683862516,0.5839375888936541,0.5027009178100154,0.5142713216547665,0.4381075660517789,0.31444150597769,0.3405123446810907,0.8457479482182644,0.3936355376136344,0.31300063668159267,0.48878831251322663,0.3994867381119051,0.30151836062013354,0.5523626698192337,0.08626119226989173,0.1929835804077772,0.37473264641562887,0.12595631260914908,0.456329921952396,0.40034606033316245,0.5206452058566163,0.2142168142752113,0.456329921952396,0.40034606033316245,0.5206452058566163,0.21421681427521133,0.45794386067800885,0.3059071225229923,0.4152543057795501,0.29043556437387524,0.45794386067800885,0.41525430577955,0.38612103720381374,0.5536568731445356,0.4802071700676661,0.42592713395827175,0.3078828152050206,0.46973360686358323,0.40130028397684203,0.21529744946826246,BUY,0.0,0.0
0.3753993844458842,0.4034810206269227,0.38662319280755303,0.39508198746043327,0.05059381647416846,0.0,0.0,AVH,2023-12-06 00:00:00+11:00,"Pharmaceuticals, Biotechnology & Life Sciences",0.5547739811129416,0.6090773795541008,0.5782312847936982,0.34973660083300656,0.3431551079529019,0.6484093500097665,0.3340279580097619,0.6031959147902493,0.3508734087057232,0.5135351108026218,0.3487137218692628,0.45622578450902607,0.44624709489881587,0.22567501568912463,0.3290891383408999,0.253063143746874,0.21854376276758017,0.21854376276758014,0.2768475049399517,0.2768475049399517,0.8248035658774102,0.8248035658774102,0.8494609914718747,0.8494609914718744,0.7529411731706778,0.4191816924882489,0.6303151255218746,0.5293766837076452,0.5206026002715346,0.4911842488836442,0.33606527022980875,0.33743238567266187,0.9136896137756143,0.3968622009773974,0.3159275302345262,0.570466910893124,0.39006615583808507,0.3077218315798264,0.6195744458507622,0.08190849506572645,0.19855464928103422,0.2669808109579631,0.08479850820604949,0.5700916897205142,0.5671664218175451,0.5505093971308682,0.2293384892688493,0.5700916897205142,0.5671664218175451,0.5505093971308684,0.2293384892688493,0.6938776056352419,0.4930722442921734,0.5762713268480776,0.4370911104076143,0.693877605635242,0.5762713268480777,0.41814951405040346,0.5837320964032366,0.6296634091345052,0.49993108143960124,0.37913060629844336,0.5084437018846709,0.2754303539232336,0.16129035979478323,BUY,0.0,0.0
0.392971252698824,0.400316466709118,0.40456771113064355,0.4196721283282941,0.025180545479295754,0.0,0.0,AVH,2023-12-07 00:00:00+11:00,"Pharmaceuticals, Biotechnology & Life Sciences",0.5251591360734612,0.5804600723654003,0.6054421382542053,0.3767541359584349,0.3623572243300269,0.6633459423457442,0.3435790555912345,0.6449224986145874,0.35682553140619794,0.5553111196514935,0.3463334230510115,0.49949200412031536,0.44289101665391706,0.25409693607652073,0.32955178592504986,0.27226950731861127,0.19725818339850637,0.19725818339850634,0.2507506356422906,0.2507506356422906,0.8094556323866917,0.8094556323866917,0.8560195042117018,0.8560195042117017,0.7586206140567228,0.5020490620324539,0.6413454993521789,0.561471156646686,0.5330475928407643,0.5445145857412866,0.3650424948200201,0.32419579927398723,0.8698602159630247,0.40151433631741523,0.32298709168968615,0.6265929539729869,0.37967133573442396,0.3157335577475409,0.6824484654982711,0.06688557357619065,0.1974228520289163,0.15222059638137572,0.04237860742659215,0.6287242898135662,0.5421863859568101,0.6533480563297652,0.23987563743383206,0.6287242898135662,0.54218638595681,0.6533480563297654,0.2398756374338321,0.9222220397290082,0.7060417246803281,0.7033898681787525,0.5751197991220545,0.9222220397290082,0.7033898681787525,0.4056940117746518,0.5837320964032366,0.6764725837431058,0.5139154495401542,0.42235120789741565,0.5106954682982828,0.2781220600872268,0.19638249389044682,BUY,0.0,0.0
0.4201278144484934,0.44620253624174566,0.43230018743278914,0.44918037553975426,0.09618825362373391,0.0,0.0,AVH,2023-12-08 00:00:00+11:00,"Pharmaceuticals, Biotechnology & Life Sciences",0.5387344143581144,0.5936239091580591,0.6122450138088124,0.3801834403493942,0.39016719468955746,0.6613040506822383,0.3572979095118579,0.6863813546186965,0.3597584635189878,0.6144273470852584,0.34446580516025677,0.5501603176337507,0.4407677839118077,0.2867435697360614,0.32978636795187277,0.29557634606451616,0.028424893972865732,0.028424893972865725,0.240131577349923,0.24013157734992296,0.6645655602856775,0.6645655602856775,0.8662859297411689,0.8662859297411688,0.9032259056893078,0.5370123709956175,0.7037432723258509,0.5996459138836272,0.5517816886996997,0.5993748555511735,0.39827601785204964,0.31472401533821237,0.8481500650817992,0.40973215204530083,0.319515242729631,0.6919096082621674,0.3698498527104848,0.324144541551271,0.7653223928951424,0.10276983684623009,0.1883832660196516,0.4314441048528835,0.16740859588463355,0.7308615405951888,0.6140640198418492,0.5323579545481704,0.2582231252688627,0.7308615405951888,0.6140640198418492,0.5323579545481704,0.25822312526886276,0.8938054217645336,0.8544168418921271,0.8559325218749078,0.7246510099686415,0.8938054217645336,0.8559325218749079,0.43416377368531256,0.6015038459050103,0.7542059334643576,0.5586566883166248,0.5280990980909097,0.5709497234027375,0.2807599321279402,0.1629629176121974,BUY,0.0,0.0
0.4472843381121278,0.4517404867356749,0.44861342480205907,0.4622951173359467,0.08528346434136569,0.0,0.0,AVH,2023-12-11 00:00:00+11:00,"Pharmaceuticals, Biotechnology & Life Sciences",0.4800421786790928,0.536140913663752,0.5510205935226712,0.31793685039680886,0.4146664501573903,0.6149772540299279,0.3718850442780173,0.6787992735574211,0.36467543721749013,0.631760250152875,0.34322072714847923,0.5734975796094387,0.43833633938576044,0.3027551755363601,0.32984501353625717,0.3059723323713977,0.06455828096808919,0.06455828096808919,0.23711823757372383,0.23711823757372386,0.6500746371059372,0.6500746371059372,0.8664423087997719,0.8664423087997718,0.9200000762939453,0.6754197997467352,0.6333886106637584,0.6348141098276646,0.5748557228828531,0.6372324286354938,0.42694260898054176,0.31223948750325425,0.7938907809889482,0.4212910081871825,0.3162965527958455,0.6990980432486393,0.36289901702921096,0.3302662313173175,0.8134517887643996,0.13418651797840508,0.19271560858214665,0.3120430903455056,0.14604094271918855,0.6789580858455564,0.6262402486749037,0.598451620603087,0.278761180746614,0.6789580858455565,0.6262402486749037,0.5984516206030871,0.27876118074661405,0.9356224792094899,0.93671114621783,0.9237290772512678,0.8425505934701267,0.9356224792094899,0.9237290772512677,0.36743776257857197,0.518797047129794,0.6921265175139419,0.5625427124927456,0.677424909145596,0.5518894529688984,0.2876203020256661,0.1573850066237643,BUY,0.0,0.0
0.4201278144484934,0.4098101284625323,0.4143556302159656,0.4114754147056738,0.05762710133042159,0.0,0.0,AVH,2023-12-12 00:00:00+11:00,"Pharmaceuticals, Biotechnology & Life Sciences",0.27207853547575966,0.3195693762774454,0.4557822820319357,0.22327713079461145,0.42426750834595267,0.4065602683192151,0.37883129518259284,0.5218251144021129,0.36277765821999736,0.5234429629040793,0.3440996066181164,0.48986880025326596,0.4354768240715786,0.25222526289882996,0.32981894890113417,0.2654976267628478,0.3274167119339381,0.3274167119339382,0.3541746711772831,0.3541746711772831,0.5710406470126369,0.5710406470126368,0.6948134754697883,0.6948134754697882,0.7479673851205516,0.6958221130245481,0.5984394916818296,0.6386184824483431,0.5941897474142194,0.6046080735983501,0.4336275155137361,0.3189792436230132,0.5997251759769373,0.4160615321788805,0.3184398990648238,0.5762453060024042,0.3649407965179044,0.3295997336264443,0.6861054223766327,0.1259415787226695,0.17756525408403157,0.22156615134486865,0.10456643065219844,0.5161230367005729,0.4965262867780821,0.391325043572802,0.36090407793365253,0.5161230367005729,0.4965262867780821,0.39132504357280207,0.36090407793365264,0.6315788993364662,0.8377709921123664,0.6610170210685276,0.8281726122040001,0.6315788993364662,0.6610170210685276,0.3443061154950332,0.525632342921193,0.5695553067885293,0.4882672001637737,0.7745234294734501,0.5527425989216118,0.29782787173789865,0.2958114910392373,BUY,0.0,0.0
0.3993610229726204,0.3876582133134404,0.3833605531124457,0.40163935835852943,0.03407474619483789,0.0,0.0,AVH,2023-12-13 00:00:00+11:00,"Pharmaceuticals, Biotechnology & Life Sciences",0.4022647490100021,0.45759716927625815,0.5034014377773034,0.2700977510703568,0.4255917911452926,0.3686579133094763,0.38681948724210113,0.474628332986063,0.3597584635189878,0.5082891192485566,0.3450151060292764,0.47253411968566406,0.43280565949593564,0.24429377483454595,0.329721206364065,0.2577441703639833,0.3077665668559027,0.3077665668559027,0.3351661299642804,0.33516612996428036,0.569439275802966,0.569439275802966,0.6939863118097684,0.6939863118097683,0.6666665950695044,0.6275706860600435,0.48628044580839436,0.6361448439495405,0.609088165764876,0.5659159833853554,0.434692015833337,0.3342630498791994,0.5441171164289982,0.4071196746406555,0.32257964090150854,0.5628975892210779,0.3666968535989577,0.32937851676488666,0.6593677865764013,0.11742956632425086,0.17638759697111617,0.13826520898602054,0.06211778287351405,0.4307197697236197,0.5175592464656684,0.36168709492841716,0.36330689372366504,0.43071976972361975,0.5175592464656684,0.3616870949284172,0.36330689372366515,0.557213942150868,0.7231891966549407,0.6101696045362577,0.744780183741219,0.557213942150868,0.6101696045362577,0.3371886431999468,0.4688995768925961,0.5128985159060637,0.4605598374044392,0.719620255377442,0.46570537235305554,0.30742298726739725,0.3457446690461601,BUY,0.0,0.0
0.42332269958539165,0.42088610489930744,0.4290375477376818,0.4377049373830723,0.047099602745539294,0.0,0.0,AVH,2023-12-14 00:00:00+11:00,"Pharmaceuticals, Biotechnology & Life Sciences",0.5650528091988658,0.6189243343770073,0.551020431333191,0.31868165865473747,0.42923357673682555,0.4792467945478789,0.3988017753313634,0.5384996423035981,0.36001725128364653,0.5881972295921174,0.3466263852024592,0.5280358638046679,0.4302201098944005,0.2847351576371304,0.3296690770938189,0.28653892271399856,0.3330951224694704,0.3330951224694704,0.3520219286684022,0.35202192866840226,0.5849077545741106,0.5849077545741106,0.7101620515697016,0.7101620515697012,0.6890756033140575,0.6995790420233864,0.520697413645443,0.6493194200548594,0.6240363308502452,0.5663499274887962,0.4394761930667426,0.35356341976712125,0.6416619338332024,0.4079617671791685,0.3221360715981478,0.6633279906207554,0.3707962101546535,0.32770230989905463,0.7363134458691809,0.1287241055481299,0.17741223331493994,0.17803648001421712,0.08551541560742207,0.451856551050432,0.583496633290454,0.4512234977260566,0.39376928461706867,0.45185655105043215,0.5834966332904541,0.45122349772605663,0.3937692846170687,0.7761194702599475,0.6688915027047628,0.8068670283261747,0.7051264794292251,0.7761194702599474,0.8068670283261746,0.3549822603028203,0.4784690105564181,0.5754979569058322,0.5285751257732453,0.7310830244227523,0.4690317038296131,0.3164423958651259,0.2562814010146568,BUY,0.0,0.0
0.42811502729073886,0.41613923629814187,0.41924958975862664,0.416393442879246,0.032983956373736745,0.0,0.0,AVH,2023-12-15 00:00:00+11:00,"Pharmaceuticals, Biotechnology & Life Sciences",0.36507235115265413,0.4190326356983019,0.44217685530168216,0.21074727875594823,0.4226121469534297,0.42888412080099325,0.4099157784348003,0.45529736591047354,0.3604485642247444,0.5396547899919999,0.3478714640873251,0.4917496789939183,0.4274290854980797,0.2648061953577989,0.3294214627494345,0.2697717913541045,0.31330631248570684,0.31330631248570684,0.3620169764925203,0.36201697649252024,0.5819714490347333,0.5819714490347332,0.7162392108485931,0.716239210848593,0.5575220510743075,0.6428677804917287,0.5268054435070704,0.6489304742811285,0.6359054267087259,0.5394910001076981,0.42817285889323603,0.38936863161257085,0.5279550424949775,0.4089877257508607,0.32183962546816663,0.601278871293453,0.37333703646364275,0.3272067859980516,0.6823735459894577,0.096155943252793,0.177115233913112,0.15533365746387168,0.05995676859923062,0.35879057751981813,0.5737938234648832,0.45659352560497635,0.3780252821732253,0.35879057751981813,0.5737938234648831,0.4565935256049763,0.37802528217322534,0.6467661066003997,0.6740615012985564,0.6952789436071484,0.7167522566426452,0.6467661066003998,0.6952789436071484,0.36209973259790684,0.4702666947184665,0.5388829095541505,0.5112334383895,0.721756039367804,0.4742838866742055,0.3249206399469907,0.33766239556801514,BUY,0.0,0.0
0.4105431209517639,0.3987341520257571,0.40293639128308983,0.4000000156340054,0.021742514532575908,0.0,0.0,AVH,2023-12-18 00:00:00+11:00,"Pharmaceuticals, Biotechnology & Life Sciences",0.37974471468280324,0.43432644101753987,0.44897973085628906,0.21518608108293963,0.4100314445730044,0.4144922485369258,0.4161674046629473,0.398525390487092,0.3596722009307683,0.5048210335698575,0.348530623907825,0.4643977327628679,0.42333672508934894,0.2511529482795708,0.329128235448942,0.25695347974648713,0.2975678230073196,0.2975678230073196,0.3622862668634149,0.3622862668634149,0.5867160229497335,0.5867160229497335,0.71943073183268,0.7194307318326799,0.44444451803039836,0.5785420175095781,0.5372457365227707,0.6401198600509593,0.6433747450329146,0.5011114455804535,0.4175967282258332,0.41430656878792227,0.3944209861249722,0.4072753698974319,0.3222156149353534,0.5582835986481227,0.3745863006033822,0.3270667706652958,0.6429399724668119,0.06341430928465935,0.17374163602387122,0.13601238260943826,0.0400554105085203,0.3078036848809944,0.48643459493862573,0.42126730462385603,0.3513645223239567,0.30780368488099435,0.48643459493862573,0.42126730462385614,0.35136452232395676,0.5472637016564756,0.6706742604141785,0.6094421127857033,0.7165054036819856,0.5472637016564756,0.6094421127857033,0.3585409752387494,0.4552290830891158,0.494912678362353,0.48430476856068405,0.6516317680897247,0.4810728956370287,0.33289018938394377,0.40533332824707036,BUY,0.0,0.0
0.39616613783572224,0.3860759363545381,0.38825451265510674,0.40655738653210166,0.015573067706470057,0.0,0.0,AVH,2023-12-19 00:00:00+11:00,"Pharmaceuticals, Biotechnology & Life Sciences",0.46011210387782764,0.5162778408273657,0.5374150046029375,0.30541199966246174,0.4090382324734994,0.44080622316037266,0.42068246920002295,0.40458257176923595,0.3623463432222372,0.5134772032574386,0.34889682332305366,0.4743429184236281,0.41975804962637964,0.26148903662742184,0.32880894320261167,0.2624668936673998,0.22387609111996504,0.22387609111996506,0.3497526082533997,0.34975260825339977,0.5147163273183154,0.5147163273183153,0.7145714829084835,0.7145714829084834,0.3617020143325066,0.6310917652504494,0.5372457365227707,0.635080816980636,0.6481914959763719,0.4779729224091102,0.41007764962072607,0.43218168376442956,0.38604014059145264,0.41048867264738137,0.3240697898652016,0.568874600462807,0.3754271015021266,0.32680174436763393,0.6564751214770717,0.04174453916094408,0.14987693420570625,0.12446542062485483,0.03171424819205858,0.40846468434038136,0.45592778994994226,0.5298830658810225,0.337978462402376,0.40846468434038136,0.45592778994994226,0.5298830658810226,0.33797846240237617,0.5870646636340452,0.6063166028528051,0.6437768451142813,0.6611655396221087,0.5870646636340453,0.6437768451142813,0.36032029028348556,0.4538619978563514,0.46836548670636524,0.47452687143151473,0.6905510369828042,0.49321643316077557,0.3403815658546796,0.3720316257530316,BUY,0.0,0.0
0.3993610229726204,0.40822785150362995,0.4110929905208582,0.42786888103592796,0.025638890387836625,0.0,0.0,AVH,2023-12-20 00:00:00+11:00,"Pharmaceuticals, Biotechnology & Life Sciences",0.5119511338339817,0.5675769978230636,0.6122450138088124,0.3829840586595838,0.41433537156420724,0.49672844843580544,0.4241555967224556,0.4500069279251562,0.3692473585064519,0.5451252860376619,0.3496292230265993,0.5073260427535801,0.4166245685995513,0.28739537304503526,0.3285287482196809,0.2797366509966918,0.2352922077230642,0.2352922077230642,0.33110997471290393,0.33110997471290393,0.4083556902519636,0.40835569025196367,0.7198497413362077,0.7198497413362076,0.39393940123717536,0.6619817613682699,0.6504052693974041,0.639655868726686,0.6530969078738436,0.4787463178575169,0.40994906451703067,0.43949948191573596,0.5358793079745577,0.41273269113575556,0.33594942069749795,0.6159074539525392,0.3773940624799386,0.32590764060987504,0.7010258624491816,0.037397677745243586,0.11596141094423086,0.21700013859065184,0.06141445940861928,0.4687570080657289,0.4372798517345307,0.6914098927208988,0.353283615913159,0.46875700806572895,0.4372798517345306,0.6914098927208989,0.353283615913159,0.716418027293593,0.6300273698016435,0.7553649298333076,0.6815539544498677,0.7164180272935929,0.7553649298333076,0.3692171200465366,0.39781280703724264,0.5197965052871029,0.5060246580966343,0.7631162620699588,0.5778804614916063,0.34742345973717126,0.3035714372601521,BUY,0.0,0.0
0.40095846554106945,0.39556959810795245,0.40293639128308983,0.40983607198114974,0.025551396253163612,0.0,0.0,AVH,2023-12-21 00:00:00+11:00,"Pharmaceuticals, Biotechnology & Life Sciences",0.3751665401767206,0.42956566254963713,0.5306122912378106,0.29831928591425944,0.40870716177366445,0.4534221918706107,0.4231136597078127,0.407176709328819,0.37347422944253533,0.4962749604542067,0.3503616227301451,0.477295788369522,0.4133883505835705,0.27106487723716377,0.3283332631455427,0.26550627240831903,0.17376676688004652,0.17376676688004652,0.3247835633279087,0.3247835633279087,0.39359093885146135,0.3935909388514613,0.7193584313842765,0.7193584313842764,0.49367089371634415,0.6509094751882821,0.7237222110398471,0.6341065781793701,0.6557452047229164,0.4590573519043284,0.40980505991467225,0.43751180940518797,0.3878978154681064,0.41437061852300755,0.3429166507585429,0.5531481869745484,0.3789158233117587,0.3255815104766096,0.6583916443175746,0.026294231986780457,0.11279772972822584,0.2546167912359791,0.062227821937928425,0.36676773402205154,0.37234109586298575,0.5863638462559504,0.3542239852506774,0.3667677340220515,0.3723410958629858,0.5863638462559505,0.35422398525067744,0.5635359188797224,0.6355667253065805,0.622009528987483,0.6858183380595592,0.5635359188797224,0.622009528987483,0.3834520222134812,0.3609023531733544,0.4554998488685162,0.47758763533200566,0.7592808181886056,0.6756041882875786,0.3540428399867135,0.3595800278568022,BUY,0.0,0.0
0.4089456783833148,0.40189874366802036,0.4110929905208582,0.4213115101378317,0.026686377274264577,0.0,0.0,AVH,2023-12-22 00:00:00+11:00,"Pharmaceuticals, Biotechnology & Life Sciences",0.47701459807472074,0.5331349396523661,0.5442178801575444,0.3122108807846174,0.4097003817665175,0.4901097649350965,0.4201615006927014,0.44304065086409405,0.3788225160821354,0.5096606419218468,0.35219262155246506,0.49273480295483385,0.41027199279650817,0.28654195793729476,0.3283267469867619,0.2746814224563377,0.16241840366578533,0.16241840366578533,0.29785273042062876,0.29785273042062876,0.38746215040471865,0.3874621504047185,0.696995616537498,0.6969956165374976,0.575000037252883,0.6279843308477651,0.6979759404378929,0.6338918207093469,0.6578144597549405,0.454006331297542,0.40288900321590676,0.43928222988767807,0.5128262400899237,0.4155529697783628,0.3527764392449885,0.5762206849241918,0.38188245268066284,0.325834990665228,0.6783348487733372,0.023049190318678685,0.11176516412636732,0.2804650087831411,0.06534842450594698,0.42717875952433937,0.3475238507948222,0.6274804019323752,0.40733629976443764,0.4271787595243394,0.34752385079482223,0.6274804019323752,0.40733629976443764,0.6012271392367737,0.6403878868064058,0.6766170653160234,0.6969617023373441,0.6012271392367736,0.6766170653160233,0.3656584475338359,0.3417636162181339,0.47124705205021344,0.4883546697007964,0.7623356823466269,0.6715668162987953,0.3602650574212831,0.3659793903120949,BUY,0.0,0.0
0.42332269958539165,0.44620253624174566,0.43556282712789657,0.46885248823404296,0.04998513265909554,0.0,0.0,AVH,2023-12-27 00:00:00+11:00,"Pharmaceuticals, Biotechnology & Life Sciences",0.600655120214971,0.6526969468478905,0.6802721474600802,0.4476435145035186,0.42360536694628276,0.6050087196802005,0.4208561253691301,0.5612632966650581,0.3864136320721066,0.5951640862603216,0.3554151798988307,0.5630904496895431,0.40778918018412513,0.3408533452735101,0.3284961672704195,0.3125041776185458,0.22520108186319168,0.22520108186319165,0.3673072565229343,0.36730725652293433,0.4270092501569208,0.42700925015692076,0.7174863170175889,0.7174863170175888,0.6091953896991159,0.6586389165993665,0.7713155595160778,0.6539965201728646,0.6640928427172742,0.4907228365422707,0.40674000692493134,0.43633645392763654,0.9265034942689108,0.4233725305505999,0.35956722117475864,0.6994443074966548,0.3884354413818463,0.3245821451089071,0.7678827109853701,0.0376021591959611,0.11620040156359403,0.42188922456881073,0.11958405625889477,0.5518236790142906,0.39595609608769594,0.7020930029455383,0.47595911212996145,0.5518236790142905,0.395956096087696,0.7020930029455386,0.47595911212996156,0.9391306799617203,0.7162032807168224,0.9651742768858498,0.768154342603705,0.9391306799617203,0.9651742768858497,0.3870107795726385,0.3609023531733544,0.660181401622213,0.557087243442477,0.7546589914989259,0.6846021298770179,0.36611394180977863,0.2973620499835108,BUY,0.0,0.0
0.4712460147248991,0.47784807541979346,0.4763458233167385,0.4737704773226015,0.09041053180667172,0.0,0.0,AVH,2023-12-28 00:00:00+11:00,"Pharmaceuticals, Biotechnology & Life Sciences",0.45249559676820234,0.508639738019171,0.4965985622226965,0.26677742049352127,0.43717927353286506,0.5735023486964663,0.4274550639354915,0.5567953650231137,0.39314211806655747,0.5904498212120526,0.3586743573136309,0.5653739403734429,0.4056488242022499,0.34852605177532203,0.32860042581091187,0.31633075407962324,0.22712054618749508,0.22712054618749508,0.27902566579911736,0.27902566579911736,0.41997904044326395,0.4199790404432639,0.7174941282293441,0.7174941282293438,0.7272726709755408,0.6257685462537221,0.7713155203730582,0.6707202449025411,0.6729610891465188,0.5133143892677707,0.42365163313830273,0.4307273125878467,0.8247194249185819,0.43198246777266186,0.36361691748101194,0.6887066563583313,0.39505308066897943,0.32332758260314814,0.7645207778173143,0.07616470608966816,0.11613316516505374,0.5014557939362586,0.2163729770340469,0.5472537374481469,0.48013617554982546,0.6640525070183646,0.4767655484449888,0.5472537374481469,0.4801361755498255,0.6640525070183647,0.47676554844498886,0.7702700961149358,0.7865793141125967,0.8547007693585215,0.8471112813749795,0.7702700961149358,0.8547007693585215,0.35676161777078497,0.3759399322095991,0.7121692751887123,0.602529906846721,0.7815735156213012,0.7492183876420655,0.37161189313496434,0.3119048759780556,BUY,0.0,0.0
0.46166135931420454,0.4651898597485744,0.46655790423141646,0.48852460092833155,0.022380733169759272,0.0,0.0,AVH,2023-12-29 00:00:00+11:00,"Pharmaceuticals, Biotechnology & Life Sciences",0.4837173021241721,0.5397843467572528,0.5986394248890786,0.3623060577499286,0.4494288973201073,0.5800933294247024,0.43665884917874975,0.5701576518037796,0.40168212252694385,0.6023999088589886,0.3621532552506567,0.5827136773201421,0.403885170513933,0.3666220543976423,0.32884803999993883,0.3278670939441552,0.222713617064138,0.222713617064138,0.26869556401345474,0.2686955640134547,0.39873735074440386,0.3987373507444038,0.7186796556275474,0.7186796556275475,0.8552630258069212,0.6119684462852052,0.7646514858144855,0.6890056541340509,0.684260328188684,0.534520100878353,0.44124696817290404,0.4297191917781802,0.8097108979302332,0.43959608397479605,0.37264464393527014,0.7087019008377433,0.40264960398947386,0.3213087758228345,0.7788616359219076,0.07448582984740332,0.10847809252655836,0.1260142143526925,0.05577888150283623,0.5307572699856212,0.5190250297727792,0.7334878680659276,0.48569096094037606,0.5307572699856212,0.5190250297727791,0.7334878680659278,0.4856909609403761,0.8918919615540257,0.8855268491353225,0.9316239873577002,0.9336403913569032,0.8918919615540256,0.9316239873577002,0.3549822603028203,0.37730698484925773,0.6466270177923369,0.5855522521107028,0.7385080250480199,0.6940217754361268,0.3805683859838982,0.22144517895398597,BUY,0.0,0.0
0.47284349537938314,0.4651898597485744,0.46166398358248845,0.4622951173359467,0.029686049282292716,0.0,0.0,AVH,2024-01-02 00:00:00+11:00,"Pharmaceuticals, Biotechnology & Life Sciences",0.354911110736599,0.4083789094081772,0.44217685530168216,0.21650318933346985,0.4600231755015229,0.4593338660457871,0.4392636958556466,0.4992466061182814,0.4089281881640368,0.5321746827206453,0.3654124335385452,0.5362007262142833,0.40159070945656994,0.3403138284003797,0.32890016927018506,0.30687796932884587,0.24244689731134,0.24244689731134,0.26409161818731763,0.2640916181873177,0.4208552280685123,0.4208552280685122,0.7217427516125765,0.7217427516125764,0.6931818797568565,0.5076039008372946,0.7516856716319504,0.6899681025054658,0.6935210297959833,0.5167378021081365,0.4458725929647956,0.42983672617272173,0.6357348025376394,0.43970951113970286,0.3877490182795555,0.6194445377204253,0.40745625783726885,0.3223646187165609,0.718651569888493,0.07661635034595357,0.10333107666340531,0.1639930980116472,0.07610338516154337,0.518319809551012,0.4222094007497706,0.6903566047617674,0.48010016077405815,0.5183198095510121,0.42220940074977065,0.6903566047617675,0.48010016077405815,0.675675884662077,0.7958420968595076,0.7948719620731008,0.8758533022432979,0.675675884662077,0.7948719620731007,0.33362988584078934,0.38550926809410346,0.5903119760014939,0.5553652113303927,0.63304160038755,0.7103907362685801,0.3888083594049172,0.2881355990910306,BUY,0.0,0.0
0.4488818187666119,0.4367088744883314,0.43393150728034285,0.4327869092095001,0.034046099638054085,0.0,0.0,AVH,2024-01-03 00:00:00+11:00,"Pharmaceuticals, Biotechnology & Life Sciences",0.34112004254759776,0.3938371264753022,0.42176871520630177,0.19394752204051488,0.4623406704003677,0.356692920363217,0.4410002616870078,0.4228356253217047,0.4153116258622718,0.45845177221095423,0.3680856918889795,0.48595396693769766,0.3985599658271344,0.31097427547009293,0.32895881485456957,0.2832698192006637,0.29576889776625226,0.29576889776625226,0.2781141730640243,0.2781141730640243,0.4373924348642574,0.43739243486425733,0.7336536289998259,0.7336536289998258,0.5161290157184487,0.4296264245769784,0.7005435905799899,0.6758803966134412,0.6976901908747398,0.47232395258509924,0.4459417470329777,0.43334384899916367,0.4583306934271809,0.4307985604087236,0.4116248760734759,0.5103580774127632,0.40998699288980783,0.32503178230805524,0.6567730985875345,0.08040869743027348,0.1048966646109331,0.18196802584505112,0.08652751285484249,0.43943773556609506,0.41122703905616265,0.6664267135938124,0.4525568910897009,0.43943773556609506,0.4112270390561627,0.6664267135938124,0.452556891089701,0.43243247597126605,0.6808360927456892,0.6410257298513348,0.8033489527696493,0.432432475971266,0.6410257298513348,0.33629898567757865,0.3991798270837953,0.49031449134343,0.4833996687845463,0.5075935071665567,0.7202812171396127,0.3963891349522547,0.33417719425518677,BUY,0.0,0.0
0.4153354867431462,0.4034810206269227,0.4110929905208582,0.4196721283282941,0.025050858741607833,0.0,0.0,AVH,2024-01-04 00:00:00+11:00,"Pharmaceuticals, Biotechnology & Life Sciences",0.3922926736670394,0.44732277025103323,0.51020398895295,0.2776956934679115,0.45240853361862216,0.3444176190961281,0.44308413571629357,0.3860680268667067,0.4194522321534733,0.4236413362068032,0.37017303030195964,0.4624035605068332,0.3955805898757938,0.29952290211932653,0.32893275006408884,0.272825759058306,0.1649703468817317,0.1649703468817317,0.2735079003274935,0.27350790032749356,0.4251185704663931,0.42511857046639306,0.7348613082387159,0.7348613082387155,0.5333332980120661,0.49946660601974047,0.7005435230309512,0.6574970448265791,0.6967983564194824,0.4281765490980069,0.4436573123433732,0.4402450596705152,0.36154754052994453,0.4238818054549485,0.4284452226558017,0.4375677998360365,0.4118409313581732,0.3272701521759425,0.6278243064366223,0.06756046534806076,0.10505056640869527,0.15045264518395315,0.06361230696592053,0.33180647568094224,0.41687638204367733,0.580574326133259,0.4215709432174085,0.33180647568094235,0.41687638204367744,0.5805743261332591,0.42157094321740857,0.324324115337923,0.4876257864777204,0.5327102512196671,0.6679892916623064,0.32432411533792305,0.5327102512196671,0.307829223766918,0.4073821755148529,0.39764729920448516,0.4097697704164053,0.5432806895919083,0.7177239272406657,0.4835680537466359,0.36175714128352743,BUY,0.0,0.0
0.4105431209517639,0.40189874366802036,0.40619903097819715,0.41475410015472197,0.01868288461500027,0.0,0.0,AVH,2024-01-05 00:00:00+11:00,"Pharmaceuticals, Biotechnology & Life Sciences",0.4197128904848025,0.47546064898658347,0.5102041511424302,0.2775359847064295,0.44048998053121485,0.36527251184135867,0.4439524165618294,0.3721454376683784,0.4221263744449422,0.4085871868555422,0.37248008836407703,0.45135377112988406,0.3928238115507644,0.2968821415717958,0.32881545905067744,0.2690049891163491,0.15080986810315952,0.15080986810315952,0.274277897447889,0.27427789744788894,0.4152113162244906,0.41521131622449053,0.730379627580052,0.7303796275800519,0.47674406677273523,0.5100029867286879,0.657646091422946,0.6396252938074074,0.691975365672711,0.3938848091022117,0.4425763114727838,0.44326746122543637,0.31997664367876666,0.4193178582538262,0.43942199917826924,0.39308749805440657,0.4131418556632214,0.33069862778845144,0.6147831511167962,0.030600357310452166,0.09357744010164289,0.17419094502063479,0.05064244000409008,0.31533378960689884,0.39924429687803287,0.5286650627438313,0.4350800974009113,0.3153337896068988,0.39924429687803276,0.5286650627438315,0.43508009740091136,0.2535209564953131,0.3439166537151558,0.45918358161714495,0.5540832982109599,0.25352095649531303,0.4591835816171449,0.2953737639143946,0.39781280703724264,0.3741954738115676,0.38340376503646556,0.5605430103368728,0.6910650233366915,0.4817840164261816,0.32291667636794363,BUY,0.0,0.0
0.40575079324641666,0.39398732114905,0.4013050714355361,0.4032787010830536,0.019900474311477786,0.0,0.0,AVH,2024-01-08 00:00:00+11:00,"Pharmaceuticals, Biotechnology & Life Sciences",0.39673222461749225,0.45190279062691,0.48299329768192306,0.24944605452056479,0.4232742883530997,0.3817906328816414,0.4413475698849324,0.3498323141788171,0.42255768738604,0.38452402529224505,0.3747871464261943,0.4302790970164885,0.3902040154696975,0.28674237314569806,0.3287372649899506,0.25991217686917606,0.0774629858164077,0.0774629858164077,0.2600149536342251,0.26001495363422517,0.39454074498749514,0.3945407449874952,0.7294547956862678,0.7294547956862677,0.1874998603015847,0.403961895445686,0.6080053335484118,0.6194239395383092,0.6834717688309522,0.36177863527526233,0.44467423228016706,0.4355026497959048,0.27944131110748643,0.41874548611870205,0.44100037182655377,0.3281071467187947,0.4135700326012481,0.33524052955271905,0.5891685367102752,0.029322319636661535,0.08716832748299382,0.18915637336805288,0.05605533704329034,0.2728741191692491,0.35100200656962266,0.45686667722453256,0.4375915713078403,0.272874119169249,0.35100200656962266,0.4568666772245325,0.43759157130784043,0.15492947341380242,0.24944963893998495,0.1891890672804551,0.4007657962528318,0.15492947341380248,0.18918906728045515,0.26868331704847004,0.3882434385596324,0.3550350307013676,0.34354543571916457,0.47704115404393854,0.6387057089546194,0.47809951003303797,0.3793103012131016,BUY,0.0,0.0
0.4249201421538407,0.427215212734917,0.43719414697545017,0.44918037553975426,0.027395879203909963,0.0,0.0,AVH,2024-01-09 00:00:00+11:00,"Pharmaceuticals, Biotechnology & Life Sciences",0.5996206215438411,0.6517228293186388,0.591836873713432,0.35925230530184765,0.42062572275441984,0.5482115679897714,0.4455153262240834,0.452445445401064,0.4241104180873169,0.4744733332463016,0.3784125250023998,0.49541480584662934,0.3883376256087093,0.34014340815253385,0.32890016927018506,0.29640940390995957,0.2762880067707945,0.2762880067707945,0.3234213241980326,0.32342132419803266,0.43070278902364334,0.4307027890236433,0.7485069822245949,0.7485069822245948,0.4157305838949116,0.5509375953086554,0.6278375896024334,0.6233009938578288,0.6775604013494334,0.3843908258469542,0.44509435065717146,0.4436306756918251,0.5317301434336468,0.4203865761748447,0.4423405639146975,0.5645782905120562,0.41561229679614947,0.34063074716044967,0.6741879337132595,0.028142231667299657,0.08763091390495091,0.26516908344643364,0.07695077201472678,0.394688923232807,0.4459318806633805,0.4887906293727738,0.5081340996943773,0.394688923232807,0.4459318806633806,0.4887906293727739,0.5081340996943774,0.5492960773416656,0.3260341423966851,0.5675678462161027,0.41259369742117336,0.5492960773416656,0.5675678462161027,0.29537372149116625,0.375939964802705,0.49986472311937347,0.47252269297993743,0.554836528086689,0.6265509373329864,0.4725121309593311,0.2839505097212376,BUY,0.0,0.0
0.43929716335591745,0.4319620058871658,0.4437194263656649,0.44918037553975426,0.01425998948737986,0.0,0.0,AVH,2024-01-10 00:00:00+11:00,"Pharmaceuticals, Biotechnology & Life Sciences",0.4367159267158128,0.4927311798870367,0.5306122912378106,0.29831928591425944,0.4239364376461177,0.5365592616522612,0.44846748523919455,0.4456362226040822,0.4241104180873169,0.4744733332463016,0.38244072293535686,0.4892874599595628,0.38679656995494405,0.34183801555937343,0.32898487948969257,0.2963296599653578,0.23754894970762214,0.23754894970762214,0.32183244897980723,0.32183244897980723,0.41177614563692244,0.4117761456369224,0.7391845900804113,0.7391845900804114,0.3500001788138917,0.5916096433414245,0.5940327011795131,0.625460003095258,0.6733277611533893,0.3990344765513575,0.4457717357342644,0.4489560426204299,0.5148064567592673,0.4203865761748447,0.4423405639146975,0.5645782905120562,0.41643522511045056,0.34846496645069175,0.6699431714496035,0.017946765937624128,0.07052337740022348,0.16396231233255004,0.04471501185952545,0.4481398297287001,0.42795256935481624,0.4438919630847707,0.5364629633383154,0.4481398297287001,0.42795256935481624,0.44389196308477075,0.5364629633383156,0.5492960773416656,0.4267213149808249,0.5675678462161027,0.4493707145966537,0.5492960773416656,0.5675678462161027,0.2882562916193082,0.3650035110923302,0.5047421132778435,0.48029618346088054,0.6018367050985926,0.6204079814816755,0.4672599946300465,0.3037036941102724,BUY,0.0,0.0
0.4968050958200843,0.5189873518001724,0.48287110270695327,0.5327868935754947,0.1513728473722558,0.0,0.0,AVH,2024-01-11 00:00:00+11:00,"Pharmaceuticals, Biotechnology & Life Sciences",0.7129209121041387,0.7559473252019027,0.6326531539041927,0.38951146723075963,0.44678033961477565,0.7353968672703055,0.4552400799746631,0.6308010430795841,0.42781971143742065,0.6353253823935929,0.38837315870059136,0.6066037842678825,0.3859575499854787,0.43689755952338116,0.3292715907867616,0.3627530642047187,0.38995822085154613,0.38995822085154613,0.4344751842282476,0.4344751842282476,0.5401718663746335,0.5401718663746335,0.8073032679052046,0.8073032679052047,0.6869564315997886,0.697501788754813,0.6638960974524375,0.6636581124520617,0.6787251205077429,0.4830376085190987,0.4729050666311086,0.4320794385918668,0.8736648945112098,0.4379948852369669,0.429486377062631,0.8776485286948765,0.42382107717707523,0.3521261430876385,0.8231880654742563,0.08303846391062594,0.08432357864571983,0.7912233472537779,0.4339271374255439,0.6311199034796782,0.4745568108500278,0.5443973569346189,0.638717878685217,0.6311199034796782,0.4745568108500278,0.544397356934619,0.6387178786852171,0.9213481309994747,0.6876240150700603,0.929999828338623,0.7007430903195309,0.9213481309994747,0.929999828338623,0.3683274625241685,0.4032809850027712,0.7227854826598112,0.6799734814031855,0.7638508059047968,0.6625981273697322,0.38497652547125627,0.04824567319944029,HOLD,0.0,0.5
0.49361021068318617,0.5284810135535868,0.4959217392748489,0.527868904486936,0.09024775718556684,0.0,0.0,AVH,2024-01-12 00:00:00+11:00,"Pharmaceuticals, Biotechnology & Life Sciences",0.4222858332622923,0.47808271555704496,0.625850602728546,0.3838199006188063,0.46962424947678166,0.6384208229674648,0.460970745976068,0.6046775444514676,0.43394436342765924,0.6122080884300829,0.3944154551634828,0.5892295249234455,0.3849986706035764,0.43254702073818874,0.32961043135407686,0.3584738230139935,0.38867132436393326,0.38867132436393326,0.43714819370245694,0.43714819370245683,0.48542032956981673,0.4854203295698167,0.8040669911338587,0.8040669911338584,0.7900001502037407,0.661686932648925,0.6404605069684813,0.6900463719243519,0.6891108613276222,0.526551594616501,0.4905813380242369,0.4238077318185659,0.7778635162726264,0.4529403125475074,0.424834860081911,0.7882214568635726,0.42914737039668566,0.35865714101332974,0.802420002929759,0.11991469679245614,0.09113513588707993,0.36037325516734003,0.2481927320516063,0.6327860826005178,0.4605376534700288,0.6233100881025639,0.651286752969047,0.6327860826005178,0.46053765347002873,0.6233100881025642,0.6512867529690471,0.8315791164408676,0.7837182402842273,0.8490567395762717,0.7962580795490048,0.8315791164408676,0.8490567395762717,0.4092526842873525,0.4299385603657728,0.6793963848237092,0.6581815135424726,0.8035561989617497,0.669978705795116,0.3877621282577761,0.13907276124175127,BUY,0.0,0.0
0.5191693679504414,0.5150316405406873,0.5138662187042062,0.5147540845207166,0.024178582190857573,0.0,0.0,AVH,2024-01-15 00:00:00+11:00,"Pharmaceuticals, Biotechnology & Life Sciences",0.3979803049763707,0.4531886605135749,0.46258483320758237,0.23939492441154636,0.49213707285225633,0.5233245016902832,0.46374924468178247,0.566726449435369,0.439896486128134,0.5736603921861656,0.3998352108743089,0.560986857209384,0.38366308811163463,0.41938914029202856,0.3299232071309116,0.34769581416326706,0.38788275475681316,0.38788275475681316,0.44121921712230505,0.44121921712230505,0.4862944732498332,0.48629447324983305,0.8055980607829656,0.8055980607829655,0.7899999618530273,0.6734536809390147,0.7060587446203361,0.7032135057085601,0.7004471730624283,0.5348434884627468,0.4981774649220602,0.4209052224862405,0.7022073510489764,0.4619159629257122,0.4268230009936638,0.7089985909521302,0.4332638040356262,0.36535864548201763,0.7677989979953834,0.12211913727822718,0.08906870632532214,0.0952053827150547,0.06732409458712503,0.6336039019104454,0.42184146214050766,0.6210383439866817,0.6084648851676203,0.6336039019104454,0.42184146214050755,0.6210383439866818,0.6084648851676204,0.7473681727274757,0.8511455451743275,0.7735846595180076,0.8661638348657665,0.7473681727274758,0.7735846595180076,0.4101423842329489,0.4114833334338287,0.632501552661377,0.6145778704895175,0.7999065148105927,0.6959518882751948,0.3935974962094617,0.2157303548975893,BUY,0.0,0.0
0.5255591382242379,0.5126582439645629,0.5187602171406003,0.5327868935754947,0.02183200726423384,0.0,0.0,AVH,2024-01-16 00:00:00+11:00,"Pharmaceuticals, Biotechnology & Life Sciences",0.49093471554064405,0.5469221635904901,0.51020398895295,0.28079597222499353,0.5090216864371884,0.525863571182204,0.47121646409367957,0.5911691656432612,0.44489972035819353,0.5987707122410348,0.4049253871114293,0.5795824501624532,0.38266996306668144,0.4410073207657821,0.3303337254448153,0.36163072141631497,0.36212614865208664,0.3621261486520867,0.42235062506386123,0.4223506250638611,0.4668421248157284,0.46684212481572834,0.7900339958714815,0.7900339958714812,0.8333332965403483,0.6811963570596655,0.7450407940827352,0.7198091668623785,0.7133323149063765,0.5483540373857213,0.514882758341662,0.41732364612320927,0.7200497000872021,0.4739857726211844,0.4231863632984351,0.7304347007122435,0.4400935810096627,0.3678716649421287,0.7896085602028498,0.11925216316086446,0.08379255020704172,0.08754987859989537,0.0627912244173704,0.5684806443412708,0.4844860026243297,0.5845666682310413,0.5741210230553845,0.5684806443412709,0.4844860026243297,0.5845666682310414,0.5741210230553846,0.8631577811412922,0.8313365031489643,0.8737862931534747,0.8470894225730935,0.863157781141292,0.8737862931534747,0.41903921399599997,0.4046481354217475,0.6204688553288378,0.6007008290313728,0.7994606574473049,0.7388536908393315,0.39919944944307983,0.2017544052277247,BUY,0.0,0.0
0.49520769133767023,0.4968353989266222,0.49429038053356206,0.4950819718264278,0.09248529754334679,0.0,0.0,AVH,2024-01-17 00:00:00+11:00,"Pharmaceuticals, Biotechnology & Life Sciences",0.3260842163359552,0.3778734928572221,0.48299313549244294,0.2556661405731282,0.5182916660325678,0.38513480791441435,0.47781540266004097,0.4876514561847596,0.4490403287060573,0.5166345550999418,0.4088803442882522,0.5180785266419644,0.38147136322694275,0.39977983631804037,0.330516177890677,0.33142735337866364,0.4214735428006955,0.4214735428006955,0.4308736471449509,0.4308736471449509,0.4819785296672171,0.48197852966721694,0.8053479064963267,0.8053479064963266,0.7258063833869968,0.5309056889979494,0.6339059290708443,0.7139620145681842,0.7222959038366705,0.514146068299102,0.5191352546856991,0.4261128414501858,0.5696975858998434,0.4778937923200009,0.42730941026056063,0.5990494121921492,0.44358420639067914,0.3721409819269867,0.7087906899798495,0.15956041179611954,0.09621709473840402,0.29455628718812804,0.24686212845275288,0.500552874232516,0.477066854312181,0.5642435128771566,0.5131729246001008,0.500552874232516,0.4770668543121809,0.5642435128771567,0.5131729246001008,0.6210525100581265,0.7596694586397549,0.6504852975591261,0.7797100353470378,0.6210525100581265,0.650485297559126,0.4119217841241418,0.4046481028286415,0.5383090340944608,0.5293075918575642,0.6585149950371147,0.6233279534852201,0.4045773245473533,0.1824480313562835,BUY,0.0,0.0
