Open,High,Low,Close,Volume,Dividends,Stock Splits,Ticker,Date,Sector,Returns,Log_Returns,Price_Change,Price_Change_Pct,MA_5,MA_Ratio_5,MA_10,MA_Ratio_10,MA_20,MA_Ratio_20,MA_50,MA_Ratio_50,MA_100,MA_Ratio_100,MA_200,MA_Ratio_200,Volatility_5,Volatility_Annualized_5,Volatility_10,Volatility_Annualized_10,Volatility_20,Volatility_Annualized_20,Volatility_50,Volatility_Annualized_50,RSI_7,RSI_14,RSI_21,MACD,MACD_Signal,MACD_Histogram,BB_Upper_10,BB_Lower_10,BB_Position_10,BB_Upper_20,BB_Lower_20,BB_Position_20,BB_Upper_50,BB_Lower_50,BB_Position_50,Volume_MA_5,Volume_MA_20,Volume_Ratio_5,Volume_Ratio_20,Momentum_5,Momentum_10,Momentum_20,Momentum_50,ROC_5,ROC_10,ROC_20,ROC_50,Stoch_K_14,Stoch_D_14,Stoch_K_21,Stoch_D_21,Williams_R_14,Williams_R_21,ATR_14,ATR_21,CCI_14,CCI_21,MFI_14,MFI_21,PSAR,Future_Return,Target,Sector_Encoded,Target_Encoded
0.37499997505385874,0.37499997505385874,0.39655170420474806,0.39655170420474806,0.0,0.0,0.0,HPR,2020-10-13 00:00:00+11:00,Energy,0.34560330195783223,0.41532323320539793,0.4615384615384615,0.48322139475873116,0.3429602771078082,0.45849771704247266,0.34189719617216574,0.4426162475618305,0.34105261288026123,0.45151892837488294,0.3348968014060685,0.46498006670652214,0.328806692830675,0.42692947124849645,0.7666535144494104,0.333887219066516,0.3013840387928251,0.3013840387928251,0.324492107978121,0.32449210797812106,0.40160441274578834,0.4016044127457884,0.47019612805832267,0.4701961280583226,0.5,0.43478255235855434,0.4347825523585543,0.3918993819640594,0.41706544394407,0.4223674816743478,0.3043915983171014,0.41606020402948685,0.5833333333239875,0.3131003233938616,0.373262487805315,0.4574242114590678,0.2979564655398117,0.36505945151770836,0.5804877508299116,0.0003680748589940386,0.008116191869052483,0.0,0.0,0.37374541401431466,0.49426894744822025,0.3622448760931446,0.40749217440829133,0.37374541401431466,0.49426894744822036,0.3622448760931446,0.40749217440829144,0.6249997671693945,0.41666651144626315,0.6249997671693945,0.4166665114462631,0.6249997671693945,0.6249997671693945,0.2933333406183444,0.2386363626742536,0.5138121284288619,0.3974698914762031,0.5566185881268958,0.5566185881268958,0.4230445423741568,0.5833333488553767,BUY,0.0,0.0
0.37499997505385874,0.37499997505385874,0.39655170420474806,0.39655170420474806,0.0,0.0,0.0,HPR,2020-10-14 00:00:00+11:00,Energy,0.34560330195783223,0.41532323320539793,0.4615384615384615,0.48322139475873116,0.3429602771078082,0.45849771704247266,0.34189719617216574,0.4426162475618305,0.337894715811243,0.4549719316687678,0.3339587149709975,0.4657348889056633,0.32765095627277985,0.42755501367102766,0.758770187522587,0.33647994002645143,0.3013840387928251,0.3013840387928251,0.26182152996531044,0.2618215299653105,0.40160441274578834,0.4016044127457884,0.47019612805832267,0.4701961280583226,0.5,0.43478255235855434,0.4347825523585543,0.3983067462715586,0.41427396870332267,0.44748069297937015,0.3043915983171014,0.41606020402948685,0.5833333333239875,0.30860820884008566,0.3725150519943339,0.4638079685732324,0.29676372941758955,0.36471367099204155,0.5814774932668078,0.0003680748589940386,0.008116191869052483,0.0,0.0,0.37374541401431466,0.38402309373201393,0.3622448760931446,0.40749217440829133,0.37374541401431466,0.38402309373201393,0.3622448760931446,0.40749217440829144,0.6249997671693945,0.6249997671693945,0.6249997671693945,0.6249997671693945,0.6249997671693945,0.6249997671693945,0.2933333406183444,0.2386363626742536,0.5232557945614277,0.4011501588991935,0.5566185881268958,0.5566185881268958,0.42079054798980586,0.5333333705862371,BUY,0.0,0.0
0.37499997505385874,0.37499997505385874,0.39655170420474806,0.39655170420474806,0.0,0.0,0.0,HPR,2020-10-15 00:00:00+11:00,Energy,0.34560330195783223,0.41532323320539793,0.4615384615384615,0.48322139475873116,0.3610108151769136,0.42474635158756735,0.34189719617216574,0.4426162475618305,0.33473681874222494,0.4584421140971028,0.3311444556657843,0.46800543460902644,0.32476161756894806,0.42912242248742916,0.7508868605957644,0.33908707299928176,0.19878677783366777,0.1987867778336678,0.26182152996531044,0.2618215299653105,0.40160441274578834,0.4016044127457884,0.45505249694010574,0.4550524969401058,0.5,0.43478255235855434,0.4347825523585543,0.40368253431459367,0.41330419306295296,0.4652115710963176,0.3043915983171014,0.41606020402948685,0.5833333333239875,0.30377270752450714,0.372151394188585,0.4704029304765724,0.29092191743962315,0.3663106012100943,0.5846233343055369,3.5834211031871546e-05,0.008116191869052483,0.0,0.0,0.48104073794938706,0.38402309373201393,0.3622448760931446,0.35073311040340116,0.4810407379493871,0.38402309373201393,0.3622448760931446,0.35073311040340116,0.6249997671693945,0.6249997671693945,0.6249997671693945,0.6249997671693945,0.6249997671693945,0.6249997671693945,0.2933333406183444,0.2386363626742536,0.533742320492026,0.4049377695540129,0.5566185881268958,0.5566185881268958,0.4185816334931419,0.46666669150193596,BUY,0.0,0.0
0.37499997505385874,0.37499997505385874,0.27586205789152674,0.27586205789152674,0.007965671922853874,0.0,0.0,HPR,2020-10-16 00:00:00+11:00,Energy,0.15950923914277346,0.20433805084293735,0.19230776394787857,0.2248321608934542,0.3537905972595312,0.2081654693535775,0.32806320612883577,0.26764741044117013,0.32421050171442756,0.305614661020717,0.3250468947114833,0.34054845966407765,0.319849742310615,0.3186592091304299,0.7416239516953596,0.2320665693141294,0.36049046839719445,0.36049046839719445,0.3625282145594182,0.36252821455941825,0.46658697161306983,0.46658697161306995,0.5015299848336034,0.5015299848336034,0.2941176341685436,0.33333329194121547,0.3333332919412153,0.37423541632981294,0.40560778293400124,0.39974021883298116,0.3158581721314965,0.3796121108171834,0.16636958114014488,0.3081254245460774,0.3480602284963148,0.20225918913076663,0.2860088416153195,0.36075831421457005,0.4167370271210502,0.00755869593997283,0.014745415832031983,0.9952446447383825,0.43963274606688585,0.3308272684520332,0.24254089734155534,0.2630385372761963,0.24809382968935734,0.33082726845203314,0.24254089734155537,0.2630385372761963,0.2480938296893574,0.0,0.41666651144626315,0.0,0.4166665114462631,0.0,0.0,0.38666665143437057,0.31818180278805785,0.37499998835846726,0.2530624565385662,0.3286195090204269,0.3286195090204269,0.4164168972864114,0.6603773691001504,BUY,0.0,0.0
0.3214285690527484,0.3214285690527484,0.3448275884216946,0.3448275884216946,3.806059152483143e-05,0.0,0.0,HPR,2020-10-19 00:00:00+11:00,Energy,0.4659876321170955,0.5390702849843253,0.4615384615384615,0.48322139475873116,0.3429602771078082,0.35893121336378786,0.32213435535661783,0.3871520149080283,0.31789471149774917,0.40638099586590537,0.32082550662732445,0.41949065512689676,0.3160936025338148,0.3852641532746811,0.7331493755610561,0.2976778184374005,0.33669946056496736,0.3366994605649674,0.4077129455698646,0.40771294556986465,0.49706067989456515,0.49706067989456526,0.5220601504777045,0.5220601504777045,0.5625000145519163,0.5384615494831088,0.41176468654693515,0.3711963674803197,0.39873642500627143,0.40777057686619034,0.3092361468411614,0.3758045355525006,0.4360863013459272,0.3017118595551982,0.3436923227417541,0.3795529653751212,0.2789230318633946,0.36120220693027405,0.5195349584562557,0.00755869593997283,0.014777090772680454,0.004755355261617699,0.002096376298424212,0.3147329995066575,0.32338788822027886,0.3197278888276137,0.3067448628468173,0.31473299950665756,0.3233878882202789,0.31972788882761366,0.30674486284681735,0.5714287234812523,0.3988094968835491,0.4,0.3416665890564649,0.5714287234812523,0.4,0.3333333167764898,0.3636363520910434,0.43113210332186436,0.32474864477434345,0.4360615935479513,0.3299703696478102,0.410794703710616,0.5964911948188925,BUY,0.0,0.0
0.3214285690527484,0.3214285690527484,0.3448275884216946,0.3448275884216946,0.0,0.0,0.0,HPR,2020-10-20 00:00:00+11:00,Energy,0.34560330195783223,0.41532323320539793,0.4615384615384615,0.48322139475873116,0.3321299569560854,0.37870574568744275,0.31620550458440033,0.3954409648484698,0.3115789212810708,0.41320407794485103,0.3166041185431656,0.4227911431250616,0.31233746275701435,0.3872262305691029,0.7246747994267531,0.3003896147997881,0.33669946056496736,0.3366994605649674,0.4077129455698646,0.40771294556986465,0.49706067989456515,0.49706067989456526,0.5220601504777045,0.5220601504777045,0.5625000145519163,0.4285714539135421,0.41176468654693515,0.3694800697792427,0.3928359785778713,0.4172206055390776,0.30130892658548614,0.37333346755900354,0.4539194830820756,0.29418354140156855,0.3405702942099518,0.39000258410229555,0.2714324566480226,0.3621171460070316,0.5227116976980267,0.00755869593997283,0.014777090772680454,0.0,0.0,0.3147329995066575,0.32338788822027886,0.3197278888276137,0.3067448628468173,0.31473299950665756,0.3233878882202789,0.31972788882761366,0.30674486284681735,0.5714287234812523,0.380952482320835,0.4,0.2666666666666667,0.5714287234812523,0.4,0.26666667328940397,0.3636363520910434,0.4426523523618684,0.3389849577331465,0.009585418404453776,0.3299703696478102,0.40539739787785256,0.5438596399500393,BUY,0.0,0.0
0.3214285690527484,0.3214285690527484,0.3448275884216946,0.3448275884216946,0.0,0.0,0.0,HPR,2020-10-21 00:00:00+11:00,Energy,0.34560330195783223,0.41532323320539793,0.4615384615384615,0.48322139475873116,0.3212996368043626,0.39889804963260533,0.3102766538121826,0.4038165588263307,0.3052631310643924,0.42009666511648625,0.3123827304590068,0.42611183819167275,0.3085813229802141,0.3891966653357868,0.71620022329245,0.30311781623343603,0.33669946056496736,0.3366994605649674,0.4077129455698646,0.40771294556986465,0.49706067989456515,0.49706067989456526,0.5220601504777045,0.5220601504777045,0.36363642521141026,0.4285714539135421,0.41176468654693515,0.3688196745160771,0.3879604169562777,0.4271959645881939,0.29195364526462975,0.3723247205581517,0.47241317927508886,0.28545962290256766,0.33878449982180947,0.3999297418255743,0.26350197240050854,0.3635440298209218,0.5259222634659746,0.00755869593997283,0.014777090772680454,0.0,0.0,0.3147329995066575,0.32338788822027886,0.3197278888276137,0.3067448628468173,0.31473299950665756,0.3233878882202789,0.31972788882761366,0.30674486284681735,0.5714287234812523,0.5714287234812523,0.4,0.4,0.5714287234812523,0.4,0.26666667328940397,0.3636363520910434,0.4515845264409646,0.3500662528303819,0.009585418404453776,0.3299703696478102,0.40021598427839955,0.5438596399500393,BUY,0.0,0.0
0.3214285690527484,0.3214285690527484,0.3448275884216946,0.3448275884216946,0.0,0.0,0.0,HPR,2020-10-22 00:00:00+11:00,Energy,0.34560330195783223,0.41532323320539793,0.4615384615384615,0.48322139475873116,0.31046931665263955,0.4195215057789281,0.31422922344773885,0.3982231320767533,0.29894734084771424,0.42705982486535643,0.31425890332914874,0.4246334668488846,0.3048251832034141,0.39117551108670556,0.7087110634828697,0.305542558830753,0.33669946056496736,0.3366994605649674,0.36036587849973134,0.3603658784997314,0.49706067989456515,0.49706067989456526,0.379083826480872,0.3790838264808721,0.36363642521141026,0.4285714539135421,0.41176468654693515,0.36899407911244436,0.3841009558005024,0.4370858243160347,0.2907678910268964,0.3805979036292372,0.4563148365013616,0.27540277690045456,0.33848841999219625,0.4095461158619452,0.26191711288264585,0.3688560698846739,0.5226370952889571,0.00755869593997283,0.014777090772680454,0.0,0.0,0.3147329995066575,0.4281214516464124,0.3197278888276137,0.5117467962363328,0.31473299950665756,0.4281214516464123,0.31972788882761366,0.5117467962363328,0.5714287234812523,0.5714287234812523,0.4,0.4,0.5714287234812523,0.4,0.26666667328940397,0.3636363520910434,0.458928588890876,0.3590680198372366,0.009585418404453776,0.3299703696478102,0.39524182722292467,0.45614029469399053,BUY,0.0,0.0
0.3214285690527484,0.3214285690527484,0.3448275884216946,0.3448275884216946,0.0,0.0,0.0,HPR,2020-10-23 00:00:00+11:00,Energy,0.34560330195783223,0.41532323320539793,0.4615384615384615,0.48322139475873116,0.3249097524874045,0.39212003143826935,0.3181817930832951,0.3926684141695489,0.29263155063103585,0.43409464664824815,0.31613507619929093,0.42315910736927165,0.30106904342661367,0.39316282179165085,0.7012219036732894,0.30798033399029134,0.16503059507435835,0.16503059507435838,0.36036587849973134,0.3603658784997314,0.49706067989456515,0.49706067989456526,0.379083826480872,0.3790838264808721,0.36363642521141026,0.4285714539135421,0.41176468654693515,0.3698205416641281,0.3812076200825646,0.44648926952754286,0.2886307922650443,0.3898452544742197,0.437560981597131,0.2637870642944202,0.3399345701557708,0.4190716244828757,0.2601968752392205,0.3743256564269948,0.5191493504033239,3.5834211031871546e-05,0.014777090772680454,0.0,0.0,0.4628208110335125,0.4281214516464124,0.3197278888276137,0.5117467962363328,0.46282081103351247,0.4281214516464123,0.31972788882761366,0.5117467962363328,0.5714287234812523,0.5714287234812523,0.4,0.4,0.5714287234812523,0.4,0.26666667328940397,0.3636363520910434,0.46535582170414624,0.36668874027947596,0.009585418404453776,0.3299703696478102,0.3904666364496686,0.4035087398251376,BUY,0.0,0.0
0.4464286272604113,0.4464286272604113,0.4655172989640609,0.4655172989640609,0.003163947696081141,0.0,0.0,HPR,2020-11-02 00:00:00+11:00,Energy,0.5414918888995007,0.6123267552742037,0.4615384615384615,0.48322139475873116,0.3501805219225942,0.5767046673622593,0.3162055266711006,0.5922430706640349,0.28315787510941337,0.6148498484836248,0.3297373286341603,0.544551783924958,0.28055474239667544,0.5198694594868126,0.6533306980442148,0.4375363919328442,0.26853669433962624,0.2685366943396263,0.2458758468257346,0.24587584682573466,0.4521160435340547,0.45211604353405477,0.4340582522557881,0.43405825225578815,1.0,0.6111112145913803,0.5714286474549017,0.4156463354428025,0.3873028817023946,0.5626886636662287,0.28562071833491587,0.38939808352760763,0.9999999999757299,0.25324667694350933,0.33441098998989927,0.805029366505747,0.25286237844901827,0.40800170332335317,0.720313300878098,0.0029879538433242024,0.008638682197718489,1.0,0.2854876665717432,0.5186883117342646,0.5329517973622508,0.46428579300742745,0.6179211447232875,0.5186883117342647,0.5329517973622508,0.46428579300742734,0.6179211447232876,1.0,0.7142858156541684,1.0,0.7142858156541683,1.0,1.0,0.22666674680178903,0.295454570469406,0.7927929261304238,0.639268667145828,0.31709455932381614,0.3102347705225896,0.27586205789152674,0.24999991268851285,BUY,0.0,0.0
0.4464286272604113,0.4464286272604113,0.4655172989640609,0.4655172989640609,0.0,0.0,0.0,HPR,2020-11-03 00:00:00+11:00,Energy,0.34560330195783223,0.41532323320539793,0.4615384615384615,0.48322139475873116,0.37545129135778366,0.5273174724772105,0.33003952407666426,0.5706757124094224,0.28736840584189005,0.6094927706027936,0.33442776080951586,0.5405125429774512,0.2788211402507388,0.5209271208445713,0.6470240373837868,0.4399346096161495,0.26853669433962624,0.2685366943396263,0.2458758468257346,0.24587584682573466,0.4521160435340547,0.45211604353405477,0.4340582522557881,0.43405825225578815,1.0,0.6111112145913803,0.5714286474549017,0.444268456501142,0.4012657275875923,0.6105530380327177,0.32311725671384595,0.3757084271754192,0.8333333333149857,0.26797904716280074,0.3256362980008689,0.7577746609213254,0.25504863432443314,0.41412658914834877,0.715610940322541,0.0029879538433242024,0.008638682197718489,0.0,0.0,0.5186883117342646,0.5329517973622508,0.46428579300742745,0.6179211447232875,0.5186883117342647,0.5329517973622508,0.46428579300742734,0.6179211447232876,1.0,0.8571429078270842,1.0,0.8571429078270842,1.0,1.0,0.22666674680178903,0.295454570469406,0.7152778173913141,0.6085623292573169,0.31709455932381614,0.3102347705225896,0.2796551627129774,0.24999991268851285,BUY,0.0,0.0
0.4464286272604113,0.4464286272604113,0.4655172989640609,0.4655172989640609,0.0,0.0,0.0,HPR,2020-11-04 00:00:00+11:00,Energy,0.34560330195783223,0.41532323320539793,0.4615384615384615,0.48322139475873116,0.4007220607929731,0.48018982336001925,0.34387352148222794,0.549619256254025,0.2915789365743672,0.604172479563062,0.339118192984871,0.5365002572624283,0.2770875381048019,0.521986899288314,0.6407173767233587,0.4423439229345002,0.26853669433962624,0.2685366943396263,0.2458758468257346,0.24587584682573466,0.4521160435340547,0.45211604353405477,0.4340582522557881,0.43405825225578815,1.0,0.6111112145913803,0.5714286474549017,0.4665251883040169,0.41766672694559626,0.6342839550553586,0.3499975539489829,0.372889701111903,0.7545875385931307,0.28103011653634113,0.3187406717084613,0.7243481280295222,0.25672290212629845,0.42084730179338514,0.7113894889493211,0.0029879538433242024,0.008638682197718489,0.0,0.0,0.5186883117342646,0.5329517973622508,0.46428579300742745,0.6179211447232875,0.5186883117342647,0.5329517973622508,0.46428579300742734,0.6179211447232876,1.0,1.0,1.0,1.0,1.0,1.0,0.22666674680178903,0.295454570469406,0.6666666666666671,0.5840770219887836,0.31709455932381614,0.3102347705225896,0.28337240543799913,0.24999991268851285,BUY,0.0,0.0
0.4464286272604113,0.4464286272604113,0.4482758842169464,0.4482758842169464,0.011710951238409671,0.0,0.0,HPR,2020-11-05 00:00:00+11:00,Energy,0.3206799386593598,0.3885388242252803,0.42307685143673673,0.44861562254536247,0.42238271454512044,0.4106291652916878,0.35573123038889665,0.5047911119107007,0.29999999019660495,0.5696769483555394,0.34333958106902984,0.5142419676610636,0.2750650015503009,0.5066447929158816,0.6342136325043093,0.42849009362735846,0.27904622546811847,0.2790462254681185,0.25188672916592153,0.2518867291659216,0.4131360604039727,0.41313606040397277,0.435465916745961,0.4354659167459611,0.8749998253771273,0.9166665373163704,0.5517241733677996,0.4786906532127888,0.4336466242280199,0.6301853047754984,0.3643464759990417,0.3793734868792352,0.6657558487822981,0.2904990520175472,0.32353910679108644,0.6616004957767664,0.2566323952642775,0.4287548573410225,0.6746455436025562,0.014047895519827767,0.018092043868915646,0.7872961886991505,0.5329219657160924,0.4979821504301408,0.5116762343047221,0.5346320697741428,0.599999962884183,0.4979821504301408,0.5116762343047221,0.5346320697741427,0.5999999628841832,0.8571426290639573,0.9523808763546526,0.9090907551533448,0.9696969183844484,0.8571426290639573,0.9090907551533447,0.14666679448549824,0.3068182289615729,0.6121951010089364,0.5492074085939868,0.21626341219993406,0.1468997086377418,0.2870153033085203,0.11111109797075747,BUY,0.0,0.0
0.42857144757801235,0.42857144757801235,0.4482758842169464,0.4482758842169464,0.0,0.0,0.0,HPR,2020-11-06 00:00:00+11:00,Energy,0.34560330195783223,0.41532323320539793,0.4615384615384615,0.48322139475873116,0.444043368297268,0.3739600589194514,0.3675889392955656,0.48775746589881463,0.3084210438188427,0.5594502422405382,0.3475609691531887,0.5107308894335306,0.27304246499579987,0.5078673800097048,0.6273157226364008,0.4311091982269041,0.27904622546811847,0.2790462254681185,0.25188672916592153,0.2518867291659216,0.4131360604039727,0.41313606040397277,0.435465916745961,0.4354659167459611,0.8749998253771273,0.8749998253771273,0.6666666666666666,0.4876617177070509,0.44853889968071975,0.6195993167804603,0.37468687368197184,0.3899619635974677,0.6356184207564466,0.29807521300533324,0.33045295603710545,0.6442907100487258,0.25600652499676246,0.4372854427831858,0.6718638960601735,0.014047895519827767,0.018092043868915646,0.0,0.0,0.4979821504301408,0.5116762343047221,0.5346320697741428,0.599999962884183,0.4979821504301408,0.5116762343047221,0.5346320697741427,0.5999999628841832,0.8571426290639573,0.9047617527093051,0.9090907551533448,0.9393938367688965,0.8571426290639573,0.9090907551533447,0.09333345982761743,0.25000006349926146,0.5844444183674223,0.5261525775144792,0.2144626231758538,0.14894542957141652,0.2905853432216312,0.06349207287803038,BUY,0.0,0.0
0.553571439262632,0.553571439262632,0.5689655305301679,0.5689655305301679,0.004809687673614852,0.0,0.0,HPR,2020-11-09 00:00:00+11:00,Energy,0.522835735922055,0.5945173676500582,0.4615384615384615,0.48322139475873116,0.4657040086007136,0.5465915437275564,0.3932806382455645,0.6363317404542859,0.3189473608466401,0.7120711910206424,0.3517823572373475,0.6371529179742973,0.27304246499579987,0.6240713706656672,0.6217973947420745,0.5481896928199114,0.25366965038929973,0.25366965038929973,0.32762796858522003,0.3276279685852201,0.43291239069072224,0.43291239069072235,0.41907197314485023,0.4190719731448503,0.9333332174354463,0.9333332174354463,0.7419354683650784,0.5279812446087568,0.46992851660024204,0.6828389253353147,0.42913148857557315,0.3800945703326043,0.833333248841249,0.33568393078786163,0.307646927261947,0.817564695764591,0.27085207535496236,0.42781114133602793,0.8842927890952563,0.015602149123626811,0.022063106812675475,0.29113206209683135,0.1811522200918115,0.48439368348747913,0.6606048586774708,0.5535714696967851,0.5814912417176018,0.48439368348747913,0.6606048586774709,0.5535714696967851,0.5814912417176018,1.0,0.9047617527093051,1.0,0.9393938367688965,1.0,1.0,0.18666677064364362,0.3295455036130656,0.6830035389176695,0.6564408412222197,0.42094292041358716,0.31494624928007936,0.2940839823364798,-0.042857123090296434,HOLD,0.0,0.5
0.6785714309472516,0.7321428369483617,0.6896551768433893,0.6896551768433893,0.023696290064335282,0.0,0.0,HPR,2020-11-10 00:00:00+11:00,Energy,0.5051124944120393,0.5774240472563357,0.4615384615384615,0.48322139475873116,0.5126354048906472,0.6662973052354946,0.4328063272388938,0.7569077413722665,0.3368420978332164,0.8517074169785065,0.3592870469705942,0.7595438922282288,0.2750650015503009,0.738781088239087,0.6176586488213291,0.665101672651078,0.29888918305796486,0.2988891830579649,0.36189542050155693,0.36189542050155693,0.471310475221404,0.471310475221404,0.4530906612561193,0.45309066125611924,0.9545453698797799,0.9545453698797799,0.7575757438924154,0.5924020509640543,0.5021802304186427,0.7885613595767013,0.5266845619127934,0.35079095462225707,0.8762145179846274,0.40523133428841174,0.26260390524690347,0.8620984602682282,0.3052327682368836,0.401671190335092,1.0000000000000002,0.03798116691011442,0.041783729937701734,0.5892118236642178,0.4809176061785726,0.6134833770058504,0.8095334830502198,0.657738129458282,0.6925435763782413,0.6134833770058503,0.8095334830502198,0.657738129458282,0.6925435763782415,0.869565266686265,0.9089026319167408,0.8888889348801291,0.9326598966778248,0.869565266686265,0.8888889348801291,0.3200000576178152,0.3863636690753771,0.7404525521431422,0.7152740282178834,0.762974714601826,0.6689742948731145,0.3050792442642273,-0.12987010348082417,SELL,0.0,1.0
0.6785714309472516,0.6785714309472516,0.6896551768433893,0.6896551768433893,0.0,0.0,0.0,HPR,2020-11-11 00:00:00+11:00,Energy,0.34560330195783223,0.41532323320539793,0.4615384615384615,0.48322139475873116,0.5595668011805808,0.5846153362932889,0.4723320162322229,0.6970297618209982,0.3547368348197927,0.8268423454314425,0.3667917367038409,0.7521014153512676,0.2770875381048019,0.7372903047013298,0.6137169849908224,0.666951363527806,0.29888918305796486,0.2988891830579649,0.36189542050155693,0.36189542050155693,0.471310475221404,0.471310475221404,0.4530906612561193,0.45309066125611924,0.9333332008785725,0.9545453698797799,0.7575757438924154,0.6410180536280154,0.5394072154642952,0.8369864279638646,0.5887629918559897,0.35781303744574733,0.7837401343924792,0.4583600841531996,0.2359107989591096,0.7829014281726302,0.33411043747779523,0.38193539061428927,0.9355142602599716,0.03798116691011442,0.041783729937701734,0.0,0.0,0.6134833770058504,0.8095334830502198,0.657738129458282,0.6925435763782413,0.6134833770058503,0.8095334830502198,0.657738129458282,0.6925435763782415,0.869565266686265,0.9130435111241768,0.8888889348801291,0.9259259565867528,0.869565266686265,0.8888889348801291,0.3200000576178152,0.3863636690753771,0.6826801148218176,0.6348008639573627,0.762974714601826,0.6689742948731145,0.33125724716596017,-0.12987010348082417,SELL,0.0,1.0
0.6785714309472516,0.6785714309472516,0.6896551768433893,0.6896551768433893,0.0,0.0,0.0,HPR,2020-11-12 00:00:00+11:00,Energy,0.34560330195783223,0.41532323320539793,0.4615384615384615,0.48322139475873116,0.6101083131535563,0.5031750154631018,0.5118577052255522,0.6406948578500513,0.37263157180636897,0.8026579602546121,0.3742964264370874,0.744736464269467,0.28026581014083596,0.7349546655885494,0.6111549031338961,0.6681565624179256,0.2833395261216284,0.28333952612162844,0.36189542050155693,0.36189542050155693,0.471310475221404,0.471310475221404,0.4530906612561193,0.45309066125611924,0.9333332008785725,0.9545453698797799,0.7575757438924154,0.6766973468220667,0.5775740636860751,0.8461342586045859,0.6275335540630552,0.38870215587112045,0.7298955057040916,0.5024746107216729,0.21929222384198932,0.7347760602377054,0.35948916946744314,0.36627148389968656,0.8920656680295691,0.026921225233610853,0.041783729937701734,0.0,0.0,0.6360228947986716,0.8095334830502198,0.657738129458282,0.6925435763782413,0.6360228947986715,0.8095334830502198,0.657738129458282,0.6925435763782415,0.869565266686265,0.869565266686265,0.8888889348801291,0.8888889348801291,0.869565266686265,0.8888889348801291,0.3200000576178152,0.3863636690753771,0.6423076933311244,0.5960160090018913,0.762974714601826,0.6689742948731145,0.35586456989358906,-0.12987010348082417,SELL,0.0,1.0
0.785714242949472,0.785714242949472,0.7931034084094962,0.7931034084094962,0.007026570743045802,0.0,0.0,HPR,2020-11-13 00:00:00+11:00,Energy,0.4698961362997251,0.5429408779553462,0.4615384615384615,0.48322139475873116,0.6823104654299779,0.5475198465615805,0.5632410957633167,0.7109088544790545,0.40421051504704486,0.8941484955467839,0.3846153737282254,0.8435680098255697,0.28402194884127385,0.8311799270452224,0.6097753196919307,0.7677965173858948,0.2645478517251785,0.26454785172517853,0.36544389075196027,0.36544389075196027,0.3946630044372131,0.39466300443721314,0.4714226401918039,0.47142264019180385,0.9523808510124985,0.9642856430110297,0.794871765480945,0.7309373716415448,0.6208549001803877,0.8959094810029311,0.6871473210468108,0.419424962969549,0.795385992551277,0.5630023326021185,0.20932421486053854,0.7719351866332465,0.3990288265852857,0.3393292644438626,0.9444157941772964,0.03355719023951299,0.041002187325209154,0.19775026119513667,0.1452594181608375,0.7484274895405447,0.9371865443654398,0.9101527218689791,0.7877312580300364,0.7484274895405446,0.9371865443654398,0.9101527218689791,0.7877312580300365,1.0,0.9130435111241768,1.0,0.9259259565867528,1.0,1.0,0.400000009934106,0.45454545069701446,0.6572727137169795,0.6204892744588136,0.800210773752684,0.7154342792751038,0.37899545325756023,-0.19277103350598035,SELL,0.0,1.0
0.785714242949472,0.785714242949472,0.7931034084094962,0.7931034084094962,0.0014814353316588234,0.0,0.0,HPR,2020-11-16 00:00:00+11:00,Energy,0.34560330195783223,0.41532323320539793,0.4615384615384615,0.48322139475873116,0.7292418617199115,0.47939747070510497,0.6007904888955176,0.6603652102145086,0.43157893147660153,0.8574082006939449,0.3939962345842922,0.8338985365490269,0.28777808754171175,0.8282291765663804,0.6083957362499648,0.7684977793563289,0.24128369021151388,0.2412836902115139,0.3140375666213617,0.31403756662136173,0.3808120048818909,0.38081200488189093,0.46919151770628176,0.4691915177062817,1.0,0.9642856430110297,0.9687499381543633,0.7699982284250568,0.6646595563617755,0.9010078973526209,0.7414668878456264,0.4308625373895232,0.7324289164803396,0.6154493684681219,0.20069680919593436,0.7278420580512479,0.4328652516422815,0.3172903602729207,0.8987429846656521,0.03041395481505068,0.042203398535955006,0.046001170938896635,0.02977362784274756,0.5929344182271599,0.7440446483698595,0.8120300419308364,0.7459292365768534,0.59293441822716,0.7440446483698594,0.8120300419308364,0.7459292365768535,1.0,0.9565217555620886,1.0,0.9629629782933763,1.0,1.0,0.400000009934106,0.37500001058321025,0.6266501559539873,0.5851653184438752,0.800210773752684,0.8003274590853063,0.41212408966971503,-0.036144563171994104,HOLD,0.0,0.5
0.8750000083153805,0.9999999999999999,0.8793103536867787,0.9482758842169464,0.005448285844645331,0.0,0.0,HPR,2020-11-17 00:00:00+11:00,Energy,0.5185651660476737,0.5904142658098657,0.6153846153846153,0.5838925499192348,0.7833934893759291,0.6163864704530415,0.6561264490688385,0.7854791235450562,0.4684210351918551,1.0,0.40759848527183995,0.9808023666133682,0.2941346316137794,0.9708681193052474,0.6087899018988239,0.9168368540944772,0.2550528344268752,0.25505283442687526,0.34967823268608234,0.3496782326860824,0.4190417985621793,0.4190417985621794,0.5045230528925783,0.5045230528925781,1.0,0.97297292127063,0.97297292127063,0.8403758707778461,0.716243262610427,0.9767225698374202,0.8432482447334825,0.4254651141499751,0.8068065946171493,0.6996500847736962,0.1738844752945996,0.7766146872066229,0.4890327403599908,0.27706588155226,0.9598447931752904,0.013180353694722825,0.046737593193766726,0.3903820496253346,0.09909392232837742,0.6036640224046576,0.9145812931371706,0.9530075396594819,0.8841781260873856,0.6036640224046574,0.9145812931371706,0.9530075396594819,0.8841781260873858,0.9210526651168804,0.9736842217056269,0.9210526651168804,0.9736842217056269,0.9210526651168804,0.9210526651168804,0.5600000139077485,0.4659091091891814,0.6612546318905921,0.6109332521604984,0.8239013143239994,0.8239013143239994,0.4426024351688974,-0.13043480373510563,SELL,0.0,1.0
0.9464285939988898,0.9464285939988898,0.9482758842169464,0.9482758842169464,0.0,0.0,0.0,HPR,2020-11-18 00:00:00+11:00,Energy,0.34560330195783223,0.41532323320539793,0.4615384615384615,0.48322139475873116,0.8375451170319468,0.5408869455131999,0.7114624092421593,0.7136748353926179,0.5052631389071084,0.9503644659232241,0.42213882239445844,0.9647576531143128,0.30511411653561593,0.9614564653734953,0.6091840675476825,0.9166147520383382,0.2550528344268752,0.25505283442687526,0.34967823268608234,0.3496782326860824,0.4190417985621793,0.4190417985621794,0.4990991684601449,0.49909916846014485,1.0,0.97297292127063,0.97297292127063,0.890832997713636,0.769368538121725,0.9917268969499423,0.9096339812343982,0.4563124706341536,0.7434890382355216,0.7679832560074051,0.16480612380902526,0.7315346369900292,0.5381180754736983,0.24681709758082693,0.9088219611777137,0.013180353694722825,0.046737593193766726,0.0,0.0,0.6036640224046576,0.9145812931371706,0.9530075396594819,0.9305128987083654,0.6036640224046574,0.9145812931371706,0.9530075396594819,0.9305128987083654,0.9210526651168804,0.9473684434112538,0.9210526651168804,0.9473684434112538,0.9210526651168804,0.9210526651168804,0.5600000139077485,0.4659091091891814,0.6367446932935709,0.5804703615318968,0.8239013143239994,0.8239013143239994,0.49834219165200755,-0.13043480373510563,SELL,0.0,1.0
0.9464285939988898,0.9999999999999999,0.9482758842169464,0.9999999999999999,0.016096234039144557,0.0,0.0,HPR,2020-11-19 00:00:00+11:00,Energy,0.3976171507288385,0.46989809708572317,0.5769230052828906,0.5554419606973728,0.9025270648396873,0.5218921681259354,0.7747035086865925,0.6978551091250809,0.5452631357700223,0.9592500090399657,0.4380862882960226,0.9999999999999999,0.3169604025304207,0.9999999999999999,0.6101694824040216,0.9655475696676289,0.2358138445578123,0.23581384455781232,0.3263546426666913,0.32635464266669134,0.4156432122962184,0.4156432122962185,0.5005843239857916,0.5005843239857914,1.0,0.9749999511055683,0.9749999511055683,0.9396593392839466,0.8233438058568017,1.0,0.961201380824216,0.5164516275819452,0.7425259405711662,0.8368555876929635,0.16089312562365232,0.7224073600820992,0.5897888233814055,0.21616027754960643,0.8978527498564352,0.028381801131409916,0.06013326670875049,0.535603365300309,0.2285883026736126,0.6496477212423653,0.9999999999999999,1.0,0.9781067395342627,0.6496477212423653,0.9999999999999999,1.0,0.9781067395342629,1.0,0.9473684434112538,1.0,0.9473684434112538,1.0,1.0,0.5999999900658939,0.5,0.6330049403334506,0.5682119665162146,0.8704431960495371,0.8704431960495371,0.548507972486807,-0.15789474509759638,SELL,0.0,1.0
0.9999999999999999,0.9999999999999999,0.9999999999999999,0.9999999999999999,0.002342190247681934,0.0,0.0,HPR,2020-11-20 00:00:00+11:00,Energy,0.34560330195783223,0.41532323320539793,0.4615384615384615,0.48322139475873116,0.9458483723439821,0.46793875674121765,0.837944608131026,0.6253720627459085,0.5852631326329355,0.9092686867577783,0.45309566776251575,0.9835854895650072,0.32880668852522543,0.9897867328950146,0.6111548972603602,0.9649749202092218,0.2298929447618075,0.22989294476180752,0.3263546426666913,0.3263546426666913,0.4156432122962184,0.4156432122962185,0.4990705328864722,0.49907053288647213,1.0,0.9696969081219231,0.9749999511055683,0.9721001084220147,0.8741481702306055,0.969137117333895,0.9714974250318981,0.6188522611862418,0.714858527754191,0.8937122365947257,0.1704091680514369,0.6930004029102989,0.6357475912403263,0.19041695328618424,0.8644456307227424,0.02395782446080849,0.062082493825579455,0.09232800446867541,0.032234148505946,0.5443838296512291,0.9999999999999999,1.0,0.9302610511081515,0.5443838296512291,0.9999999999999999,1.0,0.9302610511081516,1.0,0.9736842217056271,1.0,0.9736842217056269,1.0,1.0,0.5066666295793373,0.5,0.6209677479976288,0.5536561221680301,0.8708945784637622,0.8752902931709754,0.5936571752381262,-0.15789474509759638,SELL,0.0,1.0
0.9999999999999999,0.9999999999999999,0.9999999999999999,0.9999999999999999,0.0,0.0,0.0,HPR,2020-11-23 00:00:00+11:00,Energy,0.34560330195783223,0.41532323320539793,0.4615384615384615,0.48322139475873116,0.9891696798482772,0.41674628798841273,0.887351717532129,0.5724718883780742,0.6252631294958494,0.8618505091242522,0.4681050472290089,0.967492045327042,0.3406529745200304,0.9797082184610945,0.6121403121166993,0.9644026891091636,0.2298929447618075,0.22989294476180752,0.29353672999112596,0.293536729991126,0.4156432122962184,0.4156432122962185,0.4990705328864722,0.49907053288647213,1.0,0.9696969081219231,0.9749999511055683,0.9913334829908333,0.9193118423599913,0.9142354054049611,0.9822660203609118,0.6960625765919687,0.6850453653426513,0.9403299563139933,0.191368504905436,0.6702173963389413,0.6777144992659754,0.1693191613571765,0.8386453106874945,0.02255874183873079,0.062082493825579455,0.0,0.0,0.5443838296512291,0.8171318651074136,1.0,0.9302610511081515,0.5443838296512291,0.8171318651074138,1.0,0.9302610511081516,1.0,1.0,1.0,1.0,1.0,1.0,0.5066666295793373,0.5,0.6030997350407101,0.5385360269365957,0.8708945784637622,0.8752902931709754,0.6342914577143136,-0.1684210039241817,SELL,0.0,1.0
0.9999999999999999,0.9999999999999999,0.9999999999999999,0.9999999999999999,0.0,0.0,0.0,HPR,2020-11-24 00:00:00+11:00,Energy,0.34560330195783223,0.41532323320539793,0.4615384615384615,0.48322139475873116,1.0,0.4043548983398151,0.9229248368899021,0.5362364650993325,0.6652631263587626,0.8168032402968631,0.4831144266955021,0.9517103384868163,0.3524992605148354,0.9697618073092499,0.6131257269730384,0.9638308759091633,0.07130393468511009,0.0713039346851101,0.25111310138486526,0.25111310138486526,0.4156432122962184,0.4156432122962185,0.4990705328864722,0.49907053288647213,1.0,0.9696969081219231,0.9749999511055683,1.0,0.9574795636854903,0.846142756655317,0.9999999999999999,0.7414339741662831,0.6527777729751407,0.9775725956443295,0.2228056762329247,0.6517933489101903,0.7164718558086178,0.15195648935121797,0.8178734880512852,0.017413325172571038,0.062082493825579455,0.0,0.0,0.4122317703668768,0.667512478796304,1.0,0.9302610511081515,0.41223177036687675,0.667512478796304,1.0,0.9302610511081516,1.0,1.0,1.0,1.0,1.0,1.0,0.5066666295793373,0.5,0.5915021192936523,0.5273677242312331,0.8708945784637622,0.8752902931709754,0.6708623119428824,-0.1684210039241817,SELL,0.0,1.0
0.9464285939988898,0.9464285939988898,0.9482758842169464,0.9482758842169464,0.0006441023181125319,0.0,0.0,HPR,2020-11-25 00:00:00+11:00,Energy,0.2952319950496149,0.36074836932507276,0.4615384615384615,0.48322139475873116,1.0,0.34318056383208595,0.9525691054754573,0.45301487001265506,0.7021052300740162,0.7230296218101012,0.49671667738305003,0.887155021806627,0.3634787454366717,0.9133338313718321,0.613519892621897,0.914175909249687,0.11096986009843757,0.11096986009843758,0.27280027207296675,0.27280027207296675,0.429621509164263,0.42962150916426306,0.5044477251276198,0.5044477251276198,0.8000000993410707,0.9142857446962505,0.90697673209749,0.9857374101417185,0.9846617817755459,0.7392191898495739,0.9879012212070236,0.806765367173972,0.5568598848554707,0.9971203293724686,0.2682512026976299,0.6127257295831344,0.7467131393934825,0.14190366727276282,0.7791326139963075,0.018021621964778734,0.06261853128270743,0.03375351343389835,0.008789677446554296,0.37374541401431466,0.6202642675092984,0.9530075396594819,0.8841781260873856,0.37374541401431466,0.6202642675092984,0.9530075396594819,0.8841781260873858,0.9062500363797906,0.968750012126597,0.9210526651168804,0.9736842217056269,0.9062500363797905,0.9210526651168804,0.5333332472377472,0.5340908908108187,0.5591066683452524,0.5045149907929358,0.9882946741519899,0.8666552445428893,0.7037760807485941,-0.14130430997460242,SELL,0.0,1.0
0.8750000083153805,0.8750000083153805,0.8793103536867787,0.8793103536867787,0.004684380495363868,0.0,0.0,HPR,2020-11-26 00:00:00+11:00,Energy,0.2762514605372074,0.3397209330263137,0.4615384615384615,0.48322139475873116,0.974729244013512,0.28862792634480594,0.9743082347898999,0.36164166752269167,0.7347368069781507,0.6196291342093204,0.5084427552004553,0.8087701314908439,0.3733024948769754,0.8427749773634258,0.6131257255046543,0.8484858212293841,0.10258861879096584,0.10258861879096585,0.30192028467213194,0.301920284672132,0.4499787711051072,0.44997877110510726,0.5133192424872973,0.5133192424872972,0.2999999254941784,0.820512825411296,0.8297872138055764,0.9488224561737556,0.997731894090701,0.6018639269860594,0.9473151988194292,0.887149463616527,0.38929818054477877,0.9991815267267317,0.32554955627461,0.5670059711745964,0.7685336600399912,0.13818286193307305,0.7385494857112201,0.00724415119869307,0.06651698551636537,0.6106870229007635,0.060232773584609475,0.2867797205273825,0.557266613345872,0.8903508869697607,0.8227341879102863,0.28677972052738254,0.5572666133458721,0.8903508869697607,0.8227341879102863,0.7200000119209297,0.8754166827669069,0.8157894865834157,0.9122807172334321,0.7200000119209297,0.8157894865834155,0.586666581895628,0.5795454401138043,0.5149812769290002,0.476980507795771,0.9138790113051812,0.8109976521695303,0.7333984726737347,-0.10227268109144239,SELL,0.0,1.0
0.8750000083153805,0.8750000083153805,0.8793103536867787,0.8793103536867787,0.0,0.0,0.0,HPR,2020-11-27 00:00:00+11:00,Energy,0.34560330195783223,0.41532323320539793,0.4615384615384615,0.48322139475873116,0.9494584880270245,0.3164668495402927,0.9841896625599074,0.3530693583034932,0.7673683838822852,0.5897282364033015,0.5201688330178607,0.7979015285987502,0.38312624431727915,0.8353959642896237,0.6127315583874116,0.8486976472750752,0.10258861879096584,0.10258861879096585,0.2624889826024974,0.2624889826024974,0.4499787711051072,0.44997877110510726,0.5133192424872973,0.5133192424872972,0.2999999254941784,0.7812500072759582,0.8297872138055764,0.9139825736525383,1.0000000000000002,0.4967263626142988,0.9308953424659018,0.9216107023672132,0.3475954628156891,0.9929097928878128,0.39216101119035085,0.5575406560788869,0.78934216718307,0.1356397886905527,0.7309673933237287,0.0050321628633923565,0.06651698551636537,0.0,0.0,0.2867797205273825,0.4570776319247248,0.8903508869697607,0.8227341879102863,0.28677972052738254,0.45707763192472484,0.8903508869697607,0.8227341879102863,0.6111111341067312,0.7457870608024839,0.8157894865834157,0.8508772127612373,0.6111111341067312,0.8157894865834155,0.49333327107960173,0.5795454401138043,0.502917158539702,0.47116570834125215,0.9082357314155268,0.8109976521695303,0.7600586254063612,-0.10227268109144239,SELL,0.0,1.0
0.9285714143164906,0.9285714143164906,0.9310344694698321,0.9310344694698321,0.0011582130774787165,0.0,0.0,HPR,2020-11-30 00:00:00+11:00,Energy,0.39998141698241024,0.4723376446606897,0.4615384615384615,0.48322139475873116,0.9350180521922593,0.39635999361584706,0.9999999411021323,0.39227308197826694,0.7957894300539426,0.6158989843457273,0.5333020396142116,0.8352776011885806,0.3938167948305511,0.8740034714150938,0.6129286404776488,0.8980289154280056,0.14899230348143966,0.1489923034814397,0.26809310659420055,0.26809310659420055,0.3960307169167239,0.396030716916724,0.5153563181280091,0.5153563181280092,0.2999999254941784,0.75,0.8399999761581424,0.8957169612501192,0.9975217451934932,0.4505293149047988,0.9004319763959562,0.9810408283190465,0.4169730718747163,1.0,0.43614822284570187,0.5778888022495325,0.8138308849917266,0.13141460686954898,0.7449651075741686,0.006125991095198559,0.06484776487486889,0.17855208521393753,0.015270190893619834,0.3240507187984151,0.5009103112964767,0.7814359423198454,0.868817112931052,0.3240507187984152,0.5009103112964768,0.7814359423198454,0.8688171129310522,0.7777777317865376,0.7029629592713995,0.8749999708961675,0.8355263146876664,0.7777777317865375,0.8749999708961675,0.39999996026357565,0.6136363309246229,0.5319499210871661,0.48359813878300717,0.8611270267039975,0.8140509351636525,0.7840527628657251,-0.1318680742860563,SELL,0.0,1.0
0.8750000083153805,0.8750000083153805,0.8793103536867787,0.8793103536867787,0.0005269928057284351,0.0,0.0,HPR,2020-12-01 00:00:00+11:00,Energy,0.29301787126115325,0.35830882175010603,0.4615384615384615,0.48322139475873116,0.9097472962057715,0.36197535248826673,0.9920948018310198,0.34627867412139257,0.8210525830779402,0.5429547453811873,0.5450281174316174,0.7753831503590668,0.40190694212491795,0.8215063272084285,0.6119432241529261,0.8491214850841226,0.15545592347091858,0.15545592347091858,0.15470463903276632,0.15470463903276632,0.40855333255451826,0.40855333255451837,0.5208220918945548,0.5208220918945548,0.2307691866829434,0.6774193780975493,0.7608695476120483,0.8615421108418083,0.987507451625417,0.37717990826372516,0.9045893577971206,0.9626657452311383,0.27692057449715307,0.9951507502826566,0.4877113499088095,0.5365893521861228,0.8326633583472889,0.13117114564679289,0.7161974330630699,0.0066236884706412195,0.0652863409761554,0.07513775254633495,0.0069020292772411646,0.2867797205273825,0.3312967966138514,0.7395832842950835,0.8227341879102863,0.28677972052738254,0.3312967966138514,0.7395832842950834,0.8227341879102863,0.6111111341067312,0.6666666666666667,0.7812500072759582,0.8240131549185138,0.6111111341067312,0.7812500072759581,0.439999936421721,0.5681817392887965,0.4752791178028344,0.459900693405079,0.8495228531572739,0.8022098911581631,0.8056474865791524,-0.125,SELL,0.0,1.0
0.8750000083153805,0.8750000083153805,0.8793103536867787,0.8793103536867787,0.0,0.0,0.0,HPR,2020-12-02 00:00:00+11:00,Energy,0.34560330195783223,0.41532323320539793,0.4615384615384615,0.48322139475873116,0.8953068603710066,0.37908423647139,0.9841896625599074,0.3530693583034932,0.8463157361019374,0.5219193575647348,0.5567541952490227,0.7650006571024185,0.40999708941928503,0.8156093015068974,0.6109578078282034,0.8496516300557503,0.15031949446818363,0.15031949446818363,0.15470463903276632,0.15470463903276632,0.40855333255451826,0.40855333255451837,0.5208220918945548,0.5208220918945548,0.2307691866829434,0.6774193780975493,0.7608695476120483,0.8298436809172917,0.9720463293308035,0.3241650993160271,0.9058600416010586,0.9472466131167324,0.314134547211273,0.983458668594275,0.546922204537762,0.5265414303795322,0.8506672174854628,0.13189198535152624,0.7102916151480286,0.006015391678433523,0.0652863409761554,0.0,0.0,0.3224302403502507,0.3312967966138514,0.7395832842950835,0.8227341879102863,0.32243024035025064,0.3312967966138514,0.7395832842950834,0.8227341879102863,0.4166668218870704,0.6018518959267798,0.7812500072759582,0.8124999951493613,0.4166668218870704,0.7812500072759581,0.439999936421721,0.5681817392887965,0.4520202179841025,0.4549774283397039,0.8495228531572739,0.8022098911581631,0.8250827379212374,-0.125,SELL,0.0,1.0
0.785714242949472,0.785714242949472,0.7931034084094962,0.7931034084094962,0.013826417470115994,0.0,0.0,HPR,2020-12-03 00:00:00+11:00,Energy,0.2549730202171545,0.31583450078001457,0.4615384615384615,0.48322139475873116,0.8772563088531997,0.2910379686681679,0.9604742447465697,0.2839788946795887,0.8673683623148162,0.42274485449385113,0.5661350561050895,0.6761899867054971,0.4166425668235545,0.7341686317531565,0.6089869751787576,0.7681971562346445,0.17037941609235335,0.17037941609235338,0.16393142246585163,0.16393142246585163,0.43142904743377464,0.4314290474337747,0.5342878713042867,0.5342878713042867,0.16666659767980632,0.5,0.6862744525137967,0.7761942343252741,0.9470688698281966,0.2315411479687675,0.9090707441812494,0.9016049922762744,0.17949137809766302,0.955110054678534,0.6170582519869379,0.4478085741965529,0.8618847044222864,0.1361759013185988,0.6706187879806578,0.014649224548779264,0.06704688290807534,0.8913585093692906,0.17639820371678216,0.30668578659160534,0.2308393230424693,0.6882085683196983,0.7459292365768534,0.3066857865916053,0.23083932304246937,0.6882085683196982,0.7459292365768535,0.0,0.342592651997934,0.6249999126885026,0.7291666424134731,0.0,0.6249999126885026,0.4266666772630464,0.6249999470839488,0.3459595640317982,0.40872942293084014,0.5842430942975319,0.6797185523722592,0.9999999999999999,-0.07228912634398832,SELL,0.0,1.0
0.785714242949472,0.785714242949472,0.7413792926264428,0.7413792926264428,0.02254346402442623,0.0,0.0,HPR,2020-12-04 00:00:00+11:00,Energy,0.2879493949895826,0.3527111063236483,0.34615391779403243,0.40316967991347646,0.8483754371836698,0.2578209594884111,0.9308299761610146,0.25436146319736763,0.8852630953800343,0.3605726176015219,0.5741087881822107,0.6215545186373009,0.42242124315485596,0.6844138348606358,0.6064248933218317,0.7199442059245799,0.17453690884822606,0.17453690884822606,0.16721922675262688,0.1672192267526269,0.4433284407346744,0.44332844073467453,0.5400813624235303,0.5400813624235303,0.16666659767980632,0.4545454750704701,0.6603773452285845,0.7156590890299044,0.9128600804980758,0.14169121662165585,0.9100426617085057,0.8476673997214036,0.17654053458349428,0.9149512197098646,0.6946257775676947,0.37357763189033827,0.8697390320095031,0.14177295696205727,0.6464634933452662,0.03593950167663186,0.08580809644619837,0.5923902841333978,0.2254370260350559,0.26645005010861095,0.19254340414732987,0.6456915810541672,0.6998463115560873,0.2664500501086109,0.19254340414732996,0.6456915810541674,0.6998463115560876,0.0,0.13888894062902354,0.5312499490682933,0.6458332896775848,0.0,0.5312499490682931,0.46666665342119185,0.6477271794026007,0.3155105825872778,0.37924594998903893,0.4013097092233003,0.594016989731265,0.9958620681681899,-0.03749998370185459,HOLD,0.0,0.5
0.7321428369483617,0.7321428369483617,0.7413792926264428,0.7413792926264428,0.0,0.0,0.0,HPR,2020-12-07 00:00:00+11:00,Energy,0.34560330195783223,0.41532323320539793,0.4615384615384615,0.48322139475873116,0.8086642453624169,0.3048309744074522,0.9011857075754592,0.2794723155045633,0.8957894084864738,0.35309353385036346,0.5820825202593323,0.6153468653233799,0.42819991948615743,0.6806630448307044,0.6038628114649054,0.721203156801245,0.1210067203741381,0.12100672037413811,0.16721922675262688,0.1672192267526269,0.38952842208057914,0.3895284220805792,0.5400813624235303,0.5400813624235303,0.21428563825937402,0.249999922389774,0.6603773452285845,0.6649704910014292,0.8735803387517701,0.09233486873116242,0.890674649933218,0.814557701948648,0.24183502412528324,0.8929418274002168,0.7384504971280346,0.3485348061815322,0.8772875748719284,0.14772586999673754,0.6438764979270429,0.034845673444825656,0.08180535856179007,0.0,0.0,0.2310779741520067,0.19254340414732987,0.5323129111374298,0.6998463115560873,0.23107797415200668,0.19254340414732996,0.5323129111374297,0.6998463115560876,0.0,0.0,0.3999999403953517,0.5187499340507159,0.0,0.3999999403953517,0.3066666494475494,0.6477271794026007,0.3399014744575837,0.3524197473427166,0.34523733365121784,0.594016989731265,0.9856827571465202,-0.03749998370185459,HOLD,0.0,0.5
0.7321428369483617,0.8214286023142702,0.7413792926264428,0.8275862379037252,0.060311398877809806,0.0,0.0,HPR,2020-12-08 00:00:00+11:00,Energy,0.44529661356069855,0.5184319136645624,0.6538462254863401,0.6216442870148748,0.7978339252106941,0.4337657052634878,0.8814228667599115,0.3906846281488867,0.9042104621087116,0.4276227208213158,0.5961538150380761,0.6836941330564251,0.4354232657075561,0.7518803109779953,0.6022861459327027,0.8047007307710471,0.22212849071513155,0.22212849071513155,0.23471576346838152,0.23471576346838158,0.35636825286999174,0.3563682528699918,0.48874463692536074,0.4887446369253607,0.4210526728563995,0.3793103536867786,0.6470588321229306,0.6468265400194089,0.8378923983901166,0.12729441560615062,0.8466792692114878,0.8243136580140359,0.44550890987190866,0.8856135272430106,0.7620219610626877,0.4354660205690121,0.8875214878370208,0.16182356883336346,0.6754464552423682,0.09130667570337635,0.1122773336951099,0.6238167165921923,0.4621655491940811,0.33350967753132027,0.2563699990452202,0.49752631159717053,0.9665688930091036,0.3335096775313203,0.25636999904522023,0.4975263115971704,0.9665688930091039,0.3333334989017845,0.11111116630059492,0.44444453642692494,0.45856480863018995,0.33333349890178443,0.44444453642692494,0.3733333426051656,0.6249999470839488,0.4111111304931336,0.37741417114192255,0.6629324426415414,0.7372722802599984,0.975910618565717,-0.09411766149593459,SELL,0.0,1.0
0.8214286023142702,0.8214286023142702,0.8275862379037252,0.8275862379037252,0.007026570743045802,0.0,0.0,HPR,2020-12-09 00:00:00+11:00,Energy,0.34560330195783223,0.41532323320539793,0.4615384615384615,0.48322139475873116,0.787003605058971,0.4480509211386261,0.8675888767165814,0.40375054148321277,0.9126315157309494,0.42138835837478117,0.6078798946028034,0.6742707187922613,0.4426466119289547,0.7469707148725998,0.6007094804004995,0.8055261261636965,0.22212849071513155,0.22212849071513155,0.23008071905187577,0.23008071905187577,0.35636825286999174,0.3563682528699918,0.46518581399680015,0.4651858139968001,0.3125001164153028,0.3076923517785825,0.5909091063028525,0.6301348326783851,0.8054192018832967,0.15858400443596915,0.8172627932702038,0.8297294201779041,0.47141698946464994,0.8762100584075496,0.7879126876610505,0.4222315137315553,0.8985943862516925,0.1706103267782514,0.6715575482004645,0.0979426407092785,0.11812501504559682,0.06775350822019438,0.051200928153064276,0.33350967753132027,0.29175209832782084,0.49752631159717053,0.8419354898823442,0.3335096775313203,0.2917520983278209,0.4975263115971704,0.8419354898823443,0.3333334989017845,0.22222233260118973,0.44444453642692494,0.4296296710830672,0.33333349890178443,0.44444453642692494,0.3333333664470202,0.5113636161593259,0.4457728761284595,0.392325515615007,0.6302420050515347,0.7099688340470725,0.9665293655281461,-0.15294122184436576,SELL,0.0,1.0
0.7321428369483617,0.7321428369483617,0.724138006337618,0.724138006337618,0.028363923899428222,0.0,0.0,HPR,2020-12-10 00:00:00+11:00,Energy,0.2330086185248998,0.2908210356743349,0.423077137997482,0.45553698132036036,0.7725631961216095,0.3262292881897342,0.8498023243999282,0.3059523480671613,0.9147367830578669,0.3238472261279627,0.6167917166096395,0.5733732842204412,0.4481363560044165,0.6528244110225888,0.597950316453336,0.7075466411776848,0.24206862481451555,0.24206862481451558,0.2567437516157128,0.25674375161571283,0.3892347745360695,0.3892347745360696,0.48651879156190436,0.4865187915619043,0.26315801856919835,0.250000058207665,0.5200000417232539,0.585668209378031,0.768990207672113,0.12008162625197227,0.8163370728692924,0.7989119499381304,0.25641040839106166,0.8714728729293397,0.7970523880388183,0.27688730684437984,0.9035983490555937,0.18125833360865762,0.626300100942403,0.11167200990882295,0.14173015543039572,0.23987346724122738,0.17249470096451672,0.31686604808159813,0.2599965391036238,0.42795305821212803,0.74516134361917,0.3168660480815982,0.25999653910362386,0.42795305821212815,0.74516134361917,0.0,0.22222233260118973,0.11111134106731228,0.33333347130705415,0.0,0.11111134106731224,0.41333331876331103,0.5795453977809633,0.37280004322528976,0.31003984279839214,0.49943025504600985,0.5981601188564725,0.9575233626120782,-0.08860767611592013,SELL,0.0,1.0
0.7142857903120495,0.7142857903120495,0.724138006337618,0.724138006337618,0.0,0.0,0.0,HPR,2020-12-11 00:00:00+11:00,Energy,0.34560330195783223,0.41532323320539793,0.4615384615384615,0.48322139475873116,0.768953107335971,0.3307857891540884,0.832015772083275,0.3222021994888664,0.9105262640894639,0.326731163120234,0.6257035386164755,0.5668678753410684,0.45420396782064465,0.6490401100514721,0.5951911525061728,0.7088940592964644,0.23032475488316853,0.23032475488316853,0.2567437516157128,0.25674375161571283,0.3533264186945479,0.35332641869454795,0.48651879156190436,0.4865187915619043,0.26315801856919835,0.250000058207665,0.5200000417232539,0.5490502867551127,0.7312411577262035,0.10723332385614959,0.8069811093933538,0.7767269686879991,0.3034108356879934,0.8768720902044094,0.7833275140231681,0.290798815806005,0.9082151438882264,0.1923569076945536,0.6238057339065082,0.09038173278097035,0.1358824740799088,0.0,0.0,0.3589923836668923,0.2599965391036238,0.36173272713295146,0.74516134361917,0.3589923836668923,0.25999653910362386,0.3617327271329515,0.74516134361917,0.0,0.11111116630059492,0.0,0.18518529249807913,0.0,0.0,0.41333331876331103,0.5795453977809633,0.38603537346946737,0.30127304302646507,0.49943025504600985,0.5981601188564725,0.9435202412356104,-0.08860767611592013,SELL,0.0,1.0
0.7321428369483617,0.7321428369483617,0.7413792926264428,0.7413792926264428,0.023421902476819342,0.0,0.0,HPR,2020-12-14 00:00:00+11:00,Energy,0.3657942306805047,0.4367167502772966,0.4615384615384615,0.48322139475873116,0.768953107335971,0.3543757741802882,0.8102766427688324,0.362158957583792,0.9073683709418038,0.3449652530273756,0.6350844012198642,0.575562757505277,0.4605605118927121,0.6600768051890623,0.592629070649247,0.7267516056902871,0.23250889713089265,0.23250889713089268,0.24206823322294557,0.24206823322294563,0.3545397772089381,0.3545397772089381,0.48648596312741954,0.4864859631274195,0.4,0.27272721115221216,0.4666666777045652,0.523849393982499,0.6951192656123868,0.12307069747795701,0.7639697110548488,0.7819458385606531,0.3679322623461592,0.8800382831569484,0.7740209610717295,0.3213830175201984,0.9131788668141814,0.20391865330230663,0.6283640558439417,0.11250161613397748,0.15414185909680422,0.19661816751867875,0.13104288302513947,0.37374541401431466,0.2374324211073295,0.37248998431427544,0.7612902878825982,0.37374541401431466,0.23743242110732946,0.3724899843142754,0.7612902878825984,0.07692268014648992,0.0256408933821634,0.06249967985776838,0.05787034030836027,0.07692268014648984,0.062499679857768276,0.42666657792198565,0.5227271899858108,0.4136721939177808,0.3212513947945278,0.5697196169544307,0.6314480512661054,0.9303573071417309,-0.03749998370185459,HOLD,0.0,0.5
0.7321428369483617,0.7321428369483617,0.7413792926264428,0.7413792926264428,0.0,0.0,0.0,HPR,2020-12-15 00:00:00+11:00,Energy,0.34560330195783223,0.41532323320539793,0.4615384615384615,0.48322139475873116,0.7509025558181639,0.3777902901488188,0.7944663642266074,0.3774873998975057,0.894736790508447,0.3538375598536164,0.6444652638232529,0.5687780424312977,0.46691705596477995,0.6561145381864436,0.5900669887923216,0.7280235664958316,0.1634834534560567,0.16348345345605672,0.23800049093625847,0.23800049093625852,0.2665943806110067,0.26659438061100676,0.48648596312741954,0.4864859631274195,0.5,0.2999999254941784,0.4666666777045652,0.5030301926031138,0.6613288741542221,0.1457635464780746,0.7347145248363022,0.7836669440169538,0.39379330851717675,0.8741431155650397,0.7575378075149541,0.3376856744923129,0.9177066129391065,0.21598776750786364,0.6257552359553179,0.05554291649998413,0.14960766443899248,0.0,0.0,0.3043189773184343,0.27377719894601804,0.2883022683860478,0.7612902878825982,0.30431897731843427,0.27377719894601804,0.2883022683860478,0.7612902878825984,0.08333291941199993,0.053418533186163374,0.06249967985776838,0.041666453238512306,0.08333291941199983,0.062499679857768276,0.3866666017638402,0.5227271899858108,0.4233333111944669,0.32643712439827516,0.5722608799177235,0.6314480512661054,0.9179841490934842,-0.0500000093132259,SELL,0.0,1.0
0.7321428369483617,0.7321428369483617,0.7413792926264428,0.7413792926264428,0.0,0.0,0.0,HPR,2020-12-16 00:00:00+11:00,Energy,0.34560330195783223,0.41532323320539793,0.4615384615384615,0.48322139475873116,0.7328520043003566,0.40179311085144076,0.7786560856843823,0.3931182529610826,0.8821052100750902,0.36283323597310024,0.6538461264266415,0.5620673155246813,0.4732736000368478,0.6521783934114697,0.5875049069353953,0.7292979656255646,0.1634834534560567,0.16348345345605672,0.23800049093625847,0.23800049093625852,0.2665943806110067,0.26659438061100676,0.48648596312741954,0.4864859631274195,0.5,0.3461537800244149,0.3333332643464587,0.4858811961770912,0.630266245808346,0.1723132779847782,0.6929413081053234,0.7982063940463414,0.4170936814327789,0.8659991668084579,0.7435679504669068,0.3518727307484084,0.9217911739729854,0.22857263896857938,0.6231581928958485,0.048906951494081995,0.14960766443899248,0.0,0.0,0.3043189773184343,0.27377719894601804,0.2883022683860478,0.7612902878825982,0.30431897731843427,0.27377719894601804,0.2883022683860478,0.7612902878825984,0.08333291941199993,0.08119617299016335,0.06249967985776838,0.06249967985776838,0.08333291941199983,0.062499679857768276,0.3333332671059594,0.38636354207685425,0.43136270691429324,0.3363704129610838,0.5905867357454234,0.6192418492282036,0.9063533805281324,-0.0500000093132259,SELL,0.0,1.0
0.6607142512648524,0.6607142512648524,0.5689655305301679,0.5689655305301679,0.046843804953638685,0.0,0.0,HPR,2020-12-17 00:00:00+11:00,Energy,0.1462168273066309,0.18821690128626167,0.23076937404960335,0.3083715975766994,0.7003610169477847,0.1991298732428599,0.7529643940966166,0.21590223212974058,0.8557894233876341,0.21672913460606347,0.6608817738160138,0.40470070369825495,0.47558507099991343,0.5021632524638374,0.583563243104888,0.5646596624999553,0.2815300940777168,0.28153009407771684,0.33242342409368114,0.33242342409368114,0.3463770627643694,0.34637706276436947,0.5180670850234071,0.518067085023407,0.05882324582548108,0.24999994825984403,0.26086950888028443,0.4232982468289247,0.5907080515057523,0.08962464782763219,0.7316574044135914,0.7126781153577227,0.08050651841663442,0.8671399572587017,0.6942268451100064,0.1987721885195205,0.9184830948003184,0.24542613514043554,0.5474776982946704,0.06635953945960461,0.1751965332605882,0.6666666666666667,0.23076412958265613,0.23928664593057714,0.19408144683452666,0.16979951801523713,0.7026392765743472,0.2392866459305771,0.19408144683452672,0.16979951801523713,0.7026392765743474,0.0,0.05555527960800004,0.0,0.041666453238512306,0.0,0.0,0.46666655408013097,0.4999998730014772,0.3025092877791724,0.25615059529655243,0.46797261911462623,0.5060556545093183,0.8954204580767017,0.08571424618059287,BUY,0.0,0.0
0.553571439262632,0.553571439262632,0.4827585852528856,0.5172414147471144,0.011779460303154368,0.0,0.0,HPR,2020-12-18 00:00:00+11:00,Energy,0.27724224373125816,0.3408250192871671,0.34615391779403243,0.38830293688757156,0.6570397094434899,0.1776690638788876,0.727272702508851,0.17747239898018008,0.8263157435525178,0.18568375993858843,0.6665102924264399,0.3556706077205024,0.4770297408900106,0.45684179494887,0.5790303300669004,0.5165775042983857,0.2766422561030463,0.2766422561030463,0.3348290743142671,0.33482907431426717,0.3496185100681232,0.3496185100681233,0.5257987495944194,0.5257987495944194,0.04999975785598992,0.16666663217322936,0.19565213166021322,0.3597855250812302,0.5441348916034435,0.021346925190298405,0.7662926533692939,0.6313285856714655,0.14918803370588063,0.8672250960010419,0.6402976305578547,0.1984884696347426,0.914554492188828,0.26040102470067517,0.5225717260562491,0.07748418179491573,0.18305045662107133,0.14357287124331808,0.05555202108243268,0.19446709367286888,0.18695863817156755,0.1416040414423777,0.6498533795064468,0.19446709367286893,0.18695863817156752,0.1416040414423777,0.6498533795064468,0.0869566907503965,0.056763203387465565,0.06666679912142758,0.043055492993065374,0.08695669075039647,0.06666679912142748,0.49333327107960173,0.5227271899858108,0.24584102291384408,0.2269737904454117,0.4427410908957116,0.44127391527735543,0.8693040638729789,0.07462679264300776,BUY,0.0,0.0
0.5000000332615216,0.5000000332615216,0.5172414147471144,0.5172414147471144,0.0,0.0,0.0,HPR,2020-12-21 00:00:00+11:00,Energy,0.34560330195783223,0.41532323320539793,0.4615384615384615,0.48322139475873116,0.6101083131535563,0.23875841497622852,0.7015810109210856,0.20078756356313465,0.7968420637174015,0.20484501864751536,0.6697935958228496,0.35374638232909084,0.47847441078010755,0.4560985111862159,0.5744974170289128,0.5184829138626718,0.26586665367105644,0.26586665367105644,0.3348290743142671,0.33482907431426717,0.3496185100681232,0.3496185100681233,0.500466222256114,0.500466222256114,0.07142822930985758,0.18181814076814148,0.19565213166021322,0.31081960720182095,0.4953685134729135,0.0,0.7784802531047145,0.5729652359817824,0.23502114203467478,0.8562039286608498,0.5987811134884979,0.23537099068522688,0.9130993423109721,0.26816285983444454,0.5210903799820639,0.0553642984419086,0.18305045662107133,0.0,0.0,0.18195503022468326,0.18695863817156755,0.1416040414423777,0.5516129309221702,0.1819550302246832,0.18695863817156752,0.1416040414423777,0.5516129309221703,0.0869566907503965,0.0579711271669311,0.06666679912142758,0.04444453274761843,0.08695669075039647,0.06666679912142748,0.4533332949214564,0.5227271899858108,0.3041438827332839,0.2433863776110342,0.4439569768596967,0.4341738866537179,0.8306495160109698,0.07462679264300776,BUY,0.0,0.0
0.5000000332615216,0.5000000332615216,0.5172414147471144,0.5172414147471144,0.0,0.0,0.0,HPR,2020-12-22 00:00:00+11:00,Energy,0.34560330195783223,0.41532323320539793,0.4615384615384615,0.48322139475873116,0.5631769168636227,0.30437290194319133,0.6660078915633127,0.2343973724865982,0.7673683838822852,0.22466987066437583,0.6730768992192593,0.35182942012643614,0.4799190806702047,0.4553563372998658,0.5699645039909247,0.5203948284623529,0.26586665367105644,0.26586665367105644,0.28296561727177627,0.2829656172717763,0.3496185100681232,0.3496185100681233,0.500466222256114,0.500466222256114,0.07142822930985758,0.18181814076814148,0.19565213166021322,0.273808774037866,0.4476572155175582,0.010269255142699107,0.7504973433711447,0.5380886456637753,0.2845898956727299,0.8356902107184228,0.5678737186682556,0.2612396839658108,0.9115565086708752,0.27602673706630987,0.5195756153238039,0.0553642984419086,0.18305045662107133,0.0,0.0,0.18195503022468326,0.12721506664889526,0.1416040414423777,0.5516129309221702,0.1819550302246832,0.12721506664889526,0.1416040414423777,0.5516129309221703,0.10000018626448438,0.09130452258842589,0.06666679912142758,0.06666679912142758,0.10000018626448437,0.06666679912142748,0.4533332949214564,0.5227271899858108,0.3566754049113036,0.261523522408633,0.4439569768596967,0.4341738866537179,0.7958604229351612,0.17910450250806553,BUY,0.0,0.0
0.5000000332615216,0.5000000332615216,0.5172414147471144,0.5172414147471144,0.0,0.0,0.0,HPR,2020-12-23 00:00:00+11:00,Energy,0.34560330195783223,0.41532323320539793,0.4615384615384615,0.48322139475873116,0.5162455205736893,0.37503465569203276,0.6304347722055399,0.2696511393646257,0.7410525971948291,0.24295991624372337,0.6763602026156688,0.3499196800665133,0.4813637505603019,0.45461527080576214,0.5654315909529375,0.5223132814665076,0.26586665367105644,0.26586665367105644,0.28296561727177627,0.2829656172717763,0.3495908059656223,0.3495908059656223,0.500466222256114,0.500466222256114,0.0,0.21428569527912417,0.19565213166021322,0.2465862361139611,0.4030904028993531,0.04087500717886333,0.7038664667848661,0.5223073966191526,0.31876883992850336,0.8183292516747138,0.5392106513254606,0.2844646701913889,0.9099238094806914,0.28399519545485763,0.518025557239575,0.0553642984419086,0.18251441916394337,0.0,0.0,0.18195503022468326,0.12721506664889526,0.16213770420070547,0.5516129309221702,0.1819550302246832,0.12721506664889526,0.16213770420070547,0.5516129309221703,0.10000018626448438,0.09565235442645519,0.07407421715791283,0.0691359384669227,0.10000018626448437,0.07407421715791285,0.3866666017638402,0.5227271899858108,0.38702202497587795,0.27463385692910985,0.4763274469754633,0.4341738866537179,0.7645502391669335,0.17910450250806553,BUY,0.0,0.0
0.5000000332615216,0.5000000332615216,0.5172414147471144,0.5172414147471144,0.0,0.0,0.0,HPR,2020-12-24 00:00:00+11:00,Energy,0.34560330195783223,0.41532323320539793,0.4615384615384615,0.48322139475873116,0.5054152004219665,0.39212003143826935,0.606719354392202,0.2941275166751671,0.7189473373184919,0.2587734121030011,0.6796435060120785,0.34801712141199637,0.48165268496886626,0.45446718995531155,0.5608986779149494,0.5242383064728388,0.09371374251216248,0.0937137425121625,0.26191782874540076,0.2619178287454008,0.34525016585130247,0.3452501658513026,0.500466222256114,0.500466222256114,0.0,0.23999997615813357,0.20930227722715672,0.2273428188241964,0.3629144119587424,0.0836115395810979,0.6831856506969755,0.5011304644018503,0.35171996024325625,0.807669131175911,0.5107491342031398,0.3059588618664062,0.9081989402930994,0.2920709168038067,0.5164381877234226,0.011124531735894344,0.17861596493028542,0.0,0.0,0.3231633457822721,0.19981477267964062,0.19169375206868136,0.5516129309221702,0.3231633457822721,0.1998147726796407,0.19169375206868133,0.5516129309221703,0.10000018626448438,0.10000018626448438,0.07692323122503876,0.07255474916812645,0.10000018626448437,0.07692323122503875,0.34666662560569483,0.4886362991749922,0.40665236735982996,0.293503321078281,0.5388430333955099,0.4356482143110044,0.7363710737755288,0.17910450250806553,BUY,0.0,0.0
0.7321428369483617,0.7321428369483617,0.7413792926264428,0.7413792926264428,0.026935187848342243,0.0,0.0,HPR,2020-12-30 00:00:00+11:00,Energy,0.655098692932049,0.7169277790427653,0.4615384615384615,0.48322139475873116,0.5523465967118999,0.6797566439498974,0.5830039365788646,0.6156191089622274,0.6852631306722564,0.5211420923952325,0.6969981024399103,0.5321174786630195,0.4859866924864329,0.6443834413860033,0.5543949322275163,0.745989660081059,0.4242762199837351,0.4242762199837352,0.5229806678747382,0.5229806678747383,0.5435557434271846,0.5435557434271846,0.5525392305442132,0.5525392305442132,0.8125000291038393,0.42424234898399993,0.4230768900122075,0.2700690727620162,0.3127009630962662,0.3279636382337434,0.6537096327807038,0.48895973547779603,0.7516793495673317,0.7618823330783433,0.500397011005087,0.5350539751304542,0.9013924480469566,0.3320678097305749,0.6137507325589441,0.025437755256541433,0.2000681839645467,1.0,0.11627436723460687,0.6027488465222531,0.38402309373201393,0.2968341265877531,0.8292019679173391,0.602748846522253,0.38402309373201393,0.29683412658775304,0.8292019679173391,0.7499999068677577,0.31666675979890896,0.5769230879446456,0.24358985013157441,0.7499999068677579,0.5769230879446456,0.45333319558039553,0.5909089716074483,0.5660780973200598,0.44520926801440536,0.41893253557728644,0.5083642730088151,0.4827585852528856,0.0,HOLD,0.0,0.5
0.7678571963131599,0.7678571963131599,0.7413792926264428,0.7413792926264428,0.03541684428276045,0.0,0.0,HPR,2020-12-31 00:00:00+11:00,Energy,0.34560330195783223,0.41532323320539793,0.384615241335012,0.4292026273032219,0.5992779930018335,0.6000789140488865,0.5830039365788646,0.6156191089622274,0.6768420770500189,0.5287772726967935,0.7077860938222449,0.5248576336642555,0.4900317655954354,0.6419245988872063,0.5524240995780705,0.7469964264804333,0.4242762199837351,0.4242762199837352,0.5229806678747382,0.5229806678747383,0.540082709320299,0.5400827093202991,0.5525392305442132,0.5525392305442132,1.0,0.42424234898399993,0.38775507411276866,0.3153683079538687,0.31129039518801505,0.4609212731926016,0.6537096327807038,0.48895973547779603,0.7516793495673317,0.7409274281755667,0.5084355950597992,0.5448850070055294,0.9003708829263937,0.3531956840904813,0.6107323160551866,0.058885783871707335,0.22910435840361032,0.5680142743109359,0.13359396414568384,0.6027488465222531,0.38402309373201393,0.32359307014261285,0.8292019679173391,0.602748846522253,0.38402309373201393,0.32359307014261285,0.8292019679173391,0.8823527349320814,0.5774509426881079,0.652173884874934,0.43534006801487274,0.8823527349320814,0.6521738848749339,0.47999991257986635,0.5795453977809633,0.5809898757870328,0.4589230809577388,0.5176450851448096,0.5700082121648459,0.4879309994003568,0.0,HOLD,0.0,0.5
0.7678571963131599,0.7678571963131599,0.7413792926264428,0.7413792926264428,0.005855475619204836,0.0,0.0,HPR,2021-01-04 00:00:00+11:00,Energy,0.34560330195783223,0.41532323320539793,0.384615241335012,0.4292026273032219,0.6462093892917671,0.5259402762274175,0.5830039365788646,0.6156191089622274,0.6684210234277811,0.5364926650171963,0.718574085204579,0.5176855324499695,0.4940768387044372,0.6394759620781313,0.5504532669286251,0.7480046983256948,0.4242762199837351,0.4242762199837352,0.5229806678747382,0.5229806678747383,0.540082709320299,0.5400827093202991,0.5525392305442132,0.5525392305442132,1.0,0.518518426536,0.4130434430501777,0.35216010239768086,0.3188086583682881,0.5478269384980208,0.6537096327807038,0.48895973547779603,0.7516793495673317,0.718279880943927,0.5183659203486009,0.5564059985178441,0.8984905027218915,0.3753230056775838,0.6076491243759011,0.06441575470995911,0.23397742619568274,0.08584796325707172,0.021629030975359207,0.6027488465222531,0.38402309373201393,0.32359307014261285,0.8292019679173391,0.602748846522253,0.38402309373201393,0.32359307014261285,0.8292019679173391,0.8823527349320814,0.838235125577307,0.652173884874934,0.6270902858981712,0.8823527349320814,0.6521738848749339,0.4266666772630464,0.5681818239544784,0.5786268027710545,0.4642566789838876,0.6230438777370441,0.5712153447297074,0.49944824430916934,-0.062499941792337754,SELL,0.0,1.0
0.7678571963131599,0.7678571963131599,0.7413792926264428,0.7413792926264428,0.011292870279198446,0.0,0.0,HPR,2021-01-05 00:00:00+11:00,Energy,0.34560330195783223,0.41532323320539793,0.384615241335012,0.4292026273032219,0.6931407855817007,0.4567825275482398,0.6027667773944125,0.5903738349283849,0.6652631302801207,0.5394068734813101,0.7293620765869133,0.510599593844748,0.5018780515902399,0.6347821774347325,0.5484824342791792,0.7490144789960739,0.4242762199837351,0.4242762199837352,0.4250521297916908,0.4250521297916909,0.5271543325736405,0.5271543325736405,0.5525392305442132,0.5525392305442132,1.0,0.518518426536,0.4130434430501777,0.38186724332737815,0.3318049684854446,0.6011455990151895,0.6906050220275953,0.4864741033743184,0.7041241452182008,0.7113244931898552,0.5203715101046689,0.5606246108243146,0.895690694752985,0.3985203125815808,0.6044827688865689,0.0750808564686115,0.23186894722340884,0.1420480073064204,0.042091473184800846,0.6027488465222531,0.5572665764668779,0.37248998431427544,0.8292019679173391,0.602748846522253,0.5572665764668778,0.3724899843142754,0.8292019679173391,0.8823527349320814,0.8823527349320814,0.7499999068677577,0.6847825588725419,0.8823527349320814,0.7499999068677579,0.45333339426251723,0.590909140938812,0.5757740454521606,0.47001541893593923,0.6230438777370441,0.5712153447297074,0.5105047994216293,-0.062499941792337754,SELL,0.0,1.0
0.7142857903120495,0.7321428369483617,0.724138006337618,0.7413792926264428,0.0013051855155207577,0.0,0.0,HPR,2021-01-06 00:00:00+11:00,Energy,0.34560330195783223,0.41532323320539793,0.49999978507944104,0.511256241893347,0.7400721818716343,0.39212003143826935,0.6284584689821779,0.5585819648769283,0.6652631302801207,0.5394068734813101,0.7401500679692479,0.5035982744374893,0.5096792644760424,0.6301256669618726,0.5465116016297333,0.750025771880921,0.4242762199837351,0.4242762199837352,0.4044104383431702,0.40441043834317025,0.5213000551865108,0.5213000551865109,0.5525392305442132,0.5525392305442132,1.0,0.5,0.4634146385785741,0.405685186877951,0.347799651393938,0.6303292155134005,0.717780635124636,0.5045298962890644,0.6666666666542875,0.7113244931898552,0.5203715101046689,0.5606246108243146,0.8918988374942773,0.4228721182018633,0.6012109182107511,0.07631348696845783,0.21419394049613877,0.016152173913043476,0.005264373224489089,0.6027488465222531,0.6193239250716615,0.4047619161547397,0.8292019679173391,0.602748846522253,0.6193239250716613,0.4047619161547397,0.8292019679173391,0.8823527349320814,0.8823527349320814,0.7499999068677577,0.7173912328701498,0.8823527349320814,0.7499999068677579,0.45333339426251723,0.5454545069701446,0.5648855062308585,0.4609297119401911,0.5399653662172065,0.5997999590784535,0.5211190923295909,-0.062499941792337754,SELL,0.0,1.0
0.7142857903120495,0.7142857903120495,0.724138006337618,0.724138006337618,0.005569377080450487,0.0,0.0,HPR,2021-01-07 00:00:00+11:00,Energy,0.3256647584808837,0.39392971613349925,0.4615384615384615,0.48322139475873116,0.7364620930859955,0.3728223589629611,0.6521738867955158,0.5085015206048802,0.6642105044593781,0.5218756652904643,0.7504690187550296,0.482492372004908,0.5171915451060054,0.6111309498798022,0.5443436868900502,0.7342312055778407,0.0273330398612801,0.0273330398612801,0.40837994219754203,0.4083799421975421,0.5221127093144861,0.5221127093144861,0.553676110809522,0.5536761108095221,0.9285717706901424,0.481481573464,0.48717955085969233,0.41976719264580226,0.363904916260002,0.6314055264546836,0.7309641617932136,0.5333839817970117,0.61387154902144,0.7095057559576285,0.5204815434796282,0.5428145891928658,0.8865184502380754,0.44820566821247265,0.5887388716792974,0.05613539757559442,0.21882891019589057,0.09369785068475069,0.021990009655572428,0.3589923836668923,0.6012239544843185,0.3936012620044395,0.8122241322389334,0.3589923836668923,0.6012239544843185,0.39360126200443957,0.8122241322389334,0.8235295406674492,0.8627450035105375,0.7000001862644843,0.7333333333333333,0.8235295406674491,0.7000001862644845,0.46666665342119185,0.5227271899858108,0.5587424587418209,0.4545162224612097,0.5155276752801315,0.642501430495884,0.5313088135212342,-0.05063291736146469,SELL,0.0,1.0
0.7142857903120495,0.7142857903120495,0.724138006337618,0.724138006337618,0.0,0.0,0.0,HPR,2021-01-08 00:00:00+11:00,Energy,0.34560330195783223,0.41532323320539793,0.4615384615384615,0.48322139475873116,0.7328520043003566,0.37761041231851245,0.6758893046088532,0.48137753865992683,0.6578947181640576,0.5276730821611743,0.7607879695408111,0.47602980506542225,0.5247038257359684,0.6067706762828383,0.542175772150367,0.7353332661844604,0.0273330398612801,0.0273330398612801,0.40837994219754203,0.4083799421975421,0.5045065014836546,0.5045065014836546,0.553676110809522,0.5536761108095221,0.9285717706901424,0.481481573464,0.48717955085969233,0.4309113129294291,0.37940819203412995,0.6255462754482951,0.7351143108332489,0.5714881603596508,0.5884906693490739,0.6939720718308702,0.5263065280116674,0.5515777694461363,0.88000347629531,0.47485959502957553,0.5850292484809136,0.022687368960428528,0.16863631193754447,0.0,0.0,0.3589923836668923,0.6012239544843185,0.34173673468096166,0.8122241322389334,0.3589923836668923,0.6012239544843185,0.34173673468096166,0.8122241322389334,0.8235295406674492,0.8431372720889934,0.7000001862644843,0.7166667597989088,0.8235295406674491,0.7000001862644845,0.46666665342119185,0.5227271899858108,0.5602678922883332,0.455274669866488,0.5155276752801315,0.642501430495884,0.5410909458652114,-0.05063291736146469,SELL,0.0,1.0
0.7142857903120495,0.7142857903120495,0.724138006337618,0.724138006337618,0.0,0.0,0.0,HPR,2021-01-11 00:00:00+11:00,Energy,0.34560330195783223,0.41532323320539793,0.4615384615384615,0.48322139475873116,0.7292419155147181,0.3824225867183786,0.6996047224221909,0.4550978831337842,0.6515789318687376,0.5335166629137703,0.7711069203265928,0.4696398141829986,0.5322161063659312,0.6024433678303404,0.5400078574106839,0.7364371467380239,0.0273330398612801,0.0273330398612801,0.40837994219754203,0.4083799421975421,0.5045065014836546,0.5045065014836546,0.553676110809522,0.5536761108095221,0.0,0.7647061401586537,0.41176469299206736,0.4396266725598249,0.393859075148754,0.61530317830266,0.7278142633469741,0.6213172316167156,0.5624771303969547,0.6773786262111554,0.5333159296413663,0.5616080087846389,0.8722247081057923,0.5029842641278581,0.581059652550411,0.017157398122176745,0.16278863058705756,0.0,0.0,0.3589923836668923,0.6012239544843185,0.34173673468096166,0.8122241322389334,0.3589923836668923,0.6012239544843185,0.34173673468096166,0.8122241322389334,0.8235295406674492,0.8235295406674492,0.7000001862644843,0.7000001862644843,0.8235295406674491,0.7000001862644845,0.3333333664470202,0.46590898219065846,0.5529891604738986,0.4586624169747282,0.7893943601104708,0.5180959694987297,0.5504817929154299,-0.05063291736146469,SELL,0.0,1.0
0.7142857903120495,0.7142857903120495,0.724138006337618,0.724138006337618,0.0,0.0,0.0,HPR,2021-01-12 00:00:00+11:00,Energy,0.34560330195783223,0.41532323320539793,0.4615384615384615,0.48322139475873116,0.7256318267290793,0.3872590648967478,0.7233201402355283,0.4296237344149876,0.6515789318687376,0.5335166629137703,0.7814258711123745,0.4633211836163834,0.5397283869958942,0.5981486520886931,0.5378399426710008,0.7375428517504575,0.0273330398612801,0.0273330398612801,0.40837994219754203,0.4083799421975421,0.48196302436773275,0.48196302436773286,0.553676110809522,0.5536761108095221,0.0,0.9285717706901424,0.41176469299206736,0.44633983669691557,0.40699749304997285,0.6025287556004771,0.702262749211377,0.6898356316977411,0.5307338293628946,0.6773786262111554,0.5333159296413663,0.5616080087846389,0.8630185177816814,0.5327700976853342,0.5767567010599364,0.006492296363524357,0.13918349020225868,0.0,0.0,0.3589923836668923,0.6012239544843185,0.4047619161547397,0.8122241322389334,0.3589923836668923,0.6012239544843185,0.4047619161547397,0.8122241322389334,0.8000000993410707,0.8156863935586565,0.8235295406674492,0.7411766377321394,0.8000000993410707,0.8235295406674491,0.26666667328940397,0.46590898219065846,0.5465116564661944,0.46364281186424794,0.9020902445699397,0.4973080380938509,0.5594970060836394,-0.05063291736146469,SELL,0.0,1.0
0.7142857903120495,0.7142857903120495,0.724138006337618,0.724138006337618,0.0,0.0,0.0,HPR,2021-01-13 00:00:00+11:00,Energy,0.34560330195783223,0.41532323320539793,0.4615384615384615,0.48322139475873116,0.7220217379434406,0.39212003143826935,0.7470355580488659,0.4049186167180261,0.6515789318687376,0.5335166629137703,0.7917448218981562,0.4570727246271614,0.5469517332172924,0.5940495129295477,0.5356720279313176,0.7386503857486141,0.0273330398612801,0.0273330398612801,0.40837994219754203,0.4083799421975421,0.48196302436773275,0.48196302436773286,0.553676110809522,0.5536761108095221,0.0,0.9285717706901424,0.5,0.45140782585623135,0.4186992937826563,0.5885459431155128,0.6031898473373866,0.8336392358359322,0.3333333333327028,0.6773786262111554,0.5333159296413663,0.5616080087846389,0.8521726717916847,0.5644640827639857,0.5720167774933335,0.005259665863678035,0.13918349020225868,0.0,0.0,0.3589923836668923,0.6012239544843185,0.4047619161547397,0.8122241322389334,0.3589923836668923,0.6012239544843185,0.4047619161547397,0.8122241322389334,0.8000000993410707,0.8078432464498637,0.8235295406674492,0.7823530891997943,0.8000000993410707,0.8235295406674491,0.26666667328940397,0.3977272005690211,0.5407895029396079,0.46392999221597625,0.9020902445699397,0.5938157712871636,0.5681516107251207,-0.05063291736146469,SELL,0.0,1.0
0.6785714309472516,0.6785714309472516,0.6896551768433893,0.6896551768433893,0.00021103134131614227,0.0,0.0,HPR,2021-01-15 00:00:00+11:00,Energy,0.3052211436425718,0.3717112324090979,0.4615384615384615,0.48322139475873116,0.7148015065773565,0.3529351543843602,0.7391304335022204,0.3720535526476463,0.6473684129003346,0.5000337025633322,0.8048780284945072,0.4210883738036889,0.560820556842961,0.557799933685862,0.5309420313347086,0.7070822502271922,0.055358464081976,0.055358464081976005,0.03253031587196947,0.03253031587196949,0.4843388355026591,0.4843388355026592,0.5122271495398995,0.5122271495398996,0.0,0.8125000291038393,0.44827587092816024,0.4480518611476102,0.43546082903356004,0.5381645029795129,0.6083101092144158,0.8142781985656532,0.07864873425771901,0.6696767249058653,0.5342332076081828,0.5244580325441115,0.8428850366476415,0.599546177834954,0.5419402514276841,0.00019918954959382917,0.1198668443971952,1.0,0.0015155703220885858,0.3438656383021005,0.33854668959821266,0.3712797873962306,0.6352821685595611,0.34386563830210054,0.33854668959821266,0.3712797873962306,0.6352821685595611,0.6666665010982156,0.7555555665934525,0.7058822755995305,0.7843137856448097,0.6666665010982156,0.7058822755995304,0.2933333902888748,0.4090909437268699,0.485838736140096,0.44044124850222055,0.8994595051763323,0.5146674248628724,0.5844361148185319,-0.02597398199184986,HOLD,0.0,0.5
0.6785714309472516,0.6785714309472516,0.6896551768433893,0.6896551768433893,0.0,0.0,0.0,HPR,2021-01-18 00:00:00+11:00,Energy,0.34560330195783223,0.41532323320539793,0.4615384615384615,0.48322139475873116,0.7075812752112722,0.36258104773177036,0.7332015827300027,0.3780655178503123,0.6442105197526745,0.502913849212166,0.8109755877014864,0.41757107529457105,0.5674660342472306,0.5541995514612122,0.5283799494777823,0.7083649493347889,0.055358464081976,0.055358464081976005,0.03253031587196947,0.03253031587196949,0.4843388355026591,0.4843388355026592,0.5122271495398995,0.5122271495398996,0.0,0.8125000291038393,0.44827587092816024,0.442295889040599,0.43932849747448743,0.5122951469972217,0.6085583318647422,0.8034355545400754,0.19381346531521054,0.6639108323375384,0.5349093865062955,0.5283771024354736,0.8370786023922785,0.6175733061005473,0.53771386271056,0.00019918954959382917,0.1198668443971952,0.0,0.0,0.3438656383021005,0.33854668959821266,0.3712797873962306,0.6352821685595611,0.34386563830210054,0.33854668959821266,0.3712797873962306,0.6352821685595611,0.6666665010982156,0.7111110338458341,0.7058822755995305,0.7450980306221702,0.6666665010982156,0.7058822755995304,0.2933333902888748,0.4090909437268699,0.4523808989815183,0.44268987923232883,0.8994595051763323,0.5146674248628724,0.5920931551106173,-0.02597398199184986,HOLD,0.0,0.5
0.6785714309472516,0.6785714309472516,0.6896551768433893,0.6896551768433893,0.0,0.0,0.0,HPR,2021-01-19 00:00:00+11:00,Energy,0.34560330195783223,0.41532323320539793,0.4615384615384615,0.48322139475873116,0.7003610438451882,0.3723261278426364,0.7272727319577852,0.38412343435727037,0.6515789397114534,0.4962113423262634,0.8175421909996616,0.4138086745911308,0.5741115116515003,0.5506227514049752,0.5317303633666182,0.7066880792359677,0.055358464081976,0.055358464081976005,0.03253031587196947,0.03253031587196949,0.402054415681277,0.40205441568127703,0.5108748900278441,0.5108748900278441,0.0,0.8125000291038393,0.44827587092816024,0.43764069678556966,0.4413285803339221,0.49411765367639493,0.6050194620691868,0.7964708572772287,0.2560248432701153,0.6662335318157593,0.5457719922795727,0.521400535620456,0.8294249216360747,0.6386170860285212,0.5326464033590032,0.00019918954959382917,0.0808823020606157,0.0,0.0,0.3438656383021005,0.33854668959821266,0.49404762214591436,0.6537633865353216,0.34386563830210054,0.33854668959821266,0.49404762214591436,0.6537633865353216,0.0,0.4444443340654772,0.7058822755995305,0.7058822755995305,0.0,0.7058822755995304,0.2933333902888748,0.4090909437268699,0.3407403801689111,0.4450239009625545,0.8994595051763323,0.5146674248628724,0.5994439137910196,-0.02597398199184986,HOLD,0.0,0.5
0.6785714309472516,0.6785714309472516,0.6896551768433893,0.6896551768433893,0.0,0.0,0.0,HPR,2021-01-20 00:00:00+11:00,Energy,0.34560330195783223,0.41532323320539793,0.4615384615384615,0.48322139475873116,0.6931408124791039,0.3821719324993458,0.7213438811855672,0.39022783101959413,0.6621052528178929,0.48674363418142097,0.8241087942978373,0.4100724081493744,0.5807569890557704,0.5470693025819401,0.5350807772554536,0.7050154968401184,0.055358464081976,0.055358464081976005,0.03253031587196947,0.03253031587196949,0.3884813702234725,0.38848137022347257,0.5108748900278441,0.5108748900278441,0.0,0.0,0.6842105675932578,0.43390098951148576,0.442049749768347,0.4816697956122699,0.59821800323789,0.7928470202574506,0.2958758547689685,0.6630155192325771,0.5685949755204176,0.5119006881776396,0.8208318317986847,0.6607541045580918,0.5269847819730697,0.00019918954959382917,0.07107915158330358,0.0,0.0,0.3438656383021005,0.33854668959821266,0.5380241469666222,0.6537633865353216,0.34386563830210054,0.33854668959821266,0.538024146966622,0.6537633865353216,0.0,0.22222216703273862,0.7058822755995305,0.7058822755995305,0.0,0.7058822755995304,0.12000012715655783,0.29545461280224694,0.37500000000000167,0.44252716336226566,0.8360601884907713,0.7873791323083776,0.6065006421242057,-0.02597398199184986,HOLD,0.0,0.5
0.6964286106296506,0.6964286106296506,0.6896551768433893,0.6896551768433893,0.001955494637789647,0.0,0.0,HPR,2021-01-21 00:00:00+11:00,Energy,0.34560330195783223,0.41532323320539793,0.42307685143673673,0.454826914231096,0.6859205811130198,0.39212003143826935,0.7173913041877777,0.3943235261449043,0.6726315659243322,0.47739993004524217,0.8273920959469252,0.4082139903305778,0.5853799299055391,0.5446109896175105,0.538431191144289,0.7033471857229611,0.055358464081976,0.055358464081976005,0.02887169508883929,0.028871695088839293,0.3884813702234725,0.38848137022347257,0.47103031867734346,0.4710303186773434,0.0,0.0,0.8125000291038393,0.43092116029681843,0.44192637314499494,0.47344970092075866,0.5955052626327969,0.7885658457990895,0.3333333333329017,0.65715439159,0.5943719731203732,0.5013527007324231,0.8185507139844936,0.6694771577766527,0.5243033175001455,0.002045978610736394,0.0727065613031441,0.9025945945945946,0.023032087147431022,0.3438656383021005,0.3533216497041718,0.5380241469666222,0.535483838162152,0.34386563830210054,0.35332164970417185,0.538024146966622,0.5354838381621521,0.0,0.0,0.6666665010982156,0.6928103507657589,0.0,0.6666665010982156,0.10666676865682242,0.25000006349926146,0.4174454990627847,0.4429386461495882,0.21256325015040262,0.9021160968037403,0.6132751013240644,-0.02597398199184986,HOLD,0.0,0.5
0.6785714309472516,0.6785714309472516,0.6896551768433893,0.6896551768433893,0.0,0.0,0.0,HPR,2021-01-22 00:00:00+11:00,Energy,0.34560330195783223,0.41532323320539793,0.4615384615384615,0.48322139475873116,0.6859205811130198,0.39212003143826935,0.713438727189988,0.39844027887104794,0.6831578790307712,0.46817780954072796,0.8273920959469252,0.4082139903305778,0.5900028707553078,0.5421637908109299,0.5417816050331243,0.7016831295439941,0.0,0.0,0.02887169508883929,0.028871695088839293,0.3884813702234725,0.38848137022347257,0.4358201024105831,0.43582010241058305,0.0,0.0,0.8125000291038393,0.42857063530778305,0.44127525721472804,0.4683131343175225,0.59132438949483,0.7857880251364112,0.3639172365105203,0.647895232084666,0.6239466997974736,0.4889301402065853,0.8185507139844936,0.6694771577766527,0.5243033175001455,0.0018466784617257998,0.0727065613031441,0.0,0.0,0.37374541401431466,0.3533216497041718,0.5380241469666222,0.438709660139591,0.37374541401431466,0.35332164970417185,0.538024146966622,0.43870966013959106,0.0,0.0,0.6666665010982156,0.6797384259319873,0.0,0.6666665010982156,0.08000005165735162,0.25000006349926146,0.4130434757458251,0.43164822140874065,0.21256325015040262,0.9021160968037403,0.6197785821559286,-0.09090908211265569,SELL,0.0,1.0
0.5892856655813431,0.5892856655813431,0.6034482315661068,0.6034482315661068,0.0052753150948540205,0.0,0.0,HPR,2021-01-25 00:00:00+11:00,Energy,0.24202583711134334,0.30113456131580796,0.4615384615384615,0.48322139475873116,0.6678700295952127,0.29080664669002876,0.6996047224221909,0.3078152718924563,0.688421031662633,0.37246533011378735,0.8250468789855865,0.33996216054950146,0.5931811417149795,0.47045807512933047,0.544146602597237,0.6159605219856618,0.1419906613867068,0.1419906613867068,0.12170767425533179,0.12170767425533181,0.41624707473487654,0.4162470747348766,0.4515854062782336,0.45158540627823357,0.0,0.0,0.6190475176791652,0.40248747348368585,0.43462436359970946,0.4099163894123468,0.6134545579190701,0.7384204858383588,0.05750780079233575,0.6359590787892067,0.6469000732207972,0.32015198284488605,0.819713833256388,0.6637890024768747,0.4598750412796554,0.006828739789323595,0.077096805538378,0.7295607670380928,0.05863963406900723,0.2971058398169325,0.27656815400612633,0.47139298191662093,0.3758692440610173,0.2971058398169325,0.27656815400612633,0.47139298191662093,0.3758692440610173,0.0,0.0,0.3333330021964311,0.5555553347976209,0.0,0.333333002196431,0.12000002781549701,0.30681827129441386,0.20443368389612487,0.3223472623341867,0.1385785723625871,0.8459728252814445,0.7758621221206717,-0.02777773178653753,HOLD,0.0,0.5
0.5892856655813431,0.5892856655813431,0.6034482315661068,0.6034482315661068,0.0,0.0,0.0,HPR,2021-01-27 00:00:00+11:00,Energy,0.34560330195783223,0.41532323320539793,0.4615384615384615,0.48322139475873116,0.6498194780774058,0.31512185846598983,0.6857707176543937,0.32169530798242674,0.6936841842944946,0.36822323452608063,0.822701662024248,0.3412058695787722,0.5963594126746503,0.46889572438975013,0.5465116001613493,0.6148665256199938,0.1419906613867068,0.1419906613867068,0.12170767425533179,0.12170767425533181,0.41624707473487654,0.4162470747348766,0.4515854062782336,0.45158540627823357,0.0,0.0,0.6190475176791652,0.38236007749674233,0.4245733573511837,0.37682257818457265,0.6163395011459604,0.7107598746965599,0.1855859742203005,0.6211190344529669,0.6730989110446473,0.28366090776184105,0.82079795513696,0.6581927804991703,0.4623337143457766,0.006828739789323595,0.077096805538378,0.0,0.0,0.2971058398169325,0.27656815400612633,0.47139298191662093,0.3758692440610173,0.2971058398169325,0.27656815400612633,0.47139298191662093,0.3758692440610173,0.0,0.0,0.3333330021964311,0.444444168497026,0.0,0.333333002196431,0.10666676865682242,0.30681827129441386,0.2686568480115418,0.3031423134045503,0.15317362271854804,0.8459728252814445,0.7724138443095804,-0.02777773178653753,HOLD,0.0,0.5
0.5892856655813431,0.5892856655813431,0.6034482315661068,0.6034482315661068,0.0,0.0,0.0,HPR,2021-01-28 00:00:00+11:00,Energy,0.34560330195783223,0.41532323320539793,0.4615384615384615,0.48322139475873116,0.6317689265595987,0.34009423849831744,0.6719367128865967,0.3358320424797008,0.698947336926356,0.3640084720024154,0.817542187505018,0.343952926278032,0.599537683634322,0.46733820724662845,0.5488765977254619,0.6137744934878048,0.1419906613867068,0.1419906613867068,0.12170767425533179,0.12170767425533181,0.41624707473487654,0.4162470747348766,0.42825161094245656,0.4282516109424565,0.0,0.0,0.6190475176791652,0.3671282518492661,0.41295280595839945,0.36154595757921953,0.6100745765715284,0.6924686414420461,0.2525402101398685,0.6015862458392507,0.7045424823242084,0.21996913202447382,0.819798643365919,0.6498196740572562,0.4663579301852591,0.006828739789323595,0.077096805538378,0.0,0.0,0.2971058398169325,0.27656815400612633,0.47139298191662093,0.31045470757331817,0.2971058398169325,0.27656815400612633,0.47139298191662093,0.31045470757331817,0.0,0.0,0.3333330021964311,0.3333330021964311,0.0,0.333333002196431,0.09333350949814782,0.30681827129441386,0.33333333333333615,0.2830318849488366,0.2763123466381154,0.8459728252814445,0.7690345320547108,-0.02777773178653753,HOLD,0.0,0.5
0.6607142512648524,0.6785714309472516,0.6724137620962748,0.6896551768433893,0.002802430631351434,0.0,0.0,HPR,2021-01-29 00:00:00+11:00,Energy,0.4563736504757486,0.5295119050949879,0.5000000716401862,0.5123630999964643,0.6317689265595987,0.47015872084819743,0.667984135888807,0.44735052711825096,0.6957894437786959,0.45726844925007615,0.8147279299471268,0.4154179173945912,0.6035827567433245,0.5350387085187164,0.5522270116142973,0.6965223239713633,0.23238079671156794,0.23238079671156794,0.20284900191174435,0.20284900191174438,0.18122865305049238,0.1812286530504924,0.44695605868304844,0.4469560586830484,0.5,0.41666656318646184,0.6923076482214175,0.3801580371376044,0.4067185931009521,0.41397200633439135,0.5993358515589412,0.6964059989301693,0.6091089451077071,0.5970102824434675,0.7038887653293957,0.4628756983971541,0.81772335632406,0.6470333089648161,0.5328704025003596,0.007628594771368334,0.057012943940130664,0.3469322662955231,0.04193967143082895,0.37374541401431466,0.3533216497041718,0.3712797873962306,0.36875244487447906,0.37374541401431466,0.35332164970417185,0.3712797873962306,0.3687524448744791,0.7142854101806764,0.2380951367268922,0.5,0.3888886681309541,0.7142854101806764,0.5,0.16000020265576403,0.3636364790895662,0.5061727884048348,0.38910491678245557,0.48032267144298074,0.8512108449470737,0.7657228060449387,-0.09090908211265569,SELL,0.0,1.0
0.6607142512648524,0.6607142512648524,0.6724137620962748,0.6724137620962748,0.002842247865562027,0.0,0.0,HPR,2021-02-01 00:00:00+11:00,Energy,0.3248877781200611,0.3930905649122791,0.4615384615384615,0.48322139475873116,0.6281588108765568,0.44950346333747504,0.666007847389912,0.42802996833967555,0.6915789169675769,0.44269219162412166,0.8072232384665585,0.40568475214166966,0.6073388954437624,0.5191746971254866,0.5553803419445109,0.67813416672024,0.23440840567456583,0.23440840567456586,0.19757633456415125,0.19757633456415125,0.18252814156828331,0.18252814156828337,0.401077649610008,0.40107764961000786,0.45454539297044977,0.3846152523566739,0.3571428951560071,0.3860786537024176,0.4031226716333073,0.4396508960151504,0.5959304920670133,0.6963635572063805,0.5445434415384309,0.5917581378955548,0.7020681168960514,0.42299864223605277,0.8057190811714703,0.6471326700343882,0.522997344256352,0.010312842616255747,0.0299035805060525,0.2602792613087961,0.07987319650137607,0.35841747633447757,0.3682736508555935,0.3601190500921262,0.27040669666596573,0.3584174763344775,0.36827365085559344,0.36011905009212614,0.27040669666596573,0.5714281152710146,0.4285711751505638,0.399999850988468,0.41111095106163303,0.5714281152710146,0.399999850988468,0.17333356115549942,0.2272729158462915,0.48913036084023465,0.372271351326342,0.37425126224005206,0.7360076881394936,0.7624773145553622,-0.07894733488311956,SELL,0.0,1.0
0.6607142512648524,0.6607142512648524,0.6724137620962748,0.6724137620962748,0.0,0.0,0.0,HPR,2021-02-02 00:00:00+11:00,Energy,0.34560330195783223,0.41532323320539793,0.4615384615384615,0.48322139475873116,0.6425992467113215,0.42824515694173315,0.6640315588910171,0.4302014469334208,0.6873683901564579,0.44628137454076533,0.7997185469859898,0.4099779081057163,0.6116729018849665,0.5169578444694215,0.5585336722747254,0.6766079883972539,0.16131140491990428,0.1613114049199043,0.19757633456415125,0.19757633456415125,0.18252814156828331,0.18252814156828337,0.401077649610008,0.40107764961000786,0.45454539297044977,0.3846152523566739,0.3571428951560071,0.3912124381599069,0.4014524639208866,0.4583941596547368,0.5923242207824783,0.6965268472535665,0.5531953328428766,0.5858910885210358,0.7009347021420829,0.4313979052604532,0.7930799218900462,0.6479708783762321,0.5261272604459064,0.005330781288657953,0.025030512713980064,0.0,0.0,0.4393148055351237,0.3682736508555935,0.3601190500921262,0.27040669666596573,0.4393148055351237,0.36827365085559344,0.36011905009212614,0.27040669666596573,0.5714281152710146,0.6190472135742353,0.399999850988468,0.433333233992312,0.5714281152710146,0.399999850988468,0.17333356115549942,0.20454559886195778,0.49710975862853024,0.37746776951921795,0.37425126224005206,0.24050507588966752,0.759296732895577,-0.21052630804995065,SELL,0.0,1.0
0.6607142512648524,0.6607142512648524,0.6724137620962748,0.6724137620962748,0.0,0.0,0.0,HPR,2021-02-03 00:00:00+11:00,Energy,0.34560330195783223,0.41532323320539793,0.4615384615384615,0.48322139475873116,0.6570396825460867,0.40743795527791526,0.6620552703921223,0.4323787007480364,0.6831578633453391,0.4498892389590551,0.7908067267264756,0.41512108947922,0.616006908326171,0.5147502699335941,0.5616870026049394,0.6750854459961678,0.16131140491990428,0.1613114049199043,0.19757633456415125,0.19757633456415125,0.18252814156828331,0.18252814156828337,0.39600545698246925,0.3960054569824692,0.45454539297044977,0.3846152523566739,0.3571428951560071,0.3956712540494628,0.4011641977513436,0.47184480599424944,0.5885024116183019,0.6969108460461945,0.5624389775825276,0.5793552172970844,0.7005487801390975,0.43992715948908134,0.7742513328373071,0.6534113024588102,0.5294171492525738,0.005330781288657953,0.015632314170189166,0.0,0.0,0.4393148055351237,0.3682736508555935,0.3601190500921262,0.2451612683143361,0.4393148055351237,0.36827365085559344,0.36011905009212614,0.24516126831433613,0.5714281152710146,0.5714281152710146,0.399999850988468,0.399999850988468,0.5714281152710146,0.399999850988468,0.17333356115549942,0.18181828187762406,0.5061727798879323,0.38261721434151963,0.37425126224005206,0.24050507588966752,0.7561797628689878,-0.21052630804995065,SELL,0.0,1.0
0.5892856655813431,0.5892856655813431,0.6034482315661068,0.6034482315661068,0.0005801605243508151,0.0,0.0,HPR,2021-02-04 00:00:00+11:00,Energy,0.2616510700070397,0.3233672296089268,0.4615384615384615,0.48322139475873116,0.6570396825460867,0.30531839960945417,0.6521738426221149,0.35648698393646994,0.6747368097231013,0.3836246422388264,0.7800187335968196,0.36439330819079563,0.6186073115450761,0.458093364281037,0.5640520001690521,0.6068136747379028,0.21533773326772304,0.21533773326772304,0.22527244724186152,0.22527244724186157,0.20754979027750617,0.2075497902775062,0.4052118396515344,0.40521183965153446,0.5,0.29411759549774885,0.27777782376899895,0.38014846846329664,0.3972854577288846,0.43689818018671045,0.5836235539506226,0.6842592885401998,0.2989548367430163,0.5762900520054435,0.6885933243943616,0.26096024495048203,0.7546904536025243,0.6562362726064563,0.47537607773849966,0.005878690799311939,0.015028930916174757,0.09320088798585244,0.031452523301751086,0.37374541401431466,0.3052759966921672,0.31547618402951255,0.2044142344617954,0.37374541401431466,0.3052759966921672,0.31547618402951255,0.20441423446179546,0.0,0.3809520768473431,0.0,0.26666656732564537,0.0,0.0,0.22666689581338023,0.20454551419627587,0.37500000000000144,0.2592281957467777,0.3589237194373203,0.2340811892842794,0.7531251322429301,-0.16666664941995157,SELL,0.0,1.0
0.5892856655813431,0.5892856655813431,0.6034482315661068,0.6034482315661068,0.012616207769138738,0.0,0.0,HPR,2021-02-05 00:00:00+11:00,Energy,0.34560330195783223,0.41532323320539793,0.4615384615384615,0.48322139475873116,0.6389891310282796,0.3300247527616773,0.6422924148521074,0.3670232233995374,0.6673683819216064,0.38971246324193987,0.7692307404671632,0.37042456570206983,0.6212077147639812,0.4568458616180897,0.5664169977331643,0.6057360469643452,0.11143325869236247,0.11143325869236248,0.22527244724186152,0.22527244724186157,0.20714776998107495,0.20714776998107498,0.4052118396515344,0.40521183965153446,0.5,0.3333333333333333,0.27777782376899895,0.3685494470788253,0.3914564920859863,0.41791633885052787,0.574599724470605,0.6758521428754706,0.3353618132197951,0.5740790167717409,0.6776059054228503,0.28721454407119085,0.7334544919465948,0.6610106222101106,0.47746690962147775,0.015146921924221924,0.02089347308122225,0.7866144836952554,0.5005864933955104,0.2971058398169325,0.3052759966921672,0.3256479185516211,0.2044142344617954,0.2971058398169325,0.3052759966921672,0.3256479185516211,0.20441423446179546,0.0,0.19047603842367164,0.0,0.13333328366282265,0.0,0.0,0.20000017881390944,0.19318194036979092,0.4000000000000015,0.28361582992107076,0.3647346177878823,0.25075321488341445,0.7501315942293937,-0.16666664941995157,SELL,0.0,1.0
0.6428572046285402,0.7142857903120495,0.6551724758074503,0.724138006337618,0.009716342023483735,0.0,0.0,HPR,2021-02-08 00:00:00+11:00,Energy,0.5006818559071525,0.5731239058912878,0.6153846153846153,0.6013422114799726,0.6498194780774058,0.4947843385587467,0.6462449918498971,0.5154192771684116,0.6673683819216064,0.5189941119833471,0.7617260524812386,0.47544591843172246,0.6258306566901124,0.5511390822741496,0.5701615787392424,0.7212449733965655,0.26584497082154085,0.2658449708215409,0.31494834989289394,0.314948349892894,0.29064240615670306,0.2906424061567031,0.44401667658236044,0.4440166765823605,0.7058824045022511,0.5454546070295504,0.5,0.3941102522678753,0.39280055746422254,0.48773253617441836,0.5893317769880052,0.6678256558793917,0.8021091637992747,0.5740790167717409,0.6776059054228503,0.6242337211367226,0.7108608347316627,0.6734333975803395,0.591907100121959,0.02163888648949599,0.028979646852675567,0.4240590436080388,0.2814705493929641,0.42033427847102345,0.4155219794848548,0.4047619161547397,0.2757216006266809,0.4203342784710234,0.4155219794848549,0.4047619161547397,0.275721600626681,1.0,0.3333333333333334,1.0,0.33333333333333337,1.0,1.0,0.29333358897099643,0.2613638913227921,0.5859376184161501,0.4715767780866007,0.637378037366656,0.6315416776713023,0.7471979269761279,-0.30379750416878826,SELL,0.0,1.0
0.7321428369483617,0.7321428369483617,0.724138006337618,0.724138006337618,0.017308785930369493,0.0,0.0,HPR,2021-02-09 00:00:00+11:00,Energy,0.34560330195783223,0.41532323320539793,0.423077137997482,0.45553698132036036,0.660649825126532,0.4786921030270428,0.6600789966176943,0.49936391472526886,0.6673683819216064,0.5189941119833471,0.7556284932742596,0.47925194001565263,0.6304535986162436,0.5487248779588839,0.5739061597453206,0.7193824105146457,0.26584497082154085,0.2658449708215409,0.2710852493189501,0.2710852493189501,0.29064240615670306,0.2906424061567031,0.44088324561335235,0.4408832456133523,0.5833334368135382,0.5454546070295504,0.5,0.4145401207064855,0.39867718745881414,0.5318486740673645,0.6086283449458841,0.6727726098499779,0.7375049424024009,0.5740790167717409,0.6776059054228503,0.6242337211367226,0.6935990231095754,0.6822519719691107,0.5974286205061868,0.03798548028736825,0.043384435246041686,0.43033669916029027,0.33860819595747405,0.42033427847102345,0.5019250519885274,0.4047619161547397,0.3019635610963918,0.4203342784710234,0.5019250519885274,0.4047619161547397,0.3019635610963918,0.8750006984918164,0.6250002328306056,0.8750006984918164,0.6250002328306055,0.8750006984918165,0.8750006984918165,0.30666684812967104,0.27272746514927704,0.6281481790542445,0.5260521470764887,0.7963887615733429,0.7922775952306366,0.7443229330679274,-0.30379750416878826,SELL,0.0,1.0
0.7142857903120495,0.7142857903120495,0.724138006337618,0.724138006337618,0.0,0.0,0.0,HPR,2021-02-10 00:00:00+11:00,Energy,0.34560330195783223,0.41532323320539793,0.4615384615384615,0.48322139475873116,0.6714801721756583,0.4628532890377739,0.6739130013854913,0.48360508960706095,0.6673683819216064,0.5189941119833471,0.7514071069374222,0.4819018333124593,0.6350765405423744,0.5463213530119927,0.5776507407513987,0.7175250853599494,0.26584497082154085,0.2658449708215409,0.2710852493189501,0.2710852493189501,0.29064240615670306,0.2906424061567031,0.4343590731440967,0.43435907314409666,0.636363821088651,0.5454546070295504,0.5,0.43071720544104547,0.407180390326208,0.557413505647326,0.6211557326627067,0.6846511402151915,0.6939715404135788,0.5740790167717409,0.6776059054228503,0.6242337211367226,0.6833509737203207,0.6863759286123301,0.6014149894355434,0.03798548028736825,0.043384435246041686,0.0,0.0,0.42033427847102345,0.5019250519885274,0.4047619161547397,0.33973610313727737,0.4203342784710234,0.5019250519885274,0.4047619161547397,0.3397361031372774,0.8750006984918164,0.9166671323278779,0.8750006984918164,0.9166671323278776,0.8750006984918165,0.8750006984918165,0.30666684812967104,0.27272746514927704,0.608510713849211,0.5149930409393922,0.7963887615733429,0.7922775952306366,0.7415054390378911,-0.30379750416878826,SELL,0.0,1.0
0.7321428369483617,0.7321428369483617,0.7413792926264428,0.7413792926264428,0.008291353476794047,0.0,0.0,HPR,2021-02-11 00:00:00+11:00,Energy,0.3657942306805047,0.4367167502772966,0.4615384615384615,0.48322139475873116,0.7003610438451882,0.4465530819815402,0.6897232799277166,0.4871252732839153,0.668421007742349,0.53649267946372,0.747654761197138,0.49877689684950666,0.6399884147243451,0.5574721673031914,0.5804099046985622,0.7328398578554057,0.20741066105815487,0.20741066105815487,0.27005449580001617,0.2700544958000162,0.29166862403407956,0.29166862403407956,0.4350686425058746,0.43506864250587457,0.6666666666666666,0.5652173349672773,0.5199998807907743,0.4482284475935068,0.4180984019037408,0.5809172045592328,0.6328058181850525,0.7009574909744422,0.7105997735160858,0.5772306214622682,0.6760062245970098,0.665400126052236,0.6733183203035127,0.6911161274627671,0.6240065025743938,0.045268009483678796,0.05028469923961625,0.17297910080186074,0.14036943180477576,0.5048841970559328,0.5187680813185765,0.4160638436354324,0.35073311040340116,0.5048841970559328,0.5187680813185765,0.41606384363543236,0.35073311040340116,1.0,0.9166671323278779,1.0,0.9166671323278776,1.0,1.0,0.30666674878861017,0.284091038975762,0.6255032739534049,0.5444198824294392,0.8250052116388454,0.828431499761822,0.6034482315661068,-0.3124999883584676,SELL,0.0,1.0
0.7321428369483617,0.7321428369483617,0.7413792926264428,0.7413792926264428,0.0,0.0,0.0,HPR,2021-02-12 00:00:00+11:00,Energy,0.34560330195783223,0.41532323320539793,0.4615384615384615,0.48322139475873116,0.7292419155147181,0.40666619851810526,0.6956521306999341,0.4805158536097105,0.6694736335630916,0.5355238310451237,0.7424952866779082,0.5020872956157113,0.6449002889063158,0.5549099093204161,0.5831690686457254,0.7314602192522915,0.20741066105815487,0.20741066105815487,0.23332108608479046,0.23332108608479046,0.29166862403407956,0.29166862403407956,0.4303434321296761,0.430343432129676,0.6666666666666666,0.5652173349672773,0.5199998807907743,0.4617349467547348,0.4300070755505153,0.590559468520407,0.6448250816881399,0.6992383454753922,0.6794455772548241,0.5802943088260832,0.6745048024695943,0.658918173279283,0.6564220059667385,0.7012431794742753,0.6316388087676841,0.0333531343155815,0.05028469923961625,0.0,0.0,0.5048841970559328,0.4312713050190198,0.4160638436354324,0.32172987031556866,0.5048841970559328,0.43127130501901967,0.41606384363543236,0.32172987031556866,1.0,0.9583335661639388,1.0,0.9583335661639387,1.0,1.0,0.30666674878861017,0.284091038975762,0.6126581626659984,0.5407976261514224,0.8250052116388454,0.828431499761822,0.6062068527873136,-0.3124999883584676,SELL,0.0,1.0
0.7321428369483617,0.7321428369483617,0.7413792926264428,0.7413792926264428,0.0,0.0,0.0,HPR,2021-02-15 00:00:00+11:00,Energy,0.34560330195783223,0.41532323320539793,0.4615384615384615,0.48322139475873116,0.7328520043003566,0.40179311085144076,0.7035572699710468,0.47178309187060297,0.6726315267107518,0.5326248851173011,0.7387429409376238,0.5045067433305946,0.649812163088286,0.5523596097120039,0.585928232592889,0.7300834305109932,0.02767902581505574,0.02767902581505574,0.2301300501244321,0.23013005012443216,0.2862073231737823,0.28620732317378234,0.42656118215523386,0.4265611821552338,1.0,0.722222176231001,0.5199998807907743,0.4719499065449355,0.4419347093235455,0.5907440103008698,0.6561668636387893,0.7017424322239961,0.6499165955361654,0.5871510509496789,0.6726094616441791,0.6448339934912075,0.6451782984190224,0.7073927442240278,0.6374980778993847,0.024176921905420024,0.05010907387638996,0.0,0.0,0.38868519055980877,0.4478496661040917,0.43954854284726097,0.35073311040340116,0.3886851905598087,0.44784966610409177,0.43954854284726086,0.35073311040340116,1.0,1.0,1.0,1.0,1.0,1.0,0.24000005563099405,0.284091038975762,0.5999999245266325,0.5372971256494117,0.9210163415223535,0.828431499761822,0.6089103015840961,-0.3124999883584676,SELL,0.0,1.0
0.6250000249461413,0.6428572046285402,0.6379310610603358,0.6551724758074503,0.035132853715229014,0.0,0.0,HPR,2021-02-16 00:00:00+11:00,Energy,0.24591013890949706,0.30555806611542324,0.5000000716401862,0.513150712303443,0.7184115684655918,0.2992924034572644,0.7015809961966186,0.368892393461147,0.6705262672265503,0.4423940476554199,0.7326453817306449,0.4353081129916577,0.6532793695328845,0.48253316473068,0.587701981683713,0.6460270362380885,0.14606526077939627,0.1460652607793963,0.2719468244249423,0.2719468244249423,0.31511320671957277,0.31511320671957277,0.44048882785493604,0.440488827854936,0.61538487990234,0.5652175180627975,0.4642857808087444,0.45521718320904125,0.44754433264571736,0.5292498576850673,0.6565414964029229,0.6978293405612953,0.38015145629017316,0.5858061653818627,0.670267256896196,0.4299473192989453,0.6308993554895208,0.7127400010967824,0.5369660227864146,0.04101015313705845,0.07934748062882457,0.8090614886731391,0.3795894463809067,0.3139859739004994,0.36806653980367143,0.3815708604909127,0.29574782826918244,0.3139859739004994,0.36806653980367143,0.38157086049091277,0.2957478282691825,0.3750006984918165,0.7916668994972723,0.3750006984918165,0.7916668994972722,0.3750006984918165,0.3750006984918165,0.3200000079472848,0.3295455036130656,0.44537827095588367,0.37417294058209494,0.5106102812089698,0.4919233668040301,0.611559681404943,-0.1866666898462498,SELL,0.0,1.0
0.6428572046285402,0.6428572046285402,0.6551724758074503,0.6551724758074503,0.06441023181125319,0.0,0.0,HPR,2021-02-17 00:00:00+11:00,Energy,0.34560330195783223,0.41532323320539793,0.4615384615384615,0.48322139475873116,0.7039711326308269,0.3180834385645861,0.6996047224221909,0.3709364581799588,0.668421007742349,0.44420945410643176,0.7288930394850044,0.4376012719541965,0.6567465759774829,0.4808576928580425,0.5888844815670571,0.6454754100954073,0.14606526077939627,0.1460652607793963,0.2719468244249423,0.2719468244249423,0.31511320671957277,0.31511320671957277,0.42908741959844565,0.4290874195984456,0.16666604578389552,0.5652175180627975,0.4642857808087444,0.44181472096933744,0.44888221742144246,0.4876723794340912,0.656760601526238,0.6940755077283823,0.38756396022988243,0.5843353611875324,0.6680657820908915,0.4344459057818925,0.6248671623881115,0.7128246652489949,0.5398715885719965,0.10183983235782805,0.13295122634162138,0.5973066898349262,0.4173855278338432,0.3139859739004994,0.36806653980367143,0.3815708604909127,0.3454334020762256,0.3139859739004994,0.36806653980367143,0.38157086049091277,0.34543340207622564,0.3750006984918165,0.5833337989945445,0.3750006984918165,0.5833337989945443,0.3750006984918165,0.3750006984918165,0.3200000079472848,0.3295455036130656,0.4441897330401055,0.38768350643645766,0.7311906165025007,0.7101153151267596,0.6141560736293731,-0.1866666898462498,SELL,0.0,1.0
0.6428572046285402,0.6428572046285402,0.6551724758074503,0.6551724758074503,0.0,0.0,0.0,HPR,2021-02-18 00:00:00+11:00,Energy,0.34560330195783223,0.41532323320539793,0.4615384615384615,0.48322139475873116,0.6859206080104232,0.3421212940139502,0.7055335879188755,0.364820064006772,0.6663157482581475,0.4460296347938105,0.7265478260183096,0.43903936967141644,0.6602137824220813,0.4791877135863588,0.5900669814504016,0.6449242715425095,0.13666581025076863,0.13666581025076865,0.2430492212993336,0.24304922129933365,0.31511320671957277,0.31511320671957277,0.4243349130577584,0.42433491305775833,0.16666604578389552,0.44444453642692494,0.4642857808087444,0.4311741722635647,0.4474518095208184,0.46072816754196055,0.6479340594161332,0.7137022958545681,0.35335299511939366,0.5827395795173775,0.6660039853736972,0.43886508218425285,0.6221956103938464,0.7115991203329275,0.5419493711051263,0.09400939365086353,0.13295122634162138,0.0,0.0,0.2999799325194893,0.4345525581952461,0.3815708604909127,0.3782258487677698,0.2999799325194893,0.4345525581952461,0.38157086049091277,0.3782258487677698,0.3750006984918165,0.3750006984918165,0.3750006984918165,0.3750006984918165,0.3750006984918165,0.3750006984918165,0.2533333147896686,0.3295455036130656,0.4502925060141101,0.39066950522751653,0.7256917119108173,0.7101153151267596,0.6167005380093146,-0.06666669978035689,SELL,0.0,1.0
0.6428572046285402,0.6428572046285402,0.6551724758074503,0.6551724758074503,0.0,0.0,0.0,HPR,2021-02-19 00:00:00+11:00,Energy,0.34560330195783223,0.41532323320539793,0.4615384615384615,0.48322139475873116,0.6678700833900195,0.36679172398657967,0.7114624534155598,0.35875090077127614,0.6642104887739461,0.44785460857560067,0.7242026125516148,0.4404812340107912,0.6636809888666793,0.47752319995072157,0.5910523977751243,0.6444653615272095,0.13666581025076863,0.13666581025076865,0.2430492212993336,0.24304922129933365,0.31511320671957277,0.31511320671957277,0.4243349130577584,0.42433491305775833,0.16666604578389552,0.4705883899774774,0.4642857808087444,0.4228187757419877,0.4443438183540631,0.4443999955334481,0.6353255350547516,0.7372017979526534,0.2989547968787194,0.5810192865518056,0.6640813457292254,0.44322188347057073,0.6194379120164104,0.7104738283879632,0.5440313630452972,0.09400939365086353,0.13132381662178086,0.0,0.0,0.2999799325194893,0.4345525581952461,0.3815708604909127,0.3782258487677698,0.2999799325194893,0.4345525581952461,0.38157086049091277,0.3782258487677698,0.3750006984918165,0.3750006984918165,0.3750006984918165,0.3750006984918165,0.3750006984918165,0.3750006984918165,0.23999995628993323,0.3295455036130656,0.45370379037948977,0.39363555124284205,0.7409302450504806,0.7101153151267596,0.6191941131016571,-0.06666669978035689,SELL,0.0,1.0
0.553571439262632,0.6428572046285402,0.5689655305301679,0.6551724758074503,0.017719254771275752,0.0,0.0,HPR,2021-02-22 00:00:00+11:00,Energy,0.34560330195783223,0.41532323320539793,0.6538462254863401,0.6414189816990957,0.6498195587696158,0.39212003143826935,0.7035573141444473,0.36685357185606216,0.6621052292897446,0.4496843944092962,0.7195121821235815,0.4433763240666614,0.6694596662743433,0.4747610837356292,0.5920378140998475,0.6440067892936409,0.13666581025076863,0.13666581025076865,0.11749870524669549,0.11749870524669552,0.31511320671957277,0.31511320671957277,0.4087627484370877,0.40876274843708765,0.0,0.4705883899774774,0.4642857808087444,0.41634895881226003,0.4403369048763842,0.4356506485344772,0.6316160213719605,0.7268823408521018,0.33519210975290675,0.579174482283026,0.6622978631661827,0.4475325814726655,0.6094383160015049,0.7134417310539343,0.5475461994582224,0.11074363840449725,0.14607020706737125,0.15110780431536847,0.10457891170964574,0.2999799325194893,0.32262032004788954,0.3815708604909127,0.32485769882627635,0.2999799325194893,0.32262032004788954,0.38157086049091277,0.3248576988262764,0.5000003725291076,0.41666725650424696,0.5000003725291076,0.4166672565042469,0.5000003725291076,0.5000003725291076,0.3066666494475494,0.3750000529160512,0.41533337533474074,0.35134247297072496,0.6578344618479597,0.6321472354338501,0.7413792926264428,-0.06666669978035689,SELL,0.0,1.0
0.6428572046285402,0.6428572046285402,0.6551724758074503,0.6551724758074503,0.0,0.0,0.0,HPR,2021-02-23 00:00:00+11:00,Energy,0.34560330195783223,0.41532323320539793,0.4615384615384615,0.48322139475873116,0.6498195587696158,0.39212003143826935,0.6956521748733349,0.3750405360200959,0.6652631302801207,0.4469415111675509,0.7148217516955477,0.44628665945920665,0.673793674868272,0.47269933692176214,0.5930232304245697,0.6435485544690042,0.0,0.0,0.11749870524669549,0.11749870524669552,0.28377287729482065,0.28377287729482065,0.4087627484370877,0.40876274843708765,0.0,0.4705883899774774,0.4642857808087444,0.41143017793802195,0.43597537424860416,0.4321991061038158,0.625344939536104,0.7191859052564767,0.3648499513812906,0.5771153734283367,0.6703671243667335,0.43886718710307887,0.5988350759931049,0.7171121252419965,0.551249170828772,0.07756381337498655,0.14167996283213738,0.0,0.0,0.37374541401431466,0.32262032004788954,0.4419643746050322,0.32485769882627635,0.37374541401431466,0.32262032004788954,0.4419643746050322,0.3248576988262764,0.5000003725291076,0.45833381451667743,0.5000003725291076,0.4583338145166772,0.5000003725291076,0.5000003725291076,0.3066666494475494,0.3750000529160512,0.46484380040117196,0.4025432500183939,0.6578344618479597,0.6321472354338501,0.7379310173845174,-0.06666669978035689,SELL,0.0,1.0
0.6428572046285402,0.6428572046285402,0.6551724758074503,0.6551724758074503,0.0,0.0,0.0,HPR,2021-02-24 00:00:00+11:00,Energy,0.34560330195783223,0.41532323320539793,0.4615384615384615,0.48322139475873116,0.6498195587696158,0.39212003143826935,0.6877470356022224,0.3833131155079481,0.6684210312704971,0.4442094337910062,0.7129455788254058,0.44745508974903137,0.6781276834622012,0.47064596778935097,0.5940086467492929,0.643090656681046,0.0,0.0,0.11749870524669549,0.11749870524669552,0.28377287729482065,0.28377287729482065,0.3895738457390383,0.38957384573903825,0.0,0.61538487990234,0.5652175180627975,0.40778265073545095,0.43162891682811527,0.43234581591330107,0.6165697747075453,0.7140536269065293,0.3908910548795705,0.574508381050836,0.6790487144887041,0.4289796965746668,0.5965727907830578,0.7162772051110926,0.5530954604223817,0.016734134154216953,0.14167996283213738,0.0,0.0,0.37374541401431466,0.32262032004788954,0.4419643746050322,0.38971006533882774,0.37374541401431466,0.32262032004788954,0.4419643746050322,0.38971006533882774,0.5000003725291076,0.5000003725291076,0.5000003725291076,0.5000003725291076,0.5000003725291076,0.5000003725291076,0.2533333147896686,0.3181818451208988,0.45588238639452705,0.3968461255734606,0.6602147011098868,0.6521272914093774,0.7345517076474305,-0.06666669978035689,SELL,0.0,1.0
0.553571439262632,0.553571439262632,0.5689655305301679,0.5689655305301679,0.023421902476819342,0.0,0.0,HPR,2021-03-08 00:00:00+11:00,Energy,0.23926377618386857,0.2979820683762364,0.4615384615384615,0.48322139475873116,0.6317690072518087,0.28806845184413343,0.6482213686955935,0.317135186409232,0.6631579100094996,0.3561815314433253,0.7152908027760319,0.3721306129826628,0.7142444199510056,0.38773211295389587,0.6109578004862835,0.5528115834061894,0.14577707244111696,0.14577707244111698,0.1209130512089807,0.12091305120898073,0.15831198443100625,0.15831198443100628,0.33382197391154633,0.3338219739115463,0.0,0.0,0.44444453642692494,0.37884493765291566,0.4063292991585132,0.411164690012868,0.5533524696965412,0.7081977808010024,1.1530332244547026e-11,0.5649601422779724,0.6801069155481663,0.18156285061452382,0.569609232453901,0.7519906695288321,0.39537712816809745,0.04258066485512196,0.15699581997990936,0.5194805194805195,0.12867548410686533,0.2950621213912824,0.30317607775508776,0.3030439793838575,0.4820413653737033,0.2950621213912824,0.30317607775508776,0.30304397938385746,0.48204136537370335,0.5,0.7222223326011897,0.3333334989017845,0.555555831502974,0.5,0.33333349890178443,0.25333351347179023,0.3750000529160512,0.2272727272727278,0.2311406659914561,0.5181898297575809,0.5172018962008689,0.6973901923314961,-0.014285743175720511,HOLD,0.0,0.5
0.553571439262632,0.553571439262632,0.5689655305301679,0.5689655305301679,0.0,0.0,0.0,HPR,2021-03-09 00:00:00+11:00,Energy,0.34560330195783223,0.41532323320539793,0.4615384615384615,0.48322139475873116,0.6137184557340019,0.3130123231191082,0.6383399409255861,0.3274340108516762,0.653684222723803,0.36391247942756977,0.7166979315549775,0.37131464815474435,0.7171337586548374,0.3865008002114452,0.6121402989012434,0.5523055733982506,0.14577707244111696,0.14577707244111698,0.1209130512089807,0.12091305120898073,0.15831198443100625,0.15831198443100628,0.33382197391154633,0.3338219739115463,0.0,0.0,0.0909086598834729,0.36096867260129983,0.39690995016085673,0.3829705938752654,0.5629017055695126,0.6807719922885315,0.16666666667227958,0.5646504987195655,0.6631491676742867,0.22719873394723478,0.5656886762543523,0.7591539637733598,0.38622664443544896,0.04258066485512196,0.14259103158654324,0.0,0.0,0.2950621213912824,0.30317607775508776,0.3030439793838575,0.4820413653737033,0.2950621213912824,0.30317607775508776,0.30304397938385746,0.48204136537370335,0.5,0.6666666666666667,0.3333334989017845,0.4444446652023793,0.5,0.33333349890178443,0.25333351347179023,0.29545452813656503,0.31666666666666793,0.24245964885379462,0.0,0.49114455093111775,0.6888049280483518,-0.014285743175720511,HOLD,0.0,0.5
0.553571439262632,0.553571439262632,0.5689655305301679,0.5689655305301679,0.0,0.0,0.0,HPR,2021-03-10 00:00:00+11:00,Energy,0.34560330195783223,0.41532323320539793,0.4615384615384615,0.48322139475873116,0.5956679042161948,0.3386490800657769,0.6284585131555789,0.3378729554255806,0.6442105354381066,0.3717361988197275,0.718105060333923,0.37049996999875334,0.7200230973586697,0.3852727587573529,0.6121402989012434,0.5523055733982506,0.14577707244111696,0.14577707244111698,0.1209130512089807,0.12091305120898073,0.15831198443100625,0.15831198443100628,0.33382197391154633,0.3338219739115463,0.0,0.0,0.0909086598834729,0.34774433022086937,0.3862665183742163,0.3710564106959821,0.5648679112469474,0.6611111548087315,0.24541246139413592,0.5612100884793474,0.6496904463373812,0.2589596124821598,0.5615118569625484,0.7666154845415907,0.37587386658316796,0.04258066485512196,0.14259103158654324,0.0,0.0,0.2950621213912824,0.30317607775508776,0.3030439793838575,0.4820413653737033,0.2950621213912824,0.30317607775508776,0.30304397938385746,0.48204136537370335,0.5,0.5,0.3333334989017845,0.3333334989017845,0.5,0.33333349890178443,0.25333351347179023,0.2840909543100801,0.3611111111111126,0.24509955252956894,0.0,0.43572821793227484,0.6805630743365331,-0.014285743175720511,HOLD,0.0,0.5
0.553571439262632,0.553571439262632,0.5689655305301679,0.5689655305301679,0.0,0.0,0.0,HPR,2021-03-11 00:00:00+11:00,Energy,0.34560330195783223,0.41532323320539793,0.4615384615384615,0.48322139475873116,0.5776173526983879,0.3650079995588673,0.6185770853855714,0.34845489931319795,0.6336842223316673,0.3805400658795238,0.7195121891128686,0.36968657547371186,0.7249349726170025,0.3831925593029535,0.6121402989012434,0.5523055733982506,0.14577707244111696,0.14577707244111698,0.1209130512089807,0.12091305120898073,0.15434038354482393,0.15434038354482393,0.33382197391154633,0.3338219739115463,0.0,0.0,0.0909086598834729,0.3383153613563853,0.37553579975346824,0.3702068347195381,0.5619987741725018,0.6464016624675318,0.29587585476905043,0.5509837806885618,0.6418931863589548,0.2780530016432407,0.5570428296883165,0.7744170627485698,0.3640130431911519,0.022119772753590363,0.13569076759296866,0.0,0.0,0.2950621213912824,0.30317607775508776,0.2931547925751079,0.4820413653737033,0.2950621213912824,0.30317607775508776,0.2931547925751079,0.48204136537370335,0.5,0.5,0.3333334989017845,0.3333334989017845,0.5,0.33333349890178443,0.25333351347179023,0.2840909543100801,0.38842975206611724,0.2757710459018391,0.0,0.43572821793227484,0.6726508947731872,-0.014285743175720511,HOLD,0.0,0.5
0.553571439262632,0.553571439262632,0.5689655305301679,0.5689655305301679,0.0,0.0,0.0,HPR,2021-03-12 00:00:00+11:00,Energy,0.34560330195783223,0.41532323320539793,0.4615384615384615,0.48322139475873116,0.5595668011805808,0.39212003143826935,0.608695657615564,0.35918280112253886,0.6231579092252281,0.3894629040876546,0.7148217586848353,0.3724028883890954,0.7286911123938029,0.38160813273107697,0.6121402989012434,0.5523055733982506,0.14577707244111696,0.14577707244111698,0.1209130512089807,0.12091305120898073,0.15434038354482393,0.15434038354482393,0.13476430667969602,0.13476430667969602,0.0,0.0,0.0,0.3319674283675193,0.365459349178147,0.37657492469818865,0.5552169327654951,0.6356987422702142,0.3333333333329679,0.5373319143190185,0.6379244200337504,0.2907003352969439,0.5559386641140784,0.7670328960867998,0.3754631021489445,0.022119772753590363,0.13569076759296866,0.0,0.0,0.2950621213912824,0.30317607775508776,0.2931547925751079,0.31774194726796035,0.2950621213912824,0.30317607775508776,0.2931547925751079,0.31774194726796035,0.5,0.5,0.3333334989017845,0.3333334989017845,0.5,0.33333349890178443,0.18666682031417403,0.2727273804835951,0.4080882352941191,0.29779966328427204,0.0,0.40439577836038637,0.6650552023923751,-0.014285743175720511,HOLD,0.0,0.5
0.553571439262632,0.553571439262632,0.3793103536867787,0.39655170420474806,0.021453877121204598,0.0,0.0,HPR,2021-03-16 00:00:00+11:00,Energy,0.11773296638874986,0.15314811625558267,0.07692307692307693,0.1668263387443259,0.5234657115936685,0.16565490557894447,0.5691699538977677,0.17351517317257636,0.5968421186164138,0.21911415741836693,0.7007504656534131,0.2316943639809892,0.7333140532435711,0.24857491570836332,0.6101694669859898,0.3881897704676366,0.31237933565779546,0.3123793356577955,0.30815262318085745,0.3081526231808575,0.2950085292487218,0.29500852924872184,0.2462601786152664,0.24626017861526645,0.0,0.0,0.0,0.27773109123141304,0.3374767199987977,0.28958530439309305,0.5808178109967995,0.5388938527841244,0.07864955320622041,0.5564282858564931,0.5685156815632566,0.05867252332053058,0.5710612562837949,0.7234265329884797,0.15626967687221777,0.02026114955485394,0.12430679392390824,1.0,0.14861577558170777,0.20513841522252046,0.14148210603692396,0.22619044081711423,0.19677418933233548,0.20513841522252052,0.1414821060369239,0.2261904408171142,0.1967741893323355,0.062499883584697255,0.3541666278615659,0.062499883584697255,0.24305562712942205,0.06249988358469716,0.06249988358469716,0.333333465788081,0.39772736990038493,0.2745098650160881,0.1668604660972708,0.0,0.3632910735264962,0.650763147608639,0.08333331781129005,BUY,0.0,0.0
0.37499997505385874,0.37499997505385874,0.39655170420474806,0.39655170420474806,0.01318653109444929,0.0,0.0,HPR,2021-03-17 00:00:00+11:00,Energy,0.34560330195783223,0.41532323320539793,0.4615384615384615,0.48322139475873116,0.487364622006756,0.21712425149361714,0.5395256779499793,0.20352833892308486,0.581052641114039,0.23118868621702682,0.6913696030500245,0.23646311333827363,0.7341808543165398,0.24826349566928319,0.6081986350707358,0.38891391180189117,0.31237933565779546,0.3123793356577955,0.30815262318085745,0.3081526231808575,0.2950085292487218,0.29500852924872184,0.2462601786152664,0.24626017861526645,0.0,0.0,0.0,0.23999361806194155,0.3133966255207826,0.24027533766401168,0.5820587407003238,0.48468078116263025,0.19381379799890308,0.5746926528195704,0.5192632615231398,0.16096500992867635,0.5828651579367001,0.6923514413701355,0.21577992292306025,0.03271464388259695,0.08167719687885856,0.38066904443956123,0.13845693211153437,0.20513841522252046,0.14148210603692396,0.22619044081711423,0.19677418933233548,0.20513841522252052,0.1414821060369239,0.2261904408171142,0.1967741893323355,0.062499883584697255,0.2083332557231316,0.062499883584697255,0.15277775535705965,0.06249988358469716,0.06249988358469716,0.333333465788081,0.3295455882787475,0.26268502969937446,0.16695765406879953,0.0,0.4213426487095617,0.6344759799733274,0.26666665424903213,BUY,0.0,0.0
0.37499997505385874,0.37499997505385874,0.39655170420474806,0.39655170420474806,0.0,0.0,0.0,HPR,2021-03-18 00:00:00+11:00,Energy,0.34560330195783223,0.41532323320539793,0.4615384615384615,0.48322139475873116,0.45126353241984374,0.2718104320896899,0.5098814020021905,0.23487542353420876,0.565263163611664,0.2435174156897576,0.6819887404466356,0.24128302953244762,0.735047655389508,0.2479523221367167,0.6062278031554822,0.38963911352778546,0.31237933565779546,0.3123793356577955,0.30815262318085745,0.3081526231808575,0.2950085292487218,0.29500852924872184,0.2462601786152664,0.24626017861526645,0.0,0.0,0.0,0.21258713319077446,0.2876915449229912,0.22445910164710076,0.5643642171940143,0.4498574341188283,0.2560249886900886,0.5840852959595615,0.4799261115240736,0.21794576512516045,0.5913322677750534,0.6651595457845043,0.25673151356172835,0.03271464388259695,0.08167719687885856,0.0,0.0,0.20513841522252046,0.14148210603692396,0.22619044081711423,0.19677418933233548,0.20513841522252052,0.1414821060369239,0.2261904408171142,0.1967741893323355,0.062499883584697255,0.062499883584697255,0.062499883584697255,0.062499883584697255,0.06249988358469716,0.06249988358469716,0.333333465788081,0.3295455882787475,0.31399631368539055,0.21426173947238428,0.0,0.0,0.6191660423961346,0.26666665424903213,BUY,0.0,0.0
0.37499997505385874,0.37499997505385874,0.39655170420474806,0.39655170420474806,0.0,0.0,0.0,HPR,2021-03-19 00:00:00+11:00,Energy,0.34560330195783223,0.41532323320539793,0.4615384615384615,0.48322139475873116,0.41516244283293124,0.3300247540053489,0.4802371260544016,0.2676473760458664,0.5494736861092892,0.25610845862621556,0.6730769184397998,0.24591009841868405,0.7359144564624762,0.24764139481809366,0.6042569712402286,0.390365377976193,0.31237933565779546,0.3123793356577955,0.30815262318085745,0.3081526231808575,0.2950085292487218,0.29500852924872184,0.24611188399192663,0.24611188399192657,0.0,0.0,0.0,0.19358705208461305,0.26266212787317933,0.23103543729256393,0.5303567109328963,0.4317384267679435,0.2958758547690685,0.5875884410579815,0.44717121821524186,0.2560917230419351,0.5984619101043982,0.640391039404065,0.2879986223263563,0.03271464388259695,0.08167719687885856,0.0,0.0,0.20513841522252046,0.14148210603692396,0.22619044081711423,0.20596156201875465,0.20513841522252052,0.1414821060369239,0.2261904408171142,0.20596156201875465,0.062499883584697255,0.062499883584697255,0.062499883584697255,0.062499883584697255,0.06249988358469716,0.06249988358469716,0.333333465788081,0.3295455882787475,0.36297709726122535,0.24620573093704565,0.0,0.0,0.6047747010735732,0.08333331781129005,BUY,0.0,0.0
0.30357145589339274,0.30357145589339274,0.3103448231566107,0.3103448231566107,0.025764092724501277,0.0,0.0,HPR,2021-03-22 00:00:00+11:00,Energy,0.21267898552369802,0.2673367982021042,0.42307685143673673,0.44367194014285805,0.3610108151769136,0.2616147508410782,0.4505928574688465,0.17619081550801763,0.5284210520536946,0.17220595884976586,0.6618198812189471,0.17567367278988344,0.7353365887217105,0.18236388867562248,0.6013007237344441,0.3087048528143346,0.3198817746119406,0.3198817746119407,0.32239753948943345,0.3223975394894335,0.3288017170019712,0.32880171700197125,0.27597888909775725,0.2759788890977572,0.0,0.0,0.0,0.15713725988017252,0.2340722532559311,0.1963809645377314,0.5328424389262413,0.3762507066468076,0.22119058023505256,0.5993697725494735,0.395551183580785,0.2089006026034282,0.6127395141450946,0.6029695123882972,0.2374967985428873,0.05704651557090479,0.08837230471838689,0.42652604232301594,0.25024984770080816,0.12083494723211918,0.12415780509147811,0.16666664527036767,0.14471209133501117,0.12083494723211913,0.12415780509147806,0.16666664527036762,0.14471209133501117,0.0,0.04166658905646493,0.0,0.04166658905646483,0.0,0.0,0.40000010927516677,0.38636375374105897,0.3420382407872116,0.21716742237612197,0.0,0.0,0.5912468402303656,0.05454542991543598,BUY,0.0,0.0
0.28571427621099377,0.28571427621099377,0.3103448231566107,0.3103448231566107,0.0,0.0,0.0,HPR,2021-03-23 00:00:00+11:00,Energy,0.34560330195783223,0.41532323320539793,0.4615384615384615,0.48322139475873116,0.3429602771078082,0.2925535030319648,0.42094858888329134,0.20912607609599876,0.5073684179981001,0.18844313296033055,0.6505628439980942,0.18116491408265145,0.7347587209809439,0.1825539751416858,0.5983444762286596,0.30970750151361937,0.1822212160997723,0.18222121609977235,0.32239753948943345,0.3223975394894335,0.3288017170019712,0.32880171700197125,0.27597888909775725,0.2759788890977572,0.0,0.0,0.0,0.13168387386401986,0.20521836106075544,0.19381124146484252,0.5186574839197674,0.3378336078784602,0.27777780077505193,0.6029485803823942,0.35309850342158855,0.24923394275234315,0.6233528103284001,0.5698123286475296,0.2735686128416328,0.03678525541663409,0.08837230471838689,0.0,0.0,0.27539136540838893,0.12415780509147811,0.16666664527036767,0.14471209133501117,0.2753913654083889,0.12415780509147806,0.16666664527036762,0.14471209133501117,0.0,0.020833294528232512,0.0,0.020833294528232415,0.0,0.0,0.40000010927516677,0.32954554594590657,0.3691860570891152,0.25610716612778356,0.0,0.0,0.5687746788644653,0.05454542991543598,BUY,0.0,0.0
0.28571427621099377,0.28571427621099377,0.3103448231566107,0.3103448231566107,0.011710951238409671,0.0,0.0,HPR,2021-03-24 00:00:00+11:00,Energy,0.34560330195783223,0.41532323320539793,0.4615384615384615,0.48322139475873116,0.324909739038703,0.3245778252623175,0.391304320297736,0.24366793483929694,0.4863157839425055,0.2051614085990402,0.6393058067772415,0.18672862708933025,0.7341808532401772,0.18274416195696208,0.5953882287228747,0.3107123614502856,0.1822212160997723,0.18222121609977235,0.32239753948943345,0.3223975394894335,0.3288017170019712,0.32880171700197125,0.27597888909775725,0.2759788890977572,0.0,0.0,0.0,0.11513597287875632,0.17824620010497882,0.21212641661650783,0.4905237485832331,0.3136999279328614,0.31753376823586726,0.6002635695304377,0.31764643047100694,0.2786205737170456,0.6311595154660479,0.5399213190703462,0.30105794978009176,0.03539170276539464,0.09811844030253175,0.3125,0.10256282513497733,0.27539136540838893,0.12415780509147811,0.16666664527036767,0.14471209133501117,0.2753913654083889,0.12415780509147806,0.16666664527036762,0.14471209133501117,0.0,0.0,0.0,0.0,0.0,0.0,0.2666667229599344,0.32954554594590657,0.3901098981398907,0.2840593444394137,0.0,0.0,0.5481002904078368,0.05454542991543598,BUY,0.0,0.0
0.30357145589339274,0.30357145589339274,0.2931034726386411,0.3103448231566107,0.19915784207454348,0.0,0.0,HPR,2021-03-25 00:00:00+11:00,Energy,0.34560330195783223,0.41532323320539793,0.42307685143673673,0.44367194014285805,0.3068592009695976,0.3577458730583596,0.36166005171218063,0.2799368866055454,0.465263149886911,0.222382489597576,0.6280487695563888,0.19236625602919155,0.733602985499411,0.1829344492009356,0.5924319812170902,0.31171943994738927,0.1822212160997723,0.18222121609977235,0.32239753948943345,0.3223975394894335,0.3288017170019712,0.32880171700197125,0.27597888909775725,0.2759788890977572,0.0,0.0,0.0,0.10575388382350548,0.15446351572698064,0.2431700752118802,0.4479617924204259,0.30434060933300955,0.34785486025084295,0.5923122263199772,0.2880801479825469,0.30149871067085215,0.6366912342568429,0.5126778279622655,0.322970591211863,0.22347839810901543,0.2623030098893064,0.8416321391736761,0.6565058426086333,0.27539136540838893,0.12415780509147811,0.16666664527036767,0.14471209133501117,0.2753913654083889,0.12415780509147806,0.16666664527036762,0.14471209133501117,0.062499898136586386,0.020833299378862226,0.04761896314535106,0.01587298771511702,0.06249989813658641,0.04761896314535108,0.2933333902888748,0.3522728205973994,0.4022988694374095,0.303550348284201,0.6777591367514544,0.6183528069270396,0.5290798530277386,0.05454542991543598,BUY,0.0,0.0
0.28571427621099377,0.28571427621099377,0.3103448231566107,0.3103448231566107,0.007796448677458855,0.0,0.0,HPR,2021-03-26 00:00:00+11:00,Energy,0.34560330195783223,0.41532323320539793,0.4615384615384615,0.48322139475873116,0.28880866290049223,0.39212003143826935,0.3320157831266253,0.31806578471097025,0.44421051583131643,0.24012940521266157,0.6167917323355363,0.1980792837520643,0.7310025801277809,0.18379198691703835,0.5894757337113052,0.31272874436035847,0.1822212160997723,0.18222121609977235,0.32239753948943345,0.3223975394894335,0.3288017170019712,0.32880171700197125,0.27597888909775725,0.2759788890977572,0.0,0.0,0.0,0.10209295327814877,0.1345769852854915,0.28109193156996726,0.38660577479095026,0.31422623150625184,0.3703703839957143,0.5796198604937972,0.26381255608038034,0.3201292620866937,0.6403033995600083,0.48766821984779485,0.3410159927711297,0.2308414436807309,0.26879140219309494,0.031896534376907475,0.025082159432428846,0.27539136540838893,0.12415780509147811,0.16666664527036767,0.14471209133501117,0.2753913654083889,0.12415780509147806,0.16666664527036762,0.14471209133501117,0.062499898136586386,0.041666598757724355,0.04761896314535106,0.03174597543023404,0.06249989813658641,0.04761896314535108,0.22666669713125864,0.3522728205973994,0.4140442921969244,0.3178276825788939,0.7326443347626252,0.6037382901680728,0.5054822149888288,0.05454542991543598,BUY,0.0,0.0
0.28571427621099377,0.28571427621099377,0.3103448231566107,0.3103448231566107,0.0,0.0,0.0,HPR,2021-03-29 00:00:00+11:00,Energy,0.34560330195783223,0.41532323320539793,0.4615384615384615,0.48322139475873116,0.28880866290049223,0.39212003143826935,0.30237151454107014,0.3582014670321312,0.4231578817757219,0.25842661287220714,0.6064727832970762,0.20338376049651052,0.7284021747561511,0.1846515672009007,0.5865194862055207,0.313740282077172,0.0,0.0,0.32239753948943345,0.3223975394894335,0.3288017170019712,0.32880171700197125,0.2744332022545839,0.27443320225458395,0.0,0.0,0.0,0.10295613188493324,0.11887062305641438,0.3217781418909497,0.2862546717561637,0.36404245145889846,0.3639172365105571,0.562416915488215,0.24458610516695134,0.3357942297849327,0.644297428464337,0.46394804949264623,0.35669733544169413,0.20650957199242306,0.26879140219309494,0.0,0.0,0.37374541401431466,0.12415780509147811,0.16666664527036767,0.1622119792170133,0.37374541401431466,0.12415780509147806,0.16666664527036762,0.1622119792170133,0.062499898136586386,0.062499898136586386,0.04761896314535106,0.04761896314535106,0.06249989813658641,0.04761896314535108,0.22666669713125864,0.3522728205973994,0.4221668771536774,0.3286355728853749,0.7326443347626252,0.6037382901680728,0.48424434075381007,0.036363642521141104,HOLD,0.0,0.5
0.3928571547362577,0.3928571547362577,0.41379311895186255,0.41379311895186255,0.0021291680446552624,0.0,0.0,HPR,2021-03-30 00:00:00+11:00,Energy,0.5196133780761394,0.5914222898012516,0.4615384615384615,0.48322139475873116,0.31046931665263955,0.5565288774822219,0.3043478030399649,0.525920196954337,0.4084210379368055,0.40375227795319557,0.5989680935638297,0.3021103668896483,0.7275353726068203,0.26380116719978464,0.5847457378488885,0.4142662667010223,0.2385442222650345,0.2385442222650345,0.2940482942830348,0.29404829428303486,0.41498363465061816,0.4149836346506182,0.3344520498455792,0.33445204984557914,0.5454546378171155,0.2857143110563948,0.2307692307692308,0.1364569545212112,0.11417881463827251,0.42898446234782794,0.2929561308827905,0.3607097184039678,0.7513046155982752,0.5380443220825724,0.24490851373050526,0.4387176638100813,0.6417208202201823,0.45307595354750996,0.4425426679967372,0.20852037998862819,0.2705633471036484,0.009643215352766861,0.00680510419589705,0.5024998507011592,0.4042348790990024,0.23809522653567927,0.23762045041946175,0.5024998507011591,0.4042348790990025,0.23809522653567924,0.23762045041946175,0.4374999854480838,0.18749992724041897,0.3333332742017458,0.14285706683081595,0.4374999854480838,0.33333327420174563,0.3066666991180798,0.4204546445518777,0.5106383104913754,0.3893205438210922,0.734946867467346,0.6065548088259716,0.4651302539422931,-0.06557378050333318,SELL,0.0,1.0
0.3928571547362577,0.3928571547362577,0.41379311895186255,0.41379311895186255,0.004684380495363868,0.0,0.0,HPR,2021-03-31 00:00:00+11:00,Energy,0.34560330195783223,0.41532323320539793,0.4615384615384615,0.48322139475873116,0.3321299704047871,0.5128488265035067,0.30632409153885987,0.5228904525799645,0.3936841940978896,0.4186596465467528,0.591463403830583,0.3064739520237627,0.7269575048660541,0.2640135003448353,0.5829719894922558,0.41494148782336826,0.2385442222650345,0.2385442222650345,0.2940482942830348,0.29404829428303486,0.41498363465061816,0.4149836346506182,0.3344520498455792,0.33445204984557914,1.0,0.2857143110563948,0.2307692307692308,0.166043854267519,0.11737880868798678,0.505796571024568,0.2992730046540041,0.35777079710708914,0.733449819868381,0.510649526585772,0.24860861421166414,0.44808429079140416,0.6386171340932829,0.44281724520848065,0.4479941264698648,0.20188441498272605,0.2744618013373063,0.02191340152418664,0.014759998582263758,0.5024998507011592,0.4042348790990024,0.23809522653567927,0.23762045041946175,0.5024998507011591,0.4042348790990025,0.23809522653567924,0.23762045041946175,0.4374999854480838,0.31249995634425143,0.3333332742017458,0.23809517051628087,0.4374999854480838,0.33333327420174563,0.3066666991180798,0.4204546445518777,0.5240964016297572,0.3940476415298931,0.734946867467346,0.6065548088259716,0.447927575811928,-0.08196719509400041,SELL,0.0,1.0
0.553571439262632,0.553571439262632,0.5689655305301679,0.5689655305301679,0.006148249400165077,0.0,0.0,HPR,2021-04-01 00:00:00+11:00,Energy,0.5809447457212032,0.6493857285626535,0.4615384615384615,0.48322139475873116,0.38628159806080475,0.6980728679940251,0.32608693971664104,0.7440230901248168,0.3884210336233117,0.6253254904155902,0.5881801021814952,0.4515640297841247,0.7289800414205552,0.381486481517336,0.5829719894922558,0.564918060046835,0.3500115417990723,0.3500115417990723,0.4275475998347596,0.42754759983475965,0.5268837113025023,0.5268837113025023,0.4261228437344924,0.42612284373449244,1.0,0.5,0.4285713981608989,0.23588153482022317,0.1363518847302388,0.659318366978373,0.38819887206786496,0.3020064617609124,0.9196764351731921,0.4942261510772892,0.2573505758607021,0.6152936614424986,0.634085083797173,0.44202302568603247,0.5673033790365545,0.01960418901926963,0.26154817168831435,0.2961834645002962,0.020325422449489806,0.6956314657607945,0.5861405709288228,0.34523807625930025,0.35073313381326776,0.6956314657607946,0.5861405709288229,0.34523807625930025,0.35073313381326787,1.0,0.6249999902987227,0.7619046520889563,0.4761904001641492,1.0,0.7619046520889564,0.4266666772630464,0.5227273593171747,0.6867470032282565,0.49308727532782026,0.7423011224240782,0.6156082629526961,0.2931034726386411,-0.19999997871262698,SELL,0.0,1.0
0.553571439262632,0.553571439262632,0.5689655305301679,0.5689655305301679,0.0,0.0,0.0,HPR,2021-04-06 00:00:00+10:00,Energy,0.34560330195783223,0.41532323320539793,0.4615384615384615,0.48322139475873116,0.4404332257168224,0.5925094847024643,0.34584978789442244,0.7110650922684221,0.3831578731487343,0.6315769546159592,0.5848968005324078,0.4537778134915903,0.7289800414205552,0.381486481517336,0.5829719894922558,0.564918060046835,0.3500115417990723,0.3500115417990723,0.4275475998347596,0.42754759983475965,0.5268837113025023,0.5268837113025023,0.4261228437344924,0.42612284373449244,1.0,0.5,0.4285713981608989,0.2928044391415088,0.16490822725689053,0.7525937511097043,0.44876389839086916,0.2752833588293818,0.8061862112296071,0.4768082884413236,0.26720400227329455,0.6277274014545575,0.6294455342536827,0.441353908559583,0.5691051972833522,0.012241143447554144,0.26154817168831435,0.0,0.0,0.6956314657607945,0.5861405709288228,0.34523807625930025,0.35073313381326776,0.6956314657607946,0.5861405709288229,0.34523807625930025,0.35073313381326787,1.0,0.8124999951493613,0.7619046520889563,0.6190475261265528,1.0,0.7619046520889564,0.4266666772630464,0.4090909437268699,0.6867470032282565,0.4950082195387717,0.7423011224240782,0.6713402245048128,0.2986207137964717,-0.19999997871262698,SELL,0.0,1.0
0.553571439262632,0.553571439262632,0.5689655305301679,0.5689655305301679,0.0,0.0,0.0,HPR,2021-04-07 00:00:00+10:00,Energy,0.34560330195783223,0.41532323320539793,0.4615384615384615,0.48322139475873116,0.4945848533728401,0.4964849616608513,0.3754940564799776,0.6636642216805018,0.3831578731487343,0.6315769546159592,0.5816134988833199,0.4560004170535109,0.7269575048660541,0.3823387306314855,0.5829719894922558,0.564918060046835,0.3500115417990723,0.3500115417990723,0.3586501176403909,0.35865011764039095,0.5074819048787195,0.5074819048787196,0.4261228437344924,0.42612284373449244,1.0,0.7500000465661297,0.4285713981608989,0.33896023497013045,0.19860072347841307,0.8025847129207438,0.4970736985302652,0.27875693968709503,0.7385744957885392,0.4768082884413236,0.26720400227329455,0.6277274014545575,0.6246962283412187,0.44081252055746845,0.5709308169237882,0.012241143447554144,0.24205590052002462,0.0,0.0,0.6956314657607945,0.714760737020212,0.4047619161547397,0.35073313381326776,0.6956314657607946,0.7147607370202121,0.4047619161547397,0.35073313381326787,1.0,1.0,1.0,0.8412697680593043,1.0,1.0,0.2800000317891394,0.4090909437268699,0.6577540029336281,0.50112514344488,0.813157193556426,0.6713402245048128,0.30402761013114554,-0.19999997871262698,SELL,0.0,1.0
0.553571439262632,0.553571439262632,0.5689655305301679,0.5689655305301679,0.0,0.0,0.0,HPR,2021-04-08 00:00:00+10:00,Energy,0.34560330195783223,0.41532323320539793,0.4615384615384615,0.48322139475873116,0.5270758272767104,0.44292524680410983,0.40513832506553293,0.6185495668016003,0.3831578731487343,0.6315769546159592,0.5806754141955706,0.4566370729791501,0.7249349683115527,0.383192561122221,0.5829719894922558,0.564918060046835,0.32262121206760075,0.32262121206760075,0.3586501176403909,0.35865011764039095,0.5074819048787195,0.5074819048787196,0.4100671632546774,0.41006716325467735,1.0,0.7500000465661297,0.5,0.3761542700614388,0.23429597157526477,0.8220778002511617,0.5315740379229618,0.2963712774349532,0.6930220051079444,0.4768082884413236,0.26720400227329455,0.6277274014545575,0.6238069585015884,0.4401135839603647,0.5714625465919664,0.010230335451349031,0.24205590052002462,0.0,0.0,0.5478804738726881,0.714760737020212,0.4047619161547397,0.4118279856686565,0.547880473872688,0.7147607370202121,0.4047619161547397,0.4118279856686565,1.0,1.0,1.0,0.9206348840296521,1.0,1.0,0.2800000317891394,0.35227273593171743,0.6241893598555823,0.50112514344488,0.8612830320103444,0.7423011224240782,0.3093263685391261,-0.19999997871262698,SELL,0.0,1.0
0.553571439262632,0.553571439262632,0.5689655305301679,0.5689655305301679,0.0,0.0,0.0,HPR,2021-04-09 00:00:00+10:00,Energy,0.34560330195783223,0.41532323320539793,0.4615384615384615,0.48322139475873116,0.5595668011805808,0.39212003143826935,0.4347825936510883,0.575559621021551,0.3831578731487343,0.6315769546159592,0.5797373295078214,0.4572744544373696,0.7229124317570517,0.3840479773950749,0.5837603222583576,0.5645735577744951,0.32262121206760075,0.32262121206760075,0.3586501176403909,0.35865011764039095,0.5074819048787195,0.5074819048787196,0.4100671632546774,0.41006716325467735,1.0,0.7500000465661297,0.5,0.4059031189899942,0.26984367173752344,0.8206416938568173,0.5537561855371952,0.32659932678679704,0.6582754687673656,0.4768082884413236,0.26720400227329455,0.6277274014545575,0.6229098087271701,0.4394238176481362,0.5719947329060858,0.0058063587807476065,0.24205590052002462,0.0,0.0,0.5478804738726881,0.714760737020212,0.4047619161547397,0.4118279856686565,0.547880473872688,0.7147607370202121,0.4047619161547397,0.4118279856686565,1.0,1.0,1.0,1.0,1.0,1.0,0.2800000317891394,0.35227273593171743,0.6000000000000008,0.50112514344488,0.8612830320103444,0.7423011224240782,0.31451915177894685,-0.19999997871262698,SELL,0.0,1.0
0.3928571547362577,0.535714259580233,0.41379311895186255,0.5517241157830534,0.01739076258903836,0.0,0.0,HPR,2021-04-14 00:00:00+10:00,Energy,0.3228162259567735,0.39085122982971787,0.7692306259503966,0.7736822925046496,0.5559566854975388,0.3700574852213723,0.5217391109088594,0.43656001683329704,0.3821052394852754,0.6103635783961928,0.5722326415218966,0.4463373341053908,0.7087546758755436,0.37682279239811334,0.5835632386997363,0.5479992577297944,0.031237991750954035,0.03123799175095404,0.36513199767988885,0.3651319976798889,0.5085401404907693,0.5085401404907693,0.3909257031905977,0.39092570319059766,0.0,0.9374998835846973,0.48387093673015685,0.4573642465262754,0.36277905708419833,0.7416473296709467,0.5179833224600955,0.5185279765508267,0.5421075095173766,0.4740273873287133,0.268389360782592,0.6104256104974978,0.6126869676536719,0.43745003883348943,0.5627437625957759,0.016423902790191028,0.2565289118624797,1.0,0.05861251927699062,0.3568846827296396,0.6927115169932234,0.3920067881465958,0.3495755455574158,0.3568846827296395,0.6927115169932234,0.39200678814659573,0.3495755455574158,0.9374998690327538,0.979166623010918,0.9374998690327538,0.979166623010918,0.937499869032754,0.937499869032754,0.3333333664470202,0.45454545069701446,0.5251937857454354,0.4622296004072444,0.8791728754892781,0.6909166035998249,0.3294826344205487,-0.1884057517187896,SELL,0.0,1.0
0.535714259580233,0.535714259580233,0.5517241157830534,0.5517241157830534,0.0,0.0,0.0,HPR,2021-04-15 00:00:00+10:00,Energy,0.34560330195783223,0.41532323320539793,0.4615384615384615,0.48322139475873116,0.5523465698144967,0.37552557308790147,0.5375493820888506,0.4174755513906241,0.39157892284961393,0.599289265394857,0.5689493398728087,0.4485622109447106,0.7021091973949114,0.3796409286238692,0.5865194854713289,0.5467274269347427,0.031237991750954035,0.03123799175095404,0.3059650805315541,0.30596508053155413,0.40158067999950914,0.4015806799995092,0.3909257031905977,0.39092570319059766,0.0,0.9374998835846973,0.48387093673015685,0.4644211647348052,0.3863829080718355,0.7043904008782631,0.49908593919255584,0.5661146326107963,0.5062591944472901,0.4860522597600321,0.2722538560116693,0.5994485669009845,0.6082083047261089,0.4365936896879601,0.5645741045771495,0.016423902790191028,0.23867447877910555,0.0,0.0,0.3568846827296396,0.5430662750747155,0.5386904866246458,0.3495755455574158,0.3568846827296395,0.5430662750747154,0.5386904866246457,0.3495755455574158,0.9374998690327538,0.958333246021836,0.9374998690327538,0.958333246021836,0.937499869032754,0.937499869032754,0.3333333664470202,0.45454545069701446,0.5493562015215758,0.4951927718958003,0.8791728754892781,0.6909166035998249,0.33427229234274114,-0.1884057517187896,SELL,0.0,1.0
0.535714259580233,0.535714259580233,0.5517241157830534,0.5517241157830534,0.0,0.0,0.0,HPR,2021-04-16 00:00:00+10:00,Energy,0.34560330195783223,0.41532323320539793,0.4615384615384615,0.48322139475873116,0.5487364541314546,0.3810251773752973,0.5533596532688423,0.39882917971595844,0.40105260621395267,0.5883720348414457,0.5656660382237213,0.4507960384369797,0.694596917841311,0.3828476288520368,0.5894757322429212,0.5454584072290466,0.031237991750954035,0.03123799175095404,0.3059650805315541,0.30596508053155413,0.40158067999950914,0.4015806799995092,0.3909257031905977,0.39092570319059766,0.0,0.9374998835846973,0.7142856889436052,0.4695524218643406,0.4064719243572086,0.6701799823799869,0.43278015869059316,0.6622470380045059,0.24541246139296452,0.4969086506308973,0.27742427672275305,0.5894037300224584,0.6036188382046226,0.43586628837623276,0.5664254972062966,0.016423902790191028,0.22770033011135843,0.0,0.0,0.3568846827296396,0.5430662750747155,0.5386904866246458,0.3495755455574158,0.3568846827296395,0.5430662750747154,0.5386904866246457,0.3495755455574158,0.9333332008785725,0.9361109796480268,0.9374998690327538,0.9374998690327538,0.9333332008785724,0.937499869032754,0.3066666991180798,0.3295454612802247,0.5433673237485276,0.48824637141870153,0.2614785766122721,0.751899472511677,0.3389661571064897,-0.1884057517187896,SELL,0.0,1.0
0.535714259580233,0.535714259580233,0.5517241157830534,0.5517241157830534,0.0,0.0,0.0,HPR,2021-04-19 00:00:00+10:00,Energy,0.34560330195783223,0.41532323320539793,0.4615384615384615,0.48322139475873116,0.5451263384484124,0.38655657134788246,0.5513833647699478,0.4011365396438067,0.4105262895782912,0.5776085680928197,0.5642589094447754,0.4517561461279783,0.6870846382877109,0.3860768200991821,0.5924319790145138,0.5441921893030949,0.031237991750954035,0.03123799175095404,0.004318331307930124,0.0043183313079301275,0.40158067999950914,0.4015806799995092,0.379979042243343,0.37997904224334295,0.0,0.9374998835846973,0.7142856889436052,0.473116494306577,0.4233807569701977,0.6392267730402826,0.4322063304206395,0.6593051351524936,0.2958758547682214,0.5066434186390203,0.28384825241256173,0.5800833975579358,0.6022211523639047,0.4348921055715349,0.5672419729012627,0.016423902790191028,0.22770033011135843,0.0,0.0,0.3568846827296396,0.3666987067355836,0.5386904866246458,0.39838709836208364,0.3568846827296395,0.3666987067355835,0.5386904866246457,0.3983870983620837,0.9333332008785725,0.9347220902632997,0.9374998690327538,0.9374998690327538,0.9333332008785724,0.937499869032754,0.3066666991180798,0.3295454612802247,0.5361841819868253,0.4822823721443569,0.32690065672499813,0.7928648393562301,0.34356614457496326,-0.13043478026131672,SELL,0.0,1.0
0.535714259580233,0.535714259580233,0.5517241157830534,0.5517241157830534,0.0,0.0,0.0,HPR,2021-04-20 00:00:00+10:00,Energy,0.34560330195783223,0.41532323320539793,0.4615384615384615,0.48322139475873116,0.5415162227653705,0.39212003143826935,0.5494070762710528,0.4034505394698644,0.4199999729426297,0.5669956393350134,0.5628517806658297,0.4527179120352848,0.67957235873411,0.38932873981786487,0.595388225786107,0.5429287638883394,0.031237991750954035,0.03123799175095404,0.004318331307930124,0.0043183313079301275,0.40158067999950914,0.4015806799995092,0.379979042243343,0.37997904224334295,0.0,0.9374998835846973,0.7142856889436052,0.47541209928791334,0.4374473305263449,0.6115626351641974,0.43084996011809407,0.6571645479233118,0.3333333333323163,0.515285235930022,0.2914937383429861,0.5713243551714788,0.6008050764331976,0.4339393242591856,0.5680596434986578,0.016423902790191028,0.22770033011135843,0.0,0.0,0.3568846827296396,0.3666987067355836,0.5386904866246458,0.39838709836208364,0.3568846827296395,0.3666987067355835,0.5386904866246457,0.3983870983620837,0.8888886589326878,0.9185183535632776,0.9374998690327538,0.9374998690327538,0.8888886589326878,0.937499869032754,0.3066666991180798,0.3295454612802247,0.5257731543038041,0.4772565794627005,0.32690065672499813,0.7928648393562301,0.34807413229406725,-0.13043478026131672,SELL,0.0,1.0
0.535714259580233,0.535714259580233,0.5517241157830534,0.5517241157830534,0.00819766586688677,0.0,0.0,HPR,2021-04-21 00:00:00+10:00,Energy,0.34560330195783223,0.41532323320539793,0.4615384615384615,0.48322139475873116,0.5415162227653705,0.39212003143826935,0.5474307877721578,0.40577120789691934,0.4347368128601877,0.5507784977896705,0.5581613467431525,0.4559358329219848,0.6720600791805096,0.39260362881504063,0.5983444725576992,0.5416681217570684,0.0,0.0,0.004318331307930124,0.0043183313079301275,0.3509079476345221,0.3509079476345221,0.33934876129341573,0.3393487612934158,0.0,0.8999998137355156,0.7142856889436052,0.4766877299909805,0.44900038497784445,0.5870981730323035,0.4287595235491092,0.6557756375919738,0.3639172365100237,0.5170347157000963,0.31645550473756034,0.561660421669771,0.5923927511025122,0.4350600320389444,0.570746206439539,0.007741848574135729,0.21308112673514112,1.0,0.03323659363311481,0.37374541401431466,0.3666987067355836,0.632034624513202,0.31621062750326145,0.37374541401431466,0.3666987067355835,0.632034624513202,0.31621062750326145,0.8888886589326878,0.9037035062479827,0.9374998690327538,0.9374998690327538,0.8888886589326878,0.937499869032754,0.22666669713125864,0.3295454612802247,0.5129107377705366,0.4729537059460751,0.2717089977207581,0.7928648393562301,0.35249196025878926,-0.13043478026131672,SELL,0.0,1.0
0.535714259580233,0.535714259580233,0.5517241157830534,0.5517241157830534,0.0,0.0,0.0,HPR,2021-04-22 00:00:00+10:00,Energy,0.34560330195783223,0.41532323320539793,0.4615384615384615,0.48322139475873116,0.5415162227653705,0.39212003143826935,0.5454544992732631,0.40809857379343306,0.449473652777746,0.5349066641684858,0.5534709128204756,0.4591723868288856,0.6654146006998773,0.39551998858316395,0.6013007193292919,0.5404102537221823,0.0,0.0,0.004318331307930124,0.0043183313079301275,0.3509079476345221,0.3509079476345221,0.33934876129341573,0.3393487612934158,0.0,0.8999998137355156,0.9374998835846973,0.47714969844522537,0.45835139923480184,0.5656653823076685,0.42588654494753275,0.6551880428834672,0.39089105487905057,0.5153993379881692,0.34520027617757765,0.5521353303634658,0.5836913106078914,0.43651719798570565,0.5735241569111934,0.007741848574135729,0.21308112673514112,0.0,0.0,0.37374541401431466,0.3666987067355836,0.632034624513202,0.31621062750326145,0.37374541401431466,0.3666987067355835,0.632034624513202,0.31621062750326145,0.8888886589326878,0.8888886589326878,0.9374998690327538,0.9374998690327538,0.8888886589326878,0.937499869032754,0.22666669713125864,0.2727272958179133,0.46798022912265475,0.4690270702883109,0.2717089977207581,0.8791728754892781,0.35682143166421687,-0.13043478026131672,SELL,0.0,1.0
0.4642856738967237,0.4642856738967237,0.4827585852528856,0.4827585852528856,0.012670663692397343,0.0,0.0,HPR,2021-04-28 00:00:00+10:00,Energy,0.25313417756747497,0.3137544454086258,0.4615384615384615,0.48322139475873116,0.5270757869306055,0.3017996269127612,0.5316204945054659,0.32999051381447164,0.5042104856368596,0.39654876985961385,0.5314258824699662,0.40874835137714227,0.6414330921489786,0.3514636789645681,0.6111548752346012,0.47027762963431174,0.12676263267783153,0.12676263267783153,0.10155735824447372,0.10155735824447372,0.3787144037354328,0.37871440373543286,0.3514822756693753,0.35148227566937534,0.0,0.0,0.7499999068677579,0.4544601565830432,0.4745877768665348,0.46128078654524857,0.44077203502096063,0.6152389855366823,1.1332268456953898e-11,0.44437925352764585,0.5245517160657116,0.3295243341736852,0.5396959333032527,0.4469719028349364,0.5250907085571334,0.039339106549155525,0.06576877468757057,0.3041825629549244,0.16474838170190326,0.30532518061523495,0.3137213623433454,0.5670995477035006,0.25725804576815087,0.3053251806152349,0.31372136234334536,0.5670995477035005,0.25725804576815087,0.4444441225057629,0.7407404801237129,0.6666665010982156,0.8458331903365139,0.4444441225057628,0.6666665010982156,0.21333338830205364,0.3409091197723915,0.23711337527070758,0.3602389819336669,0.0,0.1245375559199347,0.3732905684043223,-0.12307689045307779,SELL,0.0,1.0
0.4642856738967237,0.4642856738967237,0.4827585852528856,0.4827585852528856,0.0,0.0,0.0,HPR,2021-04-29 00:00:00+10:00,Energy,0.34560330195783223,0.41532323320539793,0.4615384615384615,0.48322139475873116,0.5126353510958406,0.3235756886791714,0.5237153552343534,0.339005650890279,0.5084210085266204,0.39264916938017513,0.5267354485472895,0.41190030373609765,0.6347876136683464,0.35429195843821193,0.6121402908251317,0.46988610280361665,0.12676263267783153,0.12676263267783153,0.10155735824447372,0.10155735824447372,0.3120809951206551,0.3120809951206552,0.33612191067026786,0.3361219106702678,0.0,0.0,0.7499999068677579,0.43791182265375583,0.4695997231857018,0.42610106233807277,0.44841142087344943,0.5932983629002188,0.16666666667220487,0.43209595323457206,0.5459704280561013,0.2873533366980836,0.533697841698485,0.44528304281797504,0.5278139099314851,0.039339106549155525,0.0639968297770172,0.0,0.0,0.30532518061523495,0.3137213623433454,0.4633098807268286,0.3096773449513782,0.3053251806152349,0.31372136234334536,0.4633098807268286,0.3096773449513782,0.4444441225057629,0.592592301314738,0.4444441225057629,0.6814812748275169,0.4444441225057628,0.4444441225057628,0.21333338830205364,0.3409091197723915,0.3203124840838475,0.3244016896114385,0.0,0.1245375559199347,0.3772040676468392,-0.0769230636971937,SELL,0.0,1.0
0.6607142512648524,0.6607142512648524,0.6724137620962748,0.6724137620962748,0.005855475619204836,0.0,0.0,HPR,2021-04-30 00:00:00+10:00,Energy,0.6155419725119007,0.6812321701356692,0.4615384615384615,0.48322139475873116,0.5379061070823283,0.5935686253041539,0.5375493452776834,0.5822865914877571,0.5242104781862794,0.6013173744555075,0.5272044891438421,0.5932625778267108,0.6327650771138453,0.5063005434665432,0.6152936211553457,0.6497461793840743,0.4200707997001426,0.42007079970014266,0.38403902866671574,0.38403902866671574,0.46089464161710525,0.46089464161710525,0.45109921402377495,0.4510992140237749,0.7333333002196432,0.6874998835846973,0.7999999105930408,0.47820643801169926,0.4750792221483371,0.5279833375856445,0.5056834195194905,0.5593588095586232,0.9160378141693122,0.43976520215621284,0.5662387479538524,0.8834850084899997,0.5349485464952501,0.4446944429665134,0.7023232964390532,0.01749616413572805,0.06497144333543169,0.31606561522172005,0.07705538257721711,0.49348079060205546,0.5070510909253946,0.6243169059860096,0.4516128147492004,0.4934807906020555,0.5070510909253946,0.6243169059860098,0.4516128147492005,1.0,0.6296294150038421,1.0,0.7037035412013262,1.0,1.0,0.36000003377596057,0.39772728523470297,0.8355262533358288,0.7019294604936719,0.10152174540820369,0.1818495692611556,0.3810392969045059,-0.21052630804995065,SELL,0.0,1.0
0.6607142512648524,0.6607142512648524,0.6724137620962748,0.6724137620962748,0.0,0.0,0.0,HPR,2021-05-03 00:00:00+10:00,Energy,0.34560330195783223,0.41532323320539793,0.4615384615384615,0.48322139475873116,0.5631768630688161,0.5511617538142002,0.5513833353210138,0.5642899885176016,0.5305262644815997,0.5946735942859546,0.5276735297403949,0.5928932853691616,0.6316093416323125,0.506878925837989,0.6184469514855602,0.6482869227788078,0.4200707997001426,0.42007079970014266,0.38403902866671574,0.38403902866671574,0.35586890471576976,0.35586890471576976,0.45109921402377495,0.4510992140237749,0.7333333002196432,0.6874998835846973,0.7999999105930408,0.5092215288249409,0.4867519120726814,0.5882626032089553,0.5435790579718712,0.5452604653663363,0.8000234269662212,0.4612225803956971,0.5537932883101524,0.7963109951331137,0.5361937853671623,0.4441122040925667,0.7015515536577445,0.01749616413572805,0.059854722153755625,0.0,0.0,0.49348079060205546,0.5070510909253946,0.4812924941377703,0.4516128147492004,0.4934807906020555,0.5070510909253946,0.48129249413777037,0.4516128147492005,1.0,0.8148147075019211,1.0,0.8148147075019211,1.0,1.0,0.36000003377596057,0.39772728523470297,0.7500000000000004,0.6955207186113741,0.10152174540820369,0.1818495692611556,0.3926942755121766,-0.21052630804995065,SELL,0.0,1.0
0.4642856738967237,0.4642856738967237,0.4827585852528856,0.4827585852528856,0.11965102302185637,0.0,0.0,HPR,2021-05-04 00:00:00+10:00,Energy,0.11473470318645096,0.14941429627512676,0.4615384615384615,0.48322139475873116,0.5487364272340511,0.2700768821139461,0.5434781960499013,0.31666323126151186,0.525263104007022,0.37727568663953803,0.5229830958177175,0.4144352621915476,0.6272753341147459,0.35751088122048014,0.6194323670760906,0.4669976699567836,0.5613590272792459,0.561359027279246,0.5118449202733826,0.5118449202733826,0.47082818794203507,0.47082818794203507,0.5240618119911498,0.5240618119911498,0.42307691205535436,0.42307691205535436,0.40740736652631065,0.4792574876700744,0.48904798837689106,0.49699860270423296,0.5461493033636372,0.5285105945059126,0.3165501379282223,0.46354507302184067,0.5415843785823029,0.28733861327021226,0.5300038617302401,0.4426465888650941,0.5302329597220905,0.13049580944339847,0.15943118433967546,0.8659247374982733,0.64736024051836,0.30532518061523495,0.3137213623433454,0.3409863711469364,0.3096773449513782,0.3053251806152349,0.31372136234334536,0.3409863711469364,0.3096773449513782,0.0,0.6666666666666667,0.26666651765502364,0.755555505885008,0.0,0.2666665176550237,0.38666670110490103,0.4204545598861958,0.35445203093910066,0.2598175840882219,0.04042960323716798,0.036594396694086415,0.40388305497554067,-0.13846148026765237,SELL,0.0,1.0
0.3928571547362577,0.3928571547362577,0.3103448231566107,0.3620689389396642,0.014929003529212264,0.0,0.0,HPR,2021-05-05 00:00:00+10:00,Energy,0.17382416459036582,0.22153010608518753,0.3461537745136598,0.3742984397546299,0.5234656712475634,0.109038678082785,0.5217390667354584,0.17452888476933692,0.5126315235736653,0.24566938231332947,0.5150093602459529,0.3033570784371583,0.6194741201525813,0.26407938846205703,0.6190382006930397,0.3520605040109418,0.5978464703143146,0.5978464703143147,0.5593452036462647,0.5593452036462648,0.5188166253064598,0.5188166253064598,0.5599204792661628,0.5599204792661627,0.3333333333333333,0.3333333333333333,0.32352939242929024,0.42126121111584863,0.47725470641158374,0.3598647447558523,0.5734236821594364,0.4617574949062154,0.16917060478940332,0.48665878640883253,0.49268014269358806,0.12283358275515072,0.5258674825031138,0.43272275927932324,0.4251453461698192,0.13262860859629544,0.17185546052098752,0.10630505319880819,0.07496562706315572,0.24664170508160355,0.19069336514996466,0.2517006651557617,0.21935478200153813,0.24664170508160355,0.1906933651499647,0.2517006651557617,0.21935478200153813,0.14285709217291595,0.38095236405763877,0.14285709217291595,0.46984120327597984,0.14285709217291598,0.14285709217291598,0.5199999880790727,0.5340908908108187,0.2514417893895246,0.11494796435472421,0.03748114245767042,0.034161965851010334,0.6724137620962748,0.03448276526508387,HOLD,0.0,0.5
0.35714286189450306,0.35714286189450306,0.3620689389396642,0.3620689389396642,0.014638689048012089,0.0,0.0,HPR,2021-05-06 00:00:00+10:00,Energy,0.34560330195783223,0.41532323320539793,0.42307685143673673,0.4456829284294651,0.4981949152610756,0.1435524993812396,0.4999999374210158,0.19721218151235176,0.4999999431403085,0.2561085010721086,0.5070356246741876,0.30824845038737503,0.6116729061904163,0.2671068313973676,0.6186440343099888,0.3521995065772685,0.5978464703143146,0.5978464703143147,0.5593452036462647,0.5593452036462648,0.5188166253064598,0.5188166253064598,0.5599204792661628,0.5599204792661627,0.3333333333333333,0.3333333333333333,0.32352939242929024,0.3759167168343275,0.45716332874361826,0.2790981224894285,0.5839293920471534,0.4121753533004566,0.2457261897742981,0.49986544395230736,0.45484829092763235,0.1954975452361412,0.5210470831847911,0.4235949590091499,0.43141635962309655,0.1464535356919249,0.18403813000116861,0.09439797127431976,0.0686676319124487,0.24664170508160355,0.19069336514996466,0.2517006651557617,0.21935478200153813,0.24664170508160355,0.1906933651499647,0.2517006651557617,0.21935478200153813,0.14285709217291595,0.09523806144861072,0.14285709217291595,0.1841269006669518,0.14285709217291598,0.14285709217291598,0.533333346578808,0.5454545493029855,0.3248407762923508,0.1984394041940452,0.1020618030676468,0.09357964969295963,0.6651723833174815,0.03448276526508387,HOLD,0.0,0.5
0.3392856822121041,0.3392856822121041,0.3620689389396642,0.3620689389396642,4.2276533970658915e-05,0.0,0.0,HPR,2021-05-07 00:00:00+10:00,Energy,0.34560330195783223,0.41532323320539793,0.4615384615384615,0.48322139475873116,0.43321296745333493,0.23934596804145025,0.4782608081065731,0.22065273552572928,0.48736836270695194,0.2667330668312823,0.499061889102423,0.31318964459419885,0.6056052943741876,0.26947735713563015,0.6182498679269388,0.3523385496720852,0.3440273717013948,0.3440273717013948,0.5593452036462647,0.5593452036462648,0.5188166253064598,0.5188166253064598,0.5599204792661628,0.5599204792661627,0.3793103536867786,0.3333333333333333,0.32352939242929024,0.3410013339548573,0.4328844987569611,0.2383410148588074,0.5841038310381589,0.3731723351518932,0.29509460493930073,0.5073063075561894,0.42346044091963875,0.24085598010929712,0.5155552325574582,0.4152485611171348,0.43723787147529547,0.14096349124312527,0.18407331355062734,0.00028323899879329205,0.00019827441651725682,0.09421280579637259,0.19069336514996466,0.2517006651557617,0.21935478200153813,0.09421280579637253,0.1906933651499647,0.2517006651557617,0.21935478200153813,0.14285709217291595,0.14285709217291595,0.14285709217291595,0.14285709217291595,0.14285709217291598,0.14285709217291598,0.533333346578808,0.5454545493029855,0.3592307683975401,0.237474420237827,0.10204214317277746,0.09356312153324012,0.6580758321142642,0.03448276526508387,HOLD,0.0,0.5
0.3392856822121041,0.3392856822121041,0.3620689389396642,0.3620689389396642,0.0,0.0,0.0,HPR,2021-05-10 00:00:00+10:00,Energy,0.34560330195783223,0.41532323320539793,0.4615384615384615,0.48322139475873116,0.36823101964559446,0.3467507660905902,0.45652167879213024,0.2448891108381348,0.47473678227359517,0.27754806547082633,0.49108815353065793,0.31818142616928236,0.5995376825579599,0.27186188401383604,0.6182498679269388,0.3523385496720852,0.3440273717013948,0.3440273717013948,0.5593452036462647,0.5593452036462648,0.5188166253064598,0.5188166253064598,0.5599204792661628,0.5599204792661627,0.3793103536867786,0.3333333333333333,0.32352939242929024,0.3146548034032555,0.40726953762291096,0.22533624803678545,0.5763823803608493,0.3422546331701999,0.3317244058414506,0.5106533500068562,0.3966479522555435,0.2730855771587281,0.5093987827383235,0.407675591442515,0.44266561622375333,0.14096349124312527,0.18407331355062734,0.0,0.0,0.09421280579637259,0.19069336514996466,0.2517006651557617,0.21935478200153813,0.09421280579637253,0.1906933651499647,0.2517006651557617,0.21935478200153813,0.14285709217291595,0.14285709217291595,0.14285709217291595,0.14285709217291595,0.14285709217291598,0.14285709217291598,0.533333346578808,0.5454545493029855,0.3839721247137209,0.26900946182212965,0.10204214317277746,0.09356312153324012,0.6511212119351112,-0.03448270103593898,HOLD,0.0,0.5
0.3392856822121041,0.3392856822121041,0.3620689389396642,0.3620689389396642,0.014874313386928892,0.0,0.0,HPR,2021-05-11 00:00:00+10:00,Energy,0.34560330195783223,0.41532323320539793,0.4615384615384615,0.48322139475873116,0.3429602636591065,0.39212003143826935,0.4347825494776876,0.2699625352416657,0.4621052018402384,0.2885586632190832,0.4831144179588931,0.32322457597113174,0.5931811384858923,0.274375111811633,0.6182498679269388,0.3523385496720852,0.23548590770583383,0.23548590770583386,0.5593452036462647,0.5593452036462648,0.5188166253064598,0.5188166253064598,0.5599204792661628,0.5599204792661627,0.0,0.3333333333333333,0.32352939242929024,0.29532200650512885,0.38223402209276386,0.23097607985981208,0.5618357614463,0.3183258387604557,0.361442999941048,0.5107692037550939,0.37344672439905024,0.2978272500019493,0.5025791531108996,0.4008743981757894,0.4477450726176976,0.042011299057615546,0.19645207527876143,0.3343723344881691,0.06538578711965003,0.24664170508160355,0.19069336514996466,0.2517006651557617,0.21935478200153813,0.24664170508160355,0.1906933651499647,0.2517006651557617,0.21935478200153813,0.14285709217291595,0.14285709217291595,0.14285709217291595,0.14285709217291595,0.14285709217291598,0.14285709217291598,0.533333346578808,0.5454545493029855,0.4002659567551162,0.29067341207269126,0.10204214317277746,0.09356312153324012,0.644305684159541,-0.03448270103593898,HOLD,0.0,0.5
0.3392856822121041,0.3392856822121041,0.3448275884216946,0.3448275884216946,0.0010605437441503797,0.0,0.0,HPR,2021-05-12 00:00:00+10:00,Energy,0.31810176005124197,0.3857439039647122,0.42307699471710936,0.4450358544149763,0.33935016142476626,0.36547712448017355,0.4189722782976959,0.262958294454787,0.44947362532823976,0.2783942037431065,0.47467164004325335,0.31154213773309514,0.5865356610816221,0.2629678168678099,0.6180527851025093,0.3359602770013146,0.03770088532537819,0.03770088532537819,0.5495095443199942,0.5495095443199942,0.5190211685342218,0.5190211685342219,0.5604276092906264,0.5604276092906264,0.0,0.3235294278775541,0.31428571124466104,0.276854134074612,0.3578653354777926,0.2374664266861434,0.5576151562091346,0.294411783769454,0.36188542552062236,0.5118082207585042,0.3492137523622143,0.2996532487386125,0.4956679181276198,0.3933128979731664,0.43757705938603064,0.028913784326049737,0.1828616739748065,0.03464038037096114,0.005006668027233872,0.35339633070148835,0.23476717793547072,0.24948242980983898,0.2064515793236713,0.3533963307014883,0.23476717793547064,0.249482429809839,0.20645157932367128,0.0952381205802087,0.12698410164201362,0.0952381205802087,0.12698410164201349,0.09523812058020864,0.09523812058020864,0.5466666554080131,0.5568181654623114,0.40866584285100316,0.29929560899865715,0.1015570374510331,0.09315512333047905,0.6376264669394826,-0.0175438298376277,HOLD,0.0,0.5
0.3214285690527484,0.3214285690527484,0.3448275884216946,0.3448275884216946,0.0,0.0,0.0,HPR,2021-05-13 00:00:00+10:00,Energy,0.34560330195783223,0.41532323320539793,0.4615384615384615,0.48322139475873116,0.3357400591904258,0.3720684687661646,0.40316200711770445,0.2818961102544273,0.4368420488162411,0.28961539507259093,0.46622886212761383,0.3169041967385354,0.5798901836773525,0.26558339793960184,0.6178557022780797,0.3360286246815759,0.03770088532537819,0.03770088532537819,0.5495095443199942,0.5495095443199942,0.5190211685342218,0.5190211685342219,0.5604276092906264,0.5604276092906264,0.0,0.3235294278775541,0.3235294278775541,0.2641248518790871,0.33537878143062816,0.25578550802798616,0.5498808541490515,0.2740957210150736,0.3833425546954553,0.5101781614718719,0.3279638096332873,0.3192976999234911,0.488009768341906,0.38662062089226623,0.44272562933961745,0.01508885723042028,0.1828616739748065,0.0,0.0,0.35339633070148835,0.23476717793547072,0.24948242980983898,0.2064515793236713,0.3533963307014883,0.23476717793547064,0.249482429809839,0.20645157932367128,0.0952381205802087,0.1111111111111112,0.0952381205802087,0.11111111111111105,0.09523812058020864,0.09523812058020864,0.4933333207501322,0.45454545069701446,0.41849438032942754,0.3106588987098248,0.11995023732614399,0.1015570374510331,0.6310808340638251,-0.0175438298376277,HOLD,0.0,0.5
0.30357145589339274,0.30357145589339274,0.3275862379037251,0.3275862379037251,0.0002673610167728928,0.0,0.0,HPR,2021-05-14 00:00:00+10:00,Energy,0.3176192776797602,0.38522034981375114,0.4615384615384615,0.48322139475873116,0.32851985472174494,0.351736465132962,0.3636363254866086,0.3044545677734929,0.4231578425621415,0.28021699992034266,0.45731704186809985,0.3053549855625617,0.57584511056835,0.25305841236014326,0.6166732038631197,0.3199827141025564,0.04658193498225741,0.04658193498225741,0.3427767435641351,0.3427767435641352,0.5190844568428657,0.5190844568428657,0.5609213512431174,0.5609213512431175,0.0,0.3142857446962505,0.3142857446962505,0.2511861964335239,0.31434872704878625,0.2699618398654935,0.4609419977986654,0.2945784733425474,0.3819204250568442,0.5075800293737336,0.3058731683633025,0.31881496736610226,0.48020820749898996,0.3792283258311855,0.43252081965774636,0.01530142930944268,0.1830841782501925,0.016501507036450768,0.0012606455135109758,0.33304724738866204,0.0648903507578606,0.23654249269989064,0.19354837664580446,0.333047247388662,0.0648903507578606,0.23654249269989064,0.19354837664580443,0.04761914898750147,0.07936513004930638,0.04761914898750147,0.07936513004930625,0.047619148987501525,0.047619148987501525,0.5066666295793373,0.46590906685634037,0.41784872654324073,0.31260823961708806,0.11978462245460662,0.10143829415142577,0.6246661138456807,0.0,HOLD,0.0,0.5
0.30357145589339274,0.30357145589339274,0.3275862379037251,0.3275862379037251,0.0,0.0,0.0,HPR,2021-05-17 00:00:00+10:00,Energy,0.34560330195783223,0.41532323320539793,0.4615384615384615,0.48322139475873116,0.3212996502530643,0.36500806001669495,0.3241106438555128,0.3564870750008513,0.4094736363080421,0.292639349988303,0.44840522160858587,0.31104512882395796,0.5726668385323161,0.25429826669697597,0.6154907054481589,0.3203861648453643,0.04658193498225741,0.04658193498225741,0.3427767435641351,0.3427767435641352,0.5190844568428657,0.5190844568428657,0.5609213512431174,0.5609213512431175,0.0,0.3142857446962505,0.3142857446962505,0.24308143395716225,0.2956199220971039,0.2923602491061804,0.30439248493067084,0.3842938969911722,0.35578512445985494,0.5023833912094002,0.2866866852776139,0.33548402425903545,0.4715648040863487,0.3728157262106977,0.4376582857149044,0.01530142930944268,0.1830841782501925,0.0,0.0,0.33304724738866204,0.0648903507578606,0.23654249269989064,0.19354837664580446,0.333047247388662,0.0648903507578606,0.23654249269989064,0.19354837664580443,0.04761914898750147,0.06349213951840398,0.04761914898750147,0.06349213951840384,0.047619148987501525,0.047619148987501525,0.5066666295793373,0.46590906685634037,0.426189029913305,0.3256574731596532,0.11978462245460662,0.10143829415142577,0.6183796880318991,0.0,HOLD,0.0,0.5
0.30357145589339274,0.30357145589339274,0.3275862379037251,0.3275862379037251,0.0,0.0,0.0,HPR,2021-05-18 00:00:00+10:00,Energy,0.34560330195783223,0.41532323320539793,0.4615384615384615,0.48322139475873116,0.3140794457843834,0.3784679041499599,0.30632409153885987,0.3810888020890679,0.39578943005394274,0.30531722301666997,0.43949340134907167,0.3168026110640181,0.5694885664962828,0.25554201382605024,0.6143082070331989,0.32078996900131884,0.04658193498225741,0.04658193498225741,0.20916741052359,0.20916741052359006,0.5190844568428657,0.5190844568428657,0.5609213512431174,0.5609213512431175,0.0,0.3548387561950986,0.3142857446962505,0.23885627152762706,0.279643890799828,0.3191534120073003,0.23237935811866117,0.42626925700369556,0.2705842661308958,0.4947883724477735,0.2701806949301576,0.34993557266079245,0.462063114598406,0.36740195818288157,0.4423922367531674,0.001253976187281974,0.1830841782501925,0.0,0.0,0.33304724738866204,0.2161102145244238,0.23654249269989064,0.19354837664580446,0.333047247388662,0.2161102145244238,0.23654249269989064,0.19354837664580443,0.04761914898750147,0.04761914898750147,0.04761914898750147,0.04761914898750147,0.047619148987501525,0.047619148987501525,0.4533332949214564,0.46590906685634037,0.4332493926133667,0.3357275163214143,0.1296299496260741,0.10143829415142577,0.6122189907343935,-0.1071428713977941,SELL,0.0,1.0
0.30357145589339274,0.30357145589339274,0.3275862379037251,0.3275862379037251,0.0,0.0,0.0,HPR,2021-05-19 00:00:00+10:00,Energy,0.34560330195783223,0.41532323320539793,0.4615384615384615,0.48322139475873116,0.31046934355004296,0.3852696757945424,0.3023715292655369,0.38666135004387003,0.38210522379984335,0.31825858494706416,0.43292679805089596,0.3210887560215271,0.5663102944602485,0.25678967210959347,0.6131257086182389,0.32119412703499584,0.03836230324225472,0.03836230324225472,0.024141014859319767,0.024141014859319763,0.5190844568428657,0.5190844568428657,0.548313516114153,0.548313516114153,0.0,0.3548387561950986,0.3142857446962505,0.23771883178354822,0.26659574745647685,0.3476509889076619,0.22975539854867766,0.4218971979037841,0.3136610018750236,0.4849050345493593,0.256232189760757,0.36277213959314203,0.45862131851379817,0.3592705545863901,0.44783234457519716,0.00025238786905781136,0.1762618833412911,0.0,0.0,0.35303932984649633,0.3422057622792044,0.23654249269989064,0.24516130409446904,0.3530393298464964,0.34220576227920435,0.23654249269989064,0.2451613040944691,0.04761914898750147,0.04761914898750147,0.04761914898750147,0.04761914898750147,0.047619148987501525,0.047619148987501525,0.4533332949214564,0.46590906685634037,0.4384564421019192,0.34368587232545816,0.1296299496260741,0.10143829415142577,0.6061815073828377,-0.017857178494485204,HOLD,0.0,0.5
0.30357145589339274,0.30357145589339274,0.3275862379037251,0.3275862379037251,0.0006441023181125319,0.0,0.0,HPR,2021-05-20 00:00:00+10:00,Energy,0.34560330195783223,0.41532323320539793,0.4615384615384615,0.48322139475873116,0.3068592413157025,0.39212003143826935,0.29841896699221415,0.39227314122720913,0.36842101754574397,0.3314717363163088,0.42636019475272047,0.3254126050468128,0.5631320224242147,0.25804126002550065,0.6119432102032785,0.3215986394117858,0.03836230324225472,0.03836230324225472,0.024141014859319767,0.024141014859319763,0.5190844568428657,0.5190844568428657,0.548313516114153,0.548313516114153,0.0,0.0,0.3142857446962505,0.2390135102658982,0.2564615049508582,0.37601242708769644,0.2254857700562619,0.4192102881794084,0.3470561774184727,0.4727715438166651,0.2447985141138298,0.37441598177143975,0.45471161346876543,0.3516836806818229,0.45296020048157604,0.0008606846612655072,0.17679792079841905,0.7066683798021329,0.0031444249431887786,0.35303932984649633,0.3422057622792044,0.23654249269989064,0.24516130409446904,0.3530393298464964,0.34220576227920435,0.23654249269989064,0.2451613040944691,0.04761914898750147,0.04761914898750147,0.04761914898750147,0.04761914898750147,0.047619148987501525,0.047619148987501525,0.3066666494475494,0.46590906685634037,0.4354339143535289,0.3500758532514594,0.08917934613781825,0.10143829415142577,0.6002647736983132,-0.017857178494485204,HOLD,0.0,0.5
0.30357145589339274,0.30357145589339274,0.3275862379037251,0.3275862379037251,0.0,0.0,0.0,HPR,2021-05-21 00:00:00+10:00,Energy,0.34560330195783223,0.41532323320539793,0.4615384615384615,0.48322139475873116,0.3068592413157025,0.39212003143826935,0.2944664047188914,0.3979245916443297,0.3547368112916446,0.3449653300104544,0.41979359145454476,0.3297746578466286,0.5599537503881804,0.25929679616824663,0.6099723790222167,0.3222736155699397,0.0,0.0,0.024141014859319767,0.024141014859319763,0.5190844568428657,0.5190844568428657,0.548313516114153,0.548313516114153,0.0,0.0,0.3142857446962505,0.24219894031046704,0.24910274292122814,0.40302659892235065,0.2194310440862487,0.41835130134926657,0.3749999999978452,0.45836001706953855,0.2359108309590896,0.3851814522085952,0.450341490197703,0.34463261911679344,0.45781382190684095,0.0006081861927909309,0.15267662507308385,0.0,0.0,0.37374541401431466,0.3422057622792044,0.23654249269989064,0.24516130409446904,0.37374541401431466,0.34220576227920435,0.23654249269989064,0.2451613040944691,0.10000022351746454,0.06507950716415593,0.04761914898750147,0.04761914898750147,0.10000022351746451,0.047619148987501525,0.3066666494475494,0.46590906685634037,0.42298579326572566,0.3552459134201831,0.08917934613781825,0.10143829415142577,0.5944663746874791,-0.017857178494485204,HOLD,0.0,0.5
0.3392856822121041,0.37499997505385874,0.3620689389396642,0.39655170420474806,0.033336510904769356,0.0,0.0,HPR,2021-05-24 00:00:00+10:00,Energy,0.4595383606002745,0.532664247180578,0.5384615384615384,0.5595926176987056,0.32129966370176577,0.5005680167021664,0.29841897435444764,0.5065132677200619,0.34526312792730607,0.44694144289862325,0.4151031592791896,0.40397712376695194,0.5579312127573173,0.31710254265132076,0.608789879873064,0.38869655992034535,0.15618951820987717,0.1561895182098772,0.1476742091936063,0.1476742091936063,0.5451434263687766,0.5451434263687766,0.5657696625521441,0.5657696625521442,0.8000001490117541,0.30769224156285757,0.3846153699199569,0.2662313763906471,0.24886377762177353,0.4723246588297093,0.2391911119170146,0.4051761611897965,0.9270085312148528,0.44199885272366,0.23689268872375613,0.4688711993031855,0.4446171040406057,0.3426252372406924,0.5238987669999257,0.03209152676854274,0.1804200720882665,0.9810450060483664,0.15949492560377743,0.4580488326532247,0.4258405030758053,0.2883022893447882,0.3004607976061423,0.4580488326532246,0.4258405030758054,0.2883022893447882,0.30046079760614236,0.833333022892526,0.3269841317991641,0.23809521275312462,0.11111117024270917,0.833333022892526,0.23809521275312462,0.2133332889609928,0.46590902452349947,0.6564626815755185,0.39837642318733285,0.7499706629062333,0.25557048618706146,0.5887839436568617,-0.08333331781129005,SELL,0.0,1.0
0.37499997505385874,0.37499997505385874,0.39655170420474806,0.39655170420474806,0.0,0.0,0.0,HPR,2021-05-25 00:00:00+10:00,Energy,0.34560330195783223,0.41532323320539793,0.4615384615384615,0.48322139475873116,0.33574008608782924,0.4723263547497629,0.3023715439900039,0.5005006235479306,0.33578944456296755,0.4572834771089346,0.41041272710383425,0.407362155856534,0.5521525364260158,0.3195642417518858,0.6076073807239122,0.3891313626281314,0.15618951820987717,0.1561895182098772,0.1476742091936063,0.1476742091936063,0.5451434263687766,0.5451434263687766,0.5657696625521441,0.5657696625521442,1.0,0.6666668736274619,0.3846153699199569,0.2869211137711246,0.25353505683707467,0.5201168123754941,0.25354468887133275,0.39753721643396733,0.8227486322050176,0.424099545739693,0.2395936148366299,0.4773944642527075,0.4386405326048919,0.34091133632710147,0.5266456773115156,0.03209152676854274,0.1804200720882665,0.0,0.0,0.4580488326532247,0.4258405030758053,0.2883022893447882,0.3004607976061423,0.4580488326532246,0.4258405030758054,0.2883022893447882,0.30046079760614236,1.0,0.644444415469997,0.23809521275312462,0.17460319149791687,1.0,0.23809521275312462,0.08000000198682122,0.46590902452349947,0.6696429777160184,0.4112005667314592,0.9731183583786908,0.25557048618706146,0.5832151612468567,-0.08333331781129005,SELL,0.0,1.0
0.30357145589339274,0.30357145589339274,0.3275862379037251,0.3275862379037251,0.6664106262360908,0.0,0.0,HPR,2021-05-26 00:00:00+10:00,Energy,0.23926390823233729,0.29798221923021806,0.4615384615384615,0.48322139475873116,0.33574008608782924,0.33864914923060674,0.3003952628533424,0.38946229346320704,0.32631576511998694,0.37392621983838337,0.403846123805659,0.340530414331628,0.5452181256895441,0.26517005016745354,0.6056365495428504,0.32376204334110015,0.23881055020545947,0.2388105502054595,0.20524083981821933,0.20524083981821933,0.5492572369703178,0.5492572369703179,0.5787105927294091,0.578710592729409,0.5,0.40000007450587693,0.3488372153466054,0.28535419801482464,0.2569038275022484,0.5074392993849853,0.25286694071119376,0.3947017397127143,0.4049413718995014,0.41536207712139817,0.23205503848789977,0.4038136020138284,0.43316191473403554,0.33515028686694315,0.4665845120759098,0.6614565124752271,0.7244782089565622,0.9514833834170591,0.7972477452632182,0.37374541401431466,0.3627476099319732,0.281135592813537,0.24516130409446904,0.37374541401431466,0.36274760993197325,0.281135592813537,0.2451613040944691,0.0,0.6111110076308421,0.04761914898750147,0.17460319149791684,0.0,0.047619148987501525,0.11999992847443622,0.511363531493644,0.4296407220692394,0.35786298959947366,0.0502338198883659,0.06535392157703583,0.5777577544850517,-0.017857178494485204,HOLD,0.0,0.5
0.30357145589339274,0.30357145589339274,0.3275862379037251,0.3275862379037251,0.0,0.0,0.0,HPR,2021-05-27 00:00:00+10:00,Energy,0.34560330195783223,0.41532323320539793,0.4615384615384615,0.48322139475873116,0.33574008608782924,0.33864914923060674,0.2984189817166809,0.39227312024801164,0.31684208567700656,0.3838721351713269,0.40196995268283864,0.341811153966853,0.5382837149530724,0.2679639806179106,0.6036657183617886,0.3244401879324016,0.23881055020545947,0.2388105502054595,0.20524083981821933,0.20524083981821933,0.5492572369703178,0.5492572369703179,0.514116513873111,0.514116513873111,0.5,0.40000007450587693,0.38461540665852834,0.2857695392655907,0.2596964565188724,0.5018316254598152,0.25194382446823427,0.3921175175821664,0.4166666666632642,0.4054124679451725,0.225871182055982,0.4123789796101558,0.4338609679486365,0.3308691083282558,0.46884016575988263,0.6608482156830194,0.7244782089565622,0.0,0.0,0.37374541401431466,0.3627476099319732,0.281135592813537,0.37419358265924996,0.37374541401431466,0.36274760993197325,0.281135592813537,0.37419358265924996,0.0,0.3333333333333334,0.04761914898750147,0.11111117024270917,0.0,0.047619148987501525,0.11999992847443622,0.46590898219065846,0.4375000000000011,0.3607050315744502,0.05023694832908191,0.06644532373256254,0.5724094958584828,0.0714285144088238,BUY,0.0,0.0
0.30357145589339274,0.30357145589339274,0.3275862379037251,0.3275862379037251,0.0,0.0,0.0,HPR,2021-05-28 00:00:00+10:00,Energy,0.34560330195783223,0.41532323320539793,0.4615384615384615,0.48322139475873116,0.33574008608782924,0.33864914923060674,0.2984189817166809,0.39227312024801164,0.29578945946412805,0.4065224715380181,0.4000937815600183,0.3430951701960353,0.5313493042166004,0.2707774177798846,0.6042569683034609,0.32423664000764507,0.23881055020545947,0.2388105502054595,0.20174051574305668,0.20174051574305668,0.3968762330257036,0.3968762330257037,0.514116513873111,0.514116513873111,0.5,0.40000007450587693,0.38461540665852834,0.28773319764439165,0.26239205391961684,0.5008872020464847,0.25194382446823427,0.3921175175821664,0.4166666666632642,0.34061727487939963,0.25983508375873643,0.41813277568041995,0.43450333551966236,0.3266538977847193,0.47103137352432645,0.6608482156830194,0.7196051411644898,0.0,0.0,0.37374541401431466,0.38402309373201393,0.16979954842050682,0.37419358265924996,0.37374541401431466,0.38402309373201393,0.16979954842050682,0.37419358265924996,0.0,0.0,0.04761914898750147,0.04761914898750147,0.0,0.047619148987501525,0.11999992847443622,0.46590898219065846,0.4444444444444454,0.3629811841220358,0.05023694832908191,0.06644532373256254,0.5671682024044454,-0.017857178494485204,HOLD,0.0,0.5
0.37499997505385874,0.37499997505385874,0.39655170420474806,0.39655170420474806,0.0025676260590213203,0.0,0.0,HPR,2021-05-31 00:00:00+10:00,Energy,0.4595383606002745,0.532664247180578,0.4615384615384615,0.48322139475873116,0.33574008608782924,0.4723263547497629,0.3063241136255601,0.4945300258448393,0.2789473561410104,0.522726204877726,0.4000937815600183,0.41488543184734394,0.5255706278852992,0.3310730699525216,0.6056365502770422,0.38985688238734917,0.23881055020545947,0.2388105502054595,0.2508115446680293,0.2508115446680293,0.43375500038577947,0.4337550003857796,0.5309288011372558,0.5309288011372557,0.6666666666666666,0.5714286474549725,0.2499999126884721,0.31028949629602764,0.26984965795786453,0.5472365338815253,0.26730397592440147,0.39050681890311534,0.7545875385932161,0.2436258488245615,0.33747291063561846,0.6168036697631315,0.43450333551966236,0.3266538977847193,0.5344152604228305,0.631789767319841,0.7217419813913135,0.0038381308364096737,0.00308336044599316,0.37374541401431466,0.4706447843908307,0.21679199570825702,0.438709660139591,0.37374541401431466,0.4706447843908306,0.21679199570825702,0.43870966013959106,1.0,0.3333333333333334,0.23809521275312462,0.11111117024270917,1.0,0.23809521275312462,0.1733332134617866,0.3863634997440133,0.6720867674056812,0.4598165358233271,0.05393869474829515,0.06090492308616916,0.5620317348194886,-0.08333331781129005,SELL,0.0,1.0
0.37499997505385874,0.37499997505385874,0.39655170420474806,0.39655170420474806,0.0,0.0,0.0,HPR,2021-06-01 00:00:00+10:00,Energy,0.34560330195783223,0.41532323320539793,0.4615384615384615,0.48322139475873116,0.33574008608782924,0.4723263547497629,0.3142292455344393,0.48271322883814105,0.27368419958779067,0.5290971377987713,0.4000937815600183,0.41488543184734394,0.5200808838098374,0.3334884879105725,0.6070161322506236,0.38934890679239875,0.23881055020545947,0.2388105502054595,0.2508115446680293,0.2508115446680293,0.3229256853044258,0.32292568530442584,0.5309288011372558,0.5309288011372557,0.6666666666666666,0.615384659470928,0.2499999126884721,0.3293206289116302,0.28028839140981243,0.5762523179735944,0.2787958582227158,0.3928571911702934,0.7041241452182768,0.21576428934770098,0.35899849231501624,0.6946818003643054,0.43450333551966236,0.3266538977847193,0.5344152604228305,0.631789767319841,0.6221655192053938,0.0,0.0,0.37374541401431466,0.4706447843908307,0.33608060835243625,0.438709660139591,0.37374541401431466,0.4706447843908306,0.33608060835243625,0.43870966013959106,1.0,0.6666666666666667,0.5,0.2619047872468753,1.0,0.5,0.1599999046325816,0.3863634997440133,0.6328125074058917,0.5155314184557134,0.05402179707456128,0.06090492308616916,0.5569979965862312,-0.08333331781129005,SELL,0.0,1.0
0.37499997505385874,0.37499997505385874,0.39655170420474806,0.39655170420474806,0.0010539856114568703,0.0,0.0,HPR,2021-06-02 00:00:00+10:00,Energy,0.34560330195783223,0.41532323320539793,0.4615384615384615,0.48322139475873116,0.3501805084738925,0.44485843636816114,0.3221343774433183,0.4710594220093589,0.2757894629933503,0.5265421157515798,0.40243899677403494,0.4131663154494333,0.5145911397343756,0.33591737013536493,0.6083957142242058,0.38884145147381033,0.15618951820987717,0.1561895182098772,0.2508115446680293,0.2508115446680293,0.23469494003591443,0.23469494003591448,0.50649843822092,0.5064984382209199,0.5,0.615384659470928,0.3809523302681271,0.3453730003011034,0.29241196721788165,0.5926511438044079,0.2871575811362467,0.39841281697340014,0.6666666666543467,0.22095017236207304,0.3570479052531885,0.6744202631866236,0.4333984932580952,0.33227422990460664,0.5323163752479414,0.003420176364041962,0.6106183952266547,0.29102667744543254,0.0014956575068464152,0.4580488326532247,0.4706447843908307,0.43555009984394716,0.5266861771019675,0.4580488326532246,0.4706447843908306,0.4355500998439472,0.5266861771019676,1.0,1.0,0.833333022892526,0.5238094118818836,1.0,0.833333022892526,0.1599999046325816,0.26136351032722355,0.6053639898421965,0.5443329770380098,0.05402179707456128,0.07238826133834124,0.5520649331176387,-0.08333331781129005,SELL,0.0,1.0
0.37499997505385874,0.37499997505385874,0.39655170420474806,0.39655170420474806,0.038646139086751914,0.0,0.0,HPR,2021-06-03 00:00:00+10:00,Energy,0.34560330195783223,0.41532323320539793,0.4615384615384615,0.48322139475873116,0.3646209308599557,0.4181328935984465,0.3300395093521973,0.4595652562478112,0.27789472639890966,0.523995965310153,0.4047842119880516,0.4114526791792067,0.5091013956589139,0.33835982952236887,0.6097752961977871,0.38833451563268073,0.15618951820987717,0.1561895182098772,0.2508115446680293,0.2508115446680293,0.23469494003591443,0.23469494003591448,0.50649843822092,0.5064984382209199,0.5,0.6666666666666666,0.5714286474549725,0.35890865139785944,0.3052919434656431,0.6000133038449599,0.29258304718784356,0.4069751419672447,0.6360827634767291,0.2257330933980406,0.35554767901320705,0.6576077626055576,0.4321973176191902,0.3380066701239759,0.5301472523896861,0.03991798389650372,0.6305979731741517,0.9143173789568471,0.05310592069031081,0.4580488326532247,0.4706447843908307,0.43555009984394716,0.5266861771019675,0.4580488326532246,0.4706447843908306,0.4355500998439472,0.5266861771019676,1.0,1.0,1.0,0.7777776742975087,1.0,1.0,0.1466665958033766,0.14772717940260063,0.5875000039913865,0.5316425693256163,0.054042299106936156,0.07394038573208121,0.5472305309184181,-0.08333331781129005,SELL,0.0,1.0
0.37499997505385874,0.37499997505385874,0.39655170420474806,0.39655170420474806,0.02810628297218321,0.0,0.0,HPR,2021-06-04 00:00:00+10:00,Energy,0.34560330195783223,0.41532323320539793,0.4615384615384615,0.48322139475873116,0.379061353246019,0.39212003143826935,0.3379446412610765,0.44822747357501114,0.27999998980446905,0.5214586403482843,0.40712942720206824,0.4097444968743794,0.5036116515834521,0.3408159802327362,0.6111548781713689,0.38782809847174116,0.15618951820987717,0.1561895182098772,0.2508115446680293,0.2508115446680293,0.23469494003591443,0.23469494003591448,0.50649843822092,0.5064984382209199,1.0,0.6666666666666666,0.5714286474549725,0.37031826065733914,0.3182773829146272,0.6010397931554449,0.2948783538546572,0.4187427204970179,0.6091089451077404,0.23017162007329794,0.35443235689728847,0.6432740479929645,0.4308960432566449,0.3438556003697304,0.5279017316364287,0.06646184392011227,0.6539535150266407,0.3993842825643799,0.037245173263684705,0.4580488326532247,0.4706447843908307,0.43555009984394716,0.5266861771019675,0.4580488326532246,0.4706447843908306,0.4355500998439472,0.5266861771019676,1.0,1.0,1.0,0.9444443409641753,1.0,1.0,0.1466665958033766,0.1363635209104338,0.5749128953102396,0.5223095736806674,0.054042299106936156,0.05393534887703012,0.5424928167631821,-0.09999995653827887,SELL,0.0,1.0
0.37499997505385874,0.37499997505385874,0.39655170420474806,0.39655170420474806,0.0007769045051560975,0.0,0.0,HPR,2021-06-07 00:00:00+10:00,Energy,0.34560330195783223,0.41532323320539793,0.4615384615384615,0.48322139475873116,0.379061353246019,0.39212003143826935,0.3379446412610765,0.44822747357501114,0.28210525321002866,0.5189300950589782,0.4094746424160851,0.40804174253893455,0.49812190750799035,0.34328593771108773,0.6123373765863289,0.38739443899723636,0.0,0.0,0.20174051574305668,0.20174051574305668,0.23469494003591443,0.23469494003591448,0.50649843822092,0.5064984382209199,1.0,0.6666666666666666,0.5714286474549725,0.37993214358551086,0.3309251657160447,0.5977533298647134,0.2948783538546572,0.4187427204970179,0.6091089451077404,0.23430853791422024,0.35365412068472235,0.6307900663894044,0.42949057286913783,0.3498257888818812,0.5255729101279225,0.06477066823835811,0.6546000736612928,0.011327894213792232,0.001028503312499332,0.37374541401431466,0.38402309373201393,0.43555009984394716,0.5266861771019675,0.37374541401431466,0.38402309373201393,0.4355500998439472,0.5266861771019676,1.0,1.0,1.0,1.0,1.0,1.0,0.1466665958033766,0.1363635209104338,0.5656028398306616,0.5123464278384068,0.054042299106936156,0.05393869474829515,0.5378498568910507,-0.09999995653827887,SELL,0.0,1.0
0.37499997505385874,0.37499997505385874,0.39655170420474806,0.39655170420474806,0.0017566426857614505,0.0,0.0,HPR,2021-06-08 00:00:00+10:00,Energy,0.34560330195783223,0.41532323320539793,0.4615384615384615,0.48322139475873116,0.379061353246019,0.39212003143826935,0.3379446412610765,0.44822747357501114,0.28421051661558805,0.5164102839516967,0.41181985763010176,0.40634439034180503,0.4926321634325286,0.34576981870360124,0.6135198750012893,0.3869611595089538,0.0,0.0,0.20174051574305668,0.20174051574305668,0.23469494003591443,0.23469494003591448,0.50649843822092,0.5064984382209199,1.0,0.6666666666666666,0.5714286474549725,0.3880295584999438,0.34294642659736124,0.5916552971261637,0.2948783538546572,0.4187427204970179,0.6091089451077404,0.23817610169307768,0.3531769216003724,0.6197269903214521,0.42797643587190315,0.3559224383095556,0.5231530200168801,0.06642965948983365,0.6436832322707804,0.024973611217480197,0.0023649084469038544,0.37374541401431466,0.38402309373201393,0.43555009984394716,0.5266861771019675,0.37374541401431466,0.38402309373201393,0.4355500998439472,0.5266861771019676,1.0,1.0,1.0,1.0,1.0,1.0,0.1466665958033766,0.1363635209104338,0.5584905688227547,0.5035150689969792,0.054042299106936156,0.05393869474829515,0.5332997562163618,-0.11666665735344073,SELL,0.0,1.0
0.37499997505385874,0.37499997505385874,0.3448275884216946,0.3448275884216946,0.025162735378408938,0.0,0.0,HPR,2021-06-09 00:00:00+10:00,Energy,0.2658487319046224,0.3280851026218646,0.34615391779403243,0.37248319096238813,0.36823103309429617,0.31434417655472635,0.33992092239773775,0.3627917701320824,0.28421051661558805,0.4435877863349652,0.41275794406517274,0.35228516669035537,0.4868534871012271,0.3040812075709637,0.6141111242087693,0.3373291281872274,0.10933270250678044,0.10933270250678044,0.17647426254194123,0.17647426254194126,0.25442064017240984,0.25442064017240984,0.515765681386797,0.515765681386797,0.0,0.5333333002196183,0.4705882610746946,0.3802951128208193,0.35074570480378964,0.5505621003088694,0.29176844098354426,0.4254567262070301,0.3137254194261512,0.23817610169307768,0.3531769216003724,0.4267047123674079,0.4269649640356423,0.35883336885816597,0.4708439219881666,0.0891982084221677,0.6637416564551532,0.2664169453402918,0.03285351335423827,0.3147329995066575,0.40567849622851854,0.4047619161547397,0.47390028003406703,0.31473299950665756,0.40567849622851865,0.4047619161547397,0.47390028003406703,0.24999976716917768,0.749999922389726,0.24999976716917768,0.7499999223897258,0.2499997671691777,0.2499997671691777,0.186666571961522,0.17045441172125247,0.4705882122757485,0.4260817698767644,0.05211439553152374,0.052018044691537,0.5288406575551671,-0.07017545006245085,SELL,0.0,1.0
0.37499997505385874,0.37499997505385874,0.39655170420474806,0.39655170420474806,0.009368760990727736,0.0,0.0,HPR,2021-06-10 00:00:00+10:00,Energy,0.4295554790408394,0.5025613637889313,0.4615384615384615,0.48322139475873116,0.36823103309429617,0.4115639951591552,0.34782605430661695,0.4342703404912638,0.2873684097632482,0.5126468474735281,0.41228889997397644,0.40600556640210594,0.4819416118428941,0.3506472536962816,0.6152936226237293,0.38631195165890175,0.1774543850303124,0.1774543850303124,0.2050716730219426,0.20507167302194257,0.2752469508173649,0.2752469508173649,0.4848920074822177,0.4848920074822178,0.5,0.6111110996132939,0.5789473890597949,0.3893478623818479,0.3591126824202152,0.5560876046475847,0.2884070149427099,0.4430167454032863,0.5822903240196808,0.24218855068190104,0.35446043700059704,0.6074810593120299,0.42691319510583403,0.35802669899752626,0.522486269275412,0.061548354230908806,0.6715385649224691,0.14375587377515503,0.012090428081567265,0.37374541401431466,0.4706447843908307,0.4517543764952579,0.42284500713074635,0.37374541401431466,0.4706447843908306,0.45175437649525785,0.42284500713074646,1.0,0.749999922389726,1.0,0.7499999223897258,1.0,1.0,0.2266665481196674,0.19318168637274524,0.5533980613249436,0.49567344707382277,0.06496217960689933,0.06493873576115916,0.5244707408671959,-0.11666665735344073,SELL,0.0,1.0
0.37499997505385874,0.37499997505385874,0.39655170420474806,0.39655170420474806,0.0,0.0,0.0,HPR,2021-06-11 00:00:00+10:00,Energy,0.34560330195783223,0.41532323320539793,0.4615384615384615,0.48322139475873116,0.36823103309429617,0.4115639951591552,0.35573118621549615,0.4232729590658142,0.29157893265300905,0.5076590842626664,0.41181985588278014,0.40634439160442526,0.4770297365845608,0.3529063342081076,0.6164761210386902,0.38587961995401876,0.1774543850303124,0.1774543850303124,0.2050716730219426,0.20507167302194257,0.27187611875349244,0.27187611875349244,0.4848920074822177,0.4848920074822178,0.5,0.5,0.5789473890597949,0.39689834125311946,0.3675807595829347,0.5570716218437475,0.27648968987738043,0.4693379240902146,0.5555555555472832,0.24508712798083288,0.35891148644233994,0.5957490211726326,0.42685848340269805,0.3572234537933672,0.5228997450245466,0.03500449420730025,0.671316060647083,0.0,0.0,0.37374541401431466,0.4706447843908307,0.46853737631172604,0.42284500713074635,0.37374541401431466,0.4706447843908306,0.468537376311726,0.42284500713074646,1.0,0.749999922389726,1.0,0.7499999223897258,1.0,1.0,0.17333326313231703,0.19318168637274524,0.5500000000000012,0.4889082988306217,0.01813369117078537,0.06493873576115916,0.5201882225129842,-0.11666665735344073,SELL,0.0,1.0
0.37499997505385874,0.37499997505385874,0.39655170420474806,0.39655170420474806,0.0,0.0,0.0,HPR,2021-06-15 00:00:00+10:00,Energy,0.34560330195783223,0.41532323320539793,0.4615384615384615,0.48322139475873116,0.36823103309429617,0.4115639951591552,0.35573118621549615,0.4232729590658142,0.2957894555427699,0.5027054545635253,0.40712942370742455,0.4097444994157192,0.472117861326228,0.355176930273422,0.6176586194536502,0.3854476664919244,0.1774543850303124,0.1774543850303124,0.14283914342290202,0.14283914342290205,0.27187611875349244,0.27187611875349244,0.40334939477807297,0.4033493947780729,0.5,0.5,0.6111110996132939,0.40318578207547884,0.3758328802708747,0.5549696847669183,0.27648968987738043,0.4693379240902146,0.5555555555472832,0.24724608425271266,0.36418915564338783,0.5849189054863517,0.42055403328537055,0.35589112214343244,0.5257502994923928,0.034270777676481005,0.671316060647083,0.0,0.0,0.37374541401431466,0.38402309373201393,0.46853737631172604,0.3004607976061423,0.37374541401431466,0.38402309373201393,0.468537376311726,0.30046079760614236,1.0,1.0,1.0,1.0,1.0,1.0,0.17333326313231703,0.18181807021341934,0.5500000000000012,0.4833612936891815,0.01813369117078537,0.06496217960689933,0.5159913545258569,-0.11666665735344073,SELL,0.0,1.0
0.3214285690527484,0.3214285690527484,0.3275862379037251,0.3275862379037251,0.023421902476819342,0.0,0.0,HPR,2021-06-16 00:00:00+10:00,Energy,0.23926390823233729,0.29798221923021806,0.42307699471710936,0.44436593379292755,0.3537906107082327,0.30671262020482293,0.34782605430661695,0.3248463950690539,0.2957894555427699,0.4065224758291538,0.4005628204092493,0.34277386096297835,0.4660502516627245,0.2982667602104052,0.6166732038631197,0.3199827141025564,0.23056536269754027,0.2305653626975403,0.19884337427584348,0.19884337427584353,0.30721480282340224,0.3072148028234023,0.4191294340209626,0.41912943402096253,0.30000003725292457,0.5,0.5,0.38901006225449,0.3791030338344915,0.5064794441994275,0.2884070149427099,0.4430167454032863,0.11205996357607478,0.24724608425271266,0.36418915564338783,0.32606091641278456,0.4148098953502495,0.35043907202080016,0.4614133823281603,0.054731669778012595,0.6908083318153727,0.40415062693866005,0.02938412262227659,0.29506221909726926,0.30317617814790576,0.4047619161547397,0.24516130409446904,0.2950622190972692,0.3031761781479057,0.4047619161547397,0.2451613040944691,0.0,0.6666666666666669,0.0,0.6666666666666667,0.0,0.0,0.17333326313231703,0.2272725771835639,0.362195118848657,0.34522576463212806,0.20491324470690017,0.0629591588699975,0.5118784238984718,-0.053571468960416535,SELL,0.0,1.0
0.37499997505385874,0.37499997505385874,0.39655170420474806,0.39655170420474806,0.003513285371522901,0.0,0.0,HPR,2021-06-17 00:00:00+10:00,Energy,0.4595383606002745,0.532664247180578,0.4615384615384615,0.48322139475873116,0.3646209308599557,0.4181328935984465,0.34782605430661695,0.4342703404912638,0.2999999784325308,0.49778560918443404,0.3958723882338937,0.4179937398251997,0.46113837640439126,0.36029447119666336,0.6164761203044984,0.38587962022232813,0.26396274227734123,0.26396274227734123,0.25806671133054077,0.25806671133054077,0.33932667707815056,0.3393266770781506,0.43998445233459316,0.4399844523345932,0.5,0.6111110996132939,0.5769230714122886,0.39776739662299665,0.3837772839809524,0.5201457288984359,0.2884070149427099,0.4430167454032863,0.5822903240196808,0.24862191952477675,0.3703420613083783,0.5747362250850463,0.4078552589249773,0.34986339557498214,0.5333260306504701,0.03428570859774428,0.6937321724906163,0.09677419354838711,0.004389068008665421,0.43586374365407504,0.38402309373201393,0.46853737631172604,0.3004607976061423,0.435863743654075,0.38402309373201393,0.468537376311726,0.30046079760614236,1.0,0.6666666666666667,1.0,0.6666666666666667,1.0,1.0,0.2266665481196674,0.27272708415370855,0.5454545454545467,0.4787332471853217,0.2501395404657161,0.0675524746075719,0.5078477518836347,-0.11666665735344073,SELL,0.0,1.0
0.37499997505385874,0.37499997505385874,0.39655170420474806,0.39655170420474806,0.0,0.0,0.0,HPR,2021-06-18 00:00:00+10:00,Energy,0.34560330195783223,0.41532323320539793,0.4615384615384615,0.48322139475873116,0.3646209308599557,0.4181328935984465,0.34782605430661695,0.4342703404912638,0.30421050132229166,0.4928992036805905,0.39118195605853856,0.4214685249775555,0.4576711710361554,0.3619227424976317,0.6162790367458766,0.38595164940514126,0.2388105502054595,0.23881055020545952,0.25806671133054077,0.25806671133054077,0.33932667707815056,0.3393266770781506,0.43998445233459316,0.4399844523345932,0.5,0.6111110996132939,0.5769230714122886,0.40499047573669505,0.38921423447776715,0.527569206923613,0.2884070149427099,0.4430167454032863,0.5822903240196808,0.24913697720297834,0.3774569944731676,0.5649822567981378,0.40059251655335193,0.3496462778451499,0.5362137648473833,0.025437755256541433,0.6931961350334882,0.0,0.0,0.37374541401431466,0.38402309373201393,0.46853737631172604,0.3004607976061423,0.37374541401431466,0.38402309373201393,0.468537376311726,0.30046079760614236,1.0,0.6666666666666667,1.0,0.6666666666666667,1.0,1.0,0.2266665481196674,0.27272708415370855,0.5416666666666685,0.4748010314866169,0.2501395404657161,0.0675524746075719,0.5038976933090943,0.0,HOLD,0.0,0.5
0.37499997505385874,0.37499997505385874,0.39655170420474806,0.39655170420474806,0.0010422746602184608,0.0,0.0,HPR,2021-06-21 00:00:00+10:00,Energy,0.34560330195783223,0.41532323320539793,0.4615384615384615,0.48322139475873116,0.3646209308599557,0.4181328935984465,0.34782605430661695,0.4342703404912638,0.30842102421205253,0.4880458982736714,0.3864915238831832,0.42496574257514397,0.45420396566791954,0.36355692761602854,0.6160819531872552,0.3860236890970479,0.2388105502054595,0.23881055020545952,0.25806671133054077,0.25806671133054077,0.33932667707815056,0.3393266770781506,0.43998445233459316,0.4399844523345932,0.6363636671511806,0.5,0.5769230714122886,0.410929188720686,0.39495949666968827,0.5305700513475933,0.2884070149427099,0.4430167454032863,0.5822903240196808,0.24866228433840143,0.38567809867085034,0.5554474270939849,0.39300636036513814,0.34980553338620113,0.5391433131162896,0.026422090065750248,0.6940635411004772,0.03725408120552533,0.0013014693918478608,0.37374541401431466,0.38402309373201393,0.46853737631172604,0.3004607976061423,0.37374541401431466,0.38402309373201393,0.468537376311726,0.30046079760614236,1.0,1.0,1.0,1.0,1.0,1.0,0.17333326313231703,0.27272708415370855,0.5416666666666685,0.4714633867501872,0.2176146723498377,0.0675524746075719,0.5000266359060447,0.01666670081516175,HOLD,0.0,0.5
0.30357145589339274,0.30357145589339274,0.3275862379037251,0.3275862379037251,0.0017804159167754223,0.0,0.0,HPR,2021-06-22 00:00:00+10:00,Energy,0.23926390823233729,0.29798221923021806,0.4615384615384615,0.48322139475873116,0.3501805084738925,0.313012424043432,0.33992092239773775,0.33525003037325973,0.30421050132229166,0.3973699745179996,0.3799249205850077,0.3571087192401058,0.4495810258945132,0.30549755705127213,0.6150965375967243,0.3205207275245454,0.2811411409667976,0.2811411409667976,0.2951655119619581,0.29516551196195817,0.33636463213326323,0.3363646321332633,0.45500906844409916,0.4550090684440992,0.3333333333333333,0.3888889003867061,0.5,0.39639200513293693,0.39613921310646677,0.4861329030356551,0.29176844098354426,0.4254567262070301,0.21568630105239905,0.24913697720297834,0.3774569944731676,0.28543157214805626,0.38559110041278966,0.3462982537941055,0.4706549617652327,0.028103532998829086,0.6678017990781521,0.05983006890906444,0.0023104725846052315,0.29506221909726926,0.30317617814790576,0.34523815017379117,0.24516130409446904,0.2950622190972692,0.3031761781479057,0.3452381501737911,0.2451613040944691,0.0,0.6666666666666667,0.0,0.6666666666666667,0.0,0.0,0.2266665481196674,0.3181815911238531,0.2821316868115296,0.28459431377243916,0.21167275580525485,0.06739621449839361,0.49623299965105605,0.08928569290330879,BUY,0.0,0.0
0.30357145589339274,0.30357145589339274,0.3275862379037251,0.3275862379037251,0.0,0.0,0.0,HPR,2021-06-23 00:00:00+10:00,Energy,0.34560330195783223,0.41532323320539793,0.4615384615384615,0.48322139475873116,0.3501805084738925,0.313012424043432,0.33201579048885876,0.34579593750475723,0.2999999784325308,0.40193061989763057,0.3733583172868322,0.361755980125018,0.44351341623101015,0.3081931572267623,0.6137169556231425,0.3209920045071778,0.2388105502054595,0.23881055020545952,0.2951655119619581,0.29516551196195817,0.33636463213326323,0.3363646321332633,0.45500906844409916,0.4550090684440992,0.3333333333333333,0.3888889003867061,0.42307692858771134,0.38538006751726167,0.3944949876218062,0.4586470486126778,0.2905942084878178,0.4125411783539108,0.27567422491767624,0.24862191952477675,0.3703420613083783,0.307699809471735,0.37762150870899513,0.34343607853505054,0.47447665039392467,0.005983649645821958,0.6678017990781521,0.0,0.0,0.37374541401431466,0.30317617814790576,0.34523815017379117,0.24516130409446904,0.37374541401431466,0.3031761781479057,0.3452381501737911,0.2451613040944691,0.0,0.3333333333333334,0.0,0.3333333333333333,0.0,0.0,0.2266665481196674,0.27272708415370855,0.34512196518105154,0.3058535107081256,0.21167275580525485,0.02254080036449224,0.492515236121167,0.08928569290330879,BUY,0.0,0.0
0.30357145589339274,0.30357145589339274,0.3275862379037251,0.3275862379037251,0.0,0.0,0.0,HPR,2021-06-24 00:00:00+10:00,Energy,0.34560330195783223,0.41532323320539793,0.4615384615384615,0.48322139475873116,0.33574008608782924,0.33864914923060674,0.3300395093521973,0.34845498436490985,0.2999999784325308,0.40193061989763057,0.36726075807985303,0.36610940674801673,0.4377347409760708,0.3107764624943695,0.6123373736495612,0.32146376347367167,0.14577689142056924,0.14577689142056927,0.2762041823173598,0.2762041823173598,0.30721480282340224,0.3072148028234023,0.4546104381535818,0.45461043815358176,0.3333333333333333,0.3888889003867061,0.42307692858771134,0.3772555669180628,0.3912702069825355,0.44326326590904563,0.29258304718784356,0.4069751419672447,0.2958758547690017,0.24862191952477675,0.3703420613083783,0.307699809471735,0.370598569288358,0.3403391514116383,0.4782932960244543,0.0026656671428708888,0.1131988308145908,0.0,0.0,0.29506221909726926,0.3627476099319732,0.4047619161547397,0.25638152316007,0.2950622190972692,0.36274760993197325,0.4047619161547397,0.25638152316007,0.0,0.0,0.0,0.0,0.0,0.0,0.2266665481196674,0.27272708415370855,0.3794549359081322,0.32117543726495446,0.21167275580525485,0.02254080036449224,0.4888718278618761,0.0714285144088238,BUY,0.0,0.0
0.30357145589339274,0.30357145589339274,0.3275862379037251,0.3275862379037251,7.401321182674912e-05,0.0,0.0,HPR,2021-06-25 00:00:00+10:00,Energy,0.34560330195783223,0.41532323320539793,0.4615384615384615,0.48322139475873116,0.32129966370176577,0.3650080351222953,0.3221343774433183,0.35918287297994245,0.2999999784325308,0.40193061989763057,0.36116319887287407,0.3705000176887602,0.4319560657211321,0.31337558956401235,0.6113519580590299,0.32180102963000445,0.14577689142056924,0.14577689142056927,0.2462207126037883,0.24622071260378836,0.30721480282340224,0.3072148028234023,0.4546104381535818,0.45461043815358176,0.5,0.3888889003867061,0.5,0.3714858901989996,0.3873344071660298,0.4363428085692329,0.2871575811362469,0.3984128169733999,0.33333333333292947,0.24862191952477675,0.3703420613083783,0.307699809471735,0.3630833750960343,0.33781508645126634,0.4819680860659892,0.0027355659742663912,0.11326042639148258,0.025550838892257934,0.0005622816737228599,0.29506221909726926,0.30317617814790576,0.4047619161547397,0.25638152316007,0.2950622190972692,0.3031761781479057,0.4047619161547397,0.25638152316007,0.0,0.0,0.0,0.0,0.0,0.0,0.2266665481196674,0.2272725771835639,0.4009615454051332,0.32117543726495446,0.21167275580525485,0.24358603411432414,0.4853012877677706,0.0714285144088238,BUY,0.0,0.0
0.30357145589339274,0.30357145589339274,0.3275862379037251,0.3275862379037251,0.0,0.0,0.0,HPR,2021-06-28 00:00:00+10:00,Energy,0.34560330195783223,0.41532323320539793,0.4615384615384615,0.48322139475873116,0.3068592413157025,0.39212003143826935,0.3142292455344393,0.37005975993232343,0.2999999784325308,0.40193061989763057,0.3550656396658949,0.37492829139925055,0.42617739046619274,0.3159906842363246,0.6103665424684994,0.3221385423438967,0.14577689142056924,0.14577689142056927,0.2462207126037883,0.24622071260378836,0.30721480282340224,0.3072148028234023,0.4546104381535818,0.45461043815358176,0.0,0.3888889003867061,0.5,0.3676269122660149,0.3832788397612828,0.4351770924934173,0.278795858222716,0.3928571911702933,0.3639172365105455,0.24862191952477675,0.3703420613083783,0.307699809471735,0.35505625141886576,0.3358867801282506,0.48551365517956424,0.0017512311650575742,0.11326042639148258,0.0,0.0,0.29506221909726926,0.30317617814790576,0.4047619161547397,0.25638152316007,0.2950622190972692,0.3031761781479057,0.4047619161547397,0.25638152316007,0.0,0.0,0.0,0.0,0.0,0.0,0.2266665481196674,0.2272725771835639,0.41558442123927214,0.32117543726495446,0.21167275580525485,0.24358603411432414,0.4818021584755475,0.0714285144088238,BUY,0.0,0.0
0.30357145589339274,0.30357145589339274,0.3275862379037251,0.3275862379037251,0.0,0.0,0.0,HPR,2021-06-29 00:00:00+10:00,Energy,0.34560330195783223,0.41532323320539793,0.4615384615384615,0.48322139475873116,0.3068592413157025,0.39212003143826935,0.3063241136255601,0.3810887710588551,0.2957894555427699,0.4065224758291538,0.3489680804589157,0.379394714575194,0.4215544506927864,0.31809435557619015,0.6089869604949176,0.32261147492545394,0.0,0.0,0.2462207126037883,0.24622071260378836,0.26773562549782504,0.26773562549782515,0.4546104381535818,0.45461043815358176,0.0,0.3888889003867061,0.5,0.36530889751794066,0.37948961168318357,0.4377694134982432,0.2673039759244019,0.3905068189031151,0.3908910548795331,0.24724608425271266,0.36418915564338783,0.32606091641278456,0.34649235825593117,0.3345831400275976,0.4889405709065727,6.978823197873748e-05,0.11112358616465882,0.0,0.0,0.37374541401431466,0.30317617814790576,0.34523815017379117,0.25638152316007,0.37374541401431466,0.3031761781479057,0.3452381501737911,0.25638152316007,0.0,0.0,0.0,0.0,0.0,0.0,0.2266665481196674,0.2272725771835639,0.4267161427072891,0.32117543726495446,0.21167275580525485,0.24358603411432414,0.4783730117691686,0.0714285144088238,BUY,0.0,0.0
0.3392856822121041,0.3392856822121041,0.22413794210847326,0.22413794210847326,0.02660458769488194,0.0,0.0,HPR,2021-06-30 00:00:00+10:00,Energy,0.1747005548286086,0.22257701622882414,0.15384629712652642,0.17773664525129806,0.2851985875635552,0.22351096441766827,0.2944664047188914,0.22595871282976376,0.28526314243633066,0.2726213671135699,0.34005626194672334,0.2737106126474531,0.4151979076970811,0.22897109998897835,0.6064248793721836,0.22437774659132415,0.23428449550921968,0.2342844955092197,0.3041535899363727,0.3041535899363727,0.3408742458204979,0.3408742458204979,0.492244983566939,0.4922449835669391,0.0,0.33333327420171427,0.2916666149264999,0.3351216553699897,0.36936369743417885,0.37609348727068026,0.2933853998827368,0.34262274210517385,0.11205979363083729,0.26359902914351596,0.32668622931616365,0.10911960170373486,0.3412374295618732,0.32422720155373064,0.3802425587929139,0.02519543193440924,0.13326456460065164,0.997225746129433,0.1719983142058956,0.247290168285344,0.2540904367345921,0.255952418048564,0.1722300391516,0.24729016828534403,0.2540904367345922,0.25595241804856395,0.17223003915160007,0.0,0.0,0.0,0.0,0.0,0.0,0.2933331916067532,0.2727271264865495,0.3388887765387941,0.2336030260832709,0.2151049934496676,0.15297302741455768,0.47501244799691766,0.19999995529651704,BUY,0.0,0.0
0.28571427621099377,0.28571427621099377,0.3103448231566107,0.3103448231566107,0.008022001598310624,0.0,0.0,HPR,2021-07-01 00:00:00+10:00,Energy,0.5051124757366134,0.5774240291538578,0.4615384615384615,0.48322139475873116,0.28158847188051306,0.40622220256086794,0.28458498431111745,0.3833130528460962,0.27999998588311115,0.39966708888104063,0.33348965864854785,0.3721058752891627,0.4082634948078847,0.3088046482778447,0.6048482138399809,0.3075045852772197,0.35821608957419565,0.35821608957419565,0.3463061498975806,0.34630614989758063,0.4069039765029717,0.4069039765029718,0.5290789789859122,0.5290789789859123,0.45454536218288466,0.39130432669966847,0.4137930857298842,0.33679896348261684,0.3616571628835148,0.39964167630305636,0.2771164896026591,0.3416345036443035,0.4301554760220053,0.26038791613007484,0.3206618288059393,0.3585726458104862,0.331667080323119,0.3232279100628459,0.4810510256028635,0.032771491982814184,0.13906351527321784,0.2311775882609033,0.04971461484492546,0.3526695004692843,0.2829643927809172,0.33035716710165186,0.24235624970127043,0.3526695004692843,0.2829643927809171,0.33035716710165186,0.2423562497012704,0.5,0.16666666666666674,0.5,0.1666666666666666,0.5,0.5,0.3199998589356936,0.32954529194886095,0.4249999348073831,0.32440167469261527,0.18777282387394764,0.22099719211042584,0.4649774677613797,0.09090907243657687,BUY,0.0,0.0
0.28571427621099377,0.28571427621099377,0.3103448231566107,0.3103448231566107,0.0,0.0,0.0,HPR,2021-07-02 00:00:00+10:00,Energy,0.34560330195783223,0.41532323320539793,0.4615384615384615,0.48322139475873116,0.277978356197471,0.41335109715079277,0.2747035639033435,0.39761523592664094,0.2747368293298914,0.40549697186857114,0.32692305535037236,0.37697866256444745,0.4013290819186881,0.31196769305508054,0.6032715483077777,0.3080376476125408,0.35821608957419565,0.35821608957419565,0.3463061498975806,0.34630614989758063,0.4069039765029717,0.4069039765029718,0.5290789789859122,0.5290789789859123,0.45454536218288466,0.39130432669966847,0.4137930857298842,0.3391698104373257,0.35604912589321697,0.4200666708871528,0.25629992452682926,0.34530302058225637,0.4563147039903543,0.25633683631072657,0.3155761971158638,0.37054758903289886,0.3214115880409998,0.32302595472467965,0.4842840678021218,0.03270159315141868,0.10690126784553976,0.0,0.0,0.3526695004692843,0.2829643927809172,0.33035716710165186,0.24235624970127043,0.3526695004692843,0.2829643927809171,0.33035716710165186,0.2423562497012704,0.5,0.3333333333333334,0.5,0.3333333333333333,0.5,0.5,0.3199998589356936,0.32954529194886095,0.4305554911677884,0.33458368366276625,0.18777282387394764,0.22099719211042584,0.4553438867352636,0.09090907243657687,BUY,0.0,0.0
0.28571427621099377,0.28571427621099377,0.3103448231566107,0.3103448231566107,0.0,0.0,0.0,HPR,2021-07-05 00:00:00+10:00,Energy,0.34560330195783223,0.41532323320539793,0.4615384615384615,0.48322139475873116,0.274368240514429,0.42053260361522327,0.26482214349556954,0.4121769866992284,0.2694736727766719,0.41137781536104,0.32035645205219687,0.3818975905331786,0.3943946690294917,0.31515445696590383,0.601694882775575,0.30857133547032356,0.35821608957419565,0.35821608957419565,0.3463061498975806,0.34630614989758063,0.4069039765029717,0.4069039765029718,0.5290789789859122,0.5290789789859123,0.45454536218288466,0.39130432669966847,0.4137930857298842,0.34205701008079087,0.3522412388966957,0.4375878034192451,0.2283807805637731,0.3562445109678761,0.49051854114310545,0.2514525452555516,0.3114217840445379,0.38154493321225524,0.310414512909194,0.32368701744094275,0.48734260424715625,0.03270159315141868,0.08351054244359206,0.0,0.0,0.3526695004692843,0.2829643927809172,0.33035716710165186,0.24235624970127043,0.3526695004692843,0.2829643927809171,0.33035716710165186,0.2423562497012704,0.5,0.5,0.5,0.5,0.5,0.5,0.3199998589356936,0.32954529194886095,0.433333263794547,0.3426006825064155,0.18777282387394764,0.22099719211042584,0.4460956489501918,0.0,HOLD,0.0,0.5
0.28571427621099377,0.28571427621099377,0.3103448231566107,0.3103448231566107,0.017566426857614507,0.0,0.0,HPR,2021-07-06 00:00:00+10:00,Energy,0.34560330195783223,0.41532323320539793,0.4615384615384615,0.48322139475873116,0.27075812483138684,0.4277673065317278,0.2628458549966748,0.4151211145317,0.26421051622345215,0.4173102904799685,0.31378984875402116,0.386863317676137,0.38717132388445563,0.3184995128980087,0.6001182172433719,0.3091056499522442,0.35821608957419565,0.35821608957419565,0.31635117295675363,0.3163511729567537,0.4069039765029717,0.4069039765029718,0.5290789789859122,0.5290789789859123,0.45454536218288466,0.4736841486101133,0.4137930857298842,0.3453158569915904,0.3499608155266065,0.4524548382381157,0.22572040613908462,0.3554392115977356,0.4999998924537875,0.2457191362607336,0.30821636733921187,0.3918296656094263,0.298603170298001,0.3252956850487474,0.49021329785144313,0.04929150566617402,0.0974831871851572,0.33656661663042975,0.15483679394332336,0.3526695004692843,0.36236761056271133,0.33035716710165186,0.24235624970127043,0.3526695004692843,0.3623676105627114,0.33035716710165186,0.2423562497012704,0.5,0.5,0.5,0.5,0.5,0.5,0.2666665739483432,0.32954529194886095,0.4393938811175305,0.3490046770484335,0.30285271505961775,0.22099719211042584,0.43721734067652307,0.0,HOLD,0.0,0.5
0.28571427621099377,0.28571427621099377,0.3103448231566107,0.3103448231566107,0.017566426857614507,0.0,0.0,HPR,2021-07-07 00:00:00+10:00,Energy,0.34560330195783223,0.41532323320539793,0.4615384615384615,0.48322139475873116,0.28880866290049223,0.39212003143826935,0.2608695664977798,0.4180759678059418,0.25894735967023264,0.42329508018323436,0.3072232454558457,0.3918765150636966,0.3799479787394191,0.3218709037043771,0.5985415517111692,0.30964059216256723,0.21866545117380382,0.21866545117380384,0.31635117295675363,0.3163511729567537,0.4069039765029717,0.4069039765029718,0.5290789789859122,0.5290789789859123,0.45454536218288466,0.3333333333333333,0.4137930857298842,0.348828742679808,0.3489620666295417,0.4649295700007444,0.22283251580816288,0.3548668863587138,0.5098038305717311,0.23909578319935232,0.30600557534463735,0.40162264937203673,0.28588248740111255,0.32796259865631705,0.49286971704077615,0.04075577447849887,0.11064047022375277,0.407055630936228,0.13658534282507978,0.491770267944657,0.36236761056271133,0.33035716710165186,0.24235624970127043,0.49177026794465706,0.3623676105627114,0.33035716710165186,0.2423562497012704,0.5,0.5,0.5,0.5,0.5,0.5,0.2133332889609928,0.32954529194886095,0.44040696220014985,0.3541442286538816,0.22718332561794044,0.22099719211042584,0.42869416473380106,0.0,HOLD,0.0,0.5
0.28571427621099377,0.28571427621099377,0.3103448231566107,0.3103448231566107,0.17342513469936113,0.0,0.0,HPR,2021-07-08 00:00:00+10:00,Energy,0.34560330195783223,0.41532323320539793,0.4615384615384615,0.48322139475873116,0.28880866290049223,0.39212003143826935,0.25889327799888484,0.4210416052379937,0.256842096264673,0.425703800327064,0.30253281502781215,0.3954868117220617,0.372724633594383,0.3252689416068625,0.5969648861789656,0.3101761632081541,0.0,0.0,0.31635117295675363,0.3163511729567537,0.3941690853098438,0.3941690853098438,0.518938491694615,0.5189384916946151,0.45454536218288466,0.3333333333333333,0.4137930857298842,0.35250062871285975,0.3490260251828924,0.4752730625685542,0.2197039430551001,0.3545410176382816,0.520064235720081,0.23827720589223667,0.30307514758873755,0.4072845330960958,0.2795988630483419,0.3266060342239361,0.4962551407933015,0.1969641787290999,0.2340280086393645,0.831543955797134,0.6404621067986194,0.37374541401431466,0.36236761056271133,0.37343358980987906,0.2898263190874545,0.37374541401431466,0.3623676105627114,0.3734335898098791,0.2898263190874545,0.5,0.5,0.5,0.5,0.5,0.5,0.2133332889609928,0.32954529194886095,0.4535714056209995,0.3582294076676281,0.22718332561794044,0.22099719211042584,0.4205119158287879,-0.05454542991543587,SELL,0.0,1.0
0.37499997505385874,0.37499997505385874,0.39655170420474806,0.39655170420474806,0.02810628297218321,0.0,0.0,HPR,2021-07-09 00:00:00+10:00,Energy,0.4906116447032596,0.5633096682086915,0.4615384615384615,0.48322139475873116,0.3068592009695976,0.5296166649579088,0.26679840990776404,0.5561829491113954,0.256842096264673,0.5498623297991087,0.3001875998137955,0.4935985550890821,0.3683906250004543,0.4059833393296751,0.5963736362372938,0.3932811125756829,0.19878677783366755,0.19878677783366755,0.37237260922859167,0.3723726092285917,0.42404165611066147,0.4240416561106615,0.5469276704980257,0.5469276704980257,1.0,0.5,0.5483870928977195,0.3805076928266403,0.3556593437050352,0.5392136381106805,0.24876898988401341,0.3388966360207284,0.8521803053030701,0.23827720589223667,0.30307514758873755,0.6489309731029801,0.2741611589038915,0.32859959942209405,0.6154379572021427,0.22350803875270844,0.24962182557399626,0.1187601440956415,0.09733817966978711,0.48104073794938706,0.4706447843908307,0.4047619161547397,0.36426798961352275,0.4810407379493871,0.4706447843908306,0.4047619161547397,0.3642679896135228,1.0,0.6666666666666667,1.0,0.6666666666666667,1.0,1.0,0.2799999324480786,0.35227256660035366,0.8285710214507499,0.5237952017745277,0.5863600358002214,0.5070092794770258,0.4126569568799755,-0.13333329608042954,SELL,0.0,1.0
0.28571427621099377,0.28571427621099377,0.3103448231566107,0.3103448231566107,0.015224236609932572,0.0,0.0,HPR,2021-07-12 00:00:00+10:00,Energy,0.21267898552369802,0.2673367982021042,0.4615384615384615,0.48322139475873116,0.3068592009695976,0.3577458730583596,0.26482212140886907,0.4121770195426395,0.2515789397114535,0.4317630009121588,0.29033769486653216,0.4049903912198701,0.36261194759279025,0.33007156799317305,0.5947969707050911,0.31091360232932785,0.30138403879282494,0.301384038792825,0.4219362181842679,0.4219362181842679,0.45848632495449465,0.4584863249544947,0.4681426888419993,0.46814268884199933,0.5,0.47619042550624924,0.42424241397991297,0.3787567107993051,0.36055448701104265,0.522295715475792,0.24648386593520122,0.33770708372068636,0.4926126136541707,0.23036723711271523,0.30230231089336024,0.41664966338396586,0.2365787483646682,0.35413098329209514,0.4917579271515037,0.23788596293216308,0.26229180183338463,0.06044037789183962,0.0501874577491271,0.37374541401431466,0.36236761056271133,0.33035716710165186,0.17130731639306535,0.37374541401431466,0.3623676105627114,0.33035716710165186,0.17130731639306535,0.5,0.6666666666666667,0.5,0.6666666666666667,0.5,0.5,0.293333290947814,0.3749998412518465,0.4592198394649465,0.36227099817212527,0.487297466778882,0.3899887810210951,0.4051161962891153,-0.05454542991543587,SELL,0.0,1.0
0.28571427621099377,0.28571427621099377,0.3103448231566107,0.3103448231566107,0.023421902476819342,0.0,0.0,HPR,2021-07-13 00:00:00+10:00,Energy,0.34560330195783223,0.41532323320539793,0.4615384615384615,0.48322139475873116,0.3068592009695976,0.3577458730583596,0.2628458329099743,0.41512114749465057,0.246315783158234,0.4378762050560191,0.28048778991926904,0.4127919758903694,0.35683327018512667,0.33283999526203245,0.5932203051728875,0.3114506713101377,0.30138403879282494,0.301384038792825,0.4219362181842679,0.4219362181842679,0.45848632495449465,0.4584863249544947,0.4681426888419993,0.46814268884199933,0.5,0.47619042550624924,0.42424241397991297,0.37796342448405235,0.3642841654470756,0.5109520693802351,0.2440325437511509,0.3366877168379595,0.499999999993638,0.22135543307609473,0.302760914032309,0.42605186457572625,0.18741088627152203,0.3931449522353372,0.472217925850428,0.24341593377041487,0.28178407300167435,0.09087274181236597,0.07188891554736253,0.37374541401431466,0.36236761056271133,0.33035716710165186,0.17130731639306535,0.37374541401431466,0.3623676105627114,0.33035716710165186,0.17130731639306535,0.5,0.6666666666666667,0.5,0.6666666666666667,0.5,0.5,0.293333290947814,0.3749998412518465,0.46402876179460756,0.3646513525739061,0.487297466778882,0.3899887810210951,0.39787706612188967,-0.05454542991543587,SELL,0.0,1.0
0.28571427621099377,0.28571427621099377,0.3103448231566107,0.3103448231566107,0.023421902476819342,0.0,0.0,HPR,2021-07-14 00:00:00+10:00,Energy,0.34560330195783223,0.41532323320539793,0.4615384615384615,0.48322139475873116,0.3068592009695976,0.3577458730583596,0.2727272533177483,0.40050663502090766,0.24526314949477512,0.4391053926519978,0.2757973594912355,0.416547255584356,0.35105459277746287,0.335626137633916,0.5916436396406848,0.3119883728811349,0.30138403879282494,0.301384038792825,0.3363983622354597,0.3363983622354597,0.43715076053932383,0.4371507605393239,0.39328913896937556,0.3932891389693756,0.5,0.47619042550624924,0.42424241397991297,0.37792950986704404,0.367259937665596,0.5036141859819226,0.22590638621222336,0.3728961786782863,0.4444444444400497,0.22093125907086542,0.30131233283059566,0.42900945906948595,0.17512116791441268,0.3987779879056781,0.4709847822379932,0.24894590460866664,0.28178407300167435,0.088854137048621,0.07188891554736253,0.37374541401431466,0.5052935303556542,0.38881800656881466,0.2898263190874545,0.37374541401431466,0.5052935303556542,0.38881800656881466,0.2898263190874545,0.5,0.5,0.5,0.5,0.5,0.5,0.293333290947814,0.3749998412518465,0.46828357010829963,0.36650847280249294,0.487297466778882,0.3899887810210951,0.390927501161353,-0.05454542991543587,SELL,0.0,1.0
0.28571427621099377,0.28571427621099377,0.3103448231566107,0.3103448231566107,0.011710951238409671,0.0,0.0,HPR,2021-07-15 00:00:00+10:00,Energy,0.34560330195783223,0.41532323320539793,0.4615384615384615,0.48322139475873116,0.3068592009695976,0.3577458730583596,0.2727272533177483,0.40050663502090766,0.2399999929415556,0.4452843595034258,0.27439023071228985,0.4176789618372069,0.34527591536979907,0.33843016569241446,0.5916436396406848,0.3119883728811349,0.30138403879282494,0.301384038792825,0.2618215299653103,0.26182152996531033,0.40905324177406505,0.40905324177406505,0.34653436923081926,0.3465343692308192,0.5,0.47619042550624924,0.48275858082327916,0.3784909310776291,0.36977249927962114,0.49910568701256375,0.22590638621222336,0.3728961786782863,0.4444444444400497,0.21044303532593012,0.303421021160855,0.43880814738113133,0.17472165644233062,0.3966421783158329,0.4746205261750452,0.09622138198616424,0.28860636791057576,0.11494252873563218,0.0350976503767113,0.37374541401431466,0.38402309373201393,0.33035716710165186,0.38865406692334287,0.37374541401431466,0.38402309373201393,0.33035716710165186,0.3886540669233429,0.5,0.5,0.5,0.5,0.5,0.5,0.293333290947814,0.32954533428170185,0.4722222135988697,0.36983155623953806,0.487297466778882,0.5000184845970334,0.3842559187992379,-0.05454542991543587,SELL,0.0,1.0
0.28571427621099377,0.28571427621099377,0.3103448231566107,0.3103448231566107,0.0,0.0,0.0,HPR,2021-07-16 00:00:00+10:00,Energy,0.34560330195783223,0.41532323320539793,0.4615384615384615,0.48322139475873116,0.28880866290049223,0.39212003143826935,0.2727272533177483,0.40050663502090766,0.23473683638833587,0.45151894260628234,0.2729831019333442,0.41881304562311683,0.33949723796213527,0.3412522522182998,0.5906582240501539,0.31232475797164905,0.1822212160997723,0.18222121609977235,0.2618215299653103,0.26182152996531033,0.40905324177406505,0.40905324177406505,0.34653436923081926,0.3465343692308192,0.5,0.47619042550624924,0.3999999999999999,0.37951238552965466,0.37202260829682965,0.49655119613785154,0.22590638621222336,0.3728961786782863,0.4444444444400497,0.19827551629983708,0.30740653371641447,0.44949651817774366,0.17425616378223752,0.39458315442367575,0.47812004506451217,0.06967752196255568,0.28860636791057576,0.0,0.0,0.27539136540838893,0.38402309373201393,0.33035716710165186,0.38865406692334287,0.2753913654083889,0.38402309373201393,0.33035716710165186,0.3886540669233429,0.5,0.5,0.5,0.5,0.5,0.5,0.293333290947814,0.28409082731155727,0.476086952085195,0.37295211610328427,0.487297466778882,0.4764180764093507,0.3778511997316071,-0.05454542991543587,SELL,0.0,1.0
0.2678571630516382,0.2678571630516382,0.2931034726386411,0.2931034726386411,6.4176012786485e-05,0.0,0.0,HPR,2021-07-19 00:00:00+10:00,Energy,0.3166016766246096,0.38411559578178006,0.4615384615384615,0.48322139475873116,0.2851985606661518,0.364018571847172,0.2707509721810868,0.37412668800131565,0.2284210500930156,0.43363650145601806,0.27110693081052384,0.4006507531135971,0.33342962722226943,0.32819502911374043,0.5894757256351935,0.29610522630810276,0.039757296323643665,0.03975729632364367,0.26489803849091664,0.2648980384909167,0.41010683985434193,0.410106839854342,0.3478711833690896,0.34787118336908956,0.4545455161205219,0.45454543915169027,0.38461540665852834,0.37603214160394977,0.3730047770987467,0.4842101419858674,0.22643741071986334,0.36882293020446166,0.35062377039818143,0.1837155620407318,0.3121432523401205,0.3920773983939533,0.17419300843740482,0.3911889971373139,0.43850859192204567,0.055360206263488296,0.28779237066658797,0.0010948000990913958,0.00019287728251381856,0.3522863812038052,0.36197395584460423,0.31547623946538206,0.3719688899036714,0.3522863812038052,0.36197395584460423,0.31547623946538206,0.3719688899036714,0.40000014901164305,0.46666671633721446,0.40000014901164305,0.4666667163372143,0.40000014901164305,0.40000014901164305,0.306666599777019,0.2954544434708832,0.3853659951353887,0.3193300750906176,0.48691099044920677,0.47604865782034345,0.37170266942668173,-0.037037042147174515,HOLD,0.0,0.5
0.2678571630516382,0.2678571630516382,0.2931034726386411,0.2931034726386411,0.0,0.0,0.0,HPR,2021-07-20 00:00:00+10:00,Energy,0.34560330195783223,0.41532323320539793,0.4615384615384615,0.48322139475873116,0.28158845843181146,0.37096673506456757,0.2687746910444253,0.3769860262788518,0.22631578668745622,0.4361273029402851,0.2692307596877037,0.40214319585385916,0.3273620164824038,0.3311435521928924,0.588293227220233,0.29650222104337676,0.039757296323643665,0.03975729632364367,0.26489803849091664,0.2648980384909167,0.3872156156330302,0.38721561563303025,0.3478711833690896,0.34787118336908956,0.0,0.6250000582076785,0.38461540665852834,0.3739150696896366,0.3732929630790961,0.47745550207601584,0.22665777818456856,0.36506779159755576,0.36588680327719914,0.18241661624571703,0.3097496969409026,0.4000844363593,0.1740034892138349,0.3879418959874632,0.44405635706691104,0.033240322910481165,0.2863106656737304,0.0,0.0,0.3522863812038052,0.36197395584460423,0.37287415637846094,0.3719688899036714,0.3522863812038052,0.36197395584460423,0.37287415637846094,0.3719688899036714,0.0,0.3000000496705478,0.40000014901164305,0.43333343267442864,0.0,0.40000014901164305,0.19999998013178782,0.2954544434708832,0.3731344561583554,0.314599503801517,0.7167488850503146,0.47604865782034345,0.3658000803339535,-0.037037042147174515,HOLD,0.0,0.5
0.2678571630516382,0.2678571630516382,0.27586205789152674,0.27586205789152674,0.2459299760066031,0.0,0.0,HPR,2021-07-21 00:00:00+10:00,Energy,0.3160645003746854,0.3835321232698489,0.42307685143673673,0.44220714532535216,0.274368240514429,0.34950110701961323,0.26482212140886907,0.3532945701795094,0.22315788961843797,0.41432635038560794,0.26688554447368706,0.3842741730133533,0.3210054713339736,0.31810178389864097,0.5869136452466517,0.2803263059661646,0.04914694145940769,0.049146941459407706,0.26742301623426695,0.267423016234267,0.38889031645922445,0.3888903164592245,0.3491982825346315,0.3491982825346314,0.0,0.4166666407965914,0.4347825523585543,0.36803963536571727,0.3721426816647641,0.46345468105974563,0.22838073281426052,0.356244520417795,0.300891853728808,0.18161999572832932,0.30487208056562864,0.34189668943866697,0.17438728485962995,0.3831606828517322,0.4085956497485662,0.24337921476404886,0.49097951294077274,0.95430774516166,0.43385634462443357,0.3308272684520332,0.3399247358176156,0.3569302467925359,0.35528365072676615,0.33082726845203314,0.33992473581761556,0.3569302467925359,0.35528365072676626,0.0,0.13333338300388112,0.2999999254941785,0.36666674117248815,0.0,0.29999992549417853,0.14666669514443742,0.26136359499290546,0.3203883200184312,0.2720479288443183,0.10780089600574272,0.12167495202092454,0.36013359480493434,-0.018867892699548472,HOLD,0.0,0.5
0.24999998336923912,0.24999998336923912,0.27586205789152674,0.27586205789152674,0.0,0.0,0.0,HPR,2021-07-22 00:00:00+10:00,Energy,0.34560330195783223,0.41532323320539793,0.4615384615384615,0.48322139475873116,0.2671480225970465,0.3634961600218243,0.26086955177331284,0.35897903245032725,0.2199999925494197,0.4180301818654647,0.2650093716035449,0.3857482746516817,0.3146489261855434,0.3211766496802363,0.5855340632730703,0.28078179542483006,0.04914694145940769,0.049146941459407706,0.26742301623426695,0.267423016234267,0.38889031645922445,0.3888903164592245,0.34805913632098284,0.3480591363209829,0.0,0.4166666407965914,0.4347825523585543,0.36413707246976373,0.37030528575040417,0.45676689156368544,0.22894193574830835,0.34861087196090157,0.33049214056147397,0.18032527736111081,0.3005511513445569,0.35531917218727965,0.1751594459819814,0.3787944216560173,0.4160251664714916,0.2323192730875453,0.49097951294077274,0.0,0.0,0.3308272684520332,0.3399247358176156,0.3569302467925359,0.3707979379397106,0.33082726845203314,0.33992473581761556,0.3569302467925359,0.3707979379397106,0.0,0.0,0.2999999254941785,0.3333333333333333,0.0,0.29999992549417853,0.14666669514443742,0.26136359499290546,0.3217389958594843,0.2548962938077555,0.10780089600574272,0.12167495202092454,0.3546937686970759,-0.018867892699548472,HOLD,0.0,0.5
0.24999998336923912,0.24999998336923912,0.27586205789152674,0.27586205789152674,0.0,0.0,0.0,HPR,2021-07-23 00:00:00+10:00,Energy,0.34560330195783223,0.41532323320539793,0.4615384615384615,0.48322139475873116,0.25992780467966403,0.3777008767730654,0.24703556172998264,0.37920501504206205,0.21684209548040145,0.42175432687942493,0.2631331987334027,0.3872265360131216,0.3082923810371132,0.32427368392277556,0.5841544812994881,0.2812377556388309,0.04914694145940769,0.049146941459407706,0.15692705367733614,0.15692705367733617,0.38889031645922445,0.3888903164592245,0.34805913632098284,0.3480591363209829,0.0,0.4166666407965914,0.4347825523585543,0.36182468021276704,0.3682919162487104,0.4550541139859928,0.18067742008066034,0.3733268481240748,0.27058417242039723,0.17856284653577958,0.29675294977103406,0.3673390214132376,0.1757814894546128,0.374602860080246,0.4228579329391762,0.2323192730875453,0.4909179173638809,0.0,0.0,0.3308272684520332,0.24254089734155534,0.3569302467925359,0.3707979379397106,0.33082726845203314,0.24254089734155537,0.3569302467925359,0.3707979379397106,0.0,0.0,0.2999999254941785,0.2999999254941785,0.0,0.29999992549417853,0.14666669514443742,0.26136359499290546,0.3652481443160013,0.27751586238922454,0.10780089600574272,0.12167495202092454,0.3494715356335317,-0.018867892699548472,HOLD,0.0,0.5
0.24999998336923912,0.24999998336923912,0.27586205789152674,0.27586205789152674,0.0,0.0,0.0,HPR,2021-07-26 00:00:00+10:00,Energy,0.34560330195783223,0.41532323320539793,0.4615384615384615,0.48322139475873116,0.2563176889966219,0.38488335037644505,0.2430829920944264,0.38508018297329594,0.21368419841138342,0.4254989530003127,0.2617260682071352,0.38833797314640417,0.301935835888683,0.32739312723120384,0.5837603149164377,0.2813681165877914,0.040493692132529416,0.04049369213252942,0.026983413837153542,0.026983413837153546,0.38889031645922445,0.3888903164592245,0.3468225835931963,0.34682258359319634,0.0,0.4166666407965914,0.4347825523585543,0.36078450019150105,0.3664367600839024,0.45659402835618607,0.1780534587282815,0.3689547777009432,0.3136609324583839,0.17635074904952908,0.2934573073912359,0.37830573042014354,0.1765975395186712,0.3710524358625815,0.4283182283645167,0.23225866460715808,0.4909179173638809,0.0,0.0,0.35188891097102676,0.3399247358176156,0.3569302467925359,0.3868663058804924,0.3518889109710268,0.33992473581761556,0.3569302467925359,0.3868663058804925,0.0,0.0,0.2999999254941785,0.2999999254941785,0.0,0.29999992549417853,0.14666669514443742,0.26136359499290546,0.3913042897284452,0.3000197331168397,0.10780089600574272,0.12167495202092454,0.34445819189252935,-0.018867892699548472,HOLD,0.0,0.5
0.24999998336923912,0.24999998336923912,0.27586205789152674,0.27586205789152674,0.0,0.0,0.0,HPR,2021-07-27 00:00:00+10:00,Energy,0.34560330195783223,0.41532323320539793,0.4615384615384615,0.48322139475873116,0.25270757331357985,0.39212003143826935,0.23913042245887017,0.39099903245774636,0.21052630134236516,0.42926422964918254,0.26031893768086767,0.3894517675182988,0.2955792907402528,0.33053522370497634,0.5833661485333868,0.28149851604242926,0.040493692132529416,0.04049369213252942,0.026983413837153542,0.026983413837153546,0.38889031645922445,0.3888903164592245,0.3468225835931963,0.34682258359319634,0.0,0.4166666407965914,0.4347825523585543,0.36075292155174765,0.3649452136174087,0.46013309662057794,0.1737838253881675,0.366267859792188,0.34705612119218754,0.17369680568971124,0.2906554834891435,0.3884823124634037,0.17732361120181728,0.36760672410862716,0.43343420608495686,0.23225866460715808,0.4909179173638809,0.0,0.0,0.35188891097102676,0.3399247358176156,0.3569302467925359,0.3868663058804924,0.3518889109710268,0.33992473581761556,0.3569302467925359,0.3868663058804925,0.0,0.0,0.2999999254941785,0.2999999254941785,0.0,0.29999992549417853,0.14666669514443742,0.26136359499290546,0.4085713838679364,0.3162162747933609,0.10780089600574272,0.12167495202092454,0.3396453819011672,-0.018867892699548472,HOLD,0.0,0.5
0.37499997505385874,0.37499997505385874,0.39655170420474806,0.39655170420474806,0.003942491734410616,0.0,0.0,HPR,2021-07-30 00:00:00+10:00,Energy,0.5562758236782297,0.6263084155678583,0.4615384615384615,0.48322139475873116,0.2779783293000676,0.5902769665511076,0.24110670359553166,0.5987108829389765,0.21684208763768542,0.6016139890081352,0.259380847751153,0.5291607766546015,0.281421531629658,0.4532594782362783,0.5806069845862232,0.3991643029363233,0.28880346453177974,0.2888034645317798,0.2803043046168383,0.28030430461683836,0.36238926278284717,0.36238926278284717,0.41673208262056216,0.4167320826205622,1.0,0.7777777317865376,0.631578937049056,0.39866773178136383,0.3714587551028453,0.5526946081653714,0.2190862402494288,0.32340810085587723,0.9908512529243103,0.1851188608524783,0.2894257627749981,0.8158849364950214,0.1816738845121484,0.36081025232427844,0.7044230536112411,0.0037232187659781593,0.46538187259715125,1.0,0.0073368833299973695,0.5296273173189534,0.49426894744822025,0.48593073192912006,0.5078340251898374,0.5296273173189536,0.49426894744822036,0.4859307319291201,0.5078340251898374,1.0,0.3333333333333334,1.0,0.43333330849805946,1.0,1.0,0.10666671898629203,0.19318181337126808,0.8270270133122967,0.7060526706510423,0.017710731704007544,0.1210911591718677,0.22413794210847326,-0.13333329608042954,SELL,0.0,1.0
0.42857144757801235,0.42857144757801235,0.41379311895186255,0.41379311895186255,0.021079712229137407,0.0,0.0,HPR,2021-08-02 00:00:00+10:00,Energy,0.37218822466647133,0.44343585479795755,0.3846153846153846,0.4129113831425941,0.3068592009695976,0.5639909001700658,0.25494069363886185,0.6052704794154142,0.2231578778543638,0.6187591042995096,0.26172606296516965,0.5468749519469279,0.27882112733439035,0.4712913520593077,0.580804068144845,0.4157679806381077,0.2819095711605846,0.2819095711605846,0.2727074452615456,0.27270744526154567,0.362950529390462,0.362950529390462,0.41749175298161056,0.4174917529816105,1.0,0.8,0.6500000279396778,0.43190741267022653,0.3856853640321989,0.6131202836898574,0.26392128380807234,0.3022038716207337,0.8587588688011147,0.2054920393499997,0.27819204021614385,0.7925304952783352,0.18612292308094003,0.3599672480404503,0.7341785709010942,0.023631113783684574,0.48292491664861203,0.8424402686448412,0.03780667592925544,0.5518962080527103,0.5412255265744255,0.502164531369292,0.5251151647352472,0.5518962080527103,0.5412255265744254,0.502164531369292,0.5251151647352473,0.8,0.6000000000000001,0.8,0.6,0.8,0.8,0.1466667448149678,0.22727274651492774,0.7654545944190245,0.7078343279486037,0.10483382606638017,0.18759369531837294,0.22758621735039875,-0.14754097559733348,SELL,0.0,1.0
0.3928571547362577,0.3928571547362577,0.41379311895186255,0.41379311895186255,0.0,0.0,0.0,HPR,2021-08-03 00:00:00+10:00,Energy,0.34560330195783223,0.41532323320539793,0.4615384615384615,0.48322139475873116,0.3357400726391273,0.5057457758711654,0.26877468368219204,0.5823292088807268,0.2294736680710422,0.6103026865696578,0.2621951070563662,0.5464482499702531,0.27622072303912293,0.4728072632362398,0.5823807336770481,0.41516676347441284,0.2819095711605846,0.2819095711605846,0.2727074452615456,0.27270744526154567,0.362950529390462,0.362950529390462,0.39860563695633877,0.3986056369563387,1.0,0.8,0.6500000279396778,0.45792275739335214,0.4031807138373535,0.6449354337028986,0.295952293067795,0.2941108521247092,0.7696731818266933,0.22237662145117998,0.2708572640203345,0.7416830857277784,0.18752049083450206,0.35920774268139555,0.7319234605098186,0.023631113783684574,0.46830571327239473,0.0,0.0,0.5518962080527103,0.5412255265744255,0.502164531369292,0.4548387245736703,0.5518962080527103,0.5412255265744254,0.502164531369292,0.45483872457367047,0.8,0.8666666666666667,0.8,0.8666666666666667,0.8,0.8,0.1466667448149678,0.22727274651492774,0.6698895212191686,0.6114646011563634,0.10483382606638017,0.18759369531837294,0.23641380402506074,-0.14754097559733348,SELL,0.0,1.0
0.3928571547362577,0.3928571547362577,0.41379311895186255,0.41379311895186255,0.0,0.0,0.0,HPR,2021-08-04 00:00:00+10:00,Energy,0.34560330195783223,0.41532323320539793,0.4615384615384615,0.48322139475873116,0.36462094430865744,0.45064903718461213,0.284584962224417,0.5568116391746833,0.23578945828772058,0.6019375251615294,0.2626641511475625,0.5460218491247307,0.2736203187438553,0.4743277350683922,0.5831690664431495,0.4148664212911749,0.2819095711605846,0.2819095711605846,0.2647196095996689,0.2647196095996689,0.362950529390462,0.362950529390462,0.39860563695633877,0.3986056369563387,1.0,0.8,0.6500000279396778,0.47798153851399877,0.42189115934,0.6567621441595457,0.3200502976064602,0.29767065181823105,0.7145411850398209,0.2369350362044096,0.26612227315097814,0.7065888716175345,0.188903066689732,0.35846568416450575,0.7297327621701998,0.023631113783684574,0.4536865098961774,0.0,0.0,0.5518962080527103,0.567072882470878,0.502164531369292,0.4548387245736703,0.5518962080527103,0.5670728824708777,0.502164531369292,0.45483872457367047,0.8,0.8,0.8,0.8,0.8,0.8,0.1466667448149678,0.22727274651492774,0.626948786179755,0.5720482528910242,0.10483382606638017,0.18759369531837294,0.24488828723273615,-0.14754097559733348,SELL,0.0,1.0
0.37499997505385874,0.37499997505385874,0.39655170420474806,0.39655170420474806,0.0007418887609532527,0.0,0.0,HPR,2021-08-05 00:00:00+10:00,Energy,0.31945419853256657,0.3872106116128381,0.4615384615384615,0.48322139475873116,0.3898917002951452,0.3730610496715223,0.2984189522677474,0.5065133014366283,0.24105261484094032,0.5698699856246855,0.2645403222703828,0.5245439934423181,0.2707309800400235,0.4593996827928255,0.5837603156506295,0.39798210457513317,0.2942576478279529,0.29425764782795294,0.27151313063106053,0.27151313063106053,0.3656840482864086,0.3656840482864086,0.38116992972972286,0.3811699297297229,0.8888887049240042,0.7272726041226758,0.6190475852581405,0.4882944053562229,0.43928322047353235,0.6439301094183589,0.33244775235028234,0.309682206019272,0.6397712579091477,0.24632366128280458,0.26524252498307566,0.6474012616594815,0.1917286590139733,0.3586450516422015,0.6895428252637149,0.024331761088891075,0.3099753549469484,0.028795454545454548,0.0020706405448407627,0.5296273173189534,0.5441916162589265,0.48593073192912006,0.5078340251898374,0.5296273173189536,0.5441916162589266,0.4859307319291201,0.5078340251898374,0.6999998137355157,0.7666666045785053,0.6999998137355157,0.7666666045785053,0.6999998137355156,0.6999998137355156,0.1600001033147032,0.23863640500709454,0.5847373379588721,0.5254982685143345,0.10451639225893644,0.18710889412258724,0.2530237911121045,-0.13333329608042954,SELL,0.0,1.0
0.37499997505385874,0.37499997505385874,0.39655170420474806,0.39655170420474806,0.0,0.0,0.0,HPR,2021-08-06 00:00:00+10:00,Energy,0.34560330195783223,0.41532323320539793,0.4615384615384615,0.48322139475873116,0.3898917002951452,0.3730610496715223,0.31225294231107736,0.48565204504723036,0.24105261484094032,0.5698699856246855,0.26641649339320295,0.5228740252752059,0.2707309800400235,0.4593996827928255,0.5843515648581095,0.39776075340652917,0.05715238290592006,0.05715238290592007,0.27151313063106053,0.27151313063106053,0.315897463910971,0.315897463910971,0.38116992972972286,0.3811699297297229,0.8888887049240042,0.799999701976936,0.6190475852581405,0.4957045596703187,0.4549383857158602,0.6270246386467844,0.34010928264464535,0.32654330195972525,0.6127774447886943,0.24632366128280458,0.26524252498307566,0.6474012616594815,0.1944560955752177,0.3589386480231802,0.6854506648014792,0.020608431723496152,0.28658462954500075,0.0,0.0,0.37374541401431466,0.5441916162589265,0.4047619161547397,0.5078340251898374,0.37374541401431466,0.5441916162589266,0.4047619161547397,0.5078340251898374,0.6999998137355157,0.7333332091570105,0.6999998137355157,0.7333332091570104,0.6999998137355156,0.6999998137355156,0.14666679448549824,0.23863640500709454,0.5713619200574391,0.5117288595194067,0.10454103647531227,0.18710889412258724,0.26083387483629816,-0.13333329608042954,SELL,0.0,1.0
0.37499997505385874,0.37499997505385874,0.39655170420474806,0.39655170420474806,0.0,0.0,0.0,HPR,2021-08-09 00:00:00+10:00,Energy,0.34560330195783223,0.41532323320539793,0.4615384615384615,0.48322139475873116,0.38628158461210305,0.3793719707007066,0.3260869323544078,0.4652926057750342,0.24631577139415983,0.5631413315239907,0.2682926645160233,0.5212087513228342,0.2707309800400235,0.4593996827928255,0.5849428140655899,0.3975395002531581,0.0358468755295916,0.03584687552959161,0.27151313063106053,0.27151313063106053,0.2606433750789605,0.26064337507896057,0.38116992972972286,0.3811699297297229,0.8888887049240042,0.799999701976936,0.5,0.5007560628092236,0.4686497098172524,0.6081049384165746,0.3425338953981637,0.34876695181572637,0.5874817321790019,0.2548166886791716,0.26536372015409215,0.6320377034119039,0.19708864269633808,0.35934267211973503,0.6815400270213573,0.0007005367057897357,0.2739146532856124,0.0,0.0,0.35439703398661404,0.5441916162589265,0.48593073192912006,0.5078340251898374,0.3543970339866141,0.5441916162589266,0.4859307319291201,0.5078340251898374,0.6999998137355157,0.6999998137355157,0.6999998137355157,0.6999998137355157,0.6999998137355156,0.6999998137355156,0.14666679448549824,0.1818182395447831,0.5614194554500866,0.5117288595194067,0.10454103647531227,0.09888408522165719,0.2683315552115241,-0.13333329608042954,SELL,0.0,1.0
0.37499997505385874,0.37499997505385874,0.39655170420474806,0.39655170420474806,0.0,0.0,0.0,HPR,2021-08-10 00:00:00+10:00,Energy,0.34560330195783223,0.41532323320539793,0.4615384615384615,0.48322139475873116,0.3826714689290609,0.3857248248456169,0.33992092239773775,0.4454170920097007,0.25157892794737935,0.5564723815292368,0.2682926645160233,0.5212087513228342,0.2707309800400235,0.4593996827928255,0.5855340632730703,0.397318345049932,0.0358468755295916,0.03584687552959161,0.27151313063106053,0.27151313063106053,0.2606433750789605,0.26064337507896057,0.3609365771594013,0.36093657715940136,0.5,0.8888887049240042,0.7272726041226758,0.5039020528833626,0.4803581319878837,0.5886103905739122,0.33833254614501207,0.37777552395206015,0.5614879815175216,0.26250896492930353,0.266379855700725,0.6186485130924639,0.19708864269633808,0.35934267211973503,0.6815400270213573,0.0007005367057897357,0.25442238211732265,0.0,0.0,0.35439703398661404,0.5441916162589265,0.48593073192912006,0.438709660139591,0.3543970339866141,0.5441916162589266,0.4859307319291201,0.43870966013959106,0.6999998137355157,0.6999998137355157,0.6999998137355157,0.6999998137355157,0.6999998137355156,0.6999998137355156,0.13333343598576283,0.12500007408247166,0.553538159990063,0.5011251260994061,0.9718444452602369,0.10451639225893644,0.27552932837174093,-0.13333329608042954,SELL,0.0,1.0
0.37499997505385874,0.37499997505385874,0.39655170420474806,0.39655170420474806,0.0,0.0,0.0,HPR,2021-08-11 00:00:00+10:00,Energy,0.34560330195783223,0.41532323320539793,0.4615384615384615,0.48322139475873116,0.379061353246019,0.39212003143826935,0.35375491244106816,0.4260084526862651,0.2568420845005991,0.5498623445084371,0.2682926645160233,0.5212087513228342,0.2707309800400235,0.4593996827928255,0.5861253124805499,0.3970972877318206,0.0358468755295916,0.03584687552959161,0.27151313063106053,0.27151313063106053,0.2606433750789605,0.26064337507896057,0.3609365771594013,0.36093657715940136,0.0,0.8888887049240042,0.7272726041226758,0.5055192678774241,0.4901049436352409,0.5695177382541314,0.3236332780171799,0.4175338654951969,0.5296956408597916,0.26946758491911593,0.26821594462772014,0.6067357642122823,0.19708864269633808,0.35934267211973503,0.6815400270213573,0.0007005367057897357,0.2349301109490329,0.0,0.0,0.35439703398661404,0.5441916162589265,0.48593073192912006,0.438709660139591,0.3543970339866141,0.5441916162589266,0.4859307319291201,0.43870966013959106,0.6999998137355157,0.6999998137355157,0.6999998137355157,0.6999998137355157,0.6999998137355156,0.6999998137355156,0.13333343598576283,0.12500007408247166,0.546999985527248,0.49269812069934726,0.9718444452602369,0.10451639225893644,0.2824391906055491,-0.13333329608042954,SELL,0.0,1.0
0.28571427621099377,0.28571427621099377,0.3103448231566107,0.3103448231566107,0.005738366106820739,0.0,0.0,HPR,2021-08-16 00:00:00+10:00,Energy,0.21267898552369802,0.2673367982021042,0.4615384615384615,0.48322139475873116,0.3610108151769136,0.2616147508410782,0.3557311935777294,0.28740938981196607,0.2684210273491391,0.41256017404246925,0.2659474493020064,0.4245193982842109,0.27362031766749295,0.37475758325642494,0.5869136445124599,0.3136052838286978,0.18222121609977227,0.1822212160997723,0.15754541592951285,0.15754541592951288,0.313343452480545,0.31334345248054507,0.38939159690395353,0.3893915969039535,0.0,0.5714285714285715,0.5,0.47981127288059655,0.5031199970831187,0.4643408075926144,0.30248738421644494,0.4427165446950141,0.01512890105927539,0.28090083110367003,0.2765869407395738,0.4086192665794214,0.1944240953647971,0.35810897228834593,0.5110527014979256,0.005419260822069981,0.2299061729781179,1.0,0.021570211149737627,0.27539136540838893,0.2647406521797817,0.4212962793965819,0.35806451822517055,0.2753913654083889,0.2647406521797817,0.4212962793965818,0.3580645182251706,0.2,0.5333332091570105,0.2,0.5333332091570103,0.19999999999999996,0.19999999999999996,0.20000007947284862,0.1818182395447831,0.37575758437808376,0.38132329313462454,0.8101204098365394,0.10231968669081538,0.3015541912579732,-0.05454542991543587,SELL,0.0,1.0
0.28571427621099377,0.28571427621099377,0.3103448231566107,0.3103448231566107,0.0,0.0,0.0,HPR,2021-08-17 00:00:00+10:00,Energy,0.34560330195783223,0.41532323320539793,0.4615384615384615,0.48322139475873116,0.3429602771078082,0.2925535030319648,0.3438734846710607,0.3025819758225603,0.2694736570912398,0.41137783296392383,0.2636022340879898,0.4264349280293739,0.27362031766749295,0.37475758325642494,0.586519478129409,0.31374028484362826,0.18222121609977227,0.1822212160997723,0.15754541592951285,0.15754541592951288,0.313343452480545,0.31334345248054507,0.38939159690395353,0.3893915969039535,0.0,0.5714285714285715,0.5333332671059694,0.4592183568418022,0.49743290889035097,0.41929725356077113,0.3087030249972985,0.4151748415420562,0.17008357246264477,0.2804033202610059,0.279065613815077,0.40598722805317317,0.19162488325199845,0.35703198878011655,0.5140350346735303,0.005419260822069981,0.2299061729781179,0.0,0.0,0.27539136540838893,0.2647406521797817,0.4212962793965819,0.35806451822517055,0.2753913654083889,0.2647406521797817,0.4212962793965818,0.3580645182251706,0.2,0.36666660457850536,0.2,0.3666666045785052,0.19999999999999996,0.19999999999999996,0.20000007947284862,0.1704546233854572,0.3569023622236591,0.37977365669170227,0.8101204098365394,0.10234330574181484,0.30742305897633215,-0.05454542991543587,SELL,0.0,1.0
0.28571427621099377,0.28571427621099377,0.3103448231566107,0.3103448231566107,0.0010422746602184608,0.0,0.0,HPR,2021-08-18 00:00:00+10:00,Energy,0.34560330195783223,0.41532323320539793,0.4615384615384615,0.48322139475873116,0.324909739038703,0.3245778252623175,0.332015775764392,0.3180657944231897,0.2715789204967992,0.40901933667846235,0.2612570188739731,0.4283572240385881,0.27362031766749295,0.37475758325642494,0.5847457290385845,0.31434828275035076,0.18222121609977227,0.1822212160997723,0.15754541592951285,0.15754541592951288,0.3104416107085272,0.31044161070852727,0.38939159690395353,0.3893915969039535,0.0,0.5714285714285715,0.5333332671059694,0.44274592967948034,0.48901192880969657,0.39268786975293657,0.3063578025295969,0.396399381198147,0.24541246139410283,0.27875994418395456,0.28474758491466945,0.40008438212877917,0.18868752624651752,0.3561157715794714,0.5169955268234255,0.006403595631278798,0.026104731778064515,0.15371329879101903,0.03339833656962078,0.27539136540838893,0.2647406521797817,0.4384546449033673,0.35806451822517055,0.2753913654083889,0.2647406521797817,0.43845464490336733,0.3580645182251706,0.0,0.13333333333333344,0.2,0.2,0.0,0.19999999999999996,0.20000007947284862,0.1704546233854572,0.33333333333333487,0.37817776252089436,0.8101204098365394,0.10234330574181484,0.4482758842169464,-0.05454542991543587,SELL,0.0,1.0
0.28571427621099377,0.28571427621099377,0.25862070737355725,0.25862070737355725,0.007799259305756073,0.0,0.0,HPR,2021-08-19 00:00:00+10:00,Energy,0.25859831791850724,0.31992791527974757,0.34615391779403243,0.36241608357196997,0.2960288808178746,0.27398215099741474,0.31620550458440033,0.254868097002217,0.2705262907546985,0.3365482484737511,0.2589118036599565,0.37070876999386837,0.2727535165945245,0.32540545139527743,0.58238073074028,0.26515695481567814,0.19121569654237938,0.19121569654237944,0.18262318242886266,0.18262318242886266,0.3314482257057874,0.3314482257057874,0.3912626049493064,0.39126260494930637,0.0,0.10000018626448451,0.4705882868552263,0.41513805933987585,0.47578681060975786,0.3459284658246744,0.315932089731806,0.3583594871255926,0.17624088824259904,0.28037989828678866,0.28101443996286846,0.2956176235122626,0.1894869784415727,0.350850837566693,0.41760565837088015,0.01376929558899664,0.032595463154393316,0.5349322880688847,0.20160340331787635,0.2163789509007318,0.22232918726918213,0.3879155831592197,0.35382003901359527,0.21637895090073184,0.22232918726918216,0.38791558315921965,0.3538200390135953,0.0,0.06666666666666676,0.0,0.13333333333333333,0.0,0.0,0.1466667448149678,0.19318185570410903,0.3302556972871117,0.3382211033912693,0.6269488389489701,0.665151004160744,0.4455172629957399,0.0,HOLD,0.0,0.5
0.23214287020988356,0.23214287020988356,0.25862070737355725,0.25862070737355725,0.0,0.0,0.0,HPR,2021-08-20 00:00:00+10:00,Energy,0.34560330195783223,0.41532323320539793,0.4615384615384615,0.48322139475873116,0.2671480225970465,0.32771642071887475,0.30039523340440866,0.2754228630285369,0.26947366101259773,0.3376641456698589,0.25515945966699394,0.3736404314739753,0.2701531122992571,0.3267068023777765,0.5800157324419759,0.2659259516751479,0.19121569654237938,0.19121569654237944,0.18262318242886266,0.18262318242886266,0.3314482257057874,0.3314482257057874,0.3794046597922045,0.37940465979220456,0.0,0.0,0.4705882868552263,0.393671924933351,0.4601617976655929,0.32256992680179863,0.3143263054595157,0.33176788025521087,0.25022098199130804,0.281924906626555,0.27736505635148645,0.30106022053318326,0.18739814334864535,0.3463464102198437,0.4243669883302894,0.01376929558899664,0.032595463154393316,0.0,0.0,0.2163789509007318,0.22232918726918213,0.3879155831592197,0.3096774450935833,0.21637895090073184,0.22232918726918216,0.38791558315921965,0.3096774450935834,0.0,0.0,0.0,0.06666666666666667,0.0,0.0,0.10666671898629203,0.19318185570410903,0.3500000144133295,0.32044329424681917,0.0,0.665151004160744,0.4380414007708525,0.0,HOLD,0.0,0.5
0.23214287020988356,0.23214287020988356,0.25862070737355725,0.25862070737355725,0.0,0.0,0.0,HPR,2021-08-23 00:00:00+10:00,Energy,0.34560330195783223,0.41532323320539793,0.4615384615384615,0.48322139475873116,0.2563177024453236,0.34870005351014677,0.284584962224417,0.2965638610672723,0.268421031270497,0.3387819954386849,0.2514071156740316,0.3765887856834814,0.26755270800398945,0.32801208229634293,0.5778478177022923,0.26663206506360615,0.11927203707865595,0.11927203707865597,0.18262318242886266,0.18262318242886266,0.3314482257057874,0.3314482257057874,0.3794046597922045,0.37940465979220456,0.0,0.0,0.4705882868552263,0.37726232021122336,0.44380524215999934,0.31544971225525065,0.30490386065217356,0.31318045967033414,0.29840833520436955,0.2833992633439919,0.2737946348367841,0.3061950032336494,0.1849816883022437,0.34222325104142515,0.4306049708627935,0.008349924167509895,0.032595463154393316,0.0,0.0,0.3093682356415237,0.22232918726918213,0.3879155831592197,0.3096774450935833,0.3093682356415237,0.22232918726918216,0.38791558315921965,0.3096774450935834,0.0,0.0,0.0,0.0,0.0,0.0,0.10666671898629203,0.19318185570410903,0.37903226710962246,0.32284120554242285,0.0,0.665151004160744,0.43086457303496084,0.0576922801383859,BUY,0.0,0.0
0.23214287020988356,0.23214287020988356,0.25862070737355725,0.25862070737355725,0.0,0.0,0.0,HPR,2021-08-24 00:00:00+10:00,Energy,0.34560330195783223,0.41532323320539793,0.4615384615384615,0.48322139475873116,0.24548738229360068,0.3701624001314674,0.2687746910444253,0.3183165333680953,0.26736840152839625,0.33990180290957117,0.2476547716810693,0.3795539756007543,0.2623518994134546,0.3306345003288036,0.5756799029626092,0.26733932889970413,0.11927203707865595,0.11927203707865597,0.18262318242886266,0.18262318242886266,0.3314482257057874,0.3314482257057874,0.3794046597922045,0.37940465979220456,0.0,0.0,0.4705882868552263,0.36500138808766414,0.4278384634882769,0.3192434692131738,0.2885167776595282,0.3017247625620405,0.33424409461077237,0.2848068281169507,0.2702988617420816,0.31105250261951367,0.18224250767408123,0.3384756641996691,0.43638761245082,0.008349924167509895,0.032595463154393316,0.0,0.0,0.3093682356415237,0.22232918726918213,0.3879155831592197,0.3096774450935833,0.3093682356415237,0.22232918726918216,0.38791558315921965,0.3096774450935834,0.0,0.0,0.0,0.0,0.0,0.0,0.10666671898629203,0.19318185570410903,0.3975155338187607,0.3251709298942206,0.0,0.665151004160744,0.4239748184085045,0.0576922801383859,BUY,0.0,0.0
0.23214287020988356,0.23214287020988356,0.25862070737355725,0.25862070737355725,0.0003904431142885784,0.0,0.0,HPR,2021-08-25 00:00:00+10:00,Energy,0.34560330195783223,0.41532323320539793,0.4615384615384615,0.48322139475873116,0.23465706214187787,0.39212003143826935,0.25296441986443385,0.3407078160370831,0.2663157717862955,0.3410235732298409,0.24577859881092712,0.38104292977200915,0.25715109082291954,0.33327284935109125,0.5721324062493447,0.26849915858369255,0.11927203707865595,0.11927203707865597,0.18262318242886266,0.18262318242886266,0.3314482257057874,0.3314482257057874,0.3617961939403207,0.36179619394032064,0.0,0.0,0.4705882868552263,0.3561305662008589,0.4129802416964658,0.3300332212224164,0.2646745485855534,0.2979030643658185,0.3630008505316757,0.2861510854529381,0.26687384269086545,0.3156591632554785,0.1827376114170689,0.3344318289076882,0.44146320644949044,0.007734327813795707,0.0329203993147687,0.04767488417319682,0.009995843286095577,0.3093682356415237,0.22232918726918213,0.3879155831592197,0.3695852307122136,0.3093682356415237,0.22232918726918216,0.38791558315921965,0.3695852307122136,0.0,0.0,0.0,0.0,0.0,0.0,0.09333336048655662,0.19318185570410903,0.41049383212868595,0.3274353349729717,0.0,0.665151004160744,0.41736065396710653,0.0576922801383859,BUY,0.0,0.0
0.24999998336923912,0.24999998336923912,0.25862070737355725,0.25862070737355725,0.023421902476819342,0.0,0.0,HPR,2021-08-26 00:00:00+10:00,Energy,0.34560330195783223,0.41532323320539793,0.42307699471710936,0.44143344565756654,0.23465706214187787,0.39212003143826935,0.23715414868444218,0.3637662503109047,0.26526314204419477,0.34214731156487865,0.2420262548179648,0.38403364492791014,0.25195028223238447,0.3359272749748201,0.5672053275624984,0.270115179299499,0.0,0.0,0.18262318242886266,0.18262318242886266,0.3314482257057874,0.3314482257057874,0.33911328588619816,0.3391132858861982,0.0,0.0,0.4705882868552263,0.35001690557517784,0.3996568467018649,0.3449719228976641,0.23092651750721227,0.30422481351449926,0.3863022558793049,0.28743519393150585,0.2635160475722095,0.32003802281479155,0.17952150443780535,0.3312392657585752,0.44658201228874783,0.022488511209084995,0.05241267048305844,0.9836033324480904,0.38072024921187253,0.37374541401431466,0.22232918726918213,0.3879155831592197,0.3096774450935833,0.37374541401431466,0.22232918726918216,0.38791558315921965,0.3096774450935834,0.0,0.0,0.0,0.0,0.0,0.0,0.1066666693157616,0.20454547186343494,0.4259459410695981,0.33522153452223263,0.6270709079333916,0.7812356308370353,0.4110110561033645,0.0576922801383859,BUY,0.0,0.0
0.23214287020988356,0.23214287020988356,0.25862070737355725,0.25862070737355725,0.0,0.0,0.0,HPR,2021-08-27 00:00:00+10:00,Energy,0.34560330195783223,0.41532323320539793,0.4615384615384615,0.48322139475873116,0.23465706214187787,0.39212003143826935,0.22134387750445073,0.3875221039277157,0.2568420923433151,0.3512087053942653,0.23827391082500227,0.3870415604533398,0.2467494736418494,0.3385979245915771,0.5622782488756513,0.27173721423421504,0.0,0.0,0.18262318242886266,0.18262318242886266,0.1782962945226793,0.17829629452267934,0.33911328588619816,0.3391132858861982,0.0,0.0,0.4705882868552263,0.34613308537488596,0.38808536478576405,0.36202355822762233,0.17654817889276397,0.33167180200366175,0.39089105487949094,0.2835288694648648,0.25250070043284634,0.3365273734532883,0.17598831690109207,0.328415705541371,0.4513809044064885,0.022488511209084995,0.04913163393865607,0.0,0.0,0.37374541401431466,0.22232918726918213,0.285714328756973,0.3096774450935833,0.37374541401431466,0.22232918726918216,0.285714328756973,0.3096774450935834,0.0,0.0,0.0,0.0,0.0,0.0,0.1066666693157616,0.20454547186343494,0.42404306802159264,0.3310714803235783,0.6270709079333916,0.7812356308370353,0.4049154421541724,0.0576922801383859,BUY,0.0,0.0
0.28571427621099377,0.28571427621099377,0.3103448231566107,0.3103448231566107,0.0,0.0,0.0,HPR,2021-10-06 00:00:00+11:00,Energy,0.34560330195783223,0.41532323320539793,0.4615384615384615,0.48322139475873116,0.2671480225970465,0.43505577191786604,0.22134387750445073,0.4795189158174986,0.16947369434414095,0.5337655152838331,0.204502814888341,0.4770396854519906,0.14446691689343405,0.44845494087604254,0.38648007874461543,0.38780839422509905,0.1261531128544737,0.12615311285447373,0.10093689933516227,0.10093689933516227,0.08719570059736642,0.08719570059736642,0.13950450380276652,0.13950450380276647,1.0,1.0,1.0,0.4431020845524403,0.42123674385434406,0.5586227679501967,0.17654817889276397,0.33167180200366175,0.7545875385933134,0.11442518094275955,0.2819158749179014,0.7788252547877819,0.16167358450688818,0.2826566865620852,0.599087872221904,0.0003869873592608597,0.0013105628519999607,0.0,0.0,0.4418366585963075,0.45398678939207254,0.45627288126136945,0.4752282281879618,0.4418366585963075,0.4539867893920726,0.4562728812613695,0.47522822818796195,1.0,1.0,1.0,1.0,1.0,1.0,0.026666716999470805,0.011363658492166858,0.6666666666666676,0.6598155517524134,1.0,1.0,0.26066898235856606,0.0,HOLD,0.0,0.5
0.28571427621099377,0.28571427621099377,0.3103448231566107,0.3103448231566107,0.0,0.0,0.0,HPR,2021-10-07 00:00:00+11:00,Energy,0.34560330195783223,0.41532323320539793,0.4615384615384615,0.48322139475873116,0.2779783427487694,0.4133511238055778,0.22727272827666822,0.47000796736517914,0.17263158749180108,0.5295626489697566,0.2054409013234122,0.4761997081972035,0.14417798248486968,0.4486331568825742,0.38411508044631093,0.38875584454843004,0.1261531128544737,0.12615311285447373,0.10093689933516227,0.10093689933516227,0.08719570059736642,0.08719570059736642,0.13950450380276652,0.13950450380276647,1.0,1.0,1.0,0.4508351698058176,0.42995611020237773,0.5595174575435469,0.18516709329216507,0.3334345817512835,0.7041241452183458,0.12155171416351684,0.2797190085224418,0.7318004858504684,0.1623202418851215,0.28363796697208965,0.597884675725712,0.0003869873592608597,0.0,0.0,0.0,0.4418366585963075,0.45398678939207254,0.45627288126136945,0.4752282281879618,0.4418366585963075,0.4539867893920726,0.4562728812613695,0.47522822818796195,1.0,1.0,1.0,1.0,1.0,1.0,0.026666716999470805,0.011363658492166858,0.6250000000000004,0.6003066486370883,1.0,1.0,0.2616624991745269,0.09090907243657687,BUY,0.0,0.0
0.28571427621099377,0.28571427621099377,0.3103448231566107,0.3103448231566107,0.0,0.0,0.0,HPR,2021-10-08 00:00:00+11:00,Energy,0.34560330195783223,0.41532323320539793,0.4615384615384615,0.48322139475873116,0.28880866290049223,0.39212003143826935,0.23320157904888594,0.4606036837058005,0.17578948063946143,0.5253836852016628,0.20309568610939555,0.4783019777865055,0.14388904807630531,0.4488114372969002,0.381750082148006,0.38970511121583373,0.1261531128544737,0.12615311285447373,0.10093689933516227,0.10093689933516227,0.08719570059736642,0.08719570059736642,0.0025707787047697384,0.002570778704769683,1.0,1.0,1.0,0.45665101359361293,0.43829842865742424,0.5558475932951161,0.19143838742418018,0.33760130239713426,0.6666666666544014,0.12762816592391546,0.27869574056762214,0.6986834321326878,0.15670448330606312,0.28583874326177017,0.6017421056361542,0.0003869873592608597,0.0,0.0,0.0,0.4418366585963075,0.45398678939207254,0.45627288126136945,0.35806451822517055,0.4418366585963075,0.4539867893920726,0.4562728812613695,0.3580645182251706,1.0,1.0,1.0,1.0,1.0,1.0,0.026666716999470805,0.011363658492166858,0.6000000000000008,0.5646013067678932,1.0,1.0,0.2626361456541686,0.09090907243657687,BUY,0.0,0.0
0.35714286189450306,0.3928571547362577,0.3793103536867787,0.41379311895186255,0.007870696108310371,0.0,0.0,HPR,2021-10-21 00:00:00+11:00,Energy,0.5196133780761394,0.5914222898012516,0.5384615384615384,0.5582981875758622,0.31046931665263955,0.5565288774822219,0.27470354181664325,0.57267406130851,0.2105263091850812,0.6359517315582103,0.18339587621486886,0.6226261494603201,0.13724356959567308,0.5610277610738358,0.3441071980730994,0.5148772134953669,0.23854422226503444,0.23854422226503447,0.21534509819735417,0.2153450981973542,0.22252708662909607,0.22252708662909607,0.09807241906294928,0.09807241906294928,1.0,1.0,1.0,0.4939941777693039,0.4834159947682377,0.5528398773401065,0.23852955001674847,0.3634996761712862,0.9999999999758151,0.18198161027121018,0.2813961840322261,0.8855179421460888,0.09419136910209103,0.3221780698425847,0.9664437672151147,0.009589743629445943,0.008431966661978776,0.7751072565391891,0.7257827043842103,0.5024998507011592,0.5163181674752091,0.5592948754390911,0.4548387245736703,0.5024998507011591,0.516318167475209,0.5592948754390912,0.45483872457367047,1.0,1.0,1.0,1.0,1.0,1.0,0.10666671898629203,0.07954548244664517,0.9999999999999977,0.6969339045471575,1.0,1.0,0.27056782005476065,-0.016393475660999357,HOLD,0.0,0.5
0.35714286189450306,0.35714286189450306,0.3793103536867787,0.3793103536867787,0.009924445626990276,0.0,0.0,HPR,2021-10-22 00:00:00+11:00,Energy,0.2933051925201049,0.35862559333554433,0.4615384615384615,0.48322139475873116,0.3249097524874045,0.459662261892801,0.2826086810877557,0.502025333978477,0.21789472914386032,0.5745353423478013,0.18292683387099418,0.5809746542779911,0.13695463626347104,0.5251880010949942,0.34016553424259177,0.48002719246823167,0.2656960102924476,0.26569601029244766,0.23372537431901952,0.23372537431901952,0.23682170808461542,0.23682170808461547,0.10588582905526162,0.10588582905526156,0.75,0.75,0.8181817873942948,0.5055345412185149,0.492554823362776,0.5636001471186518,0.25448411040252583,0.36128032153172107,0.7439750182220476,0.19341537688050625,0.2820760234380847,0.7246791944579837,0.09147207413620739,0.3244757402801517,0.8749622979605947,0.016805802576280695,0.016691329262762348,0.5577053430995111,0.4874231164047146,0.4595817051388776,0.47221980956081056,0.5249542107131839,0.4225806557908371,0.45958170513887764,0.47221980956081067,0.5249542107131839,0.42258065579083715,0.6666666666666667,0.8888888888888891,0.7777777317865376,0.9259259105955125,0.6666666666666666,0.7777777317865375,0.09333341015708702,0.10227275709813795,0.7083333333333338,0.6247674433153572,0.4478139557823944,0.4593087033503964,0.2762968320106447,0.016949123647561848,HOLD,0.0,0.5
0.28571427621099377,0.28571427621099377,0.3103448231566107,0.3103448231566107,0.009978667331224112,0.0,0.0,HPR,2021-10-25 00:00:00+11:00,Energy,0.23746144798454377,0.2959218164793981,0.4615384615384615,0.48322139475873116,0.3249097524874045,0.32457780098373745,0.2826086810877557,0.3861530853333752,0.22105262229152045,0.4679946035442589,0.18292683387099418,0.4967072545681682,0.13550996744973642,0.454009733735507,0.3354355376459828,0.40866870826321733,0.32394352169271706,0.32394352169271706,0.2834819968261663,0.28348199682616637,0.2802117322528337,0.2802117322528337,0.08884454636735739,0.08884454636735734,0.5,0.5,0.5999999503294646,0.49430797337307975,0.49722744573288896,0.5201298855047056,0.25448411040252583,0.36128032153172107,0.41867499391750146,0.19271990299649344,0.2886212362882612,0.49051025611936916,0.09147207413620739,0.3244757402801517,0.6649634951887688,0.02622975767999585,0.02499581647130051,0.35928335603239997,0.33340390729710967,0.37374541401431466,0.38402309373201393,0.45627288126136945,0.438709660139591,0.37374541401431466,0.38402309373201393,0.4562728812613695,0.43870966013959106,0.0,0.5555555555555557,0.33333319535961264,0.7037036423820502,0.0,0.3333331953596127,0.1466667448149678,0.1477273064011235,0.4583333333333344,0.43589598881899666,0.2950877488161066,0.3048263574295794,0.28179668348829345,0.09090907243657687,BUY,0.0,0.0
0.35714286189450306,0.35714286189450306,0.3793103536867787,0.3793103536867787,0.029277378096024178,0.0,0.0,HPR,2021-10-26 00:00:00+11:00,Energy,0.4616100193700369,0.5347246499313978,0.4615384615384615,0.48322139475873116,0.33935018832216945,0.43208446528465605,0.2905138203588682,0.4899039461773973,0.22842104225029958,0.5608287783011822,0.18480300674113614,0.5791111698121895,0.1352210341175344,0.5263469649443241,0.33149387381547557,0.4839076660367979,0.35881831841924705,0.3588183184192471,0.3221232164889635,0.3221232164889636,0.31329826182562753,0.31329826182562753,0.12521161366624906,0.125211613666249,0.6250000000000001,0.6250000000000001,0.6842104953577004,0.5041759387706338,0.5032846887114668,0.5336066075953378,0.26684973857742145,0.36273599945281687,0.6969696969562823,0.20120594056120922,0.2925955345915894,0.6986834576521248,0.09841193125615422,0.3198671297106861,0.850385442881911,0.05387961187125476,0.04936115543166268,0.5131773684675087,0.5047479477307805,0.4595817051388776,0.47221980956081056,0.5249542107131839,0.5090908999285428,0.45958170513887764,0.47221980956081067,0.5249542107131839,0.509090899928543,0.6666666666666667,0.4444444444444446,0.7777777317865376,0.6296295529775626,0.6666666666666666,0.7777777317865375,0.20000007947284862,0.19318185570410903,0.6454545454545464,0.6356670094021297,0.6600224436051235,0.6623040705132232,0.2870765409068363,0.016949123647561848,HOLD,0.0,0.5
0.35714286189450306,0.35714286189450306,0.3793103536867787,0.3793103536867787,0.001171095123840967,0.0,0.0,HPR,2021-10-27 00:00:00+11:00,Energy,0.34560330195783223,0.41532323320539793,0.4615384615384615,0.48322139475873116,0.35379062415693463,0.40525964617797317,0.29841895962998066,0.47795328217615696,0.23578946220907848,0.5513808623957802,0.18667917961127833,0.5772532646420437,0.13493210078533235,0.5265403710523521,0.3275522099849679,0.4856807374009723,0.35881831841924705,0.3588183184192471,0.3221232164889635,0.3221232164889636,0.31329826182562753,0.31329826182562753,0.12521161366624906,0.125211613666249,0.6250000000000001,0.6250000000000001,0.6842104953577004,0.5110565374410205,0.5097475445581799,0.5375544990732078,0.2763434121000631,0.36713253171152715,0.6614159994808857,0.207653766482228,0.29884779141245865,0.6776255262850467,0.10489259856952216,0.31579290190594467,0.83036058281578,0.054985606038905115,0.04971581730556971,0.02011420847572517,0.020048671042834674,0.4595817051388776,0.47221980956081056,0.5249542107131839,0.5090908999285428,0.45958170513887764,0.47221980956081067,0.5249542107131839,0.509090899928543,0.6666666666666667,0.4444444444444446,0.7777777317865376,0.6296295529775626,0.6666666666666666,0.7777777317865375,0.20000007947284862,0.19318185570410903,0.6115384615384621,0.5851894665818992,0.6600224436051235,0.6623040705132232,0.2921452040286373,0.016949123647561848,HOLD,0.0,0.5
0.35714286189450306,0.35714286189450306,0.3793103536867787,0.3793103536867787,0.0028732818863438127,0.0,0.0,HPR,2021-10-28 00:00:00+11:00,Energy,0.34560330195783223,0.41532323320539793,0.4615384615384615,0.48322139475873116,0.34657040623955204,0.4185798742076061,0.30632409890109313,0.4661697603559938,0.2431578821678576,0.5420511509669433,0.1899624812603662,0.5740152814648173,0.13550996852609876,0.5261536283816904,0.324004713271703,0.4872814611407775,0.25413016756260265,0.25413016756260265,0.3221232164889635,0.3221232164889636,0.31329826182562753,0.31329826182562753,0.10290060393967532,0.10290060393967532,0.6250000000000001,0.6250000000000001,0.6842104953577004,0.5155181952434502,0.5159663971353539,0.53517957829514,0.2832370130027918,0.37419151368419123,0.6320676359377497,0.2120980573170732,0.30733925132534,0.6613831353211087,0.11206109270749787,0.31351895630566706,0.8111112388435655,0.050265997127290754,0.052107031671139656,0.053983823555297385,0.04697375230511756,0.33504872603709984,0.47221980956081056,0.5249542107131839,0.568982589959832,0.3350487260370999,0.47221980956081067,0.5249542107131839,0.568982589959832,0.6666666666666667,0.6666666666666667,0.7777777317865376,0.7777777317865376,0.6666666666666666,0.7777777317865375,0.20000007947284862,0.19318185570410903,0.5902777777777786,0.553832011014006,0.6600224436051235,0.6623040705132232,0.29701112062556634,0.016949123647561848,HOLD,0.0,0.5
0.35714286189450306,0.35714286189450306,0.3793103536867787,0.3793103536867787,0.0,0.0,0.0,HPR,2021-10-29 00:00:00+11:00,Energy,0.34560330195783223,0.41532323320539793,0.4615384615384615,0.48322139475873116,0.34657040623955204,0.4185798742076061,0.3142292381722058,0.45454989858757244,0.25052630212663674,0.532837439490908,0.19324578290945382,0.5707941753387206,0.13522103519389672,0.5263469642239601,0.32045721655843806,0.4888869052321648,0.24301374264784828,0.2430137426478483,0.3221232164889635,0.3221232164889636,0.31329826182562753,0.31329826182562753,0.10290060393967532,0.10290060393967532,0.6250000000000001,0.6250000000000001,0.6842104953577004,0.5180338263510146,0.5215326966646681,0.5288281806475563,0.2875305412856076,0.38391294537080944,0.6060606060504455,0.21440650560091745,0.3182177846053198,0.6492160792868017,0.1187077957084175,0.3118522458539783,0.794975877284146,0.04089324955353781,0.052107031671139656,0.0,0.0,0.37374541401431466,0.47221980956081056,0.5249542107131839,0.568982589959832,0.37374541401431466,0.47221980956081067,0.5249542107131839,0.568982589959832,0.6666666666666667,0.6666666666666667,0.7777777317865376,0.7777777317865376,0.6666666666666666,0.7777777317865375,0.20000007947284862,0.19318185570410903,0.5756578947368428,0.5324246332905195,0.6600224436051235,0.6623040705132232,0.30168240055861817,0.016949123647561848,HOLD,0.0,0.5
0.35714286189450306,0.35714286189450306,0.3793103536867787,0.3793103536867787,0.0,0.0,0.0,HPR,2021-11-01 00:00:00+11:00,Energy,0.34560330195783223,0.41532323320539793,0.4615384615384615,0.48322139475873116,0.361010842074317,0.39212003143826935,0.3221343774433183,0.4430903108003137,0.25473682893775573,0.5276237121151367,0.19652908455854168,0.5675898146566117,0.1349321018616949,0.5265403703317258,0.3169097198451736,0.4904970905856326,0.1590294815100226,0.15902948151002264,0.3221232164889635,0.3221232164889636,0.2940840236198295,0.2940840236198295,0.10290060393967532,0.10290060393967532,0.4,0.6250000000000001,0.6842104953577004,0.5189961245083848,0.5262118932464835,0.520193873302906,0.28895211491616946,0.3965752313950418,0.5813250060697738,0.21990689661419727,0.3197609863112931,0.632759031695341,0.12489834470573347,0.3107163852471546,0.7811596368779199,0.03146929444982265,0.051765916925694586,0.0,0.0,0.4595817051388776,0.47221980956081056,0.4696969929644412,0.568982589959832,0.45958170513887764,0.47221980956081067,0.46969699296444123,0.568982589959832,0.6666666666666667,0.6666666666666667,0.6666666666666667,0.7407407100799139,0.6666666666666666,0.6666666666666666,0.20000007947284862,0.19318185570410903,0.5649350649350658,0.5168396156961129,0.6600224436051235,0.6623040705132232,0.3061668292943479,-0.06779662087127336,SELL,0.0,1.0
0.35714286189450306,0.35714286189450306,0.3793103536867787,0.3793103536867787,0.0,0.0,0.0,HPR,2021-11-02 00:00:00+11:00,Energy,0.34560330195783223,0.41532323320539793,0.4615384615384615,0.48322139475873116,0.361010842074317,0.39212003143826935,0.33003951671443077,0.4317877036927089,0.2589473557488745,0.522446765890915,0.19981238620762953,0.5644020691761632,0.13464316852949265,0.526733846743301,0.31336222313190865,0.4921120382353691,0.0,0.0,0.3221232164889635,0.3221232164889636,0.2940840236198295,0.2940840236198295,0.10290060393967532,0.10290060393967532,0.5,0.6250000000000001,0.625,0.5187304575548348,0.5298928141145547,0.51047750458666,0.2867847563358493,0.4129125499799351,0.5555555555472126,0.2246892505839344,0.3221066849533951,0.6184677282795134,0.13068201173332028,0.3100540340884612,0.7691256254421998,0.0038194402585637406,0.051765916925694586,0.0,0.0,0.37374541401431466,0.47221980956081056,0.4696969929644412,0.568982589959832,0.37374541401431466,0.47221980956081067,0.46969699296444123,0.568982589959832,0.6666666666666667,0.6666666666666667,0.6666666666666667,0.7037036883732902,0.6666666666666666,0.6666666666666666,0.20000007947284862,0.15909096489329033,0.5566666666666674,0.5052755079698463,0.6600224436051235,0.6600224436051235,0.3104718808806485,-0.11864405495447194,SELL,0.0,1.0
0.35714286189450306,0.35714286189450306,0.3793103536867787,0.3793103536867787,0.0,0.0,0.0,HPR,2021-11-03 00:00:00+11:00,Energy,0.34560330195783223,0.41532323320539793,0.4615384615384615,0.48322139475873116,0.361010842074317,0.39212003143826935,0.33794465598554346,0.42063887357691065,0.2631578825599935,0.5173062129677238,0.2030956878567174,0.561230810002216,0.1355099696024611,0.5261536276615878,0.30981472641864416,0.49373176934016894,0.0,0.0,0.3221232164889635,0.3221232164889636,0.2940840236198295,0.2940840236198295,0.10290060393967532,0.10290060393967532,1.0,0.6250000000000001,0.625,0.5175057372175562,0.5325497200320284,0.5005106119797712,0.2791453704833594,0.4348531726164,0.5238095238023197,0.22879179513964454,0.32521215633537714,0.6057583000343549,0.1360966851773926,0.30982109971668015,0.7584962091493535,0.002713446090913384,0.051765916925694586,0.0,0.0,0.37374541401431466,0.47221980956081056,0.4696969929644412,0.568982589959832,0.37374541401431466,0.47221980956081067,0.46969699296444123,0.568982589959832,0.6666666666666667,0.6666666666666667,0.6666666666666667,0.6666666666666667,0.6666666666666666,0.6666666666666666,0.20000007947284862,0.15909096489329033,0.5500000000000009,0.49616606818526965,0.6600224436051235,0.6600224436051235,0.314604730403497,-0.11864405495447194,SELL,0.0,1.0
0.4107142678956134,0.4107142678956134,0.43103446946983215,0.43103446946983215,0.01344323514559523,0.0,0.0,HPR,2021-11-04 00:00:00+11:00,Energy,0.42670964208033213,0.49967625545360994,0.4615384615384615,0.48322139475873116,0.3718411622260398,0.46963489201936404,0.3399209371222047,0.5005006525282543,0.27052630251877263,0.5820459753863355,0.2077861182847507,0.6186964566748813,0.1360878373432275,0.5798554031693607,0.3068584789128592,0.5508471377731999,0.11118579600029001,0.11118579600029002,0.24506710457144337,0.24506710457144337,0.30875766130054766,0.30875766130054766,0.11864078081066293,0.11864078081066287,1.0,0.6842104953577004,0.6842104953577004,0.530095045101729,0.5376339531010342,0.5241361547777452,0.2873349662780872,0.42999658857257794,0.8274240949540153,0.24262678387146175,0.32320832724026327,0.7329727487418581,0.14719061422342516,0.30557966549072213,0.8449476312755488,0.012695817649875206,0.06295370088544618,1.0,0.182490014124646,0.4337580372322033,0.4039034636272485,0.5183982703339709,0.6248138257887298,0.4337580372322032,0.4039034636272485,0.5183982703339709,0.6248138257887299,1.0,0.7777777777777779,1.0,0.7777777777777777,1.0,1.0,0.24000005563099405,0.19318185570410903,0.6513157275575101,0.5721181726113309,0.7279742985503218,0.7279742985503218,0.31857226594543164,-0.11290321611526966,SELL,0.0,1.0
0.4107142678956134,0.4107142678956134,0.43103446946983215,0.43103446946983215,0.014726989620349698,0.0,0.0,HPR,2021-11-05 00:00:00+11:00,Energy,0.34560330195783223,0.41532323320539793,0.4615384615384615,0.48322139475873116,0.38267148237776283,0.4496767471160812,0.34584978789442244,0.49184732515267715,0.27789472247755176,0.5727971881819577,0.2124765487127842,0.6140002136481187,0.1366657050839939,0.5794495856922287,0.30488764773179744,0.551797268321471,0.11118579600029001,0.11118579600029002,0.23125201859888606,0.2312520185988861,0.30875766130054766,0.30875766130054766,0.11864078081066293,0.11864078081066287,1.0,0.6842104953577004,0.6842104953577004,0.5388123752778012,0.543750065164384,0.53417958931347,0.30177200252734415,0.4258016667020741,0.7545874821400708,0.25408912436963127,0.32385623172231703,0.7005882695360504,0.15733329313842193,0.3024452499042989,0.8233444617809477,0.026604136705745497,0.0752098562279317,0.5227856626175451,0.1677574204814169,0.4337580372322033,0.44568601283936277,0.5183982703339709,0.6248138257887298,0.4337580372322032,0.44568601283936266,0.5183982703339709,0.6248138257887299,1.0,0.8888888888888891,1.0,0.8888888888888891,1.0,1.0,0.24000005563099405,0.19318185570410903,0.6515150899401115,0.5548634466840712,0.7279742985503218,0.7279742985503218,0.3253199981568956,-0.06451614066167644,SELL,0.0,1.0
0.4107142678956134,0.42857144757801235,0.43103446946983215,0.4482758842169464,0.016157365204609055,0.0,0.0,HPR,2021-11-08 00:00:00+11:00,Energy,0.37133064635999613,0.4425362117396346,0.5000000716401862,0.5189434844853109,0.3971119182125278,0.4552332867806461,0.3616600664366476,0.49623173122254816,0.2863157760997893,0.5865961985909981,0.21763602323201403,0.6293714804467744,0.13753250723332466,0.5968545137398681,0.303113900109357,0.5712702185494515,0.10791419372125231,0.10791419372125233,0.15701664171200944,0.1570166417120094,0.30899730446741824,0.30899730446741824,0.11954722831434073,0.11954722831434073,1.0,0.7000000000000001,0.7000000000000001,0.5492472627362949,0.5510953365331507,0.5461431829960632,0.3052467113282581,0.4504795257210331,0.8227487524382273,0.267462464492513,0.3242910022969234,0.7133333974145495,0.16883667868616992,0.29859422613852193,0.8328795655281227,0.04186331703798393,0.0886564045706647,0.36449906740569704,0.15644109145601767,0.4537622946525095,0.5604165253896075,0.5346320697741428,0.643424283951175,0.4537622946525094,0.5604165253896074,0.5346320697741427,0.643424283951175,1.0,1.0,1.0,1.0,1.0,1.0,0.2533334141307294,0.20454551419627587,0.6701878302129275,0.5589530025142683,0.7811200655480471,0.7811200655480471,0.3316628664356718,-0.07936512066333345,SELL,0.0,1.0
0.4107142678956134,0.4107142678956134,0.39655170420474806,0.39655170420474806,0.03337621102946756,0.0,0.0,HPR,2021-11-09 00:00:00+11:00,Energy,0.2696464771729271,0.33234225070024315,0.3846153846153846,0.4117773483804564,0.400722020446868,0.3543758201306244,0.36363634757330887,0.41242192515033027,0.29157893265300905,0.5076590842626664,0.22138836722497635,0.5642960642900129,0.13868824163849514,0.5420315293809294,0.30074890254524433,0.5165278345265057,0.173530114780854,0.17353011478085403,0.13967987698878057,0.13967987698878054,0.3285352182243254,0.3285352182243254,0.1370145598457107,0.1370145598457107,0.5714284193759716,0.6086956028789684,0.6086956028789684,0.5415069133257698,0.5551524356490308,0.5141389044468598,0.30566509271400666,0.45358059156044994,0.4889862097369547,0.26969946210687556,0.3314040995954628,0.5664345523367315,0.17392504094218664,0.29960794965154847,0.7311837010283287,0.07338415081601908,0.11643289098547759,0.42953125329684083,0.2467094140348216,0.3937495969131059,0.40457737457753257,0.48593073192912006,0.5875929787930583,0.3937495969131058,0.40457737457753246,0.4859307319291201,0.5875929787930584,0.6249997671693945,0.8749999223897982,0.6249997671693945,0.8749999223897982,0.6249997671693945,0.6249997671693945,0.2933334399594052,0.2386364473399355,0.5547263168455101,0.49677952380956036,0.5616757145468693,0.5616757145468693,0.3409919078581738,-0.08333331781129005,SELL,0.0,1.0
0.37499997505385874,0.37499997505385874,0.39655170420474806,0.39655170420474806,0.0,0.0,0.0,HPR,2021-11-10 00:00:00+11:00,Energy,0.34560330195783223,0.41532323320539793,0.4615384615384615,0.48322139475873116,0.40433212268120844,0.34822856977563243,0.36561262870997036,0.4097317104611031,0.2968420892062288,0.5014723360317802,0.22514071121793866,0.5607339292691785,0.13984397604366539,0.5412489211520376,0.2973984886564094,0.5180998801613982,0.173530114780854,0.17353011478085403,0.13967987698878057,0.13967987698878054,0.3285352182243254,0.3285352182243254,0.1370145598457107,0.1370145598457107,0.5714284193759716,0.4705881837330204,0.6086956028789684,0.534166399544753,0.5566729653539186,0.48945009019221514,0.3058050954077619,0.45696671454142235,0.47731940641754,0.27103180112885994,0.3395282669427613,0.5570499368311794,0.17869455728448802,0.30099273053224973,0.7241250719461727,0.07338415081601908,0.11643289098547759,0.0,0.0,0.3937495969131059,0.40457737457753257,0.48593073192912006,0.5875929787930583,0.3937495969131058,0.40457737457753246,0.4859307319291201,0.5875929787930584,0.6249997671693945,0.7499998447795965,0.6249997671693945,0.7499998447795964,0.6249997671693945,0.6249997671693945,0.21333343797258403,0.2386364473399355,0.521628441997772,0.473519698024023,0.5307595686361917,0.5616757145468693,0.3495746259668756,-0.08333331781129005,SELL,0.0,1.0
0.28571427621099377,0.28571427621099377,0.3103448231566107,0.3103448231566107,0.017566426857614507,0.0,0.0,HPR,2021-11-11 00:00:00+11:00,Energy,0.21267898552369802,0.2673367982021042,0.4615384615384615,0.48322139475873116,0.3790613666947207,0.23170726828637567,0.35770748943885766,0.28491021246062487,0.2968420892062288,0.38134630528923463,0.22654783999688455,0.45762241462549913,0.13955504163510102,0.4514933902434365,0.29325974273566446,0.42658008495426636,0.20212201590718326,0.2021220159071833,0.22575028562299532,0.22575028562299532,0.3750151244220965,0.37501512442209656,0.18238921985353695,0.1823892198535369,0.3333333333333333,0.4,0.5,0.502970349859462,0.5505577698522596,0.4151304202841145,0.32309880945528036,0.4251401513568299,0.12536566007152972,0.27103180112885994,0.3395282669427613,0.3155881031641069,0.17873439681640324,0.30354710883382663,0.5703748300395527,0.07727813508148246,0.1310520943616949,0.21467765434607755,0.11546976967371533,0.24049152832704487,0.30180581720835364,0.4047619161547397,0.4945408959684889,0.2404915283270449,0.3018058172083536,0.4047619161547397,0.494540895968489,0.0,0.4166665114462631,0.0,0.416666511446263,0.0,0.0,0.2533334141307294,0.29545461280224694,0.300220681168644,0.3197646768076988,0.5023597405883676,0.49528319289377826,0.4482758842169464,0.0,HOLD,0.0,0.5
0.28571427621099377,0.28571427621099377,0.3103448231566107,0.3103448231566107,0.016629550758541733,0.0,0.0,HPR,2021-11-12 00:00:00+11:00,Energy,0.34560330195783223,0.41532323320539793,0.4615384615384615,0.48322139475873116,0.3537906107082327,0.2738635217518204,0.3498023501677452,0.294957354069068,0.2968420892062288,0.38134630528923463,0.22795496877583,0.45640546767817425,0.13926610722653665,0.4516727059469201,0.2891209968149191,0.4283720241111343,0.20212201590718326,0.2021220159071833,0.22575028562299532,0.22575028562299532,0.3750151244220965,0.37501512442209656,0.18238921985353695,0.1823892198535369,0.3333333333333333,0.5,0.5,0.47769202604512484,0.5397247636398783,0.3692112540981507,0.33224250661987964,0.40165912819772265,0.2154114710085478,0.27103180112885994,0.3395282669427613,0.3155881031641069,0.1787242834454763,0.3061596198943284,0.5684814282527046,0.07907493320624724,0.14299111045227236,0.1986102874534245,0.10024656091688341,0.24049152832704487,0.30180581720835364,0.4047619161547397,0.4945408959684889,0.2404915283270449,0.3018058172083536,0.4047619161547397,0.494540895968489,0.0,0.2083332557231316,0.0,0.2083332557231315,0.0,0.0,0.20000007947284862,0.29545461280224694,0.300220681168644,0.31976467680769866,0.5443606083677244,0.49528319289377826,0.4455172629957399,0.0,HOLD,0.0,0.5
0.28571427621099377,0.28571427621099377,0.3103448231566107,0.3103448231566107,0.0,0.0,0.0,HPR,2021-11-15 00:00:00+11:00,Energy,0.34560330195783223,0.41532323320539793,0.4615384615384615,0.48322139475873116,0.324909739038703,0.3245778252623175,0.3418972108966327,0.3051407281293248,0.2968420892062288,0.38134630528923463,0.22936209755477588,0.45519116339400767,0.13897717281797228,0.4518520866553216,0.2849822508941746,0.43017022045429665,0.18590285603481918,0.1859028560348192,0.22575028562299532,0.22575028562299532,0.3750151244220965,0.37501512442209656,0.18238921985353695,0.1823892198535369,0.11111129507599586,0.3333333333333333,0.5,0.45733816921018966,0.5262748450390787,0.34374044947583327,0.3370281789298156,0.38264068117546624,0.26997814892802985,0.27103180112885994,0.3395282669427613,0.3155881031641069,0.17866285521253555,0.3088318486956023,0.5665502702528626,0.0638157528740088,0.14299111045227236,0.0,0.0,0.22387252797183102,0.30180581720835364,0.4047619161547397,0.4945408959684889,0.22387252797183102,0.3018058172083536,0.4047619161547397,0.494540895968489,0.0,0.0,0.0,0.0,0.0,0.0,0.1466667448149678,0.29545461280224694,0.33528260469867704,0.3197646768076988,0.38164445970064625,0.49528319289377826,0.44281381419895716,0.0,HOLD,0.0,0.5
0.28571427621099377,0.28571427621099377,0.3103448231566107,0.3103448231566107,0.0,0.0,0.0,HPR,2021-11-16 00:00:00+11:00,Energy,0.34560330195783223,0.41532323320539793,0.4615384615384615,0.48322139475873116,0.3068592009695976,0.3577458730583596,0.33399207162552025,0.3154631243849153,0.2968420892062288,0.38134630528923463,0.23076922633372132,0.4539794931743172,0.13868823840940792,0.45203153240399585,0.28163183773953104,0.431630508556648,0.18222121609977232,0.18222121609977238,0.22575028562299532,0.22575028562299532,0.3750151244220965,0.37501512442209656,0.18238921985353695,0.1823892198535369,0.11111129507599586,0.3333333333333333,0.5,0.44107446578458454,0.5116926543738904,0.33271987398427566,0.3388035781320432,0.36670472527794207,0.30872699090907973,0.27103180112885994,0.3395282669427613,0.3155881031641069,0.17854863468321636,0.31156551460390824,0.5645777273370151,0.032294919095973644,0.14299111045227236,0.0,0.0,0.27539136540838893,0.30180581720835364,0.4047619161547397,0.4945408959684889,0.2753913654083889,0.3018058172083536,0.4047619161547397,0.494540895968489,0.0,0.0,0.0,0.0,0.0,0.0,0.1466667448149678,0.29545461280224694,0.37500000000000144,0.3197646768076988,0.38164445970064625,0.49528319289377826,0.44016443437811026,0.0,HOLD,0.0,0.5
0.28571427621099377,0.28571427621099377,0.3103448231566107,0.3103448231566107,0.0,0.0,0.0,HPR,2021-11-17 00:00:00+11:00,Energy,0.34560330195783223,0.41532323320539793,0.4615384615384615,0.48322139475873116,0.28880866290049223,0.39212003143826935,0.3260869323544078,0.3259274092733513,0.2968420892062288,0.38134630528923463,0.232176355112667,0.4527704484576828,0.14013290722314276,0.45113495571212414,0.2782814245848879,0.4330949362110402,0.18222121609977232,0.18222121609977238,0.22575028562299532,0.22575028562299532,0.3750151244220965,0.37501512442209656,0.18238921985353695,0.1823892198535369,0.0,0.3333333333333333,0.5,0.42820063985547074,0.49700132677195846,0.3316576276495573,0.3382213475691743,0.3531829599094122,0.33890078195606976,0.27103180112885994,0.3395282669427613,0.3155881031641069,0.17838001701366935,0.3143624852584683,0.562559811340832,0.032294919095973644,0.14299111045227236,0.0,0.0,0.27539136540838893,0.30180581720835364,0.4047619161547397,0.4945408959684889,0.2753913654083889,0.3018058172083536,0.4047619161547397,0.494540895968489,0.0,0.0,0.0,0.0,0.0,0.0,0.1466667448149678,0.29545461280224694,0.4000000000000012,0.3197646768076988,0.38164445970064625,0.49528319289377826,0.4375680421536804,0.0,HOLD,0.0,0.5
0.37499997505385874,0.37499997505385874,0.39655170420474806,0.39655170420474806,0.00031619568343706114,0.0,0.0,HPR,2021-11-18 00:00:00+11:00,Energy,0.4906116447032596,0.5633096682086915,0.4615384615384615,0.48322139475873116,0.3068592009695976,0.5296166649579088,0.32213436271885154,0.4710594435665796,0.2957894555427699,0.5027054545635253,0.2359286991056293,0.5506071151785447,0.14157757603687737,0.5400771342409186,0.2745368435788098,0.5289459165405245,0.19878677783366752,0.19878677783366752,0.28449371354099295,0.284493713540993,0.35306960405501003,0.3530696040550101,0.22622083042672175,0.22622083042672175,0.5,0.5294117131447738,0.575757551811727,0.4423818611368725,0.4885811006169132,0.3926952078250759,0.3282312926291794,0.3563536994890124,0.6064793882278783,0.2687641722615257,0.34013997899755055,0.5606491833757489,0.18236190804284935,0.3166638661733219,0.7155678210428777,0.016003625006483894,0.1367040733096522,0.018659295093296478,0.0019931343837159008,0.48104073794938706,0.3449035822515534,0.3901248841164052,0.5875929787930583,0.4810407379493871,0.3449035822515534,0.3901248841164053,0.5875929787930584,0.6249997671693945,0.2083332557231316,0.6249997671693945,0.2083332557231315,0.6249997671693945,0.6249997671693945,0.21333338830205364,0.35227277826455844,0.5418918676053935,0.470130882990345,0.38406031302413723,0.49645198015238123,0.4350235777737389,-0.08333331781129005,SELL,0.0,1.0
0.37499997505385874,0.37499997505385874,0.39655170420474806,0.39655170420474806,0.0,0.0,0.0,HPR,2021-11-19 00:00:00+11:00,Energy,0.34560330195783223,0.41532323320539793,0.4615384615384615,0.48322139475873116,0.324909739038703,0.49343334070219647,0.3181817930832951,0.47686619027712207,0.29684208528487066,0.5014723406215692,0.23968104309859184,0.5471239524030526,0.1430222448506122,0.5391025857263271,0.2707922625727317,0.5307424823214196,0.19878677783366752,0.19878677783366752,0.28449371354099295,0.284493713540993,0.3459918449753042,0.3459918449753042,0.22622083042672175,0.22622083042672175,0.5,0.5294117131447738,0.48148144571052187,0.4533459973531085,0.48442168415902614,0.4341663139306922,0.3173455152794361,0.36044165032469466,0.6253240469443346,0.2703395049481587,0.34030198805649103,0.5576093282216406,0.18604197523077404,0.31931649499577053,0.7097410168907027,0.0002985078258488312,0.12844471070886865,0.0,0.0,0.48104073794938706,0.3449035822515534,0.4198950624735071,0.5875929787930583,0.4810407379493871,0.3449035822515534,0.41989506247350705,0.5875929787930584,0.6249997671693945,0.4166665114462631,0.6249997671693945,0.416666511446263,0.6249997671693945,0.6249997671693945,0.21333338830205364,0.2840909543100801,0.5390728284683062,0.47088141981427856,0.38406031302413723,0.4654689469156296,0.4325300026813964,-0.08333331781129005,SELL,0.0,1.0
0.37499997505385874,0.37499997505385874,0.39655170420474806,0.39655170420474806,0.0,0.0,0.0,HPR,2021-11-22 00:00:00+11:00,Energy,0.34560330195783223,0.41532323320539793,0.4615384615384615,0.48322139475873116,0.3429602771078082,0.45849771704247266,0.3122529349488441,0.4856520560141102,0.3021052418380902,0.4953382455172862,0.24343338709155415,0.5436607432929695,0.14446691366434683,0.5381297975952425,0.26704768156665315,0.5325447672543192,0.19878677783366752,0.19878677783366752,0.2812716125344267,0.28127161253442673,0.3125336666955869,0.3125336666955869,0.22622083042672175,0.22622083042672175,1.0,0.5294117131447738,0.5199999642372163,0.4616646779061377,0.48304918694188226,0.46129182099516614,0.29670683123868236,0.3709869875933399,0.6666666666543241,0.2706419160892306,0.34957722967815785,0.5482826940035428,0.18942534722585314,0.32231440325422067,0.7042903517056858,0.0002985078258488312,0.12014022350033045,0.0,0.0,0.48104073794938706,0.3262752094693464,0.48593073192912006,0.5875929787930583,0.4810407379493871,0.32627520946934635,0.4859307319291201,0.5875929787930584,0.6249997671693945,0.6249997671693945,0.6249997671693945,0.6249997671693945,0.6249997671693945,0.6249997671693945,0.21333338830205364,0.26136367965858737,0.5363636218495177,0.4686497516183865,0.38406031302413723,0.5036834792413469,0.43008629909090057,-0.08333331781129005,SELL,0.0,1.0
0.37499997505385874,0.37499997505385874,0.39655170420474806,0.39655170420474806,0.0,0.0,0.0,HPR,2021-11-23 00:00:00+11:00,Energy,0.34560330195783223,0.41532323320539793,0.4615384615384615,0.48322139475873116,0.3610108151769136,0.42474635158756735,0.3122529349488441,0.4856520560141102,0.3031578715801909,0.4941176875931089,0.24718573108451647,0.5402173168779906,0.14591158247808167,0.5371587650821449,0.26310601847033777,0.5344481174033532,0.19878677783366752,0.19878677783366752,0.2618215299653103,0.26182152996531033,0.2771653751457772,0.2771653751457772,0.22622083042672175,0.22622083042672175,1.0,0.5294117131447738,0.6190475852581405,0.4678159082324026,0.48339683626842367,0.47803426783055475,0.29670683123868236,0.3709869875933399,0.6666666666543241,0.2720278144731525,0.34995095545685606,0.5453629371054938,0.19251492713425722,0.3256542124549002,0.6991700218796362,0.0002985078258488312,0.09577488453996827,0.0,0.0,0.48104073794938706,0.38402309373201393,0.4198950624735071,0.5875929787930583,0.4810407379493871,0.38402309373201393,0.41989506247350705,0.5875929787930584,0.6249997671693945,0.6249997671693945,0.6249997671693945,0.6249997671693945,0.6249997671693945,0.6249997671693945,0.21333338830205364,0.21590913035560183,0.5337579516272659,0.46563376969118025,0.38406031302413723,0.5456736645046677,0.4276914695722148,-0.1499999968955914,SELL,0.0,1.0
0.35714286189450306,0.35714286189450306,0.3103448231566107,0.3103448231566107,0.002318768345205115,0.0,0.0,HPR,2021-11-24 00:00:00+11:00,Energy,0.21267898552369802,0.2673367982021042,0.3076923076923077,0.333067809124469,0.3610108151769136,0.2616147508410782,0.30237151454107014,0.3582014670321312,0.29894734476907214,0.37909138735249626,0.24859285986346236,0.438856083722338,0.14591158247808167,0.4475648297153194,0.25817893978349105,0.4419694295061046,0.30138403879282494,0.301384038792825,0.31719020675295206,0.3171902067529521,0.32612560355933834,0.3261256035593384,0.2641330882512415,0.26413308825124143,0.5,0.3157895046422996,0.4090908936971474,0.4479464442871452,0.47900528293046674,0.43190689051855896,0.28625467175616903,0.364042451458893,0.36391723651056507,0.27337063755406343,0.34075959911423115,0.3119411077401933,0.19186968818012407,0.3290058517805301,0.5403903760900032,0.0024883762777965367,0.09673000582721447,0.8800000000000001,0.02059600360786118,0.37374541401431466,0.2829643927809172,0.3442292181287526,0.4945408959684889,0.37374541401431466,0.2829643927809171,0.34422921812875257,0.494540895968489,0.0,0.4166665114462631,0.0,0.416666511446263,0.0,0.0,0.24000005563099405,0.22727274651492774,0.44642858076216385,0.34080436231902267,0.24836863138595391,0.37399981841528807,0.4253445366439027,-0.0727272850422821,SELL,0.0,1.0
0.28571427621099377,0.28571427621099377,0.3103448231566107,0.3103448231566107,0.0,0.0,0.0,HPR,2021-11-25 00:00:00+11:00,Energy,0.34560330195783223,0.41532323320539793,0.4615384615384615,0.48322139475873116,0.3429602771078082,0.2925535030319648,0.30237151454107014,0.3582014670321312,0.29473681795795315,0.3836089624070481,0.2499999886424078,0.43767956978299793,0.14591158247808167,0.4475648297153194,0.25325186109664477,0.44416782803046806,0.18222121609977232,0.18222121609977238,0.2618215299653103,0.26182152996531033,0.32612560355933834,0.3261256035593384,0.2641330882512415,0.26413308825124143,0.5,0.3157895046422996,0.4090908936971474,0.432169279164542,0.4717841295170469,0.4043659644255097,0.28625467175616903,0.364042451458893,0.36391723651056507,0.27395086167901406,0.33242054326383896,0.32843738176233006,0.19115620386298282,0.33243691174059253,0.5379350690070197,0.0021897578525309404,0.09433879146164453,0.0,0.0,0.27539136540838893,0.38402309373201393,0.3442292181287526,0.4945408959684889,0.2753913654083889,0.38402309373201393,0.34422921812875257,0.494540895968489,0.0,0.2083332557231316,0.0,0.2083332557231315,0.0,0.0,0.24000005563099405,0.22727274651492774,0.4234234217820799,0.3139073398576777,0.24836863138595391,0.37399981841528807,0.4230445423741568,-0.09090907243657698,SELL,0.0,1.0
0.3392856822121041,0.3392856822121041,0.3620689389396642,0.3620689389396642,0.01788297386958872,0.0,0.0,HPR,2021-11-26 00:00:00+11:00,Energy,0.4326082859971574,0.5056508668658444,0.4615384615384615,0.48322139475873116,0.3357400591904258,0.405487739886339,0.30830036531328786,0.43493871363936387,0.2936841842944945,0.45700408263540504,0.25281424620029913,0.49518695407021107,0.14533371473731527,0.5016964402698244,0.24990144647361756,0.5027898930819065,0.24144841736353814,0.24144841736353817,0.2855398325847692,0.2855398325847693,0.3465282974318488,0.3465282974318489,0.2775534269640696,0.27755342696406954,0.6153845933414717,0.3809523049260406,0.47999995827674613,0.4343295942175121,0.4665149187441338,0.4233645177780616,0.288483905784343,0.3723482033321168,0.5492566585393059,0.27300868361949204,0.33155089690986106,0.4685207442329464,0.1916824550356797,0.33702596944197194,0.6315326309081725,0.01907862059080218,0.10922143288270127,0.8852193874889134,0.14083708405008205,0.3344037799160459,0.45017058953382205,0.3896287134605135,0.5503721317973868,0.334403779916046,0.45017058953382194,0.3896287134605135,0.5503721317973869,0.42857127651874777,0.14285709217291603,0.37499976716939454,0.12499992238979817,0.4285712765187477,0.37499976716939454,0.26666667328940397,0.2613636373257464,0.51546389495785,0.40770165984823825,0.252809606953366,0.4817882326038104,0.42079054798980586,-0.13793099683119092,SELL,0.0,1.0
0.35714286189450306,0.37499997505385874,0.3793103536867787,0.39655170420474806,0.04067178232245963,0.0,0.0,HPR,2021-11-29 00:00:00+11:00,Energy,0.40060648822241407,0.4729820345482453,0.49999992835981366,0.5207597212465962,0.3357400591904258,0.47232640662338565,0.3181817857210616,0.4768662011304543,0.294736814036595,0.503940693814937,0.25656659019326167,0.5316941964272023,0.1467783835510501,0.5365769864393087,0.2469451982336408,0.5423191102989026,0.25759664331015975,0.25759664331015975,0.2911329977956738,0.29113299779567386,0.3536604151806195,0.3536604151806196,0.2822629046355558,0.28226290463555576,0.5,0.5,0.5185184878576916,0.4456683888542395,0.4649643658972105,0.45955877858301347,0.29671655662104157,0.3815654952788097,0.6555013094457282,0.27460455896185,0.33168994696072907,0.5576027217049193,0.1940102803312802,0.34125227161396654,0.6923170352939075,0.05748946623504876,0.1430694693823689,0.6681358214697961,0.24504500887660044,0.37374541401431466,0.49426894744822025,0.4198950624735071,0.5875929787930583,0.37374541401431466,0.49426894744822036,0.41989506247350705,0.5875929787930584,1.0,0.47619042550624935,0.6249997671693945,0.3333331781129297,1.0,0.6249997671693945,0.2533333147896686,0.2840909119772392,0.5714285884131824,0.45731719666911713,0.7605138493202503,0.6306035397188614,0.4185816334931419,-0.1666666356225801,SELL,0.0,1.0
0.37499997505385874,0.37499997505385874,0.39655170420474806,0.39655170420474806,0.0,0.0,0.0,HPR,2021-11-30 00:00:00+11:00,Energy,0.34560330195783223,0.41532323320539793,0.4615384615384615,0.48322139475873116,0.3357400591904258,0.47232640662338565,0.32806320612883577,0.46242404037380136,0.29578944377869576,0.5027054683564597,0.260318934186224,0.528318690920906,0.14822305236478495,0.5356087530453143,0.24398894999366405,0.5437707421329273,0.25759664331015975,0.25759664331015975,0.2911329977956738,0.29113299779567386,0.3536604151806195,0.3536604151806196,0.2822629046355558,0.28226290463555576,0.5,0.5,0.5185184878576916,0.45436809932074584,0.4657685082867871,0.48247738395147394,0.3009859303460428,0.3948411454157874,0.6265840029279662,0.2761624854286817,0.33187140966511275,0.5548095629544771,0.1960247235005539,0.3458432726635978,0.6879873545845299,0.05748946623504876,0.1430694693823689,0.0,0.0,0.37374541401431466,0.49426894744822025,0.4198950624735071,0.5875929787930583,0.37374541401431466,0.49426894744822036,0.41989506247350705,0.5875929787930584,1.0,0.8095237588395827,0.6249997671693945,0.5416664338360613,1.0,0.6249997671693945,0.2533333147896686,0.2840909119772392,0.5820668706861823,0.46525962520370495,0.7605138493202503,0.6306035397188614,0.4164168972864114,-0.1666666356225801,SELL,0.0,1.0
0.37499997505385874,0.37499997505385874,0.39655170420474806,0.39655170420474806,0.0,0.0,0.0,HPR,2021-12-01 00:00:00+11:00,Energy,0.34560330195783223,0.41532323320539793,0.4615384615384615,0.48322139475873116,0.3537905972595312,0.43810867195944203,0.3379446265366095,0.44822749454963184,0.2968420735207965,0.5014723543909362,0.2640712781791863,0.5249622224509133,0.14966772117851956,0.5346422629591904,0.2410327017536873,0.5452260629942768,0.12415553655781185,0.12415553655781186,0.2911329977956738,0.29113299779567386,0.3536604151806195,0.3536604151806196,0.2822629046355558,0.28226290463555576,0.5,0.6666666666666666,0.5185184878576916,0.460901009249712,0.4679471707050262,0.4958557955690999,0.3005805615389735,0.4129036875887797,0.6005037862433121,0.2776832820444983,0.33209436965984707,0.5520823956259269,0.19771793128807302,0.35080811182759875,0.6838883362674814,0.055299597783101055,0.1430694693823689,0.0,0.0,0.48104073794938706,0.49426894744822025,0.4198950624735071,0.5875929787930583,0.4810407379493871,0.49426894744822036,0.41989506247350705,0.5875929787930584,1.0,1.0,0.6249997671693945,0.6249997671693945,1.0,0.6249997671693945,0.18666667130258283,0.2840909119772392,0.571981425398358,0.46318416728201584,0.9638517058693973,0.6306035397188614,0.4142954558038153,-0.1666666356225801,SELL,0.0,1.0
0.37499997505385874,0.37499997505385874,0.39655170420474806,0.39655170420474806,0.0,0.0,0.0,HPR,2021-12-02 00:00:00+11:00,Energy,0.34560330195783223,0.41532323320539793,0.4615384615384615,0.48322139475873116,0.3718411353286366,0.4050391832127196,0.3379446265366095,0.44822749454963184,0.2947368101152371,0.5039406984204581,0.26782362217214883,0.5216246304236442,0.1511123899922544,0.5336775114769227,0.23807645351371098,0.5466850869632119,0.12415553655781185,0.12415553655781186,0.21977896216899828,0.21977896216899828,0.3374686105022415,0.33746861050224153,0.2822629046355558,0.28226290463555576,0.5,0.6666666666666666,0.5185184878576916,0.46566183431389313,0.470808978097266,0.5025049490671305,0.3005805615389735,0.4129036875887797,0.6005037862433121,0.2726297619242659,0.33389702449734293,0.5591417200112233,0.19907902238616693,0.35615945224263656,0.6800031849256232,0.055299597783101055,0.13188168542261733,0.0,0.0,0.48104073794938706,0.38402309373201393,0.37596006725514264,0.5875929787930583,0.4810407379493871,0.38402309373201393,0.37596006725514264,0.5875929787930584,1.0,1.0,0.6249997671693945,0.6249997671693945,1.0,0.6249997671693945,0.18666667130258283,0.2840909119772392,0.5639344240570068,0.4611726104663677,0.9638517058693973,0.6306035397188614,0.41221644315087136,-0.1666666356225801,SELL,0.0,1.0
0.37499997505385874,0.37499997505385874,0.39655170420474806,0.39655170420474806,0.0,0.0,0.0,HPR,2021-12-03 00:00:00+11:00,Energy,0.34560330195783223,0.41532323320539793,0.4615384615384615,0.48322139475873116,0.379061353246019,0.39212003143826935,0.3379446265366095,0.44822749454963184,0.2926315467096777,0.5064175101840144,0.2715759661651109,0.518305756046778,0.15255705880598902,0.5327144939114065,0.23512020527373423,0.5481478281917403,0.07540191109773893,0.07540191109773894,0.21977896216899828,0.21977896216899828,0.3374686105022415,0.33746861050224153,0.2822629046355558,0.28226290463555576,1.0,0.6666666666666666,0.4583333268658155,0.4689800193835656,0.47387825574709347,0.5045242885067486,0.3005805615389735,0.4129036875887797,0.6005037862433121,0.26731491223566617,0.33599174807950916,0.5669602916596157,0.20009359454001485,0.3619140545524342,0.6763196811238517,0.038410735044829815,0.11962553008013177,0.0,0.0,0.4144436564463387,0.38402309373201393,0.37596006725514264,0.5875929787930583,0.41444365644633874,0.38402309373201393,0.37596006725514264,0.5875929787930584,1.0,1.0,0.6249997671693945,0.6249997671693945,1.0,0.6249997671693945,0.18666667130258283,0.25000002116642045,0.556962023184649,0.46525963305820806,0.9638517058693973,0.5901831343832654,0.41017901075098606,-0.19999997516473078,SELL,0.0,1.0
0.23214287020988356,0.28571427621099377,0.25862070737355725,0.3103448231566107,0.005000576178800929,0.0,0.0,HPR,2021-12-13 00:00:00+11:00,Energy,0.21267898552369802,0.2673367982021042,0.5769230052828906,0.6109962398006838,0.3610108151769136,0.2616147508410782,0.3517786165799399,0.292432927671858,0.2999999627470987,0.37796682236519585,0.29033768612992294,0.40499039808944237,0.16266974050213245,0.4373556977696986,0.2163973002433437,0.4609103248836358,0.18222121609977227,0.1822212160997723,0.15801125992788081,0.15801125992788084,0.3207401208326425,0.32074012083264253,0.30201441977176247,0.3020144197717625,0.0,0.3333333333333333,0.5,0.4468693100636519,0.4798257767978704,0.42683051399658967,0.29484236955885235,0.4434859721081732,1.1370404617849772e-11,0.259205195334844,0.3585138874562541,0.2749015554002575,0.19909717258533943,0.39775020216287826,0.45941388566151514,0.004722484496450257,0.05410537931131272,1.0,0.0787860085693417,0.27539136540838893,0.2829643927809172,0.4047619161547397,0.438709660139591,0.2753913654083889,0.2829643927809171,0.4047619161547397,0.43870966013959106,0.37499994179232155,0.7916666472641073,0.37499994179232155,0.7916666472641072,0.37499994179232155,0.37499994179232155,0.2266666474607282,0.2386363203414127,0.29737904370577717,0.26956669934736444,0.8963273599514697,0.8968338117103369,0.3987821775868353,-0.16363635747885896,SELL,0.0,1.0
0.23214287020988356,0.23214287020988356,0.25862070737355725,0.25862070737355725,2.318768345205115e-05,0.0,0.0,HPR,2021-12-14 00:00:00+11:00,Energy,0.25859831791850724,0.31992791527974757,0.4615384615384615,0.48322139475873116,0.3321299569560854,0.2110269239411433,0.33596834539994824,0.22996251130280232,0.2968420695994386,0.30927072463297123,0.2889305573509773,0.347839780145481,0.16238080716993042,0.3843209350969585,0.21186438720535605,0.4049390614080858,0.19121569654237938,0.19121569654237944,0.18262318242886272,0.18262318242886272,0.339919655598188,0.3399196555981881,0.31567704290818377,0.3156770429081838,0.0,0.38461540665852834,0.4347826227799289,0.4123736221070787,0.4677881977259562,0.3574869640171006,0.3241143680121309,0.38527580844995013,0.08413161431596505,0.2682297636854558,0.3426598612930609,0.1606636541563079,0.201734434172107,0.39208034377713674,0.34973048266469275,0.0047443831809697344,0.05412467665976933,0.004615599794862231,0.00036520296890080287,0.2163789509007318,0.22232918726918213,0.3560606387852101,0.38592376307169046,0.21637895090073184,0.22232918726918216,0.3560606387852101,0.38592376307169046,0.0,0.4583333139307739,0.0,0.4583333139307738,0.0,0.0,0.19999998013178782,0.27272721115223136,0.2827476265254077,0.22514184311485388,0.9273835541876954,0.8965554531253777,0.39317571877830415,-0.11538463191696846,SELL,0.0,1.0
0.23214287020988356,0.23214287020988356,0.25862070737355725,0.25862070737355725,0.0,0.0,0.0,HPR,2021-12-15 00:00:00+11:00,Energy,0.34560330195783223,0.41532323320539793,0.4615384615384615,0.48322139475873116,0.3032490987352572,0.26103006730881617,0.32015807421995657,0.24981815427536125,0.29368417645177847,0.3124823196860932,0.2875234285720316,0.348889113663703,0.1620918738377286,0.3844857176640649,0.2073314741673684,0.40692888680429895,0.19121569654237938,0.19121569654237944,0.18262318242886272,0.18262318242886272,0.339919655598188,0.3399196555981881,0.31567704290818377,0.3156770429081838,0.0,0.38461540665852834,0.4347826227799289,0.3855425529548702,0.45185236224737,0.3195446439984866,0.3326663851444177,0.34828270923781746,0.20202020807149762,0.2755993663618179,0.32865546795163736,0.2004390710922967,0.20418623444643846,0.3866263162471084,0.35974148585281385,0.0047443831809697344,0.05412467665976933,0.0,0.0,0.2163789509007318,0.22232918726918213,0.3560606387852101,0.38592376307169046,0.21637895090073184,0.22232918726918216,0.3560606387852101,0.38592376307169046,0.0,0.12499998059744061,0.0,0.12499998059744051,0.0,0.0,0.19999998013178782,0.27272721115223136,0.3163407947378094,0.24495349704404878,0.9273835541876954,0.8965554531253777,0.3877935183221143,-0.09615389575090527,SELL,0.0,1.0
0.23214287020988356,0.28571427621099377,0.25862070737355725,0.3103448231566107,0.009749132686951283,0.0,0.0,HPR,2021-12-16 00:00:00+11:00,Energy,0.4376278019097898,0.5107185511310484,0.5769230052828906,0.6109962398006838,0.2851985606661518,0.39914539633604385,0.3102766538121826,0.3472935102023673,0.28842101989855873,0.39044364990318525,0.2875234285720316,0.4072078401705107,0.1626697415784948,0.4373556971207673,0.20437522666158392,0.4664883512119705,0.26738587599871727,0.2673858759987173,0.23594449058009143,0.23594449058009148,0.3052580853937408,0.30525808539374083,0.33050638220705963,0.3305063822070597,0.272727241939739,0.38461540665852834,0.5,0.379573760591023,0.4377009228877771,0.3369124416813013,0.3248723016500351,0.3386163284902367,0.37961413066320226,0.27358837862113483,0.3212897761208331,0.3490651608014911,0.20418623444643846,0.3866263162471084,0.47207034303536416,0.01395156342782542,0.061974993950086335,0.6599337275854962,0.13440052724545262,0.27539136540838893,0.2829643927809172,0.33035716710165186,0.438709660139591,0.2753913654083889,0.2829643927809171,0.33035716710165186,0.43870966013959106,0.37499994179232155,0.12499998059744061,0.37499994179232155,0.12499998059744051,0.37499994179232155,0.37499994179232155,0.19999998013178782,0.30681810196305004,0.4001196125982235,0.3065159409074587,0.9158809280732975,0.9089008735910165,0.38262660588417197,-0.14545457008456408,SELL,0.0,1.0
0.28571427621099377,0.3392856822121041,0.3103448231566107,0.3620689389396642,0.013211006982537566,0.0,0.0,HPR,2021-12-17 00:00:00+11:00,Energy,0.4326082859971574,0.5056508668658444,0.5769230052828906,0.6040267059454923,0.2779783427487694,0.519506585642121,0.3063240841766264,0.43780938847785,0.28631575649299934,0.46543453112974886,0.2889305573509773,0.46435615627251303,0.1620918738377286,0.49092271035750723,0.20201022836327898,0.5259103074572758,0.31012515759212694,0.310125157592127,0.2707634385369784,0.27076343853697843,0.3274922998741357,0.32749229987413575,0.34292479610067816,0.3429247961006782,0.42857139055824833,0.42857139055824833,0.45833331393077387,0.3900180773048247,0.42883436915870043,0.3883510339482506,0.3176485910078125,0.3389543577340197,0.5414246119578225,0.27067457434119047,0.32070102870205464,0.4846113987350754,0.20425507065727055,0.3891469496239821,0.5822293419317964,0.026428173033672325,0.07296951204120433,0.47209307191730665,0.15504778293712598,0.3344037799160459,0.3435995982926521,0.3750000054463306,0.49149555720749166,0.334403779916046,0.34359959829265213,0.37500000544633066,0.49149555720749166,0.7499998835846431,0.3749999417923217,0.7499998835846431,0.37499994179232155,0.7499998835846431,0.7499998835846431,0.2133332889609928,0.28409082731155727,0.4802867222710682,0.39395757822653227,0.8250894263182726,0.9218975467713376,0.37766636994374736,-0.18965517684338928,SELL,0.0,1.0
0.3392856822121041,0.3392856822121041,0.3620689389396642,0.3620689389396642,0.0,0.0,0.0,HPR,2021-12-20 00:00:00+11:00,Energy,0.34560330195783223,0.41532323320539793,0.4615384615384615,0.48322139475873116,0.28880866290049223,0.4971174342140634,0.30237151454107014,0.44358096652167256,0.28421049308743995,0.4678619492397841,0.29033768612992294,0.4631881732646258,0.16122507168839784,0.4914744937922563,0.19964523006497492,0.527077165870861,0.22689018258863583,0.22689018258863583,0.2707634385369784,0.27076343853697843,0.3274922998741357,0.32749229987413575,0.34292479610067816,0.3429247961006782,0.42857139055824833,0.42857139055824833,0.45833331393077387,0.3986511775644741,0.4237700562747228,0.425358819963988,0.3098306788642723,0.3399008436820875,0.5537914002876594,0.26761809749963894,0.3202717358609881,0.4890975973384182,0.20426272754953967,0.39173878051641253,0.5800177971180402,0.021705577937805306,0.07296951204120433,0.0,0.0,0.4381225923871057,0.3435995982926521,0.3750000054463306,0.49149555720749166,0.4381225923871056,0.34359959829265213,0.37500000544633066,0.49149555720749166,0.7499998835846431,0.6249999029872026,0.7499998835846431,0.6249999029872025,0.7499998835846431,0.7499998835846431,0.2133332889609928,0.28409082731155727,0.5092936601164422,0.4245003238375474,0.8250894263182726,0.9218975467713376,0.3729045434409398,-0.22413787787932837,SELL,0.0,1.0
0.28571427621099377,0.28571427621099377,0.3103448231566107,0.3103448231566107,0.001294645659406189,0.0,0.0,HPR,2021-12-21 00:00:00+11:00,Energy,0.26309857378665996,0.32499559954495166,0.4615384615384615,0.48322139475873116,0.29963898305221504,0.3713471638814039,0.2924900941332962,0.37205360173269275,0.2789473365342202,0.4008290403893596,0.29033768612992294,0.40499039808944237,0.1594914684660984,0.4392756275980375,0.19668898255918998,0.47008542738416537,0.22201021435625964,0.22201021435625967,0.2899226103278158,0.2899226103278158,0.3434039281835942,0.3434039281835942,0.3549344434873716,0.3549344434873715,0.35294115069002274,0.35294115069002274,0.407407397187129,0.39121538428897756,0.4179710640260645,0.4182080744363013,0.29672692332391903,0.33567151677358664,0.4159634108252751,0.26419430176053305,0.3144850351146522,0.3667896388779272,0.20426272754953967,0.39173878051641253,0.46529425336684593,0.022906355805623297,0.07404694733003155,0.05337691683726679,0.01497609463169332,0.4418366585963075,0.2829643927809172,0.33035716710165186,0.438709660139591,0.4418366585963075,0.2829643927809171,0.33035716710165186,0.43870966013959106,0.37499994179232155,0.6249999029872026,0.37499994179232155,0.6249999029872025,0.37499994179232155,0.37499994179232155,0.2533332651191382,0.318181718122376,0.442028980714681,0.3485382065498848,0.7888664265016924,0.90931361640994,0.3683331899982444,-0.21818178739429483,SELL,0.0,1.0
0.28571427621099377,0.28571427621099377,0.3103448231566107,0.3103448231566107,0.0002064640703331625,0.0,0.0,HPR,2021-12-22 00:00:00+11:00,Energy,0.34560330195783223,0.41532323320539793,0.4615384615384615,0.48322139475873116,0.31046930320393806,0.3510178449019863,0.28260867372552223,0.3861530959321131,0.2789473365342202,0.4008290403893596,0.29033768612992294,0.40499039808944237,0.15775786524379942,0.4403260515839921,0.1937327350534055,0.4714753779934352,0.22201021435625964,0.22201021435625967,0.2899226103278158,0.2899226103278158,0.2979130676118721,0.2979130676118721,0.3549344434873716,0.3549344434873715,0.5,0.35294115069002274,0.407407397187129,0.38582620684209273,0.4120653189299785,0.4171690328039791,0.28018635397829794,0.3349614546204893,0.439543638707843,0.26419430176053305,0.3144850351146522,0.3667896388779272,0.20426272754953967,0.39173878051641253,0.46529425336684593,0.023101342577380054,0.07228903685471934,0.008440454817474565,0.002445619933166518,0.4418366585963075,0.2829643927809172,0.4047619161547397,0.438709660139591,0.4418366585963075,0.2829643927809171,0.4047619161547397,0.43870966013959106,0.37499994179232155,0.49999992238976215,0.37499994179232155,0.499999922389762,0.37499994179232155,0.37499994179232155,0.2533332651191382,0.318181718122376,0.45072992144983026,0.3563949275146884,0.7888664265016924,0.90931361640994,0.36394469069325697,-0.27272728504228205,SELL,0.0,1.0
0.28571427621099377,0.28571427621099377,0.3103448231566107,0.3103448231566107,0.0,0.0,0.0,HPR,2021-12-23 00:00:00+11:00,Energy,0.34560330195783223,0.41532323320539793,0.4615384615384615,0.48322139475873116,0.31046930320393806,0.3510178449019863,0.2727272533177483,0.40050663502090766,0.2789473365342202,0.4008290403893596,0.29033768612992294,0.40499039808944237,0.15631319643006458,0.44120313111402654,0.190776487547621,0.4728689388641846,0.18374727712801867,0.1837472771280187,0.2899226103278158,0.2899226103278158,0.2979130676118721,0.2979130676118721,0.3549344434873716,0.3549344434873715,0.6666666666666666,0.35294115069002274,0.5,0.3821019184626028,0.406465449710867,0.42014616904116364,0.25928417382045665,0.3387176405907859,0.4655459017877229,0.26419430176053305,0.3144850351146522,0.3667896388779272,0.20426272754953967,0.39173878051641253,0.46529425336684593,0.013894162330524366,0.07228903685471934,0.0,0.0,0.37374541401431466,0.2829643927809172,0.4047619161547397,0.438709660139591,0.37374541401431466,0.2829643927809171,0.4047619161547397,0.43870966013959106,0.37499994179232155,0.37499994179232155,0.37499994179232155,0.37499994179232155,0.37499994179232155,0.37499994179232155,0.2533332651191382,0.2613635526600645,0.4586466116273704,0.3598823681363889,0.7888664265016924,0.9326680838188461,0.359731731360469,-0.27272728504228205,SELL,0.0,1.0
0.28571427621099377,0.28571427621099377,0.3103448231566107,0.3103448231566107,0.0,0.0,0.0,HPR,2021-12-24 00:00:00+11:00,Energy,0.34560330195783223,0.41532323320539793,0.4615384615384615,0.48322139475873116,0.29963898305221504,0.3713471638814039,0.2628458329099743,0.41512114749465057,0.2757894433865601,0.4043269588627866,0.29033768612992294,0.40499039808944237,0.15486852761632997,0.4420817847275993,0.1897910719570901,0.4733342637513541,0.11310279642311888,0.11310279642311889,0.2899226103278158,0.2899226103278158,0.27491306969714385,0.2749130696971439,0.3549344434873716,0.3549344434873715,0.6666666666666666,0.35294115069002274,0.5,0.3797244723824054,0.40142681277501907,0.42560872785589887,0.23172667449039752,0.3492888103006285,0.499999999993638,0.2636405605180947,0.30933597768648,0.37570805832008214,0.20426272754953967,0.39173878051641253,0.46529425336684593,0.0014175527246774616,0.05740639543366259,0.0,0.0,0.3126980882694642,0.2829643927809172,0.35857966929465424,0.438709660139591,0.3126980882694642,0.2829643927809171,0.35857966929465424,0.43870966013959106,0.37499994179232155,0.37499994179232155,0.37499994179232155,0.37499994179232155,0.37499994179232155,0.37499994179232155,0.2533332651191382,0.2613635526600645,0.46572580192906116,0.3598823681363889,0.7888664265016924,0.9326680838188461,0.35568729040099245,-0.27272728504228205,SELL,0.0,1.0
0.28571427621099377,0.28571427621099377,0.3103448231566107,0.3103448231566107,0.00819766586688677,0.0,0.0,HPR,2021-12-29 00:00:00+11:00,Energy,0.34560330195783223,0.41532323320539793,0.4615384615384615,0.48322139475873116,0.28880866290049223,0.39212003143826935,0.2628458329099743,0.41512114749465057,0.27052628683334057,0.4101975571064892,0.29033768612992294,0.40499039808944237,0.15342385880259513,0.44296201666599777,0.18880565636655922,0.4737999918662462,0.11310279642311888,0.11310279642311889,0.22901511539414315,0.2290151153941432,0.2638343889994279,0.2638343889994279,0.3549344434873716,0.3549344434873715,0.5,0.35294115069002274,0.4210526418983145,0.37842933803048745,0.3970915239199281,0.4324545212518601,0.23172667449039752,0.3492888103006285,0.499999999993638,0.2589502723791388,0.3049647418937279,0.3862156802355998,0.20426272754953967,0.39173878051641253,0.46529425336684593,0.009159511898229954,0.03038065384289639,0.8452268830447489,0.22686725563730795,0.3126980882694642,0.38402309373201393,0.33035716710165186,0.438709660139591,0.3126980882694642,0.38402309373201393,0.33035716710165186,0.43870966013959106,0.37499994179232155,0.37499994179232155,0.37499994179232155,0.37499994179232155,0.37499994179232155,0.37499994179232155,0.2533332651191382,0.22727266184924583,0.47272726841701923,0.36555105117079256,0.7888664265016924,0.9154186024976559,0.3518046270798951,-0.3272727149577179,SELL,0.0,1.0
0.28571427621099377,0.28571427621099377,0.3103448231566107,0.3103448231566107,0.0,0.0,0.0,HPR,2021-12-30 00:00:00+11:00,Energy,0.34560330195783223,0.41532323320539793,0.4615384615384615,0.48322139475873116,0.28880866290049223,0.39212003143826935,0.26877468368219204,0.4063207289627744,0.26526313028012083,0.41611965181591726,0.29033768612992294,0.40499039808944237,0.1519791899888605,0.4438438311857609,0.18782024077602788,0.4742661237332141,0.0,0.0,0.19026878918506884,0.19026878918506884,0.2638343889994279,0.2638343889994279,0.3549344434873716,0.3549344434873715,0.0,0.35294115069002274,0.35294115069002274,0.3779969280736818,0.39352166890584106,0.43990460475553633,0.22665776589987907,0.3650677910285849,0.4690507769652295,0.2534716399109884,0.3014745802941282,0.39610354744821985,0.20426272754953967,0.39173878051641253,0.46529425336684593,0.007936835345892486,0.03038065384289639,0.0,0.0,0.37374541401431466,0.45398678939207254,0.33035716710165186,0.438709660139591,0.37374541401431466,0.4539867893920726,0.33035716710165186,0.43870966013959106,0.37499994179232155,0.37499994179232155,0.37499994179232155,0.37499994179232155,0.37499994179232155,0.37499994179232155,0.2533332651191382,0.20454538719775306,0.4807692265705375,0.3707723051409629,0.7888664265016924,0.7888664265016924,0.3480772702916416,-0.29090907243657693,SELL,0.0,1.0
0.28571427621099377,0.28571427621099377,0.3103448231566107,0.3103448231566107,0.0,0.0,0.0,HPR,2021-12-31 00:00:00+11:00,Energy,0.34560330195783223,0.41532323320539793,0.4615384615384615,0.48322139475873116,0.28880866290049223,0.39212003143826935,0.27470353445440954,0.3976152789337861,0.2599999737269011,0.4220939235609683,0.29033768612992294,0.40499039808944237,0.15053452117512545,0.4447272325587467,0.186834825185497,0.47473265987752045,0.0,0.0,0.19026878918506884,0.19026878918506884,0.2638343889994279,0.2638343889994279,0.3549344434873716,0.3549344434873715,0.0,0.35294115069002274,0.35294115069002274,0.3782453695370564,0.3907241729993994,0.4474220929283041,0.2167300363939607,0.3858221583120115,0.416666666663228,0.2471758266988915,0.2988977212172568,0.4055674339863316,0.20426272754953967,0.39173878051641253,0.46529425336684593,0.007741848574135729,0.03038065384289639,0.0,0.0,0.37374541401431466,0.45398678939207254,0.33035716710165186,0.438709660139591,0.37374541401431466,0.4539867893920726,0.33035716710165186,0.43870966013959106,0.37499994179232155,0.37499994179232155,0.37499994179232155,0.37499994179232155,0.37499994179232155,0.37499994179232155,0.2533332651191382,0.20454538719775306,0.49253730956010466,0.3758287131069553,0.7888664265016924,0.7888664265016924,0.34449900777491826,-0.29090907243657693,SELL,0.0,1.0
0.21428569052748447,0.21428569052748447,0.24137929262644275,0.24137929262644275,0.017566426857614507,0.0,0.0,HPR,2022-01-07 00:00:00+11:00,Energy,0.2295965845456274,0.2869021227935895,0.4615384615384615,0.48322139475873116,0.2743682270657273,0.2784696353230032,0.25494069363886185,0.30816214828922095,0.2347368207029038,0.3503146341223048,0.2818949082142834,0.3335875876872997,0.1464894480661234,0.37555992170275243,0.18604649241939564,0.39680270338788604,0.1590294815100229,0.15902948151002294,0.13440330199581066,0.1344033019958107,0.29795230717536003,0.2979523071753601,0.27408740373888807,0.2740874037388881,0.0,0.4615383733658866,0.2857142350300498,0.36401267512308433,0.38181174053229505,0.4284126821194458,0.19949606762709682,0.36817468223532834,1.1170675495719706e-11,0.21674853934584482,0.2867605724804658,0.2559342447981988,0.20359772583754987,0.37690821781108896,0.34008952615665694,0.018982841495883657,0.04710862857545512,0.8739374377319575,0.3170346196361624,0.2879091228897516,0.29582637790321714,0.27083334568483364,0.30749040102253067,0.2879091228897517,0.2958263779032172,0.27083334568483375,0.3074904010225307,0.0,0.3333333333333334,0.0,0.249999961194881,0.0,0.0,0.19999998013178782,0.28409082731155727,0.14814798121692757,0.26556901183057735,0.5950996234543571,0.5344114197862162,0.3620689389396642,-0.039215693435775356,HOLD,0.0,0.5
0.21428569052748447,0.21428569052748447,0.24137929262644275,0.24137929262644275,0.0,0.0,0.0,HPR,2022-01-10 00:00:00+11:00,Energy,0.34560330195783223,0.41532323320539793,0.4615384615384615,0.48322139475873116,0.2599277912309623,0.30560526338624183,0.24703555436774915,0.31934482336233416,0.2252631373385653,0.3608529227050884,0.27814256247399927,0.3363655634303552,0.1453337125845906,0.3762196283146946,0.18525815965329429,0.39714929922762066,0.1590294815100229,0.15902948151002294,0.13440330199581066,0.1344033019958107,0.29795230717536003,0.2979523071753601,0.27408740373888807,0.2740874037388881,0.0,0.2999999254941784,0.2857142350300498,0.35090058446132466,0.37492972582013745,0.4076668527693257,0.20713545347958973,0.34623405959886044,0.1666666666721472,0.20786936094222774,0.2793803675231372,0.27581379471874345,0.20561112411978177,0.3676298075401603,0.3560391229255273,0.018982841495883657,0.04710862857545512,0.0,0.0,0.2879091228897516,0.29582637790321714,0.27083334568483364,0.30749040102253067,0.2879091228897517,0.2958263779032172,0.27083334568483375,0.3074904010225307,0.0,0.1666666666666667,0.0,0.12499998059744045,0.0,0.0,0.16000000397364242,0.28409082731155727,0.25000000000000167,0.2671436092801648,0.48062115150073453,0.5344114197862162,0.35965514601339965,-0.039215693435775356,HOLD,0.0,0.5
0.21428569052748447,0.21428569052748447,0.22413794210847326,0.22413794210847326,0.02455154083327634,0.0,0.0,HPR,2022-01-11 00:00:00+11:00,Energy,0.3143270389281958,0.38164354766874636,0.42307699471710936,0.43979470225630546,0.24187725316185704,0.3039542732682954,0.23715413395997542,0.3033487120699325,0.21473682423212603,0.34702460783845235,0.2739211743898404,0.31987257130945945,0.1447558448438242,0.35861813391470143,0.1842727440627634,0.3779917520424262,0.15401120194148638,0.15401120194148638,0.13543408225348574,0.13543408225348574,0.2984667112797412,0.2984667112797412,0.2754736391335564,0.2754736391335563,0.0,0.0,0.272727241939739,0.33667311061534055,0.36608040795935515,0.3885187932648275,0.21314220428091346,0.32243575536517277,0.19205144878247699,0.19816998412323938,0.27099419574103556,0.24730959224335425,0.20833578680473464,0.3566567495549571,0.34044029231881207,0.04216956682300632,0.06754101198219148,0.5498435545251165,0.31097110634515346,0.26645009007924214,0.2737772400158075,0.255952418048564,0.29108802418475777,0.2664500900792422,0.2737772400158075,0.25595241804856395,0.29108802418475777,0.0,0.0,0.0,0.0,0.0,0.0,0.133333336644702,0.2954544434708832,0.312775365821038,0.2557085728191465,0.0605173965560698,0.36487995087589176,0.3572896289456605,-0.02000004023313462,HOLD,0.0,0.5
0.1964285773681289,0.1964285773681289,0.22413794210847326,0.22413794210847326,0.0,0.0,0.0,HPR,2022-01-12 00:00:00+11:00,Energy,0.34560330195783223,0.41532323320539793,0.4615384615384615,0.48322139475873116,0.22382671509275165,0.33968943119036643,0.22727271355220124,0.31754456232350403,0.20421051112568678,0.3589198448706671,0.26969978630568137,0.3229742127670462,0.1441779771030578,0.35894210390221015,0.18210482932308025,0.3789282321532298,0.15401120194148638,0.15401120194148638,0.13543408225348574,0.13543408225348574,0.2984667112797412,0.2984667112797412,0.2754736391335564,0.2754736391335563,0.0,0.0,0.272727241939739,0.3265843802847241,0.35662992495384804,0.38266756186143713,0.21268573691573112,0.30525572526231015,0.26052631792474246,0.18463620229779099,0.26689345504808415,0.2600039655323506,0.2103932558047048,0.34646013913213314,0.3563093855280591,0.04216956682300632,0.06754101198219148,0.0,0.0,0.26645009007924214,0.2737772400158075,0.255952418048564,0.29108802418475777,0.2664500900792422,0.2737772400158075,0.25595241804856395,0.29108802418475777,0.0,0.0,0.0,0.0,0.0,0.0,0.133333336644702,0.2954544434708832,0.3523985618894532,0.2687973755543577,0.0605173965560698,0.36487995087589176,0.351963561472173,-0.060000046193599,SELL,0.0,1.0
0.1964285773681289,0.1964285773681289,0.22413794210847326,0.22413794210847326,0.0,0.0,0.0,HPR,2022-01-13 00:00:00+11:00,Energy,0.34560330195783223,0.41532323320539793,0.4615384615384615,0.48322139475873116,0.20577617702364626,0.3768426506370659,0.2173912931444275,0.33200978349402765,0.19894735457246726,0.3649502992822925,0.26547839822152275,0.3260955125149222,0.1436001093622914,0.35926630809903803,0.1799369145833971,0.3798665045704621,0.15401120194148638,0.15401120194148638,0.13543408225348574,0.13543408225348574,0.2527677436085368,0.2527677436085368,0.2754736391335564,0.2754736391335563,0.0,0.0,0.272727241939739,0.3198532265582355,0.34748759927063994,0.3856669037515032,0.20765965150987098,0.2927549407128621,0.3065299282972824,0.1859099474001138,0.2558566600810034,0.2874968225080752,0.2118677658047965,0.3369419480418221,0.3699252542157354,0.03977652724246124,0.06337941208776163,0.0,0.0,0.26645009007924214,0.2737772400158075,0.32359310038035927,0.29108802418475777,0.2664500900792422,0.2737772400158075,0.3235931003803593,0.29108802418475777,0.0,0.0,0.0,0.0,0.0,0.0,0.09333336048655662,0.2954544434708832,0.3843700414867856,0.28816213411840363,0.062412748714001084,0.36487995087589176,0.3468505366976251,-0.08000001192092876,SELL,0.0,1.0
0.1964285773681289,0.1964285773681289,0.22413794210847326,0.22413794210847326,0.0,0.0,0.0,HPR,2022-01-14 00:00:00+11:00,Energy,0.34560330195783223,0.41532323320539793,0.4615384615384615,0.48322139475873116,0.20216607478930593,0.3844509080601266,0.20750987273665356,0.34675211612348145,0.19684209116690765,0.367378189179958,0.2612570101373637,0.3292366580394249,0.14302224162152521,0.35959074675925395,0.17599525148708128,0.38157706305721073,0.042875516212570304,0.042875516212570304,0.13543408225348574,0.13543408225348574,0.22958476901605127,0.22958476901605127,0.2754736391335564,0.2754736391335563,0.0,0.0,0.35294115069002274,0.3158293610968205,0.3392280597090513,0.3942591947760619,0.19865123125659812,0.28433202929440315,0.34162415399757284,0.18819012580256045,0.2494629820860007,0.3012259173432383,0.21282285131761847,0.3280282379081785,0.3818050453776741,0.023186614727705897,0.06336011473930502,0.0,0.0,0.3506033194995548,0.2737772400158075,0.37042125142883253,0.29108802418475777,0.3506033194995548,0.2737772400158075,0.37042125142883253,0.29108802418475777,0.0,0.0,0.0,0.0,0.0,0.0,0.09333336048655662,0.20454538719775306,0.40469210134162803,0.3076623863234242,0.062412748714001084,0.3920570584614329,0.341942032914059,-0.08000001192092876,SELL,0.0,1.0
0.1964285773681289,0.1964285773681289,0.22413794210847326,0.22413794210847326,0.0,0.0,0.0,HPR,2022-01-17 00:00:00+11:00,Energy,0.34560330195783223,0.41532323320539793,0.4615384615384615,0.48322139475873116,0.1985559725549655,0.39212003143826935,0.1976284523288796,0.3617796001944753,0.19473682776134826,0.36981512992685517,0.25703562205320507,0.3323978392186375,0.1424443738807586,0.35991542013729494,0.1720535883907659,0.3832935946856595,0.042875516212570304,0.042875516212570304,0.13543408225348574,0.13543408225348574,0.22958476901605127,0.22958476901605127,0.2754736391335564,0.2754736391335563,0.0,0.0,0.42857139055824833,0.3139724464466337,0.33218402052225016,0.406089844018118,0.18560181136721177,0.2800470631944172,0.37081114834937967,0.19016443927207827,0.24341114672119646,0.3132141988024904,0.21330760981112706,0.31966187148579417,0.39231382859337316,0.023186614727705897,0.06336011473930502,0.0,0.0,0.3506033194995548,0.2737772400158075,0.37042125142883253,0.29108802418475777,0.3506033194995548,0.2737772400158075,0.37042125142883253,0.29108802418475777,0.0,0.0,0.0,0.0,0.0,0.0,0.09333336048655662,0.17045449638693436,0.4186704541755375,0.31638893456842565,0.062412748714001084,0.39218749338251185,0.3372298692818356,-0.08000001192092876,SELL,0.0,1.0
0.16071428452637426,0.1964285773681289,0.18965517684338928,0.22413794210847326,0.004385282800734885,0.0,0.0,HPR,2022-01-18 00:00:00+11:00,Energy,0.34560330195783223,0.41532323320539793,0.5384615384615384,0.5755032856870079,0.1985559725549655,0.39212003143826935,0.18774703192110564,0.37710058975137306,0.18947367120812875,0.37594741065090276,0.25140710519010057,0.3366442463294984,0.1418665061399924,0.3602403284879656,0.16811192529445051,0.385016130797172,0.0,0.0,0.13543408225348574,0.13543408225348574,0.1936111191762615,0.19361111917626153,0.26110020804999723,0.2611002080499972,0.0,0.0,0.42857139055824833,0.3138344467015418,0.3265163568103798,0.4194863149752916,0.16775276098179637,0.2806768732215943,0.39685790262211607,0.1892391271190157,0.2348320755243417,0.33055080510949764,0.20963086269589115,0.31353772128952073,0.40012158254349495,0.004141395160766759,0.05889618971905498,1.0,0.0635636321938206,0.37374541401431466,0.2737772400158075,0.32359310038035927,0.251404803898882,0.37374541401431466,0.2737772400158075,0.3235931003803593,0.2514048038988821,0.20000007450582152,0.06666669150194056,0.20000007450582152,0.06666669150194046,0.20000007450582147,0.20000007450582147,0.12000002781549701,0.19318177103842712,0.4117647144758738,0.3081418930890481,0.056989848134298596,0.37009545876290767,0.33270619219490105,-0.09999997764825852,SELL,0.0,1.0
0.1964285773681289,0.1964285773681289,0.18965517684338928,0.18965517684338928,0.0025420961853215873,0.0,0.0,HPR,2022-01-19 00:00:00+11:00,Energy,0.2817996086775957,0.34589434077485676,0.3846153846153846,0.3946307800176284,0.19133575463758312,0.33002475587085645,0.17391304187777534,0.3348136670026711,0.1789473581016895,0.335248801075665,0.24484050189192508,0.3014999006703709,0.1407107706584596,0.3249364653423973,0.1637760958150838,0.34737851394625674,0.0874662130532192,0.08746621305321922,0.14688127505429244,0.14688127505429244,0.16350982311929269,0.1635098231192927,0.2673947794520818,0.26739477945208184,0.0,0.0,0.2307691866829434,0.30534376418479126,0.31998676641106377,0.41109705198282215,0.14657396209521878,0.27765733217509136,0.25318793405107765,0.18160343145208047,0.22413947983756555,0.26478775747758254,0.20743830186673407,0.30395251845786686,0.3564941923905651,0.006542176700485389,0.05001726527918732,0.3669636366710057,0.043262401787051215,0.3265354548551003,0.22967888210140916,0.2508210550561537,0.22018731816758244,0.3265354548551003,0.2296788821014092,0.2508210550561537,0.22018731816758244,0.0,0.06666669150194056,0.0,0.06666669150194046,0.0,0.0,0.14666669514443742,0.18181815487910122,0.4031563870278677,0.307603536845686,0.05429222376727878,0.26031658955838993,0.3241231312738103,-0.062499970896169765,SELL,0.0,1.0
0.16071428452637426,0.16071428452637426,0.18965517684338928,0.18965517684338928,0.0,0.0,0.0,HPR,2022-01-20 00:00:00+11:00,Energy,0.34560330195783223,0.41532323320539793,0.4615384615384615,0.48322139475873116,0.18411553672020053,0.3451699449763024,0.16007905183444526,0.3564870102532409,0.16842104499525024,0.34741758767779596,0.23780485450255284,0.3066966064061132,0.1395550351769268,0.32556187231231803,0.15944026633571795,0.349211258136471,0.0874662130532192,0.08746621305321922,0.14688127505429244,0.14688127505429244,0.16350982311929269,0.1635098231192927,0.26535468579773125,0.2653546857977312,0.0,0.0,0.0,0.30010670052443555,0.31353229220436496,0.4118281692623278,0.1087723076214756,0.2916594376642271,0.19381370294574973,0.17073323446106325,0.21706184723078947,0.2825038280680535,0.20266482093704496,0.29650394889568,0.36596618473163733,0.006542176700485389,0.05001726527918732,0.0,0.0,0.3265354548551003,0.22967888210140916,0.2508210550561537,0.2082949205875269,0.3265354548551003,0.2296788821014092,0.2508210550561537,0.20829492058752697,0.0,0.06666669150194056,0.0,0.06666669150194046,0.0,0.0,0.14666669514443742,0.14772726406828254,0.3907692274980301,0.30517509400209053,0.05429222376727878,0.05285230519814306,0.31605505400798506,-0.08333334626836897,SELL,0.0,1.0
0.16071428452637426,0.16071428452637426,0.18965517684338928,0.18965517684338928,0.0,0.0,0.0,HPR,2022-01-21 00:00:00+11:00,Energy,0.34560330195783223,0.41532323320539793,0.4615384615384615,0.48322139475873116,0.17689531880281806,0.3605634159082689,0.15415020106222743,0.36596323052254864,0.1610526250364711,0.3560748444431644,0.23217633763944834,0.3108945078942843,0.13839929969539422,0.32618818649104797,0.15510443685635167,0.3510510953642617,0.0874662130532192,0.08746621305321922,0.067223146930769,0.06722314693076901,0.13955305783289512,0.13955305783289512,0.25611441185766526,0.2561144118576653,0.0,0.0,0.0,0.297478450083881,0.3077510278513519,0.41838062272960463,0.1052334147766314,0.284694764003633,0.25602494714107116,0.16798478126317118,0.20667507492411918,0.3047767342608828,0.20175557039301917,0.28715912078386996,0.3775050954335095,0.006542176700485389,0.048939829990360104,0.0,0.0,0.3265354548551003,0.31268755809639004,0.29112556197550854,0.2451613075279168,0.3265354548551003,0.31268755809639,0.2911255619755086,0.24516130752791682,0.0,0.0,0.0,0.0,0.0,0.0,0.14666669514443742,0.14772726406828254,0.39404551383547587,0.3150422729482599,0.05429222376727878,0.05285230519814306,0.3084710613781093,-0.08333334626836897,SELL,0.0,1.0
0.12499999168461962,0.12499999168461962,0.1551724115783053,0.1551724115783053,0.0025483029894779446,0.0,0.0,HPR,2022-01-24 00:00:00+11:00,Energy,0.2791411210449343,0.342939045582294,0.4615384615384615,0.48322139475873116,0.1624548829680531,0.31191363342875866,0.1442687806544536,0.31580207864320786,0.1515789416721326,0.3129023954492186,0.22560973434127285,0.2750962913104902,0.136665696473095,0.29108360655856447,0.1503744409939345,0.31328995684473293,0.10939349023735324,0.10939349023735326,0.09432261166528597,0.09432261166528598,0.15407983486051546,0.1540798348605155,0.26299977679579123,0.2629997767957912,0.0,0.0,0.0,0.2872231095762996,0.3007158313359368,0.40617591107799,0.1081318462752272,0.2640793492688943,0.1273220037568179,0.1675346158434483,0.1898743851115977,0.25312872437520767,0.20254344673040636,0.27410543012795174,0.34122360519004,0.008948820009292563,0.05088876472312155,0.2689308269375749,0.04263935848748723,0.279325495695886,0.26513050481200734,0.2586580235706578,0.21290323874508346,0.27932549569588594,0.26513050481200734,0.2586580235706578,0.21290323874508352,0.0,0.0,0.0,0.0,0.0,0.0,0.17333336247337783,0.1363636479089566,0.3254901413377036,0.2811050953303632,0.051961704609154113,0.051961704609154113,0.30134210830602604,-0.04347826791170184,HOLD,0.0,0.5
0.12499999168461962,0.12499999168461962,0.1551724115783053,0.1551724115783053,0.0,0.0,0.0,HPR,2022-01-25 00:00:00+11:00,Energy,0.34560330195783223,0.41532323320539793,0.4615384615384615,0.48322139475873116,0.14801444713328815,0.34318053421896777,0.13636364138334112,0.3283361722716813,0.14210525830779408,0.3239253512312553,0.221388346257114,0.27816751854522526,0.1349320932507958,0.29198753431011426,0.14584152869013867,0.31514843552913907,0.10939349023735324,0.10939349023735326,0.09373910559114167,0.09373910559114168,0.15407983486051546,0.1540798348605155,0.23069970248145105,0.23069970248145105,0.0,0.0,0.0,0.2808099823004323,0.2935804766430704,0.40520105636734616,0.10924625346879147,0.2488202429219999,0.22258676014887663,0.16434380430393614,0.17613671291623345,0.2805288735504071,0.20662283277600002,0.2615558109810592,0.35657987032589844,0.004807314249109039,0.05088876472312155,0.0,0.0,0.279325495695886,0.28700670829168773,0.2586580235706578,0.28035190338826255,0.27932549569588594,0.28700670829168773,0.2586580235706578,0.28035190338826255,0.0,0.0,0.0,0.0,0.0,0.0,0.17333336247337783,0.1363636479089566,0.3446501875446224,0.2925642144959153,0.051961704609154113,0.051961704609154113,0.2896485325678084,-0.021739093463565173,HOLD,0.0,0.5
0.12499999168461962,0.12499999168461962,0.1551724115783053,0.1551724115783053,0.0,0.0,0.0,HPR,2022-01-27 00:00:00+11:00,Energy,0.34560330195783223,0.41532323320539793,0.4615384615384615,0.48322139475873116,0.1407942292159058,0.35921484238032764,0.12845850211222853,0.34107830068133294,0.13263157494345557,0.3351439807757043,0.21716695817295517,0.2812589438392594,0.1331984900284966,0.2928934353443289,0.14130861638634284,0.3170144803709919,0.09111063916279268,0.09111063916279269,0.09373910559114167,0.09373910559114168,0.15407983486051546,0.1540798348605155,0.23069970248145105,0.23069970248145105,0.0,0.0,0.0,0.27748022011808304,0.2870896403280475,0.4114742513547678,0.10595955230879761,0.2380678298063903,0.2792926026775782,0.15874618351289738,0.16508895354300746,0.3019185791241962,0.21009130002418552,0.24971714941925205,0.3698044832072548,0.0024065327093904104,0.05088876472312155,0.0,0.0,0.3245683729181351,0.28700670829168773,0.2586580235706578,0.28035190338826255,0.3245683729181351,0.28700670829168773,0.2586580235706578,0.28035190338826255,0.0,0.0,0.0,0.0,0.0,0.0,0.13333338631523242,0.1363636479089566,0.36434976660805596,0.3006333402038366,0.0,0.051961704609154113,0.27889044288864817,-0.021739093463565173,HOLD,0.0,0.5
0.12499999168461962,0.12499999168461962,0.1551724115783053,0.1551724115783053,0.0,0.0,0.0,HPR,2022-01-28 00:00:00+11:00,Energy,0.34560330195783223,0.41532323320539793,0.4615384615384615,0.48322139475873116,0.1335740112985232,0.37552560417506764,0.12055336284111606,0.35403368650346567,0.12315789157911683,0.3465635409893756,0.21294557008879633,0.2843707671000646,0.1314648868061974,0.29380131612981053,0.13677570408254747,0.31888813766905166,0.09111063916279268,0.09111063916279269,0.09373910559114167,0.09373910559114168,0.15407983486051546,0.1540798348605155,0.23069970248145105,0.23069970248145105,0.0,0.0,0.0,0.27660414582589665,0.2816910784394855,0.4221055237785093,0.09906595140606911,0.2310088478337261,0.3194212203714072,0.15087989753078002,0.1565767135852686,0.3192263124123125,0.21302177235839026,0.23850458017356646,0.38137561527580377,0.0024065327093904104,0.04406646981422014,0.0,0.0,0.3245683729181351,0.28700670829168773,0.2586580235706578,0.28035190338826255,0.3245683729181351,0.28700670829168773,0.2586580235706578,0.28035190338826255,0.0,0.0,0.0,0.0,0.0,0.0,0.08000005165735162,0.1363636479089566,0.38675213389469465,0.3087558177390787,0.0,0.051961704609154113,0.2689930003838208,-0.021739093463565173,HOLD,0.0,0.5
0.12499999168461962,0.12499999168461962,0.1551724115783053,0.1551724115783053,0.0,0.0,0.0,HPR,2022-01-31 00:00:00+11:00,Energy,0.34560330195783223,0.41532323320539793,0.4615384615384615,0.48322139475873116,0.12635379338114072,0.39212003143826935,0.11264822357000337,0.3672077286607638,0.11368420821477854,0.35818947878774965,0.2087241820046375,0.287503190881919,0.1297312835838984,0.2947111831634647,0.1322427917787521,0.3207694541005993,0.09111063916279268,0.09111063916279269,0.09373910559114167,0.09373910559114168,0.15407983486051546,0.1540798348605155,0.23069970248145105,0.23069970248145105,0.0,0.0,0.0,0.2776604603284777,0.2776204813784092,0.4350308065720398,0.08856545076060585,0.22764329700400665,0.3506236400772289,0.14073719455681954,0.15060865665782508,0.33350104856623464,0.21547146437573117,0.22785151967844552,0.3916336282216839,0.0024065327093904104,0.04406646981422014,0.0,0.0,0.3245683729181351,0.28700670829168773,0.2586580235706578,0.28035190338826255,0.3245683729181351,0.28700670829168773,0.2586580235706578,0.28035190338826255,0.0,0.0,0.0,0.0,0.0,0.0,0.08000005165735162,0.1363636479089566,0.40298507391554933,0.3148084529607398,0.0,0.051961704609154113,0.2598873532793795,-0.04347826791170184,HOLD,0.0,0.5
0.14285710484397518,0.14285710484397518,0.1724137620962749,0.1724137620962749,0.00012191100239184468,0.0,0.0,HPR,2022-02-01 00:00:00+11:00,Energy,0.3802791580792196,0.4519003110053987,0.4615384615384615,0.48322139475873116,0.12996389561548116,0.42545249886487224,0.10671936543555238,0.4116769040366739,0.10526315459254076,0.39715232204282624,0.20497183626435334,0.311006608806782,0.12828661369380145,0.3135891490441767,0.12790696229938536,0.3426662075699901,0.04753589742829923,0.04753589742829923,0.11032522708688518,0.1103252270868852,0.16433296569454037,0.1643329656945404,0.23385902370837136,0.2338590237083713,0.33333291941200005,0.19999970197671402,0.09999985098835694,0.28506919965932787,0.27610518751915,0.459901959650117,0.07387432680106232,0.23209838913270153,0.4871792723943235,0.12729994521016286,0.15024531269933994,0.38310773350037464,0.21665945333160863,0.21953368063868783,0.42059210578873796,0.00011502339343563704,0.044167927085651086,1.0,0.0023435318824322577,0.3994029530553747,0.31126075947500176,0.2748917625353367,0.2979471805616872,0.3994029530553748,0.31126075947500176,0.2748917625353367,0.29794718056168723,0.24999953433878902,0.08333317811292971,0.0833332039829568,0.027777734660985553,0.24999953433878896,0.08333320398295685,0.08000005165735162,0.14772726406828254,0.4560810036976528,0.347654138269493,0.012375208039250367,0.053946713675605336,0.25151015794329357,-0.06382976025140474,SELL,0.0,1.0
0.14285710484397518,0.14285710484397518,0.1724137620962749,0.1724137620962749,0.0,0.0,0.0,HPR,2022-02-02 00:00:00+11:00,Energy,0.34560330195783223,0.41532323320539793,0.4615384615384615,0.48322139475873116,0.1335739978498216,0.41701162636847733,0.10079050730110128,0.4220536235459307,0.09684210097030277,0.4080681819774977,0.1988742753100523,0.315694780461126,0.12684194380370406,0.3143668278272992,0.12357113282001908,0.3445194610554082,0.04753589742829923,0.04753589742829923,0.11032522708688518,0.1103252270868852,0.16433296569454037,0.1643329656945404,0.18445058331145575,0.18445058331145575,0.33333291941200005,0.19999970197671402,0.09999985098835694,0.29251999715621435,0.27664402062861704,0.47989508854561136,0.05314582264068368,0.24273570135234301,0.5382356745057837,0.11132044401677443,0.15272325574159606,0.3918429576779714,0.2130104211087931,0.21251036117507005,0.4271106828137733,0.00011502339343563704,0.044167927085651086,0.0,0.0,0.3994029530553747,0.31126075947500176,0.2748917625353367,0.22903224309383738,0.3994029530553748,0.31126075947500176,0.2748917625353367,0.22903224309383743,0.24999953433878902,0.1666663562258594,0.0833332039829568,0.05555546932197115,0.24999953433878896,0.08333320398295685,0.08000005165735162,0.14772726406828254,0.46428564111039594,0.35424774688660676,0.012375208039250367,0.053946713675605336,0.2438031382340945,-0.04255312065993755,HOLD,0.0,0.5
0.14285710484397518,0.14285710484397518,0.1724137620962749,0.1724137620962749,0.0,0.0,0.0,HPR,2022-02-03 00:00:00+11:00,Energy,0.34560330195783223,0.41532323320539793,0.4615384615384615,0.48322139475873116,0.13718410008416193,0.4086432075916189,0.09881421880220631,0.4255421610217822,0.088421047348065,0.4191637268789775,0.19277671435575128,0.3204283496821754,0.1253972739136071,0.31514592832742816,0.1192353033406528,0.34638000364006105,0.04753589742829923,0.04753589742829923,0.08179271229685649,0.0817927122968565,0.16433296569454037,0.1643329656945404,0.18445058331145575,0.18445058331145575,1.0,0.19999970197671402,0.09999985098835694,0.2999188368345038,0.27881394431367057,0.4957707401554751,0.04812506797850857,0.2443474089688491,0.5640181793160396,0.09195241345807581,0.1589883076218952,0.3990360201278517,0.20883226653016673,0.2061028085758828,0.4331372429689736,0.00011502339343563704,0.044167927085651086,0.0,0.0,0.3994029530553747,0.3587583628075987,0.2748917625353367,0.22903224309383738,0.3994029530553748,0.3587583628075987,0.2748917625353367,0.22903224309383743,0.24999953433878902,0.24999953433878902,0.0833332039829568,0.0833332039829568,0.24999953433878896,0.08333320398295685,0.08000005165735162,0.14772726406828254,0.4722221483077649,0.3606271020461645,0.012375208039250367,0.053946713675605336,0.23671268010163127,-0.04255312065993755,HOLD,0.0,0.5
0.12499999168461962,0.12499999168461962,0.1379310610603358,0.1379310610603358,0.014229274192717287,0.0,0.0,HPR,2022-02-04 00:00:00+11:00,Energy,0.2777271556045773,0.34136512313963174,0.42307699471710936,0.4350744105869026,0.1335739978498216,0.33403964326778435,0.09288536802998859,0.3661751894616976,0.07789473424162574,0.3748530605376318,0.18574106871370133,0.2839084965798099,0.12337473735910587,0.2798898599052617,0.11450530821242788,0.3079932451260958,0.11458342184765867,0.11458342184765868,0.11386544860808089,0.11386544860808089,0.17689264712052138,0.17689264712052138,0.19252580761540067,0.1925258076154006,0.3333333333333333,0.14285699080438108,0.08333322985300001,0.2974916860080329,0.2799794602133045,0.4859946870568772,0.04364426097681162,0.23834724647547267,0.20833352736266264,0.06958735913456282,0.16475762751362444,0.2851552508315514,0.20566230555022158,0.19678814371105435,0.39953699327163184,0.013553294928054526,0.05390110030946905,0.991505161369293,0.2250221864366107,0.34808787497325444,0.30822908919530084,0.24242428460597898,0.19677423439632957,0.3480878749732545,0.30822908919530084,0.24242428460597895,0.19677423439632963,0.0,0.1666663562258594,0.0,0.05555546932197115,0.0,0.0,0.1066666693157616,0.17045449638693436,0.38775521840761207,0.3151172822324558,0.005170996749569952,0.04365610108633064,0.23018945861976525,-0.15555561626398762,SELL,0.0,1.0
0.017857113159355564,0.0714285856835093,0.05172411578305347,0.10344829579525183,0.015138512446867413,0.0,0.0,HPR,2022-02-07 00:00:00+11:00,Energy,0.27471031118488254,0.338002116551729,0.5769231485632632,0.6493289067193181,0.1227436776980988,0.27443737362909015,0.08300394762221475,0.3126285555214958,0.0694736845407461,0.3269496440363203,0.17776733663657995,0.24766113188484673,0.12077433306383845,0.24483020702718183,0.10938114670115207,0.2695974124870387,0.1426977032359157,0.14269770323591574,0.13594574623776692,0.13594574623776695,0.142212337117515,0.142212337117515,0.2008486725550946,0.2008486725550946,0.19999985098824596,0.1111109731373334,0.07142847639562064,0.28739375134141,0.2785386810356036,0.46062722233138403,0.04722702419996827,0.21703108254228753,0.07444859301317974,0.06902704090181311,0.15000269649747944,0.20799517956166302,0.20376146214870827,0.18426271271318317,0.36981649032444475,0.027850260334437153,0.05188053148016413,0.5133491916620667,0.24855193340711285,0.29677270130919053,0.25769972146473674,0.2647059314924154,0.16451616561349636,0.2967727013091905,0.25769972146473663,0.2647059314924154,0.1645161656134963,0.30000018626448444,0.18333324020109118,0.27272748823993576,0.11868689740763082,0.3000001862644843,0.27272748823993576,0.17333336247337783,0.19318181337126808,0.23989214729159658,0.21403982060764606,0.0032856608087833195,0.0014784585549163865,0.2209636188638222,0.046511633951255016,HOLD,0.0,0.5
0.05357140600111021,0.10714287852526394,0.01724135051796949,0.05172411578305347,0.0226991025663847,0.0,0.0,HPR,2022-02-08 00:00:00+11:00,Energy,0.23431772344846913,0.2923222226386146,0.3846153846153846,0.3777563742163684,0.09747292171161082,0.20135886620402554,0.07114623871554593,0.22532599149297128,0.05789473777084808,0.2523031248268369,0.17073168924720816,0.1890099130759847,0.11730712661924025,0.19182199187775162,0.103665735248204,0.21093419004991476,0.14948076884110306,0.14948076884110306,0.17302871505685535,0.17302871505685535,0.18426102499240438,0.18426102499240438,0.18993441403041667,0.1899344140304166,0.12499982537696468,0.08333320398295684,0.07692296670735843,0.2665505186293817,0.27248753214133414,0.41575379561405074,0.07191907091467709,0.17056971487044392,0.07936495735623805,0.0756231630774079,0.12148160069043412,0.13872631715945616,0.20989712403540772,0.16411861329499478,0.3299268884906208,0.04917239009431808,0.07077127116020045,0.4359604138551507,0.2745643068006851,0.19796368932330696,0.2258442023775263,0.2121848801777077,0.1747800437048347,0.19796368932330696,0.2258442023775263,0.21218488017770765,0.1747800437048347,0.16666666666666669,0.1555556176437171,0.15384617588929125,0.14219122137640894,0.16666666666666674,0.15384617588929128,0.24000005563099405,0.22727274651492774,0.24137925434206625,0.2121483106094687,0.002330891546827303,0.0014653102204337642,0.20065487849413,0.12500006984919465,BUY,0.0,0.0
0.017857113159355564,0.03571429284175465,0.01724135051796949,0.05172411578305347,0.1679496794478427,0.0,0.0,HPR,2022-02-09 00:00:00+11:00,Energy,0.34560330195783223,0.41532323320539793,0.4615384615384615,0.48322139475873116,0.07220216572512306,0.25782092846186866,0.05928852980887722,0.24455305592206078,0.04736842074305081,0.2650827992000483,0.16369604185783593,0.1938763594062275,0.11383992017464184,0.19343478916752188,0.09873865656135772,0.21276695326605477,0.14948076884110306,0.14948076884110306,0.17302871505685535,0.17302871505685535,0.1849155087558432,0.18491550875584326,0.18993441403041667,0.1899344140304166,0.12499982537696468,0.09999985098835694,0.07692296670735843,0.2520776192952947,0.2642452276371631,0.39442694620025265,0.08009361332681875,0.14102211501754647,0.19982595820345833,0.0793101650593453,0.09813445549744637,0.20149079314991908,0.2147892054659457,0.1454217323315703,0.3474752223818913,0.2077857786624748,0.19011065469958174,0.7633501443798321,0.7627880600137296,0.19796368932330696,0.2258442023775263,0.22619045855659073,0.1747800437048347,0.19796368932330696,0.2258442023775263,0.22619045855659067,0.1747800437048347,0.2,0.22222228431038374,0.15384617588929125,0.1934732800061727,0.19999999999999996,0.15384617588929128,0.2533334141307294,0.26136367965858737,0.28812052827213885,0.20358060578957674,0.0006368942291429392,0.000541964330639928,0.17497698457746746,0.12500006984919465,BUY,0.0,0.0
0.017857113159355564,0.017857113159355564,0.043103472638641116,0.05172411578305347,0.03564872111728096,0.0,0.0,HPR,2022-02-10 00:00:00+11:00,Energy,0.34560330195783223,0.41532323320539793,0.4615384615384615,0.48322139475873116,0.04693140973863519,0.3180833214345591,0.04743082090220829,0.2643033058683928,0.03684210371525354,0.2781393896396126,0.15525326568951847,0.19979007196976217,0.11037271373004343,0.19505473063253187,0.09381157787451144,0.21460800352827114,0.14948076884110306,0.14948076884110306,0.17302871505685535,0.17302871505685535,0.1849155087558432,0.18491550875584326,0.16813325669363072,0.16813325669363066,0.0,0.09999985098835694,0.08333320398295684,0.24276065522123594,0.2554617339341794,0.389159469762114,0.08080419720338539,0.11911753794632496,0.2654805719872402,0.07889358763377874,0.07937357772797982,0.24214431326661004,0.21581643550650753,0.12862183584189446,0.36179056848595603,0.2414527941228355,0.21977837872449793,0.13943512296565025,0.140149272080066,0.19796368932330696,0.2258442023775263,0.22619045855659073,0.13837597652763473,0.19796368932330696,0.2258442023775263,0.22619045855659067,0.13837597652763473,0.2,0.18888888888888897,0.16666666666666669,0.15811967281508302,0.19999999999999996,0.16666666666666674,0.2600000437100667,0.2556818504125039,0.3511477732313808,0.23940734410331233,0.13687290645141587,0.13254583086957497,0.15289399580913776,0.15000002793967782,BUY,0.0,0.0
0.0,0.0,0.0,0.0,0.008994713208172932,0.0,0.0,HPR,2022-02-11 00:00:00+11:00,Energy,0.22597144687801757,0.2827285310073726,0.3846153846153846,0.36964368420312754,0.018050538069105282,0.24774856701097048,0.029644261223321866,0.18230382752377472,0.023157893539796026,0.20287332790641688,0.14446527430718392,0.14225881748442215,0.10603870621247702,0.14196041749956978,0.08612533524050159,0.15606701215297358,0.1781080162920044,0.17810801629200446,0.21110630076719483,0.21110630076719483,0.22247695644260532,0.22247695644260532,0.18395398817310188,0.18395398817310188,0.0,0.07692296670735843,0.06666656732557129,0.22303795139760133,0.243799757377289,0.36114276018290403,0.08716277983230758,0.0808409973112334,0.20607862004189198,0.08358965768050208,0.049130738645541516,0.19154467567783073,0.21700552903898496,0.10729900006375548,0.32803807463177787,0.23650922139227193,0.22726399562125624,0.0359169709394547,0.034202041760929246,0.1639233785176819,0.14675480580546527,0.1726190545386664,0.06774195926499649,0.16392337851768188,0.14675480580546527,0.17261905453866647,0.06774195926499649,0.0,0.1333333333333334,0.0,0.10683761418531924,0.0,0.0,0.3000000198682121,0.2897727412233226,0.34086853619197754,0.2225353173436928,0.13256129843110004,0.1284984959089273,0.13390262546837428,0.2432432296373621,BUY,0.0,0.0
0.0,0.0714285856835093,0.03448276526508398,0.03448276526508398,0.166455479179334,0.0,0.0,HPR,2022-02-14 00:00:00+11:00,Energy,0.4318245092669081,0.5048582040971437,0.4615384615384615,0.48322139475873116,0.00361010223434044,0.3822988945698884,0.015810271179991675,0.2815273241915126,0.011578946769898013,0.27939285301845007,0.13461536935992058,0.19268168630965699,0.10228256643567657,0.1804418927595952,0.07883325898954263,0.19971073573121734,0.26521425318359687,0.26521425318359687,0.2621745002846451,0.2621745002846452,0.2604716383795743,0.2604716383795743,0.20601444125086,0.20601444125086,0.1666667184068173,0.2307691866829434,0.17647053667417426,0.21963981264462373,0.2336715538767238,0.376071205638523,0.0776062971373509,0.06592031466473125,0.33727092908774614,0.07799556369355642,0.03423374650996558,0.2855488692935436,0.2141236986883026,0.09244753633344938,0.3731372785270074,0.3794145065955409,0.3657922531281928,0.4143283982358411,0.39388145814268577,0.26395481341103494,0.19948110292362775,0.20833334605829631,0.1000000280478297,0.26395481341103494,0.1994811029236278,0.20833334605829626,0.10000002804782976,0.20000007450582152,0.13333335816860722,0.15384617588929125,0.10683761418531924,0.20000007450582147,0.15384617588929128,0.3533333545260929,0.35795456517780094,0.4225391673275181,0.30849027934913303,0.4690837548066199,0.45703923527837925,0.11247820539343434,0.2820512747035695,BUY,0.0,0.0
0.0,0.0,0.03448276526508398,0.03448276526508398,0.0,0.0,0.0,HPR,2022-02-15 00:00:00+11:00,Energy,0.34560330195783223,0.41532323320539793,0.4615384615384615,0.48322139475873116,0.0,0.392120068212678,0.0,0.31008592257569556,0.0,0.29449844380861123,0.12476546441265723,0.19974769767342893,0.09852642665887634,0.18217879761571065,0.07370909747826682,0.20161226951950162,0.22485218461055378,0.2248521846105538,0.2505571622919102,0.2505571622919102,0.2604716383795743,0.2604716383795743,0.20601444125086,0.20601444125086,0.2,0.2307691866829434,0.17647053667417426,0.21936931690790892,0.22550541983008635,0.39516832479986347,0.05630480679768701,0.059496924090922665,0.36677994887372173,0.06945042088698894,0.022634923539071594,0.3052104156824227,0.21009553955551397,0.0789301142893658,0.3831583759779257,0.3579772428428076,0.3657922531281928,0.0,0.0,0.3442392434002321,0.17760533834659223,0.20833334605829631,0.1000000280478297,0.3442392434002321,0.17760533834659226,0.20833334605829626,0.10000002804782976,0.20000007450582152,0.13333338300388106,0.15384617588929125,0.10256411725952745,0.20000007450582147,0.15384617588929128,0.3533333545260929,0.35795456517780094,0.4078598048870352,0.30013345816855275,0.4690837548066199,0.45703923527837925,0.09448169253048488,0.33333333333333326,BUY,0.0,0.0
0.1964285773681289,0.28571427621099377,0.22413794210847326,0.3103448231566107,0.018730729629737194,0.0,0.0,HPR,2022-02-16 00:00:00+11:00,Energy,1.0,1.0,0.6538460822059675,0.7046978491050622,0.054151627656017665,0.9879388712058998,0.015810278542225165,0.8922420769228392,0.005263156553219628,0.7912277037545629,0.12242024919864058,0.5556695124836663,0.09939322773184478,0.47705756651484765,0.07311784827078682,0.5314316968510034,0.9358800399994456,0.9358800399994457,0.9682567068678049,0.968256706867805,0.9184244725525272,0.9184244725525273,0.795425245707957,0.7954252457079571,0.7499999611948931,0.6551724315114905,0.5757575689159031,0.29916018719939874,0.23772476769389114,0.5935833077280904,0.1313744770667088,0.010862221290857788,0.9113533867857557,0.09147326560461833,0.007634841828439098,0.7875777648700109,0.20419344436101672,0.08146411520643948,0.6456521950497048,0.2170533461908842,0.37773087937334693,0.08149831925194101,0.04292505104280371,0.8163387426602183,0.5904409452382224,0.4940476116922937,0.35806451822517055,0.8163387426602184,0.5904409452382223,0.4940476116922938,0.3580645182251706,1.0,0.46666671633721446,1.0,0.43589745059286084,1.0,1.0,0.5666666434870857,0.5397727200569021,0.6855317440881492,0.5941337606951802,0.4979855876297842,0.4858781147564173,0.0,-0.05454542991543587,SELL,0.0,1.0
0.28571427621099377,0.28571427621099377,0.22413794210847326,0.22413794210847326,3.513285371522901e-05,0.0,0.0,HPR,2022-02-17 00:00:00+11:00,Energy,0.20059495921240472,0.25322243725693794,0.2692308408709555,0.281879159443567,0.09025271724293005,0.6546136643149081,0.021739136676676263,0.688016505957991,0.007368419958779127,0.6303226843290523,0.11772981877060729,0.44935903520224685,0.09881535999107838,0.38512563158875934,0.07154118347277594,0.42918474037321885,0.9999999999999999,1.0,0.9999999999999999,1.0,0.9370921405849603,0.9370921405849604,0.8153534981572342,0.8153534981572343,0.6923077474155437,0.5588235487471847,0.5,0.3389076003896651,0.25684158577770055,0.6607174300393777,0.14873121779254217,0.0036775628636809277,0.7222222321442189,0.09674618072220154,0.005586985417070367,0.634712234364548,0.19509520285034698,0.08338306533672835,0.56621607972766,0.18341951055555303,0.375644524128849,0.0001808957232633106,8.095967191059748e-05,0.6688076697513299,0.4614298361072353,0.441964303385337,0.2774193763107501,0.6688076697513299,0.4614298361072354,0.44196430338533693,0.2774193763107501,0.7222222682134624,0.640740780906428,0.7222222682134624,0.6253561480342512,0.7222222682134625,0.7222222682134625,0.6333332869741716,0.5738636108677208,0.631535631773364,0.5547811609904041,0.49793633338797755,0.491484006003337,0.0062068964631322165,0.04000000596046438,HOLD,0.0,0.5
0.28571427621099377,0.28571427621099377,0.18965517684338928,0.20689652736135877,0.010687765428709818,0.0,0.0,HPR,2022-02-18 00:00:00+11:00,Energy,0.31370139589590385,0.3809629760290795,0.23076923076923075,0.24161062237352235,0.1335740112985232,0.4999837313752715,0.029644268585555245,0.6329179748297435,0.008421049700879868,0.5971977799027136,0.11257034425137724,0.4318977854116791,0.09794855784174761,0.36716862011438156,0.06976743511614325,0.4094009868757519,0.9622465198198683,0.9622465198198683,0.9943573738519204,0.9943573738519206,0.9386456334104032,0.9386456334104032,0.8161362217575966,0.8161362217575965,0.6666666666666666,0.5428571276518747,0.5135134917441015,0.36623092185195366,0.2785565003992596,0.6860050971373735,0.16610980999047031,0.0,0.6699309167258216,0.09911968710125829,0.004856934730028906,0.6035128346049615,0.18534217797479147,0.08519710447900097,0.5524898215879968,0.18501844632372516,0.38453913984700716,0.054554714619357986,0.024060512366217313,0.7565287485957888,0.49181897448464235,0.423363075122621,0.26129031187667073,0.7565287485957886,0.49181897448464224,0.42336307512262095,0.26129031187667073,0.6666665976798063,0.7962962886310896,0.6666665976798063,0.7962962886310895,0.6666665976798063,0.6666665976798063,0.7266665977901977,0.6306817763300322,0.6003809571644628,0.5308146001747526,0.48366524440278563,0.4806830103678408,0.012289654997001853,0.12244900286520455,BUY,0.0,0.0
0.17857139768572983,0.17857139768572983,0.20689652736135877,0.20689652736135877,0.0,0.0,0.0,HPR,2022-02-21 00:00:00+11:00,Energy,0.34560330195783223,0.41532323320539793,0.4615384615384615,0.48322139475873116,0.16967508743673398,0.4159830478914055,0.041501970129990684,0.6077123966222517,0.009473679442980498,0.595484027977946,0.10741086973214742,0.4367050318616964,0.09708175569241684,0.36767409553964003,0.06799368675951101,0.4102336679874351,0.9750035611609313,0.9750035611609315,0.9845255797070166,0.9845255797070166,0.9386456334104032,0.9386456334104032,0.8161362217575966,0.8161362217575965,0.6666666666666666,0.5294117711510216,0.5135134917441015,0.3883593922758355,0.3011290110708957,0.694352209380434,0.1858182520488384,0.0009956749390026554,0.645745748988729,0.10145845572820056,0.004165707861188195,0.600980830029924,0.17512726747427032,0.08754866364832914,0.5557841886019956,0.027816195714073524,0.38453913984700716,0.0,0.0,0.6763732428705107,0.5532376112126094,0.423363075122621,0.26129031187667073,0.6763732428705107,0.5532376112126095,0.42336307512262095,0.26129031187667073,0.6666665976798063,0.6851851545243585,0.6666665976798063,0.6851851545243584,0.6666665976798063,0.6666665976798063,0.7133332889609928,0.6306817763300322,0.5692137190630641,0.4964365457522999,0.4835086133444832,0.4806830103678408,0.018250758360194075,0.1428572080225725,BUY,0.0,0.0
0.17857139768572983,0.17857139768572983,0.20689652736135877,0.20689652736135877,0.0,0.0,0.0,HPR,2022-02-22 00:00:00+11:00,Energy,0.34560330195783223,0.41532323320539793,0.4615384615384615,0.48322139475873116,0.20577616357494466,0.3386490840180518,0.05928852980887722,0.571172751088695,0.012631572590640627,0.5903656158560441,0.1022513952129176,0.4415547178870346,0.09621495354308629,0.3681801358475486,0.06621993840287832,0.4110677219017721,0.9750035611609313,0.9750035611609315,0.9617889096721426,0.9617889096721427,0.9330354192674,0.9330354192674001,0.8161362217575966,0.8161362217575965,0.7499999611948931,0.5294117711510216,0.5135134917441015,0.4061656464112341,0.3233718018862077,0.6911429960809374,0.20269924230330272,0.015475113253982875,0.6197608778935848,0.10710210241982954,0.003626154144723892,0.5946090963484297,0.16441025077252425,0.09048454959528018,0.5592326881649368,0.027816195714073524,0.3824183807438972,0.0,0.0,0.6763732428705107,0.6568816314767444,0.4629917038852587,0.26129031187667073,0.6763732428705107,0.6568816314767445,0.4629917038852586,0.26129031187667073,0.6666665976798063,0.6666665976798063,0.6666665976798063,0.6666665976798063,0.6666665976798063,0.6666665976798063,0.7133332889609928,0.6306817763300322,0.5649838746934636,0.49484490983956225,0.4835086133444832,0.4806830103678408,0.024092639656122405,0.1428572080225725,BUY,0.0,0.0
0.17857139768572983,0.17857139768572983,0.20689652736135877,0.20689652736135877,0.0,0.0,0.0,HPR,2022-02-23 00:00:00+11:00,Energy,0.34560330195783223,0.41532323320539793,0.4615384615384615,0.48322139475873116,0.18411550982279712,0.384295002215723,0.07707508948776354,0.5360754599330335,0.015789465738300867,0.5852812131017185,0.09709192069368755,0.44644740798022997,0.09534815139375552,0.36868674198554474,0.06464327287067562,0.41181025853555686,0.19256683258247534,0.1925668325824754,0.9617889096721426,0.9617889096721427,0.9330354192674,0.9330354192674001,0.8161362217575966,0.8161362217575965,0.7272726810914424,0.5294117711510216,0.5428571276518747,0.42038262847861363,0.3445072748773775,0.6803653039891575,0.21462854137972487,0.03502503639296339,0.596280567007966,0.1125141910051124,0.003345395810127161,0.5886276880886734,0.1531421511099118,0.0940617590907965,0.5628730272941085,0.01012670379784019,0.3824183807438972,0.0,0.0,0.24499097732747013,0.6568816314767444,0.4629917038852587,0.26129031187667073,0.2449909773274702,0.6568816314767445,0.4629917038852586,0.26129031187667073,0.6666665976798063,0.6666665976798063,0.6666665976798063,0.6666665976798063,0.6666665976798063,0.6666665976798063,0.7133332889609928,0.6079545016785395,0.5610010285945544,0.49019467308748055,0.4835086133444832,0.48366524440278563,0.029817683326132216,0.16326533715360592,BUY,0.0,0.0
0.14285710484397518,0.14285710484397518,0.1724137620962749,0.1724137620962749,0.001398521796890883,0.0,0.0,HPR,2022-02-24 00:00:00+11:00,Energy,0.28049748981533484,0.3444474881280722,0.4615384615384615,0.48322139475873116,0.17328517622237272,0.3287470726789179,0.09090907953109384,0.4396469774986662,0.01684209548040161,0.521404749948812,0.09099435973938674,0.40680609492533215,0.09390348150365813,0.3324914809359435,0.06267244095542157,0.3713396926735494,0.0890323265747271,0.08903232657472711,0.972229248662769,0.9722292486627692,0.9384493509780236,0.9384493509780236,0.8196735690552813,0.8196735690552814,0.6666666149265241,0.5294117131447738,0.5135134917441015,0.4219245022904143,0.36177802068085774,0.642749328937085,0.2158294934509256,0.05850170318728476,0.5208833039965745,0.11388473730651394,0.003736279476843074,0.5330891653558115,0.140916196103414,0.09701984523397689,0.5280928961593233,0.011414302207818737,0.38358226425535585,0.1157114480887554,0.0031562142487715017,0.3029304313077996,0.5962463883177016,0.42417182129569453,0.22903224309383738,0.3029304313077996,0.5962463883177018,0.42417182129569464,0.22903224309383743,0.5555554635730751,0.6296295529775626,0.5555554635730751,0.6296295529775625,0.5555554635730751,0.5555554635730751,0.7133333386315232,0.6306817763300322,0.5293518664865723,0.45144213781909404,0.4988076776398401,0.48198845787994254,0.03542822612274177,0.1702127996857441,BUY,0.0,0.0
0.12499999168461962,0.12499999168461962,0.1551724115783053,0.1551724115783053,0.011645369911474577,0.0,0.0,HPR,2022-02-25 00:00:00+11:00,Energy,0.3116652287812047,0.3787461554053969,0.4615384615384615,0.48322139475873116,0.1624548560706498,0.31191369069723995,0.10869563920998027,0.373878508027218,0.01684209548040161,0.49031022614525,0.08677297165522768,0.3878947462547725,0.0913030772083907,0.3154037172859513,0.06070160904016797,0.3515139823816824,0.08974479577926257,0.08974479577926257,0.9499155476284834,0.9499155476284836,0.9400624672439665,0.9400624672439665,0.8045346522524518,0.8045346522524519,0.0,0.54545452492953,0.5,0.4183686653644101,0.3747589332298252,0.6009957321519585,0.19784775797392384,0.10868024215065797,0.45712536887909183,0.11388473730651394,0.003736279476843074,0.506157118975788,0.1359599431775511,0.09498546328407564,0.5113941336119312,0.012318673638706434,0.3932738214802295,0.8927833940852201,0.025635469361083005,0.3014853143425001,0.6790052863043439,0.4047619161547397,0.28035190338826255,0.30148531434250003,0.6790052863043439,0.4047619161547397,0.28035190338826255,0.5,0.5740740204176271,0.5,0.5740740204176271,0.5,0.5,0.659999954303112,0.6420453924893581,0.5114275727782175,0.43284794001368515,0.5015506151517716,0.4687446386063783,0.04092655806341916,0.3043477943973416,BUY,0.0,0.0
0.12499999168461962,0.12499999168461962,0.1551724115783053,0.1551724115783053,0.0,0.0,0.0,HPR,2022-02-28 00:00:00+11:00,Energy,0.34560330195783223,0.41532323320539793,0.4615384615384615,0.48322139475873116,0.15162453591892688,0.335264907162905,0.12252962925331046,0.3507745852835633,0.01684209548040161,0.49031022614525,0.08395871235001451,0.39046269786751664,0.08870267291312328,0.31684117772232256,0.058730777124913924,0.35238997556682505,0.08974479577926257,0.08974479577926257,0.9497331938224518,0.9497331938224519,0.9400624672439665,0.9400624672439665,0.7975139244216783,0.7975139244216782,0.0,0.6000000248352708,0.5,0.4157099006577194,0.3845188068931812,0.5696448728341621,0.179682666371886,0.15198755407517683,0.4173788287714143,0.11388473730651394,0.003736279476843074,0.506157118975788,0.13382988090211856,0.09226283971503035,0.5138144294346291,0.012318673638706434,0.3932738214802295,0.0,0.0,0.3014853143425001,0.6016880018996618,0.4047619161547397,0.32704711915257645,0.30148531434250003,0.6016880018996619,0.4047619161547397,0.3270471191525765,0.5,0.5185184878576917,0.5,0.5185184878576916,0.5,0.5,0.5666665938165554,0.6420453924893581,0.5066313053812677,0.43284794001368515,0.5285657992596362,0.4687446386063783,0.04631492336528298,0.3043477943973416,BUY,0.0,0.0
0.12499999168461962,0.12499999168461962,0.1551724115783053,0.1551724115783053,0.0,0.0,0.0,HPR,2022-03-01 00:00:00+11:00,Energy,0.34560330195783223,0.41532323320539793,0.4615384615384615,0.48322139475873116,0.14079421576720397,0.3592148725018165,0.13636361929664065,0.3283362075797589,0.015789465738300867,0.49189422183536824,0.08114445304480156,0.39304324262473844,0.08610226861785586,0.31828348898113634,0.05675994520966077,0.3532675805152239,0.08974479577926257,0.08974479577926257,0.9497331938224518,0.9497331938224519,0.939267731189213,0.9392677311892131,0.7975139244216783,0.7975139244216782,0.0,0.6000000248352708,0.5,0.4137842696237881,0.3918741487299655,0.5462412003865069,0.14611530792686678,0.2110666412325407,0.33183409485678017,0.1125141910051124,0.003345395810127161,0.5075760767315377,0.13159508737486592,0.08966209728336805,0.5162006903552822,0.012318673638706434,0.3931723642087986,0.0,0.0,0.3014853143425001,0.6016880018996618,0.3857649870315153,0.32704711915257645,0.30148531434250003,0.6016880018996619,0.3857649870315153,0.3270471191525765,0.5,0.5,0.5,0.5,0.5,0.5,0.5266665679878796,0.6420453924893581,0.4993486806947983,0.43284794001368515,0.8602567121795466,0.4687446386063783,0.051595521361109564,0.3913044112053168,BUY,0.0,0.0
0.10714287852526394,0.10714287852526394,0.1379310610603358,0.1379310610603358,4.97715427632411e-05,0.0,0.0,HPR,2022-03-02 00:00:00+11:00,Energy,0.3109274458364447,0.3779422009396326,0.4615384615384615,0.48322139475873116,0.12635379338114072,0.3502732927488261,0.11660077848109274,0.32651304570487905,0.013684206254099385,0.46387470444506385,0.07645402261676804,0.3743432585063332,0.08321293099038618,0.3012426677504052,0.05459203046997718,0.33345655980530786,0.08418241576592721,0.08418241576592722,0.17521786281441804,0.17521786281441804,0.9407059167552946,0.9407059167552947,0.7898510222976302,0.7898510222976303,0.0,0.5806452155609483,0.473684251803776,0.40760449280630245,0.3963060661726182,0.5177870679896439,0.09648764183009029,0.22659000412758934,0.24286410378815915,0.11009792937510121,0.002200588905451162,0.4832547765467014,0.1261761786673461,0.0872992188375028,0.4996394377466471,0.012365678390831575,0.3932137852850312,0.003801193127442826,0.00010958099167887388,0.27739864436189193,0.16353138629960115,0.3667680579082909,0.262756626214838,0.277398644361892,0.16353138629960112,0.36676805790829087,0.262756626214838,0.44444453642692494,0.4814815121423084,0.44444453642692494,0.4814815121423083,0.44444453642692494,0.44444453642692494,0.5333332472377472,0.6420453924893581,0.4717162349737154,0.4159596679585459,0.8384744618024834,0.4685346114612461,0.05677050739701961,0.4444443340654771,BUY,0.0,0.0
0.10714287852526394,0.10714287852526394,0.1379310610603358,0.1379310610603358,0.0,0.0,0.0,HPR,2022-03-03 00:00:00+11:00,Energy,0.34560330195783223,0.41532323320539793,0.4615384615384615,0.48322139475873116,0.11913358891245995,0.3667917426093539,0.10671935807331889,0.34279333019462155,0.011578946769898013,0.46699798057548636,0.07035646340978907,0.3799010388874987,0.08032359336291672,0.3028219134355197,0.05242411573029404,0.3344046841617351,0.057605542350188,0.057605542350188,0.0751459110257169,0.07514591102571691,0.9407059167552946,0.9407059167552947,0.7816447759170996,0.7816447759170995,0.0,0.6428571808703132,0.473684251803776,0.4030126033704821,0.3987724255071123,0.4986559932282975,0.08623174094980379,0.219444501045005,0.28660130688244184,0.10760078751954849,0.001146175851307163,0.4859747749738017,0.11574168043882671,0.08817249793743509,0.502771856251706,0.011044900155823517,0.3932137852850312,0.0,0.0,0.3235221442868456,0.26275265710837375,0.3667680579082909,0.2218020480976932,0.32352214428684556,0.2627526571083737,0.36676805790829087,0.22180204809769324,0.3750000873114974,0.43981487457947416,0.44444453642692494,0.4629630242846165,0.37500008731149737,0.44444453642692494,0.49333327107960173,0.6420453924893581,0.4544432244616061,0.41769157417704855,0.8705384227043078,0.4685346114612461,0.06184199371221144,0.4444443340654771,BUY,0.0,0.0
0.08928569884286497,0.08928569884286497,0.12068964631322143,0.12068964631322143,0.0003588235459448723,0.0,0.0,HPR,2022-03-04 00:00:00+11:00,Energy,0.3101567405471255,0.3771019652920789,0.4615384615384615,0.48322139475873116,0.11191337099507759,0.3410150384955535,0.09683793766554494,0.3246115068726765,0.010526313106439256,0.4372624428277213,0.06378986011161336,0.36266617985791727,0.0771453213268829,0.2858429344581598,0.05005911743198954,0.31461876377589226,0.05887226346339473,0.05887226346339474,0.0764037939015025,0.07640379390150251,0.9371851137668769,0.9371851137668769,0.782489400815661,0.7824894008156611,0.0,0.5925925772621793,0.4615384762338879,0.3948666136245172,0.39883106239647276,0.47522126600694203,0.08137289368225609,0.2067724662273519,0.25146615945733797,0.10690603523048825,0.0,0.46009746034525717,0.10481404576495512,0.08875274922591181,0.48516927806883997,0.0003857707656764443,0.38167046229917,0.8781885927199773,0.0008138466784393087,0.3224302403502507,0.2602777451582348,0.384920606623798,0.2051168089207881,0.32243024035025064,0.2602777451582349,0.384920606623798,0.2051168089207881,0.3124999563442513,0.37731486002755793,0.3888888658932688,0.4259259795823729,0.3124999563442513,0.38888886589326876,0.426666627592516,0.653409050981525,0.4182926645441484,0.4012202322239137,0.462113527823116,0.4681554127105417,0.06681205030109938,0.25,BUY,0.0,0.0
0.08928569884286497,0.08928569884286497,0.12068964631322143,0.12068964631322143,0.0008441253652645691,0.0,0.0,HPR,2022-03-07 00:00:00+11:00,Energy,0.34560330195783223,0.41532323320539793,0.4615384615384615,0.48322139475873116,0.104693153077695,0.3577458290398854,0.08695651725777098,0.341224318735573,0.011578942848539886,0.43573040677663333,0.05863038559238354,0.367364383351683,0.07396704929084885,0.28755531683482194,0.04690578710177551,0.3159735662123164,0.05887226346339473,0.05887226346339474,0.0764037939015025,0.07640379390150251,0.9313513445863493,0.9313513445863494,0.7765993999823638,0.7765993999823637,0.0,0.5925925772621793,0.4864864592747242,0.3888794049903927,0.3974708727844581,0.4614116127799434,0.07117327534930984,0.1995693303498527,0.2941175472233103,0.10721094168518797,0.0015818705659088605,0.45864556703167336,0.09828378062004806,0.08681629732889762,0.4887059882209555,0.001182971361718821,0.3697743292051628,0.6738337851734131,0.0019759894971095072,0.3224302403502507,0.2602777451582348,0.4255260000593264,0.24516128349378663,0.32243024035025064,0.2602777451582349,0.42552600005932645,0.2451612834937866,0.0,0.22916668121858294,0.3888888658932688,0.4074074227378208,0.0,0.38888886589326876,0.426666627592516,0.6306818186628732,0.39794518566110115,0.4026305293200848,0.462113527823116,0.4841652012976565,0.07168270575820967,0.25,BUY,0.0,0.0
0.08928569884286497,0.08928569884286497,0.12068964631322143,0.12068964631322143,0.0,0.0,0.0,HPR,2022-03-08 00:00:00+11:00,Energy,0.34560330195783223,0.41532323320539793,0.4615384615384615,0.48322139475873116,0.09747293516031252,0.3747780753152281,0.07707509684999714,0.3582014465719019,0.015789469659658995,0.42963618335238773,0.05347091107315349,0.3721058701270451,0.07078877725481503,0.2892748327869997,0.043752456771561477,0.3173323813917093,0.05887226346339473,0.05887226346339474,0.0764037939015025,0.07640379390150251,0.9166224265398077,0.9166224265398079,0.7765993999823638,0.7765993999823637,0.0,0.0,0.514285689957288,0.38465177937704514,0.39538915486748366,0.45438886850832105,0.055168549265289024,0.19831056977670136,0.32182574982985457,0.10581639392457476,0.010831035760259122,0.4521971997306549,0.09133205729634364,0.08537031796323025,0.4921433445095718,0.001182971361718821,0.3508835895251264,0.0,0.0,0.3224302403502507,0.2602777451582348,0.49404764827996683,0.24516128349378663,0.32243024035025064,0.2602777451582349,0.4940476482799669,0.2451612834937866,0.0,0.10416665211475047,0.3888888658932688,0.3888888658932688,0.0,0.38888886589326876,0.21333333863152323,0.5738636108677208,0.4042721211487411,0.4002762815383661,0.0,0.5010545396190258,0.07645594810617762,0.25,BUY,0.0,0.0
0.10714287852526394,0.10714287852526394,0.1379310610603358,0.1379310610603358,2.2485026377746567e-05,0.0,0.0,HPR,2022-03-09 00:00:00+11:00,Energy,0.38185546867393194,0.453544501118717,0.4615384615384615,0.48322139475873116,0.09747293516031252,0.4181329656228314,0.06916996494111793,0.4079432741368687,0.021052630134236527,0.45305156648410205,0.048780480645120194,0.40005496302940335,0.06789943962734557,0.30968095212434266,0.041584542031878335,0.3391742951995297,0.0777074062924807,0.0777074062924807,0.09903042474724329,0.09903042474724331,0.9168746027482567,0.9168746027482569,0.778190206469998,0.7781902064699979,0.3333337472541527,0.1428573709360427,0.5757576168076068,0.3867014233640649,0.39420548284860063,0.46312968524845877,0.029495910080441057,0.21048115812694956,0.4659795467546963,0.10442770476251173,0.02199630237023642,0.47290674232703755,0.08381093449069943,0.08545389404597836,0.5172440328403163,0.0011572016976125678,0.21113053515933033,0.018348623853211007,9.20015760970711e-05,0.37374541401431466,0.28502687019148376,0.5163691228881758,0.262756626214838,0.37374541401431466,0.2850268701914838,0.5163691228881758,0.262756626214838,0.09090927563423067,0.03030309187807694,0.44444453642692494,0.40740742273782077,0.09090927563423068,0.44444453642692494,0.16000005364417283,0.5056817869132425,0.444444493553755,0.4157420500051777,0.0008707845821933802,0.5280424826526523,0.08113372560718624,0.22222216703273845,BUY,0.0,0.0
0.10714287852526394,0.10714287852526394,0.1379310610603358,0.1379310610603358,0.0,0.0,0.0,HPR,2022-03-10 00:00:00+11:00,Energy,0.34560330195783223,0.41532323320539793,0.4615384615384615,0.48322139475873116,0.09747293516031252,0.4181329656228314,0.06521740266779508,0.41512118778270124,0.02631579060881417,0.44542236269791136,0.044090050217086674,0.4045398618317456,0.06501010199987589,0.31129214664834925,0.039416627292195194,0.3401340566637606,0.0777074062924807,0.0777074062924807,0.07081065495022458,0.0708106549502246,0.9168746027482567,0.9168746027482569,0.778190206469998,0.7781902064699979,0.3333337472541527,0.166666977107474,0.5757576168076068,0.38879529745818153,0.39375064239973706,0.470223513305027,0.018593738473922428,0.21458590967452795,0.5000002404600539,0.10226816248902781,0.034023094531971165,0.4647298153744572,0.07586847519570572,0.08602780104381225,0.5204040951541177,0.0011572016976125678,0.18146281113441415,0.0,0.0,0.37374541401431466,0.3324187269762486,0.5163691228881758,0.262756626214838,0.37374541401431466,0.3324187269762485,0.5163691228881758,0.262756626214838,0.20000044703492909,0.09696990755638664,0.44444453642692494,0.4259259795823729,0.20000044703492903,0.44444453642692494,0.06666674282814661,0.4715908537695828,0.4500000558793881,0.4096317052032974,0.0016307749029712683,0.8588117773204461,0.08571794755817475,0.22222216703273845,BUY,0.0,0.0
0.10714287852526394,0.10714287852526394,0.1379310610603358,0.1379310610603358,0.0,0.0,0.0,HPR,2022-03-11 00:00:00+11:00,Energy,0.34560330195783223,0.41532323320539793,0.4615384615384615,0.48322139475873116,0.10108305084335456,0.409384220786031,0.0632411215311337,0.418734124231402,0.034736844231052055,0.43338794024027016,0.03939961978905315,0.4090628004802407,0.062120764372406434,0.31290947788610646,0.03724871255251205,0.34109577846149086,0.04969680553920791,0.04969680553920791,0.061489483447322024,0.06148948344732204,0.8979184192554741,0.8979184192554742,0.778190206469998,0.7781902064699979,0.5,0.166666977107474,0.5757576168076068,0.39089996295707063,0.39388140337643385,0.4759232606725786,0.014160065277036393,0.21559646458452042,0.5238097410203707,0.09105370749681585,0.06193782651450397,0.44782845491476064,0.06747211861121527,0.0871299316323858,0.5235853092557562,0.0008183250846444986,0.17397719423765587,0.0,0.0,0.40056930495402976,0.3576599942781154,0.5978121409739107,0.262756626214838,0.4005693049540297,0.3576599942781154,0.5978121409739106,0.262756626214838,0.20000044703492909,0.16363672323469633,0.44444453642692494,0.44444453642692494,0.20000044703492903,0.44444453642692494,0.06666674282814661,0.46590906685634037,0.4590164512592477,0.40271678790620935,0.0016307749029712683,0.8370556638761937,0.0902104850701434,0.22222216703273845,BUY,0.0,0.0
0.10714287852526394,0.10714287852526394,0.12068964631322143,0.12068964631322143,0.007026570743045802,0.0,0.0,HPR,2022-03-14 00:00:00+11:00,Energy,0.3101567405471255,0.3771019652920789,0.42307685143673673,0.43400429611774294,0.10108305084335456,0.36622374741662744,0.05928855189557747,0.3897173550050024,0.04000000078427168,0.3956161328453899,0.03424014526982333,0.39017023961790553,0.05894249233637261,0.29574753853426006,0.034095382222298465,0.3215189031401118,0.0777074062924807,0.0777074062924807,0.07173069183125058,0.07173069183125058,0.8962047916779198,0.8962047916779199,0.779154578741405,0.7791545787414051,0.3333333333333333,0.1428573709360427,0.6129032025476177,0.3881385976233529,0.39333704283365584,0.4693522006726449,0.00854467895726485,0.2142875849691197,0.3177971595459062,0.0830532487814426,0.08049257214058148,0.39520852596889455,0.05864616975357806,0.08786508479228983,0.5030722917928283,0.00665708949450426,0.04129661808120617,0.9968102073365233,0.1442477699777571,0.37374541401431466,0.3312967966138514,0.5192307559314557,0.24516128349378663,0.37374541401431466,0.3312967966138514,0.5192307559314557,0.2451612834937866,0.0,0.13333363135661944,0.3124999563442513,0.4004630097327004,0.0,0.3124999563442513,0.08000010132788202,0.44318183453768856,0.42617444731155985,0.3745662563050747,0.0010856870049499889,0.8395418358660957,0.09461317183187279,0.25,BUY,0.0,0.0
0.08928569884286497,0.08928569884286497,0.12068964631322143,0.12068964631322143,0.0,0.0,0.0,HPR,2022-03-15 00:00:00+11:00,Energy,0.34560330195783223,0.41532323320539793,0.4615384615384615,0.48322139475873116,0.10108305084335456,0.36622374741662744,0.05533598226002123,0.39689401861259,0.0452631573374912,0.3884428989404095,0.029080670750593507,0.39512466376442623,0.05576422030033856,0.2975013878690299,0.030942051892083988,0.3228942048050557,0.0777074062924807,0.0777074062924807,0.07173069183125058,0.07173069183125058,0.8962047916779198,0.8962047916779199,0.779154578741405,0.7791545787414051,0.5,0.1428573709360427,0.5862068699741504,0.38644678436635815,0.392503948587356,0.4665419118059518,0.0,0.2159782732446508,0.33333333333200227,0.0727324572102026,0.10164058231251583,0.3706442518527796,0.049229975899976575,0.08928713637260488,0.5061368952632593,0.00665708949450426,0.04129661808120617,0.0,0.0,0.37374541401431466,0.3312967966138514,0.5192307559314557,0.24516128349378663,0.37374541401431466,0.3312967966138514,0.5192307559314557,0.2451612834937866,0.0,0.06666681567830973,0.3124999563442513,0.35648148303847577,0.0,0.3124999563442513,0.08000010132788202,0.37500001058321025,0.3956309204804426,0.3581859806086242,0.0010856870049499889,0.4041532530885894,0.09892780485836761,0.25,BUY,0.0,0.0
0.10714287852526394,0.10714287852526394,0.1379310610603358,0.1379310610603358,0.003513285371522901,0.0,0.0,HPR,2022-03-16 00:00:00+11:00,Energy,0.38185546867393194,0.453544501118717,0.4615384615384615,0.48322139475873116,0.10108305084335456,0.409384220786031,0.05533598226002123,0.4333482763767109,0.034736844231052055,0.43338794024027016,0.024390240322559986,0.42379754881527976,0.0511412794505699,0.3191119272100159,0.027985805120491758,0.345227177150666,0.0777074062924807,0.0777074062924807,0.07798907680277073,0.07798907680277074,0.19857803124190296,0.19857803124190299,0.780740345799816,0.7807403457998159,0.6666666666666666,0.3333337472541527,0.6,0.3904627200287046,0.3927812885633641,0.4773499362730746,0.0,0.2159782732446508,0.6666666666552736,0.03664736756925946,0.12274377168190842,0.4192943258822679,0.03914644379232746,0.09235271978117432,0.5347164959048911,0.009953836909436442,0.028632294580456644,0.33333333333333337,0.10296941861324203,0.37374541401431466,0.38402309373201393,0.24242428460597898,0.262756626214838,0.37374541401431466,0.38402309373201393,0.24242428460597895,0.262756626214838,0.500000931322422,0.16666697710747402,0.09090927563423067,0.23863639610757773,0.500000931322422,0.09090927563423068,0.06666679249867702,0.3863636690753771,0.5146199954072246,0.3743644271990219,0.15532958090058258,0.43993932523732915,0.10315614522433236,0.22222216703273845,BUY,0.0,0.0
0.10714287852526394,0.10714287852526394,0.1379310610603358,0.1379310610603358,0.0,0.0,0.0,HPR,2022-03-17 00:00:00+11:00,Energy,0.34560330195783223,0.41532323320539793,0.4615384615384615,0.48322139475873116,0.10108305084335456,0.409384220786031,0.05533598226002123,0.4333482763767109,0.029473687677832316,0.440884817684695,0.019699809894526465,0.4284856602756556,0.04709620634156786,0.3214198954805203,0.02502955834889864,0.3465533421882391,0.0777074062924807,0.0777074062924807,0.07798907680277073,0.07798907680277074,0.11083568431559634,0.11083568431559637,0.780740345799816,0.7807403457998159,0.6666666666666666,0.400000298022842,0.1428573709360427,0.39405427225403605,0.39384723836024593,0.4850255950989541,0.0,0.2159782732446508,0.6666666666552736,0.024962189519305844,0.1261902073764588,0.42898963331919293,0.02837262396140816,0.09622162647072985,0.5382292858595592,0.009953836909436442,0.02860305617370421,0.0,0.0,0.37374541401431466,0.38402309373201393,0.3154762206171857,0.262756626214838,0.37374541401431466,0.38402309373201393,0.31547622061718567,0.262756626214838,0.500000931322422,0.33333395421494805,0.09090927563423067,0.16477283587090416,0.500000931322422,0.09090927563423068,0.053333483669472014,0.20454551419627587,0.5256411156503884,0.37828705007260455,0.32561142081111644,0.09741040157051387,0.10729991878297795,0.22222216703273845,BUY,0.0,0.0
0.0,0.0,0.0,0.01724135051796949,0.028691830534103693,0.0,0.0,HPR,2022-03-18 00:00:00+11:00,Energy,0.09747776822827642,0.12776291982362836,0.42307685143673673,0.4264324337034609,0.0758122814081652,0.16041262621167562,0.043478273353352415,0.19710180629935614,0.017894740907934303,0.24024792655129834,0.01172607607008369,0.2656683526459922,0.042184331083234605,0.19011792021147478,0.0206937288695328,0.20071615096771656,0.34917887131132974,0.3491788713113298,0.3358067420999706,0.3358067420999707,0.31841949813212844,0.3184194981321285,0.8370918643084843,0.8370918643084844,0.11111124908471766,0.16666687362707636,0.12500017462287275,0.3633189492575902,0.38747665779127405,0.41264471874447917,0.04497121673749971,0.14875122771715776,0.01377300488839095,0.0346845582235773,0.0941751368735303,0.0985612755098384,0.020834508861563794,0.09025657488359384,0.35248829416767713,0.037050694016870174,0.043586472636701006,0.7313432835820897,0.5587477689786631,0.19015108410176942,0.21865425155302004,0.20432459150099958,0.13958942381035871,0.19015108410176937,0.2186542515530201,0.2043245915009996,0.13958942381035877,0.11111092714615019,0.3703709299303315,0.055555463573075094,0.07912467161384544,0.11111092714615012,0.05555546357307506,0.16000015298523365,0.2386364473399355,0.06622542403425169,0.13098371855827629,0.10077002655581269,0.05845602641806181,0.3103448231566107,0.44736845975024675,BUY,0.0,0.0
0.05357140600111021,0.10714287852526394,0.08620688104813745,0.1379310610603358,0.014638689048012089,0.0,0.0,HPR,2022-03-21 00:00:00+11:00,Energy,0.6394361919722019,0.7028835465871676,0.5769231485632632,0.6414190237942137,0.07942239709120724,0.4630860933997243,0.04545456185224739,0.4519896168895241,0.013684218018173544,0.4638746870311098,0.00891181851219236,0.43942349799787406,0.038139257974232565,0.32657489642461957,0.017737482097939683,0.3498404888411146,0.5893816209340805,0.5893816209340806,0.5443094170980537,0.5443094170980537,0.514667950882269,0.5146679508822691,0.9067060750377852,0.9067060750377851,0.5,0.47368427244245753,0.4090910245440628,0.37394651430537107,0.3848778576697682,0.4493560290966594,0.04767615449505469,0.14951089465690626,0.5813250450216554,0.025409195229207482,0.09685094951913598,0.4817449610516182,0.01603510474853509,0.09064040475425594,0.550270476518631,0.04423965610659749,0.055769142116882095,0.3125,0.2238763560762928,0.40056930495402976,0.41158461876574987,0.3318756718193716,0.32485772377520106,0.4005693049540297,0.41158461876574975,0.3318756718193716,0.32485772377520117,1.0,0.5370372861561908,0.6666668736272692,0.27104387094485827,1.0,0.6666668736272692,0.25333351347179023,0.23863648967277645,0.49275363482748474,0.36640022653492293,0.3613123053887645,0.284377357435279,0.3041379266934785,0.22222216703273845,BUY,0.0,0.0
0.10714287852526394,0.10714287852526394,0.1379310610603358,0.1379310610603358,0.0,0.0,0.0,HPR,2022-03-22 00:00:00+11:00,Energy,0.34560330195783223,0.41532323320539793,0.4615384615384615,0.48322139475873116,0.08303251277424928,0.453930481904564,0.04743085035114214,0.44822752391410003,0.009473695128412563,0.47013517262187643,0.006097560954301029,0.4423130273839485,0.03409418486523008,0.32892328769217827,0.014781235326347009,0.3511796181495327,0.5893816209340805,0.5893816209340806,0.5443094170980537,0.5443094170980537,0.514667950882269,0.5146679508822691,0.9067060750377852,0.9067060750377851,0.5,0.5,0.4090910245440628,0.3829063369121483,0.38490453315843476,0.4749101808532579,0.05019310935562882,0.15046305430107432,0.5724207075838867,0.014929634961904914,0.10087260445896995,0.4940876805603449,0.011034230371648968,0.09125869591971902,0.5532400703865477,0.04423965610659749,0.055769142116882095,0.0,0.0,0.40056930495402976,0.41158461876574987,0.3318756718193716,0.32485772377520106,0.4005693049540297,0.41158461876574975,0.3318756718193716,0.32485772377520117,1.0,0.7037036423820502,0.6666668736272692,0.46296307027587114,1.0,0.6666668736272692,0.24000020464258523,0.23863648967277645,0.5688405872413139,0.4209016488268927,0.3616766956158785,0.284377357435279,0.29805516815960886,0.22222216703273845,BUY,0.0,0.0
0.10714287852526394,0.10714287852526394,0.1379310610603358,0.1379310610603358,0.0,0.0,0.0,HPR,2022-03-23 00:00:00+11:00,Energy,0.34560330195783223,0.41532323320539793,0.4615384615384615,0.48322139475873116,0.08303251277424928,0.453930481904564,0.04743085035114214,0.44822752391410003,0.005263172238651803,0.47645174314601213,0.0037523457402841576,0.44473257621416484,0.030049111756228042,0.33128447175137166,0.012416237762234772,0.35225363891873496,0.5886067349754402,0.5886067349754402,0.542707341308358,0.542707341308358,0.514667950882269,0.5146679508822691,0.9058466372450892,0.9058466372450891,0.533333383003844,0.5,0.4090910245440628,0.3904574174627925,0.38670051002416095,0.49213105912665006,0.05019310935562882,0.15046305430107432,0.5724207075838867,0.0028263086872226673,0.10670902265876425,0.5098939358930078,0.007241918272182346,0.091337433877689,0.555863879624832,0.04092167360364642,0.055769142116882095,0.0,0.0,0.37374541401431466,0.38402309373201393,0.3318756718193716,0.3419354934474052,0.37374541401431466,0.38402309373201393,0.3318756718193716,0.3419354934474052,1.0,1.0,0.6666668736272692,0.6666668736272692,1.0,0.6666668736272692,0.24000020464258523,0.23863648967277645,0.5688405872413139,0.4326748392402827,0.3616766956158785,0.284377357435279,0.29209406479641664,0.28888880058571487,BUY,0.0,0.0
0.12499999168461962,0.12499999168461962,0.1551724115783053,0.1551724115783053,0.00012671249239959263,0.0,0.0,HPR,2022-03-24 00:00:00+11:00,Energy,0.38104973132007536,0.45270426547116344,0.4615384615384615,0.48322139475873116,0.08664261500858961,0.48880714601762665,0.049407131487803624,0.4811840159483902,0.004210542496551062,0.5095525709209735,0.0018761728701419678,0.4713123796414801,0.026292971979427593,0.3528542284729953,0.009657073815071193,0.3747336057669106,0.5893188731451852,0.5893188731451853,0.5442252192970682,0.5442252192970684,0.5101153351350977,0.5101153351350977,0.9069183223177778,0.9069183223177779,0.5624999854480905,0.5555555325599497,0.4347826650327226,0.4016692133027034,0.3907722603416658,0.5142815068112783,0.05424846887433754,0.14983988901110012,0.6404877569543794,0.0,0.10794513702071318,0.589144006142678,0.0036733972947692317,0.09202264740555977,0.5877963513263695,0.04104134217258618,0.05471071179244396,0.002915797586517266,0.001974704161126318,0.3999731195984023,0.4109720388219676,0.3857649870315153,0.3612902979448872,0.3999731195984022,0.4109720388219674,0.3857649870315153,0.3612902979448872,1.0,1.0,0.900000149011643,0.7444446320887272,1.0,0.900000149011643,0.24000015497205482,0.2500001058321024,0.6225164201936375,0.511857161915042,0.3659424374484621,0.28585113126644757,0.2862521835004883,0.26086952648563977,BUY,0.0,0.0
0.12499999168461962,0.12499999168461962,0.1551724115783053,0.1551724115783053,0.0,0.0,0.0,HPR,2022-03-25 00:00:00+11:00,Energy,0.34560330195783223,0.41532323320539793,0.4615384615384615,0.48322139475873116,0.11552348667811962,0.41755989843980323,0.051383412624465,0.4773730200488582,0.004210542496551062,0.5095525709209735,0.0,0.473305839368778,0.022536832202627366,0.3551187372382755,0.006897909867908059,0.37602099385364673,0.3934800083722608,0.3934800083722609,0.5442252192970682,0.5442252192970684,0.5079161178042623,0.5079161178042623,0.9069183223177778,0.9069183223177779,0.5333332671059694,0.5555555325599497,0.4761905268746761,0.41077083839337414,0.39616870225433887,0.527174930738913,0.05807026379585234,0.14945589165444673,0.6291887916047293,0.0,0.10794513702071318,0.589144006142678,0.0,0.09282991089102954,0.5904497604593475,0.013944485065152458,0.0450191545675703,0.0,0.0,0.6222188949655796,0.4109720388219676,0.4047619161547397,0.3612902979448872,0.6222188949655797,0.4109720388219674,0.4047619161547397,0.3612902979448872,1.0,1.0,1.0,0.8555556742129709,1.0,1.0,0.24000015497205482,0.2272728311806096,0.6069181252722882,0.5181898672051183,0.3659424374484621,0.2926475716026228,0.2805271398304785,0.26086952648563977,BUY,0.0,0.0
0.1964285773681289,0.1964285773681289,0.22413794210847326,0.22413794210847326,0.00345121732995933,0.0,0.0,HPR,2022-03-28 00:00:00+11:00,Energy,0.4843069847990819,0.557136313259043,0.4615384615384615,0.48322139475873116,0.1335740247472249,0.5414698434994103,0.0632411215311337,0.5993812113652164,0.008421069307669948,0.6285700174323013,0.0,0.5720254322809447,0.019936427907359944,0.43448992880109505,0.004927078686846276,0.46203039746686503,0.18410911200909333,0.18410911200909336,0.566671743482216,0.5666717434822162,0.5379498352560244,0.5379498352560244,0.9232053447406242,0.9232053447406243,0.631578885452255,0.6363635901823749,0.5833333074632742,0.437517440820408,0.40677177684245747,0.5778518751423162,0.08948035104874641,0.13846920599489487,0.8065177798357291,0.016136103936064128,0.0976015884387571,0.8035738160752146,0.0,0.09282991089102954,0.7118781809462279,0.003378922781588603,0.047891340724217794,0.9645849698874053,0.06128916041106581,0.5048841373467187,0.5493919359110077,0.4824016813338676,0.438709660139591,0.5048841373467186,0.5493919359110078,0.4824016813338677,0.43870966013959106,1.0,1.0,1.0,0.9666667163372143,1.0,1.0,0.2933334896299356,0.2613637643242692,0.7914437361724791,0.7446630389506224,0.41184887718080404,0.40875705616291647,0.27491659703386895,0.15999994933605266,BUY,0.0,0.0
0.23214287020988356,0.23214287020988356,0.25862070737355725,0.25862070737355725,0.003513285371522901,0.0,0.0,HPR,2022-03-29 00:00:00+11:00,Energy,0.4094069952380688,0.4820287112282074,0.4615384615384615,0.48322139475873116,0.15884478073371278,0.5612581934570888,0.07905140007335876,0.6387520135329703,0.014736859524348334,0.6804628543234309,0.0009380864350709839,0.6202575005052772,0.017913891352858702,0.4747769595497501,0.004138745920744924,0.5049915710953777,0.17636844446009198,0.176368444460092,0.5673917585377345,0.5673917585377345,0.5423767506378795,0.5423767506378795,0.926259213561265,0.9262592135612648,1.0,0.6521738355800065,0.6153845823199235,0.4680826674840757,0.4224376012954971,0.6271283863590391,0.12842631629914736,0.12682483467911354,0.8029826464725844,0.04009772605589679,0.08235732765172732,0.8193655510783961,0.0031639754835181,0.09088165891699673,0.7677163175729629,0.006696905284539673,0.05081518139946126,0.4954419342053112,0.058869395351385724,0.5573396462208767,0.6045148833040057,0.5212215639234316,0.4774193412369429,0.5573396462208768,0.6045148833040057,0.5212215639234317,0.47741934123694296,1.0,1.0,1.0,1.0,1.0,1.0,0.3066667984591406,0.284091038975762,0.7621269095121705,0.762354034191673,0.45350631236269506,0.45055643733112777,0.26941826509319156,0.1153845602767718,BUY,0.0,0.0
0.23214287020988356,0.23214287020988356,0.25862070737355725,0.25862070737355725,0.0,0.0,0.0,HPR,2022-03-30 00:00:00+11:00,Energy,0.34560330195783223,0.41532323320539793,0.4615384615384615,0.48322139475873116,0.18411553672020053,0.5016702331828589,0.09288539011668906,0.610905261442221,0.02210527948312735,0.6679837336173277,0.0018761728701419678,0.6191317524814465,0.015024553725389245,0.47676741829761415,0.002562081122733595,0.5058271030873825,0.17636844446009198,0.176368444460092,0.5689788814040997,0.5689788814040998,0.5388527782979815,0.5388527782979816,0.926259213561265,0.9262592135612648,1.0,0.6521738355800065,0.6153845823199235,0.4915903884716349,0.44049498792499986,0.6504058232378617,0.15734226721403044,0.12192160539727415,0.737527063757333,0.06059407468787015,0.07290858891246899,0.7583263873055197,0.006266618877819985,0.08900478224557762,0.7631057716108157,0.006696905284539673,0.05077376032322864,0.0,0.0,0.5573396462208767,0.5726660105401312,0.5436507872133793,0.4774193412369429,0.5573396462208768,0.5726660105401313,0.5436507872133793,0.47741934123694296,1.0,1.0,1.0,1.0,1.0,1.0,0.3066667984591406,0.284091038975762,0.6825842912675854,0.669750286276536,0.45350631236269506,0.45055643733112777,0.2640298997913276,0.1153845602767718,BUY,0.0,0.0
0.23214287020988356,0.23214287020988356,0.25862070737355725,0.25862070737355725,0.0,0.0,0.0,HPR,2022-03-31 00:00:00+11:00,Energy,0.34560330195783223,0.41532323320539793,0.4615384615384615,0.48322139475873116,0.20577619047234796,0.4532296675652554,0.10671938016001914,0.583886225874992,0.029473699441906476,0.6556953418074857,0.0037523457402841576,0.6168861762315171,0.012135216097919566,0.47876571658205924,0.00098541632472271,0.5066638978080001,0.18838649757429526,0.1883864975742953,0.5689788814040997,0.5689788814040998,0.5388527782979815,0.5388527782979816,0.9220945976388751,0.922094597638875,1.0,0.6521738355800065,0.6399999105930808,0.5093008304139508,0.45910316195942313,0.6557667204697498,0.18031600212636412,0.12310314896949859,0.6930810439483432,0.07800371968597297,0.06690963069803724,0.7182178473020975,0.011470473563529482,0.08641644688058014,0.7556836144382818,0.006577236715599904,0.05077376032322864,0.0,0.0,0.5276909350065065,0.5726660105401312,0.5436507872133793,0.5193548295931186,0.5276909350065067,0.5726660105401313,0.5436507872133793,0.5193548295931186,1.0,1.0,1.0,1.0,1.0,1.0,0.3066667984591406,0.2727274228164361,0.6370412861526928,0.6113446057097239,0.45350631236269506,0.4509472840864002,0.25874930179550115,0.1153845602767718,BUY,0.0,0.0
0.28571427621099377,0.28571427621099377,0.3103448231566107,0.3103448231566107,0.0005275783532903556,0.0,0.0,HPR,2022-04-01 00:00:00+11:00,Energy,0.4376278019097898,0.5107185511310484,0.4615384615384615,0.48322139475873116,0.2382671643762183,0.4953741894648285,0.14031621838113073,0.6212217077935727,0.04105264621180438,0.727729170683216,0.007035647389372013,0.6865297646103351,0.009823745134854178,0.5391203124855098,7.341918184522456e-10,0.5711540824404776,0.18410156876672482,0.18410156876672484,0.3897577400048266,0.3897577400048266,0.54341703110394,0.5434170311039401,0.9283002119213154,0.9283002119213153,1.0,0.7199999463558325,0.6785713145319787,0.5368188826118069,0.4804569264824731,0.6824899685304064,0.1867367805045126,0.1765296729730783,0.787037006146588,0.10621835160425919,0.056525319387327966,0.7651030146380347,0.02226717568043235,0.07992016928818146,0.8221833793673909,0.00707548708812639,0.05091420213699616,0.07041813208284486,0.00882335253105795,0.6046636477116308,0.9265488994515577,0.6279762048909056,0.579838669129937,0.6046636477116308,0.9265488994515577,0.6279762048909056,0.5798386691299371,1.0,1.0,1.0,1.0,1.0,1.0,0.3333334161175506,0.30681831362725476,0.6545960813265831,0.6313218582495406,0.5223448031423955,0.45704930548358236,0.0,0.05454542991543598,BUY,0.0,0.0
0.30357145589339274,0.30357145589339274,0.3275862379037251,0.3275862379037251,0.011710951238409671,0.0,0.0,HPR,2022-04-04 00:00:00+10:00,Energy,0.3746050353307121,0.4459686542335119,0.4615384615384615,0.48322139475873116,0.25992781812836563,0.4858443743081311,0.1620553476955735,0.6134275508412748,0.05368422664516115,0.7363514463775126,0.01078799312965617,0.7062660288147834,0.008668010729683706,0.5595696954446819,7.341918184522456e-10,0.5924763171885153,0.12402440862067954,0.12402440862067955,0.18562511475364235,0.18562511475364235,0.5427618627509412,0.5427618627509413,0.9286064448143875,0.9286064448143874,1.0,0.7307691977045342,0.7142856572659894,0.5620063983513683,0.5034594464204254,0.6985375546967696,0.21789222190046742,0.1834511906144476,0.7583169714335112,0.13401999479323334,0.04852522419515415,0.7443312854683309,0.03458772051978931,0.07251743366917018,0.8283055047663077,0.014876063952564352,0.05995783626823588,0.7434667856213524,0.16679013926150904,0.5153752914919577,0.6804619916855738,0.6482684541911204,0.5999999990466462,0.5153752914919577,0.6804619916855739,0.6482684541911203,0.5999999990466462,1.0,1.0,1.0,1.0,1.0,1.0,0.346666774617286,0.30681831362725476,0.637135937334203,0.6030364311163761,0.6289513206501058,0.5687991783559286,0.0062068964631322165,0.035714223942892476,HOLD,0.0,0.5
0.3214285690527484,0.3214285690527484,0.31896553053016785,0.3275862379037251,0.03773572973747795,0.0,0.0,HPR,2022-04-05 00:00:00+10:00,Energy,0.34560330195783223,0.41532323320539793,0.42307699471710936,0.44436593379292755,0.2743682539631306,0.456048390726175,0.18379447701001617,0.5741614855567971,0.06631580707851781,0.715198235179432,0.015478425305011534,0.7003352289037633,0.007512276324513456,0.5604369712365397,7.341918184522456e-10,0.5924763171885153,0.12242344376592648,0.12242344376592648,0.18562511475364235,0.18562511475364235,0.5427618627509412,0.5427618627509413,0.9236925819621252,0.9236925819621251,1.0,0.7199999463558325,0.7142856572659894,0.5802304571520362,0.5261444360789245,0.6954469843951359,0.2373564603346049,0.20234438925544684,0.710987393320428,0.15731263155274056,0.04556451224535074,0.7080484324317111,0.04720036933576344,0.06650859046566437,0.8096609445838481,0.047196089116143654,0.09136241911560253,0.7551033320757106,0.35466325675382876,0.464533796492476,0.6804619916855738,0.6482684541911204,0.6490883644816228,0.464533796492476,0.6804619916855739,0.6482684541911203,0.6490883644816228,0.9500000838190336,0.9833333612730114,0.9500000838190336,0.9833333612730111,0.9500000838190336,0.9500000838190336,0.3533334041966233,0.3238637590326641,0.6159554723443508,0.5727625271585084,0.7774825108694496,0.7389771142921796,0.019062070120756003,-0.08928575942634787,SELL,0.0,1.0
0.3214285690527484,0.3214285690527484,0.3448275884216946,0.3448275884216946,0.004567270982979771,0.0,0.0,HPR,2022-04-06 00:00:00+10:00,Energy,0.37408704009084925,0.44542611659704456,0.4615384615384615,0.48322139475873116,0.292418792032236,0.45489021657095496,0.2075098874611203,0.5642899705532509,0.07894738359051645,0.7237616719157921,0.020637899824241357,0.7180818356197683,0.008090144065279858,0.5796097674274777,0.00019708355862135818,0.613683631453292,0.11520855592849984,0.11520855592849985,0.1788423262150499,0.17884232621504992,0.5424937307379231,0.5424937307379232,0.9238873592112756,0.9238873592112757,1.0,0.7307691591290444,0.7241378557313763,0.59764161726545,0.5483843560534084,0.6911150537523528,0.25125377099166835,0.23046755357752102,0.7125975566220067,0.1813387926303227,0.04178398721486931,0.7006788759844034,0.06106891096357758,0.059905113080573336,0.8138624211614465,0.05150946636998004,0.09514469941309747,0.08373932591989797,0.04123694054892613,0.48723084983538817,0.7074109367755275,0.6428571131246237,0.6701261957297449,0.4872308498353882,0.7074109367755274,0.6428571131246237,0.6701261957297451,1.0,0.9833333612730114,1.0,0.9833333612730111,1.0,1.0,0.36666671302582826,0.33522737519199003,0.6106965062755422,0.5607868585678064,0.788708778373653,0.751045359451732,0.03860800121881236,-0.10526317509367633,SELL,0.0,1.0
0.28571427621099377,0.28571427621099377,0.3103448231566107,0.3103448231566107,0.00022285940206693603,0.0,0.0,HPR,2022-04-07 00:00:00+10:00,Energy,0.28963514915289706,0.3545749287856374,0.4615384615384615,0.48322139475873116,0.3032491121839589,0.3645221053914187,0.22529644714000696,0.47316633866507285,0.08947369669695593,0.6488829275202755,0.024859287908400196,0.6645087214941993,0.008090144065279858,0.5403964828798852,0.0,0.5711540828533223,0.16438482382543151,0.16438482382543151,0.21776966754855373,0.21776966754855376,0.551332797314743,0.5513327973147432,0.9275824068160482,0.9275824068160481,0.7142856382593739,0.9047618963145351,0.6666665838824616,0.599666006768168,0.5666520591005849,0.6524528647846644,0.24659350599147578,0.2670050330609415,0.5987175630172803,0.1954341806842108,0.0452570621325149,0.6350187608287583,0.07031276602997716,0.05694979218195462,0.758562337099333,0.05171993706008391,0.09533016837326376,0.0040694218127852125,0.002008276325421287,0.4418366585963075,0.6212913816585626,0.6031745679772282,0.6280504548613386,0.4418366585963075,0.6212913816585626,0.6031745679772283,0.6280504548613387,0.8666666501098216,0.9388889113096184,0.8999999813735481,0.9500000217308605,0.8666666501098216,0.8999999813735481,0.2866667110390071,0.34659099135131594,0.5729941939453865,0.5170172587441391,0.9969973095681143,0.7493690614698821,0.05698117645098533,-0.0727272850422821,SELL,0.0,1.0
0.3214285690527484,0.37499997505385874,0.3448275884216946,0.39655170420474806,0.017773008037460052,0.0,0.0,HPR,2022-04-08 00:00:00+10:00,Energy,0.4906116447032596,0.5633096682086915,0.5769230052828906,0.5997879224042596,0.3212996502530643,0.5005680433747364,0.25296442722666734,0.578830477799972,0.1052631663566147,0.7670141124866171,0.031425891206575685,0.7764436415814536,0.009534812879014476,0.6372692729643815,0.0007883320319095333,0.6772816136585301,0.22482972459849074,0.22482972459849077,0.25977830693768333,0.2597783069376834,0.5744070306577904,0.5744070306577904,0.9429649711070766,0.9429649711070767,0.8333332815931828,0.894736811147168,0.7142856230541349,0.6235655977820571,0.5868830449401453,0.6715617935529655,0.2572580599130051,0.3054974916061485,0.8230824919776333,0.22519602162436136,0.04083412471223857,0.7146309063586265,0.0890769638608866,0.047249729813623076,0.840907864568615,0.06800669657348629,0.11012129358118537,0.24681367327323614,0.13883735739494987,0.48104073794938706,0.7531070753487863,0.7023808938884727,0.7332397678462736,0.4810407379493871,0.7531070753487862,0.7023808938884727,0.7332397678462736,1.0,0.9555555500366074,1.0,0.9666666604578494,1.0,1.0,0.2599999940395363,0.40340915681362743,0.6303874406545985,0.5549728838724757,0.9972680276366408,0.7886500575828044,0.07425196116922794,-0.08333331781129005,SELL,0.0,1.0
0.37499997505385874,0.37499997505385874,0.39655170420474806,0.39655170420474806,0.0,0.0,0.0,HPR,2022-04-11 00:00:00+10:00,Energy,0.34560330195783223,0.41532323320539793,0.4615384615384615,0.48322139475873116,0.3357400726391273,0.47232638068657384,0.27272726804221525,0.5466517362152852,0.12210526967973234,0.7398100602777739,0.03799249450475117,0.767892567713739,0.010979481692749316,0.6361111751227021,0.0015766640638190665,0.6767985741580252,0.22840840422409006,0.22840840422409012,0.22391872066408242,0.22391872066408242,0.5694306614951763,0.5694306614951763,0.9429649711070766,0.9429649711070767,0.8333332815931828,0.894736811147168,0.7142856230541349,0.6400790694109799,0.6069487893083454,0.6699534732854817,0.2744920462088126,0.32314494973335994,0.7643402372159839,0.24958545355485473,0.04433818092558783,0.6865947064705649,0.10640057542785364,0.03922615167799881,0.8197657939971016,0.05694675489698273,0.10427361223069845,0.0,0.0,0.4580488326532247,0.6265639669792943,0.729437224608881,0.7332397678462736,0.4580488326532246,0.6265639669792944,0.729437224608881,0.7332397678462736,1.0,0.9555555500366074,1.0,0.9666666604578494,1.0,1.0,0.2599999940395363,0.40340915681362743,0.6279671815940251,0.5514243170715676,0.9972680276366408,0.7886500575828044,0.10003594061206955,-0.08333331781129005,SELL,0.0,1.0
0.4464286272604113,0.4464286272604113,0.4655172989640609,0.4655172989640609,0.0002951159712079237,0.0,0.0,HPR,2022-04-12 00:00:00+10:00,Energy,0.4519428937560353,0.5250886246906705,0.4615384615384615,0.48322139475873116,0.36462094430865744,0.54819742047249,0.29644268585555267,0.6239773341900743,0.14315790373532689,0.8168033193478895,0.045966230076516235,0.8522858665274083,0.013579887064379292,0.7121658265547305,0.00433582874517402,0.7602227159268385,0.2483512568886479,0.24835125688864795,0.24252652757577847,0.24252652757577853,0.5769488804595273,0.5769488804595273,0.9499876264814705,0.9499876264814704,0.8461538681969772,0.9130434712187335,0.7631578689384395,0.670019492967186,0.6300379098879225,0.6993804518578488,0.32110713359347043,0.31776543400114343,0.8426211818223492,0.28539616565665393,0.042768105786226474,0.727109610892269,0.1313242952876379,0.024958685204071185,0.8629983100829066,0.021587457760700247,0.1045192148474189,0.01291069589675542,0.002427772841865923,0.5423524083196087,0.6638780501290458,0.8106061462153742,0.7887440660417551,0.5423524083196088,0.6638780501290458,0.8106061462153742,0.7887440660417552,1.0,1.0,1.0,1.0,1.0,1.0,0.3133333783679475,0.437500089957287,0.6745930265422895,0.5800378950298856,0.9972794803194736,0.8276725893973776,0.1237572016994839,-0.14062504547473298,SELL,0.0,1.0
0.4821428535791227,0.4821428535791227,0.4827585852528856,0.4827585852528856,0.03370622563536595,0.0,0.0,HPR,2022-04-13 00:00:00+10:00,Energy,0.3705264795631539,0.4416921674974883,0.42307685143673673,0.4496642805336939,0.39350180252948563,0.5250937161709899,0.3221343774433183,0.610905186441056,0.16421052994820518,0.8100719779052884,0.05440900624483391,0.8643633490877863,0.01502455587811391,0.7304513632131863,0.0063066599262358025,0.7801974962597568,0.24894709345953456,0.2489470934595346,0.2378375779703386,0.2378375779703386,0.5770323724943196,0.5770323724943197,0.9499198910067087,0.9499198910067088,0.846153780024415,0.9130434571344579,0.7692307104490752,0.695586886192059,0.6545179925481983,0.7129188964581835,0.35799442347055177,0.32587656196037773,0.7953822357757822,0.3198118069021645,0.04275718391363248,0.7102447297593802,0.15647017538620056,0.011299589013176514,0.8512060973946828,0.04910658344134288,0.12964650668774952,0.6482314388351482,0.2239459428466257,0.5393943187657775,0.6871991661778671,0.8015872197997171,0.8093342078994432,0.5393943187657774,0.6871991661778671,0.8015872197997169,0.8093342078994433,0.9499998975545145,0.9833332991848381,0.9655171705057711,0.9885057235019237,0.9499998975545145,0.9655171705057711,0.32666668719715247,0.4602273222759388,0.6739596420926359,0.5776398326602584,0.9981710481372714,0.8717986264597241,0.15793321142594152,-0.1538461273943874,SELL,0.0,1.0
0.4821428535791227,0.4821428535791227,0.4655172989640609,0.4827585852528856,0.0687982081307729,0.0,0.0,HPR,2022-04-14 00:00:00+10:00,Energy,0.34560330195783223,0.41532323320539793,0.42307685143673673,0.4496642805336939,0.4296028786676962,0.45955465445890464,0.34782606903108393,0.5710503263598865,0.1852631561610839,0.7771751376222568,0.06285178241315159,0.8529538863605187,0.01646922469184875,0.7292061052508733,0.00827749110729803,0.7788968904111672,0.20386018950250098,0.203860189502501,0.2378375779703386,0.2378375779703386,0.5770323724943196,0.5770323724943197,0.9499198910067087,0.9499198910067088,0.846153780024415,0.9130434571344579,0.7631578225013008,0.7125862850414402,0.6780972157993409,0.7041506953889548,0.3785934839117707,0.3506666824485908,0.7435896861117064,0.34833541004436586,0.04933135757055118,0.6835191079576656,0.17958855438240828,0.0,0.8281398267222229,0.11386984151877774,0.18690203194256957,0.5705959083929132,0.3178015731556482,0.5883360618844597,0.6871991661778671,0.8015872197997171,0.8093342078994432,0.5883360618844596,0.6871991661778671,0.8015872197997169,0.8093342078994433,0.9374998690327538,0.9624999221957562,0.9655171705057711,0.9770114470038475,0.937499869032754,0.9655171705057711,0.3533333048555625,0.47159089610242383,0.6414376406019603,0.5562461302537457,0.5986872773931635,0.568338832601052,0.1989812260548286,-0.1538461273943874,SELL,0.0,1.0
0.28571427621099377,0.30357145589339274,0.3103448231566107,0.3103448231566107,0.0026634216401515117,0.0,0.0,HPR,2022-04-19 00:00:00+10:00,Energy,0.10020456040950149,0.1312024724247413,0.4615384615384615,0.48322139475873116,0.411552340598591,0.18031288672650092,0.34782606903108393,0.2974903133778253,0.2031578931476602,0.4901376044912019,0.06754221284118511,0.6145875070851204,0.01502455587811391,0.535309854797284,0.00827749110729803,0.5665179521311433,0.4041854084867064,0.4041854084867065,0.43266480589896095,0.43266480589896095,0.5746572098245518,0.5746572098245518,1.0,1.0,0.45454543915169027,0.5862068921221274,0.6041666440303542,0.6741742424095187,0.6879330901286853,0.5703845988269483,0.3785934839117707,0.3506666824485908,0.3162392813850422,0.3319424076330155,0.10033757570843216,0.5028054284504484,0.18522141642111212,0.002113889964409421,0.6738733738123257,0.09960019416833607,0.1652405633773167,0.02525456665371162,0.013906550099627567,0.27539136540838893,0.38402309373201393,0.8041980463393211,0.6537633585590876,0.2753913654083889,0.38402309373201393,0.8041980463393211,0.6537633585590877,0.21428563825937388,0.7005951349488809,0.6206896463132214,0.8505746624415879,0.21428563825937386,0.6206896463132214,0.43333325717185334,0.5852272270270468,0.4603174572066833,0.4458867307981266,0.5845613370458099,0.5619260223304036,0.23510347892824912,-0.09090907243657698,SELL,0.0,1.0
0.28571427621099377,0.28571427621099377,0.3103448231566107,0.3103448231566107,0.0,0.0,0.0,HPR,2022-04-20 00:00:00+10:00,Energy,0.34560330195783223,0.41532323320539793,0.4615384615384615,0.48322139475873116,0.39350180252948563,0.20848962627311463,0.34584978053218896,0.30003183945090184,0.21368420625409945,0.47702873556205827,0.07317072970428962,0.6082835238280301,0.013579887064379292,0.5363656075928039,0.00827749110729803,0.5665179521311433,0.4041854084867064,0.4041854084867065,0.43092796595668986,0.43092796595669,0.4506514880948843,0.45065148809488437,0.9945519698344275,0.9945519698344274,0.5,0.5555555402251401,0.7073170975480048,0.6412913213572236,0.6880737259454076,0.47601937398614663,0.3803215571387527,0.3453676542858737,0.32478082262788494,0.3284633606204521,0.12345229783891476,0.4937122506317458,0.19037190977134033,0.006522965966364813,0.6700368776191663,0.09960019416833607,0.15305789389713562,0.0,0.0,0.27539136540838893,0.36236761056271133,0.6031745679772282,0.7087771136918852,0.2753913654083889,0.3623676105627114,0.6031745679772283,0.7087771136918855,0.21428563825937388,0.4553570485171673,0.5416666731341845,0.7092911633177257,0.21428563825937386,0.5416666731341845,0.4066665898429129,0.4943181284210757,0.44775412216879074,0.4343959218790979,0.5776401096763794,0.6131049235376419,0.26689106145685926,0.0,HOLD,0.0,0.5
0.28571427621099377,0.28571427621099377,0.3103448231566107,0.3103448231566107,0.0,0.0,0.0,HPR,2022-04-21 00:00:00+10:00,Energy,0.34560330195783223,0.41532323320539793,0.4615384615384615,0.48322139475873116,0.3610108151769136,0.2616147508410782,0.3438734920332942,0.3025819663065419,0.2242105193605387,0.464157993175195,0.08020637709366141,0.600490561474755,0.013579887064379292,0.5363656075928039,0.00827749110729803,0.5665179521311433,0.3465326316561536,0.34653263165615367,0.43092796595668986,0.43092796595669,0.4506514880948843,0.45065148809488437,0.9818952258637003,0.9818952258637004,0.3333333333333333,0.5555555402251401,0.6470588170842718,0.6131150673095046,0.6815643203150283,0.41129351339597714,0.38188053481967976,0.3402417783592814,0.332735245013402,0.3227254473224386,0.14909158787226484,0.4835282169082204,0.1939074721305818,0.015412164956081442,0.6662897636709405,0.09932148363808818,0.15305789389713562,0.0,0.0,0.20777287240553013,0.36236761056271133,0.6031745679772282,0.8016128888824713,0.2077728724055302,0.3623676105627114,0.6031745679772283,0.8016128888824714,0.21428563825937388,0.21428563825937388,0.47619042550624924,0.546182248317885,0.21428563825937386,0.47619042550624924,0.4066665898429129,0.4147726459744305,0.44098764137348895,0.42820595623577434,0.5776401096763794,0.5911041723036352,0.29486413408203616,0.0,HOLD,0.0,0.5
0.28571427621099377,0.28571427621099377,0.3103448231566107,0.3103448231566107,0.0,0.0,0.0,HPR,2022-04-22 00:00:00+10:00,Energy,0.34560330195783223,0.41532323320539793,0.4615384615384615,0.48322139475873116,0.324909739038703,0.3245778252623175,0.33992092239773775,0.30770818801328703,0.23473683246697796,0.451518947272315,0.08724202448303364,0.5927926352510487,0.013579887064379292,0.5363656075928039,0.00827749110729803,0.5665179521311433,0.3364084037734992,0.33640840377349923,0.4288626551952474,0.4288626551952474,0.4506514880948843,0.45065148809488437,0.9818952258637003,0.9818952258637004,0.3333333333333333,0.5555555402251401,0.6470588170842718,0.5889474697929801,0.6706769861764229,0.36868247216394684,0.38367714665538444,0.33134308289883796,0.3463232455760119,0.3142020591911652,0.17784399726269495,0.4715887949344692,0.19692779202429667,0.02490097806894853,0.6626598400056904,0.06748898070360916,0.15305789389713562,0.0,0.0,0.1921687062940442,0.3414720468744445,0.6031745679772282,0.8016128888824713,0.19216870629404417,0.34147204687444455,0.6031745679772283,0.8016128888824714,0.0,0.14285709217291603,0.47619042550624924,0.4980158413822276,0.0,0.47619042550624924,0.4066665898429129,0.4147726459744305,0.4335917207635326,0.42111278881215974,0.5776401096763794,0.5911041723036352,0.4999999999999999,0.0,HOLD,0.0,0.5
0.28571427621099377,0.28571427621099377,0.3103448231566107,0.3103448231566107,0.0,0.0,0.0,HPR,2022-04-26 00:00:00+10:00,Energy,0.34560330195783223,0.41532323320539793,0.4615384615384615,0.48322139475873116,0.28880866290049223,0.39212003143826935,0.33992092239773775,0.30770818801328703,0.24421051583131648,0.44033677523027237,0.09427767187240566,0.5851880172272242,0.012713085991410855,0.5370000566739453,0.007292075516766694,0.5670679493784873,0.3364084037734992,0.33640840377349923,0.4212972551081506,0.4212972551081506,0.4505833161589221,0.45058331615892216,0.9818952258637003,0.9818952258637004,0.0909086598834729,0.5,0.6470588170842718,0.5681959718096318,0.6570901525849048,0.34240783513463746,0.38367714665538444,0.33134308289883796,0.3463232455760119,0.30512317541603573,0.20529460110382458,0.45855540582580745,0.19941713178896037,0.035007720032393275,0.6591337026598079,0.0025152519360704404,0.15295244071011516,0.0,0.0,0.1921687062940442,0.38402309373201393,0.5794513516539506,0.8016128888824713,0.19216870629404417,0.38402309373201393,0.5794513516539506,0.8016128888824714,0.0,0.07142854608645806,0.44999999068677404,0.4674602805664242,0.0,0.449999990686774,0.3666666136847675,0.4147726459744305,0.4335917207635326,0.4121797344241277,0.5765195307123383,0.5911041723036352,0.4962068964631322,0.0,HOLD,0.0,0.5
0.3214285690527484,0.35714286189450306,0.3448275884216946,0.3620689389396642,0.03300743317497004,0.0,0.0,HPR,2022-05-09 00:00:00+10:00,Energy,0.4326082859971574,0.5056508668658444,0.49999992835981366,0.5220768557245348,0.29963898305221504,0.4752115016657321,0.26877468368219204,0.494324914281536,0.26736839760703834,0.487587364449943,0.1327392087210315,0.611038335540956,0.0005778677407661803,0.6050851303740047,0.009065823139207563,0.6297680133060161,0.11927203707865622,0.11927203707865625,0.09393232851212892,0.09393232851212895,0.4081759815186129,0.40817598151861295,0.516328433503953,0.5163284335039529,1.0,0.2307691866829434,0.5384614833536793,0.4870873343886738,0.5361135394492788,0.4048626590323315,0.20066010562800352,0.39168914868768323,0.9999999999767948,0.2818570181350837,0.2735956391869513,0.5159607683941162,0.21678442907884055,0.0858834726783807,0.6858306760625452,0.03388257372363573,0.1316234128296375,0.9200143624226795,0.21603366227615992,0.4381225923871057,0.45017058953382205,0.4204260501503972,0.6164581663010902,0.4381225923871056,0.45017058953382194,0.42042605015039725,0.6164581663010903,0.7499995343387891,0.24999984477959644,0.2727271495771796,0.09090904985905982,0.7499995343387891,0.2727271495771795,0.17333336247337783,0.3181817604552169,0.9833332246790499,0.4445622204938876,0.928520957260594,0.5403379480779993,0.4653069108407929,-0.13793099683119092,SELL,0.0,1.0
0.3392856822121041,0.3392856822121041,0.3620689389396642,0.3620689389396642,0.0,0.0,0.0,HPR,2022-05-10 00:00:00+10:00,Energy,0.34560330195783223,0.41532323320539793,0.4615384615384615,0.48322139475873116,0.31046930320393806,0.4537733112426938,0.27470353445440954,0.485144621738109,0.2705262907546985,0.4838468569531523,0.13789868324026155,0.6055854212878592,0.0,0.6055390835022093,0.010051238729738454,0.6291889978811734,0.11927203707865622,0.11927203707865625,0.09393232851212892,0.09393232851212895,0.4003065864047619,0.40030658640476197,0.509327418173237,0.509327418173237,1.0,1.0,0.5199999701976714,0.49345381292842805,0.5318736759043756,0.433383310248608,0.21673003639394628,0.3858221583120264,0.8333333333153906,0.2834260877114203,0.2776099391754546,0.5109485388578003,0.22250548519387858,0.08876164268939879,0.681539108148987,0.03388257372363573,0.1314379438694712,0.0,0.0,0.4381225923871057,0.45017058953382205,0.4534631935242694,0.6652024478489086,0.4381225923871056,0.45017058953382194,0.45346319352426934,0.6652024478489087,0.7499995343387891,0.4999996895591928,0.2727271495771796,0.18181809971811966,0.7499995343387891,0.2727271495771795,0.04000007549920621,0.30681814429589094,0.7499999396364848,0.44295288574574276,1.0,0.5281465308151488,0.4622076690871094,0.17241389055456469,BUY,0.0,0.0
0.3392856822121041,0.3392856822121041,0.3620689389396642,0.3620689389396642,0.0,0.0,0.0,HPR,2022-05-11 00:00:00+10:00,Energy,0.34560330195783223,0.41532323320539793,0.4615384615384615,0.48322139475873116,0.32129962335566087,0.4327880401376012,0.2806323852266275,0.4760628653857173,0.2684210273491391,0.4863383484782887,0.14352720010336584,0.5996898188404877,0.0008668010729684372,0.6048582893642752,0.011036654320268902,0.6286105267459569,0.11927203707865622,0.11927203707865625,0.09393232851212892,0.09393232851212895,0.35328945812557705,0.35328945812557705,0.5069800700945206,0.5069800700945206,1.0,1.0,0.5652173772200711,0.4977132709078565,0.5294828324606036,0.45138010293723085,0.2282501535623921,0.38461413392771426,0.7545875385933685,0.27988717497749294,0.27771982927625927,0.5149035723886358,0.22770843526920803,0.09310967210585452,0.6773630355562688,0.03388257372363573,0.11664681866154956,0.0,0.0,0.4381225923871057,0.45017058953382205,0.3750000054463306,0.6911640269778673,0.4381225923871056,0.45017058953382194,0.37500000544633066,0.6911640269778674,0.7499995343387891,0.7499995343387891,0.2727271495771796,0.2727271495771796,0.7499995343387891,0.2727271495771795,0.04000007549920621,0.2840908696443982,0.6666666373995068,0.43965200559363493,1.0,0.5288068815339073,0.4591704121684995,0.17241389055456469,BUY,0.0,0.0
0.3392856822121041,0.3392856822121041,0.3620689389396642,0.3620689389396642,0.0,0.0,0.0,HPR,2022-05-12 00:00:00+10:00,Energy,0.34560330195783223,0.41532323320539793,0.4615384615384615,0.48322139475873116,0.3321299435073837,0.4122414853117846,0.286561235998845,0.46707806724335166,0.2663157639435795,0.48883857441871126,0.14915571696647034,0.5938488052965064,0.0026004032189050896,0.6034991300852132,0.012022069910799793,0.6280325991332573,0.11927203707865622,0.11927203707865625,0.09393232851212892,0.09393232851212895,0.35328945812557705,0.35328945812557705,0.5069800700945206,0.5069800700945206,1.0,1.0,0.4444444214488196,0.5002733884713104,0.5281718302711734,0.461890361413665,0.2368690679617934,0.38637691367533555,0.7041241452183861,0.2762174479359507,0.2779759208606867,0.5190152014037518,0.2325719864224265,0.09785267748158344,0.6733506782870156,0.031172445615225294,0.11664681866154956,0.0,0.0,0.4381225923871057,0.45017058953382205,0.3750000054463306,0.6911640269778673,0.4381225923871056,0.45017058953382194,0.37500000544633066,0.6911640269778674,0.7499995343387891,0.7499995343387891,0.2727271495771796,0.2727271495771796,0.7499995343387891,0.2727271495771795,0.04000007549920621,0.22727270418208678,0.6249999818909442,0.44123028993718627,1.0,0.47236912835117806,0.4561939003882617,0.1896551768433894,BUY,0.0,0.0
0.3392856822121041,0.3392856822121041,0.3620689389396642,0.3620689389396642,0.0,0.0,0.0,HPR,2022-05-13 00:00:00+10:00,Energy,0.34560330195783223,0.41532323320539793,0.4615384615384615,0.48322139475873116,0.3429602636591065,0.39212003143826935,0.2924900867710627,0.45818868284462844,0.2599999698055432,0.4963921251776301,0.15478423382957485,0.5880616259707271,0.004334005364841742,0.6021431998506793,0.013007485501330684,0.6274552142774067,0.11927203707865622,0.11927203707865625,0.09393232851212892,0.09393232851212895,0.3222931264412251,0.3222931264412251,0.5069800700945206,0.5069800700945206,1.0,1.0,0.4444444214488196,0.5014729388420374,0.5274049439126602,0.4671863232053299,0.24314036209380852,0.39054363432118644,0.6666666666544343,0.25758073292773376,0.2872689193506729,0.535580934124294,0.23709779817868748,0.10298872754192145,0.669483683343686,0.031172445615225294,0.11640121604482911,0.0,0.0,0.4381225923871057,0.45017058953382205,0.3210564961629678,0.6911640269778673,0.4381225923871056,0.45017058953382194,0.3210564961629677,0.6911640269778674,0.7499995343387891,0.7499995343387891,0.2727271495771796,0.2727271495771796,0.7499995343387891,0.2727271495771795,0.04000007549920621,0.22727270418208678,0.5999999871224495,0.44460145194337547,1.0,0.47236912835117806,0.45327691884362864,0.20689659159050366,BUY,0.0,0.0
0.21428569052748447,0.21428569052748447,0.24137929262644275,0.24137929262644275,0.001583906154994908,0.0,0.0,HPR,2022-05-20 00:00:00+10:00,Energy,0.15309220125749598,0.19657448913314324,0.4615384615384615,0.48322139475873116,0.3176895076726187,0.20166530690847395,0.3083003505888209,0.23676286003409497,0.24736838937218641,0.33652634596146813,0.18339586048897183,0.4120367136559234,0.004911872029245812,0.46414670465447416,0.010445402910213009,0.480446040093626,0.26390661861859904,0.26390661861859904,0.27937180813529866,0.2793718081352987,0.25333334876856584,0.25333334876856584,0.5544730088707567,0.5544730088707566,0.0,0.2999999254941784,0.2999999254941784,0.4613993670969995,0.5148358908437572,0.38318700985113774,0.27872704472666043,0.3823391102628316,1.1466383398328617e-11,0.2065610899650412,0.3212180569341814,0.14571025395485654,0.24600141019173205,0.1455088980649939,0.5355919577080032,0.0014957465123303418,0.03019615949628853,1.0,0.04409339750114693,0.23130160340541595,0.29582637790321714,0.33982683934503816,0.5926685812106566,0.231301603405416,0.2958263779032172,0.3398268393450382,0.5926685812106567,0.0,0.4999996895591928,0.0,0.49999968955919266,0.0,0.0,0.13333338631523242,0.10227275709813795,0.2690057885000766,0.2095314391521143,0.9595134350070378,0.9595134350070378,0.43954411697831375,0.3725490511174119,BUY,0.0,0.0
0.21428569052748447,0.21428569052748447,0.24137929262644275,0.24137929262644275,0.0,0.0,0.0,HPR,2022-05-23 00:00:00+10:00,Energy,0.34560330195783223,0.41532323320539793,0.4615384615384615,0.48322139475873116,0.29241875168613096,0.24565620823417667,0.2944663605454907,0.25461969697092046,0.24315786256106764,0.3410895877093133,0.18621011804686316,0.40962412169545137,0.003756136547713229,0.4649406167402138,0.008671654553580321,0.4813624820252357,0.26390661861859904,0.26390661861859904,0.24116267487987125,0.24116267487987125,0.25333334876856584,0.25333334876856584,0.5534027145798026,0.5534027145798026,0.0,0.2999999254941784,0.2999999254941784,0.43267222024376356,0.500566815829506,0.3357674760379425,0.29209596641114677,0.34394303086592093,0.16666666667225938,0.21373553847124183,0.30550912384739104,0.20382763905141915,0.24420529553172532,0.1528006121768617,0.5328131947541113,0.0014957465123303418,0.03019615949628853,0.0,0.0,0.23130160340541595,0.23766219997423463,0.33982683934503816,0.567741847145784,0.231301603405416,0.23766219997423468,0.3398268393450382,0.5677418471457841,0.0,0.24999984477959644,0.0,0.2499998447795963,0.0,0.0,0.13333338631523242,0.10227275709813795,0.3188405492811545,0.23603997019286535,0.9595134350070378,0.9595134350070378,0.4316175240042389,0.3725490511174119,BUY,0.0,0.0
0.21428569052748447,0.21428569052748447,0.24137929262644275,0.24137929262644275,0.0,0.0,0.0,HPR,2022-05-24 00:00:00+10:00,Energy,0.34560330195783223,0.41532323320539793,0.4615384615384615,0.48322139475873116,0.2671479956996431,0.2919365986670266,0.2806323705021605,0.2729237534034086,0.23894733574994864,0.3456855702110867,0.1890243756047545,0.40722234448671857,0.0026004010661804244,0.4657357877551386,0.006897906196948078,0.48228047768709714,0.26390661861859904,0.26390661861859904,0.24116267487987125,0.24116267487987125,0.25333334876856584,0.25333334876856584,0.5534027145798026,0.5534027145798026,0.0,0.2999999254941784,0.2999999254941784,0.4101293402963161,0.48385358333147804,0.3119781210671847,0.29484865260163307,0.31641787597234816,0.24541246139412742,0.21903308020683454,0.29189787074293105,0.24266041462147214,0.242242482091249,0.16028632222223527,0.5298985862183081,0.0014957465123303418,0.03019615949628853,0.0,0.0,0.23130160340541595,0.23766219997423463,0.33982683934503816,0.567741847145784,0.231301603405416,0.23766219997423468,0.3398268393450382,0.5677418471457841,0.0,0.0,0.0,0.0,0.0,0.0,0.13333338631523242,0.10227275709813795,0.35390945030001425,0.25813041082188615,0.9595134350070378,0.9595134350070378,0.4240079947491272,0.3725490511174119,BUY,0.0,0.0
0.24107139352803963,0.28571427621099377,0.2672413505179695,0.3103448231566107,0.02351160836330556,0.0,0.0,HPR,2022-05-25 00:00:00+10:00,Energy,0.47070858710309216,0.5437443436172061,0.5576923435124008,0.5886864564607643,0.2563176755479203,0.45725005407209096,0.2747035197299428,0.39761530043735926,0.23894733574994864,0.44652683345672084,0.193714806032788,0.4867893121864645,0.0026004010661804244,0.5444577195686088,0.005912490606417187,0.5678388179567889,0.34884105024109296,0.348841050241093,0.30877781608842425,0.3087778160884243,0.30244736878732287,0.30244736878732287,0.5706746425843024,0.5706746425843026,0.36363642521141026,0.5,0.5,0.41209054986553256,0.47094391600726415,0.3489987969748825,0.287101554585964,0.31376236451265405,0.46812121503097676,0.21903308020683454,0.29189787074293105,0.446408675489105,0.24122455876749882,0.1701400727381125,0.5973605671689467,0.023700349018579484,0.049763086063152814,0.9368848901727092,0.4021341976764582,0.3126980882694642,0.32129701866181765,0.4047619161547397,0.6537633585590876,0.3126980882694642,0.32129701866181765,0.4047619161547397,0.6537633585590877,0.5,0.16666666666666674,0.5,0.1666666666666666,0.5,0.5,0.18666672097311324,0.1477273064011235,0.44843646793891917,0.37032741147949,0.9752874737740653,0.9752874737740653,0.41670284666421964,0.27272728504228194,BUY,0.0,0.0
0.28571427621099377,0.28571427621099377,0.3103448231566107,0.3103448231566107,0.0,0.0,0.0,HPR,2022-05-26 00:00:00+10:00,Energy,0.34560330195783223,0.41532323320539793,0.4615384615384615,0.48322139475873116,0.24548735539619748,0.4799506136860401,0.26877466895772506,0.40632075070029217,0.23894733574994864,0.44652683345672084,0.19887428055201806,0.48210571519958323,0.0026004010661804244,0.5444577195686088,0.004927075015886295,0.568390060070915,0.34884105024109296,0.348841050241093,0.30877781608842425,0.3087778160884243,0.30244736878732287,0.30244736878732287,0.5683348029506442,0.5683348029506443,0.36363642521141026,0.5,0.5,0.413825802959929,0.46102399708426667,0.37809847097783955,0.27822256721313543,0.3122658970243155,0.4835244864848728,0.21903308020683454,0.29189787074293105,0.446408675489105,0.23892324847724966,0.18235428261296882,0.5939724950389997,0.023700349018579484,0.049763086063152814,0.0,0.0,0.3126980882694642,0.32129701866181765,0.4047619161547397,0.6806451309468465,0.3126980882694642,0.32129701866181765,0.4047619161547397,0.6806451309468466,0.5,0.3333333333333334,0.5,0.3333333333333333,0.5,0.5,0.18666672097311324,0.1477273064011235,0.4717232433826231,0.39876172212004046,0.9752874737740653,0.9752874737740653,0.4096899045027086,0.27272728504228194,BUY,0.0,0.0
0.28571427621099377,0.28571427621099377,0.3103448231566107,0.3103448231566107,0.0,0.0,0.0,HPR,2022-05-27 00:00:00+10:00,Energy,0.34560330195783223,0.41532323320539793,0.4615384615384615,0.48322139475873116,0.2599277912309623,0.4497965434729545,0.26284581818550756,0.4151211694699515,0.23894733574994864,0.44652683345672084,0.20403375507124788,0.47746015406859754,0.0026004010661804244,0.5444577195686088,0.003941659425355404,0.5689418221265615,0.17150238429831735,0.17150238429831735,0.30877781608842425,0.3087778160884243,0.30244736878732287,0.30244736878732287,0.5683348029506442,0.5683348029506443,0.36363642521141026,0.36363642521141026,0.5,0.4153642496641459,0.4534496239259743,0.40092802315158316,0.268092160562556,0.31205087101286777,0.500000042838551,0.21903308020683454,0.29189787074293105,0.446408675489105,0.23607970799999323,0.19519951360871812,0.5904121722858159,0.02220449190683238,0.049763086063152814,0.0,0.0,0.4663139644956872,0.32129701866181765,0.4047619161547397,0.6806451309468465,0.4663139644956873,0.32129701866181765,0.4047619161547397,0.6806451309468466,0.5714287234812523,0.5238095744937509,0.5,0.5,0.5714287234812523,0.5,0.13333338631523242,0.1477273064011235,0.47736488772275065,0.39876172212004046,0.9403546169523561,0.9752874737740653,0.40295748002765797,0.27272728504228194,BUY,0.0,0.0
0.28571427621099377,0.28571427621099377,0.3103448231566107,0.3103448231566107,0.0,0.0,0.0,HPR,2022-05-30 00:00:00+10:00,Energy,0.34560330195783223,0.41532323320539793,0.4615384615384615,0.48322139475873116,0.2743682270657273,0.4205326304670858,0.2569169674132896,0.4240181192987762,0.23894733574994864,0.44652683345672084,0.20872418549928118,0.4732695353939421,0.0026004010661804244,0.5444577195686088,0.0029562438348245124,0.5694941048597025,0.17150238429831735,0.17150238429831735,0.30877781608842425,0.3087778160884243,0.30244736878732287,0.30244736878732287,0.5675061368686737,0.5675061368686736,0.36363642521141026,0.36363642521141026,0.5,0.4167309711714501,0.44771132894385024,0.4187988501244155,0.2565222265786723,0.31330990734392217,0.5183679977362045,0.21903308020683454,0.29189787074293105,0.446408675489105,0.23370094842855726,0.20663693916693426,0.5869429301311666,0.02220449190683238,0.049763086063152814,0.0,0.0,0.4663139644956872,0.32129701866181765,0.4047619161547397,0.6537633585590876,0.4663139644956873,0.32129701866181765,0.4047619161547397,0.6537633585590877,0.5714287234812523,0.5476191489875015,0.5,0.5,0.5714287234812523,0.5,0.13333338631523242,0.1477273064011235,0.48275864238564137,0.39876172212004046,0.9403546169523561,0.9752874737740653,0.39649435253160925,0.27272728504228194,BUY,0.0,0.0
0.28571427621099377,0.28571427621099377,0.3103448231566107,0.3103448231566107,0.0,0.0,0.0,HPR,2022-05-31 00:00:00+10:00,Energy,0.34560330195783223,0.41532323320539793,0.4615384615384615,0.48322139475873116,0.28880866290049223,0.39212003143826935,0.2509881166410721,0.4330131972072584,0.23894733574994864,0.44652683345672084,0.2134146159273147,0.4691096284659021,0.0026004010661804244,0.5444577195686088,0.001970828244293621,0.5700469090077019,0.17150238429831735,0.17150238429831735,0.30877781608842425,0.3087778160884243,0.30244736878732287,0.30244736878732287,0.5675061368686737,0.5675061368686736,1.0,0.36363642521141026,0.5,0.41794757497168805,0.44340661620645877,0.4327521232363512,0.24320875418113308,0.31635431048171636,0.5400320719023471,0.21903308020683454,0.29189787074293105,0.446408675489105,0.2308258461582915,0.2186519842189879,0.5832726383352337,0.02220449190683238,0.049763086063152814,0.0,0.0,0.4663139644956872,0.32129701866181765,0.4047619161547397,0.6537633585590876,0.4663139644956873,0.32129701866181765,0.4047619161547397,0.6537633585590877,0.5714287234812523,0.5714287234812523,0.5,0.5,0.5714287234812523,0.5,0.13333338631523242,0.1477273064011235,0.4883107302556234,0.39876172212004046,0.9403546169523561,0.9752874737740653,0.3902897501354027,0.27272728504228194,BUY,0.0,0.0
0.21428569052748447,0.21428569052748447,0.22413794210847326,0.22413794210847326,0.003469252194866481,0.0,0.0,HPR,2022-06-01 00:00:00+10:00,Energy,0.20059495921240472,0.25322243725693794,0.42307699471710936,0.43979470225630546,0.27075812483138684,0.24953093106443536,0.23517784546108045,0.30616670059918105,0.23368417919672912,0.32615329848188523,0.21904313453774105,0.36178263445308223,0.001155732252445807,0.4470315555442267,0.0009854126537627295,0.46403964959215427,0.19878677783366788,0.1987867778336679,0.3595430277730479,0.359543027773048,0.35533957202079636,0.3553395720207964,0.512933108441318,0.512933108441318,0.44444453642692494,0.250000058207665,0.36842106295094407,0.3947802507369305,0.4345181181614247,0.38813744659744953,0.22942155662852415,0.3022363553298879,0.25980783621236336,0.22542997134814646,0.27513531408068426,0.23556304128383068,0.21495434485648102,0.2475254384457739,0.4639476579494298,0.0032762865228306505,0.05265028126859989,1.0,0.05614243435417387,0.26645009007924214,0.21675353424782987,0.32359310038035927,0.7443124200255353,0.2664500900792422,0.2167535342478299,0.3235931003803593,0.7443124200255354,0.0,0.38095248232083495,0.0,0.3333333333333333,0.0,0.0,0.20000002980231824,0.20454547186343494,0.3648745754483965,0.26234798288299654,0.8329577183100474,0.925829090339848,0.38433333183504426,0.39999998509883894,BUY,0.0,0.0
0.1964285773681289,0.28571427621099377,0.22413794210847326,0.3103448231566107,0.012016607065732163,0.0,0.0,HPR,2022-06-02 00:00:00+10:00,Energy,0.5051124757366134,0.5774240291538578,0.6538460822059675,0.7046978491050622,0.27075812483138684,0.4277673065317278,0.22924899468886273,0.46686147074396844,0.23368417919672912,0.4527726301665841,0.22373356496577435,0.4600642862860106,0.0023114677339783896,0.5446723160281731,0.0009854126537627295,0.5706002353093175,0.33024939486655863,0.33024939486655863,0.43511606194994057,0.43511606194994057,0.41457964399691005,0.4145796439969101,0.43103106557613935,0.4310310655761394,0.6428571808703132,0.4285714539135421,0.5,0.4012776245038651,0.42893431661012554,0.42030255808551825,0.20979107746798864,0.31174931350740565,0.63492063893201,0.22542997134814646,0.27513531408068426,0.4619706919438667,0.2102012168936096,0.2617260384632458,0.5741803375357636,0.014624892677090957,0.060262597927952084,0.7759728965319056,0.17029169777690217,0.37374541401431466,0.32129701866181765,0.4047619161547397,0.6537633585590876,0.37374541401431466,0.32129701866181765,0.4047619161547397,0.6537633585590877,0.6250000582076785,0.3988095938963104,0.5555554635730751,0.351851821191025,0.6250000582076785,0.5555554635730751,0.26666667328940397,0.2613636373257464,0.46412724221716334,0.3601735561085515,0.8822957040979523,0.9374676908152695,0.37472160845144986,0.27272728504228194,BUY,0.0,0.0
0.28571427621099377,0.28571427621099377,0.3103448231566107,0.3103448231566107,0.0,0.0,0.0,HPR,2022-06-03 00:00:00+10:00,Energy,0.34560330195783223,0.41532323320539793,0.4615384615384615,0.48322139475873116,0.27075812483138684,0.4277673065317278,0.23715413395997542,0.4543925558910602,0.23368417919672912,0.4527726301665841,0.22842399539380787,0.45600042045824185,0.0034672032155111943,0.5438144387266096,0.0009854126537627295,0.5706002353093175,0.33024939486655863,0.33024939486655863,0.3333467383161236,0.33334673831612366,0.41457964399691005,0.4145796439969101,0.43103106557613935,0.4310310655761394,0.5,0.4285714539135421,0.5,0.40669007661768913,0.42573929662152044,0.44355293082938824,0.21314220428090702,0.3224357553651793,0.6081981731276807,0.22542997134814646,0.27513531408068426,0.4619706919438667,0.2045980483413965,0.27691587437783927,0.5690137122346819,0.014624892677090957,0.060262597927952084,0.0,0.0,0.37374541401431466,0.4791372003007791,0.4047619161547397,0.6537633585590876,0.37374541401431466,0.4791372003007792,0.4047619161547397,0.6537633585590877,0.6250000582076785,0.41666670547178575,0.5555554635730751,0.37037030904871665,0.6250000582076785,0.5555554635730751,0.26666667328940397,0.2613636373257464,0.5245177000530723,0.41051341527735746,0.8822957040979523,0.9374676908152695,0.36568658847087143,0.18181814487315395,BUY,0.0,0.0
0.28571427621099377,0.28571427621099377,0.3103448231566107,0.3103448231566107,0.0,0.0,0.0,HPR,2022-06-06 00:00:00+10:00,Energy,0.34560330195783223,0.41532323320539793,0.4615384615384615,0.48322139475873116,0.27075812483138684,0.4277673065317278,0.2450592732310879,0.44210802428335017,0.23052628604906877,0.4565471892926992,0.2331144258218414,0.45196588602715637,0.004911872029245812,0.542744002476505,0.001576661861243167,0.5702681769109413,0.33024939486655863,0.33024939486655863,0.3333467383161236,0.33334673831612366,0.3980954380643266,0.3980954380643267,0.43103106557613935,0.4310310655761394,0.5,0.4285714539135421,0.5,0.4111908385233636,0.4242410386811033,0.4600677728283906,0.21318122019143038,0.336513767388005,0.582697679034563,0.22074104715730414,0.27460784501799784,0.46840833540756255,0.19797551044820128,0.2932920027556034,0.5630820029337075,0.014624892677090957,0.03279301732268393,0.0,0.0,0.37374541401431466,0.4791372003007791,0.35857966929465424,0.6537633585590876,0.37374541401431466,0.4791372003007792,0.35857966929465424,0.6537633585590877,0.6250000582076785,0.6250000582076785,0.5555554635730751,0.5555554635730751,0.6250000582076785,0.5555554635730751,0.26666667328940397,0.2613636373257464,0.534497828965821,0.41051341527735746,0.8822957040979523,0.9374676908152695,0.35719366968912747,0.18181814487315395,BUY,0.0,0.0
0.28571427621099377,0.28571427621099377,0.3103448231566107,0.3103448231566107,0.0,0.0,0.0,HPR,2022-06-07 00:00:00+10:00,Energy,0.34560330195783223,0.41532323320539793,0.4615384615384615,0.48322139475873116,0.27075812483138684,0.4277673065317278,0.25296441250220036,0.4300038161055839,0.22736839290140864,0.4603422623180401,0.23733581390600023,0.4483596211796189,0.006356540842980651,0.5416756825491139,0.0021679110687231606,0.5699363065942683,0.33024939486655863,0.33024939486655863,0.3333467383161236,0.33334673831612366,0.3980954380643266,0.3980954380643267,0.4299620313359138,0.42996203133591376,0.5,0.4285714539135421,0.4285714539135421,0.4149260224949529,0.4239202661264078,0.4715284164242885,0.20867239037555974,0.3552487303208214,0.5555555555472339,0.21569888573920992,0.2744751630977649,0.47510418370829444,0.19191945737279426,0.3081419708588473,0.556929830779754,0.014624892677090957,0.03279301732268393,0.0,0.0,0.37374541401431466,0.4791372003007791,0.35857966929465424,0.6280504548613386,0.37374541401431466,0.4791372003007792,0.35857966929465424,0.6280504548613387,0.6250000582076785,0.6250000582076785,0.6250000582076785,0.5787036617846095,0.6250000582076785,0.6250000582076785,0.26666667328940397,0.21590908802276085,0.5459715720874677,0.41436265767853436,0.8822957040979523,0.8822957040979523,0.34921032603428825,0.27272728504228194,BUY,0.0,0.0
0.35714286189450306,0.37499997505385874,0.3620689389396642,0.39655170420474806,0.023905447653453277,0.0,0.0,HPR,2022-06-08 00:00:00+10:00,Energy,0.4906116447032596,0.5633096682086915,0.49999992835981366,0.5207597212465962,0.3068592009695976,0.5296166649579088,0.2628458329099743,0.5625948640051825,0.22947365630696825,0.5848871919395161,0.24390241720417571,0.5432292484608342,0.00924587847045033,0.6375011672652552,0.0037445758667340456,0.6754720958909851,0.25611884418633135,0.2561188441863314,0.3474067098623272,0.3474067098623273,0.4414671116290306,0.44146711162903063,0.45696750383445184,0.4569675038344519,0.6666666666666666,0.5384615494831088,0.5384615494831088,0.44227127851178294,0.4300902632425011,0.5347040606930128,0.2440325437511458,0.3366877168379647,0.872677996230286,0.22237659480339644,0.2708572723153575,0.6965827740718196,0.18856204701098656,0.3241859602460315,0.7049663974768205,0.033925043899673504,0.05268770642924301,0.6654810767460284,0.38658881693768415,0.6097951218749994,0.49426894744822025,0.43555009984394716,0.7332397678462736,0.6097951218749994,0.49426894744822036,0.4355500998439472,0.7332397678462736,1.0,0.750000038805119,1.0,0.7268518405935845,1.0,1.0,0.3333333167764898,0.2727272534850723,0.7068492757906473,0.5472911357895931,0.9288231229317081,0.9288231229317081,0.22413794210847326,0.2333333767950545,BUY,0.0,0.0
0.37499997505385874,0.37499997505385874,0.39655170420474806,0.39655170420474806,0.0012468649783534777,0.0,0.0,HPR,2022-06-09 00:00:00+10:00,Energy,0.34560330195783223,0.41532323320539793,0.4615384615384615,0.48322139475873116,0.324909739038703,0.49343334070219647,0.2727272533177483,0.5466517597583389,0.23157891971252764,0.5821346147462744,0.24859284763220924,0.5389311090068948,0.012135216097919566,0.6351863394103955,0.005321240664744931,0.6745091111361784,0.19878677783366752,0.19878677783366752,0.3474067098623272,0.3474067098623273,0.4414671116290306,0.44146711162903063,0.4324808164515387,0.43248081645153874,0.6666666666666666,0.7368421259018881,0.5384615494831088,0.4635503773569168,0.4400272226795961,0.571368475490583,0.26923583075960533,0.32852723822737295,0.7785430072492301,0.22868945239673133,0.26764714905711007,0.6826699283643631,0.18999873850707738,0.33118314941196836,0.7010023525988591,0.023753989735710527,0.05372537748488691,0.04957257794166947,0.019781299352519786,0.48104073794938706,0.49426894744822025,0.43555009984394716,0.6322579935239626,0.4810407379493871,0.49426894744822036,0.4355500998439472,0.6322579935239627,1.0,0.8750000194025596,1.0,0.8750000194025596,1.0,1.0,0.24000000596046359,0.2727272534850723,0.7070063410136486,0.5577223148653206,0.9512543977502516,0.9302768035012627,0.22758621735039875,0.2333333767950545,BUY,0.0,0.0
0.37499997505385874,0.37499997505385874,0.39655170420474806,0.39655170420474806,0.0,0.0,0.0,HPR,2022-06-10 00:00:00+10:00,Energy,0.34560330195783223,0.41532323320539793,0.4615384615384615,0.48322139475873116,0.3429602771078082,0.45849771704247266,0.28260867372552223,0.5309933537448002,0.23368418311808703,0.5793919567518903,0.25234519162517155,0.5355146081436007,0.015024553725389245,0.632880610719761,0.00689790546275626,0.6735475776153782,0.19878677783366752,0.19878677783366752,0.3474067098623272,0.3474067098623273,0.4414671116290306,0.44146711162903063,0.4277010130288744,0.42770101302887437,1.0,0.7368421259018881,0.5384615494831088,0.4798342921063324,0.45180379602968906,0.5892737163254853,0.28902206416026,0.3259137711571968,0.7222222222078822,0.23468506961334668,0.2647915819218689,0.670520357467077,0.19267640013596243,0.33500232907317673,0.6961511721113505,0.023753989735710527,0.05372537748488691,0.0,0.0,0.48104073794938706,0.49426894744822025,0.43555009984394716,0.5875929787930583,0.4810407379493871,0.49426894744822036,0.4355500998439472,0.5875929787930584,1.0,1.0,1.0,1.0,1.0,1.0,0.24000000596046359,0.2727272534850723,0.6748038389087789,0.5484404245542266,0.9512543977502516,0.9302768035012627,0.23096552708748574,0.25000007761021625,BUY,0.0,0.0
0.37499997505385874,0.37499997505385874,0.39655170420474806,0.39655170420474806,0.0,0.0,0.0,HPR,2022-06-14 00:00:00+10:00,Energy,0.34560330195783223,0.41532323320539793,0.4615384615384615,0.48322139475873116,0.3610108151769136,0.42474635158756735,0.2924900941332962,0.5156120876058856,0.23578944652364664,0.576659164435496,0.2560975356181341,0.5321174916767214,0.017913891352858702,0.6305839276478694,0.008474570260767145,0.6725874920505043,0.19878677783366752,0.19878677783366752,0.3474067098623272,0.3474067098623273,0.4414671116290306,0.44146711162903063,0.4277010130288744,0.42770101302887437,1.0,0.7368421259018881,0.5384615494831088,0.4920190294046936,0.4640886818556288,0.5942211986396362,0.3049623083546117,0.3272385605740772,0.6822027221904661,0.24040057799243564,0.2622490717325321,0.6597627451658448,0.19504970438240776,0.3391757050539945,0.6915731756955757,0.023753989735710527,0.05372537748488691,0.0,0.0,0.48104073794938706,0.49426894744822025,0.43555009984394716,0.5875929787930583,0.4810407379493871,0.49426894744822036,0.4355500998439472,0.5875929787930584,1.0,1.0,1.0,1.0,1.0,1.0,0.24000000596046359,0.2727272534850723,0.6302552571659586,0.5400193995349805,0.9512543977502516,0.9302768035012627,0.23427725062983096,0.25000007761021625,BUY,0.0,0.0
0.37499997505385874,0.37499997505385874,0.39655170420474806,0.39655170420474806,0.0,0.0,0.0,HPR,2022-06-15 00:00:00+10:00,Energy,0.34560330195783223,0.41532323320539793,0.4615384615384615,0.48322139475873116,0.379061353246019,0.39212003143826935,0.30237151454107014,0.5005006681884294,0.2378947099292058,0.5739361846605769,0.2598498796110964,0.5287395950994048,0.02138109672109456,0.627839773235981,0.010051235058778474,0.6716288511733416,0.19878677783366752,0.19878677783366752,0.3474067098623272,0.3474067098623273,0.4414671116290306,0.44146711162903063,0.4277010130288744,0.42770101302887437,1.0,0.6666666666666666,0.5384615494831088,0.5008533030328732,0.4759927998884991,0.5905151280403039,0.31775981542294984,0.3317814830146686,0.650755672277102,0.2458656016095182,0.25998650984929506,0.6501268119378961,0.19711397091350502,0.34370872409823794,0.6872416856533494,0.023753989735710527,0.05372537748488691,0.0,0.0,0.48104073794938706,0.49426894744822025,0.43555009984394716,0.5875929787930583,0.4810407379493871,0.49426894744822036,0.4355500998439472,0.5875929787930584,1.0,1.0,1.0,1.0,1.0,1.0,0.18666667130258283,0.2727272534850723,0.6037234056387073,0.5323447838137914,0.9243649947965862,0.9302768035012627,0.23752273970132942,0.25000007761021625,BUY,0.0,0.0
0.37499997505385874,0.37499997505385874,0.39655170420474806,0.39655170420474806,0.0,0.0,0.0,HPR,2022-06-16 00:00:00+10:00,Energy,0.34560330195783223,0.41532323320539793,0.4615384615384615,0.48322139475873116,0.379061353246019,0.39212003143826935,0.32213435535661783,0.4710594543451905,0.23999997333476542,0.571222964671524,0.26219509482511305,0.5266380972953218,0.02484830208933042,0.6251084770233325,0.011627899856789359,0.6706716517255037,0.0,0.0,0.256217100322262,0.2562171003222621,0.4414671116290306,0.44146711162903063,0.4163886447138485,0.41638864471384845,1.0,0.6666666666666666,0.5384615494831088,0.5069618940291098,0.48695172042403967,0.5813153776434105,0.30348866759281645,0.3816898998163747,0.6360827634767245,0.25110422241891306,0.2579769816516242,0.6414104145450387,0.20003653214062256,0.34464215990616665,0.682998179069923,0.0011774413908805692,0.05372537748488691,0.0,0.0,0.37374541401431466,0.6265639669792943,0.43555009984394716,0.5266861771019675,0.37374541401431466,0.6265639669792944,0.4355500998439472,0.5266861771019676,1.0,1.0,1.0,1.0,1.0,1.0,0.18666667130258283,0.2727272534850723,0.5861858201231469,0.5253215502772155,0.9243649947965862,0.9302768035012627,0.24070331899139774,0.25000007761021625,BUY,0.0,0.0
0.1964285773681289,0.1964285773681289,0.22413794210847326,0.22413794210847326,0.004684380495363868,0.0,0.0,HPR,2022-06-17 00:00:00+10:00,Energy,0.0797546690895638,0.10523600225364432,0.4615384615384615,0.48322139475873116,0.3429602771078082,0.12660928902145718,0.3122529349488441,0.20352842193627207,0.23157892363388555,0.3284388383813387,0.2593808355198999,0.3306391441388753,0.025426169830097045,0.4308840133350125,0.011233733473738461,0.4588313124949607,0.36444243219954503,0.36444243219954503,0.41439979254999376,0.4143997925499938,0.5645371605385417,0.5645371605385417,0.5161529092735588,0.5161529092735588,0.3333333333333333,0.3999999999999999,0.3888889061356057,0.46236046508503575,0.48523673815420393,0.4579583621060622,0.3277384510862641,0.3392109030509426,0.12732200375706648,0.25085875476872377,0.24287016540878292,0.2938448762133883,0.20281971294529533,0.3362017429904649,0.37109484103701273,0.004423866071184661,0.05762383171854486,1.0,0.06937315439895776,0.1770373168024632,0.2737772400158075,0.28160923874536126,0.3350230159985248,0.17703731680246312,0.2737772400158075,0.28160923874536126,0.3350230159985249,0.0,0.6666666666666667,0.0,0.6666666666666667,0.0,0.0,0.3199999582767544,0.3863635844096952,0.3546255523687646,0.2918205464395953,0.8392253126243611,0.8743685298829021,0.39655170420474806,0.5000000372529025,BUY,0.0,0.0
0.1964285773681289,0.1964285773681289,0.22413794210847326,0.22413794210847326,0.0,0.0,0.0,HPR,2022-06-20 00:00:00+10:00,Energy,0.34560330195783223,0.41532323320539793,0.4615384615384615,0.48322139475873116,0.3068592009695976,0.18587508115881035,0.30237151454107014,0.21590226587583317,0.2305262938917848,0.3295847073938719,0.2565665762146867,0.3327503287139304,0.026581905311629628,0.4301282778939062,0.010839567090688007,0.45903069163089605,0.36444243219954503,0.36444243219954503,0.41439979254999376,0.4143997925499938,0.5051375565951537,0.5051375565951538,0.5161529092735588,0.5161529092735588,0.0,0.3999999999999999,0.3888889061356057,0.42704214196281404,0.4755643264561259,0.3805074962843173,0.3425885133500507,0.30635713171478984,0.20833333333746973,0.25243396778585425,0.23918702426182614,0.2992661925788362,0.20525028343866536,0.3281716768062568,0.382054626000619,0.004423866071184661,0.05630566688078927,0.0,0.0,0.1770373168024632,0.2737772400158075,0.3872549425289503,0.3350230159985248,0.17703731680246312,0.2737772400158075,0.3872549425289504,0.3350230159985249,0.0,0.3333333333333334,0.0,0.3333333333333333,0.0,0.0,0.3199999582767544,0.3863635844096952,0.37525050249435987,0.29966574754392783,0.8392253126243611,0.8743685298829021,0.3931034289628227,0.5000000372529025,BUY,0.0,0.0
0.1964285773681289,0.1964285773681289,0.22413794210847326,0.22413794210847326,0.0,0.0,0.0,HPR,2022-06-21 00:00:00+10:00,Energy,0.34560330195783223,0.41532323320539793,0.4615384615384615,0.48322139475873116,0.27075812483138684,0.24953093106443536,0.2924900941332962,0.2284951158595001,0.22947366414968406,0.33073264849876505,0.25328327456559885,0.3352247554164419,0.027737640793162432,0.42937372052850964,0.01044540070763711,0.459230145756646,0.36444243219954503,0.36444243219954503,0.41439979254999376,0.4143997925499938,0.5051375565951537,0.5051375565951538,0.5149313576690789,0.5149313576690788,0.0,0.3999999999999999,0.48275864726723583,0.39939939546024666,0.4613298664517647,0.3361043891718366,0.3521377421082891,0.27893136363611426,0.25925925926156956,0.2539386918004731,0.2355826634633974,0.3043828420613386,0.20694820158463423,0.3201273229983228,0.3923375514169193,0.004423866071184661,0.05630566688078927,0.0,0.0,0.1770373168024632,0.2737772400158075,0.3872549425289503,0.31986417791365507,0.17703731680246312,0.2737772400158075,0.3872549425289504,0.31986417791365507,0.0,0.0,0.0,0.0,0.0,0.0,0.3199999582767544,0.30681814429589094,0.3924632366158762,0.3031102455321635,0.8392253126243611,0.8928753656350139,0.3897241192257356,0.26000000149011604,BUY,0.0,0.0
0.37499997505385874,0.5892856655813431,0.39655170420474806,0.5344828294942289,0.026527295416708434,0.0,0.0,HPR,2022-06-22 00:00:00+10:00,Energy,0.919836541479961,0.9382844918436908,0.7692309125111418,0.7785235924073141,0.29963900994961845,0.821426241784464,0.3181818004455286,0.701393824888997,0.2473684050576187,0.762048663486227,0.2593808372672217,0.6879782337846129,0.034094185941592414,0.7720014122651254,0.01359873177204296,0.838949767029762,0.9465408053934521,0.9465408053934522,0.9038659526086233,0.9038659526086236,0.9064452896043179,0.9064452896043179,0.8632475236465039,0.8632475236465038,0.6428572283867644,0.736842151700296,0.6808511194814776,0.4653941470004688,0.46545222347724147,0.5147740695646341,0.4151554538414314,0.2602852136293846,0.8026081266104635,0.2966504830920984,0.22053182905669066,0.8151980294514866,0.22516810318306346,0.31019377654971203,0.8770459503030558,0.029476514158550238,0.07838232082192671,0.8499157652232315,0.29009715979541545,0.5311120236868813,0.6706624612453926,0.7023810547611873,0.6674487222274981,0.5311120236868814,0.6706624612453927,0.7023810547611872,0.6674487222274982,0.8181820952695747,0.27272736508985834,0.8181820952695747,0.2727273650898582,0.8181820952695747,0.8181820952695747,0.5466665560669522,0.5568180807966296,0.6721717925018986,0.6388571356266814,0.9433814946142488,0.926796565651679,0.22413794210847326,-0.07352944721296806,SELL,0.0,1.0
0.4821428535791227,0.5178572129439206,0.4827585852528856,0.5344828294942289,0.00351925795665449,0.0,0.0,HPR,2022-06-23 00:00:00+10:00,Energy,0.34560330195783223,0.41532323320539793,0.538461681741911,0.5503356232088057,0.32851989506785007,0.7555727909670182,0.3339920863499872,0.6753394210574646,0.2610526191544341,0.7425705267417274,0.26313318475482794,0.6841688556092066,0.04045073109002262,0.7664335323632824,0.01675206283644881,0.8367890598746083,0.9465408053934521,0.9465408053934522,0.8921989594078525,0.8921989594078528,0.8972771654849692,0.8972771654849693,0.8462213189493127,0.8462213189493126,0.6428572283867644,0.6969697585447435,0.6808511194814776,0.5166906811589299,0.48080569504158405,0.6240882083857785,0.45702002292819166,0.24565223280207849,0.7451511022527417,0.33199120789242365,0.2060285086711473,0.7552554932246501,0.23912911178819574,0.3008819522116821,0.85206342251595,0.03280013723175632,0.06174420545945379,0.10132920611798982,0.04869463510639763,0.5311120236868813,0.5457171507840763,0.615800946024016,0.5677419953562496,0.5311120236868814,0.5457171507840765,0.6158009460240161,0.5677419953562497,0.8181820952695747,0.5454547301797166,0.8181820952695747,0.5454547301797166,0.8181820952695747,0.8181820952695747,0.5199999880790727,0.5909090562731302,0.6484018766415738,0.6040846808005819,0.9372352574762887,0.9297619336968224,0.23172414789762596,-0.05882353585690325,SELL,0.0,1.0
0.5178572129439206,0.535714259580233,0.5344828294942289,0.5517241157830534,0.001175779504336331,0.0,0.0,HPR,2022-06-24 00:00:00+10:00,Energy,0.3690604101316193,0.4401523190929937,0.49999978507944104,0.515791290423502,0.397111945109931,0.6445728115257563,0.35177864602887343,0.6741296050783907,0.27578945907199215,0.7465294792321046,0.26735457283898656,0.6996423200271097,0.047096208494292524,0.7797603709173303,0.020102475991092383,0.8556189146249767,0.7797786322300457,0.7797786322300458,0.8910789373142268,0.8910789373142269,0.8966895394807703,0.8966895394807703,0.8463970604503207,0.8463970604503206,0.6551724315114905,0.7058823658314565,0.6590909206362323,0.5607374067566044,0.503440225968121,0.6949558619146945,0.4989175399176303,0.23451498489854528,0.7224756683592285,0.3661140660357274,0.1948089426535916,0.7322220673151631,0.254481742527378,0.29081753527841214,0.8511544662958299,0.029486578705475854,0.06272271747210194,0.03765828482266099,0.0160189146036755,0.8222398941237704,0.5659287855618343,0.632034624513202,0.5838709396196781,0.8222398941237705,0.5659287855618342,0.632034624513202,0.5838709396196782,0.8636364021207743,0.8333335308866414,0.8636364021207743,0.8333335308866413,0.8636364021207743,0.8636364021207743,0.5333332472377472,0.5568180807966296,0.6491103421209659,0.5957475191253192,0.9385644418791086,0.9116587202832075,0.23915862957099554,-0.08695648418106727,SELL,0.0,1.0
0.553571439262632,0.553571439262632,0.5689655305301679,0.5689655305301679,0.012625459420617081,0.0,0.0,HPR,2022-06-27 00:00:00+10:00,Energy,0.36872062611470596,0.439795236581078,0.4615384615384615,0.48322139475873116,0.46931411083505403,0.5401933246800612,0.37154149420665483,0.6698485228197382,0.29157893265300905,0.7489423601458532,0.2701688303968779,0.7164677684148616,0.05374168697492476,0.7929699555970736,0.023649972704357314,0.8742511846171958,0.7720596374162095,0.7720596374162096,0.8898375686365739,0.8898375686365739,0.8960469390057331,0.8960469390057332,0.8374392997574837,0.8374392997574838,0.6666667080587846,0.7142857446962505,0.6666666942614131,0.5986021620641733,0.5304467328530705,0.7375089660778444,0.5405280662911586,0.22720111022553735,0.7033091529661762,0.3993293358799881,0.1865263701396508,0.714553639849399,0.26650400971390487,0.2820280886385158,0.8550588885186391,0.04141019122749758,0.07322992878401267,0.2879383147666907,0.14765566778338968,0.8458449176710711,0.5861405709288228,0.6482684239533738,0.529435415924196,0.8458449176710712,0.5861405709288229,0.6482684239533739,0.5294354159241961,0.9090910476347874,0.8636365150083789,0.9090910476347874,0.8636365150083788,0.9090910476347873,0.9090910476347873,0.5466666057374826,0.5681817392887965,0.6484806807809955,0.5853714496300807,0.9501260151205739,0.9258238865908632,0.24644442161089775,-0.09999998935631349,SELL,0.0,1.0
0.553571439262632,0.553571439262632,0.5689655305301679,0.5689655305301679,0.007039569898920437,0.0,0.0,HPR,2022-06-28 00:00:00+10:00,Energy,0.34560330195783223,0.41532323320539793,0.4615384615384615,0.48322139475873116,0.5415162765601771,0.4200178775649077,0.39130434238443623,0.6393291914947217,0.30736840623402595,0.7274722407085482,0.2725140473582166,0.7140536916802164,0.06038716545555678,0.7871336179904528,0.027197469417622244,0.8717731327271213,0.7720596374162095,0.7720596374162096,0.8898375686365739,0.8898375686365739,0.8960469390057331,0.8960469390057332,0.8371382811465636,0.8371382811465635,1.0,0.7142857446962505,0.6666666942614131,0.6263414853273797,0.5585711662409072,0.7483899140465917,0.5758454066680757,0.22633139835329696,0.6709808132289368,0.4279230390355546,0.18340898115090976,0.6857215052181778,0.27642680115176965,0.2748150002048917,0.8409445087463101,0.04805843276866064,0.079088428344998,0.13833630974298547,0.07630441614156717,0.8458449176710711,0.5861405709288228,0.6482684239533738,0.5131513861290373,0.8458449176710712,0.5861405709288229,0.6482684239533739,0.5131513861290375,0.9090910476347874,0.8939394991301164,0.9090910476347874,0.8939394991301163,0.9090910476347873,0.9090910476347873,0.5466666057374826,0.5681817392887965,0.6200873328347308,0.5642446648347658,0.9501260151205739,0.9258238865908632,0.2535844978100019,-0.09999998935631349,SELL,0.0,1.0
0.553571439262632,0.553571439262632,0.5689655305301679,0.5689655305301679,0.014053141486091604,0.0,0.0,HPR,2022-06-29 00:00:00+10:00,Energy,0.34560330195783223,0.41532323320539793,0.4615384615384615,0.48322139475873116,0.548736481028858,0.4087622708439267,0.4110671905622174,0.6097864789205443,0.32315787981504285,0.7065411201068522,0.2748592643195551,0.7116480557779107,0.06703264393618902,0.781348243093131,0.03074496613088673,0.8693033887029814,0.039100019217963744,0.03910001921796375,0.8898375686365739,0.8898375686365739,0.8960469390057331,0.8960469390057332,0.8371382811465636,0.8371382811465635,1.0,0.6666667080587846,0.6666666942614131,0.6458316601425729,0.5856512461470754,0.7382250634364059,0.605959030316645,0.23079024307935336,0.6446755274439131,0.4527649307767163,0.18448471449766335,0.6630799834791319,0.2859446760878348,0.2680731339034099,0.8285187551118828,0.03627771469309934,0.09078379104597185,0.3658413894655972,0.13291278879847984,0.40845855325083635,0.5861405709288228,0.6482684239533738,0.5131513861290373,0.40845855325083635,0.5861405709288229,0.6482684239533739,0.5131513861290375,0.9090910476347874,0.9090910476347874,0.9090910476347874,0.9090910476347874,0.9090910476347873,0.9090910476347873,0.4799999622503968,0.5681817392887965,0.5982739397652472,0.5490091375572558,0.9285444114480264,0.9258238865908632,0.26058177248512415,-0.09999998935631349,SELL,0.0,1.0
0.553571439262632,0.553571439262632,0.5689655305301679,0.5689655305301679,0.021079712229137407,0.0,0.0,HPR,2022-06-30 00:00:00+10:00,Energy,0.34560330195783223,0.41532323320539793,0.4615384615384615,0.48322139475873116,0.5559566854975388,0.3976356679924935,0.4308300387399988,0.581174245621759,0.34421050994927926,0.6794368997795067,0.2818949117089271,0.7044813562147038,0.0742559890812251,0.7751168203345103,0.03429246284415166,0.8668419108355215,0.039100019217963744,0.03910001921796375,0.8898375686365739,0.8898375686365739,0.8653131879598859,0.8653131879598859,0.775120044291001,0.7751200442910009,1.0,0.6666667080587846,0.6666666942614131,0.6586367166601483,0.6103247231229587,0.7148012326226296,0.6314935559165537,0.23993804079712744,0.6221554087303887,0.46872154740599137,0.20510408736339847,0.6464735052571512,0.30243114176840624,0.2618907014601659,0.8094595627872702,0.05286198663759967,0.10543963989198553,0.3766005523474768,0.17191249678052914,0.40845855325083635,0.5861405709288228,0.7619047648279967,0.7026392765743472,0.40845855325083635,0.5861405709288229,0.7619047648279968,0.7026392765743474,0.9090910476347874,0.9090910476347874,0.9090910476347874,0.9090910476347874,0.9090910476347873,0.9090910476347873,0.4799999622503968,0.5681817392887965,0.583290354168111,0.5363649376737784,0.9268754437276071,0.9258238865908632,0.2674391016667438,-0.08571424618059287,SELL,0.0,1.0
0.553571439262632,0.553571439262632,0.5689655305301679,0.5689655305301679,0.0,0.0,0.0,HPR,2022-07-01 00:00:00+10:00,Energy,0.34560330195783223,0.41532323320539793,0.4615384615384615,0.48322139475873116,0.5595668011805808,0.39212003143826935,0.4703557277333281,0.5265707572002123,0.3599999835302964,0.6596871770365239,0.2889305590982991,0.6973890514601669,0.08205720196702782,0.7684526649766269,0.03783995955741659,0.8643886576942194,0.03169071719789498,0.03169071719789498,0.7677705090288768,0.7677705090288769,0.8480089934538663,0.8480089934538665,0.775120044291001,0.7751200442910009,1.0,0.6666667080587846,0.750000023283067,0.6660582183118677,0.6318076878626906,0.6837474938074579,0.6266980589893839,0.3154383907672318,0.5963043288431941,0.4867254897788029,0.21382209135182773,0.6303670779077968,0.31778011081550295,0.257032032278109,0.7934617221523191,0.05175156849327871,0.09543913016909449,0.0,0.0,0.3908505042247333,0.8691049305801097,0.6482684239533738,0.7026392765743472,0.39085050422473333,0.86910493058011,0.6482684239533739,0.7026392765743474,0.9090910476347874,0.9090910476347874,0.9090910476347874,0.9090910476347874,0.9090910476347873,0.9090910476347873,0.4799999622503968,0.5113635738264849,0.5724530155521586,0.5216182740840574,0.9268754437276071,0.9561149438089603,0.27415928426473113,-0.042857123090296434,HOLD,0.0,0.5
0.553571439262632,0.553571439262632,0.5689655305301679,0.5689655305301679,0.00819766586688677,0.0,0.0,HPR,2022-07-04 00:00:00+10:00,Energy,0.34560330195783223,0.41532323320539793,0.4615384615384615,0.48322139475873116,0.5595668011805808,0.39212003143826935,0.5098814167266572,0.47520303094388616,0.3757894571113133,0.6404133512456186,0.29596620648767114,0.6903699890989664,0.09072521700216085,0.7611269376186897,0.04138745627068108,0.8619435881249619,0.0,0.0,0.7677705090288768,0.7677705090288769,0.8480089934538663,0.8480089934538665,0.775120044291001,0.7751200442910009,1.0,0.6666667080587846,0.7142857446962505,0.6691772595797764,0.6497270891014926,0.6490627905315209,0.5920840243818862,0.42147264064055345,0.5707843188935127,0.501913150962082,0.2256876446849604,0.6163231516111162,0.33213992051809105,0.25332449863455586,0.7797471985439767,0.047569915144809474,0.10226142507799589,0.16274868580436214,0.06891294420504737,0.37374541401431466,0.8691049305801097,0.6482684239533738,0.7026392765743472,0.37374541401431466,0.86910493058011,0.6482684239533739,0.7026392765743474,0.9090910476347874,0.9090910476347874,0.9090910476347874,0.9090910476347874,0.9090910476347873,0.9090910476347873,0.4799999622503968,0.4545454083641735,0.5643031775300764,0.5102563628435167,0.9268754437276071,0.9501260151205739,0.28074506321075865,-0.042857123090296434,HOLD,0.0,0.5
0.553571439262632,0.553571439262632,0.5689655305301679,0.5689655305301679,0.0,0.0,0.0,HPR,2022-07-05 00:00:00+10:00,Energy,0.34560330195783223,0.41532323320539793,0.4615384615384615,0.48322139475873116,0.5595668011805808,0.39212003143826935,0.5494071057199863,0.42679172048816216,0.39157893069232996,0.6215984260864208,0.30300185387704315,0.6834230403955349,0.09939323203729433,0.7538829098257404,0.04493495298394601,0.8595066612477421,0.0,0.0,0.7677705090288768,0.7677705090288769,0.8480089934538663,0.8480089934538665,0.775120044291001,0.7751200442910009,1.0,0.6666667080587846,0.7142857446962505,0.6688898826977723,0.6639950714808882,0.6135229777453545,0.44197584361883224,0.6457718012860713,0.6033623262059702,0.5143598939384537,0.24061651972691356,0.6037883002751012,0.3456225474315169,0.25063778766024525,0.7677893147953874,0.04092167360364642,0.10226142507799589,0.0,0.0,0.37374541401431466,0.8691049305801097,0.6482684239533738,0.7026392765743472,0.37374541401431466,0.86910493058011,0.6482684239533739,0.7026392765743474,0.9090910476347874,0.9090910476347874,0.9090910476347874,0.9090910476347874,0.9090910476347873,0.9090910476347873,0.4799999622503968,0.4545454083641735,0.5580179275883725,0.5012739028472886,0.9268754437276071,0.9501260151205739,0.2871991265778656,-0.042857123090296434,HOLD,0.0,0.5
0.553571439262632,0.553571439262632,0.4827585852528856,0.4827585852528856,0.000885113694599003,0.0,0.0,HPR,2022-07-18 00:00:00+10:00,Energy,0.23166809172914055,0.2892824420329456,0.26923069759058293,0.3250238078183666,0.5415162496627737,0.28052847823751836,0.5494070909955195,0.3100858329123135,0.5073684062340261,0.3936219083918763,0.36397746342005277,0.5340749883610444,0.1623808060935681,0.6148932684598466,0.0758770070786059,0.7357220137463306,0.1561897260140729,0.15618972601407294,0.1315125812510432,0.1315125812510432,0.7581393826811559,0.758139382681156,0.7900755969394876,0.7900755969394875,0.0,0.0,0.7999999105930408,0.5764949274373634,0.6624172351648501,0.35317493597822436,0.46718242631156104,0.6199604732718061,1.1097234242640752e-11,0.5083980299638335,0.4587706442587116,0.3865252488465284,0.43218799755937876,0.2625959837934442,0.6318745196224558,0.038472338919967944,0.1310160336600336,0.021727506367614,0.005819726285163367,0.2894418832129219,0.297401287826342,0.6726190027674017,0.6146626940643442,0.28944188321292186,0.29740128782634195,0.6726190027674018,0.6146626940643442,0.0,0.0,0.6818181587275355,0.8333334179990367,0.0,0.6818181587275354,0.09333341015708702,0.37500001058321025,9.936496070395151e-15,0.4037696453796467,0.98699894553448,0.9921401534019654,0.33977624800649797,0.09230776813608932,BUY,0.0,0.0
0.4642856738967237,0.4642856738967237,0.4827585852528856,0.4827585852528856,0.0,0.0,0.0,HPR,2022-07-19 00:00:00+10:00,Energy,0.34560330195783223,0.41532323320539793,0.4615384615384615,0.48322139475873116,0.5234656981449668,0.3071955766737202,0.5395256632255121,0.32107986708464664,0.5231578758936847,0.37917791640937704,0.3672607650691404,0.5313362545760684,0.16700374694333675,0.6116075916515739,0.07843908746714812,0.7341387035992751,0.1561897260140729,0.15618972601407294,0.1315125812510432,0.1315125812510432,0.7581393826811559,0.758139382681156,0.7839249136284338,0.7839249136284339,0.0,0.0,0.7999999105930408,0.5483728882050818,0.6458235791706447,0.31314197728941284,0.47673166218454555,0.5925346847593217,0.16666666667212243,0.4201644763670942,0.5862224387128796,0.14466020215029518,0.435109898268764,0.26526401709713454,0.629808054905022,0.038472338919967944,0.1310160336600336,0.0,0.0,0.2894418832129219,0.297401287826342,0.6726190027674017,0.5555060857489925,0.28944188321292186,0.29740128782634195,0.6726190027674018,0.5555060857489925,0.0,0.0,0.6818181587275355,0.7575757883632861,0.0,0.6818181587275354,0.09333341015708702,0.37500001058321025,0.1928104564023666,0.331386608816969,0.98699894553448,0.9921401534019654,0.34504968767769006,0.09230776813608932,BUY,0.0,0.0
0.553571439262632,0.6428572046285402,0.5689655305301679,0.5689655305301679,0.048014900077479654,0.0,0.0,HPR,2022-07-20 00:00:00+10:00,Energy,0.4683027641501717,0.5413640243778501,0.4615384615384615,0.48322139475873116,0.5234656981449668,0.44873633461463514,0.5395256632255121,0.43863146759715166,0.5252631353778862,0.47860771331129104,0.37288928367956675,0.6181042185027968,0.173649225423969,0.6949852945076255,0.0819865841804126,0.8345310543321142,0.25656153276480304,0.25656153276480304,0.21878317558702884,0.2187831755870288,0.198428165179394,0.19842816517939402,0.7967758042489183,0.7967758042489184,0.5,0.5,0.8333332712451719,0.5492380373799894,0.6327519796174932,0.34742268606510196,0.47673166218454555,0.5925346847593217,0.5833333333240175,0.4211950493548511,0.5889159274019247,0.5372698371143713,0.44299303540593415,0.26649297838836605,0.6962776735095526,0.08381809979363254,0.1488985356138901,0.5410013010421534,0.2780359039439448,0.37374541401431466,0.38402309373201393,0.43102237467523097,0.6389321573190508,0.37374541401431466,0.38402309373201393,0.43102237467523097,0.6389321573190511,0.5,0.16666666666666674,0.6666665838824616,0.6767676337791774,0.5,0.6666665838824617,0.22666679647231944,0.488636426173515,0.6376582351601966,0.5499303283693804,0.992605329624397,0.9946104614096163,0.3502176585554585,0.014285743175720622,HOLD,0.0,0.5
0.5714286189450309,0.6250000249461413,0.5689655305301679,0.6379310610603358,0.00595537003326847,0.0,0.0,HPR,2022-07-21 00:00:00+10:00,Energy,0.436751436185465,0.5098348629265088,0.5769230052828906,0.5768029702760707,0.5379061339797315,0.5376107303692852,0.5474308024966248,0.522645260142786,0.5315789216732066,0.5532136877079864,0.3803939751601353,0.6842329629940042,0.18173937271833585,0.7589975511317447,0.08573116445229889,0.9139755511423983,0.284053046739713,0.284053046739713,0.24906695646801885,0.2490669564680189,0.22671544718468697,0.22671544718468703,0.8030662417142983,0.8030662417142982,0.6428571048439929,0.6428571048439929,0.6874998835846973,0.5679535866082175,0.6266931825608004,0.41567935489082697,0.5017187992789763,0.5810660571994385,0.8069122390110048,0.4359189645469528,0.5839959617611499,0.7838759817739142,0.4562186920120552,0.2649722329836677,0.7437198635751979,0.05180587280691034,0.15092592673810393,0.10856491414591032,0.034025014406126965,0.4411882135310322,0.4533205126412554,0.48354338954421106,0.7056729897122043,0.4411882135310323,0.4533205126412555,0.483543389544211,0.7056729897122044,0.8999998509884679,0.4666666169961561,0.8999998509884679,0.7494948645328217,0.899999850988468,0.899999850988468,0.2800001311302002,0.284091038975762,0.6822288683462427,0.6128789388135245,0.9929857271458887,0.9938615685109742,0.3624158512455381,-0.040540521492307025,HOLD,0.0,0.5
0.6250000249461413,0.6250000249461413,0.6379310610603358,0.6379310610603358,0.0,0.0,0.0,HPR,2022-07-22 00:00:00+10:00,Energy,0.34560330195783223,0.41532323320539793,0.4615384615384615,0.48322139475873116,0.5523465698144967,0.5138125199441339,0.5553359417677373,0.512732735156666,0.5368420821477841,0.5478730053471282,0.3878986666407038,0.6772870617552421,0.1898295200127027,0.7526186551112376,0.08947574472418518,0.9113663358524916,0.284053046739713,0.284053046739713,0.24906695646801885,0.2490669564680189,0.22586577699344987,0.22586577699344992,0.8030662417142983,0.8030662417142982,0.6428571048439929,0.6428571048439929,0.6874998835846973,0.58103924215064,0.6249215036626359,0.45740652523552106,0.5216402106526438,0.5747846847542478,0.7450489827262389,0.44819214882058356,0.579892362130153,0.7351769848913725,0.46875913562447047,0.264248905136492,0.7355625724874054,0.05180587280691034,0.14994741472545578,0.0,0.0,0.4411882135310322,0.4533205126412554,0.46946174631979376,0.7056729897122043,0.4411882135310323,0.4533205126412555,0.46946174631979376,0.7056729897122044,0.8999998509884679,0.7666665673256453,0.8999998509884679,0.8222220952864657,0.899999850988468,0.899999850988468,0.2800001311302002,0.25000006349926146,0.7188328765687381,0.7199135804301016,0.9929857271458887,0.9937072143013373,0.3741261162280146,-0.040540521492307025,HOLD,0.0,0.5
0.553571439262632,0.6428572046285402,0.5689655305301679,0.6551724758074503,0.008783213428807253,0.0,0.0,HPR,2022-07-25 00:00:00+10:00,Energy,0.36715864393497305,0.43815276831344846,0.6538462254863401,0.6414189816990957,0.5884476728501107,0.4835284904991106,0.5652173695377447,0.5235763003950606,0.5421052426223619,0.5626057091138302,0.39587240221246867,0.6879845695049979,0.19820860171563393,0.7634297675554581,0.09341740855469283,0.9290375757607797,0.17302829269177258,0.17302829269177258,0.24901781894010938,0.24901781894010938,0.2256814854914748,0.22568148549147485,0.803050494763245,0.8030504947632449,0.6666666666666666,0.6666666666666666,0.6875000291038121,0.594415388891912,0.6266477898220649,0.49145274892721674,0.5448166653161003,0.5686996763988296,0.7404855511668815,0.4625802342697747,0.5734250937596896,0.7443158328499914,0.4821997386511456,0.2633449315646541,0.7403411363235948,0.05926491867237788,0.1467498051016537,0.13996375871740943,0.05159998960093012,0.555322257019803,0.47064489963768585,0.468537461162543,0.7223582288891095,0.5553222570198029,0.4706448996376859,0.468537461162543,0.7223582288891095,1.0,0.9333332339923122,1.0,0.9333332339923119,1.0,1.0,0.3466668242878164,0.2954546974679289,0.639867878605469,0.6171675573245821,0.9223649442911495,0.92926734023652,0.3853679706111922,-0.05333333995607137,SELL,0.0,1.0
0.6428572046285402,0.6428572046285402,0.6551724758074503,0.6551724758074503,0.0,0.0,0.0,HPR,2022-07-26 00:00:00+10:00,Energy,0.34560330195783223,0.41532323320539793,0.4615384615384615,0.48322139475873116,0.6245487758857247,0.4287360244823959,0.5750987973077519,0.5113540738268609,0.5473684030969396,0.5572696053893388,0.4038461377842335,0.6806642435107021,0.20687661675076718,0.7566422233337681,0.09735907238520003,0.9262737543868839,0.17302829269177258,0.17302829269177258,0.24901781894010938,0.24901781894010938,0.2256814854914748,0.22568148549147485,0.803050494763245,0.8030504947632449,0.6666666666666666,0.6666666666666666,0.6666666666666666,0.6030161928871902,0.6300501586598628,0.5077663154877654,0.5638505407212225,0.5668566299320575,0.69751645579329,0.4749849980834471,0.5691744374013414,0.7086455633867887,0.4949314381183969,0.26326594547855797,0.7324655774721143,0.05926491867237788,0.14089130554066837,0.0,0.0,0.555322257019803,0.47064489963768585,0.468537461162543,0.7223582288891095,0.5553222570198029,0.4706448996376859,0.468537461162543,0.7223582288891095,1.0,0.9666666169961561,1.0,0.9666666169961559,1.0,1.0,0.3466668242878164,0.284091038975762,0.6625000244472075,0.6435859040345815,0.9223649442911495,0.9223649442911495,0.39616015081904254,-0.05333333995607137,SELL,0.0,1.0
0.6428572046285402,0.6428572046285402,0.6551724758074503,0.6551724758074503,0.0,0.0,0.0,HPR,2022-07-27 00:00:00+10:00,Energy,0.34560330195783223,0.41532323320539793,0.4615384615384615,0.48322139475873116,0.6425993274035318,0.40244151722101185,0.5849802250777594,0.4993032670764046,0.5526315635715172,0.5519712660424086,0.41181987335599857,0.6734228804452352,0.21554463178590066,0.7499251136795938,0.10130073621570768,0.923519896321691,0.12099577833098273,0.12099577833098274,0.24901781894010938,0.24901781894010938,0.2256814854914748,0.22568148549147485,0.803050494763245,0.8030504947632449,1.0,0.6666666666666666,0.6666666666666666,0.607777616622841,0.6338910718860535,0.5120347344399647,0.5796971447556271,0.5682773191333862,0.6647522923069621,0.4859089664471137,0.5665787566773972,0.681884232629442,0.5069984978704538,0.2639604347690121,0.7252418739270929,0.013919157798713264,0.12919594283969452,0.0,0.0,0.4580489448157074,0.47064489963768585,0.468537461162543,0.7223582288891095,0.45804894481570746,0.4706448996376859,0.468537461162543,0.7223582288891095,1.0,1.0,1.0,1.0,1.0,1.0,0.3466668242878164,0.284091038975762,0.6280675008570454,0.5972425261827847,0.9223649442911495,0.9223649442911495,0.4065206438185788,-0.05333333995607137,SELL,0.0,1.0
0.6428572046285402,0.6428572046285402,0.6551724758074503,0.6551724758074503,0.0,0.0,0.0,HPR,2022-07-28 00:00:00+10:00,Energy,0.34560330195783223,0.41532323320539793,0.4615384615384615,0.48322139475873116,0.6462094430865739,0.3972669755243674,0.5948616528477668,0.4874202989478562,0.5578947240460949,0.5467102915906968,0.4197936089277634,0.6662592095258711,0.2245015812295983,0.7430569369922179,0.10524240004621532,0.9207759477869871,0.029549451401292705,0.02954945140129271,0.24901781894010938,0.24901781894010938,0.2256814854914748,0.22568148549147485,0.803050494763245,0.8030504947632449,1.0,0.6666666666666666,0.6666666666666666,0.6094767176623668,0.6373631210359021,0.5084445245184228,0.5928492605743853,0.5724571387236351,0.6378900695393221,0.49564204576173365,0.5653140446294052,0.6606086774787503,0.5184374999485821,0.26538582703551516,0.7185712236765003,0.008294845657960907,0.11165289878823374,0.0,0.0,0.389694754281094,0.47064489963768585,0.468537461162543,0.7223582288891095,0.389694754281094,0.4706448996376859,0.468537461162543,0.7223582288891095,1.0,1.0,1.0,1.0,1.0,1.0,0.333333465788081,0.284091038975762,0.6061026465657897,0.565834473574641,0.9048969257957812,0.9223649442911495,0.41646671709813365,0.05333333995607137,BUY,0.0,0.0
0.6428572046285402,0.6428572046285402,0.6551724758074503,0.6551724758074503,0.0,0.0,0.0,HPR,2022-07-29 00:00:00+10:00,Energy,0.34560330195783223,0.41532323320539793,0.4615384615384615,0.48322139475873116,0.6498195587696158,0.39212003143826935,0.6047430806177743,0.4757016873103215,0.5631578845206723,0.5414862881665133,0.42776734449952847,0.6591719870926841,0.23345853067329592,0.7362616259787381,0.10918406387672253,0.9180418553908968,0.029549451401292705,0.02954945140129271,0.24901781894010938,0.24901781894010938,0.2256814854914748,0.22568148549147485,0.803050494763245,0.8030504947632449,1.0,0.6666666666666666,0.6666666666666666,0.6087572000534802,0.6399716610878786,0.5000398596856089,0.603564153363941,0.5791326515907739,0.6146334218868155,0.5043673831314661,0.5651756112747661,0.642982650233802,0.5292787892460591,0.26750680836706175,0.7123740889597212,0.008294845657960907,0.11165289878823374,0.0,0.0,0.389694754281094,0.47064489963768585,0.468537461162543,0.7223582288891095,0.389694754281094,0.4706448996376859,0.468537461162543,0.7223582288891095,1.0,1.0,1.0,1.0,1.0,1.0,0.333333465788081,0.284091038975762,0.5912698516726171,0.5442561058667985,0.9048969257957812,0.9223649442911495,0.42601494744650636,0.013333260483214815,HOLD,0.0,0.5
0.6428572046285402,0.6428572046285402,0.39655170420474806,0.4482758842169464,0.009399912121021906,0.0,0.0,HPR,2022-08-02 00:00:00+10:00,Energy,0.09038853517521334,0.1187879339315761,0.0,0.1288589445950068,0.6064982512653212,0.13758072560398538,0.6205533738844662,0.1909852440778137,0.561052625036471,0.306193559893143,0.4446529003308075,0.43538981570737667,0.2476162887075286,0.5234848194840939,0.11470239323943332,0.6717030286956999,0.3498648435238915,0.3498648435238916,0.4111571884669577,0.41115718846695776,0.40247830063271506,0.40247830063271506,0.8311583076678396,0.8311583076678395,0.0769232091818634,0.3703704316919986,0.3703704316919986,0.5438902980356204,0.627993087112251,0.34371150701886766,0.6081706979517459,0.6026515477905768,0.04168495207816486,0.5236039311441087,0.5398310593108824,0.2081070623215256,0.5326288305807427,0.29481711189947,0.5565082051494146,0.008877262186645585,0.11265343706730206,1.0,0.07179300773784941,0.18490558206734517,0.34670916690992026,0.3154762101635651,0.6664136742456067,0.18490558206734514,0.34670916690992026,0.3154762101635651,0.6664136742456068,0.200000099341046,0.7333333664470155,0.200000099341046,0.7333333664470153,0.2000000993410459,0.2000000993410459,0.5333334955903992,0.4545456200283783,0.36034488370916473,0.27772893203234694,0.8348413033932363,0.8632319478259254,0.6551724758074503,0.12698414575606076,BUY,0.0,0.0
0.42857144757801235,0.42857144757801235,0.4482758842169464,0.4482758842169464,0.0,0.0,0.0,HPR,2022-08-03 00:00:00+10:00,Energy,0.34560330195783223,0.41532323320539793,0.4615384615384615,0.48322139475873116,0.5631769437610263,0.19468890232913938,0.6067193838411362,0.20450254498932519,0.5536842050776919,0.31236303373873453,0.45028141894123364,0.4313179816289884,0.2528170972980637,0.520252513314322,0.11627905877163647,0.6707912709548881,0.3498648435238915,0.3498648435238916,0.36687814281519543,0.3668781428151955,0.40247830063271506,0.40247830063271506,0.8311583076678396,0.8311583076678395,0.0,0.3703704316919986,0.3703704316919986,0.4938072841170936,0.6054603859686292,0.2553363513489335,0.6340037234059622,0.5514923442938776,0.16779267347652937,0.5318081886126829,0.5172032517662901,0.24676635252940796,0.528616618844393,0.3098893016929869,0.5528805174489584,0.008877262186645585,0.11265343706730206,0.0,0.0,0.18490558206734517,0.2627526429099612,0.3154762101635651,0.6664136742456067,0.18490558206734514,0.2627526429099612,0.3154762101635651,0.6664136742456068,0.200000099341046,0.4666667328940307,0.200000099341046,0.46666673289403066,0.2000000993410459,0.2000000993410459,0.5066668779319893,0.4545456200283783,0.3386194490720692,0.22663016057472768,0.7453491696790902,0.8632319478259254,0.6500000603753963,0.12698414575606076,BUY,0.0,0.0
0.4464286272604113,0.4464286272604113,0.4655172989640609,0.4655172989640609,0.0012185244763565262,0.0,0.0,HPR,2022-08-04 00:00:00+10:00,Energy,0.3709222749929117,0.44210764218551546,0.4615384615384615,0.48322139475873116,0.5234657519397736,0.278887514412993,0.5869565430255881,0.2469928350656727,0.5473684187823716,0.3376641487903692,0.45450280877271454,0.44558952153548737,0.2583068402971631,0.5336052987272325,0.11805280786246053,0.6899470410063379,0.3601136256127782,0.3601136256127782,0.3384873311806886,0.33848733118068863,0.4045329413152934,0.40453294131529344,0.8186468796220329,0.8186468796220328,0.0769232091818634,0.3928572378900178,0.39285723789001786,0.45868640444917136,0.5791802018490408,0.21886153196684516,0.6378189511101379,0.5122906905784325,0.26708825765425553,0.5357496103309638,0.5012623498277518,0.29889071697123515,0.5274370019913577,0.31906431371005284,0.563341140467049,0.010028049118085781,0.11366752247483233,0.11475554477175723,0.009224313901668876,0.20064226404138757,0.22014412499169114,0.32823133817170913,0.5970674824385461,0.20064226404138755,0.22014412499169106,0.3282313381717091,0.5970674824385462,0.2666668819055997,0.2222223601958973,0.2666668819055997,0.2222223601958972,0.2666668819055996,0.2666668819055996,0.5200002364317247,0.4659092785205451,0.3841167452592572,0.2722571486809406,0.7491137016831629,0.8643253309987504,0.6449310932519833,0.10937498362909626,BUY,0.0,0.0
0.42857144757801235,0.42857144757801235,0.4482758842169464,0.4482758842169464,5.855475619204835e-06,0.0,0.0,HPR,2022-08-05 00:00:00+10:00,Energy,0.3206799386593598,0.3885388242252803,0.4615384615384615,0.48322139475873116,0.48014444443547855,0.3158261311615096,0.5652174137111454,0.24666960152449446,0.5399999988235925,0.3239841891712324,0.4582551545129989,0.4256010057291729,0.26379658329626254,0.5134929895057728,0.11962947339466368,0.6688581145403297,0.3542107851376956,0.35421078513769566,0.33706725033033086,0.33706725033033086,0.4052243356089299,0.40522433560892995,0.8196133661026076,0.8196133661026077,0.07142868546802135,0.4583334238785407,0.379310415701089,0.4259872308908339,0.550471174793048,0.1952212358051335,0.6358481080081874,0.47548442095565935,0.28887619793449626,0.5401714445030408,0.4828618772568587,0.2933156495178061,0.5258051712802596,0.3278986741987995,0.5476445336069614,0.010033579088924032,0.0939892950395971,0.0005511403092999415,5.351106894666371e-05,0.18490558206734517,0.20375619148784724,0.3154762101635651,0.5794721397174949,0.18490558206734514,0.2037561914878472,0.3154762101635651,0.5794721397174949,0.200000099341046,0.22222236019589733,0.200000099341046,0.2222223601958972,0.2000000993410459,0.2000000993410459,0.4666669017738438,0.4772729370127119,0.38109528140577503,0.27323794756358505,0.7575342060110941,0.8642926468616345,0.6399635054710388,0.15873012306348477,BUY,0.0,0.0
0.42857144757801235,0.42857144757801235,0.4482758842169464,0.4482758842169464,0.0008709434436005272,0.0,0.0,HPR,2022-08-08 00:00:00+10:00,Energy,0.34560330195783223,0.41532323320539793,0.4615384615384615,0.48322139475873116,0.4368231369311837,0.38602839501023856,0.541501995897808,0.271915792968072,0.5326315788648136,0.33033151369056457,0.4620075002532831,0.42293130221112574,0.269286326295362,0.5101455075010967,0.12120613892686682,0.6679504251451437,0.3542107851376956,0.35421078513769566,0.33253804284684896,0.332538042846849,0.4052243356089299,0.40522433560892995,0.8196133661026076,0.8196133661026077,0.07142868546802135,0.4583334238785407,0.379310415701089,0.40040854642346757,0.5214925133114565,0.1925968431031589,0.6203978725399325,0.44895142377005326,0.3278812731451325,0.5430580707960111,0.46617719307095573,0.31235557201419845,0.5239713713205731,0.33696807667650863,0.5450112309168813,0.010856106951405601,0.09471411514298995,0.07576560239613685,0.00789895026508795,0.18490558206734517,0.18999032767021737,0.3154762101635651,0.5794721397174949,0.18490558206734514,0.18999032767021734,0.3154762101635651,0.5794721397174949,0.200000099341046,0.2222223601958973,0.200000099341046,0.2222223601958972,0.2000000993410459,0.2000000993410459,0.4666669017738438,0.4659092785205451,0.38788752225179374,0.2942608748375789,0.7575342060110941,0.8363949621071329,0.6350952694457129,0.15873012306348477,BUY,0.0,0.0
0.42857144757801235,0.42857144757801235,0.4482758842169464,0.4482758842169464,0.0,0.0,0.0,HPR,2022-08-09 00:00:00+10:00,Energy,0.34560330195783223,0.41532323320539793,0.4615384615384615,0.48322139475873116,0.4368231369311837,0.38602839501023856,0.5177865780844702,0.2980543388683372,0.5252631589060345,0.33674290636608484,0.46575984599356723,0.4202746734598176,0.2744871348858968,0.506993811183765,0.12160030530991728,0.6677237054237123,0.054451822225632204,0.05445182222563221,0.33253804284684896,0.332538042846849,0.4052243356089299,0.40522433560892995,0.8196133661026076,0.8196133661026077,0.07142868546802135,0.31578957687780035,0.379310415701089,0.38070008770506597,0.49367775038145634,0.20392524398466483,0.5959941913029497,0.4315866701724477,0.35929991816524803,0.544641029972267,0.45094952127223054,0.32835575633078207,0.5219251711813171,0.3462846601533609,0.5422627335996897,0.0019787341653432523,0.09471411514298995,0.0,0.0,0.37374541401431466,0.18999032767021737,0.3154762101635651,0.5794721397174949,0.37374541401431466,0.18999032767021734,0.3154762101635651,0.5794721397174949,0.200000099341046,0.200000099341046,0.200000099341046,0.200000099341046,0.2000000993410459,0.2000000993410459,0.3333335154586114,0.4659092785205451,0.4075875451835163,0.31240509587175236,0.28764372060263527,0.8363949621071329,0.6303243981408936,0.15873012306348477,BUY,0.0,0.0
0.42857144757801235,0.42857144757801235,0.4482758842169464,0.4482758842169464,0.00180407203827701,0.0,0.0,HPR,2022-08-10 00:00:00+10:00,Energy,0.34560330195783223,0.41532323320539793,0.4615384615384615,0.48322139475873116,0.4368231369311837,0.38602839501023856,0.4940711602711325,0.32513340229101173,0.5178947389472554,0.3432193421478785,0.4695121917338514,0.4176310236601498,0.2796879434764319,0.5038610124451003,0.12238863807601863,0.667270508829828,0.054451822225632204,0.05445182222563221,0.33253804284684896,0.332538042846849,0.4052243356089299,0.40522433560892995,0.8196133661026076,0.8196133661026077,0.07142868546802135,0.13333353201537607,0.379310415701089,0.3658154065246674,0.4679277786867413,0.2240221698017381,0.5621319126575371,0.42390743065303105,0.3866735461593162,0.5450822288568671,0.43699791056824555,0.34216033601600915,0.5196548980225935,0.35586200891273423,0.5393848267709739,0.0036825181806086262,0.09621550732972747,0.46265429317956575,0.016109138856066584,0.37374541401431466,0.18999032767021737,0.3154762101635651,0.5794721397174949,0.37374541401431466,0.18999032767021734,0.3154762101635651,0.5794721397174949,0.200000099341046,0.200000099341046,0.200000099341046,0.200000099341046,0.2000000993410459,0.2000000993410459,0.28000018080073064,0.4659092785205451,0.42118226336000597,0.3259315918278479,0.05807462601308174,0.8363949621071329,0.6256489442621708,0.15873012306348477,BUY,0.0,0.0
0.4464286272604113,0.4464286272604113,0.4655172989640609,0.4655172989640609,0.013773366861005998,0.0,0.0,HPR,2022-08-11 00:00:00+10:00,Energy,0.3709222749929117,0.44210764218551546,0.4615384615384615,0.48322139475873116,0.4368231369311837,0.41648657715039317,0.47233203095668985,0.37555505184742044,0.5115789526519349,0.3692812836294389,0.47607879677934895,0.4300991860387976,0.2872002241063947,0.5158345854381422,0.12416238716684314,0.6863761413381056,0.054451822225632204,0.05445182222563221,0.33810618331885434,0.3381061833188544,0.4072641156331237,0.40726411563312376,0.7969169115637392,0.7969169115637391,0.6666666666666666,0.18750026193430927,0.4000000993410213,0.3597301650714324,0.44589766277418863,0.2602280895222401,0.5168125208999091,0.43148966390695787,0.44345412249736893,0.5436469692615253,0.42706612796348464,0.3752421544101972,0.5120889492724041,0.3768036938283623,0.5483179618995145,0.015539439254321035,0.07451232530417447,0.8370710945673759,0.1583442280749103,0.37374541401431466,0.20615975495987804,0.32823133817170913,0.7096774278210544,0.37374541401431466,0.20615975495987798,0.3282313381717091,0.7096774278210545,0.2666668819055997,0.2222223601958973,0.2666668819055997,0.2222223601958972,0.2666668819055996,0.2666668819055996,0.293333539300466,0.4772729370127119,0.44242805464035206,0.3493948733733431,0.4313541428230949,0.8524666221621137,0.6210669994610224,0.1406249290594166,BUY,0.0,0.0
0.4464286272604113,0.5000000332615216,0.4482758842169464,0.5172414147471144,0.02279981674703502,0.0,0.0,HPR,2022-08-12 00:00:00+10:00,Energy,0.42037320616009877,0.49323474475170975,0.5769230052828906,0.5870384535662648,0.45126357276594886,0.48235221659367844,0.4565217524144647,0.4701962177543504,0.5084210595042747,0.4336550353305565,0.4817073153897753,0.4771338229862586,0.29355676817846255,0.5612212761216958,0.12573905269904628,0.7457870541716421,0.09965948987284051,0.09965948987284051,0.3623475919488635,0.3623475919488635,0.4202291417117758,0.42022914171177583,0.7791210872656801,0.77912108726568,0.8333331263729237,0.27777782376899895,0.4545454955954671,0.3703093845843698,0.43075987232851265,0.32731213717213203,0.4624808145903706,0.4588888882095935,0.601851836937262,0.5411911037804968,0.4240429342178782,0.44856678198359146,0.5101146556746088,0.3895042536040527,0.589535635751955,0.03706628853463404,0.09348688175023444,0.5809137049779048,0.20946740168105296,0.4486818570355565,0.25466791635748287,0.3664966271632244,0.6498533795064468,0.44868185703555646,0.25466791635748287,0.3664966271632244,0.6498533795064468,0.46666673289403066,0.3111112380468923,0.46666673289403066,0.31111123804689206,0.4666667328940306,0.4666667328940306,0.28000018080073064,0.5000002539970456,0.46976743783094776,0.3778349089292855,0.7982853677488655,0.827043433424827,0.6165766935558968,-0.014925403009678595,HOLD,0.0,0.5
0.5000000332615216,0.5000000332615216,0.5172414147471144,0.5172414147471144,0.0,0.0,0.0,HPR,2022-08-15 00:00:00+10:00,Energy,0.34560330195783223,0.41532323320539793,0.4615384615384615,0.48322139475873116,0.4657040086007136,0.45747338058584863,0.44071147387223975,0.491162299202091,0.5105263268311923,0.4316540184516512,0.48733583400020164,0.4730078828966774,0.2999133122505304,0.5572400152736164,0.127315718231249,0.7448270586453053,0.09965948987284051,0.09965948987284051,0.3623475919488635,0.3623475919488635,0.39165600446534005,0.39165600446534005,0.7791210872656801,0.77912108726568,0.799999701976936,0.27777782376899895,0.4545454955954671,0.379272778407108,0.42075619485628013,0.37728323633243954,0.3741827506693308,0.5210693407033987,0.822748572088483,0.5411765270547195,0.4279045238234478,0.4458831905245012,0.5076450083946893,0.4027812819040377,0.5862075979714634,0.03624376067215247,0.09275026882278475,0.0,0.0,0.4486818570355565,0.25466791635748287,0.4322345006815482,0.6498533795064468,0.44868185703555646,0.25466791635748287,0.43223450068154823,0.6498533795064468,0.46666673289403066,0.4000001158978871,0.46666673289403066,0.4000001158978869,0.4666667328940306,0.4666667328940306,0.28000018080073064,0.5000002539970456,0.49576922706598525,0.39912078569232573,0.7982853677488655,0.827043433424827,0.6121761937688738,-0.014925403009678595,HOLD,0.0,0.5
0.5000000332615216,0.5000000332615216,0.5172414147471144,0.5172414147471144,0.0,0.0,0.0,HPR,2022-08-16 00:00:00+10:00,Energy,0.34560330195783223,0.41532323320539793,0.4615384615384615,0.48322139475873116,0.48014444443547855,0.4332013455389603,0.4486166131433522,0.4806141464149958,0.51263159415811,0.42965882272439637,0.492964352610628,0.46891172403334946,0.30626985632259807,0.5532874905600375,0.12889238376345213,0.7438684301473543,0.09965948987284051,0.09965948987284051,0.0909665005901639,0.09096650059016392,0.39165600446534005,0.39165600446534005,0.7791210872656801,0.77912108726568,1.0,0.27777782376899895,0.5357143427340106,0.3868680649931055,0.414538278547551,0.4141306231112681,0.38813815340714053,0.5208971045432239,0.7485336882503112,0.5410779172734006,0.43186003096462655,0.4431301028980708,0.5046371707675341,0.4166846299558624,0.5827060460345688,0.03624376067215247,0.09275026882278475,0.0,0.0,0.4486818570355565,0.4610202249428009,0.4322345006815482,0.6498533795064468,0.44868185703555646,0.46102022494280087,0.43223450068154823,0.6498533795064468,0.46666673289403066,0.46666673289403066,0.46666673289403066,0.46666673289403066,0.4666667328940306,0.4666667328940306,0.28000018080073064,0.4431820462018933,0.5060577778429415,0.39882568835253335,0.7982853677488655,0.8334686502074956,0.6078637039775913,-0.014925403009678595,HOLD,0.0,0.5
0.5000000332615216,0.5000000332615216,0.5172414147471144,0.5172414147471144,0.0,0.0,0.0,HPR,2022-08-17 00:00:00+10:00,Energy,0.34560330195783223,0.41532323320539793,0.4615384615384615,0.48322139475873116,0.4945848802702435,0.40951417888520636,0.4565217524144647,0.4701962177543504,0.5094737010104496,0.43265379020173633,0.49859287122105433,0.46484502511239556,0.3123374670624639,0.5495411474487585,0.13046904929565528,0.7429111657599047,0.09965948987284051,0.09965948987284051,0.0909665005901639,0.09096650059016392,0.35725798296235783,0.3572579829623579,0.7791210872656801,0.77912108726568,1.0,0.27777782376899895,0.5357143427340106,0.39330491671742956,0.41107671864292866,0.4409586574578496,0.3982824427736408,0.5246274123456979,0.7000330499067399,0.5386751043519467,0.4287775442941,0.4467222085710651,0.5010392541917454,0.43127468319029094,0.5789909217618938,0.0345399766568871,0.05279111292779079,0.0,0.0,0.4486818570355565,0.4610202249428009,0.3664966271632244,0.6498533795064468,0.44868185703555646,0.46102022494280087,0.3664966271632244,0.6498533795064468,0.46666673289403066,0.46666673289403066,0.46666673289403066,0.46666673289403066,0.4666667328940306,0.4666667328940306,0.28000018080073064,0.4431820462018933,0.5215869268945255,0.39701862869288707,0.7982853677488655,0.8334686502074956,0.6036374639821346,-0.014925403009678595,HOLD,0.0,0.5
0.5000000332615216,0.5000000332615216,0.5172414147471144,0.5172414147471144,0.0,0.0,0.0,HPR,2022-08-18 00:00:00+10:00,Energy,0.34560330195783223,0.41532323320539793,0.4615384615384615,0.48322139475873116,0.5054152004219665,0.39212003143826935,0.46245060318668263,0.46246679160106585,0.5021052810516705,0.4396932461594868,0.501876174617464,0.4624862620931446,0.31840507780232974,0.5458204391406772,0.13204571482785843,0.7419552625733715,0.10249940144060507,0.10249940144060508,0.08915957918737694,0.08915957918737694,0.3345409487192035,0.3345409487192035,0.7603981933837073,0.7603981933837072,1.0,0.27777782376899895,0.4347826650327226,0.39876080834529326,0.4095897010199655,0.46017717654057827,0.40664652019381664,0.5266511427441775,0.6648500749738773,0.5276748499126644,0.4276132003750841,0.4541882460810329,0.5008094461245294,0.4376105251179381,0.5766857411486238,0.021532268651734493,0.04783491059918559,0.0,0.0,0.42906954875089687,0.440868594928653,0.3203024652703528,0.5516129309221702,0.4290695487508969,0.440868594928653,0.32030246527035283,0.5516129309221703,0.46666673289403066,0.46666673289403066,0.46666673289403066,0.46666673289403066,0.4666667328940306,0.4666667328940306,0.28000018080073064,0.3295456306115885,0.5458646609465229,0.3997410826132576,0.7982853677488655,0.6955279948678127,0.5994957487865867,-0.014925403009678595,HOLD,0.0,0.5
0.5000000332615216,0.553571439262632,0.5172414147471144,0.5689655305301679,0.013783555388583415,0.0,0.0,HPR,2022-08-19 00:00:00+10:00,Energy,0.41702530161507173,0.4898214471236288,0.5769230052828906,0.5823899307850554,0.5162455205736893,0.4604615344232157,0.4762845932300126,0.5186665126917389,0.49789475424055174,0.5057089588997604,0.5065666067928194,0.5093322974486677,0.324183754133631,0.5906707382133213,0.13421362956754157,0.8007420196859031,0.09790987821455877,0.09790987821455878,0.10726317288648475,0.10726317288648475,0.34915744250596026,0.3491574425059603,0.7645032776069517,0.7645032776069516,1.0,0.3809523471629083,0.40909092448466555,0.41793743248560095,0.41290693020508773,0.5069376383534028,0.4314494145362259,0.52595964440054,0.808157747275509,0.5187993699294262,0.42984208617059805,0.5335554868105605,0.5020816234591472,0.44479917109354594,0.6243883102970718,0.013017219554994398,0.05930591725901243,1.0,0.1984315057122603,0.42659234988177386,0.5187680374963136,0.356499359949947,0.6000000040537574,0.4265923498817739,0.5187680374963137,0.35649935994994697,0.6000000040537575,0.6666665838824616,0.5333333498901743,0.6666665838824616,0.5333333498901742,0.6666665838824617,0.6666665838824617,0.320000156958876,0.3181819721194216,0.6512059162755277,0.4331029680563578,0.8459070412119856,0.7293015715205435,0.5954368678949499,-0.057142866266017056,SELL,0.0,1.0
0.553571439262632,0.553571439262632,0.5689655305301679,0.5689655305301679,0.0,0.0,0.0,HPR,2022-08-22 00:00:00+10:00,Energy,0.34560330195783223,0.41532323320539793,0.4615384615384615,0.48322139475873116,0.5270758407254121,0.4429252252197293,0.4901185832733428,0.5005006562311534,0.4926315937659739,0.5110398954685565,0.5112570389681745,0.5058504253645547,0.3293845627241663,0.5873813100676656,0.13638154430722427,0.7993737925228693,0.09790987821455877,0.09790987821455878,0.10726317288648475,0.10726317288648475,0.3476183616022472,0.34761836160224724,0.7645032776069517,0.7645032776069516,1.0,0.8888887049240042,0.40909092448466555,0.43309391485797377,0.4191227529549866,0.5351500885273875,0.44734299186435933,0.5343912022186882,0.7454101370831244,0.5060964138424788,0.434426009994507,0.5426351301514899,0.5030751075905158,0.45231214666516917,0.6215457248772478,0.013017219554994398,0.05199631557090378,0.0,0.0,0.42659234988177386,0.5187680374963136,0.34523807625930025,0.6000000040537574,0.4265923498817739,0.5187680374963137,0.34523807625930025,0.6000000040537575,1.0,0.7111111055921642,0.6666665838824616,0.599999966886318,1.0,0.6666665838824617,0.12000012715655783,0.3181819721194216,0.6548956375101673,0.4537310000818511,0.9998917594522397,0.7293015715205435,0.5914591646211459,-0.057142866266017056,SELL,0.0,1.0
0.553571439262632,0.553571439262632,0.5689655305301679,0.5689655305301679,0.010867762749244175,0.0,0.0,HPR,2022-08-23 00:00:00+10:00,Energy,0.34560330195783223,0.41532323320539793,0.4615384615384615,0.48322139475873116,0.5379061608771352,0.4256947817309087,0.503952573316673,0.4827132550673412,0.48736843329139645,0.5164102912475453,0.5159474711435299,0.5023891927149818,0.3345853713147011,0.5841110003281808,0.13795820983942741,0.7983803938575779,0.09790987821455877,0.09790987821455878,0.10726317288648475,0.10726317288648475,0.3476183616022472,0.34761836160224724,0.7645032776069517,0.7645032776069516,1.0,0.8888887049240042,0.3809523471629083,0.44492799006319167,0.4268766265536515,0.5501201703847285,0.4555769945920719,0.5506660918144627,0.7054385214885873,0.492444987109248,0.44006996936183973,0.5531002116453013,0.5037795943304686,0.46016144334586473,0.6186905041784293,0.023280845430789707,0.06104072939299021,0.4408592955752549,0.1520787310684749,0.42659234988177386,0.5187680374963136,0.34523807625930025,0.6000000040537574,0.4265923498817739,0.5187680374963137,0.34523807625930025,0.6000000040537575,1.0,0.8888888612941541,0.6666665838824616,0.6666665838824616,1.0,0.6666665838824617,0.12000012715655783,0.2613637643242692,0.6306990677884592,0.45815682753927245,0.9998917594522397,0.8459070412119856,0.587561015412818,-0.057142866266017056,SELL,0.0,1.0
0.553571439262632,0.553571439262632,0.5689655305301679,0.5689655305301679,0.0,0.0,0.0,HPR,2022-08-24 00:00:00+10:00,Energy,0.34560330195783223,0.41532323320539793,0.4615384615384615,0.48322139475873116,0.548736481028858,0.4087622708439267,0.5177865633600034,0.46529260439872155,0.4821052728168188,0.521820585975551,0.5206379033188853,0.4989484165262116,0.3397861799052362,0.5808596428013887,0.13953487537163056,0.7973884030205635,0.09790987821455877,0.09790987821455878,0.10726317288648475,0.10726317288648475,0.3476183616022472,0.34761836160224724,0.7645032776069517,0.7645032776069516,1.0,0.8749997671693944,0.3809523471629083,0.4540241784541971,0.4352174893714,0.5558334253568297,0.45490167421506056,0.5760640438085837,0.6822027221905616,0.4776624507488956,0.4469780863633135,0.5655230000055768,0.5041830881380074,0.4683610209628555,0.6158130448750474,0.023280845430789707,0.06104072939299021,0.0,0.0,0.42659234988177386,0.5187680374963136,0.34523807625930025,0.6000000040537574,0.4265923498817739,0.5187680374963137,0.34523807625930025,0.6000000040537575,1.0,1.0,0.6666665838824616,0.6666665838824616,1.0,0.6666665838824617,0.10666676865682242,0.2613637643242692,0.6122448792296633,0.4657109662651942,0.999889224646724,0.8459070412119856,0.5837408291886564,-0.057142866266017056,SELL,0.0,1.0
0.553571439262632,0.553571439262632,0.5689655305301679,0.5689655305301679,0.0,0.0,0.0,HPR,2022-08-25 00:00:00+10:00,Energy,0.34560330195783223,0.41532323320539793,0.4615384615384615,0.48322139475873116,0.5595668011805808,0.39212003143826935,0.5296442649044386,0.4506440039907371,0.47684211234224094,0.5272712259497728,0.5253283354942404,0.4955279159809439,0.3441201874228028,0.5781645367860518,0.14091445734521235,0.7965215637766027,0.09790987821455877,0.09790987821455878,0.10856830543415318,0.1085683054341532,0.3476183616022472,0.34761836160224724,0.7645032776069517,0.7645032776069516,1.0,1.0,0.3809523471629083,0.4608716385618045,0.4434994529455096,0.5552601500978767,0.44994838917564917,0.6023130935011326,0.6666666666544849,0.46148305585524296,0.45544736891085313,0.5808685742050045,0.5042716177951572,0.47692713854014657,0.612902699252417,0.023280845430789707,0.06104072939299021,0.0,0.0,0.42659234988177386,0.49771409612529205,0.34523807625930025,0.6000000040537574,0.4265923498817739,0.4977140961252921,0.34523807625930025,0.6000000040537575,1.0,1.0,0.6666665838824616,0.6666665838824616,1.0,0.6666665838824617,0.09333341015708702,0.2613637643242692,0.602150521636266,0.47462778573306785,1.0,0.8459070412119856,0.5799970466889784,-0.057142866266017056,SELL,0.0,1.0
0.5892856655813431,0.5892856655813431,0.5862069452772823,0.5862069452772823,0.021079712229137407,0.0,0.0,HPR,2022-08-26 00:00:00+10:00,Energy,0.3683903779588911,0.43944810354454483,0.423077137997482,0.45246093474614335,0.5631769168636227,0.41405686488760596,0.5375494041755511,0.46456447929351063,0.47263158553112217,0.5526854371348328,0.5351782421888258,0.5048440945008678,0.34845419494036967,0.5913888595053124,0.1430823728190873,0.8151148530455236,0.031237991750951852,0.031237991750951856,0.07371454234351774,0.07371454234351775,0.3493111392870163,0.3493111392870163,0.6847381621568464,0.6847381621568462,1.0,1.0,0.40909092448466555,0.4707297416272388,0.45244185106612145,0.561688259565445,0.4596749657130753,0.606471135280637,0.7218036772925006,0.446245728913262,0.46478642087177735,0.6331272546746561,0.48992444171830263,0.5118288852672623,0.6289734491070628,0.030171410294084957,0.07858377344445099,0.6598240469208212,0.22993980842963238,0.39060614529898985,0.4564233806494487,0.3571428619778653,0.8451612756105921,0.3906061452989898,0.45642338064944876,0.3571428619778653,0.8451612756105923,0.8888894407840002,0.9629631469280002,0.7333333664470153,0.6888888447373127,0.8888894407840001,0.7333333664470153,0.12000002781549701,0.28409099664292103,0.6238670837672384,0.5119717270787119,1.0,0.8877905833170013,0.39655170420474806,-0.07042257068318358,SELL,0.0,1.0
0.5714286189450309,0.5714286189450309,0.5862069452772823,0.5862069452772823,0.0,0.0,0.0,HPR,2022-08-29 00:00:00+10:00,Energy,0.34560330195783223,0.41532323320539793,0.4615384615384615,0.48322139475873116,0.5667870325466648,0.4085259160191066,0.5454545434466636,0.45491567819588763,0.46842105872000317,0.5571647348193257,0.5450281488834108,0.4977128131706038,0.3527882024579363,0.5886814336764962,0.14525028829296227,0.8137380971954508,0.031237991750951852,0.031237991750951856,0.07371454234351774,0.07371454234351775,0.3493111392870163,0.3493111392870163,0.6847381621568464,0.6847381621568462,1.0,1.0,0.40909092448466555,0.4779837666430401,0.4613005927724498,0.5608740190149973,0.4656400655403591,0.6144808935523137,0.6825111934912278,0.42927837181859574,0.4760589996742828,0.659713126241685,0.4711681654399775,0.5518617283772924,0.6278726668963526,0.030171410294084957,0.07858377344445099,0.0,0.0,0.39060614529898985,0.4564233806494487,0.3571428619778653,0.8451612756105921,0.3906061452989898,0.45642338064944876,0.3571428619778653,0.8451612756105923,0.8888894407840002,0.9259262938560001,0.7333333664470153,0.7111111055921641,0.8888894407840001,0.7333333664470153,0.12000002781549701,0.28409099664292103,0.5978261468146983,0.5160742730534255,1.0,0.8877905833170013,0.4006896347519754,-0.07042257068318358,SELL,0.0,1.0
0.5714286189450309,0.5714286189450309,0.5862069452772823,0.5862069452772823,0.0,0.0,0.0,HPR,2022-08-30 00:00:00+10:00,Energy,0.34560330195783223,0.41532323320539793,0.4615384615384615,0.48322139475873116,0.570397148229707,0.4030263040342259,0.5533596827177762,0.4453776237555478,0.47684211234224094,0.5482328615880004,0.554878055577996,0.4906681716533815,0.3568332766433009,0.5861661882865822,0.14840361935736857,0.8117403136599436,0.031237991750951852,0.031237991750951856,0.07371454234351774,0.07371454234351775,0.1096132585850457,0.1096132585850457,0.6847381621568464,0.6847381621568462,1.0,1.0,0.40909092448466555,0.48311489261692625,0.46959349080889606,0.5553665768758842,0.46764068015687854,0.6265502470962675,0.6528250141515473,0.4368471694466016,0.48298107840332927,0.6426094432315197,0.44537126945322836,0.6000881022914821,0.6291030120480048,0.01990778441828965,0.07076094025648126,0.0,0.0,0.39060614529898985,0.4564233806494487,0.5181406192575746,0.8451612756105921,0.3906061452989898,0.45642338064944876,0.5181406192575745,0.8451612756105923,0.8888894407840002,0.8888894407840002,0.7333333664470153,0.7333333664470153,0.8888894407840001,0.7333333664470153,0.12000002781549701,0.28409099664292103,0.588235352503038,0.5282153074217314,1.0,0.8877905833170013,0.40474480668825785,-0.07042257068318358,SELL,0.0,1.0
0.5714286189450309,0.5714286189450309,0.5862069452772823,0.5862069452772823,0.0,0.0,0.0,HPR,2022-08-31 00:00:00+10:00,Energy,0.34560330195783223,0.41532323320539793,0.4615384615384615,0.48322139475873116,0.5740072639127491,0.39755776336562265,0.5612648219888887,0.43594842016638324,0.4852631659644787,0.5394069260824167,0.5562851843569416,0.4896687754778003,0.36145621856943166,0.5833053388434962,0.15155695042177442,0.809748162146596,0.031237991750951852,0.031237991750951856,0.07371454234351774,0.07371454234351775,0.1096132585850457,0.1096132585850457,0.22404959611145236,0.22404959611145236,1.0,1.0,0.8999998509884679,0.4865243042306347,0.47702908081325207,0.5470222679555109,0.46428987915774245,0.6440993994989267,0.6320677630671981,0.44257987983570124,0.49195521614094284,0.6281207083525584,0.4467003924128192,0.6011420752427581,0.6272627288777901,0.01990778441828965,0.07076094025648126,0.0,0.0,0.39060614529898985,0.4564233806494487,0.5181406192575746,0.48140413315762337,0.3906061452989898,0.45642338064944876,0.5181406192575745,0.48140413315762337,0.8888894407840002,0.8888894407840002,0.8888894407840002,0.7851853912260102,0.8888894407840001,0.8888894407840001,0.1066666693157616,0.11363641559030481,0.5819838605926836,0.5166039948564476,1.0,0.999924896013486,0.40871887518581496,-0.07042257068318358,SELL,0.0,1.0
0.5714286189450309,0.5714286189450309,0.5862069452772823,0.5862069452772823,0.0,0.0,0.0,HPR,2022-09-01 00:00:00+10:00,Energy,0.34560330195783223,0.41532323320539793,0.4615384615384615,0.48322139475873116,0.5776173795957911,0.39212003143826935,0.5691699612600012,0.4266262146476796,0.49263158592325806,0.5317696625750309,0.5576923131358873,0.4886711108570051,0.36463449168182804,0.581346936487036,0.15471028148618027,0.807761618872782,0.031237991750951852,0.031237991750951856,0.07371454234351774,0.07371454234351775,0.1084334485774393,0.1084334485774393,0.22404959611145236,0.22404959611145236,1.0,1.0,0.8999998509884679,0.4885459406434784,0.4834526728598804,0.5371723385602634,0.44808399447560665,0.6748120357260511,0.6666666666561937,0.4480945972747139,0.49925033934958396,0.6145816475662084,0.4479907684161659,0.6022411400172969,0.6254431448066078,0.01990778441828965,0.06974685484895098,0.0,0.0,0.39060614529898985,0.4564233806494487,0.5024181528599337,0.48140413315762337,0.3906061452989898,0.45642338064944876,0.5024181528599336,0.48140413315762337,0.8000008940705243,0.8592599252128416,0.8888894407840002,0.8370374160050051,0.8000008940705243,0.8888894407840001,0.05333333465788081,0.11363641559030481,0.5754060877921179,0.5070987888663442,1.0,0.999924896013486,0.41261346231342066,-0.07042257068318358,SELL,0.0,1.0
0.5714286189450309,0.5714286189450309,0.5862069452772823,0.5862069452772823,4.2276533970658915e-05,0.0,0.0,HPR,2022-09-05 00:00:00+10:00,Energy,0.34560330195783223,0.41532323320539793,0.4615384615384615,0.48322139475873116,0.5776173795957911,0.39212003143826935,0.5731225382577909,0.42200466005205883,0.5094736931677336,0.5146056955573762,0.5590994454094769,0.48767517082345313,0.36983530134872544,0.5781569928616871,0.1610169436149924,0.8038052625808928,0.0,0.0,0.004318331307932712,0.004318331307932716,0.10118829954249797,0.101188299542498,0.22208597855430995,0.22208597855430995,1.0,1.0,1.0,0.4894882602641283,0.4930954460526599,0.5164030953212462,0.45001419304809087,0.6798945258072603,0.6091089451091899,0.4500745728965534,0.5277997958422074,0.5940984385374678,0.4496682674079293,0.6028896963442159,0.6234860151190602,3.981579003541283e-05,0.06905234522722482,1.0,0.0005239209056089174,0.37374541401431466,0.4013474807284444,0.5181406192575746,0.452534572143789,0.37374541401431466,0.40134748072844434,0.5181406192575745,0.452534572143789,0.8000008940705243,0.8000008940705243,0.8888894407840002,0.8888894407840002,0.8000008940705243,0.8888894407840001,0.05333333465788081,0.09090909860597107,0.5681063324399416,0.4935619344365246,1.0,1.0,0.42017051917582704,0.01408443018643557,HOLD,0.0,0.5
0.6428572046285402,0.7142857903120495,0.6551724758074503,0.724138006337618,0.010585294605373734,0.0,0.0,HPR,2022-09-08 00:00:00+10:00,Energy,0.5253320122170319,0.596911177713489,0.6153846153846153,0.6013422114799726,0.6064982512653212,0.5618129019944587,0.5948616822967006,0.5777941591377822,0.5421052739932261,0.6427468060038742,0.5642589234233504,0.6131657100852091,0.38023692283524513,0.6968792452309108,0.16909735556882088,0.9565527697737525,0.24638369434612212,0.24638369434612215,0.22180327680219564,0.22180327680219564,0.2305903662269135,0.2305903662269135,0.2843244659487011,0.28432446594870103,1.0,1.0,1.0,0.5248447314601808,0.5093312044799957,0.5779925270101001,0.5395198667100577,0.6270659850685162,0.9999999999758316,0.47266199631757355,0.5621575107235817,0.9063231565559156,0.46355751083392227,0.5962621336722274,0.8307549046494018,0.010235976021604047,0.06507338791364184,0.9766291017925252,0.13908265039654888,0.5067312120904166,0.5399423185469274,0.6140253102207974,0.5631336621705478,0.5067312120904166,0.5399423185469274,0.6140253102207975,0.5631336621705479,1.0,0.8666672627136829,1.0,0.9259262938559999,1.0,1.0,0.12000002781549701,0.18181819721194217,0.9909421193595893,0.6899038812652674,1.0,1.0,0.43094871488607456,-0.08860767611592013,SELL,0.0,1.0
0.6607142512648524,0.6607142512648524,0.6724137620962748,0.6724137620962748,0.0007719859056359655,0.0,0.0,HPR,2022-09-09 00:00:00+10:00,Energy,0.2850300644849417,0.3494785641159792,0.4615384615384615,0.48322139475873116,0.6245487758857247,0.45489013820158153,0.6047430953422412,0.4981387704936857,0.5515789534362067,0.5729353773398608,0.5670731809812415,0.5626295678103946,0.3863045324987482,0.6460717032497497,0.17225068589903492,0.8952900629971453,0.2789798397508976,0.27897983975089763,0.24594161150001476,0.24594161150001476,0.23722865782190364,0.2372286578219037,0.2921289291702849,0.2921289291702848,0.7272723578226981,0.7499996895593855,0.8333330573860062,0.5383582815306331,0.5210011462661843,0.5882358551640661,0.5584968266672042,0.6252811931841574,0.7296584215236491,0.48705175059398376,0.5633789451315843,0.7245069855887243,0.4697753608251347,0.5942275854730312,0.7416430581970139,0.010965047376919161,0.0467412967252887,0.0664898177380148,0.014039860722985253,0.4568614449223868,0.4694247445113892,0.5246978940989978,0.521658926157954,0.4568614449223867,0.46942474451138916,0.5246978940989978,0.5216589261579541,0.6666661147720123,0.8222223362808457,0.8124996507540918,0.9004630305126972,0.6666661147720123,0.8124996507540918,0.1600001033147032,0.20454551419627587,0.7098622363455184,0.6260527907556412,0.9753946830840667,0.9878596846228236,0.4426762865441364,-0.052631589266732504,SELL,0.0,1.0
0.5714286189450309,0.5714286189450309,0.5862069452772823,0.5862069452772823,0.0005435052469745928,0.0,0.0,HPR,2022-09-12 00:00:00+10:00,Energy,0.24066312929923556,0.2995799577867258,0.4615384615384615,0.48322139475873116,0.6245487758857247,0.3241189850124866,0.6047430953422412,0.3859527663592599,0.5557894802473254,0.46940483247813003,0.5675422250724382,0.4817355589746669,0.3909274744248792,0.5654042635597097,0.17540401696344077,0.7948624318785381,0.33207599453486797,0.332075994534868,0.29129148770417157,0.2912914877041716,0.2783882784804536,0.2783882784804536,0.3131493414528719,0.31314934145287193,0.5,0.5294118162669796,0.6,0.5234531331946307,0.5268341282035901,0.531423840916035,0.5584968266672042,0.6252811931841574,0.4193091282468353,0.4860791905274602,0.5721564858677863,0.4939145505629197,0.47030760096625723,0.594475106305113,0.6093917151739251,0.011438412880673514,0.04719361487774886,0.044873964205254156,0.009791746247718036,0.37374541401431466,0.38402309373201393,0.45806682833711654,0.452534572143789,0.37374541401431466,0.38402309373201393,0.45806682833711665,0.452534572143789,0.11111129507599589,0.5925924699493362,0.33333333333333337,0.715277661362475,0.11111129507599582,0.33333333333333326,0.22666669713125864,0.21590908802276085,0.4651163044557438,0.4409763887171524,0.959860928786172,0.9711749008984057,0.4539347553358756,0.01408443018643557,HOLD,0.0,0.5
0.5714286189450309,0.5714286189450309,0.5862069452772823,0.5862069452772823,0.0,0.0,0.0,HPR,2022-09-13 00:00:00+10:00,Energy,0.34560330195783223,0.41532323320539793,0.4615384615384615,0.48322139475873116,0.6245487758857247,0.3241189850124866,0.6047430953422412,0.3859527663592599,0.5600000070584444,0.4654345639329752,0.5680112691636345,0.4814073790176542,0.3955504163510102,0.5626479841627682,0.17855734802784706,0.7929175445501399,0.33207599453486797,0.332075994534868,0.29129148770417157,0.2912914877041716,0.2783882784804536,0.2783882784804536,0.3131493414528719,0.31314934145287193,0.5,0.5294118162669796,0.6,0.5107049140461455,0.528504458481978,0.4909081218622175,0.5584968266672042,0.6252811931841574,0.4193091282468353,0.4843276907835221,0.5818045899129094,0.4846114683944191,0.470835824049912,0.5947273019933099,0.6088293764858776,0.01123911273166292,0.04719361487774886,0.0,0.0,0.37374541401431466,0.38402309373201393,0.45806682833711654,0.452534572143789,0.37374541401431466,0.38402309373201393,0.45806682833711665,0.452534572143789,0.11111129507599589,0.2962962349746681,0.33333333333333337,0.49305543914025274,0.11111129507599582,0.33333333333333326,0.22666669713125864,0.21590908802276085,0.4610849221964145,0.4347637328026104,0.959860928786172,0.9711749008984057,0.4647428853759453,0.01408443018643557,HOLD,0.0,0.5
0.5714286189450309,0.5714286189450309,0.5862069452772823,0.5862069452772823,0.0,0.0,0.0,HPR,2022-09-14 00:00:00+10:00,Energy,0.34560330195783223,0.41532323320539793,0.4615384615384615,0.48322139475873116,0.6245487758857247,0.3241189850124866,0.6047430953422412,0.3859527663592599,0.5642105338695632,0.46148660027043864,0.5684803132548311,0.48107938734556155,0.4001733582771416,0.5599054410926435,0.18111942988477292,0.7913413079293986,0.33207599453486797,0.332075994534868,0.29129148770417157,0.2912914877041716,0.2783882784804536,0.2783882784804536,0.3131493414528719,0.31314934145287193,0.5,0.5294118162669796,0.6,0.499791875533447,0.5272759670957973,0.46269345155840796,0.5584968266672042,0.6252811931841574,0.4193091282468353,0.4816502865915444,0.5924875089294621,0.47403275466443473,0.47136004280484145,0.5949841577245316,0.6082691381742432,0.01123911273166292,0.04719361487774886,0.0,0.0,0.37374541401431466,0.38402309373201393,0.45806682833711654,0.452534572143789,0.37374541401431466,0.38402309373201393,0.45806682833711665,0.452534572143789,0.0,0.07407419671733069,0.33333333333333337,0.33333333333333337,0.0,0.33333333333333326,0.22666669713125864,0.21590908802276085,0.45693780620692115,0.4268807423190967,0.959860928786172,0.9711749008984057,0.47511869021441233,0.01408443018643557,HOLD,0.0,0.5
0.5714286189450309,0.5714286189450309,0.5862069452772823,0.5862069452772823,0.0,0.0,0.0,HPR,2022-09-15 00:00:00+10:00,Energy,0.34560330195783223,0.41532323320539793,0.4615384615384615,0.48322139475873116,0.5956679042161948,0.3653845955909649,0.6047430953422412,0.3859527663592599,0.5684210606806822,0.45756075405450536,0.5689493573460274,0.4807515837963995,0.4047963002032726,0.5571765319190444,0.18328734535864788,0.7900103497697007,0.14702975586499345,0.14702975586499345,0.29129148770417157,0.2912914877041716,0.2783882784804536,0.2783882784804536,0.3131493414528719,0.31314934145287193,0.5,0.5,0.6,0.49044102171844645,0.5240955592032119,0.4436951525730324,0.5584968266672042,0.6252811931841574,0.4193091282468353,0.4778213739715915,0.6044573838122709,0.46140915741623345,0.47188026958087526,0.5952456591266468,0.6077109454034498,0.00124225264910488,0.04719361487774886,0.0,0.0,0.25422653378668425,0.38402309373201393,0.45806682833711654,0.452534572143789,0.25422653378668414,0.38402309373201393,0.45806682833711665,0.452534572143789,0.0,0.03703709835866539,0.33333333333333337,0.33333333333333337,0.0,0.33333333333333326,0.20000007947284862,0.21590908802276085,0.45833333333333454,0.4159742369569394,0.8942120375658555,0.9711749008984057,0.48507946285934056,0.01408443018643557,HOLD,0.0,0.5
0.6071428452637423,0.6071428452637423,0.6206896463132213,0.6206896463132213,0.00347065750901509,0.0,0.0,HPR,2022-09-16 00:00:00+10:00,Energy,0.3905353958299431,0.4625698414110281,0.4615384615384615,0.48322139475873116,0.584837584064472,0.435256164527436,0.608695657615564,0.4263087500854035,0.5715789538283426,0.49391721535773636,0.570356486124973,0.5119308976662275,0.40999710879380746,0.5848857633302466,0.18584942648138192,0.8275957376409483,0.17005861151010757,0.17005861151010757,0.2969738590308544,0.29697385903085444,0.26969593641110673,0.26969593641110673,0.3164345580493598,0.31643455804935977,0.5555554635730752,0.5555554635730752,0.6363635747885897,0.4921216297708839,0.5219462052814634,0.45373055703000753,0.5608550729700555,0.629925340150635,0.5313849831983434,0.4804639089767728,0.6072719508267799,0.5686502840776725,0.4739897743444723,0.595391461687399,0.6580321968054763,0.003790905609038361,0.03861097295963921,0.8646030866178487,0.07608195459653692,0.32715666526206794,0.4181837285920644,0.44302720514625515,0.4801842931487726,0.327156665262068,0.41818372859206443,0.44302720514625504,0.4801842931487726,0.24999953433878902,0.08333317811292977,0.49999968955919266,0.38888878540861976,0.24999953433878896,0.4999996895591926,0.22666669713125864,0.2386363203414127,0.5476717303547921,0.5140978227377798,0.9170663544873098,0.9731881556625187,0.4946418045984716,-0.01369865809938342,HOLD,0.0,0.5
0.6071428452637423,0.6071428452637423,0.6206896463132213,0.6206896463132213,0.0,0.0,0.0,HPR,2022-09-19 00:00:00+10:00,Energy,0.34560330195783223,0.41532323320539793,0.4615384615384615,0.48322139475873116,0.5920577885331528,0.42429189702436854,0.6126482198888867,0.42181522598654597,0.5747368469760027,0.49091730566881153,0.5717636149039189,0.5109226815479656,0.41519791738434253,0.5817633504478975,0.1884115076041155,0.8259854838108617,0.06159580885519911,0.06159580885519911,0.2969738590308544,0.29697385903085444,0.26969593641110673,0.26969593641110673,0.3164345580493598,0.31643455804935977,0.19999970197671402,0.5555554635730752,0.5789473271436005,0.4927250032734412,0.5203685255082825,0.45929474810122517,0.5626456178952765,0.6351508079459648,0.5191598927914034,0.48273332701985594,0.6105035230941436,0.5602691961713834,0.47605862793270126,0.5955845721090209,0.6559486140619009,0.003277613715831831,0.03861097295963921,0.0,0.0,0.4069918016070123,0.4181837285920644,0.44302720514625515,0.4801842931487726,0.40699180160701237,0.41818372859206443,0.44302720514625504,0.4801842931487726,0.24999953433878902,0.16666635622585943,0.33333305738600616,0.3888886934261773,0.24999953433878896,0.33333305738600616,0.22666669713125864,0.204545429530594,0.5393616100493505,0.4980190114488341,0.9170663544873098,0.963660602295575,0.5038216526680376,-0.01369865809938342,HOLD,0.0,0.5
0.6071428452637423,0.6071428452637423,0.6206896463132213,0.6206896463132213,0.0,0.0,0.0,HPR,2022-09-20 00:00:00+10:00,Energy,0.34560330195783223,0.41532323320539793,0.4615384615384615,0.48322139475873116,0.5992779930018335,0.41344911704301035,0.6166007821622095,0.4173463576704399,0.5778947401236626,0.48792992169286376,0.5731707436828646,0.5099161957769093,0.4203987259748774,0.5786582549061862,0.19097358872684955,0.8243788544808418,0.06159580885519911,0.06159580885519911,0.2969738590308544,0.29697385903085444,0.26969593641110673,0.26969593641110673,0.3164345580493598,0.31643455804935977,0.285714133661443,0.5555554635730752,0.5789473271436005,0.492477513541732,0.5190482172585571,0.4617997841193571,0.5638379910348964,0.6409887979790473,0.5065421067408397,0.4846249411230137,0.6141573389030814,0.5521601197609632,0.4780876014957558,0.5958240929644216,0.653912372860822,0.003277613715831831,0.02956655913755277,0.0,0.0,0.4069918016070123,0.4181837285920644,0.44302720514625515,0.4801842931487726,0.40699180160701237,0.41818372859206443,0.44302720514625504,0.4801842931487726,0.24999953433878902,0.24999953433878902,0.33333305738600616,0.3888886014437349,0.24999953433878896,0.33333305738600616,0.22666669713125864,0.204545429530594,0.5324946784537767,0.48691798348189536,0.9170663544873098,0.963660602295575,0.5126343068148208,-0.095890402570185,SELL,0.0,1.0
0.6071428452637423,0.6071428452637423,0.6206896463132213,0.6206896463132213,0.0,0.0,0.0,HPR,2022-09-21 00:00:00+10:00,Energy,0.34560330195783223,0.41532323320539793,0.4615384615384615,0.48322139475873116,0.6064981974705144,0.4027258165285523,0.6205533444355325,0.4129019427643845,0.581052633271323,0.48495498514422375,0.57457787246181,0.5089114359023249,0.42559953456541266,0.5755703330369072,0.1935356698495836,0.8227758374271336,0.06159580885519911,0.06159580885519911,0.2969738590308544,0.29697385903085444,0.26969593641110673,0.26969593641110673,0.3164345580493598,0.31643455804935977,1.0,0.5555554635730752,0.5789473271436005,0.4915662134667292,0.517777799144947,0.4622853723703049,0.56438708273286,0.6474855021100411,0.4932462109907946,0.4861280862995221,0.6182453177210465,0.5442138730573431,0.4800774156674503,0.5961091856150138,0.6519206401427218,0.003277613715831831,0.02956655913755277,0.0,0.0,0.4069918016070123,0.4181837285920644,0.44302720514625515,0.4801842931487726,0.40699180160701237,0.41818372859206443,0.44302720514625504,0.4801842931487726,0.24999953433878902,0.24999953433878902,0.33333305738600616,0.33333305738600616,0.24999953433878896,0.33333305738600616,0.22666669713125864,0.204545429530594,0.5264829778077327,0.47797188105994454,0.9170663544873098,0.963660602295575,0.5210944547957327,-0.095890402570185,SELL,0.0,1.0
0.6071428452637423,0.6071428452637423,0.6206896463132213,0.6206896463132213,0.0,0.0,0.0,HPR,2022-09-23 00:00:00+10:00,Energy,0.34560330195783223,0.41532323320539793,0.4615384615384615,0.48322139475873116,0.6137184019391952,0.39212003143826935,0.6086956281666303,0.42630878365718106,0.5842105264189831,0.4819924183882468,0.5759850012407557,0.5079083974887292,0.4308003431559475,0.5724994427566746,0.19609775097231763,0.8211764204808872,0.06159580885519911,0.06159580885519911,0.15414779952088556,0.1541477995208856,0.26969593641110673,0.26969593641110673,0.3164345580493598,0.31643455804935977,1.0,0.5555554635730752,0.5789473271436005,0.490145219248974,0.516427506069935,0.46150793727347666,0.5188843364292174,0.6729029238899714,0.5555554819611896,0.48722525825170915,0.6227870228078689,0.5363213124874775,0.48202874395094586,0.5964390662705752,0.6499707794940479,0.003277613715831831,0.02956655913755277,0.0,0.0,0.4069918016070123,0.2919188760200474,0.44302720514625515,0.4801842931487726,0.40699180160701237,0.2919188760200474,0.44302720514625504,0.4801842931487726,0.24999953433878902,0.24999953433878902,0.33333305738600616,0.33333305738600616,0.24999953433878896,0.33333305738600616,0.22666669713125864,0.204545429530594,0.5208790521044661,0.4704689747054173,0.9170663544873098,0.963660602295575,0.529216196857408,-0.095890402570185,SELL,0.0,1.0
0.4821428535791227,0.4821428535791227,0.4999999999999999,0.4999999999999999,0.0007719859056359655,0.0,0.0,HPR,2022-09-26 00:00:00+10:00,Energy,0.1926492788970952,0.2438774970179388,0.4615384615384615,0.48322139475873116,0.5884476459527073,0.24156504180465954,0.5889327873510821,0.29033565410278195,0.5789473659444057,0.3501034834236513,0.5741088283706137,0.39693784320173864,0.43397861519198133,0.4643270332706625,0.19728025012146988,0.6840827220917206,0.20967922827943059,0.20967922827943059,0.2352029566018939,0.2352029566018939,0.3339016849891771,0.33390168498917716,0.3570656895307419,0.35706568953074186,0.22222194627466663,0.3999999403953517,0.4230769120553544,0.4543876520433011,0.5069436156579795,0.3823424025147383,0.5220529783145499,0.6343633679233515,0.05535118403600259,0.4968787537685009,0.6023847929562178,0.1841465182523489,0.48202008417864906,0.5929814864577192,0.4748869743560606,0.00072896075589835,0.012665980343798833,1.0,0.04909930180458262,0.26057088115115756,0.22445672224493726,0.341884620050663,0.3834101151262115,0.26057088115115756,0.22445672224493726,0.341884620050663,0.3834101151262116,0.0,0.16666635622585943,0.0,0.22222203825733733,0.0,0.0,0.3200000079472848,0.2840908696443982,0.26785694827711826,0.1624908819117798,0.8788823537344886,0.9456581436916133,0.724138006337618,0.0,HOLD,0.0,0.5
0.4821428535791227,0.4821428535791227,0.4999999999999999,0.4999999999999999,0.0,0.0,0.0,HPR,2022-09-27 00:00:00+10:00,Energy,0.34560330195783223,0.41532323320539793,0.4615384615384615,0.48322139475873116,0.5631768899662195,0.2769518985473318,0.5790513595810747,0.30088091128059613,0.5736842054698278,0.35460503422013134,0.57457787246181,0.39663521123126155,0.4371568872280154,0.4626435315937315,0.19846274927062169,0.6834170998431873,0.20967922827943059,0.20967922827943059,0.20156798262879685,0.20156798262879688,0.3339016849891771,0.33390168498917716,0.33492595320457597,0.334925953204576,0.22222194627466663,0.3999999403953517,0.3999999403953517,0.42608913869380627,0.4927058559627023,0.33607227278039375,0.5346613521770222,0.6038050511104341,0.18502954548653994,0.5037573197704646,0.5850838967386007,0.23009113343692195,0.4815666968389287,0.5943760326171372,0.47384115755720513,0.00072896075589835,0.012665980343798833,0.0,0.0,0.26057088115115756,0.2986213156941409,0.341884620050663,0.4535980275228316,0.26057088115115756,0.2986213156941409,0.341884620050663,0.4535980275228316,0.0,0.08333317811292977,0.0,0.11111101912866862,0.0,0.0,0.3200000079472848,0.2613636373257464,0.315789358696961,0.1986213441822533,0.8788823537344886,0.8788823537344886,0.719655246210866,0.0,HOLD,0.0,0.5
0.4821428535791227,0.4821428535791227,0.4999999999999999,0.4999999999999999,0.0,0.0,0.0,HPR,2022-09-28 00:00:00+10:00,Energy,0.34560330195783223,0.41532323320539793,0.4615384615384615,0.48322139475873116,0.5379061339797315,0.31377891793073576,0.5691699318110677,0.31157574665502663,0.5684210449952501,0.3591381084980859,0.5750469165530068,0.3963327521936856,0.439468358191081,0.46142271433243554,0.19964524841977438,0.6827521664664308,0.20967922827943059,0.20967922827943059,0.20156798262879685,0.20156798262879688,0.3339016849891771,0.33390168498917716,0.33492595320457597,0.334925953204576,0.0,0.3999999403953517,0.3999999403953517,0.4039571035888912,0.4761142314694774,0.31316175019613784,0.5404185600348484,0.5802622633368303,0.2534014925608218,0.5087414740735461,0.5699002444679231,0.26263397282366063,0.48110509713158556,0.5957801359305968,0.4727784721472016,0.00072896075589835,0.012665980343798833,0.0,0.0,0.26057088115115756,0.2986213156941409,0.341884620050663,0.4535980275228316,0.26057088115115756,0.2986213156941409,0.341884620050663,0.4535980275228316,0.0,0.0,0.0,0.0,0.0,0.0,0.3200000079472848,0.2613636373257464,0.3506492820371339,0.22649341997152778,0.8788823537344886,0.8788823537344886,0.7152621412866486,0.0,HOLD,0.0,0.5
0.4821428535791227,0.4821428535791227,0.4999999999999999,0.4999999999999999,0.0,0.0,0.0,HPR,2022-09-29 00:00:00+10:00,Energy,0.34560330195783223,0.41532323320539793,0.4615384615384615,0.48322139475873116,0.512635377993244,0.35213584301893497,0.5592885040410602,0.3224233654748847,0.5631578845206723,0.36370303855018593,0.5731707436828646,0.39754362427698553,0.4417798291541464,0.4602048724068948,0.20082774756892663,0.6820879208926046,0.20967922827943059,0.20967922827943059,0.20156798262879685,0.20156798262879688,0.3339016849891771,0.33390168498917716,0.30858433962609344,0.3085843396260934,0.0,0.1176468783596097,0.3999999403953517,0.38690857178220567,0.4588342276445699,0.3064616499020164,0.5418018289844982,0.5611983475400085,0.29899242673794507,0.5122950864424813,0.5563154031910222,0.2874978989259668,0.4810686441132086,0.5923549005458355,0.47576189940862995,0.00072896075589835,0.012665980343798833,0.0,0.0,0.26057088115115756,0.2986213156941409,0.341884620050663,0.3834101151262115,0.26057088115115756,0.2986213156941409,0.341884620050663,0.3834101151262116,0.0,0.0,0.0,0.0,0.0,0.0,0.21333333863152323,0.2613636373257464,0.3750000000000014,0.24996463720190487,0.6309204142164119,0.8788823537344886,0.7109568984609155,0.030303091878076893,HOLD,0.0,0.5
0.4821428535791227,0.4821428535791227,0.4999999999999999,0.4999999999999999,0.0,0.0,0.0,HPR,2022-09-30 00:00:00+10:00,Energy,0.34560330195783223,0.41532323320539793,0.4615384615384615,0.48322139475873116,0.487364622006756,0.39212003143826935,0.5494070762710528,0.33342706522640597,0.5578947240460949,0.36830016135588395,0.5694183979425804,0.39997370013344213,0.444091300117212,0.4589899949532621,0.20299566230860977,0.6808719203850623,0.20967922827943059,0.20967922827943059,0.20156798262879685,0.20156798262879688,0.3339016849891771,0.33390168498917716,0.2928296093196886,0.29282960931968854,0.0,0.14285699080438108,0.3999999403953517,0.37403712696765745,0.4419852091185815,0.3106564950915022,0.5398472931077317,0.5455523122428568,0.3333333333329528,0.5146977698498074,0.5440168701536465,0.307483063452545,0.4778525724849758,0.5891622930274052,0.4796523818754198,0.00072896075589835,0.012665980343798833,0.0,0.0,0.26057088115115756,0.2986213156941409,0.341884620050663,0.3340889002063465,0.26057088115115756,0.2986213156941409,0.341884620050663,0.3340889002063466,0.0,0.0,0.0,0.0,0.0,0.0,0.17333326313231703,0.2613636373257464,0.40000000000000124,0.2789585718143331,0.7388729022766124,0.8788823537344886,0.7067377604916972,0.030303091878076893,HOLD,0.0,0.5
0.5892856655813431,0.5892856655813431,0.6034482315661068,0.6034482315661068,0.0,0.0,0.0,HPR,2022-10-19 00:00:00+11:00,Energy,0.34560330195783223,0.41532323320539793,0.4615384615384615,0.48322139475873116,0.5523465429170933,0.4584977014100686,0.5158102306877079,0.5156120633112655,0.4884210120558429,0.5569151149295232,0.5567542144695632,0.5055515171017501,0.488876043030251,0.52456657817926,0.23472604916937145,0.7783250248261647,0.19878672846442674,0.19878672846442677,0.1748740744584002,0.1748740744584002,0.25446764118199094,0.254467641181991,0.1983669614769757,0.1983669614769757,1.0,1.0,0.46153837336588666,0.4345771911029605,0.3914692107052748,0.606680288795484,0.48328359158482204,0.5434716530333649,0.7545875385931938,0.4354428676742601,0.5056995743047972,0.6800819823729451,0.4366838797288315,0.613665695750089,0.6628115275177159,0.010387386623155382,0.00881625678806161,0.0,0.0,0.48104071130229964,0.4942689200683607,0.3925309712575646,0.5769584352018887,0.48104071130229964,0.49426892006836065,0.3925309712575646,0.5769584352018887,1.0,1.0,0.8571425530374955,0.8571425530374955,1.0,0.8571425530374956,0.06666669315761621,0.12499998941678976,0.6666666666666676,0.5279804139288106,1.0,0.9395507634820096,0.6589859665236081,-0.16666664941995157,SELL,0.0,1.0
0.5892856655813431,0.5892856655813431,0.6034482315661068,0.6034482315661068,0.0,0.0,0.0,HPR,2022-10-20 00:00:00+11:00,Energy,0.34560330195783223,0.41532323320539793,0.4615384615384615,0.48322139475873116,0.5740071832205391,0.4247463440340755,0.5276679322321431,0.5005006477281995,0.487368378392384,0.5580231522876639,0.5609756008064004,0.5025233665411365,0.4937879172122215,0.5218885802648375,0.23807646232401458,0.7763353597664046,0.19878672846442674,0.19878672846442677,0.1748740744584002,0.1748740744584002,0.25446764118199094,0.254467641181991,0.1983669614769757,0.1983669614769757,1.0,1.0,0.46153837336588666,0.45028844836252147,0.40601359454725394,0.6162132350432088,0.5005214203836209,0.5469972125286114,0.7041241452182624,0.4314068907208666,0.5082876383233643,0.6889098886049025,0.43619849990540693,0.6220327820165052,0.6597792512429469,0.010387386623155382,0.00881625678806161,0.0,0.0,0.48104071130229964,0.4942689200683607,0.3925309712575646,0.5769584352018887,0.48104071130229964,0.49426892006836065,0.3925309712575646,0.5769584352018887,1.0,1.0,0.8571425530374955,0.8571425530374955,1.0,0.8571425530374956,0.06666669315761621,0.12499998941678976,0.6250000000000004,0.5320279917975184,1.0,0.9395507634820096,0.655806247193136,-0.16666664941995157,SELL,0.0,1.0
0.5892856655813431,0.5892856655813431,0.6034482315661068,0.6034482315661068,0.0,0.0,0.0,HPR,2022-10-21 00:00:00+11:00,Energy,0.34560330195783223,0.41532323320539793,0.4615384615384615,0.48322139475873116,0.5956678235239847,0.39212003143826935,0.5395256337765784,0.4856520392591541,0.48631574472892514,0.5591328311859832,0.5647279430520407,0.49984483459608653,0.5001444602079268,0.5184429093553206,0.24142687547865815,0.7743514242400288,0.19878672846442674,0.19878672846442677,0.1748740744584002,0.1748740744584002,0.25446764118199094,0.254467641181991,0.19746268912877907,0.19746268912877907,1.0,1.0,0.46153837336588666,0.4623612271573647,0.42048641655314944,0.6155167128541712,0.51306400864765,0.5553306538203143,0.6666666666543364,0.42722708487860306,0.5110364492611652,0.6986834321327802,0.4363089170349743,0.6288395927415054,0.656527556296413,0.010387386623155382,0.00881625678806161,0.0,0.0,0.48104071130229964,0.4942689200683607,0.3925309712575646,0.5596772969657385,0.48104071130229964,0.49426892006836065,0.3925309712575646,0.5596772969657386,1.0,1.0,0.8571425530374955,0.8571425530374955,1.0,0.8571425530374956,0.06666669315761621,0.12499998941678976,0.6000000000000008,0.5362943581878097,1.0,0.9395507634820096,0.6526901222492733,-0.16666664941995157,SELL,0.0,1.0
0.5892856655813431,0.6071428452637423,0.6034482315661068,0.6034482315661068,0.011487857617317966,0.0,0.0,HPR,2022-10-24 00:00:00+11:00,Energy,0.34560330195783223,0.41532323320539793,0.4615384615384615,0.48322139475873116,0.5956678235239847,0.39212003143826935,0.5513833353210138,0.47105944117133225,0.4926315310242456,0.5524993246656847,0.5670731565187357,0.49817700080563887,0.5050563343898975,0.5157956520441408,0.24556562139940308,0.7719085537435976,0.0,0.0,0.1748740744584002,0.1748740744584002,0.1585487095794912,0.1585487095794912,0.18605615361851846,0.1860561536185184,1.0,1.0,0.46153837336588666,0.4714457646616762,0.4341996999337993,0.608124008378333,0.5212022102514765,0.568174145298228,0.6360827634767212,0.4377347765766706,0.510828645014322,0.6734051903032245,0.4380362181777355,0.631164010875991,0.6532644651421655,0.010849139188149405,0.01773426323162169,1.0,0.5327642711603304,0.37374541401431466,0.4942689200683607,0.48593071177062247,0.5109291329912771,0.37374541401431466,0.49426892006836065,0.4859307117706224,0.5109291329912772,0.8571425530374955,0.9523808510124987,0.8571425530374955,0.8571425530374955,0.8571425530374956,0.8571425530374956,0.08000005165735162,0.1363636479089566,0.5900229522412116,0.5484411096843362,1.0,0.969560164441206,0.6496363198042877,-0.23611108236658596,SELL,0.0,1.0
0.5892856655813431,0.5892856655813431,0.6034482315661068,0.6034482315661068,0.0,0.0,0.0,HPR,2022-10-25 00:00:00+11:00,Energy,0.34560330195783223,0.41532323320539793,0.4615384615384615,0.48322139475873116,0.5956678235239847,0.39212003143826935,0.563241036865449,0.4567162890987715,0.4989473173195659,0.5459242631111779,0.5694183699854305,0.4965139486441975,0.509968208571868,0.513161629071032,0.249704367320148,0.7694743422521525,0.0,0.0,0.1748740744584002,0.1748740744584002,0.1585487095794912,0.1585487095794912,0.18605615361851846,0.1860561536185184,1.0,1.0,1.0,0.4780855599867467,0.4467307950891589,0.5966175913326427,0.524645171320533,0.5858255185725979,0.6091089451077338,0.4468588265457927,0.5121672348681223,0.6530423809274883,0.4396403310729271,0.6336317895018777,0.6500744122036834,0.010849139188149405,0.01773426323162169,0.0,0.0,0.37374541401431466,0.4942689200683607,0.48593071177062247,0.5109291329912771,0.37374541401431466,0.49426892006836065,0.4859307117706224,0.5109291329912772,0.8571425530374955,0.9047617020249971,0.8571425530374955,0.8571425530374955,0.8571425530374956,0.8571425530374956,0.08000005165735162,0.056818207795152384,0.5703037092643737,0.5225902941306745,1.0,1.0,0.6466435934082021,-0.16666664941995157,SELL,0.0,1.0
0.4821428535791227,0.4821428535791227,0.4999999999999999,0.4999999999999999,0.00021103134131614227,0.0,0.0,HPR,2022-11-02 00:00:00+11:00,Energy,0.2126790157848073,0.26733683340136805,0.4615384615384615,0.48322139475873116,0.5740071832205391,0.26161478105504354,0.5869564399543199,0.29243295583736395,0.5305262487961676,0.39273760528341006,0.5764540068908715,0.3954264381852334,0.5319271762628164,0.41491911975153395,0.27453684137623346,0.6419971749886876,0.18222117461589396,0.182221174615894,0.1580112176994899,0.15801121769948995,0.2350364371337655,0.2350364371337655,0.21473564841210874,0.21473564841210874,0.0,0.5,0.5,0.4582240363680173,0.4846822527942096,0.4474801831179316,0.5108266551875015,0.6423294136317345,1.1265488542022695e-11,0.47540142009328745,0.5379466184356583,0.33323966854348397,0.4466586157615804,0.6384679462458069,0.439662868822056,0.007860521748324613,0.024661134175340976,0.025354213273676363,0.007142942009714655,0.27539138779934563,0.28296441578760606,0.4047619161547397,0.3834101151262115,0.2753913877993456,0.28296441578760606,0.4047619161547397,0.3834101151262116,0.0,0.5714283686916638,0.0,0.5714283686916636,0.0,0.0,0.16000000397364242,0.12499998941678976,0.2500000000000011,0.34243473513734624,0.9914907012433574,0.9914907012433574,0.6299031099231743,-0.09090910630285254,SELL,0.0,1.0
0.4821428535791227,0.4821428535791227,0.4999999999999999,0.4999999999999999,0.0,0.0,0.0,HPR,2022-11-03 00:00:00+11:00,Energy,0.34560330195783223,0.41532323320539793,0.4615384615384615,0.48322139475873116,0.5523465429170933,0.29255352648057054,0.5750987384098845,0.30514077268807327,0.5305262487961676,0.39273760528341006,0.5745778340207293,0.3966352360267459,0.5336607794851154,0.4140884750345103,0.2780843380894984,0.6401307408864852,0.18222117461589393,0.18222117461589393,0.1580112176994899,0.15801121769948995,0.2350364371337655,0.2350364371337655,0.21473564841210874,0.21473564841210874,0.0,0.5,0.5,0.43449908419460337,0.4768732504855666,0.3986443420953385,0.5222857268515063,0.6094185001108298,0.16666666667218238,0.47540142009328745,0.5379466184356583,0.33323966854348397,0.44711722671204135,0.6344665794909834,0.4445012394379972,0.007860521748324613,0.024661134175340976,0.0,0.0,0.27539138779934563,0.28296441578760606,0.4047619161547397,0.3834101151262115,0.2753913877993456,0.28296441578760606,0.4047619161547397,0.3834101151262116,0.0,0.28571418434583196,0.0,0.2857141843458318,0.0,0.0,0.16000000397364242,0.12499998941678976,0.2500000000000011,0.34243473513734624,0.9914907012433574,0.9914907012433574,0.627305047724711,-0.09090910630285254,SELL,0.0,1.0
0.4821428535791227,0.4821428535791227,0.4999999999999999,0.4999999999999999,0.0,0.0,0.0,HPR,2022-11-04 00:00:00+11:00,Energy,0.34560330195783223,0.41532323320539793,0.4615384615384615,0.48322139475873116,0.5306859026136477,0.32457784144803803,0.563241036865449,0.3180658170850357,0.5305262487961676,0.39273760528341006,0.5727016611505871,0.3978468007879624,0.5353943827074144,0.4132592772238868,0.2816318348027629,0.6382699009583505,0.18222117461589393,0.18222117461589393,0.1580112176994899,0.15801121769948995,0.2350364371337655,0.2350364371337655,0.21473564841210874,0.21473564841210874,0.0,0.0,0.5,0.41585448368062466,0.46624424024604727,0.3711967777983335,0.524645171320533,0.5858255185725979,0.24541246139408213,0.47540142009328745,0.5379466184356583,0.33323966854348397,0.4474689459736829,0.6305896080850524,0.4490713490380515,0.007860521748324613,0.024661134175340976,0.0,0.0,0.27539138779934563,0.28296441578760606,0.4047619161547397,0.3834101151262115,0.2753913877993456,0.28296441578760606,0.4047619161547397,0.3834101151262116,0.0,0.0,0.0,0.0,0.0,0.0,0.08000005165735162,0.12499998941678976,0.3333333333333348,0.34243473513734624,0.9835147976509884,0.9914907012433574,0.6247589467702167,-0.09090910630285254,SELL,0.0,1.0
0.4821428535791227,0.4821428535791227,0.4999999999999999,0.4999999999999999,0.0,0.0,0.0,HPR,2022-11-07 00:00:00+11:00,Energy,0.34560330195783223,0.41532323320539793,0.4615384615384615,0.48322139475873116,0.5090252623102016,0.35774588144283115,0.5513833353210138,0.33121370697962793,0.5305262487961676,0.39273760528341006,0.5703564441892484,0.3993651627803886,0.5400173235571832,0.41105512865450133,0.2851793315160278,0.6364146300911909,0.18222117461589393,0.18222117461589393,0.1580112176994899,0.15801121769948995,0.2350364371337655,0.2350364371337655,0.2134778550918109,0.2134778550918109,0.0,0.0,0.5,0.40140268974328586,0.4543446068043787,0.35882960972891,0.5212022102514765,0.568174145298228,0.29587585476901357,0.47540142009328745,0.5379466184356583,0.33323966854348397,0.44718586647333836,0.6265844685821793,0.45387832437554465,0.00019918954959382917,0.024661134175340976,0.0,0.0,0.27539138779934563,0.28296441578760606,0.4047619161547397,0.370558788964818,0.2753913877993456,0.28296441578760606,0.4047619161547397,0.3705587889648181,0.0,0.0,0.0,0.0,0.0,0.0,0.08000005165735162,0.12499998941678976,0.37500000000000144,0.34243473513734624,0.9835147976509884,0.9914907012433574,0.6222637678348123,-0.09090910630285254,SELL,0.0,1.0
0.4821428535791227,0.4821428535791227,0.4999999999999999,0.4999999999999999,0.0,0.0,0.0,HPR,2022-11-08 00:00:00+11:00,Energy,0.34560330195783223,0.41532323320539793,0.4615384615384615,0.48322139475873116,0.487364622006756,0.39212003143826935,0.5395256337765784,0.3445902557301468,0.5305262487961676,0.39273760528341006,0.5680112272279099,0.40088788162451305,0.5446402644069517,0.4088611712062048,0.28912099461234364,0.6343597192319254,0.18222117461589393,0.18222117461589393,0.1580112176994899,0.15801121769948995,0.2350364371337655,0.2350364371337655,0.2134778550918109,0.2134778550918109,0.0,0.0,0.5,0.3904005510319458,0.44223920433148106,0.35682682858309983,0.51306400864765,0.5553306538203143,0.3333333333329396,0.47540142009328745,0.5379466184356583,0.33323966854348397,0.44676776352049763,0.6227364628066103,0.4584350467411146,0.00019918954959382917,0.024661134175340976,0.0,0.0,0.27539138779934563,0.28296441578760606,0.4047619161547397,0.370558788964818,0.2753913877993456,0.28296441578760606,0.4047619161547397,0.3705587889648181,0.0,0.0,0.0,0.0,0.0,0.0,0.08000005165735162,0.12499998941678976,0.40000000000000124,0.34243473513734624,0.9835147976509884,0.9914907012433574,0.6198184924781159,-0.12121214173713679,SELL,0.0,1.0
0.5178572129439206,0.5178572129439206,0.5344828294942289,0.5344828294942289,2.7520735410262727e-05,0.0,0.0,HPR,2022-11-10 00:00:00+11:00,Energy,0.39393952424596507,0.46609640158480403,0.4615384615384615,0.48322139475873116,0.4945848533728401,0.4385045408679795,0.5197628076854974,0.4151212541394933,0.5326315161230851,0.4311547847106022,0.5642588814876257,0.43561530366225243,0.5492632052567206,0.43530302870900717,0.2973984879222171,0.6673888213339397,0.06626240738560939,0.06626240738560939,0.17681655107015182,0.17681655107015187,0.24252380618183875,0.24252380618183875,0.21873347083076788,0.21873347083076783,0.250000465661211,0.250000465661211,0.5714287234812523,0.38606237967088897,0.42225104463393504,0.393059525362435,0.4843228710341062,0.5494664358507672,0.5000002776605095,0.4738889149741765,0.5434823319001569,0.4108317883683121,0.4451496593624864,0.6176842184616598,0.5268164173830672,2.588026352301834e-05,0.024684037593963714,1.0,0.0009306844228963299,0.4095106019339347,0.3166507254297608,0.4318182485550262,0.3978191780557901,0.4095106019339347,0.3166507254297608,0.4318182485550262,0.39781917805579015,0.2857148939250088,0.09523829797500304,0.2857148939250088,0.09523829797500286,0.2857148939250088,0.2857148939250088,0.10666676865682242,0.1477273064011235,0.4710744900844428,0.3849547622890004,0.9835512315581952,0.9915004190748409,0.6150736801759827,-0.11764712649748443,SELL,0.0,1.0
0.5178572129439206,0.5178572129439206,0.5344828294942289,0.5344828294942289,0.0,0.0,0.0,HPR,2022-11-11 00:00:00+11:00,Energy,0.34560330195783223,0.41532323320539793,0.4615384615384615,0.48322139475873116,0.5018050847389244,0.4267000994272294,0.5118576831388519,0.42472012138491255,0.5347367834500024,0.42919031781048955,0.56285175270868,0.43656313104098576,0.5492632052567206,0.43530302870900717,0.3017343181357752,0.6650841057049751,0.06626240738560939,0.06626240738560939,0.17681655107015182,0.17681655107015187,0.24252380618183875,0.24252380618183875,0.21873347083076788,0.21873347083076783,1.0,0.250000465661211,0.5714287234812523,0.38956299763019886,0.41636751484399936,0.4173852577433707,0.464680204833095,0.5554624021784306,0.5285833793761822,0.47214063395869,0.5492815546587173,0.40370001225723245,0.44403907743195115,0.6163759180892625,0.5286831302822242,2.588026352301834e-05,0.024684037593963714,0.0,0.0,0.4095106019339347,0.3166507254297608,0.4318182485550262,0.3978191780557901,0.4095106019339347,0.3166507254297608,0.4318182485550262,0.39781917805579015,0.3333341611760002,0.20634968503366977,0.2857148939250088,0.1904765959500058,0.33333416117600023,0.2857148939250088,0.09333341015708702,0.1477273064011235,0.4772728350291327,0.38112055981257315,0.11844758688558543,0.9915004190748409,0.6127722065724629,-0.11764712649748443,SELL,0.0,1.0
0.5178572129439206,0.5178572129439206,0.5344828294942289,0.5344828294942289,0.0,0.0,0.0,HPR,2022-11-14 00:00:00+11:00,Energy,0.34560330195783223,0.41532323320539793,0.4615384615384615,0.48322139475873116,0.5090253161050085,0.4150361873317028,0.5039525585922062,0.43443326066433285,0.5305262644815997,0.433124881942608,0.5614446239297342,0.43751259684141564,0.5489742730008811,0.4354433497015733,0.30607014834933377,0.6627877466894531,0.06626240738560939,0.06626240738560939,0.17681655107015182,0.17681655107015187,0.15693618313454,0.15693618313454,0.21873347083076788,0.21873347083076783,1.0,0.250000465661211,0.5714287234812523,0.39276106416111045,0.41241229278301667,0.4361537689221323,0.43964401069516057,0.5669812899825512,0.5727395870667334,0.46792666508871394,0.5463006283226581,0.41211248808739487,0.4428875947633737,0.615115216006638,0.5305351559234541,2.588026352301834e-05,0.015530467053334853,0.0,0.0,0.4095106019339347,0.3166507254297608,0.35515882300725204,0.3978191780557901,0.4095106019339347,0.3166507254297608,0.355158823007252,0.39781917805579015,0.3333341611760002,0.3174610720923365,0.2857148939250088,0.2857148939250088,0.33333416117600023,0.2857148939250088,0.09333341015708702,0.1477273064011235,0.48333344198771816,0.3769684951074568,0.11844758688558543,0.9915004190748409,0.6105167624410136,-0.11764712649748443,SELL,0.0,1.0
0.5714286189450309,0.5714286189450309,0.5862069452772823,0.5862069452772823,0.0030597202300592947,0.0,0.0,HPR,2022-11-15 00:00:00+11:00,Energy,0.4159749760192396,0.48874919280782075,0.4615384615384615,0.48322139475873116,0.5270758676228156,0.4711503591884838,0.501976284817778,0.5094076685249953,0.5294736386608571,0.4947363926897145,0.5614446239297342,0.48601912610180553,0.5492632074094452,0.4782414624986989,0.31080014494594277,0.7159623068676214,0.10247440745671492,0.10247440745671493,0.20480539282759555,0.20480539282759558,0.18149924004497342,0.18149924004497342,0.22918546478184698,0.22918546478184698,1.0,0.4545457008456409,0.4545457008456409,0.41023711016772785,0.41335529270577104,0.48382890535263395,0.42865383154367487,0.5747056579823794,0.9119205352725549,0.465812746695371,0.5467405638656586,0.5511807896222347,0.4428875947633737,0.615115216006638,0.6237654898178356,0.002915511225343104,0.018076839897404384,0.991085653592292,0.13934760927067752,0.4631582505779272,0.36718006440196477,0.39236118906442674,0.438709660139591,0.46315825057792714,0.3671800644019647,0.3923611890644267,0.43870966013959106,0.8333341611760002,0.5000008278426671,0.7142861704437565,0.4285719860979247,0.8333341611760001,0.7142861704437566,0.13333338631523242,0.11363641559030481,0.5757576930434479,0.456441377769152,0.9402330456452159,0.9869096440164615,0.6083064271921935,-0.15492962402167842,SELL,0.0,1.0
0.5714286189450309,0.5714286189450309,0.5862069452772823,0.5862069452772823,0.0,0.0,0.0,HPR,2022-11-16 00:00:00+11:00,Energy,0.34560330195783223,0.41532323320539793,0.4615384615384615,0.48322139475873116,0.5451264191406224,0.4421910446643744,0.5118577125877855,0.4967116728322336,0.5284210128401142,0.49576860055056005,0.5614446239297342,0.48601912610180553,0.5495521418180094,0.47809499202076877,0.31553014154255177,0.7133668299593804,0.10247440745671492,0.10247440745671493,0.0853083034242197,0.08530830342421973,0.18149924004497342,0.18149924004497342,0.22918546478184698,0.22918546478184698,1.0,0.4545457008456409,0.4545457008456409,0.4241489837153334,0.41737922712512654,0.5138161074326081,0.4492570918107123,0.5712555762948647,0.7970139297695812,0.4636488337899658,0.5472363745798834,0.5544341965689483,0.4428875947633737,0.615115216006638,0.6237654898178356,0.002915511225343104,0.018076839897404384,0.0,0.0,0.4631582505779272,0.47589470694516844,0.39236118906442674,0.438709660139591,0.46315825057792714,0.47589470694516844,0.3923611890644267,0.43870966013959106,0.8333341611760002,0.6666674945093337,0.7142861704437565,0.5714290782708406,0.8333341611760001,0.7142861704437566,0.13333338631523242,0.11363641559030481,0.5810811763222878,0.45827035252331605,0.9402330456452159,0.9869096440164615,0.6061402986483496,-0.15492962402167842,SELL,0.0,1.0
0.5714286189450309,0.5714286189450309,0.5862069452772823,0.5862069452772823,0.0,0.0,0.0,HPR,2022-11-17 00:00:00+11:00,Energy,0.34560330195783223,0.41532323320539793,0.4615384615384615,0.48322139475873116,0.5559567392923455,0.42521376716139736,0.5217391403577929,0.4842021088897417,0.5273683870193716,0.49680229466377257,0.5614446239297342,0.48601912610180553,0.549841076226574,0.4779485637595192,0.32026013813916077,0.7107815589093917,0.09647002422465248,0.09647002422465249,0.0853083034242197,0.08530830342421973,0.18149924004497342,0.18149924004497342,0.22918546478184698,0.22918546478184698,1.0,0.4545457008456409,0.4545457008456409,0.43510987458368394,0.42317437641304084,0.5310556100085716,0.46380911161908556,0.5740019074709174,0.7333554652047205,0.461432809458695,0.5477904263834368,0.5578206698280597,0.4428875947633737,0.615115216006638,0.6237654898178356,0.0028895203624033205,0.018076839897404384,0.0,0.0,0.42581518752746744,0.47589470694516844,0.39236118906442674,0.438709660139591,0.4258151875274674,0.47589470694516844,0.3923611890644267,0.43870966013959106,0.8333341611760002,0.8333341611760002,0.7142861704437565,0.7142861704437565,0.8333341611760001,0.7142861704437566,0.13333338631523242,0.11363641559030481,0.5868545290670819,0.46015896746638185,0.9402330456452159,0.9869096440164615,0.6040174926753826,-0.15492962402167842,SELL,0.0,1.0
0.5714286189450309,0.5714286189450309,0.5862069452772823,0.5862069452772823,0.0,0.0,0.0,HPR,2022-11-18 00:00:00+11:00,Energy,0.34560330195783223,0.41532323320539793,0.4615384615384615,0.48322139475873116,0.5667870594440683,0.40852587492748094,0.5316205681278006,0.47187490019945066,0.526315761198629,0.49783747824169555,0.55769227818945,0.4886711356128214,0.5501300106351386,0.47780217769670086,0.32538430038462884,0.7079922963626338,0.09647002422465248,0.09647002422465249,0.0853083034242197,0.08530830342421973,0.18149924004497342,0.18149924004497342,0.15535707543988714,0.15535707543988714,1.0,0.4545457008456409,0.4545457008456409,0.4436338315481351,0.4298137753524738,0.5392728197330772,0.4737304164509567,0.581490046883466,0.6898315513550981,0.4591623433798575,0.5484053237046591,0.5613539459768646,0.42915324403919053,0.6241632701555742,0.6338468391933901,0.0028895203624033205,0.018076839897404384,0.0,0.0,0.42581518752746744,0.47589470694516844,0.39236118906442674,0.3407104705380644,0.4258151875274674,0.47589470694516844,0.3923611890644267,0.3407104705380644,0.8333341611760002,0.8333341611760002,0.7142861704437565,0.7142861704437565,0.8333341611760001,0.7142861704437566,0.13333338631523242,0.11363641559030481,0.5931372924986034,0.46211018811783283,0.9402330456452159,0.9869096440164615,0.601937142821875,-0.15492962402167842,SELL,0.0,1.0
0.5714286189450309,0.5714286189450309,0.5862069452772823,0.5862069452772823,0.0,0.0,0.0,HPR,2022-11-21 00:00:00+11:00,Energy,0.34560330195783223,0.41532323320539793,0.4615384615384615,0.48322139475873116,0.5776173795957911,0.39212003143826935,0.541501995897808,0.4597260882517178,0.5252631353778862,0.49887415450593686,0.5553470647227552,0.4903348709215659,0.5504189450437027,0.4776558338140754,0.3309026290131474,0.705001704582911,0.09647002422465248,0.09647002422465249,0.0853083034242197,0.08530830342421973,0.18149924004497342,0.18149924004497342,0.14692704518824334,0.14692704518824334,1.0,0.4545457008456409,0.4545457008456409,0.45015137070224504,0.43665703060870087,0.5412569841396004,0.47926801996788104,0.5934670548847817,0.6565815531621435,0.4568348617570883,0.5490839430855272,0.565049726520346,0.42182430449722474,0.6283577663607927,0.6404054464811357,0.0028895203624033205,0.00851636819613747,0.0,0.0,0.42581518752746744,0.47589470694516844,0.39236118906442674,0.3750424896503615,0.4258151875274674,0.47589470694516844,0.3923611890644267,0.3750424896503616,1.0,0.8888894407840002,0.7142861704437565,0.7142861704437565,1.0,0.7142861704437566,0.13333338631523242,0.11363641559030481,0.6000000000000004,0.4641271799188027,0.9402330456452159,0.9869096440164615,0.5998983999654376,-0.15492962402167842,SELL,0.0,1.0
0.5000000332615216,0.5000000332615216,0.5172414147471144,0.5172414147471144,0.003513285371522901,0.0,0.0,HPR,2022-11-23 00:00:00+11:00,Energy,0.2557389468282324,0.3167001489480201,0.4615384615384615,0.48322139475873116,0.5631769437610263,0.3043728629453226,0.55335971216671,0.3522808070789418,0.5189473569252819,0.42370794632928044,0.553470891852613,0.4266755949582147,0.5498410783792991,0.42071378207677923,0.34233345338742716,0.6255872367175642,0.1231918471730605,0.12319184717306053,0.15435321264015017,0.15435321264015017,0.21231963053054922,0.21231963053054928,0.1396117095232111,0.1396117095232111,0.4285712765187478,0.5555556475379979,0.3333334989017844,0.43914666119236556,0.44484088834280616,0.48987724161179436,0.4748274263186153,0.6191911397509177,0.2214568337104395,0.4489882282617772,0.5463176935728578,0.38158112276801115,0.4204597833097905,0.6264780721221006,0.500433781730335,0.003317871903534304,0.011440208871380933,1.0,0.24550249409452488,0.30725251497626366,0.40239744375450437,0.34275800352382124,0.384188983510304,0.3072525149762637,0.4023974437545045,0.3427580035238212,0.3841889835103041,0.20000029802306402,0.7333334326743547,0.1666670805880001,0.5714291374025854,0.20000029802306396,0.16666708058800006,0.10666676865682242,0.1477273064011235,0.44191919990114187,0.35897132692933115,0.4820918459270261,0.4677575551139569,0.5959424233268064,-0.10447765426371136,SELL,0.0,1.0
0.4821428535791227,0.4821428535791227,0.4999999999999999,0.4999999999999999,0.026912000164890194,0.0,0.0,HPR,2022-11-24 00:00:00+11:00,Energy,0.32179590961257376,0.38974718948094683,0.4615384615384615,0.48322139475873116,0.5451263922432192,0.3031047981784605,0.5494071351689205,0.33342699916743235,0.5126315706299617,0.4092155332283619,0.5511256748912745,0.4119817804234217,0.5486853428977658,0.40694976041707687,0.3474576156328948,0.6047255207221768,0.11929416475120677,0.11929416475120679,0.1428396492654546,0.14283964926545456,0.21343114526305026,0.21343114526305026,0.14086447948918407,0.140864479489184,0.0,0.5,0.3125001164153027,0.42174806390503167,0.442003445335583,0.4470332817461887,0.482096826495381,0.6046883477631976,0.1946692075428763,0.4433956564529522,0.5410322315776706,0.34570915750010706,0.41928686218152267,0.623508487029373,0.4689863744176483,0.028733839074973025,0.033837023366457525,0.884527447825652,0.6708427762884689,0.29062925925358707,0.34835523993765705,0.3303571840403904,0.370558788964818,0.29062925925358707,0.348355239937657,0.3303571840403904,0.3705587889648181,0.0,0.4000000993410214,0.0,0.3333337472546667,0.0,0.0,0.12000012715655783,0.15909096489329033,0.40656560069201714,0.3386491416257984,0.09822574720361374,0.09761624810589808,0.5940235748602701,-0.09090910630285254,SELL,0.0,1.0
0.37499997505385874,0.37499997505385874,0.39655170420474806,0.39655170420474806,0.020494164667216923,0.0,0.0,HPR,2022-11-25 00:00:00+11:00,Energy,0.2005949051925763,0.25322237389826485,0.4615384615384615,0.48322139475873116,0.5054151869732648,0.19100545012150705,0.5335968492644618,0.20968821869136844,0.49999999411796303,0.29735497548331324,0.5459661986247228,0.3174736158775068,0.545796004193934,0.3222885288945667,0.3519905279366906,0.49302326348501524,0.1955990193110513,0.1955990193110513,0.23182474747030163,0.23182474747030163,0.27499903713011536,0.2749990371301154,0.1890979623962763,0.1890979623962763,0.0,0.31250004365572837,0.227272811938402,0.3791023691535279,0.4297110040961227,0.3550063519400905,0.5237555521279794,0.5337942666034784,0.07806741747711693,0.452169468082503,0.5081546512370143,0.1474856506764522,0.42441355657268987,0.6080062293176922,0.28821546183418767,0.04808873700885426,0.050892760638711045,0.4024820493006012,0.3428912188000059,0.1908899106965107,0.24135187786384693,0.2559524057294822,0.28877777402088756,0.19088991069651068,0.2413518778638469,0.2559524057294822,0.28877777402088756,0.0,0.06666676600768805,0.0,0.05555569352933326,0.0,0.0,0.20000012914337903,0.22727278884776864,0.2542734642693012,0.20137653238340472,0.063320751670839,0.06306690399719528,0.5921431033630647,0.0,HOLD,0.0,0.5
0.37499997505385874,0.37499997505385874,0.39655170420474806,0.39655170420474806,0.03669415773433379,0.0,0.0,HPR,2022-11-28 00:00:00+11:00,Energy,0.34560330195783223,0.41532323320539793,0.4615384615384615,0.48322139475873116,0.4657039817033104,0.24953085646888407,0.5177865633600034,0.22638075651955192,0.4873684176059644,0.308345901422758,0.539868637670422,0.32119120951296054,0.542906665490102,0.32353257419323556,0.3561292738574351,0.4911678771359179,0.1955990193110513,0.1955990193110513,0.23182474747030163,0.23182474747030163,0.27499903713011536,0.2749990371301154,0.1834137029664849,0.18341370296648485,0.0,0.31250004365572837,0.227272811938402,0.3462651266201463,0.4121597227115487,0.3038212643272976,0.542181631577885,0.4866901948880257,0.1954411771067972,0.4542342045384855,0.48277530837513694,0.2051271040233899,0.4260175252375169,0.5948697228947395,0.31106850790563206,0.0827430734626764,0.07467927660673086,0.4188180192318489,0.4209200958680858,0.1908899106965107,0.24135187786384693,0.2559524057294822,0.2663720584074804,0.19088991069651068,0.2413518778638469,0.2559524057294822,0.26637205840748046,0.0,0.0,0.0,0.0,0.0,0.0,0.20000012914337903,0.22727278884776864,0.30465952132313856,0.22810373035105785,0.063320751670839,0.06306690399719528,0.5843194473967322,0.0,HOLD,0.0,0.5
0.37499997505385874,0.37499997505385874,0.39655170420474806,0.39655170420474806,0.029277378096024178,0.0,0.0,HPR,2022-11-29 00:00:00+11:00,Energy,0.34560330195783223,0.41532323320539793,0.4615384615384615,0.48322139475873116,0.42599277643335576,0.31216987105865757,0.496047426683327,0.24998582248854007,0.4747368410939655,0.3195338267497462,0.5337710767161208,0.32493713182286965,0.5400173267862705,0.32478022280977525,0.36026801977818046,0.48931877009532065,0.1955990193110513,0.1955990193110513,0.19549527400682803,0.1954952740068281,0.27499903713011536,0.2749990371301154,0.1834137029664849,0.18341370296648485,0.0,0.31250004365572837,0.227272811938402,0.32148678246316653,0.3922953517885418,0.28130761351953626,0.5394848569602707,0.4506272591070434,0.26244097755654805,0.45159173504504446,0.4626568617108986,0.2430755382542967,0.42657192410801725,0.5829546547537943,0.32971932777485613,0.11039292765393531,0.09904461556709304,0.2504673721163692,0.2540328632208171,0.1908899106965107,0.19613922022624267,0.2559524057294822,0.2663720584074804,0.19088991069651068,0.19613922022624264,0.2559524057294822,0.26637205840748046,0.0,0.0,0.0,0.0,0.0,0.0,0.20000012914337903,0.22727278884776864,0.34534535310573455,0.2511626682524539,0.063320751670839,0.06306690399719528,0.5768087376690528,0.0,HOLD,0.0,0.5
0.37499997505385874,0.37499997505385874,0.39655170420474806,0.39655170420474806,0.058554756192048356,0.0,0.0,HPR,2022-11-30 00:00:00+11:00,Energy,0.34560330195783223,0.41532323320539793,0.4615384615384615,0.48322139475873116,0.4007220069981663,0.3543758431057933,0.4743082900066511,0.27438131710323477,0.46842105087728714,0.3252033285492478,0.52767351576182,0.32871170784940373,0.5371279880824384,0.32603149042214885,0.3612534353687109,0.4888794285788437,0.19322912048297292,0.19322912048297292,0.19549527400682803,0.1954952740068281,0.22534479094454504,0.22534479094454504,0.1834137029664849,0.18341370296648485,0.0,0.21428558123965402,0.227272811938402,0.3033047643179778,0.3721307616339834,0.2783855342689834,0.5267004672663608,0.4248939455330222,0.30771752129034313,0.457277739675616,0.4447661612244964,0.2718821219804611,0.42620294582669405,0.5721141680347481,0.34532478096399105,0.16237465353350206,0.14759966812459113,0.3405683677375499,0.34203227749734755,0.25043578761787233,0.19613922022624267,0.32359307014261285,0.2663720584074804,0.2504357876178723,0.19613922022624264,0.32359307014261285,0.26637205840748046,0.0,0.0,0.0,0.0,0.0,0.0,0.1733334121439082,0.22727278884776864,0.3785166296697555,0.2683628962862763,0.06281390617594142,0.06306690399719528,0.5695984563304807,0.0,HOLD,0.0,0.5
0.37499997505385874,0.37499997505385874,0.39655170420474806,0.39655170420474806,0.0,0.0,0.0,HPR,2022-12-01 00:00:00+11:00,Energy,0.34560330195783223,0.41532323320539793,0.4615384615384615,0.48322139475873116,0.379061353246019,0.39212003143826935,0.4525691533299747,0.2996076183109071,0.46210526066060875,0.33092409940060497,0.5215759548075192,0.3325152676265202,0.5342386493786067,0.32728639279940397,0.3632242665497727,0.48800180633001145,0.19878685188752834,0.19878685188752837,0.19549527400682803,0.1954952740068281,0.22534479094454504,0.22534479094454504,0.1834137029664849,0.18341370296648485,0.0,0.21428558123965402,0.31250004365572837,0.2904980103489233,0.3529892775284946,0.28834358039964425,0.5048891666774568,0.4084041031398442,0.3423177379193805,0.46139456470159934,0.42862921680993193,0.29441712511072926,0.42500018048928245,0.5622440021412956,0.35863307862095883,0.13695868636206335,0.14759966812459113,0.0,0.0,0.26645005010861095,0.19613922022624267,0.32359307014261285,0.2663720584074804,0.2664500501086109,0.19613922022624264,0.32359307014261285,0.26637205840748046,0.0,0.0,0.0,0.0,0.0,0.0,0.1733334121439082,0.1590910072261313,0.4006849351769138,0.2874430356390937,0.06281390617594142,0.063320751670839,0.5626765862454514,0.0,HOLD,0.0,0.5
0.37499997505385874,0.37499997505385874,0.39655170420474806,0.39655170420474806,0.0,0.0,0.0,HPR,2022-12-02 00:00:00+11:00,Energy,0.34560330195783223,0.41532323320539793,0.4615384615384615,0.48322139475873116,0.379061353246019,0.39212003143826935,0.43083001665329834,0.325707901901785,0.4557894704439306,0.3366968378981191,0.5154783938532179,0.3363481462761597,0.5313493106747746,0.32854494580233506,0.3653921812894563,0.48703805185279403,0.0,0.0,0.19549527400682803,0.1954952740068281,0.22534479094454504,0.22534479094454504,0.1834137029664849,0.18341370296648485,0.0,0.21428558123965402,0.31250004365572837,0.2820485916058323,0.33569032852540387,0.30627725361340696,0.4735812380445029,0.40163871783519756,0.37100581469763083,0.46422671511460134,0.4139280582647884,0.3128290367335557,0.4230281025853171,0.5532691247981589,0.37015113323888404,0.1176037884281821,0.14759966812459113,0.0,0.0,0.37374541401431466,0.19613922022624267,0.32359307014261285,0.2663720584074804,0.37374541401431466,0.19613922022624264,0.32359307014261285,0.26637205840748046,0.0,0.0,0.0,0.0,0.0,0.0,0.1733334121439082,0.1590910072261313,0.41666666666666785,0.30353801732930763,0.06281390617594142,0.063320751670839,0.5560315909638233,0.0,HOLD,0.0,0.5
0.28571427621099377,0.28571427621099377,0.3103448231566107,0.3103448231566107,0.005855475619204836,0.0,0.0,HPR,2022-12-05 00:00:00+11:00,Energy,0.21267898552369802,0.2673367982021042,0.4615384615384615,0.48322139475873116,0.3610108151769136,0.2616147508410782,0.39920945956884846,0.2342930834827619,0.4442105236740327,0.2401293985004863,0.5103189193339883,0.2561492021840046,0.527015303157208,0.25807230885538457,0.3665746804386085,0.39583980836219357,0.18222121609977196,0.182221216099772,0.2356651249503316,0.23566512495033165,0.27499905923475754,0.2749990592347576,0.17053892283006994,0.17053892283006994,0.0,0.0,0.23809530567418336,0.25285687914898924,0.31499060448851685,0.27317699514329596,0.44210399848206194,0.37739925695979626,0.23950954854027934,0.4767237794184893,0.37881191555756955,0.2237554195915329,0.43330561079128826,0.531772603702269,0.27010914601562697,0.08847942281261174,0.15247273591666355,0.0625,0.03311706342319042,0.27539136540838893,0.11073750581761854,0.2559523903306292,0.2774193462680874,0.2753913654083889,0.11073750581761854,0.2559523903306292,0.2774193462680874,0.0,0.0,0.0,0.0,0.0,0.0,0.20000007947284862,0.21590917268844273,0.3698630430591394,0.2496778923255234,0.0,0.05792932030884842,0.5496523954934603,0.0,HOLD,0.0,0.5
0.30357145589339274,0.37499997505385874,0.3275862379037251,0.39655170420474806,0.035132853715229014,0.0,0.0,HPR,2022-12-06 00:00:00+11:00,Energy,0.4906116447032596,0.5633096682086915,0.6153844721042427,0.6414187712235206,0.3610108151769136,0.42474635158756735,0.3774703228921723,0.3937762494039738,0.4378947334573541,0.35334141786434314,0.5075046600287749,0.3414051777321553,0.5255706343434732,0.3310730671188825,0.36874259517829167,0.4855519619613232,0.3013840387928247,0.30138403879282477,0.33962507055104946,0.3396250705510495,0.3412437103160675,0.3412437103160675,0.22017193730928036,0.2201719373092803,0.5,0.23809517051628093,0.3846153846153846,0.25625165099364033,0.2992286562315035,0.3212371146622355,0.37969104011715016,0.40248512722321883,0.45857532993643746,0.4764959445192052,0.36753067644386817,0.3589552797401442,0.43556933087639926,0.5239367099086132,0.4024826361691956,0.09400939365086353,0.18171114266909819,0.35294117647058826,0.16690145156317102,0.37374541401431466,0.19613922022624267,0.32359307014261285,0.35073311040340116,0.37374541401431466,0.19613922022624264,0.32359307014261285,0.35073311040340116,0.31249988358469727,0.1041666278615658,0.31249988358469727,0.10416662786156566,0.31249988358469716,0.31249988358469716,0.2666667229599344,0.2727273381507542,0.4298245743688607,0.32441254281904247,0.36646105236988313,0.39021653763102737,0.5352939411532495,-0.08333331781129005,SELL,0.0,1.0
0.37499997505385874,0.37499997505385874,0.39655170420474806,0.39655170420474806,0.001171095123840967,0.0,0.0,HPR,2022-12-07 00:00:00+11:00,Energy,0.34560330195783223,0.41532323320539793,0.4615384615384615,0.48322139475873116,0.3610108151769136,0.42474635158756735,0.3636363254866086,0.41242195526589964,0.4315789432406759,0.3593200707887668,0.5046904007235617,0.34320226665022047,0.5241259655297386,0.33170740400974763,0.3709105099179748,0.484592534619373,0.3013840387928247,0.30138403879282477,0.3262646124299993,0.3262646124299994,0.3412437103160675,0.3412437103160675,0.22017193730928036,0.2201719373092803,0.5,0.23809517051628093,0.3846153846153846,0.2608860072824294,0.28770825270139644,0.3625207118946038,0.3403450674927836,0.41806858670999225,0.4932463122067659,0.47553081725172985,0.3570734545195664,0.3688938498844956,0.4375860675417629,0.516388243407103,0.4097636971117765,0.039815679435996065,0.18268575622751265,0.02777777777777778,0.005533859864023021,0.37374541401431466,0.2573225579124977,0.32359307014261285,0.35073311040340116,0.37374541401431466,0.2573225579124977,0.32359307014261285,0.35073311040340116,0.31249988358469727,0.20833325572313155,0.31249988358469727,0.2083332557231314,0.31249988358469716,0.31249988358469716,0.2666667229599344,0.2727273381507542,0.4554973755030702,0.3524185621722469,0.37427818883109676,0.3974617866713674,0.5217969940734509,-0.08333331781129005,SELL,0.0,1.0
0.37499997505385874,0.37499997505385874,0.39655170420474806,0.39655170420474806,0.0,0.0,0.0,HPR,2022-12-08 00:00:00+11:00,Energy,0.34560330195783223,0.41532323320539793,0.4615384615384615,0.48322139475873116,0.3610108151769136,0.42474635158756735,0.3517786165799399,0.4287531719194053,0.42315788569708,0.36737812461733943,0.5018761414183486,0.34500580445307605,0.5212366268259065,0.3329788604445737,0.3734725910407084,0.48346084695402947,0.3013840387928247,0.30138403879282477,0.32663998117445137,0.3266399811744514,0.3334061998003918,0.3334061998003918,0.22017193730928036,0.2201719373092803,0.5,0.23809517051628093,0.3846153846153846,0.266438734787695,0.27979691830901143,0.3976483284255179,0.29484236955882126,0.4434859721082052,0.5555555555472547,0.47052865003889943,0.3472828355031461,0.37941018440220764,0.43937453160282236,0.5091054294607047,0.41646335253926975,0.039815679435996065,0.18266285280888991,0.0,0.0,0.37374541401431466,0.27377719894601804,0.29971983750278086,0.35073311040340116,0.37374541401431466,0.27377719894601804,0.29971983750278086,0.35073311040340116,0.31249988358469727,0.31249988358469727,0.31249988358469727,0.31249988358469727,0.31249988358469716,0.31249988358469716,0.2666667229599344,0.2727273381507542,0.4618117157554814,0.3590060677552177,0.37427818883109676,0.3974617866713674,0.5091098638184405,-0.08333331781129005,SELL,0.0,1.0
0.3392856822121041,0.3392856822121041,0.3620689389396642,0.3620689389396642,0.001396179606643201,0.0,0.0,HPR,2022-12-09 00:00:00+11:00,Energy,0.2924335555769077,0.35766443186255037,0.4615384615384615,0.48322139475873116,0.3537905972595312,0.37241059659031217,0.34782604694438346,0.37955832679312196,0.4126315647479245,0.33367124039986973,0.4981237956780644,0.3137742767129782,0.5166136848997755,0.3059212829105059,0.3758375886048211,0.44628547176524946,0.31104468141840796,0.311044681418408,0.2716496531855642,0.2716496531855643,0.33788859794987414,0.3378885979498742,0.22551708911951895,0.22551708911951895,0.4166666407965914,0.21739124096860124,0.30769220849818935,0.2629467213350575,0.272647166337832,0.4050609254769787,0.2933000266443696,0.4380063346584402,0.36043266456407186,0.4660546430260657,0.3330566397514716,0.3473782693583249,0.4427326803656817,0.49826206398082706,0.3814277433867596,0.04113424568266882,0.18382478709323166,0.0320551083291658,0.0065568046686967875,0.3344037799160459,0.3435995982926521,0.2734593300682908,0.3214075938246711,0.334403779916046,0.34359959829265213,0.2734593300682908,0.3214075938246712,0.18749988358469727,0.27083321691803064,0.18749988358469727,0.27083321691803053,0.18749988358469716,0.18749988358469716,0.2933333902888748,0.2727272958179133,0.42445213025618883,0.34034855308730483,0.36903056649083965,0.39190296699869565,0.4971839613787309,-0.05172411578305347,SELL,0.0,1.0
0.35714286189450306,0.37499997505385874,0.3793103536867787,0.39655170420474806,0.01990861710529644,0.0,0.0,HPR,2022-12-12 00:00:00+11:00,Energy,0.40060648822241407,0.4729820345482453,0.49999992835981366,0.5207597212465962,0.3718411353286366,0.4050391832127196,0.34782604694438346,0.43427035080246834,0.40421050720432883,0.3858793394511887,0.495309536372851,0.3492393341348329,0.512568610714411,0.3368156342712936,0.3785967525519842,0.4812045319827064,0.2302444747823051,0.2302444747823051,0.2829194549225241,0.2829194549225242,0.34828230422625245,0.34828230422625256,0.23249458472234746,0.23249458472234746,0.5,0.27999994635582454,0.35714277161323554,0.27181013463984016,0.2690104224685022,0.43925356539677257,0.2933000266443696,0.4380063346584402,0.5751516113830095,0.4586501427192524,0.3259509308867181,0.40204500872781956,0.4440210911908502,0.4915611876708401,0.43129836336424854,0.05440617569447309,0.20039321758627793,0.34558324287183745,0.08580320582993024,0.48104073794938706,0.38402309373201393,0.29971983750278086,0.35073311040340116,0.4810407379493871,0.38402309373201393,0.29971983750278086,0.35073311040340116,0.416666511446263,0.3055554262052192,0.31249988358469727,0.27083321691803053,0.416666511446263,0.31249988358469716,0.3200000576178152,0.295454570469406,0.4740384727253522,0.36746878687935935,0.47666504067457466,0.49249750331670056,0.48597361308540366,-0.04999997826913949,HOLD,0.0,0.5
0.37499997505385874,0.37499997505385874,0.39655170420474806,0.39655170420474806,0.0,0.0,0.0,HPR,2022-12-13 00:00:00+11:00,Energy,0.34560330195783223,0.41532323320539793,0.4615384615384615,0.48322139475873116,0.3718411353286366,0.4050391832127196,0.34782604694438346,0.43427035080246834,0.3926315565130728,0.39744565265764453,0.49249527706763807,0.3510646207865221,0.5082346021204818,0.3387467259761008,0.3813559164991478,0.4799934756507741,0.11724397733777012,0.11724397733777013,0.2829194549225241,0.2829194549225242,0.3320045782507412,0.33200457825074126,0.23249458472234746,0.23249458472234746,0.5,0.3333332742017457,0.35714277161323554,0.2805517344242181,0.26815545676514374,0.46632903360184785,0.2933000266443696,0.4380063346584402,0.5751516113830095,0.4411841138501613,0.32432231579608484,0.4115865465462363,0.4451289610749729,0.48507041612763957,0.4364962966418468,0.021226350664962406,0.19784684474220843,0.0,0.0,0.37374541401431466,0.38402309373201393,0.2664318928340976,0.35073311040340116,0.37374541401431466,0.38402309373201393,0.2664318928340975,0.35073311040340116,0.45454536218288466,0.35290391907128166,0.31249988358469727,0.27083321691803053,0.45454536218288466,0.31249988358469716,0.2666667229599344,0.295454570469406,0.5120481799956464,0.3759676682659548,0.4933415894311768,0.49249750331670056,0.475435885689676,-0.04999997826913949,HOLD,0.0,0.5
0.37499997505385874,0.37499997505385874,0.39655170420474806,0.39655170420474806,0.0,0.0,0.0,HPR,2022-12-14 00:00:00+11:00,Energy,0.34560330195783223,0.41532323320539793,0.4615384615384615,0.48322139475873116,0.3718411353286366,0.4050391832127196,0.34782604694438346,0.43427035080246834,0.38105260582181677,0.40921553304558456,0.4896810177624249,0.35289650883773904,0.503900593526553,0.34068636233690097,0.38431216327074,0.47869891808567633,0.11724397733777012,0.11724397733777013,0.2829194549225241,0.2829194549225242,0.3320045782507412,0.33200457825074126,0.23249458472234746,0.23249458472234746,0.7777777317865376,0.3499999720603221,0.27999994635582454,0.28909827689449685,0.26948007170187516,0.48754322208137485,0.2933000266443696,0.4380063346584402,0.5751516113830095,0.421168059096209,0.32554367617406044,0.4210748683848179,0.4460660900144333,0.4787783445920457,0.4413832447705836,0.020120356497312048,0.19784684474220843,0.0,0.0,0.37374541401431466,0.38402309373201393,0.2664318928340976,0.35073311040340116,0.37374541401431466,0.38402309373201393,0.2664318928340975,0.35073311040340116,1.0,0.623737291209716,0.31249988358469727,0.31249988358469727,1.0,0.31249988358469716,0.253333364460199,0.26136367965858737,0.5477941141223737,0.37993957305961007,0.6702958788638483,0.47666504067457466,0.465530421937692,-0.04999997826913949,HOLD,0.0,0.5
0.37499997505385874,0.37499997505385874,0.39655170420474806,0.39655170420474806,0.0,0.0,0.0,HPR,2022-12-15 00:00:00+11:00,Energy,0.34560330195783223,0.41532323320539793,0.4615384615384615,0.48322139475873116,0.3718411353286366,0.4050391832127196,0.34782604694438346,0.43427035080246834,0.36947365513056074,0.4211944025030544,0.4868667584572117,0.35473503416566066,0.49956658493262385,0.34263460019177694,0.3872684100423327,0.4774074558197562,0.11724397733777012,0.11724397733777013,0.2829194549225241,0.2829194549225242,0.3320045782507412,0.33200457825074126,0.23249458472234746,0.23249458472234746,0.5,0.5,0.27999994635582454,0.2973946001874012,0.272489545251856,0.5039422061452794,0.2933000266443696,0.4380063346584402,0.5751516113830095,0.398091943853893,0.3301850400022248,0.43078398333141166,0.4468411316307672,0.4726749024001755,0.4459942331877138,0.020120356497312048,0.19784684474220843,0.0,0.0,0.37374541401431466,0.38402309373201393,0.2664318928340976,0.35073311040340116,0.37374541401431466,0.38402309373201393,0.2664318928340975,0.35073311040340116,1.0,0.8181817873942948,0.31249988358469727,0.31249988358469727,1.0,0.31249988358469716,0.17333336247337783,0.26136367965858737,0.5477941141223737,0.383725729090179,0.8917257624886576,0.47666504067457466,0.4562192860108273,-0.04999997826913949,HOLD,0.0,0.5
0.37499997505385874,0.37499997505385874,0.39655170420474806,0.39655170420474806,0.0,0.0,0.0,HPR,2022-12-16 00:00:00+11:00,Energy,0.34560330195783223,0.41532323320539793,0.4615384615384615,0.48322139475873116,0.379061353246019,0.39212003143826935,0.34782604694438346,0.43427035080246834,0.3578947044393047,0.4333878771877703,0.48405249915199855,0.35658023290791674,0.4952325763386949,0.3445914968840388,0.3904217403725472,0.4760332950931355,0.07540191109773803,0.07540191109773803,0.2829194549225241,0.2829194549225242,0.3320045782507412,0.33200457825074126,0.23249458472234746,0.23249458472234746,0.5,0.5,0.27999994635582454,0.3054003378194806,0.27677861296144324,0.5163966899023363,0.2933000266443696,0.4380063346584402,0.5751516113830095,0.371068947514372,0.33923754113347715,0.44113541412840773,0.4474617643647274,0.4667511537561111,0.45035910600624557,0.018801790250639293,0.19784684474220843,0.0,0.0,0.4144436564463387,0.38402309373201393,0.2664318928340976,0.35073311040340116,0.41444365644633874,0.38402309373201393,0.2664318928340975,0.35073311040340116,1.0,1.0,0.31249988358469727,0.31249988358469727,1.0,0.31249988358469716,0.17333336247337783,0.26136367965858737,0.5477941141223737,0.3875712226927972,0.8917257624886576,0.47666504067457466,0.44746681823957435,-0.04999997826913949,HOLD,0.0,0.5
0.3392856822121041,0.3392856822121041,0.3620689389396642,0.3620689389396642,0.023421902476819342,0.0,0.0,HPR,2022-12-20 00:00:00+11:00,Energy,0.2924335555769077,0.35766443186255037,0.4615384615384615,0.48322139475873116,0.3718411353286366,0.34044342434046904,0.3537548977166012,0.3715718450669008,0.33263153965123327,0.4140716671660941,0.477485894106501,0.32681580912380503,0.48598669141007034,0.31923660859052727,0.39633423464992434,0.43763172874063805,0.07288851359299041,0.07288851359299042,0.1074618219065664,0.10746182190656643,0.33557068272185286,0.3355706827218529,0.23771691105448844,0.2377169110544885,0.5,0.4374999854480838,0.2592592081578883,0.3107355788996453,0.2856539791275411,0.5100555669258344,0.2711330600550891,0.47129356468656425,0.16666666667090446,0.2953859120108553,0.3776793759337089,0.3722872822801722,0.4494946040612213,0.4522486320607293,0.42125652943829117,0.022119772753590363,0.21733911591049818,1.0,0.09310960778044769,0.3344037799160459,0.3435995982926521,0.24128098376190907,0.3214075938246711,0.334403779916046,0.34359959829265213,0.24128098376190907,0.3214075938246712,0.599999850988357,0.8666666169961189,0.18749988358469727,0.27083321691803053,0.599999850988357,0.18749988358469716,0.20000002980231824,0.2840909543100801,0.4150326376860163,0.336620645691027,0.6533008655859228,0.39885503662559,0.43150581801191723,0.03448276526508387,HOLD,0.0,0.5
0.3392856822121041,0.3392856822121041,0.3620689389396642,0.3620689389396642,0.008783213428807253,0.0,0.0,HPR,2022-12-21 00:00:00+11:00,Energy,0.34560330195783223,0.41532323320539793,0.4615384615384615,0.48322139475873116,0.364620917411254,0.3531007013673513,0.34980232808104494,0.37688720602931336,0.3231578523655366,0.424270003985899,0.47373354836621684,0.32922454305369964,0.4845420215199736,0.31987507554091754,0.3988963150384661,0.4365600507570341,0.07288851359299041,0.07288851359299042,0.1074618219065664,0.10746182190656643,0.32038565896383986,0.32038565896383986,0.23771691105448844,0.2377169110544885,0.0,0.4374999854480838,0.2592592081578883,0.3102468954828858,0.2884491861853363,0.5018567179249929,0.271919542033091,0.4634292326243198,0.2454124613933391,0.26905314797583313,0.3898057465447853,0.370417924775563,0.4507733160851606,0.4438252139265739,0.42755350021325056,0.030414729010968037,0.22172487692336335,0.2727272727272727,0.03422849411013973,0.3344037799160459,0.3435995982926521,0.2848258389223617,0.3214075938246711,0.334403779916046,0.34359959829265213,0.28482583892236174,0.3214075938246712,0.599999850988357,0.733333233992238,0.24999984477959633,0.24999987064966353,0.599999850988357,0.24999984477959625,0.20000002980231824,0.2840909543100801,0.4298780158157678,0.31077434441409685,0.6533008655859228,0.39885503662559,0.424236158320599,0.03448276526508387,HOLD,0.0,0.5
0.37499997505385874,0.37499997505385874,0.39655170420474806,0.39655170420474806,0.023421902476819342,0.0,0.0,HPR,2022-12-22 00:00:00+11:00,Energy,0.40060648822241407,0.4729820345482453,0.4615384615384615,0.48322139475873116,0.364620917411254,0.41813291815221465,0.34980232808104494,0.43150712240836664,0.31684206214885824,0.4784372603872947,0.47091928906100367,0.365280474461266,0.48367521937064284,0.34985266210249966,0.4018525618100588,0.4710811696601066,0.11724397733777012,0.11724397733777013,0.13165059156375697,0.13165059156375697,0.33037023835856966,0.33037023835856966,0.244519400531788,0.24451940053178806,0.5,0.5,0.35999995231628845,0.3209243118169436,0.2931947320925673,0.5208396613361481,0.271919542033091,0.4634292326243198,0.6091089451080525,0.24094449295452924,0.409684839514058,0.5392559552316737,0.45072869778595903,0.43867565208117876,0.4693038507587669,0.052534612363975164,0.2188203335965765,0.42105263157894735,0.09248214860332296,0.37374541401431466,0.38402309373201393,0.32359307014261285,0.35073311040340116,0.37374541401431466,0.38402309373201393,0.32359307014261285,0.35073311040340116,1.0,0.733333233992238,0.45454536218288466,0.29734836351572597,1.0,0.45454536218288466,0.22666669713125864,0.26136367965858737,0.5579268253900912,0.4428450311763994,0.7284187478348142,0.49774789233824884,0.4174026782107597,0.1000000186264518,BUY,0.0,0.0
0.37499997505385874,0.37499997505385874,0.39655170420474806,0.39655170420474806,0.0,0.0,0.0,HPR,2022-12-23 00:00:00+11:00,Energy,0.34560330195783223,0.41532323320539793,0.4615384615384615,0.48322139475873116,0.364620917411254,0.41813291815221465,0.3537548977166012,0.42600847310158807,0.31684206214885824,0.4784372603872947,0.4681050297557905,0.3671641846403336,0.4825194828127477,0.35038223102258026,0.40480880858165147,0.46980784654635765,0.11724397733777012,0.11724397733777013,0.10857028853277172,0.10857028853277174,0.2734181109248136,0.27341811092481366,0.244519400531788,0.24451940053178806,0.5,0.6923076482214175,0.37499998059744655,0.33052743332309387,0.2992480709375102,0.5335686080713656,0.2711330600550891,0.47129356468656425,0.5833333333243206,0.24094449295452924,0.409684839514058,0.5392559552316737,0.4505620963792001,0.4336680482438493,0.4726108914211036,0.052534612363975164,0.20176459632432298,0.0,0.0,0.37374541401431466,0.4258405030758053,0.4047619161547397,0.35073311040340116,0.37374541401431466,0.4258405030758054,0.4047619161547397,0.35073311040340116,1.0,0.8666666169961189,1.0,0.5681817356541603,1.0,1.0,0.16000005364417283,0.25000002116642045,0.5532407351515286,0.46800831799273607,0.7664762919559823,0.6123313387978644,0.4109792069075108,0.1000000186264518,BUY,0.0,0.0
0.37499997505385874,0.37499997505385874,0.39655170420474806,0.39655170420474806,0.0,0.0,0.0,HPR,2022-12-28 00:00:00+11:00,Energy,0.34560330195783223,0.41532323320539793,0.4615384615384615,0.48322139475873116,0.364620917411254,0.41813291815221465,0.3537548977166012,0.42600847310158807,0.31684206214885824,0.4784372603872947,0.462476512892686,0.3709524055293042,0.48165268066341693,0.3507798223646126,0.4079621389118655,0.4684529629321458,0.11724397733777012,0.11724397733777013,0.08504546720542082,0.08504546720542082,0.2734181109248136,0.27341811092481366,0.19755049910797617,0.19755049910797612,0.5,0.5,0.5,0.339179433565144,0.306124113940367,0.5415761122434329,0.2711330600550891,0.47129356468656425,0.5833333333243206,0.24094449295452924,0.409684839514058,0.5392559552316737,0.4449700034547577,0.4297728843496731,0.47657974040659273,0.052534612363975164,0.1712268347758102,0.0,0.0,0.37374541401431466,0.38402309373201393,0.4047619161547397,0.2774193629584559,0.37374541401431466,0.38402309373201393,0.4047619161547397,0.27741936295845593,1.0,1.0,1.0,0.8181817873942948,1.0,1.0,0.09333341015708702,0.18181819721194217,0.5487179425458721,0.46800831799273607,0.6491638987249115,0.7284187478348142,0.4049411438824567,0.1000000186264518,BUY,0.0,0.0
0.37499997505385874,0.37499997505385874,0.39655170420474806,0.39655170420474806,0.0,0.0,0.0,HPR,2022-12-29 00:00:00+11:00,Energy,0.34560330195783223,0.41532323320539793,0.4615384615384615,0.48322139475873116,0.3718411353286366,0.4050391832127196,0.3537548977166012,0.42600847310158807,0.31684206214885824,0.4784372603872947,0.4568479960295815,0.37476861819446505,0.48078587851408616,0.35117776975887294,0.41111546924207953,0.46710150182130084,0.07540191109773801,0.07540191109773801,0.08504546720542082,0.08504546720542082,0.2734181109248136,0.27341811092481366,0.19755049910797617,0.19755049910797612,0.5,0.5,0.5,0.3469876550362668,0.3134600174473957,0.5460520041789534,0.2711330600550891,0.47129356468656425,0.5833333333243206,0.24094449295452924,0.409684839514058,0.5392559552316737,0.438971885919905,0.4263502321505488,0.4804047525870414,0.030414729010968037,0.146861495815448,0.0,0.0,0.4144436564463387,0.38402309373201393,0.4047619161547397,0.2774193629584559,0.41444365644633874,0.38402309373201393,0.4047619161547397,0.27741936295845593,1.0,1.0,1.0,1.0,1.0,1.0,0.09333341015708702,0.18181819721194217,0.5487179425458721,0.46800831799273607,0.643050850192269,0.7284187478348142,0.39926536463890605,0.1000000186264518,BUY,0.0,0.0
0.4642856738967237,0.4642856738967237,0.39655170420474806,0.39655170420474806,0.0026934016753218403,0.0,0.0,HPR,2022-12-30 00:00:00+11:00,Energy,0.34560330195783223,0.41532323320539793,0.2692308408709555,0.31285488262773453,0.379061353246019,0.39212003143826935,0.3537548977166012,0.42600847310158807,0.31684206214885824,0.4784372603872947,0.451219479166477,0.3786131340399589,0.4799190763647554,0.3515760736838548,0.4140717160136722,0.465837604015812,0.07540191109773801,0.07540191109773801,0.08504546720542082,0.08504546720542082,0.2734181109248136,0.27341811092481366,0.19755049910797617,0.19755049910797612,0.5,0.5,0.5,0.3540458136928893,0.32098753143037534,0.5479169779618484,0.2711330600550891,0.47129356468656425,0.5833333333243206,0.24094449295452924,0.409684839514058,0.5392559552316737,0.4325585168046189,0.42341082954544595,0.484101607403585,0.02466344873976942,0.1003723316177211,0.10313499163673379,0.023063859405127504,0.4144436564463387,0.38402309373201393,0.4047619161547397,0.2774193629584559,0.41444365644633874,0.38402309373201393,0.4047619161547397,0.27741936295845593,0.28571436174062614,0.7619047872468754,0.5,0.8333333333333333,0.28571436174062614,0.5,0.16000005364417283,0.2386363626742536,0.6999999379118392,0.5828040127716988,0.6571709996694847,0.7351996474625591,0.3103448231566107,0.1000000186264518,BUY,0.0,0.0
0.37499997505385874,0.37499997505385874,0.39655170420474806,0.39655170420474806,0.0,0.0,0.0,HPR,2023-01-03 00:00:00+11:00,Energy,0.34560330195783223,0.41532323320539793,0.4615384615384615,0.48322139475873116,0.379061353246019,0.39212003143826935,0.3537548977166012,0.42600847310158807,0.31684206214885824,0.4784372603872947,0.4455909623033725,0.38248626910621775,0.4790522742154246,0.35197473461890993,0.4170279627852653,0.46457669226531284,0.0,0.0,0.08504546720542082,0.08504546720542082,0.2734181109248136,0.27341811092481366,0.19755049910797617,0.19755049910797612,1.0,0.6666666666666666,0.5,0.36043588144177946,0.328511320703686,0.547880724798513,0.2711330600550891,0.47129356468656425,0.5833333333243206,0.24094449295452924,0.409684839514058,0.5392559552316737,0.4257177532265308,0.42096880783031043,0.48768435478413524,0.0025435653867622895,0.1003723316177211,0.0,0.0,0.37374541401431466,0.38402309373201393,0.4047619161547397,0.2774193629584559,0.37374541401431466,0.38402309373201393,0.4047619161547397,0.27741936295845593,0.28571436174062614,0.5238095744937508,0.5,0.6666666666666666,0.28571436174062614,0.5,0.13333338631523242,0.2386363626742536,0.5253164598745452,0.46028569863888474,0.6700946978646113,0.7351996474625591,0.3137930983985362,0.1000000186264518,BUY,0.0,0.0
0.37499997505385874,0.37499997505385874,0.39655170420474806,0.39655170420474806,0.0,0.0,0.0,HPR,2023-01-04 00:00:00+11:00,Energy,0.34560330195783223,0.41532323320539793,0.4615384615384615,0.48322139475873116,0.379061353246019,0.39212003143826935,0.3537548977166012,0.42600847310158807,0.31684206214885824,0.4784372603872947,0.43996244544026797,0.3863883441565691,0.4778965376575295,0.35250683887672385,0.42136379226463117,0.462732734017539,0.0,0.0,0.08504546720542082,0.08504546720542082,0.2734181109248136,0.27341811092481366,0.19755049910797617,0.19755049910797612,1.0,0.5,0.5,0.36622969485841267,0.3358919999750282,0.5464878134745534,0.2711330600550891,0.47129356468656425,0.5833333333243206,0.24094449295452924,0.409684839514058,0.5392559552316737,0.41843413110553773,0.41904216334948785,0.49116566343577844,0.0025435653867622895,0.1003723316177211,0.0,0.0,0.37374541401431466,0.38402309373201393,0.4047619161547397,0.2774193629584559,0.37374541401431466,0.38402309373201393,0.4047619161547397,0.27741936295845593,0.28571436174062614,0.28571436174062614,0.5,0.5,0.28571436174062614,0.5,0.10666671898629203,0.2386363626742536,0.5227272793245988,0.46028569863888474,0.5363388759262108,0.7351996474625591,0.3171724081356232,0.1000000186264518,BUY,0.0,0.0
0.30357145589339274,0.30357145589339274,0.3103448231566107,0.3103448231566107,0.007987102963620164,0.0,0.0,HPR,2023-01-19 00:00:00+11:00,Energy,0.21267898552369802,0.2673367982021042,0.42307685143673673,0.44367194014285805,0.3610108151769136,0.2616147508410782,0.3517786165799399,0.292432927671858,0.31894732555441785,0.35804732377344595,0.3869605749636671,0.3340663249437066,0.4487142140579212,0.2908128108117979,0.4432400180807399,0.36560124734013566,0.18222121609977196,0.182221216099772,0.1580112599278815,0.1580112599278815,0.17126352605245776,0.1712635260524578,0.19755051637873483,0.19755051637873478,0.0,0.0,0.22222226821346255,0.38006061569259175,0.38963825708522776,0.45525482092389025,0.29484236955882126,0.4434859721082052,1.1084688722462488e-11,0.241222279053946,0.41321966963494217,0.01719787029254688,0.34297196869066493,0.4089000539928711,0.4091012569232135,0.013072961661043977,0.05907600592058245,0.5769953131080693,0.1154245230621875,0.27539136540838893,0.2829643927809172,0.33035716710165186,0.2774193462680874,0.2753913654083889,0.2829643927809171,0.33035716710165186,0.2774193462680874,0.0,0.0,0.0,0.1904762411604173,0.0,0.0,0.12000002781549701,0.1363636479089566,0.0,0.018154441876398253,0.2731587126435207,0.4660397937273354,0.4827585852528856,0.09090907243657687,BUY,0.0,0.0
0.28571427621099377,0.28571427621099377,0.3103448231566107,0.3103448231566107,0.0,0.0,0.0,HPR,2023-01-20 00:00:00+11:00,Energy,0.34560330195783223,0.41532323320539793,0.4615384615384615,0.48322139475873116,0.3429602771078082,0.2925535030319648,0.34189719617216574,0.3051407472259311,0.3157894324067577,0.36132532139808105,0.38180110044443727,0.3376143792972256,0.4440912721317902,0.29283023144045295,0.44304293452211896,0.36567663078949053,0.18222121609977196,0.182221216099772,0.1580112599278815,0.1580112599278815,0.16056483056112145,0.16056483056112147,0.19755051637873483,0.19755051637873478,0.0,0.0,0.22222226821346255,0.36329447075835203,0.3841037198942633,0.42078205556601544,0.3043915983170741,0.4160602040295147,0.16666666667211566,0.25017017915166817,0.3974513299117386,0.1291078550279266,0.3414682770039652,0.40111392036685944,0.4168274319124543,0.013072961661043977,0.03958373475229271,0.0,0.0,0.27539136540838893,0.2829643927809172,0.35857966929465424,0.2774193462680874,0.2753913654083889,0.2829643927809171,0.35857966929465424,0.2774193462680874,0.0,0.0,0.0,0.09523812058020861,0.0,0.0,0.053333384328411206,0.1363636479089566,0.23994250548024842,0.14390574755429142,0.0,0.4660397937273354,0.47931031001096025,0.09090907243657687,BUY,0.0,0.0
0.28571427621099377,0.28571427621099377,0.3103448231566107,0.3103448231566107,0.0,0.0,0.0,HPR,2023-01-23 00:00:00+11:00,Energy,0.34560330195783223,0.41532323320539793,0.4615384615384615,0.48322139475873116,0.324909739038703,0.3245778252623175,0.332015775764392,0.3180657944231897,0.31263153925909737,0.3646199164717908,0.3766416259252072,0.3411878016052238,0.43946833020565923,0.29485749764958336,0.44264876813906806,0.36582743266620077,0.18222121609977196,0.182221216099772,0.1580112599278815,0.1580112599278815,0.16056483056112145,0.16056483056112147,0.19755051637873483,0.19755051637873478,0.0,0.0,0.28571436174062614,0.3509133757843107,0.37676631549514206,0.40323447597482354,0.30635780252957734,0.3963993811981671,0.24541246139404288,0.25661414498887347,0.3844814524550746,0.19039760862571542,0.33951721046974104,0.39384841983083096,0.4239151848779867,0.007542990822792196,0.03227413306418405,0.0,0.0,0.27539136540838893,0.2829643927809172,0.35857966929465424,0.2774193462680874,0.2753913654083889,0.2829643927809171,0.35857966929465424,0.2774193462680874,0.0,0.0,0.0,0.0,0.0,0.0,0.053333384328411206,0.11363637325746383,0.3285123856736798,0.2001605759650738,0.0,0.7804898384429427,0.47593100027387314,0.09090907243657687,BUY,0.0,0.0
0.28571427621099377,0.28571427621099377,0.3103448231566107,0.3103448231566107,5.152818544900255e-06,0.0,0.0,HPR,2023-01-24 00:00:00+11:00,Energy,0.34560330195783223,0.41532323320539793,0.4615384615384615,0.48322139475873116,0.3068592009695976,0.3577458730583596,0.32213435535661783,0.3312136872188409,0.30736838270587785,0.3701481366867164,0.3705440632235846,0.345444017786371,0.43484538827952823,0.2968946816892948,0.44264876813906806,0.36582743266620077,0.18222121609977196,0.182221216099772,0.1580112599278815,0.1580112599278815,0.14227526452760061,0.14227526452760061,0.19107292560888822,0.19107292560888817,0.0,0.0,0.28571436174062614,0.34210895636283556,0.3688271988663381,0.39737791971067954,0.3034886675928069,0.38168989981638446,0.2958758547689866,0.25989023609152984,0.3712067833493444,0.23742237756308857,0.33447781714700264,0.3884431317671706,0.4297379850402534,0.007547857197129857,0.012786150195551339,0.0006447264308530903,0.0003248650346884667,0.27539136540838893,0.2829643927809172,0.33035716710165186,0.2537001356842254,0.2753913654083889,0.2829643927809171,0.33035716710165186,0.25370013568422545,0.0,0.0,0.0,0.0,0.0,0.0,0.053333384328411206,0.11363637325746383,0.37203389156296185,0.23958845045801544,0.0,0.7804898384429427,0.4726192767315279,0.09090907243657687,BUY,0.0,0.0
0.28571427621099377,0.28571427621099377,0.3103448231566107,0.3103448231566107,0.0,0.0,0.0,HPR,2023-01-25 00:00:00+11:00,Energy,0.34560330195783223,0.41532323320539793,0.4615384615384615,0.48322139475873116,0.28880866290049223,0.39212003143826935,0.3122529349488441,0.34459023897519114,0.3021052261526581,0.3757234055753723,0.3644465005219617,0.349736504585617,0.43022244635339724,0.2989418565183536,0.44166335254853717,0.3662046430220697,0.18222121609977196,0.182221216099772,0.1580112599278815,0.1580112599278815,0.14227526452760061,0.14227526452760061,0.19107292560888822,0.19107292560888817,0.0,0.0,0.0,0.33620711088620786,0.3610888682801976,0.3993322006740784,0.29670683123866415,0.37098698759335846,0.33333333333291854,0.261416190992269,0.35988811213045935,0.2705394312809001,0.3288661231933043,0.3837038593446336,0.43509783092353693,0.007547857197129857,0.012786150195551339,0.0,0.0,0.27539136540838893,0.2829643927809172,0.33035716710165186,0.2537001356842254,0.2753913654083889,0.2829643927809171,0.33035716710165186,0.25370013568422545,0.0,0.0,0.0,0.0,0.0,0.0,0.053333384328411206,0.09090909860597107,0.39789789313583956,0.27647779802642825,0.0,0.2731587126435207,0.4693737876600296,0.09090907243657687,BUY,0.0,0.0
0.3214285690527484,0.3214285690527484,0.3448275884216946,0.3448275884216946,0.00021103134131614227,0.0,0.0,HPR,2023-01-27 00:00:00+11:00,Energy,0.40360666066393475,0.4760715376251586,0.4615384615384615,0.48322139475873116,0.2960288808178746,0.4477143585729324,0.3063240841766264,0.4094491004551615,0.298947333004998,0.42705983355621824,0.3592870242554098,0.39031971070624427,0.42617737216803264,0.33123994031232695,0.4410721033410572,0.401631027506543,0.07951474075501017,0.07951474075501018,0.18298381186073703,0.18298381186073703,0.16230830644608932,0.16230830644608932,0.2000573515642594,0.20005735156425936,0.28571436174062614,0.28571436174062614,0.28571436174062614,0.3423476029237491,0.3563413272252006,0.4284420081523008,0.28637616168709445,0.3709770288940212,0.48586356519118196,0.2592625446400234,0.35652715040050054,0.39378131646493,0.3217769240079029,0.3824178644713201,0.48495851610126284,0.00020405592393149075,0.01296177555877763,0.9761646803900326,0.01313709709012988,0.41666355957659623,0.32338788822027886,0.36011907781006086,0.2821631353684001,0.4166635595765962,0.3233878882202789,0.3601190778100609,0.28216313536840015,0.40000014901164305,0.133333383003881,0.20000007450582152,0.06666669150194042,0.40000014901164305,0.20000007450582147,0.08000005165735162,0.11363637325746383,0.46762050038112546,0.35961065867035025,0.026496185371174763,0.2872586518129415,0.46619320836996125,0.05263155486885318,BUY,0.0,0.0
0.3214285690527484,0.3214285690527484,0.3448275884216946,0.3448275884216946,0.0,0.0,0.0,HPR,2023-01-30 00:00:00+11:00,Energy,0.34560330195783223,0.41532323320539793,0.4615384615384615,0.48322139475873116,0.3032490987352572,0.43351688250747333,0.30039523340440866,0.4179721502319209,0.29578943985733785,0.43056821558943537,0.3527204192099125,0.3951882000244181,0.42213229798266827,0.3331129467002253,0.4396925206332831,0.4021790947311049,0.07951474075501017,0.07951474075501018,0.18298381186073703,0.18298381186073703,0.16230830644608932,0.16230830644608932,0.1871103722256831,0.1871103722256831,0.28571436174062614,0.28571436174062614,0.28571436174062614,0.34815201404252305,0.353907432879923,0.45096108199258006,0.2742183458915549,0.3728380506270582,0.5076959974493616,0.25674288159463043,0.35357525847754445,0.4023616858646901,0.3082809514583831,0.38598701924178735,0.4871492542106819,0.00020405592393149075,0.01296177555877763,0.0,0.0,0.41666355957659623,0.32338788822027886,0.36011907781006086,0.24788729193708667,0.4166635595765962,0.3233878882202789,0.3601190778100609,0.24788729193708667,0.40000014901164305,0.266666766007762,0.20000007450582152,0.13333338300388092,0.40000014901164305,0.20000007450582147,0.08000005165735162,0.11363637325746383,0.47360250163726375,0.3667241011574091,0.026496185371174763,0.2872586518129415,0.4630762406656942,0.05263155486885318,BUY,0.0,0.0
0.3214285690527484,0.3214285690527484,0.3448275884216946,0.3448275884216946,0.0,0.0,0.0,HPR,2023-01-31 00:00:00+11:00,Energy,0.34560330195783223,0.41532323320539793,0.4615384615384615,0.48322139475873116,0.31046931665263955,0.4195215057789281,0.29446638263219094,0.4265855503190359,0.2926315467096777,0.43409465103851563,0.34615381416441515,0.40010194755142925,0.41808722379730323,0.3349940425818687,0.43811585583527224,0.4028061905466024,0.07951474075501017,0.07951474075501018,0.18298381186073703,0.18298381186073703,0.16230830644608932,0.16230830644608932,0.1871103722256831,0.1871103722256831,1.0,0.28571436174062614,0.28571436174062614,0.3536269667648977,0.35324702739622826,0.468222717687055,0.25968301023195484,0.3771336301618692,0.5349428725851247,0.2538580729780877,0.35103146277291497,0.4105773079447525,0.29356200292640033,0.39097941398260416,0.4888744883418392,0.00020405592393149075,0.01072026183578015,0.0,0.0,0.41666355957659623,0.32338788822027886,0.36011907781006086,0.24788729193708667,0.4166635595765962,0.3233878882202789,0.3601190778100609,0.24788729193708667,0.40000014901164305,0.40000014901164305,0.20000007450582152,0.20000007450582152,0.40000014901164305,0.20000007450582147,0.08000005165735162,0.11363637325746383,0.47937295390982304,0.372695006218541,0.026496185371174763,0.2872586518129415,0.4600216123155124,0.05263155486885318,BUY,0.0,0.0
0.3214285690527484,0.3214285690527484,0.3448275884216946,0.3448275884216946,0.0,0.0,0.0,HPR,2023-02-01 00:00:00+11:00,Energy,0.34560330195783223,0.41532323320539793,0.4615384615384615,0.48322139475873116,0.31768953457002214,0.4057239435949962,0.2885375318599732,0.4352907450369765,0.2894736535620176,0.4376392796116876,0.3395872091189178,0.4050615873250064,0.41404214961193886,0.3368832804783256,0.43653919103726135,0.4034340704153968,0.07951474075501017,0.07951474075501018,0.18298381186073703,0.18298381186073703,0.16230830644608932,0.16230830644608932,0.1871103722256831,0.1871103722256831,1.0,0.28571436174062614,0.28571436174062614,0.35878140418841425,0.35393008628050904,0.4812988598556633,0.24159804817014507,0.38506399348188225,0.5751516478925203,0.25060372811468445,0.34890067042035633,0.4185384877589333,0.2773624614055856,0.39769485083687317,0.489921844490503,0.00019918954959382917,0.01072026183578015,0.0,0.0,0.41666355957659623,0.32338788822027886,0.36011907781006086,0.24788729193708667,0.4166635595765962,0.3233878882202789,0.3601190778100609,0.24788729193708667,0.40000014901164305,0.40000014901164305,0.40000014901164305,0.26666676600776196,0.40000014901164305,0.40000014901164305,0.08000005165735162,0.056818207795152384,0.48545456226453937,0.37904174205890667,0.026496185371174763,0.026496185371174763,0.45702807653233435,0.03508772503122537,HOLD,0.0,0.5
0.3214285690527484,0.3214285690527484,0.3448275884216946,0.3448275884216946,0.0,0.0,0.0,HPR,2023-02-02 00:00:00+11:00,Energy,0.34560330195783223,0.41532323320539793,0.4615384615384615,0.48322139475873116,0.3249097524874045,0.39212003143826935,0.2826086810877557,0.4440892096559259,0.28631576041435747,0.44120224246243767,0.33302060407342027,0.41006776528171074,0.4076856044635089,0.3398686606604785,0.43693335742031225,0.4032770267896816,0.07951474075501017,0.07951474075501018,0.18298381186073703,0.18298381186073703,0.16230830644608932,0.16230830644608932,0.1871103722256831,0.1871103722256831,1.0,0.28571436174062614,0.28571436174062614,0.36362598560942305,0.3556150950596262,0.4910509899329541,0.21635717740898863,0.40032193947160366,0.6666666666547398,0.2469698706630612,0.34719403123929116,0.42634844304550357,0.2592842329353251,0.406596612195111,0.4898722928963532,0.00019918954959382917,0.01072026183578015,0.0,0.0,0.41666355957659623,0.32338788822027886,0.36011907781006086,0.24788729193708667,0.4166635595765962,0.3233878882202789,0.3601190778100609,0.24788729193708667,0.40000014901164305,0.40000014901164305,0.40000014901164305,0.33333345750970245,0.40000014901164305,0.40000014901164305,0.08000005165735162,0.056818207795152384,0.492647076777852,0.38359242186708586,0.026496185371174763,0.026496185371174763,0.4540944114648201,0.01754382983762759,HOLD,0.0,0.5
0.37499997505385874,0.37499997505385874,0.39655170420474806,0.39655170420474806,0.000259163350906006,0.0,0.0,HPR,2023-02-03 00:00:00+11:00,Energy,0.4295554790408394,0.5025613637889313,0.4615384615384615,0.48322139475873116,0.3357400726391273,0.47232638068657384,0.29249010149552945,0.5156120762473622,0.28631576041435747,0.5138991851959503,0.3278611278068686,0.4706660082951172,0.40306266361374,0.3883695661698614,0.4379187730108427,0.4557504545517904,0.11508705263772541,0.11508705263772542,0.10731235997013804,0.10731235997013806,0.194784322874642,0.194784322874642,0.20497693053527033,0.20497693053527027,1.0,0.5,0.5,0.38272405984676205,0.3614514847604153,0.5314570091931704,0.24314039298065115,0.390543628990105,0.8888888152829522,0.2469698706630612,0.34719403123929116,0.6011374632911863,0.2390277976183861,0.4206340063581788,0.5943483997081203,0.00024464590988425885,0.010935943816257277,1.0,0.01887629897547402,0.43586374365407504,0.49426894744822025,0.4047619161547397,0.28877777402088756,0.435863743654075,0.49426894744822036,0.4047619161547397,0.28877777402088756,1.0,0.6000000993410953,1.0,0.6000000993410953,1.0,1.0,0.12000002781549701,0.09090909860597107,0.6250000000000011,0.48669874268964947,0.05873637885974702,0.05873637885974702,0.451219419698656,-0.033333339542150675,HOLD,0.0,0.5
0.37499997505385874,0.37499997505385874,0.39655170420474806,0.39655170420474806,0.0,0.0,0.0,HPR,2023-02-06 00:00:00+11:00,Energy,0.34560330195783223,0.41532323320539793,0.4615384615384615,0.48322139475873116,0.34657039279085033,0.45165464146745293,0.30237152190330363,0.5005006570283044,0.28631576041435747,0.5138991851959503,0.32270165154031694,0.4748722853731132,0.3998843905013436,0.3899567505917295,0.43890418860137403,0.45533773041959325,0.11508705263772541,0.11508705263772542,0.10731235997013804,0.10731235997013806,0.194784322874642,0.194784322874642,0.20497693053527033,0.20497693053527027,1.0,0.5,0.5,0.3982202922682496,0.3697624831480796,0.5555427503356876,0.2601883615289081,0.39073411916987677,0.7886750987316509,0.2469698706630612,0.34719403123929116,0.6011374632911863,0.21503310128884312,0.4390218068816567,0.6087546395266872,0.00024464590988425885,0.010935943816257277,0.0,0.0,0.43586374365407504,0.49426894744822025,0.4047619161547397,0.28877777402088756,0.435863743654075,0.49426894744822036,0.4047619161547397,0.28877777402088756,1.0,0.8000000496705478,1.0,0.8000000496705476,1.0,1.0,0.12000002781549701,0.09090909860597107,0.6250000000000011,0.48669874268964947,0.05873637885974702,0.05873637885974702,0.44840192776781496,-0.02499998913456969,HOLD,0.0,0.5
0.37499997505385874,0.37499997505385874,0.39655170420474806,0.39655170420474806,0.0,0.0,0.0,HPR,2023-02-07 00:00:00+11:00,Energy,0.34560330195783223,0.41532323320539793,0.4615384615384615,0.48322139475873116,0.35740071294257314,0.43140477429019897,0.31225294231107736,0.48565204504723036,0.28631576041435747,0.5138991851959503,0.31941834814390724,0.4775653123211686,0.39670611738894745,0.3915493833002748,0.4398896041919045,0.4549253283757738,0.11508705263772541,0.11508705263772542,0.10731235997013804,0.10731235997013806,0.194784322874642,0.194784322874642,0.18842907119032176,0.1884290711903217,1.0,0.5,0.5,0.41071797360983575,0.3793484563473939,0.5679522732794585,0.2713749622861429,0.3969265944015542,0.7311250605519437,0.2469698706630612,0.34719403123929116,0.6011374632911863,0.20183331855839248,0.4483146695915121,0.6206820648305538,0.00024464590988425885,0.010935943816257277,0.0,0.0,0.43586374365407504,0.49426894744822025,0.4047619161547397,0.3376022582470763,0.435863743654075,0.49426894744822036,0.4047619161547397,0.3376022582470763,1.0,1.0,1.0,1.0,1.0,1.0,0.12000002781549701,0.09090909860597107,0.6250000000000011,0.48669874268964947,0.05873637885974702,0.05873637885974702,0.44564078567559096,0.0666667411724744,BUY,0.0,0.0
0.4464286272604113,0.4821428535791227,0.4655172989640609,0.4999999999999999,0.02055529583268142,0.0,0.0,HPR,2023-02-08 00:00:00+11:00,Energy,0.5051125411006055,0.5774240925125309,0.5384613951811659,0.5524326813528961,0.3898916868464435,0.5636505381141268,0.33399207162552025,0.6199737620120411,0.29263155063103585,0.6510633131994675,0.31941834814390724,0.5915187943029317,0.39526144749885006,0.48529951097994617,0.4420575189315876,0.5595777573869757,0.2201746173112532,0.2201746173112532,0.21317863493675548,0.21317863493675548,0.2786535353501873,0.2786535353501873,0.2427275620155842,0.24272756201558415,1.0,0.6875000436557487,0.6875000436557487,0.4498268899367846,0.39620851672908813,0.6387520655262645,0.33162828280805,0.37405215966750216,0.9195885622942525,0.27333920420175506,0.32925884934436955,0.8342190874144118,0.20183331855839248,0.4483146695915121,0.9274688195090086,0.019657276739316845,0.028042555916260037,0.9875488789489971,0.6146884249278387,0.5601004800699012,0.6265640211914154,0.49404764827996683,0.438709660139591,0.5601004800699012,0.6265640211914154,0.4940476482799669,0.43870966013959106,1.0,1.0,1.0,1.0,1.0,1.0,0.20000002980231824,0.1590909225604494,0.7570755426773479,0.6351856854993462,0.7561608341701928,0.7561608341701928,0.3103448231566107,-0.015151545939038447,HOLD,0.0,0.5
0.4821428535791227,0.4821428535791227,0.4999999999999999,0.4999999999999999,0.00012682960191197674,0.0,0.0,HPR,2023-02-09 00:00:00+11:00,Energy,0.34560330195783223,0.41532323320539793,0.4615384615384615,0.48322139475873116,0.42238266075031383,0.5031750467188238,0.3557312009399629,0.5863092693336593,0.29894734084771424,0.6429177301308316,0.3222326074491204,0.588978797712402,0.39381677760875333,0.4860990646070428,0.4442254336712712,0.5585826976960931,0.2201746173112532,0.2201746173112532,0.21317863493675548,0.21317863493675548,0.2786535353501873,0.2786535353501873,0.19652293747959382,0.19652293747959376,1.0,1.0,0.6875000436557487,0.4802364279260282,0.4168433402456691,0.6754924068268549,0.3675877256683858,0.3760544253515531,0.8081578383847579,0.2948157857246154,0.31679193477249545,0.7718296814313806,0.21224197708402626,0.44140306546465413,0.8875560462773878,0.019777055907673376,0.028148106564636326,0.00605643727141563,0.0037789863453560517,0.5601004800699012,0.6265640211914154,0.49404764827996683,0.5354838664880908,0.5601004800699012,0.6265640211914154,0.4940476482799669,0.535483866488091,1.0,1.0,1.0,1.0,1.0,1.0,0.13333338631523242,0.1590909225604494,0.6943441821239112,0.6222842095748295,1.0,0.757281804818758,0.3141379266934785,-0.015151545939038447,HOLD,0.0,0.5
0.4821428535791227,0.4821428535791227,0.4999999999999999,0.4999999999999999,0.0,0.0,0.0,HPR,2023-02-10 00:00:00+11:00,Energy,0.34560330195783223,0.41532323320539793,0.4615384615384615,0.48322139475873116,0.44404331450246115,0.46475978961530173,0.37351776061884934,0.5596746267008168,0.3052631310643924,0.6348551241537278,0.3250468667543336,0.5864490741129799,0.3917942410542521,0.48722054042423946,0.44639334841095435,0.5575893420071666,0.21866554077897463,0.21866554077897465,0.21226147512350133,0.21226147512350135,0.2786535353501873,0.2786535353501873,0.19652293747959382,0.19652293747959376,1.0,1.0,0.6875000436557487,0.503483666214913,0.43881470811951956,0.6885011954831878,0.39543878542966093,0.3793006164884438,0.7401922434388742,0.3133187492106253,0.30764841331139225,0.7309468237188044,0.22169859887183074,0.43559939539206205,0.8576567775344706,0.019532299398372355,0.028148106564636326,0.0,0.0,0.4917703163091206,0.5755027649623322,0.49404764827996683,0.5354838664880908,0.4917703163091207,0.5755027649623321,0.4940476482799669,0.535483866488091,1.0,1.0,1.0,1.0,1.0,1.0,0.13333338631523242,0.1590909225604494,0.6516736526646741,0.5955238444986992,1.0,0.757281804818758,0.317855168159609,-0.015151545939038447,HOLD,0.0,0.5
0.4821428535791227,0.4821428535791227,0.4999999999999999,0.4999999999999999,0.0,0.0,0.0,HPR,2023-02-13 00:00:00+11:00,Energy,0.34560330195783223,0.41532323320539793,0.4615384615384615,0.48322139475873116,0.46570396825460847,0.4277673200572951,0.391304320297736,0.5338195345572989,0.3115789212810708,0.6268742337918839,0.32786112605954654,0.5839295613069281,0.38977170449975085,0.4883444752328264,0.4485612631506375,0.5565976859468823,0.21866554077897463,0.21866554077897465,0.21226147512350133,0.21226147512350135,0.2786535353501873,0.2786535353501873,0.19652293747959382,0.19652293747959376,1.0,1.0,0.6875000436557487,0.5208544903421053,0.46047425100149814,0.6854661556096805,0.41482137295494714,0.39121844291338737,0.69462474481531,0.3297197214951535,0.3008541320658573,0.7011801335463883,0.2304147589334773,0.43065743866486117,0.8341027013526177,0.019532299398372355,0.028148106564636326,0.0,0.0,0.4917703163091206,0.5755027649623322,0.49404764827996683,0.5354838664880908,0.4917703163091207,0.5755027649623321,0.4940476482799669,0.535483866488091,1.0,1.0,1.0,1.0,1.0,1.0,0.13333338631523242,0.1590909225604494,0.6266009950174116,0.5735587677722719,1.0,0.757281804818758,0.32149806479641674,-0.015151545939038447,HOLD,0.0,0.5
0.4821428535791227,0.4821428535791227,0.4999999999999999,0.4999999999999999,0.0,0.0,0.0,HPR,2023-02-14 00:00:00+11:00,Energy,0.34560330195783223,0.41532323320539793,0.4615384615384615,0.48322139475873116,0.487364622006756,0.39212003143826935,0.4090908799766224,0.5087102623542288,0.31789471149774917,0.6189738230105711,0.3306753853647597,0.5814201975975989,0.38774916794524983,0.48947087712919946,0.4507291778903202,0.55560772515688,0.21866554077897463,0.21866554077897465,0.21226147512350133,0.21226147512350135,0.2786535353501873,0.2786535353501873,0.19652293747959382,0.19652293747959376,1.0,1.0,0.6875000436557487,0.5334233281702253,0.48075578281962117,0.6720537652177837,0.4264599895737279,0.41106602213330645,0.6601281601660898,0.3445029579121648,0.2958678746386231,0.6780388640609545,0.23852969136847824,0.42641516140953084,0.8148698984595764,0.019532299398372355,0.02327503877256389,0.0,0.0,0.4917703163091206,0.5755027649623322,0.49404764827996683,0.5354838664880908,0.4917703163091207,0.5755027649623321,0.4940476482799669,0.535483866488091,1.0,1.0,1.0,1.0,1.0,1.0,0.13333338631523242,0.1590909225604494,0.6025640981029922,0.5552060390501247,1.0,0.757281804818758,0.3250681035004884,-0.015151545939038447,HOLD,0.0,0.5
0.4821428535791227,0.4821428535791227,0.4999999999999999,0.4999999999999999,0.0,0.0,0.0,HPR,2023-02-15 00:00:00+11:00,Energy,0.34560330195783223,0.41532323320539793,0.4615384615384615,0.48322139475873116,0.487364622006756,0.39212003143826935,0.42687743965550884,0.4843149978677186,0.32421050171442756,0.6111526805784363,0.3334896446699731,0.5789209217843972,0.3857266313907486,0.4905997542453374,0.45289709263000333,0.5546194552936868,0.0,0.0,0.21226147512350133,0.21226147512350135,0.2786535353501873,0.2786535353501873,0.19652293747959382,0.19652293747959376,1.0,1.0,0.6875000436557487,0.5420866914013166,0.4990170507029032,0.6523902303598385,0.4296301352527857,0.43958523531391425,0.6320676401753849,0.35797019952285747,0.29235240734614387,0.6592188949140603,0.24614087419437758,0.4227591234499861,0.7987376248362124,0.00011966856893976854,0.02327503877256389,0.0,0.0,0.37374541401431466,0.5755027649623322,0.49404764827996683,0.5354838664880908,0.37374541401431466,0.5755027649623321,0.4940476482799669,0.535483866488091,1.0,1.0,1.0,1.0,1.0,1.0,0.13333338631523242,0.1590909225604494,0.5854203899297857,0.539642244058455,1.0,0.757281804818758,0.3285667414304786,-0.015151545939038447,HOLD,0.0,0.5
0.37499997505385874,0.37499997505385874,0.3793103536867787,0.39655170420474806,0.004826434333885778,0.0,0.0,HPR,2023-02-22 00:00:00+11:00,Energy,0.2005949051925763,0.25322237389826485,0.4615384615384615,0.48322139475873116,0.46570396825460847,0.24953087696216736,0.4683794171477329,0.2811770796404254,0.3705262887940196,0.4200966303478254,0.34709189710484245,0.4552585599080873,0.38197049161394836,0.39900541087584207,0.46137166876430635,0.4460142702023976,0.19878685188752834,0.19878685188752837,0.17487420009658292,0.17487420009658294,0.2892350228691169,0.2892350228691169,0.15675306780450649,0.15675306780450643,0.0,0.5999999503294646,0.6470587848585804,0.5198609622186856,0.5475177827468604,0.47082336459482516,0.4074227400327449,0.5364447016306492,1.1247058839813917e-11,0.38856888035676374,0.34275091339710806,0.4255219192491586,0.27151790020181754,0.41836709100202873,0.5658812729094371,0.0045580231637206495,0.020640365940102007,1.0,0.19374542392005223,0.26645005010861095,0.27377719894601804,0.48593073192912006,0.438709660139591,0.2664500501086109,0.27377719894601804,0.4859307319291201,0.43870966013959106,0.14285691477812168,0.7142856382593739,0.45454536218288466,0.8181817873942948,0.14285691477812168,0.45454536218288466,0.20000002980231824,0.18181819721194217,0.36772854536260147,0.3894638403555361,0.8259791992548907,0.8272349995223965,0.34503791231581793,-0.016666638726988814,HOLD,0.0,0.5
0.37499997505385874,0.37499997505385874,0.39655170420474806,0.39655170420474806,0.0,0.0,0.0,HPR,2023-02-23 00:00:00+11:00,Energy,0.34560330195783223,0.41532323320539793,0.4615384615384615,0.48322139475873116,0.44404331450246115,0.2831603941727203,0.456521708241064,0.2949573333447617,0.3757894453472391,0.4146342341267314,0.34802998353991366,0.4545176924974469,0.3802368883916494,0.39989046210566637,0.46176583514735725,0.4458521687107567,0.19878685188752834,0.19878685188752837,0.17487420009658292,0.17487420009658294,0.2892350228691169,0.2892350228691169,0.14948735308650002,0.14948735308649996,0.0,0.5,0.6470587848585804,0.4945482389795888,0.5412542798751089,0.41368692218903375,0.41888181881148234,0.5035337676759496,0.16666666667217717,0.38276734645502364,0.3588480832733181,0.4132540719770247,0.2716649826118971,0.4199297524637122,0.5645777334186864,0.0045580231637206495,0.020640365940102007,0.0,0.0,0.26645005010861095,0.27377719894601804,0.48593073192912006,0.47208007633616755,0.2664500501086109,0.27377719894601804,0.4859307319291201,0.4720800763361677,0.14285691477812168,0.42857127651874777,0.45454536218288466,0.6363635747885897,0.14285691477812168,0.45454536218288466,0.16000005364417283,0.18181819721194217,0.3774238182124682,0.3892446830264458,0.8243284955032756,0.8272349995223965,0.34813715406950163,-0.08333331781129005,SELL,0.0,1.0
0.37499997505385874,0.37499997505385874,0.39655170420474806,0.39655170420474806,0.0,0.0,0.0,HPR,2023-02-24 00:00:00+11:00,Energy,0.34560330195783223,0.41532323320539793,0.4615384615384615,0.48322139475873116,0.42238266075031383,0.3180833545845667,0.4446639993343955,0.30899516192953125,0.37894733849489926,0.4113778064129069,0.34802998353991366,0.4545176924974469,0.37850328516934995,0.40077718692777387,0.46216000153040815,0.44569011737816877,0.19878685188752834,0.19878685188752837,0.17487420009658292,0.17487420009658294,0.28145518350918136,0.2814551835091814,0.14217430579715173,0.14217430579715173,0.0,0.5,0.6470587848585804,0.47397533743369313,0.5314084845948087,0.3788199276186477,0.4212412647454461,0.4799407714892602,0.24541246139407852,0.38004875795426774,0.36765438180977394,0.40544755431462876,0.2716649826118971,0.4199297524637122,0.5645777334186864,0.0045580231637206495,0.020464740576875716,0.0,0.0,0.26645005010861095,0.27377719894601804,0.4517543764952579,0.438709660139591,0.2664500501086109,0.27377719894601804,0.45175437649525785,0.43870966013959106,0.14285691477812168,0.14285691477812168,0.33333319535961264,0.4141413065751272,0.14285691477812168,0.3333331953596127,0.16000005364417283,0.18181819721194217,0.3774238182124682,0.38279642543772796,0.8243284955032756,0.8272349995223965,0.35117441098811153,-0.08333331781129005,SELL,0.0,1.0
0.37499997505385874,0.37499997505385874,0.39655170420474806,0.39655170420474806,0.0,0.0,0.0,HPR,2023-02-27 00:00:00+11:00,Energy,0.34560330195783223,0.41532323320539793,0.4615384615384615,0.48322139475873116,0.4007220069981663,0.3543758431057933,0.43280629042772656,0.3232978552511221,0.3821052316425596,0.4081369970504459,0.34802998353991366,0.4545176924974469,0.37676968194705096,0.40166559009368885,0.46255416791345905,0.4455281161813559,0.19878685188752834,0.19878685188752837,0.17487420009658292,0.17487420009658294,0.28145518350918136,0.2814551835091814,0.14217430579715173,0.14217430579715173,0.0,0.5,0.5999999503294646,0.4573504204228806,0.519624701053053,0.3599571943508697,0.41779830153871733,0.46228938725547,0.2958758547690117,0.3768874293200071,0.376955498272177,0.3966828217996013,0.2716649826118971,0.4199297524637122,0.5645777334186864,0.0045580231637206495,0.020464740576875716,0.0,0.0,0.26645005010861095,0.27377719894601804,0.4517543764952579,0.438709660139591,0.2664500501086109,0.27377719894601804,0.45175437649525785,0.43870966013959106,0.14285691477812168,0.14285691477812168,0.33333319535961264,0.3737372509673699,0.14285691477812168,0.3333331953596127,0.16000005364417283,0.1590909225604494,0.3774238182124682,0.37852861080154154,0.8243284955032756,0.8259791992548907,0.35415092276834936,-0.08333331781129005,SELL,0.0,1.0
0.37499997505385874,0.37499997505385874,0.39655170420474806,0.39655170420474806,0.005855475619204836,0.0,0.0,HPR,2023-02-28 00:00:00+11:00,Energy,0.34560330195783223,0.41532323320539793,0.4615384615384615,0.48322139475873116,0.379061353246019,0.39212003143826935,0.42094858152105763,0.33787298087478557,0.3852631247902195,0.40491169394596727,0.34802998353991366,0.4545176924974469,0.37503607872475175,0.4025556763729401,0.46294833429650994,0.44536616509705496,0.19878685188752834,0.19878685188752837,0.17487420009658292,0.17487420009658294,0.28145518350918136,0.2814551835091814,0.14217430579715173,0.14217430579715173,0.0,0.0,0.5999999503294646,0.4440081114325554,0.5070619974071203,0.3523758470051592,0.4096600948820285,0.4494458878032631,0.3333333333329387,0.3732199714773037,0.3868222779447337,0.3866743939547641,0.2716649826118971,0.4199297524637122,0.5645777334186864,0.010087994001972429,0.025337808368948153,0.5481674761273065,0.19309888083797652,0.26645005010861095,0.27377719894601804,0.4517543764952579,0.438709660139591,0.2664500501086109,0.27377719894601804,0.45175437649525785,0.43870966013959106,0.14285691477812168,0.14285691477812168,0.33333319535961264,0.33333319535961264,0.14285691477812168,0.3333331953596127,0.08000005165735162,0.1590909225604494,0.4017093985603838,0.3739175404873307,0.02824636482233018,0.8259791992548907,0.3570679043129823,-0.08333331781129005,SELL,0.0,1.0
0.37499997505385874,0.37499997505385874,0.39655170420474806,0.39655170420474806,0.0,0.0,0.0,HPR,2023-03-01 00:00:00+11:00,Energy,0.34560330195783223,0.41532323320539793,0.4615384615384615,0.48322139475873116,0.379061353246019,0.39212003143826935,0.4090908726143889,0.3527283974260276,0.38842101793787964,0.40170178607619367,0.34802998353991366,0.4545176924974469,0.37330247550245277,0.40344745055314546,0.46334250067956084,0.44520426410201785,0.0,0.0,0.17487420009658292,0.17487420009658294,0.28145518350918136,0.2814551835091814,0.14217430579715173,0.14217430579715173,0.0,0.0,0.5999999503294646,0.4333896954382279,0.4945163203448588,0.3525415693228022,0.39711749883053205,0.4411124413374764,0.3639172365105545,0.3689627879281878,0.39734815045492144,0.3750023509986894,0.2716649826118971,0.4199297524637122,0.5645777334186864,0.005529860238835017,0.025337808368948153,0.0,0.0,0.37374541401431466,0.27377719894601804,0.4517543764952579,0.438709660139591,0.37374541401431466,0.27377719894601804,0.45175437649525785,0.43870966013959106,0.14285691477812168,0.14285691477812168,0.33333319535961264,0.33333319535961264,0.14285691477812168,0.3333331953596127,0.08000005165735162,0.1590909225604494,0.41800458468675705,0.36892006785665,0.0,0.8259791992548907,0.3599265462267227,-0.08333331781129005,SELL,0.0,1.0
0.37499997505385874,0.37499997505385874,0.39655170420474806,0.39655170420474806,0.09368760990727737,0.0,0.0,HPR,2023-03-02 00:00:00+11:00,Energy,0.34560330195783223,0.41532323320539793,0.4615384615384615,0.48322139475873116,0.379061353246019,0.39212003143826935,0.3972331637077202,0.36787226871974843,0.39157891108554,0.3985071634752114,0.34802998353991366,0.4545176924974469,0.37156887228015334,0.4043409174400979,0.4637366670626113,0.44504241317300963,0.0,0.0,0.17487420009658292,0.17487420009658294,0.28145518350918136,0.2814551835091814,0.14217430579715173,0.14217430579715173,0.0,0.0,0.5999999503294646,0.42502639123272273,0.4825142554042655,0.35783262843605834,0.3798796593290755,0.43758687965327336,0.39089105487954207,0.36400170912404195,0.4086607146693835,0.36101690463495617,0.2716649826118971,0.4199297524637122,0.5645777334186864,0.09400939365086353,0.10330689304210712,0.9411764705882354,0.7796810954682192,0.37374541401431466,0.27377719894601804,0.4517543764952579,0.438709660139591,0.37374541401431466,0.27377719894601804,0.45175437649525785,0.43870966013959106,0.14285691477812168,0.14285691477812168,0.33333319535961264,0.33333319535961264,0.14285691477812168,0.3333331953596127,0.08000005165735162,0.1590909225604494,0.42969628588528985,0.36348549875868696,0.0,0.8259791992548907,0.36272801530218823,-0.18333333643774197,SELL,0.0,1.0
0.3392856822121041,0.3392856822121041,0.3620689389396642,0.3620689389396642,0.008783213428807253,0.0,0.0,HPR,2023-03-17 00:00:00+11:00,Energy,0.34560330195783223,0.41532323320539793,0.4615384615384615,0.48322139475873116,0.3610108151769136,0.3594936869804639,0.3517786165799399,0.3742250539070828,0.3357894327988934,0.4107060216570436,0.347560941196039,0.4176594191184527,0.34065295514550775,0.388613008292261,0.4763499876492756,0.405174277473067,0.0450158286489656,0.045015828648965604,0.02240553415761005,0.022405534157610055,0.16105671655213635,0.16105671655213635,0.1308048823887778,0.13080488238877774,0.0,0.0,0.0,0.3844640010634515,0.40911077031873644,0.42046330859349124,0.26963585660036105,0.4692972024184877,0.1899130805957469,0.28247149290124507,0.39788080080587607,0.33805359814236324,0.27147908170964175,0.4192791820987576,0.5022785266593606,0.01382481649621269,0.09903633135184652,0.6000000000000001,0.07621617133805501,0.3344037799160459,0.3435995982926521,0.2965367881385705,0.4064515913567577,0.334403779916046,0.34359959829265213,0.29653678813857054,0.4064515913567578,0.0,0.0,0.0,0.0,0.0,0.0,0.013333408170265808,0.07954548244664517,0.27272720015667595,0.30592189199421255,0.0,0.0,0.4921655163483728,0.20689659159050366,BUY,0.0,0.0
0.3482142720533036,0.3482142720533036,0.3706896463132213,0.3706896463132213,0.0002099773557046854,0.0,0.0,HPR,2023-03-20 00:00:00+11:00,Energy,0.3593541241368279,0.4299222490892542,0.4615384615384615,0.48322139475873116,0.3555956551010522,0.3855614283169819,0.34881419119383095,0.39188814454342635,0.32789469600838494,0.43086890227387487,0.34685737680656614,0.42750861090630876,0.33675234924078756,0.39863525478137785,0.4770397786360663,0.4135797650557954,0.055448909568329506,0.05544890956832951,0.028874618973836117,0.028874618973836128,0.1632297729356578,0.1632297729356578,0.13133120533632653,0.13133120533632653,0.20000029802306402,0.20000029802306402,0.058823632533959225,0.3827277276855638,0.40424888697420414,0.4273290973304818,0.2682107408737636,0.4654622742199409,0.3309775987921726,0.2603136926193572,0.4082250966934302,0.3659901528171866,0.2712771767105415,0.41821377851165664,0.5191197992606721,0.014023121250472398,0.09921107956287024,0.014141159212259353,0.0018188966254587312,0.34423920676048614,0.35370549097614645,0.30330087123864213,0.41451612357379747,0.34423920676048614,0.35370549097614645,0.30330087123864213,0.41451612357379747,0.250000465661211,0.08333348855373705,0.06250011641530274,0.020833372138434156,0.2500004656612109,0.06250011641530273,0.02000008742013351,0.0852273116927286,0.3797297754455008,0.3121453267405374,0.034178653455546736,0.01897463810939627,0.48696165325202456,0.2649572954366659,BUY,0.0,0.0
0.35714286189450306,0.4464286272604113,0.3793103536867787,0.4655172989640609,0.007520538666281922,0.0,0.0,HPR,2023-03-21 00:00:00+11:00,Energy,0.4955693277992297,0.5681484101496617,0.6538462254863401,0.6709134467222594,0.37003610438451884,0.5377048337716157,0.3567193378271769,0.5305086595912192,0.32578943652418346,0.5622627677534043,0.3487335514240302,0.5283582324560895,0.33444088043044684,0.4880156226848661,0.4788135277268908,0.5082527380801999,0.22573686444486624,0.22573686444486626,0.19513669425919386,0.19513669425919383,0.2566356633618548,0.2566356633618548,0.1853425403336562,0.18534254033365616,0.7500001164152486,0.7500001164152486,0.4285715806240284,0.4085784299952781,0.4064347491031023,0.4959258714433808,0.30393652744418287,0.44299738454803106,0.9341031817507779,0.2453105093695227,0.4211477618308084,0.9239099152449863,0.2743087361094312,0.4181534579838657,0.6877909961599608,0.021125594596289456,0.10546985291229638,0.3362005329535996,0.061315240722565646,0.45242875549034406,0.46487015990535296,0.3777056845469416,0.5032258577905832,0.45242875549034395,0.46487015990535285,0.3777056845469416,0.5032258577905832,1.0,0.4166668218870704,0.750000465661211,0.2708335273588378,1.0,0.7500004656612109,0.09333345982761743,0.14772734873396443,0.757042556140911,0.6183679023768434,0.5808713592892008,0.4310015464256343,0.48196594467953024,0.09374995270627773,BUY,0.0,0.0
0.3928571547362577,0.4642856738967237,0.41379311895186255,0.4827585852528856,0.027899116244775743,0.0,0.0,HPR,2023-03-22 00:00:00+11:00,Energy,0.3705264795631539,0.4416921674974883,0.6153844721042427,0.6284517760034722,0.39169674468796445,0.528484047524054,0.36660075823495086,0.5430132777214156,0.3310525930774032,0.57939194125758,0.3510787666380468,0.5449571206325822,0.3324183438759458,0.5052255753021321,0.48078435890795257,0.5247279535539676,0.21019298232179878,0.2101929823217988,0.19518653611069856,0.19518653611069858,0.17653929825355916,0.17653929825355918,0.1864319134141032,0.18643191341410315,0.7777777317865376,0.7777777317865376,0.46666660043928626,0.43392101099537167,0.4141393901838449,0.5496409828312532,0.3358206883468414,0.42799575440484516,0.8484272427762471,0.2655290138329234,0.4081642578702702,0.8585051218843094,0.27852867649180424,0.4175770670274621,0.7130728087065503,0.04216514284633572,0.12467149431746692,0.6248796699218084,0.19270243641100962,0.49377066045009166,0.4850817946831107,0.4791666652078276,0.5193548020540114,0.4937706604500917,0.48508179468311075,0.4791666652078276,0.5193548020540115,1.0,0.7500001552204038,1.0,0.6041668606921712,1.0,1.0,0.1466667448149678,0.19318185570410903,0.8005836210673087,0.8347894926644542,0.8667217929834184,0.780427924269464,0.3620689389396642,0.07692312100935417,BUY,0.0,0.0
0.4642856738967237,0.4642856738967237,0.4827585852528856,0.4827585852528856,0.0,0.0,0.0,HPR,2023-03-23 00:00:00+11:00,Energy,0.34560330195783223,0.41532323320539793,0.4615384615384615,0.48322139475873116,0.41696750067445243,0.48201313093585196,0.3764821786427248,0.5286091377756004,0.3363157496306227,0.5731002975542713,0.3534239818520635,0.5429638486582052,0.3303958073214446,0.5064072823940323,0.48176977449848346,0.5242956447345931,0.1949753275262654,0.19497532752626542,0.19518653611069856,0.19518653611069858,0.17653929825355916,0.17653929825355918,0.1864319134141032,0.18643191341410315,0.7777777317865376,0.7777777317865376,0.7777777317865376,0.45372622220649766,0.42495767532726897,0.579946552071933,0.3591222082620674,0.42178266726886393,0.7646702931007143,0.28104564717029024,0.4004356877695452,0.7809102670325416,0.28259644436431364,0.41717776703730247,0.707725103956403,0.04194383341338888,0.12467149431746692,0.0,0.0,0.5161892246232134,0.4850817946831107,0.4791666652078276,0.5193548020540114,0.5161892246232134,0.48508179468311075,0.4791666652078276,0.5193548020540115,1.0,1.0,1.0,0.9166668218870702,1.0,1.0,0.1466667448149678,0.11363641559030481,0.733572177959322,0.7521710251028948,0.8667217929834184,0.8667217929834184,0.3644827318659286,0.07692312100935417,BUY,0.0,0.0
0.4642856738967237,0.4642856738967237,0.4827585852528856,0.4827585852528856,1.8737521981455474e-06,0.0,0.0,HPR,2023-03-24 00:00:00+11:00,Energy,0.34560330195783223,0.41532323320539793,0.4615384615384615,0.48322139475873116,0.4422382566609402,0.437591325451677,0.3863635990504988,0.514440167416498,0.34157890618384223,0.5668605436861333,0.3557691970660801,0.5409771497146155,0.32837327076694334,0.507591669744785,0.48275519008901435,0.523863667656561,0.1949753275262654,0.19497532752626542,0.19518653611069856,0.19518653611069858,0.17653929825355916,0.17653929825355918,0.1864319134141032,0.18643191341410315,0.8749997671693944,0.7777777317865376,0.7777777317865376,0.4689673378711534,0.43719423315307826,0.5937508148948236,0.3774373421279652,0.42067559217617134,0.7123529284748021,0.2939514296619059,0.39562507270086944,0.7334512883666637,0.2865196941532253,0.41694665016436083,0.7026970392907731,0.03365064674667945,0.12467305369916039,5.258694923387389e-05,1.2942063454559973e-05,0.5161892246232134,0.4850817946831107,0.4791666652078276,0.5193548020540114,0.5161892246232134,0.48508179468311075,0.4791666652078276,0.5193548020540115,1.0,1.0,1.0,1.0,1.0,1.0,0.1466667448149678,0.11363641559030481,0.6629060826792506,0.6508557109325199,0.8667217929834184,0.8667217929834184,0.36684824893366785,0.07692312100935417,BUY,0.0,0.0
0.4642856738967237,0.4642856738967237,0.4827585852528856,0.4827585852528856,1.8737521981455474e-06,0.0,0.0,HPR,2023-03-27 00:00:00+11:00,Energy,0.34560330195783223,0.41532323320539793,0.4615384615384615,0.48322139475873116,0.465703954805907,0.39806121307729847,0.39624501945827273,0.500500654023655,0.346842062737062,0.5606720403534692,0.358114412280097,0.5389969913424081,0.3263507342124423,0.5087787464834844,0.48374060567954524,0.5234320219381644,0.19979923913536077,0.1997992391353608,0.19518653611069856,0.19518653611069858,0.17653929825355916,0.17653929825355918,0.1864319134141032,0.18643191341410315,1.0,0.7777777317865376,0.7777777317865376,0.4804589072738784,0.4496841999368235,0.5962172826626017,0.3920580440288769,0.4233515803921982,0.6742557944581336,0.30505737280306144,0.3928260050547916,0.7001129300959921,0.2903051209999834,0.4168759249286369,0.6979512865611656,0.033454111583087975,0.12467461308085385,5.2895884369596774e-05,1.2941902842451708e-05,0.5048841365116231,0.4850817946831107,0.4791666652078276,0.5193548020540114,0.504884136511623,0.48508179468311075,0.4791666652078276,0.5193548020540115,1.0,1.0,1.0,1.0,1.0,1.0,0.1466667448149678,0.11363641559030481,0.6254738087771248,0.5973054727634692,0.8667217929834184,0.8667217929834184,0.36916645566005213,0.04615394138020523,HOLD,0.0,0.5
0.4642856738967237,0.4642856738967237,0.4827585852528856,0.4827585852528856,1.8386193444303185e-05,0.0,0.0,HPR,2023-03-28 00:00:00+11:00,Energy,0.34560330195783223,0.41532323320539793,0.4615384615384615,0.48322139475873116,0.4693140435915457,0.39212003143826935,0.4061264398660467,0.4867850685145889,0.3521052192902817,0.5545341587154714,0.36045962749411364,0.5370233412955517,0.32606179980387795,0.5089485493123324,0.4847260212700757,0.5230007071982824,0.03416629744010948,0.03416629744010949,0.19518653611069856,0.19518653611069858,0.17653929825355916,0.17653929825355918,0.1864319134141032,0.18643191341410315,1.0,0.7777777317865376,0.7777777317865376,0.48888183992548706,0.4616557103861064,0.5911710686362018,0.40356025003093954,0.4292208788451277,0.643774225398631,0.3147776270872724,0.39157561943302577,0.6747152719264291,0.2939586039652955,0.41695874956519896,0.6934561308137936,0.02636900234570303,0.11981684672164854,0.0006585018035399716,0.00013209934834573062,0.3921867006604835,0.4850817946831107,0.4791666652078276,0.5193548020540114,0.3921867006604836,0.48508179468311075,0.4791666652078276,0.5193548020540115,1.0,1.0,1.0,1.0,1.0,1.0,0.1466667448149678,0.11363641559030481,0.6023809269181643,0.5642110529103425,0.8667217929834184,0.8667217929834184,0.37143829825190877,0.04615394138020523,HOLD,0.0,0.5
0.4642856738967237,0.4642856738967237,0.4827585852528856,0.4827585852528856,0.0,0.0,0.0,HPR,2023-03-29 00:00:00+11:00,Energy,0.34560330195783223,0.41532323320539793,0.4615384615384615,0.48322139475873116,0.4693140435915457,0.39212003143826935,0.4179841414104819,0.4706144298573953,0.35736837584350123,0.5484462801772075,0.3628048427081305,0.5350561675396365,0.3257728653953136,0.5091184072407745,0.485711436860607,0.5225697230563774,0.0,0.0,0.18779879904907448,0.18779879904907448,0.17653929825355916,0.17653929825355918,0.1864319134141032,0.18643191341410315,1.0,0.7777777317865376,0.7777777317865376,0.494804582157827,0.4726248671330267,0.5814150082390998,0.4100764722136555,0.443725261873801,0.6162433546052918,0.3233542210213507,0.3916034184609334,0.6542921045158882,0.29748532143393924,0.417189097721689,0.6891844091207262,2.07926903518267e-05,0.11981684672164854,0.0,0.0,0.37374541401431466,0.5073489319467113,0.4791666652078276,0.5193548020540114,0.37374541401431466,0.5073489319467114,0.4791666652078276,0.5193548020540115,1.0,1.0,1.0,1.0,1.0,1.0,0.1466667448149678,0.11363641559030481,0.5868033110573693,0.5417538550842929,0.8667217929834184,0.8667217929834184,0.3736647039919284,0.04615394138020523,HOLD,0.0,0.5
0.37499997505385874,0.37499997505385874,0.39655170420474806,0.39655170420474806,2.307057393966705e-05,0.0,0.0,HPR,2023-03-30 00:00:00+11:00,Energy,0.22290393118366686,0.27918890742803504,0.4615384615384615,0.48322139475873116,0.4512635055224403,0.27181047410732573,0.42193671104603836,0.3366478078451065,0.35736837584350123,0.4339473320515551,0.3628048427081305,0.44297730161895277,0.3240392621730144,0.42951508143670025,0.485711436860607,0.43609772493811916,0.16820420188674903,0.16820420188674906,0.258960435826065,0.258960435826065,0.23886001517190017,0.23886001517190023,0.22067475684099136,0.22067475684099136,0.1666659423038834,0.5,0.5,0.4744485400885489,0.4766161653312401,0.5134984541492964,0.40378911568580367,0.4572224373264874,0.3194001041618473,0.3233542210213507,0.3916034184609334,0.42024977915425155,0.29748532143393924,0.417189097721689,0.5478012554825679,4.258077545453872e-05,0.04186696193559033,0.5103626943005181,0.00046730912164999716,0.28295706015417943,0.4258405030758053,0.4047619161547397,0.438709660139591,0.28295706015417943,0.4258405030758054,0.4047619161547397,0.43870966013959106,0.28571436174062614,0.7619047872468754,0.28571436174062614,0.7619047872468753,0.28571436174062614,0.28571436174062614,0.21333338830205364,0.17045458105261627,0.45227418060467595,0.3846154532515243,0.8662613800028156,0.8662613800028156,0.37584658161714757,0.25000007761021625,BUY,0.0,0.0
0.37499997505385874,0.37499997505385874,0.39655170420474806,0.39655170420474806,1.0,0.0,0.0,HPR,2023-03-31 00:00:00+11:00,Energy,0.34560330195783223,0.41532323320539793,0.4615384615384615,0.48322139475873116,0.43321296745333493,0.30045560705924457,0.4258892806815944,0.3317664223580681,0.35736837584350123,0.4339473320515551,0.36515005792214716,0.4411673976334888,0.3223056589507154,0.43045873801849577,0.4876822680416688,0.4353029759952446,0.16820420188674903,0.16820420188674906,0.258960435826065,0.258960435826065,0.23886001517190017,0.23886001517190023,0.18025598636712103,0.18025598636712098,0.0,0.5,0.5,0.4579881346032357,0.47594071966848633,0.46807632934635446,0.39589310580279424,0.4723668585647288,0.28354964572993197,0.3233542210213507,0.3916034184609334,0.42024977915425155,0.2956797917573195,0.42362485577808173,0.5441563242378649,0.9444510005320939,0.8740910388474143,0.9999566713578706,0.9917916603731476,0.28295706015417943,0.4258405030758053,0.4047619161547397,0.5266861771019675,0.28295706015417943,0.4258405030758054,0.4047619161547397,0.5266861771019676,0.28571436174062614,0.5238095744937508,0.28571436174062614,0.5238095744937507,0.28571436174062614,0.28571436174062614,0.21333338830205364,0.17045458105261627,0.45227418060467595,0.3846154532515243,0.8662613800028156,0.8662613800028156,0.37798482168986214,0.33333333333333326,BUY,0.0,0.0
0.4642856738967237,0.4642856738967237,0.4827585852528856,0.4827585852528856,0.0007020715267426598,0.0,0.0,HPR,2023-04-03 00:00:00+10:00,Energy,0.47852761839196645,0.5514575589827608,0.4615384615384615,0.48322139475873116,0.43321296745333493,0.45322964769095253,0.4387351264754773,0.443046517755465,0.36263153239672097,0.5424077961817969,0.36984048835018046,0.5291931868115155,0.3220167245421508,0.5113315827887627,0.4906385148132615,0.5204197480384726,0.2771685628632615,0.2771685628632616,0.30926249849455884,0.30926249849455884,0.29141770035764347,0.29141770035764347,0.21684216226290243,0.21684216226290243,0.5,0.631578937049056,0.631578937049056,0.4690198990272417,0.4779930214203477,0.494625908065225,0.3878320801885554,0.5035629539246035,0.5929536445420833,0.33093931401983445,0.39273934480641914,0.6372127008066062,0.2969381408965026,0.43082959110551067,0.6856749264603692,0.945112274444932,0.8746753196756838,0.0007015499045388933,0.0006958440732674957,0.37374541401431466,0.5187680191093501,0.4791666652078276,0.6146626940643442,0.37374541401431466,0.51876801910935,0.4791666652078276,0.6146626940643442,1.0,0.5238095744937509,1.0,0.5238095744937507,1.0,1.0,0.2800000317891394,0.22727274651492774,0.5756909377559069,0.5255370672444271,0.8685631923033101,0.8685631923033101,0.38008029696112267,0.15384624201870856,BUY,0.0,0.0
0.37499997505385874,0.3928571547362577,0.39655170420474806,0.39655170420474806,0.04507556842615121,0.0,0.0,HPR,2023-04-04 00:00:00+10:00,Energy,0.22290393118366686,0.27918890742803504,0.4615384615384615,0.48322139475873116,0.41516242938422976,0.3300247763914357,0.4308299798421311,0.3257079468633406,0.36263153239672097,0.4283733467451575,0.37218570356419733,0.4357730872152298,0.3202831213198518,0.4315620002494136,0.49260934599432327,0.43332141958181236,0.32602749288413174,0.3260274928841318,0.29355738300397316,0.2935573830039732,0.33527349626206054,0.33527349626206054,0.2504758392286972,0.25047583922869715,0.3333333333333333,0.5217390952240964,0.5,0.4529604946651737,0.4758606209033154,0.4538955670857968,0.39252778171285707,0.484636622985532,0.24541246139403688,0.33093931401983445,0.39273934480641914,0.4111367278691991,0.2946204861410562,0.4378613354220231,0.5333806727623632,0.9876647364487788,0.9121882930004133,0.043101489578682636,0.042840462119901716,0.28295706015417943,0.3082289744886669,0.4047619161547397,0.5266861771019675,0.28295706015417943,0.3082289744886669,0.4047619161547397,0.5266861771019676,0.28571436174062614,0.5238095744937508,0.28571436174062614,0.5238095744937507,0.28571436174062614,0.28571436174062614,0.3333333664470202,0.2840909119772392,0.449158049093097,0.3896358993418946,0.4571618200216893,0.4287736071476905,0.38213386272695804,0.25000007761021625,BUY,0.0,0.0
0.3392856822121041,0.35714286189450306,0.3620689389396642,0.3793103536867787,0.006796801879748205,0.0,0.0,HPR,2023-04-05 00:00:00+10:00,Energy,0.31901847828554697,0.3867382149281041,0.5000000716401862,0.5214070773549507,0.3935017890807839,0.3351313323004548,0.4189722782976959,0.3145389470301059,0.3615789026546202,0.4066591457637029,0.3740618764343395,0.4160716528908516,0.31768271594822184,0.41680165906815725,0.49083559690349876,0.4167739302431551,0.32374757377324537,0.3237475737732454,0.289891494717355,0.28989149471735504,0.33714533635227817,0.3371453363522782,0.2522424605301097,0.25224246053010974,0.3125000291038391,0.5217391797297511,0.4800000298023286,0.4352607960089322,0.4699949606196745,0.41755918435457395,0.39291328504306466,0.46306493846037633,0.2486955458554021,0.3314257252140951,0.39027307698760305,0.36978479672913783,0.2921205215739431,0.4442383302370032,0.497935967871639,0.9940837053989879,0.9168701416123248,0.006457170760558323,0.006426826701511445,0.2647994164391959,0.27208117426028716,0.3898809885184699,0.5090908999285428,0.2647994164391959,0.27208117426028716,0.38988098851847,0.509090899928543,0.1428574469625044,0.4761906029010436,0.1428574469625044,0.47619060290104337,0.14285744696250446,0.14285744696250446,0.3466666752762252,0.30681818662873195,0.4004629797306055,0.3445241121303979,0.42469090597878156,0.399141159351267,0.4827585852528856,0.3559321648634157,BUY,0.0,0.0
0.37499997505385874,0.37499997505385874,0.3103448231566107,0.3103448231566107,0.006287609719902152,0.0,0.0,HPR,2023-04-06 00:00:00+10:00,Energy,0.23746144798454377,0.2959218164793981,0.2692308408709555,0.29865767592792114,0.37545125101167853,0.23760875355652722,0.3992094374821482,0.23429310950652993,0.3563157461014005,0.32047527880704785,0.3740618764343395,0.34298411944660756,0.3139265750950593,0.35396129446137925,0.4882735150465729,0.34867886940779336,0.31419904005375804,0.3141990400537581,0.3145586095014858,0.3145586095014858,0.36440398679762076,0.3644039867976208,0.2759098813468006,0.27590988134680067,0.25,0.4444444597748599,0.4137931078778727,0.40192618799779567,0.4574682143821436,0.35272582590708246,0.40486104041158166,0.41553565351347244,0.16073594257958396,0.33898327321531463,0.37221333993285666,0.2330515020036204,0.2921205215739431,0.4442383302370032,0.371634470906202,1.0,0.9221028418074522,0.005938082029366354,0.005911649207134328,0.27539136540838893,0.19745318161065414,0.33035716710165186,0.438709660139591,0.2753913654083889,0.19745318161065412,0.33035716710165186,0.43870966013959106,0.0,0.14285726956771022,0.0,0.14285726956771008,0.0,0.0,0.41333331876331103,0.3636363520910434,0.3537436497618433,0.29823428514868916,0.39850673588557917,0.37592663462378717,0.480344792326621,0.36363642521141015,BUY,0.0,0.0
0.28571427621099377,0.28571427621099377,0.3103448231566107,0.3103448231566107,0.0,0.0,0.0,HPR,2023-04-11 00:00:00+10:00,Energy,0.34560330195783223,0.41532323320539793,0.4615384615384615,0.48322139475873116,0.35740071294257314,0.2677183050885097,0.3794465966666003,0.2579611375068509,0.35105258954818097,0.3256349813949627,0.3731237899992683,0.3436389189875769,0.3101704342418967,0.3558591736860359,0.48551435109940977,0.3496986412144205,0.31419904005375804,0.3141990400537581,0.3145586095014858,0.3145586095014858,0.36440398679762076,0.3644039867976208,0.26951355520801823,0.2695135552080182,0.25,0.4339622561937534,0.4137931078778727,0.3761238559436848,0.44138281644671284,0.3180889299539581,0.4018156464150967,0.38335921138041884,0.23987345874481686,0.344729788721567,0.35617766005107865,0.2632679046784404,0.2938490644494731,0.44049290728682267,0.3768872345978358,0.05558981065269251,0.9221028418074522,0.0,0.0,0.27539136540838893,0.19745318161065414,0.33035716710165186,0.40475379903965075,0.2753913654083889,0.19745318161065412,0.33035716710165186,0.40475379903965086,0.0,0.04761914898750152,0.0,0.04761914898750137,0.0,0.0,0.40666663951344334,0.3636363520910434,0.33371559502708315,0.2703941203644977,0.3972254801487652,0.37592663462378717,0.4735447935598206,0.4545454299154359,BUY,0.0,0.0
0.28571427621099377,0.28571427621099377,0.3103448231566107,0.3103448231566107,0.0,0.0,0.0,HPR,2023-04-12 00:00:00+10:00,Energy,0.34560330195783223,0.41532323320539793,0.4615384615384615,0.48322139475873116,0.3212996368043626,0.3311179939394142,0.3596837558510524,0.2824194167100291,0.34578943299496145,0.3308370982994403,0.37218570356419733,0.34429457238303207,0.3055474923157655,0.35820614141864615,0.48255810359362483,0.35079368568135005,0.18265781347976762,0.18265781347976764,0.3145586095014858,0.3145586095014858,0.36440398679762076,0.3644039867976208,0.26951355520801823,0.2695135552080182,0.3333333333333333,0.28571410831942845,0.4137931078778727,0.3565169233664921,0.42390652477893087,0.304551150598441,0.38837378957649904,0.3618286486386282,0.289767319908652,0.34909109946674155,0.3416901211554413,0.28669380358993846,0.29551187188839756,0.43682398404079614,0.3818369198847317,0.054926767149186116,0.9221028418074522,0.0,0.0,0.1921687062940442,0.19745318161065414,0.33035716710165186,0.40475379903965075,0.19216870629404417,0.19745318161065412,0.33035716710165186,0.40475379903965086,0.0,0.0,0.0,0.0,0.0,0.0,0.3333332671059594,0.3636363520910434,0.367063486673894,0.28562507950390614,0.3438891318416384,0.37592663462378717,0.4670167947436922,0.36363642521141015,BUY,0.0,0.0
0.28571427621099377,0.28571427621099377,0.3103448231566107,0.3103448231566107,0.0,0.0,0.0,HPR,2023-04-13 00:00:00+10:00,Energy,0.34560330195783223,0.41532323320539793,0.4615384615384615,0.48322139475873116,0.3032490987352572,0.3645221307254667,0.3399209150355045,0.30770819759403945,0.3405262764417417,0.336082154666686,0.37124761712912613,0.34495108130419416,0.3009245503896345,0.36056546669643963,0.47960185608784034,0.3518912541646786,0.14354166389489637,0.1435416638948964,0.3145586095014858,0.3145586095014858,0.36440398679762076,0.3644039867976208,0.26951355520801823,0.2695135552080182,0.3333333333333333,0.25,0.4137931078778727,0.34198737707551424,0.4065107930267469,0.3053352524582009,0.36541176989944757,0.35004664239172745,0.32559366739181195,0.3523322448310344,0.32845450831877043,0.30569670588724357,0.29711260091204483,0.43322730463535564,0.3865132055101239,0.012356941036907135,0.9221028418074522,0.0,0.0,0.27539136540838893,0.19745318161065414,0.33035716710165186,0.40475379903965075,0.2753913654083889,0.19745318161065412,0.33035716710165186,0.40475379903965086,0.0,0.0,0.0,0.0,0.0,0.0,0.279999982118609,0.3636363520910434,0.38670411491197904,0.2990428293579892,0.012958418307193114,0.37592663462378717,0.46074991588020897,0.36363642521141015,BUY,0.0,0.0
0.28571427621099377,0.28571427621099377,0.3103448231566107,0.3103448231566107,0.0,0.0,0.0,HPR,2023-04-14 00:00:00+10:00,Energy,0.34560330195783223,0.41532323320539793,0.4615384615384615,0.48322139475873116,0.28880866290049223,0.39212003143826935,0.32015807421995657,0.33387051132563816,0.3363157496306227,0.3403094762047906,0.37030953069405514,0.3456084474266482,0.2963016084635035,0.3629372473767577,0.47664560858205585,0.3529913554010503,0.14824782004473208,0.14824782004473208,0.3145586095014858,0.3145586095014858,0.36334641748699403,0.3633464174869941,0.26951355520801823,0.2695135552080182,0.0,0.25,0.4137931078778727,0.3316014188582488,0.39015332513746465,0.315440831886623,0.33156031123137486,0.34941531843912976,0.3521715883697881,0.3551192813980113,0.3176490612992009,0.3196709800098807,0.2986545578104336,0.42969902137097615,0.3909418418690468,0.005937972086697998,0.9174247941884185,0.0,0.0,0.29372853337612,0.19745318161065414,0.3442292181287526,0.40475379903965075,0.2937285333761199,0.19745318161065412,0.34422921812875257,0.40475379903965086,0.0,0.0,0.0,0.0,0.0,0.0,0.279999982118609,0.3636363520910434,0.3992395420297158,0.3111859613753599,0.012958418307193114,0.37592663462378717,0.45473371217126524,0.36363642521141015,BUY,0.0,0.0
0.12499999168461962,0.17857139768572983,0.1551724115783053,0.20689652736135877,0.00013783789607608183,0.0,0.0,HPR,2023-04-17 00:00:00+10:00,Energy,0.17159322583952508,0.21886218008061956,0.5769230052828906,0.6276625266360145,0.2671480091483448,0.22037696050935796,0.2984189449055137,0.1923526883442892,0.3268420662662842,0.20920070261362855,0.36655718495377076,0.23804113753309286,0.2899450633150733,0.26758029833282215,0.47250686192711866,0.25023369148491603,0.2385442222650343,0.23854422226503433,0.35182567133909387,0.3518256713390939,0.4237117063338632,0.42371170633386324,0.32392010590514286,0.3239201059051428,0.0,0.19230767577533683,0.3529411442448918,0.2954772691906662,0.3685775415608602,0.2646501749591669,0.3434381184948502,0.2984281621281558,0.1843320458474424,0.3715504177059996,0.2819813881796527,0.19807686961740123,0.3090387111130981,0.4106791335093858,0.2524131508655297,0.0001300649141156819,0.9173444860312051,1.0,0.00013026754508063605,0.24499097732747013,0.16169390646283183,0.2662151182270317,0.3028862157398301,0.2449909773274702,0.1616939064628318,0.2662151182270317,0.3028862157398302,0.15789468524528003,0.05263156174842672,0.15789468524528003,0.05263156174842657,0.15789468524528005,0.15789468524528005,0.39999996026357565,0.45454545069701446,0.30994149285853,0.20926011496629623,0.012934118434790207,0.3971180964808647,0.44895815661067895,0.4693877302771152,BUY,0.0,0.0
0.37499997505385874,0.4642856738967237,0.39655170420474806,0.4827585852528856,0.017118717191770105,0.0,0.0,HPR,2023-04-18 00:00:00+10:00,Energy,0.866449677828806,0.895905047110833,0.6538460822059675,0.6677851135895412,0.3032490852865555,0.7094957910630197,0.30830036531328786,0.6331145860187037,0.33421048622506333,0.575610693034963,0.36890240016778764,0.5299715987810886,0.288211459016412,0.531679334555098,0.47152144560239595,0.5288079461973593,0.8073876041750151,0.8073876041750152,0.8324198248895174,0.8324198248895175,0.8159835659507275,0.8159835659507275,0.6794089067943053,0.6794089067943052,0.6153845602767719,0.5,0.5714285714285714,0.34631034278665873,0.36326357927615616,0.4229289445359368,0.3744238466660036,0.28434651858483806,0.7710931287136017,0.38120230035222047,0.2846527075986438,0.6058888325667287,0.31219905854308383,0.41133584529887735,0.6746253101428865,0.016297155858578296,0.9242814929559319,0.9920124326451947,0.01605722474144539,0.5883360618844597,0.4850817946831107,0.5125205303932403,0.5193548020540114,0.5883360618844596,0.48508179468311075,0.5125205303932402,0.5193548020540115,1.0,0.3859648950817601,1.0,0.3859648950817599,1.0,1.0,0.6133332492245684,0.6249999470839488,0.583476761843491,0.4817853328233457,0.2449515040633199,0.4930509913018651,0.1551724115783053,0.10769230063850332,BUY,0.0,0.0
0.553571439262632,0.7321428369483617,0.5344828294942289,0.7413792926264428,0.044851186600423275,0.0,0.0,HPR,2023-04-19 00:00:00+10:00,Energy,0.7137015056985028,0.7684703562969867,0.8461537028734735,0.7996163329068124,0.3935017890807839,0.9999999999999998,0.337944633898843,1.0,0.35684206293313003,0.8926897353762983,0.3782832627711763,0.7955104479758858,0.2908118622353171,0.7765603536154188,0.47349227678345773,0.788592140805347,0.8868741559564913,0.8868741559564914,0.9522021977864086,0.9522021977864088,0.939968720540533,0.9399687205405332,0.8115030974359864,0.8115030974359863,0.8378378133472518,0.6315789611275736,0.6718750109139373,0.4598425179465458,0.38569446346040087,0.6929737373285396,0.5229090346173401,0.18524145199151465,0.935716204283523,0.4566469693921795,0.24167064736994337,0.8431686993436347,0.34970715414640563,0.38502403274313535,0.9772588023803033,0.05865507348833547,0.9614329821118454,0.7221513032230328,0.040446059622407,0.9102221136309396,0.6638780314167767,0.7329059851343644,0.7612902878825982,0.9102221136309396,0.6638780314167765,0.7329059851343643,0.7612902878825984,1.0,0.7192982284150934,1.0,0.7192982284150934,1.0,1.0,0.8133332293563563,0.7954544858037241,0.7487437600377934,0.6522187109330644,0.5658204692195318,0.661173320911465,0.16172413505179695,-0.10000001862645191,SELL,0.0,1.0
0.7321428369483617,0.7321428369483617,0.7413792926264428,0.7413792926264428,0.0036526456912599763,0.0,0.0,HPR,2023-04-20 00:00:00+10:00,Energy,0.34560330195783223,0.41532323320539793,0.4615384615384615,0.48322139475873116,0.4837544928750124,0.8075354765139438,0.3774703228921723,0.9273983537888695,0.37368416233488955,0.8690986875678185,0.38766412537456496,0.7861088692903114,0.29456800093575497,0.7737383120119258,0.4754631079645195,0.7875223356547604,0.8868741559564913,0.8868741559564914,0.9210202268929853,0.9210202268929855,0.9262121452639739,0.9262121452639739,0.8115030974359864,0.8115030974359863,0.8378378133472518,0.6315789611275736,0.6692913441259208,0.548446738747809,0.4244627179809373,0.8519878371966905,0.6378002521528682,0.13818374098869624,0.8099937041120921,0.5116822242023193,0.21092412510674652,0.774977663562912,0.3816796514090248,0.36515428031879527,0.9205399144882782,0.06210466929723693,0.958214028451114,0.055544771507793904,0.0033049495499653113,0.9102221136309396,0.7882579728310163,0.6279761269342194,0.7612902878825982,0.9102221136309396,0.7882579728310164,0.6279761269342194,0.7612902878825984,1.0,1.0,1.0,1.0,1.0,1.0,0.8133332293563563,0.7897726565576407,0.7310305812052735,0.657751075036402,0.581081789317382,0.6701564549710478,0.1849103413547828,-0.03749998370185459,HOLD,0.0,0.5
0.6428572046285402,0.6428572046285402,0.5689655305301679,0.5689655305301679,0.031169867816151182,0.0,0.0,HPR,2023-04-21 00:00:00+10:00,Energy,0.1462168273066309,0.18821690128626167,0.26923069759058293,0.3355703188528968,0.53790612053103,0.4256948453595615,0.39920945220661497,0.6273976069738343,0.3789473228094672,0.6366142184908098,0.38954029824470715,0.6034665749817821,0.2957237364172878,0.6090173218990323,0.4754631079645195,0.6138862703200348,0.9975967852059676,0.9975967852059677,0.9829987033847499,0.9829987033847499,0.9723581493039459,0.9723581493039459,0.8311043366757668,0.8311043366757669,0.6595744798900104,0.5806451806726878,0.5441176341685435,0.5680058762353817,0.4600740622317879,0.8212611514103312,0.668761110204679,0.14530451012980772,0.6267228839692185,0.5219846544610165,0.2090230915871637,0.6055348167899713,0.38648839775395194,0.36302575282515703,0.7242759872872034,0.09154181006341881,0.9609360266584098,0.32157005831900637,0.028122993915381575,0.6956314657607945,0.6101205658866833,0.4734432751286157,0.49736069329705085,0.6956314657607946,0.6101205658866833,0.47344327512861584,0.497360693297051,0.7058823980571515,0.9019607993523839,0.7058823980571515,0.9019607993523839,0.7058823980571514,0.7058823980571514,0.879999872843442,0.8409089504410278,0.6047642422076472,0.5344633248362892,0.4580714919603957,0.5361313034992742,0.2071690994056492,0.08571424618059287,BUY,0.0,0.0
0.6428572046285402,0.6428572046285402,0.6551724758074503,0.6551724758074503,0.01919506884634014,0.0,0.0,HPR,2023-04-24 00:00:00+10:00,Energy,0.4595385121865239,0.5326643980345594,0.4615384615384615,0.48322139475873116,0.6317689534570023,0.41813300490886096,0.43873514856217755,0.6969137963374732,0.38947364375862226,0.7358042096534153,0.39376168807618783,0.6899357016904356,0.30005774501121674,0.6879103303620507,0.47644852428924267,0.7002034747461102,0.8809779059091688,0.8809779059091689,0.9594483740449378,0.9594483740449379,0.9810935107100445,0.9810935107100445,0.8419387964054516,0.8419387964054517,0.6923077198616142,0.6119403341919109,0.5694444846867797,0.6060043349425932,0.49749344242202276,0.8388590390453934,0.7172974914981972,0.16619353553955118,0.6675667417299678,0.5468067221854118,0.20050776373078583,0.6663815551964009,0.39994830944641846,0.35516399349773176,0.8041125017850719,0.10953965315359306,0.9769106251103141,0.1654925844516311,0.01703582393001025,1.0,0.8250066728759975,0.5421246341024919,0.5706745120553869,1.0,0.8250066728759975,0.5421246341024919,0.5706745120553871,0.8529413085959435,0.8529412355510317,0.8529413085959435,0.8529412355510315,0.8529413085959434,0.8529413085959434,0.9466665660010584,0.8522726512660356,0.6115352286150454,0.555882916215307,0.5231653473572814,0.5231049322575274,0.22853750713448095,0.013333260483214815,HOLD,0.0,0.5
0.553571439262632,0.5892856655813431,0.5344828294942289,0.5517241157830534,0.02771349766764695,0.0,0.0,HPR,2023-04-26 00:00:00+10:00,Energy,0.2179958393374445,0.2735100650005563,0.42307685143673673,0.4515818302241287,0.6462093892917671,0.2428589154279781,0.46640312864883815,0.5070381430005926,0.39368417056974125,0.5968497751015808,0.3951688168551335,0.5805859629233657,0.30265814930648416,0.58817144510732,0.4762514407306213,0.5961539395821546,0.6849328672005521,0.6849328672005522,0.9925679602847578,0.992567960284758,1.0,1.0000000000000002,0.858493510068498,0.8584935100684978,0.6206896308096378,0.5294117679284517,0.525641029314882,0.6046610874046509,0.5271132598245435,0.762944713145684,0.7292619089785765,0.2033549461232771,0.5576022026809994,0.5536596683951851,0.20053931445594786,0.5722138153501863,0.40311218361844325,0.3540827722190083,0.69375102786545,0.11954547178890908,0.9999729057430762,0.21893665208606256,0.02402931801907494,0.4463761241594665,0.6927115169932234,0.4597069828652116,0.4826979076961749,0.4463761241594664,0.6927115169932234,0.45970698286521156,0.4826979076961749,0.6764705721224459,0.7450980929251803,0.6764705721224459,0.7450980929251801,0.6764705721224459,0.6764705721224459,0.9733332333299987,0.9318180913798397,0.5582995925856742,0.49219199828589955,0.44877434765403806,0.45053714803322087,0.24905117855415937,0.057971025447188795,BUY,0.0,0.0
0.535714259580233,0.535714259580233,0.5517241157830534,0.5517241157830534,0.0,0.0,0.0,HPR,2023-04-27 00:00:00+10:00,Energy,0.34560330195783223,0.41532323320539793,0.4615384615384615,0.48322139475873116,0.6064981974705144,0.2966677680772478,0.4940711087354983,0.47105944325415616,0.3978946973808605,0.5919938814132722,0.39657594563407916,0.5793910072787579,0.3052585536017518,0.5865078815985131,0.4760543571719995,0.5962460898278338,0.3752422368694696,0.37524223686946967,0.9925679602847578,0.992567960284758,1.0,1.0000000000000002,0.858493510068498,0.8584935100684978,0.6923076702645565,0.5714285629812017,0.525641029314882,0.6016128423377218,0.5500927226494715,0.6983131363235773,0.733895860227565,0.24802268463470822,0.5376959888078114,0.5603056894326037,0.20080213015318338,0.5683309550460132,0.4062336384276175,0.353050916531753,0.691599074642248,0.0771875541591519,0.9999713463613826,0.0,0.0,0.2114612008387658,0.6927115169932234,0.4597069828652116,0.4826979076961749,0.21146120083876582,0.6927115169932234,0.45970698286521156,0.4826979076961749,0.6764705721224459,0.7352941509469452,0.6764705721224459,0.7352941509469451,0.6764705721224459,0.6764705721224459,0.9066665898429128,0.9318180913798397,0.5458463817630357,0.48135740937945026,0.5582243221114359,0.45053714803322087,0.2687443031170508,0.057971025447188795,BUY,0.0,0.0
0.535714259580233,0.535714259580233,0.5517241157830534,0.5517241157830534,5.281639008522762e-05,0.0,0.0,HPR,2023-04-28 00:00:00+10:00,Energy,0.34560330195783223,0.41532323320539793,0.4615384615384615,0.48322139475873116,0.5667870056492617,0.3538396740170966,0.5217390888221589,0.4365600438071904,0.402105224191979,0.5871685760371353,0.39798307441302483,0.5781983477848994,0.30785895789701945,0.584849225758702,0.47585727361337815,0.59633825425432,0.3752422368694696,0.37524223686946967,0.9925679602847578,0.992567960284758,1.0,1.0000000000000002,0.858493510068498,0.8584935100684978,0.5555555555555556,0.5806451360932524,0.525641029314882,0.5972635108314663,0.5674541236608939,0.6436316898062169,0.7299459189431702,0.30148024772453386,0.5159637573357568,0.5667514171726091,0.20128879886600626,0.5645843507361443,0.409313828860173,0.35206708231916073,0.6895076335669471,0.07378783868721146,1.0,0.0006759957072024271,4.579384011359374e-05,0.2114612008387658,0.6927115169932234,0.4597069828652116,0.4826979076961749,0.21146120083876582,0.6927115169932234,0.45970698286521156,0.4826979076961749,0.6764705721224459,0.6764705721224459,0.6764705721224459,0.6764705721224459,0.6764705721224459,0.6764705721224459,0.8799999225139724,0.9318180913798397,0.5395095251602868,0.47774441608369334,0.5789261306104162,0.45053714803322087,0.2876497026974265,0.057971025447188795,BUY,0.0,0.0
0.535714259580233,0.535714259580233,0.5517241157830534,0.5517241157830534,0.0,0.0,0.0,HPR,2023-05-01 00:00:00+10:00,Energy,0.34560330195783223,0.41532323320539793,0.4615384615384615,0.48322139475873116,0.5631768899662195,0.3592148214262483,0.5494070689088191,0.40345054810257164,0.40631575100309825,0.5823735708571479,0.3993902031919705,0.5770079778299365,0.31045936219228687,0.5831954559027449,0.4756601900547568,0.5964304328648874,0.2620266259191029,0.2620266259191029,0.9925679602847578,0.992567960284758,1.0,1.0000000000000002,0.858493510068498,0.8584935100684978,0.23809530567418336,0.6206896308096378,0.525641029314882,0.5919443746392006,0.5800931540971538,0.5976681417690406,0.7150300268370434,0.366166840497973,0.4899859579734569,0.5730028139639225,0.20199265691790758,0.5609610096557612,0.4123538458216862,0.35113000003837636,0.6874733899468362,0.04435069792102959,1.0,0.0,0.0,0.3568846827296396,0.6927115169932234,0.4597069828652116,0.4826979076961749,0.3568846827296395,0.6927115169932234,0.45970698286521156,0.4826979076961749,0.6764705721224459,0.6764705721224459,0.6764705721224459,0.6764705721224459,0.6764705721224459,0.6764705721224459,0.8133332790268867,0.9318180913798397,0.5335217985147597,0.47427408210468786,0.5987676571488372,0.45053714803322087,0.3057988862945872,0.014492783356655048,HOLD,0.0,0.5
0.535714259580233,0.535714259580233,0.5517241157830534,0.5517241157830534,0.0,0.0,0.0,HPR,2023-05-02 00:00:00+10:00,Energy,0.34560330195783223,0.41532323320539793,0.4615384615384615,0.48322139475873116,0.5415162227653705,0.39212003143826935,0.5889327579021486,0.3584004613511238,0.41578943436743654,0.5716941285647491,0.40079733197091616,0.5758198908273772,0.3130597664875543,0.5815465504730696,0.47546310649613543,0.5965226256628108,0.17493253037427084,0.17493253037427087,0.9372162015769123,0.9372162015769123,0.9824195907075006,0.9824195907075008,0.858493510068498,0.8584935100684978,0.23809530567418336,0.6206896308096378,0.525641029314882,0.5859260368974082,0.5887899634359421,0.5592979067561797,0.6223404793466526,0.531669865004203,0.413587344369706,0.5818068609882536,0.2094568306651845,0.5542341922392162,0.4153547209160642,0.35023846915894463,0.6854932745110264,0.02622267931732289,0.9999808001128994,0.0,0.0,0.27932543941724003,0.8790045802246187,0.5386904866246458,0.4826979076961749,0.27932543941724003,0.8790045802246187,0.5386904866246457,0.4826979076961749,0.6764705721224459,0.6764705721224459,0.6764705721224459,0.6764705721224459,0.6764705721224459,0.6764705721224459,0.8133332790268867,0.9318180913798397,0.5273851483471799,0.47099744121624837,0.5987676571488372,0.45053714803322087,0.32322210254786143,0.014492783356655048,HOLD,0.0,0.5
0.6428572046285402,0.6428572046285402,0.5689655305301679,0.5689655305301679,0.014800300175102142,0.0,0.0,HPR,2023-05-03 00:00:00+10:00,Energy,0.36872062611470596,0.439795236581078,0.26923069759058293,0.3355703188528968,0.5451263384484124,0.4143738717998178,0.598814185672156,0.3700597506063863,0.4263157513952339,0.5817422394479174,0.40267350484105835,0.5921554173203288,0.3173937740051209,0.5949943447235518,0.47546310649613543,0.613886271016932,0.03169071719790076,0.031690717197900765,0.6334283146595935,0.6334283146595935,0.9820779645224453,0.9820779645224456,0.8587671959352735,0.8587671959352734,0.5,0.6271186322958381,0.5675675743705079,0.5842789775641895,0.595360323052556,0.5386008495476925,0.6141382186473182,0.5577163637082713,0.423528135186637,0.5916358457926203,0.21769815634328282,0.5611028820445365,0.4195459193207831,0.34882861392438125,0.699845196457205,0.01402732402830947,0.1800738893523177,0.9964440870134275,0.07094582582859645,0.3908505042247333,0.4773081192954166,0.5535714696967851,0.49736069329705085,0.39085050422473333,0.4773081192954167,0.5535714696967851,0.497360693297051,0.7058823980571515,0.6862745141006811,0.7058823980571515,0.6862745141006811,0.7058823980571514,0.7058823980571514,0.8933333306842384,0.9431817922048477,0.5465000164806847,0.4895160658943488,0.6359151133284273,0.48949287564923305,0.33994839015100464,0.0,HOLD,0.0,0.5
0.6071428452637423,0.6250000249461413,0.6206896463132213,0.6379310610603358,0.00392574507413969,0.0,0.0,HPR,2023-05-04 00:00:00+10:00,Energy,0.436751436185465,0.5098348629265088,0.5000000716401862,0.5135607037916359,0.5631768899662195,0.49631982909262384,0.5869564841277204,0.4741932999932621,0.43578943868093034,0.6575809180785105,0.4064258505813425,0.6604424288685043,0.32143884819048574,0.6570079524144067,0.47723685558695994,0.6824514110434531,0.12098484374052153,0.12098484374052154,0.3803906518888044,0.38039065188880444,0.9747673251899618,0.9747673251899618,0.8653398588590532,0.8653398588590531,0.45454539297044977,0.6507936404690885,0.5897435983159206,0.6006269453095923,0.6044586701246542,0.5632061343295911,0.5746003026137642,0.5770258821353144,0.6218845778543195,0.6077607555382427,0.21698035004703797,0.6084563954820518,0.4296575593183749,0.3439964943326501,0.7594484903823571,0.017734837677106995,0.18275670809456523,0.20905128061214945,0.018543441515839625,0.45927073762381315,0.2930702854644114,0.5283883418390876,0.5560117264545109,0.4592707376238131,0.29307028546441144,0.5283883418390877,0.5560117264545109,0.823529482661238,0.7352941509469452,0.823529482661238,0.7352941509469451,0.8235294826612379,0.8235294826612379,0.9466666653421191,0.9886363415078332,0.5646916631862765,0.5005140583986273,0.6448793728917683,0.4991638351707949,0.3560056262500222,-0.05405406221758269,SELL,0.0,1.0
0.553571439262632,0.553571439262632,0.5689655305301679,0.5689655305301679,0.05667690516096936,0.0,0.0,HPR,2023-05-05 00:00:00+10:00,Energy,0.2593820946487564,0.320811603484287,0.4615384615384615,0.48322139475873116,0.5667870056492617,0.3811828155639152,0.5671936433121727,0.40590405394730533,0.4463157557087277,0.5597042241138662,0.4083020234514845,0.587369442038362,0.3243281868943175,0.5905791272191897,0.4782222719116831,0.6125781766607955,0.19459029110005918,0.19459029110005918,0.3934107038947569,0.39341070389475696,0.9662420809593926,0.9662420809593928,0.8731087347726166,0.8731087347726165,0.5555556475379979,0.6119402877191429,0.5324675469188175,0.5920833448860611,0.6097294517155425,0.5259518597950312,0.5047515935575239,0.6132554013242136,0.46836147446429527,0.6156659517665457,0.22737175203656568,0.5459744281896002,0.4336220313657908,0.34285049220613883,0.6908476994050768,0.07121120407483643,0.1924116198496425,0.7516536800301927,0.2543505177633354,0.3908505042247333,0.2324350423053688,0.5535714696967851,0.49736069329705085,0.39085050422473333,0.23243504230536877,0.5535714696967851,0.497360693297051,0.7058823980571515,0.7450980929251803,0.7058823980571515,0.7450980929251803,0.7058823980571514,0.7058823980571514,1.0,0.9772727253485073,0.5058502444812724,0.46377793903154557,0.4820549989559516,0.39476235220205036,0.3714205729050791,0.0,HOLD,0.0,0.5
0.553571439262632,0.553571439262632,0.5689655305301679,0.5689655305301679,0.049185995201320616,0.0,0.0,HPR,2023-05-08 00:00:00+10:00,Energy,0.34560330195783223,0.41532323320539793,0.4615384615384615,0.48322139475873116,0.5703971213323036,0.37576066282799525,0.5671936433121727,0.40590405394730533,0.4578947024786256,0.547234692863834,0.41299245562684006,0.5834089444550766,0.3272175255981493,0.5887495933134915,0.4782222719116831,0.6125781766607955,0.19459029110005918,0.19459029110005918,0.2863559220169337,0.2863559220169338,0.964534532158688,0.9645345321586882,0.851993316564215,0.8519933165642148,0.5555556475379979,0.6721311375294551,0.5694444480375096,0.5835371337978709,0.6119375673694426,0.49614246837264414,0.5047515935575239,0.6132554013242136,0.46836147446429527,0.6221006778976399,0.24132923175261256,0.5388286422288543,0.43973656993264565,0.3444038336823818,0.6864519090760489,0.11766295911615139,0.22768892713272496,0.3947861903790606,0.18668025346365516,0.3908505042247333,0.38402309373201393,0.571226807538475,0.6000000040537574,0.39085050422473333,0.38402309373201393,0.571226807538475,0.6000000040537575,0.5000000931322596,0.6764706579502164,0.7058823980571515,0.7450980929251803,0.5000000931322595,0.7058823980571514,0.8800000218550333,0.9204545598861957,0.4706896791512879,0.4602913194970796,0.4822580597694377,0.4599534522012606,0.3862189216939337,0.0,HOLD,0.0,0.5
0.553571439262632,0.553571439262632,0.5689655305301679,0.5689655305301679,0.0,0.0,0.0,HPR,2023-05-09 00:00:00+10:00,Energy,0.34560330195783223,0.41532323320539793,0.4615384615384615,0.48322139475873116,0.5740072370153457,0.37036914378524655,0.5573122155421653,0.4174419294692482,0.47368417605964275,0.5305612055735086,0.4176828878021952,0.5794734776715734,0.33068473204274773,0.5865619674804324,0.4774339391455813,0.6129516304120947,0.19459029110005918,0.19459029110005918,0.23387299560978064,0.2338729956097807,0.9483494137216427,0.9483494137216428,0.851993316564215,0.8519933165642148,0.5555556475379979,0.5555555739520471,0.5774647776474218,0.5750862700360959,0.6117179585691075,0.47251305856728754,0.4721025528703727,0.6290402479672393,0.5115286771356506,0.6226135822622549,0.26959567622543323,0.5300853592485081,0.44559306802581466,0.34625747011239594,0.682257912351629,0.11766295911615139,0.2224562269375976,0.0,0.0,0.3908505042247333,0.30317607775508776,0.6482684239533738,0.6000000040537574,0.39085050422473333,0.30317607775508776,0.6482684239533739,0.6000000040537575,0.16666645970599994,0.457516316965137,0.7058823980571515,0.7058823980571515,0.16666645970600003,0.7058823980571514,0.6666667328940404,0.897727285234703,0.4527925723744568,0.45688036400154114,0.443869679466585,0.47136669264517156,0.4004253365312339,-0.07142860944173757,SELL,0.0,1.0
0.553571439262632,0.553571439262632,0.5689655305301679,0.5689655305301679,0.0,0.0,0.0,HPR,2023-05-10 00:00:00+10:00,Energy,0.34560330195783223,0.41532323320539793,0.4615384615384615,0.48322139475873116,0.5740072370153457,0.37036914378524655,0.5592885040410602,0.4151211647609583,0.4894736496406594,0.5142574186842729,0.42237331997755057,0.5755628051390632,0.3335740707465795,0.5847454246671698,0.4766456063794795,0.6133253139722868,0.192270907169913,0.19227090716991302,0.159728835290652,0.15972883529065202,0.9483494137216427,0.9483494137216428,0.851993316564215,0.8519933165642148,0.5555556475379979,0.33333341611753825,0.6119402877191429,0.5668064147353221,0.6095963601954599,0.45400070598340486,0.47268258374409033,0.6319757994117988,0.500000087799525,0.6201129510917349,0.3012301266467038,0.5209663636808766,0.45119830799299776,0.34840350852978097,0.678244174830866,0.1036854048253862,0.2224562269375976,0.0,0.0,0.37374541401431466,0.4015985593159704,0.6482684239533738,0.6000000040537574,0.37374541401431466,0.40159855931597044,0.6482684239533739,0.6000000040537575,0.16666645970599994,0.27777767084808647,0.7058823980571515,0.7058823980571515,0.16666645970600003,0.7058823980571514,0.4666667527622526,0.8409091197723916,0.4597875834449244,0.45331319463659386,0.2748190414694616,0.4820549989559516,0.41406349477504223,-0.14285716566504258,SELL,0.0,1.0
0.5892856655813431,0.6428572046285402,0.5344828294942289,0.5344828294942289,0.02679957503300146,0.0,0.0,HPR,2023-05-11 00:00:00+10:00,Energy,0.30002931973231683,0.36602214394212196,0.3076925942530529,0.36017909633932055,0.5523465967118999,0.34786830830217097,0.557312230266632,0.3710267918865662,0.5031578637374751,0.4592612436632947,0.42612566746515657,0.5371828417946153,0.33588554278600746,0.5512603195485636,0.47526602440589816,0.5792499796631786,0.11908672131601764,0.11908672131601764,0.17163001987634097,0.17163001987634097,0.9525923221019973,0.9525923221019974,0.8545790051979602,0.85457900519796,0.4545457008456409,0.3125001164153028,0.5942029196771328,0.5490539321970399,0.6037269364877229,0.41752255437785457,0.4745583007775288,0.6265256116876944,0.29074118860541,0.6120416366210932,0.3352452341324432,0.47963038572583916,0.45457796827470154,0.3514057427587569,0.6437630705690567,0.12528768290793296,0.2447594785310664,0.20201322908491917,0.09464921553256711,0.27804961007684725,0.36644775909521493,0.615800946024016,0.5677419953562496,0.27804961007684725,0.3664477590952149,0.6158009460240161,0.5677419953562497,0.0,0.11111097313733334,0.647058965322476,0.6862745871455929,0.0,0.6470589653224759,0.5600000635782788,0.9204545598861957,0.4877452709836922,0.45293967159247234,0.3650078837194936,0.5375313843677699,0.4271561266890983,-0.11764712649748443,SELL,0.0,1.0
0.5178572129439206,0.5178572129439206,0.5344828294942289,0.5344828294942289,0.0,0.0,0.0,HPR,2023-05-12 00:00:00+10:00,Energy,0.34560330195783223,0.41532323320539793,0.4615384615384615,0.48322139475873116,0.5451263922432192,0.3587393966863197,0.5553359564922042,0.37328769200329415,0.5168420778342903,0.44606985445792835,0.42987801495276257,0.5341760330649291,0.3381970148254352,0.5498563338178696,0.47388644243231637,0.5798864647955958,0.0624757507612085,0.06247575076120851,0.17163001987634097,0.17163001987634097,0.9525923221019973,0.9525923221019974,0.8545790051979602,0.85457900519796,0.40000014901164305,0.4545455469079932,0.5942029196771328,0.5337831486564273,0.5954424953388482,0.3940168238555236,0.4759858393192765,0.6215343544903241,0.31250027284878,0.600257778584099,0.3734095771820487,0.46732732302085506,0.4578084810670031,0.3545815475822811,0.6411530841374016,0.07176143617324249,0.2447594785310664,0.0,0.0,0.3400240770669472,0.36644775909521493,0.615800946024016,0.5677419953562496,0.3400240770669472,0.3664477590952149,0.6158009460240161,0.5677419953562497,0.0,0.0555554865686667,0.647058965322476,0.6666667762340344,0.0,0.6470589653224759,0.42666677660410723,0.9204545598861957,0.3775255099429826,0.4182880241598373,0.44212954197561877,0.5375313843677699,0.43972505332659206,-0.11764712649748443,SELL,0.0,1.0
0.5178572129439206,0.5178572129439206,0.5344828294942289,0.5344828294942289,0.0,0.0,0.0,HPR,2023-05-15 00:00:00+10:00,Energy,0.34560330195783223,0.41532323320539793,0.4615384615384615,0.48322139475873116,0.5379061877745384,0.36973689285590927,0.5533596827177762,0.37555507960299295,0.5305262919311059,0.4331248562184179,0.433630362440369,0.531184265439031,0.3405084868648631,0.5484559628246638,0.472506860458735,0.5805236364560754,0.0624757507612085,0.06247575076120851,0.17163001987634097,0.17163001987634097,0.9525923221019973,0.9525923221019974,0.8545790051979602,0.85457900519796,0.0,0.29411772440046946,0.5942029196771328,0.5206307422056197,0.585723896037398,0.38005794534532966,0.47703479970782137,0.6169307577328912,0.33097767524275984,0.5835577855785046,0.41706832095286295,0.451671261734731,0.46089030610931614,0.3579303879779836,0.6385873747420924,0.02530968113192752,0.2447594785310664,0.0,0.0,0.3400240770669472,0.36644775909521493,0.615800946024016,0.5677419953562496,0.3400240770669472,0.3664477590952149,0.6158009460240161,0.5677419953562497,0.0,0.0,0.647058965322476,0.647058965322476,0.0,0.6470589653224759,0.360000083446491,0.9204545598861957,0.37074858713357856,0.4069477171298916,0.35419153245272694,0.5375313843677699,0.451791222898586,-0.11764712649748443,SELL,0.0,1.0
0.5892856655813431,0.6428572046285402,0.6034482315661068,0.6551724758074503,0.053065013580019055,0.0,0.0,HPR,2023-05-16 00:00:00+10:00,Energy,0.5098039330244568,0.5819654872978353,0.5769232918436358,0.5755034623500835,0.5559567392923455,0.5355262880628409,0.5652173989866784,0.5235762637109385,0.5578947162033786,0.5467102994025129,0.44066601157706287,0.6478661426052966,0.3448424954587921,0.6574084796261702,0.472506860458735,0.7022093611668793,0.24820019351348696,0.248200193513487,0.2781242009702585,0.27812420097025853,0.9277567626142803,0.9277567626142804,0.8765057645101669,0.876505764510167,0.7777780537253334,0.6666668046403873,0.6315789602676248,0.543241351515134,0.5832629066718157,0.45069736205626276,0.5094013038811972,0.6049647233620291,0.8431847166657769,0.5288395688140479,0.5282116122940979,0.617276245434471,0.4722891088596093,0.3576687334498241,0.7409033721217759,0.07542482065475076,0.28880674845818577,0.6644373244961252,0.15892555700170433,0.4580489448157074,0.4894757562885955,0.8785229455589016,0.6806452060535033,0.45804894481570746,0.4894757562885955,0.8785229455589016,0.6806452060535035,1.0,0.33333333333333337,0.8529413085959435,0.7156864130802982,1.0,0.8529413085959434,0.360000083446491,1.0,0.7111398333664812,0.5079261599556222,0.6435088923004983,0.6219001812094878,0.4633747456877003,-0.13333339956071377,SELL,0.0,1.0
0.7321428369483617,0.7321428369483617,0.7413792926264428,0.7413792926264428,0.0017566426857614505,0.0,0.0,HPR,2023-05-17 00:00:00+10:00,Energy,0.45194266927363935,0.5250884002953726,0.4615384615384615,0.48322139475873116,0.592057815430556,0.6119613680552003,0.5849802398022264,0.6130626904350107,0.5736841897843957,0.6292267618205355,0.45004687418045153,0.7265466512855335,0.35062117179009356,0.7330196629560776,0.47349227531507365,0.7885921416030283,0.26646019361135437,0.2664601936113544,0.3040681282685054,0.30406812826850543,0.6579841643092774,0.6579841643092774,0.8844484067670463,0.8844484067670462,0.8571430091956188,0.7391304911197156,0.706666665342119,0.5839127451657494,0.5908526065990825,0.5485222431759995,0.5777416360991307,0.5702797677560577,0.8930419504279871,0.5499806828065965,0.5334234314197985,0.7392357777071716,0.49196987746285137,0.3521034970450714,0.8010880367287011,0.07708381190622629,0.27602206018297204,0.021521884169219404,0.005503822664951507,0.5423523499951175,0.5572665764668779,0.6108058907332229,0.7612902878825982,0.5423523499951174,0.5572665764668778,0.6108058907332228,0.7612902878825984,1.0,0.6666666666666667,1.0,0.833333424639473,1.0,1.0,0.4266666772630464,0.9545454083641735,0.7893938931784419,0.6184284033158044,0.6479543544593644,0.6245434294133348,0.4744949275652498,-0.1875000116415324,SELL,0.0,1.0
0.7321428369483617,0.7321428369483617,0.6551724758074503,0.6551724758074503,0.030121737680313513,0.0,0.0,HPR,2023-05-18 00:00:00+10:00,Energy,0.24591013890949706,0.30555806611542324,0.2692309841513281,0.34479870876865987,0.617328571417044,0.43945496356614444,0.5869565283011213,0.4969133378561854,0.5684210371525341,0.536298875121315,0.4570825233171454,0.6337537074020715,0.35553304812478914,0.6503504791994766,0.47349227531507365,0.7017073108106583,0.3154883966531567,0.3154883966531567,0.32544766138409603,0.32544766138409603,0.4716864316019287,0.4716864316019288,0.8954610462960776,0.8954610462960777,0.6315791124783591,0.6071429806856932,0.5781250472937278,0.5897659704195032,0.5982999772181787,0.5471369304630174,0.5825322007583947,0.568903772520318,0.658999778120719,0.5320181144779319,0.543885649452778,0.6059789376554716,0.5018635510458507,0.35359343864156956,0.7204124959853333,0.08022129616101684,0.2637638581520138,0.35460953796394207,0.09874568894776796,0.49524159531725115,0.4004110272358578,0.348958395941826,0.6806452060535033,0.49524159531725126,0.4004110272358578,0.348958395941826,0.6806452060535035,0.5833335402940001,0.8611111800980001,0.5833335402940001,0.8120916162966476,0.5833335402940001,0.5833335402940001,0.49333327107960173,0.8295453766145428,0.6391359893163027,0.5280755871928542,0.5377577744037401,0.5437293522185183,0.4851703021676975,-0.13333339956071377,SELL,0.0,1.0
0.6428572046285402,0.6428572046285402,0.6551724758074503,0.6551724758074503,0.02196915897569462,0.0,0.0,HPR,2023-05-19 00:00:00+10:00,Energy,0.34560330195783223,0.41532323320539793,0.4615384615384615,0.48322139475873116,0.6425993274035318,0.40244151722101185,0.5968379560711288,0.4850635167827442,0.5631578845206723,0.5414862881665133,0.46411817245383924,0.6277981839565699,0.3604449244594843,0.6471354826057304,0.47585727361337815,0.7005039647006966,0.3154883966531567,0.3154883966531567,0.29718477682539346,0.2971847768253935,0.4716864316019287,0.4716864316019288,0.8954610462960776,0.8954610462960777,0.6315791124783591,0.6071429806856932,0.4489796352803577,0.5925257324342189,0.6049064662294825,0.5389525024182056,0.5951818369641407,0.5735981264707558,0.633004417111862,0.5117471953887331,0.5569277405292128,0.6326799011735211,0.5112175899891813,0.355711380787199,0.7140818906847901,0.10096919374905369,0.2790073015123956,0.20548717971187214,0.06809874254873297,0.49524159531725115,0.47064489963768585,0.348958395941826,0.6806452060535033,0.49524159531725126,0.4706448996376859,0.348958395941826,0.6806452060535035,0.5833335402940001,0.7222223601960001,0.5833335402940001,0.7222223601960001,0.5833335402940001,0.5833335402940001,0.49333327107960173,0.6590908378947675,0.5782557288538206,0.49319067596315264,0.47956616852414974,0.4276857079438607,0.4954186617860473,-0.13333339956071377,SELL,0.0,1.0
0.7321428369483617,0.7321428369483617,0.7413792926264428,0.7413792926264428,0.009515147881207858,0.0,0.0,HPR,2023-05-22 00:00:00+10:00,Energy,0.45194266927363935,0.5250884002953726,0.4615384615384615,0.48322139475873116,0.6859206080104232,0.4671181375747484,0.6166007968866765,0.5731142018760078,0.5736841976271118,0.6292267536614632,0.4734990350572279,0.7054028080813034,0.36622360079078575,0.7221315243993066,0.4792076867680217,0.7854942357301057,0.3220446834897318,0.32204468348973186,0.32132224409294474,0.3213222440929448,0.40907991573308317,0.4090799157330832,0.9032498797255023,0.9032498797255022,0.7727273343023611,0.6666667419250909,0.5,0.617082822581285,0.6159630046778346,0.5822655075735763,0.6349367542009624,0.5681843648140784,0.7627035824762984,0.5386449643560649,0.5460925404761179,0.7611457379229305,0.5279991739888499,0.35352007442555067,0.7731385450555712,0.10995539636121283,0.2609857222037533,0.08172580765215082,0.03152354813635836,0.5820245080669256,0.5572665764668779,0.5323129111374298,0.7612902878825982,0.5820245080669257,0.5572665764668778,0.5323129111374297,0.7612902878825984,1.0,0.7222223601960001,1.0,0.7222223601960001,1.0,1.0,0.5599998648961573,0.715908961024238,0.6571428258634465,0.607957733264012,0.5043451696228757,0.4401169992688474,0.5052570870196632,-0.1875000116415324,SELL,0.0,1.0
0.7321428369483617,0.7321428369483617,0.6551724758074503,0.6551724758074503,0.010287016677331439,0.0,0.0,HPR,2023-05-23 00:00:00+10:00,Energy,0.24591013890949706,0.30555806611542324,0.2692309841513281,0.34479870876865987,0.6859206080104232,0.3421212940139502,0.6264822246566839,0.4504827210956126,0.5736841976271118,0.5311476540646493,0.480534684193922,0.6141126096033122,0.37055760938471494,0.6405708470154546,0.48137560150770486,0.6977047810121132,0.31581335766618357,0.3158133576661836,0.3611187463987263,0.3611187463987264,0.4089312176886065,0.4089312176886066,0.9141102609839086,0.9141102609839087,0.6296297113918908,0.5675676437605478,0.5510204485037786,0.6099328746921936,0.6231278721783375,0.5443872848230895,0.6409109943608119,0.579714261032379,0.5601725489022429,0.5386449643560649,0.5460925404761179,0.5955564423403364,0.5361270143530601,0.35706500684279163,0.6986055335798304,0.06955542020644709,0.2535722267103177,0.13967492240370427,0.035073295459829734,0.37374541401431466,0.47064489963768585,0.4047619161547397,0.6806452060535033,0.37374541401431466,0.4706448996376859,0.4047619161547397,0.6806452060535035,0.5833335402940001,0.7222223601960001,0.5833335402940001,0.7222223601960001,0.5833335402940001,0.5833335402940001,0.5466664070553611,0.6590907532290856,0.5733461354760385,0.5171720838162659,0.44558252692917066,0.4716875212841545,0.5147019752439342,-0.10666667991214274,SELL,0.0,1.0
0.7321428369483617,0.7321428369483617,0.7413792926264428,0.7413792926264428,0.011710951238409671,0.0,0.0,HPR,2023-05-24 00:00:00+10:00,Energy,0.45194266927363935,0.5250884002953726,0.4615384615384615,0.48322139475873116,0.6859206080104232,0.4671181375747484,0.6462450654722316,0.5372229862681348,0.5852631443970099,0.617272503415987,0.48991554679731064,0.6909812232784248,0.3763362857160164,0.7151734883090438,0.48472601466234844,0.7825162274244862,0.31581335766618357,0.3158133576661836,0.3811260890745954,0.38112608907459544,0.39040718568253907,0.3904071856825391,0.9217521444467568,0.9217521444467567,0.6875000582077055,0.5789473890597949,0.5510203802352134,0.6265275751168138,0.6327598120681034,0.5683996740395316,0.6669237878232989,0.5883723038445031,0.6997148556126197,0.5608829827551156,0.542387848386648,0.7200929048328384,0.5511629020122288,0.3569052569822677,0.7568429462686553,0.07895637063147512,0.2402545222800071,0.14007642569786075,0.04213245497926383,0.37374541401431466,0.5572665764668779,0.5471014653896922,0.7612902878825982,0.37374541401431466,0.5572665764668778,0.5471014653896921,0.7612902878825984,1.0,0.8611111800980001,1.0,0.8611111800979999,1.0,1.0,0.5599996662140356,0.6590906685634038,0.6164965718643045,0.5688198809606487,0.46752690591544876,0.4581662791950112,0.5237690679392347,-0.16249996041878967,SELL,0.0,1.0
0.6428572046285402,0.6428572046285402,0.6551724758074503,0.6551724758074503,0.002342190247681934,0.0,0.0,HPR,2023-05-25 00:00:00+10:00,Energy,0.24591013890949706,0.30555806611542324,0.4615384615384615,0.48322139475873116,0.6859206080104232,0.3421212940139502,0.660079055515562,0.4129611071626198,0.5915789385350462,0.5138992390481326,0.4969511959340045,0.600714417975298,0.38067029430994515,0.6340785376306427,0.4870910129606525,0.6948182858434105,0.31581335766618357,0.3158133576661836,0.4071641480583222,0.40716414805832224,0.4166340581062629,0.41663405810626297,0.9324677009429422,0.9324677009429421,0.5,0.5641026522751895,0.5625000873115448,0.6130316551940627,0.6372935859019091,0.5187784516714484,0.6602689597906205,0.6198932149919535,0.49599183248556233,0.5651356493220221,0.5491708377681532,0.5605636846375982,0.558183185039395,0.3617391107635739,0.6854548640058287,0.05272108298064101,0.2422037493968361,0.041956340232354214,0.008358948819553168,0.37374541401431466,0.5088603162665821,0.4824017316348462,0.6806452060535033,0.37374541401431466,0.5088603162665822,0.4824017316348462,0.6806452060535035,0.5833335402940001,0.7222223601960001,0.5833335402940001,0.722222360196,0.5833335402940001,0.5833335402940001,0.5733329253727103,0.63636335157907,0.5218750383339104,0.4672066299125723,0.6085366460613146,0.5031158731794807,0.5324734769267229,-0.10666667991214274,SELL,0.0,1.0
0.6607142512648524,0.6964286106296506,0.6551724758074503,0.6551724758074503,0.04010157610666147,0.0,0.0,HPR,2023-05-26 00:00:00+10:00,Energy,0.34560330195783223,0.41532323320539793,0.423077137997482,0.4540799066431816,0.6859206080104232,0.3421212940139502,0.6739130455588922,0.3980002142931085,0.5978947326730825,0.5079077253438123,0.5039868450706984,0.5950580759697305,0.38500430290387433,0.6313179639991083,0.489456011258957,0.6936276219265135,0.31581335766618357,0.3158133576661836,0.4071641480583222,0.40716414805832224,0.4166340581062629,0.41663405810626297,0.9324677009429422,0.9324677009429421,0.4,0.5641026522751895,0.5625000873115448,0.6003666945232022,0.6379441169011089,0.48098226102364283,0.645852246498246,0.6593622230622175,0.4611192547665305,0.5685944212481664,0.5568411045158468,0.5522511304981015,0.5647605697037232,0.36708838811969424,0.6811026541549504,0.06984552247662178,0.27553329148342715,0.5422291332485641,0.12586628976072506,0.37374541401431466,0.5088603162665821,0.4824017316348462,0.6806452060535033,0.37374541401431466,0.5088603162665822,0.4824017316348462,0.6806452060535035,0.5833335402940001,0.7222223601960001,0.5833335402940001,0.7222223601960001,0.5833335402940001,0.5833335402940001,0.6133329015308556,0.6704542423898887,0.5344339925744135,0.4798521943215071,0.6849204965759665,0.5754465291408764,0.5408297095547118,-0.10666667991214274,SELL,0.0,1.0
0.5892856655813431,0.6428572046285402,0.6034482315661068,0.6551724758074503,0.06983322200122356,0.0,0.0,HPR,2023-05-29 00:00:00+10:00,Energy,0.34560330195783223,0.41532323320539793,0.5769232918436358,0.5755034623500835,0.6678700833900195,0.36679172398657967,0.6877470356022224,0.3833131155079481,0.6042105268111188,0.5019653896282298,0.5114915365512669,0.5890802363875661,0.3893383114978033,0.6285703640079677,0.49182100955726193,0.6924391431320652,0.2630397671228053,0.2630397671228053,0.4071641480583222,0.40716414805832224,0.4166340581062629,0.41663405810626297,0.9313340351404328,0.9313340351404327,0.5,0.5641026522751895,0.5625000873115448,0.5884971003393877,0.6356749787182822,0.452564678674945,0.6165697747075086,0.7140536269065668,0.3908910548795223,0.5712302159130351,0.5654311521252888,0.5440858527530823,0.570518328930492,0.37425841849241914,0.6769316361762601,0.12681052627737074,0.33365018020117393,0.5200762967304392,0.18111770770982097,0.2999799325194893,0.5088603162665821,0.4824017316348462,0.7011481783737117,0.2999799325194893,0.5088603162665822,0.4824017316348462,0.7011481783737117,0.5833335402940001,0.5833335402940001,0.5833335402940001,0.5833335402940001,0.5833335402940001,0.5833335402940001,0.6533329770300619,0.7045452178663892,0.48807052813853896,0.43788049394802653,0.5146494797176763,0.4615301621914559,0.5488516928775807,-0.10666667991214274,SELL,0.0,1.0
0.6428572046285402,0.6428572046285402,0.6034482315661068,0.6034482315661068,0.04574438085137678,0.0,0.0,HPR,2023-05-30 00:00:00+10:00,Energy,0.2817994914185601,0.3458942105375842,0.34615363123328724,0.3946306172049524,0.6570397363408935,0.30531832695536054,0.6818181701055377,0.32570784619941495,0.6073684199587791,0.4414502527970713,0.5180581398494422,0.5340613604828958,0.39280551686603915,0.5798074631390081,0.49339767362108056,0.6399193536280298,0.24070440960491316,0.24070440960491318,0.35502056282005096,0.355020562820051,0.42689835274986726,0.42689835274986726,0.9349324758619032,0.9349324758619031,0.43478243968427666,0.5238094984673969,0.5294117647058824,0.5628344200330304,0.6278284878386676,0.3982794601562208,0.6240030929700581,0.6958534867924361,0.2346653195605347,0.5701760001403882,0.5723773042711171,0.4444357285158246,0.5724140193057861,0.3841891047203232,0.6341005766738933,0.16029682229073736,0.3717197553291139,0.26950895817219755,0.10652279591927402,0.3265353680921874,0.33551481186303195,0.4435817756896888,0.672302511358394,0.3265353680921875,0.33551481186303195,0.4435817756896889,0.672302511358394,0.3333329194119999,0.5,0.3333329194119999,0.49999999999999994,0.33333291941199983,0.33333291941199983,0.6933330525292681,0.7386361933428898,0.45852011644625035,0.4137336233980021,0.44341676752841763,0.4091859501808783,0.5565527968675353,-0.0694443812064891,SELL,0.0,1.0
0.5892856655813431,0.5892856655813431,0.6034482315661068,0.6034482315661068,0.0,0.0,0.0,HPR,2023-05-31 00:00:00+10:00,Energy,0.34560330195783223,0.41532323320539793,0.4615384615384615,0.48322139475873116,0.6281588646713634,0.3451698572879698,0.6660078915633127,0.3419709564881812,0.6094736794429806,0.4395668333203452,0.5246247431476179,0.5291256412449276,0.396272722234275,0.5777140863744589,0.49438308847741963,0.6394451606551103,0.14265720737006685,0.14265720737006685,0.31511915342135643,0.3151191534213565,0.42623191354768153,0.4262319135476816,0.9349324758619032,0.9349324758619031,0.27777763980399994,0.5499999441206131,0.5294117647058824,0.5412091455022049,0.6164689760281378,0.3640866953691889,0.6079865149473654,0.6840183829589431,0.28009042311497884,0.5697683056051297,0.5766782382736495,0.4405306544443255,0.5738816836281961,0.39461790685201525,0.6310763598919925,0.1492368806142338,0.3594025891778716,0.0,0.0,0.2557205117195086,0.2627526074139286,0.43027207713811105,0.672302511358394,0.2557205117195086,0.2627526074139286,0.43027207713811105,0.672302511358394,0.3333329194119999,0.41666645970599997,0.3333329194119999,0.4166664597059998,0.33333291941199983,0.33333291941199983,0.5999997417132419,0.7386361933428898,0.42899051311957304,0.38802590952013616,0.3962479389927904,0.4091859501808783,0.5639458566978915,-0.09722221647331719,SELL,0.0,1.0
0.5892856655813431,0.5892856655813431,0.6034482315661068,0.6034482315661068,0.0003590577649696405,0.0,0.0,HPR,2023-06-01 00:00:00+10:00,Energy,0.34560330195783223,0.41532323320539793,0.4615384615384615,0.48322139475873116,0.6173285176222372,0.3605633564871096,0.6600790260666283,0.3481589624348682,0.6073684121160629,0.4414502598229463,0.530956824400195,0.5244046257467082,0.39973992760251087,0.5756285359258874,0.4953685033337587,0.6389713297856033,0.08746637379946053,0.08746637379946053,0.28906279999194034,0.2890627999919404,0.4094394640277845,0.4094394640277846,0.935025108412966,0.9350251084129659,0.38461512009765997,0.5499999441206131,0.5199999761581301,0.5229935224995698,0.6031003754321894,0.34453192993311044,0.6099471180214965,0.6714222513161009,0.3136850600992719,0.5683274922808872,0.5744432305645377,0.4438810895622605,0.5752156571587779,0.4047688338136237,0.6280992688949724,0.14736399009073464,0.3564343061243645,0.002301088326217172,0.0008718791920107843,0.3265353680921874,0.33551481186303195,0.3806305931043426,0.6620346721918426,0.3265353680921875,0.33551481186303195,0.3806305931043426,0.6620346721918429,0.3333329194119999,0.3333329194119999,0.3333329194119999,0.3333329194119999,0.33333291941199983,0.33333291941199983,0.5999997417132419,0.6704543270555706,0.41363626203752835,0.38748858915134565,0.3962479389927904,0.3871068972644578,0.5710431941350337,-0.09722221647331719,SELL,0.0,1.0
0.6964286106296506,0.6964286106296506,0.6896551768433893,0.6896551768433893,0.033994549254855594,0.0,0.0,HPR,2023-06-02 00:00:00+10:00,Energy,0.4563736504757486,0.5295119050949879,0.42307685143673673,0.454826914231096,0.624548722090918,0.4810445283316682,0.664031588339951,0.451744767809241,0.6147368320748422,0.5303613508097299,0.5370543836071742,0.6019675661082152,0.4046518028608441,0.6498162493074487,0.49733933451482004,0.7241075239447033,0.19326165158114172,0.19326165158114175,0.328208682933279,0.32820868293327904,0.416068069794355,0.416068069794355,0.926885563674216,0.9268855636742159,0.384615472787909,0.6,0.5294117647058824,0.5319093324322404,0.594500866790325,0.39095022422754183,0.6154688370939269,0.6728270321564319,0.600110882396002,0.5745925853958409,0.580899714337646,0.5951959879189903,0.5829882919289955,0.40699330194977157,0.6921536381090825,0.14159645170527158,0.3375575034182135,0.22673430891260793,0.08714980840972635,0.40521866071521967,0.4163618278399581,0.49404762214591436,0.6352821685595611,0.4052186607152197,0.4163618278399582,0.49404762214591436,0.6352821685595611,0.6250002328306055,0.4305553572182017,0.75,0.4722219462746665,0.6250002328306055,0.75,0.6799997933705935,0.6931816440399043,0.5473684280108322,0.49821953392838375,0.4600671738565245,0.43378232634000485,0.57785663807469,-0.15584418223346153,SELL,0.0,1.0
0.6607142512648524,0.6607142512648524,0.6724137620962748,0.6724137620962748,0.017058054464355144,0.0,0.0,HPR,2023-06-05 00:00:00+10:00,Energy,0.3248877781200611,0.3930905649122791,0.4615384615384615,0.48322139475873116,0.6281588108765568,0.44950346333747504,0.6561264490688385,0.4389452957136657,0.6210526183701622,0.5053735568428218,0.542213858126404,0.5815519687038814,0.40927474371061257,0.6314833892533235,0.49911308213726047,0.7059929980231511,0.19766316566753883,0.19766316566753886,0.2931381903295553,0.2931381903295553,0.4177345955610881,0.41773459556108816,0.9274636563434834,0.9274636563434833,0.5555551876260906,0.5128204491403077,0.5625,0.5328773894386637,0.587848770265811,0.4099046813120404,0.592413760382413,0.6823172482002512,0.5768571539958189,0.5776468042093397,0.589022105875509,0.5540033861503448,0.5892807196024477,0.4092065375291112,0.6747516182032273,0.0917550457389418,0.31081985759531455,0.17557378886883948,0.04748074725228164,0.3894819787411773,0.3233878505729713,0.4812924941377703,0.6024813685749681,0.3894819787411773,0.32338785057297126,0.48129249413777037,0.6024813685749681,0.5,0.4861110507475352,0.666666459706,0.5833331263726665,0.5,0.6666664597059999,0.5999998410543027,0.6590907532290856,0.5008012061057806,0.4655007023346014,0.3379157015931662,0.47508530703890245,0.58439754425676,-0.14473684597502467,SELL,0.0,1.0
0.6607142512648524,0.6607142512648524,0.6724137620962748,0.6724137620962748,0.0,0.0,0.0,HPR,2023-06-06 00:00:00+10:00,Energy,0.34560330195783223,0.41532323320539793,0.4615384615384615,0.48322139475873116,0.6425992467113215,0.42824515694173315,0.6581027228432663,0.4367505937834222,0.6273684046654827,0.4995295682211677,0.547373332645634,0.5775767481604527,0.41389768456038123,0.628590719908828,0.5008868297597009,0.7050962837551592,0.1613114049199048,0.1613114049199048,0.25891630720254905,0.25891630720254905,0.4177345955610881,0.41773459556108816,0.9274636563434834,0.9274636563434833,0.5555551876260906,0.44117643836252834,0.5625,0.5324580433505506,0.5824285393546405,0.4218946158995682,0.5949708620816813,0.683228271565438,0.5692044331874493,0.5798005882245936,0.5981508468395935,0.545476469844546,0.5953187871319334,0.4117157850734834,0.6711219862228514,0.048553586357517706,0.31081985759531455,0.0,0.0,0.4393148055351237,0.4001924005502975,0.4812924941377703,0.6024813685749681,0.4393148055351237,0.4001924005502975,0.48129249413777037,0.6024813685749681,0.5,0.5416667442768686,0.666666459706,0.6944443064706666,0.5,0.6666664597059999,0.5333332472377472,0.6590907532290856,0.5117752791335954,0.46061348362922105,0.33370548411852485,0.47508530703890245,0.5906768141915474,-0.14473684597502467,SELL,0.0,1.0
0.6071428452637423,0.6071428452637423,0.6206896463132213,0.6206896463132213,0.029277378096024178,0.0,0.0,HPR,2023-06-07 00:00:00+10:00,Energy,0.2826391670880358,0.34682656599235606,0.4615384615384615,0.48322139475873116,0.6462093623943639,0.34579764693790915,0.6442687327999361,0.386737900636402,0.6305262978131431,0.43991480057928933,0.5511256783859182,0.5258856688004404,0.41765382433718146,0.5802949243425121,0.5014780789671813,0.6532306702895941,0.19697623713110007,0.19697623713110007,0.222203414539533,0.22220341453953302,0.42771487667292196,0.42771487667292196,0.931801397727663,0.9318013977276629,0.41666656318646184,0.46874992724040193,0.5294117647058824,0.5164050130130056,0.5743196107148298,0.39572511368858343,0.5605018856335863,0.6938177463502874,0.3790684960631078,0.5782964116436875,0.6055998869258881,0.437470143077055,0.5983770938774648,0.4150919916896869,0.6286550398832774,0.07620344054877662,0.33518519655567675,0.36284206936089003,0.07558634954054684,0.3901377924276392,0.2779114464391701,0.44302720514625515,0.5578163773520028,0.3901377924276392,0.27791144643917,0.44302720514625504,0.5578163773520028,0.1250002328306055,0.3750000776102019,0.41666645970599997,0.5833331263726665,0.12500023283060546,0.4166664597059999,0.5066666295793373,0.6931816440399043,0.41326527353973275,0.3877207551696557,0.3363243811823554,0.44145133260029396,0.5967049133289434,-0.10958906066956842,SELL,0.0,1.0
0.6071428452637423,0.6071428452637423,0.6206896463132213,0.6206896463132213,4.297919104496349e-05,0.0,0.0,HPR,2023-06-08 00:00:00+10:00,Energy,0.34560330195783223,0.41532323320539793,0.4615384615384615,0.48322139475873116,0.6498194780774058,0.34078795436880194,0.6403161558021464,0.391039739280334,0.6357894504450047,0.43529029059184043,0.5548780241262024,0.5231367994615027,0.4214099641139817,0.5780565030605161,0.5020693281746618,0.6529439579506501,0.19697623713110007,0.19697623713110007,0.18364011890582999,0.18364011890582999,0.42224672875075303,0.4222467287507531,0.931801397727663,0.9318013977276629,0.5555556475379979,0.46874992724040193,0.5294117647058824,0.5028377765719336,0.5646439290913381,0.3804756696050171,0.5578612327624154,0.689462754735786,0.39892511350866633,0.5722584303369294,0.6219613094293295,0.42369991774486127,0.6013096686430635,0.4186145190693047,0.6265146256624632,0.07590493272292778,0.3129177132798018,0.0005347468913283578,0.00011883217441594061,0.3901377924276392,0.3516842391526926,0.47041311136996666,0.5578163773520028,0.3901377924276392,0.35168423915269265,0.4704131113699666,0.5578163773520028,0.1250002328306055,0.2500001552204037,0.41666645970599997,0.49999979303933323,0.12500023283060546,0.4166664597059999,0.5066666295793373,0.6931816440399043,0.42380951434847053,0.3822404326409536,0.3636500774276011,0.44145133260029396,0.6024918885008433,-0.10958906066956842,SELL,0.0,1.0
0.6071428452637423,0.6071428452637423,0.6206896463132213,0.6206896463132213,0.0,0.0,0.0,HPR,2023-06-09 00:00:00+10:00,Energy,0.34560330195783223,0.41532323320539793,0.4615384615384615,0.48322139475873116,0.6353790422426409,0.3609887255215267,0.6363635788043569,0.39536486261952053,0.6410526030768661,0.4306966724251863,0.5586303698664867,0.5204006233164394,0.4251661038907819,0.5758270251446412,0.5026605773821413,0.6526573766052913,0.08385217727940233,0.08385217727940235,0.18364011890582999,0.18364011890582999,0.42224672875075303,0.4222467287507531,0.931801397727663,0.9318013977276629,0.5555556475379979,0.37037036015009334,0.5510203802352134,0.49137271183255515,0.554208892330574,0.3730847510454148,0.5544144169364359,0.6859332663445378,0.41730239170228517,0.5644329924846638,0.6403204400094384,0.405848491967968,0.6041164496866982,0.42228343906471055,0.624395219993023,0.04380013402437324,0.3129177132798018,0.0,0.0,0.3124337774967696,0.3516842391526926,0.47041311136996666,0.5578163773520028,0.31243377749676965,0.35168423915269265,0.4704131113699666,0.5578163773520028,0.1250002328306055,0.1250002328306055,0.41666645970599997,0.41666645970599997,0.12500023283060546,0.4166664597059999,0.44000003576278185,0.6136362039261001,0.4338624426226678,0.37683318837625435,0.33883274913047073,0.4042549115308196,0.6080473846658673,-0.10958906066956842,SELL,0.0,1.0
0.5714286189450309,0.5714286189450309,0.5689655305301679,0.5689655305301679,0.013913898275866914,0.0,0.0,HPR,2023-06-13 00:00:00+10:00,Energy,0.2800516010460142,0.3439517546606209,0.42307685143673673,0.45202745878213024,0.6137184019391952,0.31301239847593676,0.6264821510343495,0.33997789240293375,0.6431578625610673,0.37261133426192117,0.5609755868278254,0.4701764114382522,0.4280554425946139,0.5284159188558893,0.5026605773821413,0.6011139546467305,0.10792286071929244,0.10792286071929245,0.20033128916322532,0.20033128916322535,0.43262860427426675,0.43262860427426675,0.9363017427259365,0.9363017427259364,0.4166668218870704,0.3999999403953517,0.519230744432229,0.46713383732684605,0.5401643019440656,0.33795241891919936,0.55645351684015,0.6661977858680687,0.23107205782639034,0.5587086812006774,0.6505633636207135,0.2573580830917561,0.6050681387514458,0.4255104832735943,0.5827541676446363,0.040830760883065566,0.32449719442868014,0.3218257859352399,0.03710156321012263,0.2805679165098212,0.30317607775508776,0.43102237467523097,0.5131513861290373,0.28056791650982127,0.30317607775508776,0.43102237467523097,0.5131513861290375,0.0,0.083333488553737,0.16666645970599994,0.33333312637266654,0.0,0.16666645970600003,0.4133334181043718,0.6477270947369188,0.3604652044967357,0.2977022695909716,0.33556725783060887,0.39074494103765506,0.7413792926264428,-0.07142860944173757,SELL,0.0,1.0
0.553571439262632,0.553571439262632,0.5689655305301679,0.5689655305301679,1.639533173377354e-06,0.0,0.0,HPR,2023-06-14 00:00:00+10:00,Energy,0.34560330195783223,0.41532323320539793,0.4615384615384615,0.48322139475873116,0.5920577616357494,0.3438621721327195,0.6225295887610265,0.3442048469328651,0.6378947020864899,0.3770044143955952,0.5656660190031806,0.4669231186378745,0.43094478129844593,0.5267822386386966,0.5026605773821413,0.6011139546467305,0.10792286071929244,0.10792286071929245,0.1847285874130229,0.1847285874130229,0.3741466132361251,0.37414661323612514,0.9216491963469385,0.9216491963469384,0.0,0.25000009313224214,0.519230744432229,0.4477146850923251,0.5243647879920893,0.32087148206362914,0.5605651928492145,0.6549284997894219,0.2696351705699497,0.5617461071644658,0.6375554257394342,0.28430307987911496,0.6043208114515581,0.4350493305265364,0.5801427998608086,0.040832309274900266,0.28033657694471714,3.792064833474182e-05,5.0581170887448546e-06,0.2805679165098212,0.35033690958088737,0.34523807625930025,0.6000000040537574,0.28056791650982127,0.35033690958088737,0.34523807625930025,0.6000000040537575,0.0,0.0416667442768685,0.0,0.19444430647066654,0.0,0.0,0.3466668242878164,0.6477270947369188,0.35660386307671565,0.28005935688651407,0.3024040227562807,0.3907434096012144,0.7379310173845174,-0.07142860944173757,SELL,0.0,1.0
0.535714259580233,0.5714286189450309,0.5517241157830534,0.5689655305301679,0.04719899810469965,0.0,0.0,HPR,2023-06-15 00:00:00+10:00,Energy,0.34560330195783223,0.41532323320539793,0.5000000716401862,0.5153195046476325,0.5812274414840264,0.359677013788374,0.6185770264877037,0.3484549628184763,0.6273683889800507,0.38587937695184593,0.570356451178536,0.4636884693523312,0.43527878881601256,0.5243410824699363,0.50246349382352,0.6012055422678245,0.08986249452318246,0.08986249452318247,0.1847285874130229,0.1847285874130229,0.343377377694325,0.34337737769432514,0.9216491963469385,0.9216491963469384,0.0,0.3333333333333333,0.4444443892549334,0.43229296942052464,0.5081008029476568,0.3163507145740394,0.5634697596157575,0.6448952821316526,0.2991952079932788,0.5497406657542754,0.6317465719182878,0.2994556825706095,0.6032979117929924,0.4449088754883612,0.5774502349025787,0.05775766982070397,0.318154799235942,0.7717612140360957,0.12835789036505693,0.32524205999573846,0.35033690958088737,0.2931547925751079,0.6000000040537574,0.32524205999573846,0.35033690958088737,0.2931547925751079,0.6000000040537575,0.11111129507599589,0.037037098358665296,0.09090927563423067,0.08585857844674344,0.11111129507599582,0.09090927563423068,0.3066669474707318,0.5909089716074483,0.3747715433803996,0.29620879355612045,0.30526063370374446,0.29638955531764427,0.7345517076474305,-0.07142860944173757,SELL,0.0,1.0
0.553571439262632,0.553571439262632,0.5517241157830534,0.5689655305301679,0.036928610978126754,0.0,0.0,HPR,2023-06-16 00:00:00+10:00,Energy,0.34560330195783223,0.41532323320539793,0.4615384615384615,0.48322139475873116,0.5703971213323036,0.37576066282799525,0.614624464214381,0.35272843094973916,0.6221052285054728,0.39036186645275117,0.5727016681398744,0.4620780854191301,0.4396127963335792,0.5219110943817774,0.5022664102648986,0.6012971438393101,0.08986249452318246,0.08986249452318247,0.1847285874130229,0.1847285874130229,0.3212509012574028,0.32125090125740285,0.9079143784229796,0.9079143784229797,0.0,0.3333333333333333,0.3749999767169265,0.42017889453913904,0.49224259467458403,0.32030020134681747,0.5654074762971154,0.6358521097953188,0.32311046731865933,0.5502793020169117,0.6215313466097607,0.3185950323597394,0.6039606236390822,0.44847221733024134,0.5760631951370658,0.09259283632093694,0.32381964308287037,0.3766567286835039,0.09867596401401708,0.32524205999573846,0.35033690958088737,0.34523807625930025,0.5131513861290373,0.32524205999573846,0.35033690958088737,0.34523807625930025,0.5131513861290375,0.11111129507599589,0.07407419671733059,0.09090927563423067,0.06060618375615369,0.11111129507599582,0.09090927563423068,0.2800003298123218,0.5454545069701446,0.3777777938747128,0.2987615570746409,0.14507551073359948,0.26539077816279305,0.7272386039728552,-0.07142860944173757,SELL,0.0,1.0
0.553571439262632,0.553571439262632,0.5689655305301679,0.5689655305301679,0.007207504939679232,0.0,0.0,HPR,2023-06-19 00:00:00+10:00,Energy,0.34560330195783223,0.41532323320539793,0.4615384615384615,0.48322139475873116,0.5595668011805808,0.39212003143826935,0.6007904741710506,0.3678722984218996,0.6168420680308954,0.39487476634666707,0.5773921003152298,0.4588711023513955,0.4439468038511458,0.5194921979096095,0.5020693267062772,0.6013887593643746,0.08986249452318246,0.08986249452318247,0.09077948464673323,0.09077948464673324,0.3212509012574028,0.32125090125740285,0.8929476679949456,0.8929476679949455,0.0,0.3333333333333333,0.42857136775034343,0.4107943282528802,0.4773504902499789,0.32970343642571986,0.5426217307501057,0.6344780668951525,0.3506236400772422,0.5498815089074949,0.6123626992023761,0.3347375145460564,0.6025212820777541,0.45881639712532407,0.5732383528508097,0.09939967742574106,0.3115346391790558,0.068479432804035,0.020016057647719104,0.32524205999573846,0.27377722828158196,0.34523807625930025,0.6000000040537574,0.32524205999573846,0.27377722828158196,0.34523807625930025,0.6000000040537575,0.11111129507599589,0.11111129507599589,0.09090927563423067,0.09090927563423067,0.11111129507599582,0.09090927563423068,0.24000025431311564,0.4886363838406741,0.40766553751845697,0.31832280263768314,0.23283330314050588,0.30324212930462097,0.7202180244452633,-0.07142860944173757,SELL,0.0,1.0
0.553571439262632,0.553571439262632,0.5689655305301679,0.5689655305301679,0.0,0.0,0.0,HPR,2023-06-20 00:00:00+10:00,Energy,0.34560330195783223,0.41532323320539793,0.4615384615384615,0.48322139475873116,0.5595668011805808,0.39212003143826935,0.5889327726266154,0.38108875982887436,0.6063157549244561,0.4039930368017469,0.5825515748344599,0.45536449134155965,0.4482808113687127,0.5170843172852747,0.5018722431476559,0.6014803888462067,0.0,0.0,0.09210977109222784,0.09210977109222786,0.28525985151140026,0.2852598515114003,0.891893904035188,0.8918939040351879,0.0,0.4166668218870704,0.42857136775034343,0.4036552124760363,0.4637589891886321,0.34236240594388095,0.5202693311297771,0.636189779434729,0.37577400124804666,0.5319061581266478,0.6132259718710815,0.34263433960327916,0.5999887830485506,0.47129965321097544,0.5699875878908958,0.08625925012047042,0.30361590401693805,0.0,0.0,0.37374541401431466,0.2882832946170151,0.2931547925751079,0.6191361108736894,0.37374541401431466,0.28828329461701513,0.2931547925751079,0.6191361108736895,0.11111129507599589,0.11111129507599589,0.09090927563423067,0.09090927563423067,0.11111129507599582,0.09090927563423068,0.20000017881390944,0.4886363838406741,0.42023028939971974,0.3282659790583774,0.3096735683546847,0.3237736516215719,0.7134782680987749,-0.07142860944173757,SELL,0.0,1.0
0.4642856738967237,0.4642856738967237,0.4827585852528856,0.4827585852528856,0.016969168344455613,0.0,0.0,HPR,2023-06-21 00:00:00+10:00,Energy,0.23166809172914055,0.2892824420329456,0.4615384615384615,0.48322139475873116,0.5415162496627737,0.28052847823751836,0.5671936433121727,0.29069012708243336,0.5957894339753008,0.31657404034705394,0.5872420052624931,0.37261239701598725,0.4511701489961819,0.44023840624665955,0.5006897432643118,0.5160592051374143,0.15618972601407413,0.15618972601407416,0.15484944434100859,0.15484944434100856,0.2933234587968779,0.29332345879687793,0.893137212558513,0.8931372125585129,0.0,0.29411772440046946,0.28571425530374955,0.37410424215550997,0.44594079160106087,0.30122332849759104,0.5097604767101674,0.6081263524604045,0.09910801861241714,0.5404933752908554,0.5844022111630829,0.1938108205286171,0.5923330334010366,0.48887818317934073,0.4903736671621751,0.10228355721788937,0.30917695151989527,0.15668049290017863,0.047483530415120066,0.2894418832129219,0.2085000494303588,0.28571423636386084,0.6146626940643442,0.28944188321292186,0.2085000494303588,0.28571423636386084,0.6146626940643442,0.0,0.07407419671733059,0.0,0.06060618375615369,0.0,0.0,0.2666668719715256,0.488636468506356,0.3072775274307227,0.2158112705336358,0.2792348307569998,0.28844290367753816,0.7070081020061459,0.0,HOLD,0.0,0.5
0.4642856738967237,0.4642856738967237,0.39655170420474806,0.39655170420474806,0.029244587432556632,0.0,0.0,HPR,2023-06-22 00:00:00+10:00,Energy,0.22290393118366686,0.27918890742803504,0.2692308408709555,0.31285488262773453,0.5054151600758614,0.19100548846060894,0.5415019443621736,0.20148694166574876,0.5747368038410644,0.23608926326618895,0.5895872204765098,0.29167689788067064,0.45203695006915035,0.3645813165517451,0.49852182779043686,0.4309535312350806,0.1988768461665569,0.1988768461665569,0.1965768056000237,0.19657680560002372,0.2825171867030867,0.28251718670308673,0.9081914327221846,0.9081914327221845,0.0,0.227272811938402,0.2857142248932199,0.32733090780124924,0.4206936789375195,0.22891657291293083,0.5392346476108906,0.5320617046267554,0.08706265359675641,0.5449836797584582,0.5409308257430299,0.112602935109204,0.586789695726206,0.499663820400025,0.4076174395262887,0.08532722883539146,0.32376886571647695,0.32368156018348704,0.07815590653634714,0.20513841522252046,0.16806198630961725,0.18154762741857391,0.5266861771019675,0.20513841522252052,0.16806198630961725,0.18154762741857391,0.5266861771019676,0.0,0.037037098358665296,0.0,0.030303091878076796,0.0,0.0,0.3333335154586114,0.4886365108391969,0.2853260305754078,0.18374432061633753,0.24057230752308825,0.2770504925248136,0.6935531310009503,0.08333331781129005,BUY,0.0,0.0
0.37499997505385874,0.37499997505385874,0.39655170420474806,0.39655170420474806,0.0,0.0,0.0,HPR,2023-06-23 00:00:00+10:00,Energy,0.34560330195783223,0.41532323320539793,0.4615384615384615,0.48322139475873116,0.4693140704889489,0.24404668897534676,0.5158102454121747,0.2284950560694945,0.5589473263386892,0.24852192622629576,0.5919324356905267,0.2903284165520522,0.4529037511421188,0.36417128418807043,0.49635391231656145,0.43182049994847327,0.1988768461665569,0.1988768461665569,0.1965768056000237,0.19657680560002372,0.26384280911270835,0.2638428091127084,0.9081914327221846,0.9081914327221845,0.0,0.0,0.1666667287548282,0.2918497477597517,0.39215729339014316,0.1969015817560093,0.5399109524939104,0.48548579858982255,0.19824508261059148,0.5560410555236488,0.49973312712295637,0.18820585678779994,0.5809571518808516,0.5107860216967532,0.4006028427356807,0.05045147234920572,0.32181963859964796,0.0,0.0,0.20513841522252046,0.16806198630961725,0.22619044081711423,0.5266861771019675,0.20513841522252052,0.16806198630961725,0.2261904408171142,0.5266861771019676,0.0,0.0,0.0,0.0,0.0,0.0,0.2533334638012598,0.4318183877097264,0.2862318957948656,0.19088861630234352,0.04853063928309055,0.24969013761781028,0.6697930168572542,0.08333331781129005,BUY,0.0,0.0
0.37499997505385874,0.37499997505385874,0.39655170420474806,0.39655170420474806,0.0,0.0,0.0,HPR,2023-06-26 00:00:00+10:00,Energy,0.34560330195783223,0.41532323320539793,0.4615384615384615,0.48322139475873116,0.43321298090203664,0.3004555853781865,0.49011854646217556,0.2565591268549905,0.5431578488363143,0.2612202444580721,0.5942776509045433,0.2889837434161754,0.4537705522150872,0.36376162421417546,0.4941859968426865,0.4326889258082979,0.1988768461665569,0.1988768461665569,0.1965768056000237,0.19657680560002372,0.26384280911270835,0.2638428091127084,0.9081914327221846,0.9081914327221845,0.0,0.0,0.20000002980231074,0.26562007653926634,0.3631637518015816,0.1924520127683449,0.5244778021586868,0.45540582197781576,0.2592592694818336,0.5600785990182799,0.4663809762220712,0.23476668694918051,0.5748064304130602,0.5222785026362677,0.39286972159888134,0.0436446312444016,0.2884461414415724,0.0,0.0,0.20513841522252046,0.16806198630961725,0.22619044081711423,0.5266861771019675,0.20513841522252052,0.16806198630961725,0.2261904408171142,0.5266861771019676,0.0,0.0,0.0,0.0,0.0,0.0,0.24000010530152446,0.37500026458025587,0.3453389931640315,0.22844855136972322,0.0554447535754224,0.25147460740044025,0.6479337118450538,0.08333331781129005,BUY,0.0,0.0
0.37499997505385874,0.37499997505385874,0.39655170420474806,0.39655170420474806,0.0,0.0,0.0,HPR,2023-06-27 00:00:00+10:00,Energy,0.34560330195783223,0.41532323320539793,0.4615384615384615,0.48322139475873116,0.39711189131512437,0.3605634265077189,0.47035569828439416,0.27890491990081645,0.5273683713339395,0.2741928245064241,0.59662286611856,0.2876428623639369,0.45463735328805543,0.363352336122986,0.4920180813688111,0.4335588124912645,0.1988768461665569,0.1988768461665569,0.19285225885143803,0.19285225885143803,0.26384280911270835,0.2638428091127084,0.9081914327221846,0.9081914327221845,0.0,0.0,0.20000002980231074,0.24693763640328376,0.33557821716275127,0.20615635766051182,0.5151276009186357,0.4296854295438657,0.3056670627275559,0.5589840511448556,0.4387645845495338,0.26752857390066576,0.5683030897599679,0.5341813446344033,0.3842775444094978,0.0436446312444016,0.23032925272382565,0.0,0.0,0.20513841522252046,0.21077954645890998,0.22619044081711423,0.5266861771019675,0.20513841522252052,0.21077954645891,0.2261904408171142,0.5266861771019676,0.0,0.0,0.0,0.0,0.0,0.0,0.24000010530152446,0.34090937376943725,0.378544069020023,0.2570475709659654,0.0554447535754224,0.1455251620278473,0.6278231512338294,0.08333331781129005,BUY,0.0,0.0
0.4642856738967237,0.4642856738967237,0.4827585852528856,0.4827585852528856,0.0005275783532903556,0.0,0.0,HPR,2023-06-28 00:00:00+10:00,Energy,0.47852761839196645,0.5514575589827608,0.4615384615384615,0.48322139475873116,0.39711189131512437,0.5183464511604707,0.4604742705143867,0.4151211103056798,0.5199999513751604,0.38204165897570974,0.6041275558518067,0.36215621072953497,0.4569488231747587,0.43728198255673356,0.4892589159532643,0.5210209190563987,0.2771685628632622,0.2771685628632622,0.2832690593096884,0.2832690593096884,0.31729861172892243,0.3172986117289225,0.8917371811122662,0.8917371811122663,0.33333325054910773,0.2777777317865375,0.3333332919412308,0.2586336243710671,0.3162585519257671,0.2866093164602818,0.4976144238152128,0.42997129536600387,0.49999994446029833,0.5547344178426463,0.4300555702988371,0.3912976395271495,0.5433942968655328,0.577039613703513,0.44830711861505035,0.02811702612767442,0.1926987410039514,0.017720523158619335,0.002364118074987406,0.37374541401431466,0.297401287826342,0.3179563645569596,0.7547069962518265,0.37374541401431466,0.29740128782634195,0.3179563645569596,0.7547069962518267,0.38461529644283504,0.12820509881427833,0.27777767429750866,0.09259255809916946,0.384615296442835,0.27777767429750866,0.26666677263046484,0.3636365637552481,0.46727127303698035,0.351664846041739,0.07701085910367596,0.1931712019312677,0.609321435471503,0.0,HOLD,0.0,0.5
0.4642856738967237,0.4642856738967237,0.4827585852528856,0.4827585852528856,0.0,0.0,0.0,HPR,2023-06-29 00:00:00+10:00,Energy,0.34560330195783223,0.41532323320539793,0.4615384615384615,0.48322139475873116,0.41516242938422976,0.4852629140085194,0.4505928427443797,0.4276963976972341,0.5126315314163815,0.38877225746830135,0.6041275558518067,0.36215621072953497,0.45839349198849333,0.4365456666279631,0.48709100121358073,0.5219669075702481,0.1822212160997727,0.1822212160997727,0.2832690593096884,0.2832690593096884,0.31729861172892243,0.3172986117289225,0.6257096922190217,0.6257096922190217,0.33333325054910773,0.2777777317865375,0.37037039592105586,0.26974463746997546,0.3034141028479116,0.3496335760443532,0.47741375375421014,0.43300912849911766,0.5200642568437692,0.5496778869909507,0.42224836580441405,0.39969072160726005,0.5433942968655328,0.577039613703513,0.44830711861505035,0.0004981397731097205,0.1926987410039514,0.0,0.0,0.4720994626202404,0.297401287826342,0.3179563645569596,0.438709660139591,0.47209946262024044,0.29740128782634195,0.3179563645569596,0.43870966013959106,0.38461529644283504,0.25641019762855666,0.27777767429750866,0.18518511619833902,0.384615296442835,0.27777767429750866,0.26666677263046484,0.3295455882787475,0.47506337723381786,0.36013041581721494,0.07701085910367596,0.2425665109367786,0.5922998569701626,0.0,HOLD,0.0,0.5
0.4642856738967237,0.4642856738967237,0.4827585852528856,0.4827585852528856,0.0,0.0,0.0,HPR,2023-06-30 00:00:00+10:00,Energy,0.34560330195783223,0.41532323320539793,0.4615384615384615,0.48322139475873116,0.43321296745333493,0.45322964769095253,0.4407114149743723,0.44046817406407857,0.5052631114576022,0.39557173634887477,0.5970919084624344,0.36648716174144125,0.45983816080222817,0.4358104616999955,0.4859085013302371,0.5224835740180823,0.1822212160997727,0.1822212160997727,0.2832690593096884,0.2832690593096884,0.31729861172892243,0.3172986117289225,0.44997584379513167,0.4499758437951316,0.5,0.2777777317865375,0.37037039592105586,0.28027071569328327,0.29561235673413244,0.39871496773893894,0.45384031951104686,0.4395006401807665,0.5445434929000313,0.5438265669086739,0.4153294384931041,0.4076844140210327,0.53464928717998,0.5742129161566318,0.4523618409936767,0.0004981397731097205,0.19239992448694151,0.0,0.0,0.4720994626202404,0.297401287826342,0.3179563645569596,0.25725804576815087,0.47209946262024044,0.29740128782634195,0.3179563645569596,0.25725804576815087,0.4545452082453516,0.40792526704367393,0.27777767429750866,0.27777767429750866,0.4545452082453516,0.27777767429750866,0.26666677263046484,0.3295455882787475,0.48333330991723117,0.3668486326596244,0.07701085910367596,0.2425665109367786,0.5766400047489296,0.0,HOLD,0.0,0.5
0.4642856738967237,0.4642856738967237,0.4827585852528856,0.4827585852528856,0.0,0.0,0.0,HPR,2023-07-03 00:00:00+10:00,Energy,0.34560330195783223,0.41532323320539793,0.4615384615384615,0.48322139475873116,0.4512635055224403,0.4221974207710051,0.43082998720436483,0.45344108088068436,0.4926315310242456,0.4073913140471287,0.5900562610730624,0.3708548988620325,0.4612828296159628,0.4350763652602021,0.4847260014468926,0.5230007158715296,0.1822212160997727,0.1822212160997727,0.2832690593096884,0.2832690593096884,0.2758957564368071,0.2758957564368071,0.44997584379513167,0.4499758437951316,1.0,0.33333325054910773,0.37037039592105586,0.29021855629925736,0.2917088770016383,0.43665738484197303,0.4256003131107088,0.45077067751199207,0.5780868430949719,0.5219123486984225,0.4167495939041772,0.4172075765345814,0.5251596949363138,0.5722527275789597,0.45607748506366513,0.0004981397731097205,0.1641088421132858,0.0,0.0,0.4720994626202404,0.297401287826342,0.26561532299109364,0.25725804576815087,0.47209946262024044,0.29740128782634195,0.26561532299109364,0.25725804576815087,0.4545452082453516,0.4312352376445127,0.27777767429750866,0.27777767429750866,0.4545452082453516,0.27777767429750866,0.22666679647231944,0.3295455882787475,0.4899043337429012,0.3725311809496776,0.08953382139640952,0.2425665109367786,0.5622329407053951,0.0,HOLD,0.0,0.5
0.4642856738967237,0.4642856738967237,0.4827585852528856,0.4827585852528856,0.0,0.0,0.0,HPR,2023-07-04 00:00:00+10:00,Energy,0.34560330195783223,0.41532323320539793,0.4615384615384615,0.48322139475873116,0.4693140435915457,0.39212003143826935,0.4209485594343574,0.46661990697000166,0.4810525842543477,0.4184112009979476,0.5877110441117239,0.37231906777579293,0.46099389520739864,0.4352230963174766,0.48354350156354853,0.5235183337870523,0.1822212160997727,0.1822212160997727,0.2832690593096884,0.2832690593096884,0.27611975751495915,0.2761197575149592,0.39191668960051496,0.3919166896005149,1.0,0.33333325054910773,0.2272726810914422,0.2995999960300452,0.2907908962263733,0.4657156983630001,0.3896586467760862,0.46992714160374993,0.636082763476743,0.5008281871351354,0.4191647054855685,0.42673609869395845,0.5256578477023612,0.5673384279588001,0.459654450468888,0.0004981397731097205,0.1499127184827762,0.0,0.0,0.4720994626202404,0.297401287826342,0.27553258764181526,0.3695852031220136,0.47209946262024044,0.29740128782634195,0.27553258764181526,0.3695852031220136,0.4545452082453516,0.4545452082453516,0.3124999563442513,0.28935176831308945,0.4545452082453516,0.3124999563442513,0.22666679647231944,0.2613637219914283,0.497530839277102,0.3789582708196721,0.0895355288886067,0.05165886383094943,0.5489784417853433,0.07692312100935417,BUY,0.0,0.0
0.5000000332615216,0.5000000332615216,0.5172414147471144,0.5172414147471144,4.2276533970658915e-05,0.0,0.0,HPR,2023-07-05 00:00:00+10:00,Energy,0.3946831599693073,0.4668658104596192,0.4615384615384615,0.48322139475873116,0.4765342749576298,0.4392137855858185,0.4249011364321469,0.5126592486927781,0.4715789048113671,0.4696426133360022,0.5839586983714398,0.4065670630875232,0.4612828296159628,0.4650162739513194,0.48275516879744673,0.5584923675951129,0.06728183114100743,0.06728183114100744,0.24684782618860607,0.24684782618860612,0.28640987846952964,0.28640987846952964,0.3747113816233639,0.374711381623364,1.0,0.4117647703337246,0.3043479317189978,0.31813176508711427,0.2944118026258429,0.5098933746742378,0.40132852419251874,0.4650362928814672,0.7366879737988303,0.4775843345557018,0.42783884237747904,0.4902734786564347,0.5220211229663789,0.5646353560691844,0.5042477424273573,3.981579003541283e-05,0.149947902032235,1.0,0.00024310513286089966,0.41006083672949933,0.42133715955955325,0.2990288769334313,0.3354838464436267,0.4100608367294994,0.4213371595595533,0.2990288769334313,0.3354838464436267,0.7000001862644843,0.5363635342517292,0.4375002182787435,0.3425926163068344,0.7000001862644845,0.4375002182787435,0.22666679647231944,0.2727273804835951,0.5593334145545944,0.4163598209737775,0.08996386647103932,0.059282748854597,0.5367843027788956,0.044776097826343175,HOLD,0.0,0.5
0.5000000332615216,0.5178572129439206,0.5172414147471144,0.5172414147471144,0.02774523434550304,0.0,0.0,HPR,2023-07-06 00:00:00+10:00,Energy,0.34560330195783223,0.41532323320539793,0.4615384615384615,0.48322139475873116,0.4837545063237141,0.4272256334465063,0.4387351338377108,0.49382004587414974,0.46526311851604685,0.4760020823054395,0.5830206136836906,0.40717470286363155,0.46157176402452715,0.4648650736836838,0.48157267038248674,0.5590267309418849,0.06728183114100743,0.06728183114100744,0.16297902527190924,0.16297902527190927,0.27739435069074286,0.2773943506907429,0.3483089892823664,0.3483089892823665,1.0,0.4117647703337246,0.3043479317189978,0.33392040564097786,0.30101913541624925,0.538960715048006,0.41291594385407115,0.47787732847595044,0.694038387582095,0.4640711488990794,0.43140566509695266,0.49957754963726403,0.5219939059034748,0.56293320437548,0.5053487724093306,0.02624269781175736,0.14867281511376132,0.9984785778706833,0.1609043558842341,0.41006083672949933,0.5255053654170879,0.3313764290266011,0.41065921771821023,0.4100608367294994,0.5255053654170878,0.331376429026601,0.41065921771821035,0.7000001862644843,0.6181818602581068,0.5384617588929126,0.42948731117196903,0.7000001862644845,0.5384617588929126,0.22666679647231944,0.284091038975762,0.5761773797150043,0.42996720952062434,0.45329572484347436,0.21897769580142026,0.39655170420474806,0.044776097826343175,HOLD,0.0,0.5
0.5000000332615216,0.5000000332615216,0.5172414147471144,0.5172414147471144,0.0,0.0,0.0,HPR,2023-07-07 00:00:00+10:00,Energy,0.34560330195783223,0.41532323320539793,0.4615384615384615,0.48322139475873116,0.49097473768979816,0.41538235352985753,0.45256913124327425,0.47538912317439475,0.45894733222072637,0.482419189940711,0.5820825289959413,0.40778303412053096,0.46186069843309197,0.4647139189961448,0.48039017196752587,0.559561586808132,0.06728183114100743,0.06728183114100744,0.16297902527190924,0.16297902527190927,0.27739435069074286,0.2773943506907429,0.3483089892823664,0.3483089892823665,1.0,0.4117647703337246,0.3500000931322421,0.3473799439139391,0.3094682294002674,0.5568868556903412,0.41752927126874073,0.4978597684164484,0.6627578172220556,0.44922765758327543,0.43645927213376456,0.5102610571818316,0.5219518429637315,0.5612483295912287,0.5064359542615481,0.02624269781175736,0.1486370467961675,0.0,0.0,0.41006083672949933,0.5255053654170879,0.3313764290266011,0.41065921771821023,0.4100608367294994,0.5255053654170878,0.331376429026601,0.41065921771821035,0.7000001862644843,0.7000001862644843,0.5384617588929126,0.5048079120215229,0.7000001862644845,0.5384617588929126,0.22666679647231944,0.2500001481649433,0.5765306860547126,0.4296597848968562,0.39597186301253956,0.27175483624527247,0.3993103267105377,0.0,HOLD,0.0,0.5
0.5000000332615216,0.5000000332615216,0.5172414147471144,0.5172414147471144,0.0,0.0,0.0,HPR,2023-07-10 00:00:00+10:00,Energy,0.34560330195783223,0.41532323320539793,0.4615384615384615,0.48322139475873116,0.49819496905588245,0.4036813355202966,0.46640312864883815,0.4573533505992251,0.4526315459254059,0.48889472341595896,0.5811444443081923,0.4083920580392283,0.4621496328416561,0.46456280986809506,0.4792076735525659,0.560096935875095,0.06728183114100743,0.06728183114100744,0.16297902527190924,0.16297902527190927,0.27739435069074286,0.2773943506907429,0.3483089892823664,0.3483089892823665,1.0,0.4117647703337246,0.3500000931322421,0.35886130190103127,0.31892582524866336,0.5667027570795109,0.41305663249307545,0.5271461516003727,0.6414900306430085,0.4327444929293027,0.4433454208785075,0.5230804836342134,0.5218951007073043,0.5595805378818224,0.5075097604962954,0.02624269781175736,0.1486370467961675,0.0,0.0,0.41006083672949933,0.5255053654170879,0.3313764290266011,0.41065921771821023,0.4100608367294994,0.5255053654170878,0.331376429026601,0.41065921771821035,0.8749998253771273,0.7583333993020319,0.5384617588929126,0.5384617588929126,0.8749998253771272,0.5384617588929126,0.22666679647231944,0.2500001481649433,0.5876923789798065,0.43681381111389206,0.39597186301253956,0.27175483624527247,0.4020137767662114,0.0,HOLD,0.0,0.5
0.5000000332615216,0.5000000332615216,0.5172414147471144,0.5172414147471144,0.0,0.0,0.0,HPR,2023-07-11 00:00:00+10:00,Energy,0.34560330195783223,0.41532323320539793,0.4615384615384615,0.48322139475873116,0.5054152004219665,0.39212003143826935,0.4802371260544016,0.43970015518465777,0.449473652777746,0.49215464976387946,0.5802063596204428,0.4090017758034218,0.4624385672502205,0.46441174627893933,0.4780251751376059,0.5606327788252746,0.06728183114100743,0.06728183114100744,0.16297902527190924,0.16297902527190927,0.26586676633126916,0.2658667663312692,0.3483089892823664,0.3483089892823665,1.0,0.583333488553737,0.3500000931322421,0.3686619618523328,0.32879522904857444,0.5707109462421974,0.38869723555085167,0.5767963866192504,0.6666666666547765,0.4260897352524764,0.44501501861568626,0.5298021332523191,0.5218238398101627,0.5579296422603821,0.5085706445312713,0.02624269781175736,0.13705756564728913,0.0,0.0,0.41006083672949933,0.5255053654170879,0.3664966271632244,0.41065921771821023,0.4100608367294994,0.5255053654170878,0.3664966271632244,0.41065921771821035,0.8749998253771273,0.8166666123395798,0.6363636979386621,0.571095738574829,0.8749998253771272,0.6363636979386621,0.1600001033147032,0.2500001481649433,0.5801187492971562,0.44538681631924576,0.5137362902279196,0.27175483624527247,0.4046631578207719,0.0,HOLD,0.0,0.5
0.5000000332615216,0.5000000332615216,0.5172414147471144,0.5172414147471144,0.0,0.0,0.0,HPR,2023-07-12 00:00:00+10:00,Energy,0.34560330195783223,0.41532323320539793,0.4615384615384615,0.48322139475873116,0.5054152004219665,0.39212003143826935,0.48418970305219133,0.434724948069658,0.44631575963008585,0.495429484304846,0.5792682749326938,0.40961218859950776,0.46272750165878485,0.4642607282080954,0.47684267672264546,0.5611691163424292,0.0,0.0,0.0410090514753961,0.041009051475396116,0.26586676633126916,0.2658667663312692,0.3483089892823664,0.3483089892823665,1.0,1.0,0.4117647703337246,0.377034147160764,0.33865836259436655,0.570649916909193,0.3914099761559423,0.5810775610776139,0.6360827634770962,0.41905154466571126,0.4471131509782069,0.5371663260919388,0.5217382152950147,0.5562954623190195,0.509619041744473,0.026202771422305184,0.13705620118830736,0.0,0.0,0.37374541401431466,0.42133715955955325,0.3664966271632244,0.41065921771821023,0.37374541401431466,0.4213371595595533,0.3664966271632244,0.41065921771821035,0.8749998253771273,0.8749998253771273,0.6363636979386621,0.6037297182567455,0.8749998253771272,0.6363636979386621,0.09333345982761743,0.21590925735412464,0.5759076463590502,0.4509271944665272,1.0,0.3054651364183654,0.40725955125424107,0.044776097826343175,HOLD,0.0,0.5
0.535714259580233,0.535714259580233,0.4482758842169464,0.4827585852528856,0.009177286937979739,0.0,0.0,HPR,2023-07-13 00:00:00+10:00,Energy,0.2979885172673151,0.3637806559511765,0.3076923076923077,0.3548291943521956,0.49819496905588245,0.34587481511015894,0.48418970305219133,0.3857154466321395,0.441052599155508,0.4579071005303704,0.5769230579713553,0.3791080571894915,0.4624385672502205,0.4344898832261036,0.4766455931640241,0.5265472907710061,0.06527341425099054,0.06527341425099054,0.07310297539663184,0.07310297539663185,0.2717823788366936,0.2717823788366936,0.3510997744381813,0.35109977443818124,0.5,0.7777775018305648,0.36842104231221995,0.3744907459702005,0.3459511255064674,0.5456321102346386,0.3914099761559423,0.5810775610776139,0.2958758547684517,0.4091900077876762,0.44852143055100835,0.4708124225447864,0.5218327678503047,0.5518508529955033,0.47181884308358335,0.008667012695375252,0.10541361770997587,1.0,0.07486232130280339,0.3385140359381118,0.38402309373201393,0.3409863711469364,0.3695852031220136,0.33851403593811186,0.38402309373201393,0.3409863711469364,0.3695852031220136,0.5555554635730751,0.7685183714424433,0.4545452082453516,0.5757575347075584,0.5555554635730751,0.4545452082453516,0.1733334121439082,0.284091038975762,0.5196686867591189,0.42132966704899233,0.7597070265680406,0.2837905973821178,0.4098040168190408,0.07692312100935417,BUY,0.0,0.0
0.4642856738967237,0.4642856738967237,0.4827585852528856,0.4827585852528856,0.0,0.0,0.0,HPR,2023-07-14 00:00:00+10:00,Energy,0.34560330195783223,0.41532323320539793,0.4615384615384615,0.48322139475873116,0.49097473768979816,0.3572265483008874,0.48418970305219133,0.3857154466321395,0.43578943868093034,0.46327556507213885,0.5727016681398744,0.3817889440719068,0.4621496328416561,0.43463643744536284,0.47644850960540275,0.5266340722652268,0.06527341425099054,0.06527341425099054,0.07310297539663184,0.07310297539663185,0.2717823788366936,0.2717823788366936,0.3363370566202044,0.33633705662020447,0.0,0.7777775018305648,0.36842104231221995,0.3731252334140047,0.35146441641636966,0.5283122397263713,0.3914099761559423,0.5810775610776139,0.2958758547684517,0.3982880964443809,0.4510924597734358,0.480418704801529,0.5191323717989627,0.547191211296552,0.4757999291726924,0.008667012695375252,0.07468073852706848,0.0,0.0,0.3385140359381118,0.38402309373201393,0.3409863711469364,0.3210112808557761,0.33851403593811186,0.38402309373201393,0.3409863711469364,0.3210112808557761,0.5555554635730751,0.6620369175077592,0.49999981373551566,0.5303029066398429,0.5555554635730751,0.4999998137355156,0.1733334121439082,0.2613637219914283,0.46825390419483504,0.40811277713587574,0.7597070265680406,0.2837905973821178,0.4154808207776014,0.07692312100935417,BUY,0.0,0.0
0.4642856738967237,0.4642856738967237,0.4827585852528856,0.4827585852528856,0.004042151929449482,0.0,0.0,HPR,2023-07-17 00:00:00+10:00,Energy,0.34560330195783223,0.41532323320539793,0.4615384615384615,0.48322139475873116,0.4837545063237141,0.3687162967661113,0.48418970305219133,0.3857154466321395,0.4305262782063529,0.4686854210363435,0.570356451178536,0.383284300520092,0.46186069843309197,0.43478303584414335,0.4762514260467814,0.5267208671120146,0.06527341425099054,0.06527341425099054,0.07310297539663184,0.07310297539663185,0.2717823788366936,0.2717823788366936,0.32408434489490956,0.3240843448949096,0.0,0.7777775018305648,0.36842104231221995,0.37269812947511854,0.35577467222162573,0.5166029168465345,0.3914099761559423,0.5810775610776139,0.2958758547684517,0.38613188773307816,0.455065324463646,0.49141386860771336,0.518995969926437,0.5430153755039226,0.4786808897390863,0.012484462164437223,0.07204645554002996,0.3057733365225326,0.04803937831853002,0.3385140359381118,0.38402309373201393,0.3409863711469364,0.3695852031220136,0.33851403593811186,0.38402309373201393,0.3409863711469364,0.3695852031220136,0.3333329194119999,0.48148128218605,0.49999981373551566,0.4848482785721276,0.33333291941199983,0.4999998137355156,0.1733334121439082,0.25000006349926146,0.43133802816901545,0.4142232015713802,0.7597070265680406,0.4071426008883743,0.4209305525778194,0.07692312100935417,BUY,0.0,0.0
0.4642856738967237,0.4642856738967237,0.4827585852528856,0.4827585852528856,0.0,0.0,0.0,HPR,2023-07-18 00:00:00+10:00,Energy,0.34560330195783223,0.41532323320539793,0.4615384615384615,0.48322139475873116,0.4765342749576298,0.3803465929013823,0.48418970305219133,0.3857154466321395,0.42526311773177505,0.47413714897381987,0.5680112342171972,0.3847839478068825,0.4633053672468266,0.4340504870819746,0.47605434248816003,0.5268076753144514,0.06527341425099054,0.06527341425099054,0.07310297539663184,0.07310297539663185,0.2717823788366936,0.2717823788366936,0.32408434489490956,0.3240843448949096,0.0,0.5,0.36842104231221995,0.3730111132442538,0.3592964335454343,0.5089283806367594,0.3914099761559423,0.5810775610776139,0.2958758547684517,0.3723813226526955,0.46082008343464453,0.5047273134829461,0.5187718284590899,0.5389416467846313,0.4814690800189608,0.012484462164437223,0.07204645554002996,0.0,0.0,0.3385140359381118,0.38402309373201393,0.3409863711469364,0.3695852031220136,0.33851403593811186,0.38402309373201393,0.3409863711469364,0.3695852031220136,0.3333329194119999,0.407407100799025,0.49999981373551566,0.49999981373551566,0.33333291941199983,0.4999998137355156,0.10666676865682242,0.25000006349926146,0.43133802816901545,0.4224003010309787,0.7563758127580856,0.35189845669023684,0.42616229510602877,0.07692312100935417,BUY,0.0,0.0
0.4642856738967237,0.4642856738967237,0.4827585852528856,0.4827585852528856,0.0001320995299692611,0.0,0.0,HPR,2023-07-19 00:00:00+10:00,Energy,0.34560330195783223,0.41532323320539793,0.4615384615384615,0.48322139475873116,0.4693140435915457,0.39212003143826935,0.4802371260544016,0.39054213980464314,0.42526311773177505,0.47413714897381987,0.5656660172558587,0.38628790442728167,0.4647500360605612,0.4333190408085048,0.4758572589295387,0.5268944968756198,0.06527341425099054,0.06527341425099054,0.038964589416463274,0.03896458941646329,0.23044653301261633,0.2304465330126164,0.32408434489490956,0.3240843448949096,0.0,0.5,0.36842104231221995,0.37390037104367263,0.36232283379663677,0.504106956291913,0.38869723555085167,0.5767963866192504,0.3333333333324991,0.3723813226526955,0.46082008343464453,0.5047273134829461,0.5184621384437935,0.5349674753048874,0.48417155336147677,0.012609218306548181,0.0580342414879932,0.00989395574033629,0.0019427178133440551,0.3385140359381118,0.3478228828452859,0.4047619161547397,0.3695852031220136,0.33851403593811186,0.34782288284528595,0.4047619161547397,0.3695852031220136,0.3333329194119999,0.3333329194119999,0.5555554635730751,0.5185183636813686,0.33333291941199983,0.5555554635730751,0.10666676865682242,0.25000006349926146,0.43133802816901545,0.4322525731100702,0.7563758127580856,0.35189845669023684,0.4311847679331099,0.07692312100935417,BUY,0.0,0.0
0.4642856738967237,0.4642856738967237,0.4827585852528856,0.4827585852528856,0.011710951238409671,0.0,0.0,HPR,2023-07-20 00:00:00+10:00,Energy,0.34560330195783223,0.41532323320539793,0.4615384615384615,0.48322139475873116,0.4693140435915457,0.39212003143826935,0.4762845490566121,0.3953981746367825,0.4305262742849948,0.46868542508253663,0.5633208002945203,0.3877961889827396,0.46619470487429604,0.432588694536731,0.4756601753709173,0.526981331798604,0.0,0.0,0.038964589416463274,0.03896458941646329,0.16558662594457565,0.16558662594457565,0.32408434489490956,0.3240843448949096,0.0,0.5,0.5,0.3752309915984475,0.36505667318457813,0.5012594170998322,0.38451636241288367,0.5740185659565732,0.36391723651017965,0.3682862446244395,0.4750100736988492,0.4929630963201576,0.5180689096462503,0.5310905221971096,0.486794712341312,0.015002036688259727,0.0434423272914115,0.7372239096458377,0.22880034705110944,0.37374541401431466,0.3478228828452859,0.4791666652078276,0.3695852031220136,0.37374541401431466,0.34782288284528595,0.4791666652078276,0.3695852031220136,0.3333329194119999,0.3333329194119999,0.5555554635730751,0.537036913627222,0.33333291941199983,0.5555554635730751,0.10666676865682242,0.19318185570410903,0.43133802816901545,0.4322525731100702,0.7563758127580856,0.44192627808713986,0.4360063418471075,0.07692312100935417,BUY,0.0,0.0
0.4642856738967237,0.4642856738967237,0.4827585852528856,0.4827585852528856,0.0,0.0,0.0,HPR,2023-07-21 00:00:00+10:00,Energy,0.34560330195783223,0.41532323320539793,0.4615384615384615,0.48322139475873116,0.4693140435915457,0.39212003143826935,0.4723319720588224,0.4002838194979441,0.4357894308382143,0.4632755731024908,0.5619136680209309,0.3887032462559493,0.46763937368803066,0.43185944578712476,0.47546309181229596,0.5270681800864888,0.0,0.0,0.038964589416463274,0.03896458941646329,0.16558662594457565,0.16558662594457565,0.3205687400861039,0.32056874008610386,0.0,0.5,0.7777775018305648,0.37689224541676764,0.3676341685025051,0.49973769658720907,0.3787704052097337,0.5728433765395563,0.39089105487919756,0.36203731725179145,0.4916072621923102,0.47817727578166586,0.5182197661692749,0.5283142146420643,0.4885173473438511,0.015002036688259727,0.0434423272914115,0.0,0.0,0.37374541401431466,0.3478228828452859,0.4791666652078276,0.3960150810886395,0.37374541401431466,0.34782288284528595,0.4791666652078276,0.39601508108863953,0.3333329194119999,0.3333329194119999,0.5555554635730751,0.5555554635730751,0.33333291941199983,0.5555554635730751,0.10666676865682242,0.13636369024179756,0.43133802816901534,0.42640192156252316,0.7563758127580856,0.7597070265680406,0.4406350528045454,0.07692312100935417,BUY,0.0,0.0
0.553571439262632,0.553571439262632,0.5689655305301679,0.5689655305301679,0.0,0.0,0.0,HPR,2023-08-17 00:00:00+10:00,Energy,0.34560330195783223,0.41532323320539793,0.4615384615384615,0.48322139475873116,0.5234656981449668,0.44873633461463514,0.4901185243754751,0.5005007327577256,0.44947362140688163,0.5562827849144701,0.4826453563944779,0.5274178281197405,0.4958104171704023,0.4913799056781304,0.46166727060809576,0.6204692554286021,0.16820432720867212,0.16820432720867212,0.1437428091572403,0.1437428091572403,0.12850550805121871,0.12850550805121871,0.11406939189531762,0.11406939189531762,1.0,1.0,1.0,0.4697336517423507,0.4377062778209762,0.5946960046075003,0.44422985050800834,0.5375789242678225,0.7545875385932403,0.3684332753535249,0.5094533253715827,0.7788252547879779,0.3648861999947923,0.5602478121541772,0.714412144171601,0.005326025513737056,0.0037136675029825613,0.0,0.0,0.4645338355170587,0.4773081192954166,0.4734432751286157,0.398939463349565,0.4645338355170588,0.4773081192954167,0.47344327512861584,0.398939463349565,1.0,1.0,1.0,1.0,1.0,1.0,0.053333433998941616,0.03409097547650057,0.6666666666666674,0.6598155517524148,1.0,1.0,0.48617238028586585,-0.07142860944173757,SELL,0.0,1.0
0.5000000332615216,0.5000000332615216,0.5172414147471144,0.5172414147471144,0.002093918081427649,0.0,0.0,HPR,2023-08-18 00:00:00+10:00,Energy,0.27724224373125816,0.3408250192871671,0.4615384615384615,0.48322139475873116,0.5306859295110509,0.3527204494261207,0.49407110137326504,0.42241751907062053,0.45157888873379914,0.48997974232135955,0.4798310988365866,0.47851584281992865,0.4963882859875308,0.4469732387268982,0.46068185575175624,0.568548993922877,0.21202945486910654,0.2120294548691066,0.17757443174308787,0.1775744317430879,0.15660696838955032,0.15660696838955035,0.12602149252046774,0.12602149252046774,0.6250002328306055,0.6250002328306055,0.6250002328306055,0.46681304692964626,0.4468868189621573,0.5640061416527222,0.44575158530151315,0.5430796773864476,0.5223385518949617,0.3705477789174745,0.5109353992897061,0.5637275554529027,0.35623782030923556,0.5651108926056136,0.6146083939318547,0.007303543085495893,0.005456276545427664,0.2707573027242304,0.28236024894561723,0.41006083672949933,0.42133715955955325,0.4322345006815482,0.35916926655953896,0.4100608367294994,0.4213371595595533,0.43223450068154823,0.35916926655953896,0.40000059604612803,0.8000001986820428,0.40000059604612803,0.8000001986820426,0.40000059604612803,0.40000059604612803,0.09333341015708702,0.06818186628731925,0.5323530494547285,0.48355402361271066,0.7378040866603028,0.7378040866603028,0.48782824329075203,-0.0298508060193573,HOLD,0.0,0.5
0.5000000332615216,0.5000000332615216,0.5172414147471144,0.5172414147471144,0.0,0.0,0.0,HPR,2023-08-21 00:00:00+10:00,Energy,0.34560330195783223,0.41532323320539793,0.4615384615384615,0.48322139475873116,0.5379061608771352,0.3417579059993099,0.49802367837105477,0.4175460365479262,0.45368415606071644,0.48781139815774155,0.47701684127869526,0.4805951220125605,0.49696615480465933,0.4466816626746418,0.4608789393103776,0.5684584310326469,0.21202945486910654,0.2120294548691066,0.17757443174308787,0.1775744317430879,0.15660696838955032,0.15660696838955035,0.12602149252046774,0.12602149252046774,0.6250002328306055,0.6250002328306055,0.6250002328306055,0.46409989847622346,0.4535936143641951,0.5399287997111771,0.4465583957323803,0.5493125062748888,0.5076961349902339,0.3724642643662568,0.5126387834203714,0.5566251153961579,0.34694865503267325,0.5707196881639853,0.6224086493387914,0.007303543085495893,0.005456276545427664,0.0,0.0,0.41006083672949933,0.42133715955955325,0.4322345006815482,0.35916926655953896,0.4100608367294994,0.4213371595595533,0.43223450068154823,0.35916926655953896,0.40000059604612803,0.6000003973640853,0.40000059604612803,0.6000003973640853,0.40000059604612803,0.40000059604612803,0.09333341015708702,0.06818186628731925,0.5263158857876646,0.4758078752884339,0.7378040866603028,0.7378040866603028,0.4894509890355404,-0.0298508060193573,HOLD,0.0,0.5
0.5000000332615216,0.5000000332615216,0.5172414147471144,0.5172414147471144,0.0,0.0,0.0,HPR,2023-08-22 00:00:00+10:00,Energy,0.34560330195783223,0.41532323320539793,0.4615384615384615,0.48322139475873116,0.5270758407254121,0.3582499022506296,0.5019762553688445,0.41270359421850444,0.4557894233876342,0.4856496197733907,0.4756097124997498,0.4816376073364471,0.4975440236217885,0.44639025920400466,0.4610760228689994,0.5683678821598409,0.09371374251216341,0.09371374251216341,0.17757443174308787,0.1775744317430879,0.15660696838955032,0.15660696838955035,0.11507867760850782,0.11507867760850776,0.6250002328306055,0.6250002328306055,0.6250002328306055,0.4615802061271197,0.4583668787552008,0.5211094495368451,0.44657507726143775,0.5563544196683164,0.4919534252011801,0.374184563843597,0.514561430111945,0.5497666743881615,0.3433946437605273,0.5722549320259576,0.6261473504392536,0.001977406972342072,0.005456276545427664,0.0,0.0,0.3231633457822721,0.42133715955955325,0.4322345006815482,0.39723502713040953,0.3231633457822721,0.4213371595595533,0.43223450068154823,0.39723502713040953,0.40000059604612803,0.40000059604612803,0.40000059604612803,0.40000059604612803,0.40000059604612803,0.40000059604612803,0.09333341015708702,0.06818186628731925,0.5208334220306371,0.46938716312633416,0.7378040866603028,0.7378040866603028,0.491041279865433,-0.0298508060193573,HOLD,0.0,0.5
0.553571439262632,0.553571439262632,0.5689655305301679,0.5689655305301679,0.0007882641278573549,0.0,0.0,HPR,2023-08-23 00:00:00+10:00,Energy,0.41702530161507173,0.4898214471236288,0.4615384615384615,0.48322139475873116,0.5270758407254121,0.4429252252197293,0.5118576831388519,0.472714454456842,0.4610525838622116,0.5438698313211033,0.4756097124997498,0.5328438618811632,0.5004333623256201,0.48894645541165127,0.46186435563510075,0.6203747099723257,0.15151356489048845,0.15151356489048848,0.196799711948085,0.196799711948085,0.1774882289983233,0.17748822899832337,0.12878609359181586,0.12878609359181586,0.7272728504228205,0.7272728504228205,0.7272728504228205,0.4737922627893828,0.4650555379439292,0.5397522772002067,0.45649638209330956,0.5638425590808646,0.6898315513550982,0.38467297805803136,0.5124525360704149,0.7158778094340696,0.3433946437605273,0.5722549320259576,0.7507033285630826,0.0027218516465875265,0.006112288931596456,0.2734955914022185,0.09646339195088167,0.37374541401431466,0.4773081192954166,0.4734432751286157,0.438709660139591,0.37374541401431466,0.4773081192954167,0.47344327512861584,0.43870966013959106,1.0,0.6000003973640853,1.0,0.6000003973640853,1.0,1.0,0.13333338631523242,0.10227275709813795,0.6208790547497661,0.5767645941519328,0.7623151792298956,0.7623151792298956,0.4925997648787278,-0.07142860944173757,SELL,0.0,1.0
0.553571439262632,0.553571439262632,0.5689655305301679,0.5689655305301679,0.0,0.0,0.0,HPR,2023-08-24 00:00:00+10:00,Energy,0.34560330195783223,0.41532323320539793,0.4615384615384615,0.48322139475873116,0.5270758407254121,0.4429252252197293,0.5217391109088594,0.46038108136535016,0.46631574433678946,0.5382954100086025,0.4756097124997498,0.5328438618811632,0.5033227010294521,0.48743138416234755,0.4626526884012021,0.6199966779158742,0.15151356489048845,0.15151356489048848,0.196799711948085,0.196799711948085,0.1774882289983233,0.17748822899832337,0.12878609359181586,0.12878609359181586,0.5,0.7272728504228205,0.7272728504228205,0.48285565291766075,0.472536521066274,0.5474640860479338,0.4620339856102348,0.5758195670821794,0.6565815531621422,0.39361695359379634,0.5120697469963329,0.6868017150294368,0.3433946437605273,0.5722549320259576,0.7507033285630826,0.0027218516465875265,0.006112288931596456,0.0,0.0,0.37374541401431466,0.4773081192954166,0.4734432751286157,0.438709660139591,0.37374541401431466,0.4773081192954167,0.47344327512861584,0.43870966013959106,1.0,0.8000001986820428,1.0,0.8000001986820426,1.0,1.0,0.13333338631523242,0.10227275709813795,0.6000000000000004,0.552906203164874,0.7623151792298956,0.7623151792298956,0.49412708019175666,-0.07142860944173757,SELL,0.0,1.0
0.553571439262632,0.553571439262632,0.5689655305301679,0.5689655305301679,0.0,0.0,0.0,HPR,2023-08-25 00:00:00+10:00,Energy,0.34560330195783223,0.41532323320539793,0.4615384615384615,0.48322139475873116,0.5379061608771352,0.4256947817309087,0.5316205386788664,0.44822749514890714,0.4715789048113671,0.5327627134295142,0.4756097124997498,0.5328438618811632,0.5047673709195493,0.48667552347913545,0.4634410211673039,0.6196188796907122,0.09790987821456046,0.09790987821456047,0.196799711948085,0.196799711948085,0.1774882289983233,0.17748822899832337,0.12878609359181586,0.12878609359181586,0.5,0.7272728504228205,0.7272728504228205,0.4893488525691323,0.4800473234584752,0.5477543215177392,0.46257154916312204,0.5929165686060044,0.6296296040679867,0.40129343780707094,0.5131035392978425,0.664014974500617,0.3433946437605273,0.5722549320259576,0.7507033285630826,0.0007443340748286898,0.006112288931596456,0.0,0.0,0.42659234988177386,0.4773081192954166,0.4734432751286157,0.438709660139591,0.4265923498817739,0.4773081192954167,0.47344327512861584,0.43870966013959106,1.0,1.0,1.0,1.0,1.0,1.0,0.13333338631523242,0.10227275709813795,0.5833333333333343,0.5358386271561986,0.7623151792298956,0.7623151792298956,0.49562384919852487,-0.2142857218883475,SELL,0.0,1.0
0.553571439262632,0.553571439262632,0.5689655305301679,0.5689655305301679,0.0008291353476794047,0.0,0.0,HPR,2023-08-28 00:00:00+10:00,Energy,0.34560330195783223,0.41532323320539793,0.4615384615384615,0.48322139475873116,0.548736481028858,0.4087622708439267,0.5415019664488738,0.43624979305129674,0.47684206528594475,0.5272712748639691,0.4756097124997498,0.5328438618811632,0.5076567096233813,0.4851671407913988,0.4642293539334057,0.6192413150799524,0.09790987821456046,0.09790987821456047,0.196799711948085,0.196799711948085,0.1774882289983233,0.17748822899832337,0.12878609359181586,0.12878609359181586,0.5,0.7272728504228205,0.7272728504228205,0.49375437364588165,0.4870913401561273,0.5432110256554202,0.455738970512085,0.6175605258772799,0.6091089451078523,0.40786286682919926,0.5153746053681774,0.6453140728559994,0.3433946437605273,0.5722549320259576,0.7507033285630826,0.0015273779455251418,0.006802315330953913,0.5126348562739845,0.09246824014433479,0.42659234988177386,0.4773081192954166,0.4734432751286157,0.438709660139591,0.4265923498817739,0.4773081192954167,0.47344327512861584,0.43870966013959106,1.0,1.0,1.0,1.0,1.0,1.0,0.13333338631523242,0.10227275709813795,0.5714285714285723,0.523116571756179,0.7623151792298956,0.7623151792298956,0.49709068282515767,-0.24285715502135607,SELL,0.0,1.0
0.553571439262632,0.553571439262632,0.5689655305301679,0.5689655305301679,0.0,0.0,0.0,HPR,2023-08-29 00:00:00+10:00,Energy,0.34560330195783223,0.41532323320539793,0.4615384615384615,0.48322139475873116,0.5595668011805808,0.39212003143826935,0.5415019664488738,0.43624979305129674,0.4821052257605224,0.5218206345270183,0.4756097124997498,0.5328438618811632,0.5108349816594149,0.4835130411677432,0.4646235195822639,0.6190526206636863,0.09790987821456046,0.09790987821456047,0.117938746419522,0.117938746419522,0.1774882289983233,0.17748822899832337,0.12878609359181586,0.12878609359181586,1.0,0.7272728504228205,0.7272728504228205,0.4964740437472584,0.4933657237269009,0.5357200698663213,0.455738970512085,0.6175605258772799,0.6091089451078523,0.4134179226385706,0.5187793614098704,0.6294271433315164,0.3433946437605273,0.5722549320259576,0.7507033285630826,0.0015273779455251418,0.006802315330953913,0.0,0.0,0.42659234988177386,0.38402309373201393,0.4734432751286157,0.438709660139591,0.4265923498817739,0.38402309373201393,0.47344327512861584,0.43870966013959106,1.0,1.0,1.0,1.0,1.0,1.0,0.13333338631523242,0.10227275709813795,0.5625000000000007,0.5110432939641011,0.7623151792298956,0.7623151792298956,0.4985281797792579,-0.24285715502135607,SELL,0.0,1.0
0.553571439262632,0.553571439262632,0.5689655305301679,0.5689655305301679,0.0,0.0,0.0,HPR,2023-08-30 00:00:00+10:00,Energy,0.34560330195783223,0.41532323320539793,0.4615384615384615,0.48322139475873116,0.5595668011805808,0.39212003143826935,0.5415019664488738,0.43624979305129674,0.4873683862350998,0.5164103394403033,0.4779549294610883,0.5310296896706933,0.5151689891769817,0.48126605095664476,0.46501768523112297,0.6188639845695924,0.0,0.0,0.117938746419522,0.117938746419522,0.1774882289983233,0.17748822899832337,0.09207158473547206,0.09207158473547206,1.0,0.7272728504228205,0.7272728504228205,0.4978418970434129,0.4987067001182759,0.526635076419559,0.455738970512085,0.6175605258772799,0.6091089451078523,0.4180053792925331,0.5232655315159194,0.6155567176991106,0.3477882262088403,0.5714764681076046,0.7420088446245929,0.0007829332712796873,0.006802315330953913,0.0,0.0,0.37374541401431466,0.38402309373201393,0.4734432751286157,0.5131513861290373,0.37374541401431466,0.38402309373201393,0.47344327512861584,0.5131513861290375,1.0,1.0,1.0,1.0,1.0,1.0,0.13333338631523242,0.10227275709813795,0.5555555555555566,0.5011251434448801,0.7623151792298956,0.7623151792298956,0.49993692679427604,-0.12142855090146176,SELL,0.0,1.0
0.553571439262632,0.553571439262632,0.5689655305301679,0.5689655305301679,0.0,0.0,0.0,HPR,2023-08-31 00:00:00+10:00,Energy,0.34560330195783223,0.41532323320539793,0.4615384615384615,0.48322139475873116,0.5595668011805808,0.39212003143826935,0.5415019664488738,0.43624979305129674,0.4926315467096777,0.5110399433065652,0.48264536163644367,0.5274178240953874,0.5195029966945484,0.4790289246187648,0.4654118508799816,0.6186754067706354,0.0,0.0,0.117938746419522,0.117938746419522,0.1774882289983233,0.17748822899832337,0.04224478029145751,0.04224478029145751,1.0,0.7272728504228205,0.7272728504228205,0.49813504653722995,0.5030483765081254,0.516908738155204,0.455738970512085,0.6175605258772799,0.6091089451078523,0.4216355178575748,0.5288216252981472,0.6031689200307848,0.3486318074028052,0.5791638934274204,0.7388637114898514,0.0007829332712796873,0.006802315330953913,0.0,0.0,0.37374541401431466,0.38402309373201393,0.4734432751286157,0.6000000040537574,0.37374541401431466,0.38402309373201393,0.47344327512861584,0.6000000040537575,1.0,1.0,1.0,1.0,1.0,1.0,0.13333338631523242,0.10227275709813795,0.5500000000000009,0.4931906230295034,0.7623151792298956,0.7623151792298956,0.501317498868994,-0.07142860944173757,SELL,0.0,1.0
0.5000000332615216,0.5000000332615216,0.5172414147471144,0.5172414147471144,1.1710951238409671e-07,0.0,0.0,HPR,2023-09-05 00:00:00+10:00,Energy,0.27724224373125816,0.3408250192871671,0.4615384615384615,0.48322139475873116,0.548736481028858,0.3255510738156391,0.5533596679933093,0.3522808570856204,0.5052631349857505,0.4366675536522554,0.4953095293835639,0.46721373264812616,0.5316382181742796,0.42949753595922346,0.4642293509966371,0.5669210079498438,0.09371374251216341,0.09371374251216341,0.117938746419522,0.117938746419522,0.19992553573892866,0.19992553573892868,0.059535814726986325,0.05953581472698627,0.0,0.3333333333333333,0.5714287234812523,0.48011476118571295,0.5068742079911164,0.45607350399592367,0.44882971244554193,0.6458124734068761,1.002159466523267e-11,0.4236850430941217,0.5496027834232529,0.4005796265074417,0.34326365956807314,0.6088177734526987,0.5946531317490591,0.0,0.006802412792309754,1.0,1.306032233129022e-05,0.3231633457822721,0.38402309373201393,0.4322345006815482,0.5516129309221702,0.3231633457822721,0.38402309373201393,0.43223450068154823,0.5516129309221703,0.0,0.6666666666666667,0.40000059604612803,0.8000001986820426,0.0,0.40000059604612803,0.1066666693157616,0.1363636479089566,0.37500000000000155,0.3799629402494564,0.2822734482605182,0.7623050456539366,0.5052957443149243,-0.0298508060193573,HOLD,0.0,0.5
0.5000000332615216,0.5000000332615216,0.5172414147471144,0.5172414147471144,0.0,0.0,0.0,HPR,2023-09-06 00:00:00+10:00,Energy,0.34560330195783223,0.41532323320539793,0.4615384615384615,0.48322139475873116,0.5379061608771352,0.3417579059993099,0.5474308172210918,0.3590216504374728,0.507368402312668,0.43465775709718935,0.4962476175659565,0.4665359503368257,0.5368390278411772,0.42697151412825607,0.4634410182305362,0.5672823912284383,0.09371374251216341,0.09371374251216341,0.06791533782062978,0.06791533782062978,0.19992553573892866,0.19992553573892868,0.0,0.0,0.0,0.3333333333333333,0.5714287234812523,0.4667990276012871,0.5022178683100215,0.4293296849374415,0.45455924827756455,0.6293570166464034,0.16666666667171132,0.42107637801090636,0.5563635938665374,0.3888756368265713,0.34355410891719074,0.6102135946727236,0.5927603925407837,0.0,0.006802412792309754,0.0,0.0,0.3231633457822721,0.3320500618192028,0.4322345006815482,0.4684863949060721,0.3231633457822721,0.33205006181920277,0.43223450068154823,0.4684863949060722,0.0,0.33333333333333337,0.40000059604612803,0.6000003973640853,0.0,0.40000059604612803,0.1066666693157616,0.1363636479089566,0.4000000000000017,0.3741728776046814,0.2822734482605182,0.7623050456539366,0.5065691400392293,-0.0298508060193573,HOLD,0.0,0.5
0.5000000332615216,0.5000000332615216,0.5172414147471144,0.5172414147471144,0.0,0.0,0.0,HPR,2023-09-07 00:00:00+10:00,Energy,0.34560330195783223,0.41532323320539793,0.4615384615384615,0.48322139475873116,0.5270758407254121,0.3582499022506296,0.5415019664488738,0.36582097452914275,0.5094736696395853,0.43265382001913555,0.4971857057483495,0.4658589812033208,0.5374168966583062,0.42669165852043445,0.4626526854644344,0.5676439981093949,0.09371374251216341,0.09371374251216341,0.06791533782062978,0.06791533782062978,0.19992553573892866,0.19992553573892868,0.0,0.0,0.0,0.5,0.5714287234812523,0.45594170725353284,0.4959411357030465,0.41355815517238786,0.4557389705120848,0.6175605258772802,0.24541246139380524,0.41797855210378354,0.5636711032106512,0.37474972460293776,0.34381227104753687,0.6116469901877037,0.5908520094846467,0.0,0.006802412792309754,0.0,0.0,0.3231633457822721,0.3320500618192028,0.4322345006815482,0.4684863949060721,0.3231633457822721,0.33205006181920277,0.43223450068154823,0.4684863949060722,0.0,0.0,0.40000059604612803,0.40000059604612803,0.0,0.40000059604612803,0.06666669315761621,0.1363636479089566,0.4000000000000017,0.367680987758688,0.9998578210085722,0.7623050456539366,0.507817067849048,-0.0298508060193573,HOLD,0.0,0.5
0.35714286189450306,0.3928571547362577,0.3793103536867787,0.41379311895186255,0.12307226031664538,0.0,0.0,HPR,2023-09-08 00:00:00+10:00,Energy,0.2027592139540851,0.2557589517663734,0.5384615384615384,0.5582981875758622,0.494584866821542,0.23557261626154946,0.5237154067699876,0.243861313266152,0.5052631467498246,0.3133802556750641,0.4953095346255294,0.3660928469724586,0.5319271547355691,0.34273067583059336,0.4606818535491808,0.46376252299363474,0.19481320116003334,0.19481320116003337,0.18372762498775413,0.18372762498775413,0.2708018584797688,0.2708018584797688,0.06996206277843536,0.06996206277843531,0.0,0.249999922389774,0.40000007450580766,0.41803127342792856,0.48201013222020545,0.3390579774559588,0.49017726003105644,0.5505306315840014,0.0635641711488672,0.43333082964868597,0.538822422162553,0.09248011685718521,0.34753142755163324,0.6038511623199783,0.3094299226107658,0.11623069666904419,0.10922611102778167,0.999999048450068,0.969212538141564,0.22199914650719565,0.22810393345534044,0.3498169006158405,0.37915635699676326,0.22199914650719563,0.2281039334553404,0.3498169006158405,0.3791563569967633,0.18181821260570513,0.06060607086856842,0.18181821260570513,0.3272731348993203,0.1818182126057052,0.1818182126057052,0.17333336247337783,0.22727274651492774,0.20854692625260657,0.16057270103680965,0.0073762648284338185,0.05613462763110363,0.5689655305301679,0.06557371943300105,BUY,0.0,0.0
0.3928571547362577,0.3928571547362577,0.41379311895186255,0.41379311895186255,0.0,0.0,0.0,HPR,2023-09-11 00:00:00+10:00,Energy,0.34560330195783223,0.41532323320539793,0.4615384615384615,0.48322139475873116,0.46209389291767167,0.28484707924899166,0.505928847091101,0.26326482244645844,0.5010526238600638,0.3170559729226342,0.49343336350270905,0.3673292406744867,0.526437412812832,0.3451706416072787,0.45949935440002854,0.4642575069200773,0.19481320116003334,0.19481320116003337,0.18372762498775413,0.18372762498775413,0.2708018584797688,0.2708018584797688,0.06996206277843536,0.06996206277843531,0.0,0.249999922389774,0.40000007450580766,0.3884603589216829,0.46391564546171105,0.29853416415147416,0.4985661428202278,0.5101750828321757,0.19184216160251621,0.444616019390351,0.5185192245688457,0.16096495251549636,0.35083332688031166,0.596540918060178,0.32769639554811236,0.11623069666904419,0.10922611102778167,0.0,0.0,0.22199914650719565,0.22810393345534044,0.3498169006158405,0.37915635699676326,0.22199914650719563,0.2281039334553404,0.3498169006158405,0.3791563569967633,0.18181821260570513,0.1212121417371368,0.18181821260570513,0.2545456737525127,0.1818182126057052,0.1818182126057052,0.17333336247337783,0.22727274651492774,0.3025434745567207,0.21135642927225445,0.0073762648284338185,0.05613462763110363,0.5651724269933,0.06557371943300105,BUY,0.0,0.0
0.42857144757801235,0.42857144757801235,0.4482758842169464,0.4482758842169464,5.269928057284352e-06,0.0,0.0,HPR,2023-09-12 00:00:00+10:00,Energy,0.39790141139555957,0.47019159411799305,0.4615384615384615,0.48322139475873116,0.4476534570829065,0.3679826830441397,0.492094857047771,0.32743405989970387,0.4936842039012844,0.36496951419568313,0.4924952788149599,0.40171635627915514,0.5244148762583307,0.3750579643831592,0.4589081051925481,0.4994583443655197,0.22473299075855818,0.2247329907585582,0.20643164338838127,0.20643164338838127,0.2267755716455163,0.22677557164551634,0.07865256536919268,0.07865256536919268,0.18181821260570516,0.18181821260570516,0.45454553151426275,0.37546122994701214,0.4463850325699628,0.3040224338983277,0.48981681528298215,0.49442788095605483,0.32850141485728496,0.4452212797914814,0.5043842544330088,0.2805323394771676,0.3517091339774112,0.5937878707666109,0.4218296170649761,0.11623556304338185,0.10453705027553789,4.28179542342675e-05,4.334575852318672e-05,0.30328278910875395,0.2627526429099612,0.3154762101635651,0.40893303629986627,0.303282789108754,0.2627526429099612,0.3154762101635651,0.40893303629986627,0.36363642521141026,0.24242428347427353,0.36363642521141026,0.2424242834742734,0.36363642521141026,0.36363642521141026,0.16000005364417283,0.25000002116642045,0.3858172977470634,0.2809573205312911,4.471032893320626e-05,0.056173720769186135,0.5614551855271696,0.03174597730742401,HOLD,0.0,0.5
0.4642856738967237,0.5000000332615216,0.4827585852528856,0.4999999999999999,0.004795751641641145,0.0,0.0,HPR,2023-09-13 00:00:00+10:00,Energy,0.4215600324224041,0.4944431100073764,0.5000000716401862,0.5172947733447122,0.44404334139986457,0.4647597428126997,0.4841897177766581,0.4102201791486324,0.48947367709016565,0.4311546521278725,0.49202623472376317,0.4527033714463117,0.521814470886701,0.41979359265875793,0.46009060434170035,0.5513522662393758,0.26040282074520144,0.26040282074520144,0.23930231412681602,0.23930231412681607,0.24990256063952718,0.24990256063952718,0.08866259371074175,0.08866259371074175,0.3571428191296869,0.3571428191296869,0.39999996274708927,0.38044431462263567,0.4335316546242622,0.34954667002128964,0.4760933656237297,0.49436259936271465,0.48993124025873075,0.44117804736200417,0.5012124942710745,0.41477651098240303,0.3513270318177846,0.5933656266534537,0.5544596106338634,0.12076471975932682,0.10852819025860104,0.03750393804628945,0.038007964514958276,0.3561297249762133,0.3147256748227723,0.35374149915508035,0.4242657225230525,0.35612972497621326,0.31472567482277236,0.3537414991550804,0.42426572252305256,0.6363635747885897,0.39393940420190177,0.6363635747885897,0.39393940420190154,0.6363635747885897,0.6363635747885897,0.21333338830205364,0.2386363626742536,0.46798026566672624,0.37229633562748427,0.0409251666070918,0.0468688107090614,0.5578122888903617,-0.015151545939038447,HOLD,0.0,0.5
