Open,High,Low,Close,Volume,Dividends,Stock Splits,Ticker,Date,Sector,Returns,Log_Returns,Price_Change,Price_Change_Pct,MA_5,MA_Ratio_5,MA_10,MA_Ratio_10,MA_20,MA_Ratio_20,MA_50,MA_Ratio_50,MA_100,MA_Ratio_100,MA_200,MA_Ratio_200,Volatility_5,Volatility_Annualized_5,Volatility_10,Volatility_Annualized_10,Volatility_20,Volatility_Annualized_20,Volatility_50,Volatility_Annualized_50,RSI_7,RSI_14,RSI_21,MACD,MACD_Signal,MACD_Histogram,BB_Upper_10,BB_Lower_10,BB_Position_10,BB_Upper_20,BB_Lower_20,BB_Position_20,BB_Upper_50,BB_Lower_50,BB_Position_50,Volume_MA_5,Volume_MA_20,Volume_Ratio_5,Volume_Ratio_20,Momentum_5,Momentum_10,Momentum_20,Momentum_50,ROC_5,ROC_10,ROC_20,ROC_50,Stoch_K_14,Stoch_D_14,Stoch_K_21,Stoch_D_21,Williams_R_14,Williams_R_21,ATR_14,ATR_21,CCI_14,CCI_21,MFI_14,MFI_21,PSAR,Future_Return,Target,Sector_Encoded,Target_Encoded
0.5236510604074545,0.5181536275076563,0.48446545225747806,0.45914383634278977,0.07457423653917249,0.0,0.0,PPM,2022-03-07 00:00:00+11:00,Financial Services,0.36155975133416896,0.3963021023655776,0.15154923811920462,0.16211216534069606,0.5287340445034077,0.4832143561291531,0.5000027080815419,0.5189482895056792,0.5325930874382621,0.46813432859319093,0.8224010722206714,0.438036323172991,0.9999999999999996,0.32326535749424523,1.0,0.24580785221092438,0.12092215745138585,0.12092215745138583,0.379338338921807,0.379338338921807,0.2440184885688204,0.24401848856882033,0.2250112681990381,0.22501126819903805,0.40909100573875584,0.2975342116190134,0.26606889787566756,0.45440915424371087,0.4121717322510745,0.5574084601584162,0.47802231920330485,0.5579549772680621,0.3218553057202605,0.5350088807655882,0.5880691920255753,0.3115238291831889,0.6574947478690467,0.9855438194265476,0.24473243178236082,0.19523071511586568,0.5928313073116389,0.3161229727502514,0.09253723456350237,0.47162774593290197,0.5214635573248237,0.30058240936199176,0.40012671558347235,0.4716277459329019,0.5214635573248236,0.30058240936199176,0.4001267155834724,0.20408057002183883,0.3796828944100058,0.14705802199307216,0.2847767032371426,0.20408057002183888,0.14705802199307227,0.6790926376150423,0.6479456153863948,0.37949218346624936,0.3991381927761044,0.4991073985638834,0.4078724065079637,0.44169720038405125,0.3456478914209109,BUY,0.0,0.0
0.45950019556271404,0.45013193119338457,0.4600571556342292,0.4471419000435417,0.04483331381599026,0.0,0.0,PPM,2022-03-08 00:00:00+11:00,Financial Services,0.4534285448366374,0.4900517348872216,0.3230405753569651,0.29740250933251877,0.5049912779053645,0.506726700223588,0.4995480623081072,0.4992191181974255,0.5186284054630066,0.46665459940210696,0.8136457025534027,0.4310877248064605,0.9893687731083043,0.3171997860317226,0.9950015086701121,0.23948795584441984,0.10674121178992718,0.1067412117899272,0.36862401520213117,0.36862401520213117,0.24389340077072885,0.24389340077072882,0.22445232893598305,0.22445232893598288,0.3829790622188368,0.33066520370244235,0.18570617192449065,0.44562966783371033,0.41263006885403153,0.5311061646761247,0.47865969591676927,0.5566822930126014,0.27862162641265054,0.5141839149879612,0.5856995076084809,0.29877893720903836,0.6593845548582975,0.9646394760726607,0.24417369717614018,0.19200345328593876,0.6114022092832696,0.19375591374935122,0.05365146124470049,0.46072898467992474,0.5369128510712646,0.30199012281228815,0.3875977796974792,0.4607289846799248,0.5369128510712647,0.3019901228122882,0.3875977796974792,0.15217319622488504,0.26005446555433887,0.10294076179298323,0.1902100386598245,0.15217319622488512,0.10294076179298328,0.6427130141915922,0.6442255941883087,0.30774874545104236,0.3578820289531882,0.5753952179161141,0.38912493655140684,0.6006964644040346,0.3451387110109754,BUY,0.0,0.0
0.443462425812277,0.4341267726940775,0.4519209732799643,0.44314117143609266,0.08549348001020358,0.0,0.0,PPM,2022-03-09 00:00:00+11:00,Financial Services,0.4726064485356981,0.5093005488840872,0.3626154319635225,0.330334116667536,0.48464032755172437,0.5432469999723533,0.5013666595802837,0.48981590527659,0.5053986930777139,0.47415264441164706,0.8042168471122988,0.4319423005492219,0.9789574985194407,0.3177808255912007,0.9903245597652028,0.23840908150638218,0.123599232625411,0.12359923262541102,0.35741872390199914,0.35741872390199914,0.2442055667136676,0.24420556671366758,0.22165202403005996,0.2216520240300598,0.0,0.36111871197001955,0.1941164173328863,0.4394772618610173,0.4115264428455391,0.5160970906410554,0.47480674621101726,0.5628912710509988,0.24308863323282714,0.49341275805979046,0.5843963345136903,0.30048883806141535,0.6599318541106978,0.9445465001451565,0.2531561341049714,0.21375323981522906,0.6465018037089234,0.33287428714395634,0.09856732542733088,0.4801153919031723,0.5569811647845438,0.3099328105068368,0.3760711470236009,0.4801153919031723,0.556981164784544,0.30993281050683685,0.3760711470236008,0.1304345583273286,0.15841828529173574,0.09374990231411301,0.11167958462597737,0.13043455832732875,0.09374990231411318,0.6381655718887738,0.6256254127379856,0.30701211954419205,0.3563270485901237,0.5565424711122665,0.36137025620824353,0.5973314272649918,0.3489820117270197,BUY,0.0,0.0
0.4514814047817244,0.4901448590643177,0.4966698068827633,0.4711460221651369,0.07622137778855083,0.0,0.0,PPM,2022-03-10 00:00:00+11:00,Financial Services,0.5505018408105888,0.5863833955519137,0.42857352357312123,0.3863517378809908,0.47276897069631385,0.6417686777067195,0.4990934023562352,0.5406629065231601,0.49608890254748506,0.5169965324149233,0.7957308809958175,0.46251755617971024,0.9690594574027878,0.34534245408739794,0.9864953065731115,0.25856156596254487,0.21419729845341343,0.2141972984534134,0.2876129702367106,0.2876129702367106,0.2555206819679688,0.25552068196796873,0.23047230850340467,0.2304723085034045,0.19444507007115405,0.4406101892462818,0.25842997662384426,0.44425244635938965,0.41178471043889575,0.5291836791087986,0.4748957236854454,0.5591854856750413,0.36927978238441106,0.47679195471451963,0.5852902498177345,0.3759438267941494,0.658431915620032,0.9297027763967509,0.29773244870427723,0.23071259889341314,0.6585574152024011,0.2764547815454581,0.0863203333216729,0.5329083925530211,0.5216245175675904,0.35917498274953363,0.3945139272610163,0.532908392553021,0.5216245175675904,0.35917498274953363,0.3945139272610163,0.2826088700649883,0.18471346469571412,0.20312526297828068,0.13042994704094504,0.28260887006498847,0.20312526297828082,0.6609029105053066,0.6516659060117213,0.4222335578004851,0.43368223428385944,0.6024761848839703,0.39783274976987587,0.590430040466675,0.3048188648645296,BUY,0.0,0.0
0.4835567913273098,0.4741396102009735,0.4722612774345676,0.4511425038894412,0.24921096755515962,0.0,0.0,PPM,2022-03-11 00:00:00+11:00,Financial Services,0.43457207109236634,0.47101876383039637,0.25708217639879705,0.24390590745497165,0.46004959367077447,0.6214544115498213,0.4945468595512632,0.5132547985614686,0.48677911201725643,0.5015665510364276,0.7854938275040593,0.4487500513446804,0.9589414594103949,0.3322759491639158,0.9826952837647336,0.24642573503515408,0.21659037802122347,0.2165903780212235,0.2938756310245302,0.2938756310245302,0.25615719236638196,0.2561571923663819,0.2239833683183468,0.22398336831834675,0.19444490163279768,0.4406101892462818,0.27206043371688715,0.444335879674724,0.41201126331657645,0.5288789288464727,0.476309414284968,0.5507137370050461,0.3152824498755261,0.4633527017232155,0.5833091880749987,0.3379690136851981,0.6552275782799695,0.9140642093639031,0.283488614085391,0.3861478431750095,0.7602568745445248,0.5524342446621261,0.2516742389194715,0.526645045930806,0.5023772245282568,0.35755372085035386,0.3640056559602256,0.5266450459308057,0.502377224528257,0.35755372085035386,0.3640056559602255,0.17391264256541852,0.19199291224969642,0.14678885438275238,0.14509390433251448,0.17391264256541872,0.14678885438275246,0.6381657135095327,0.6219057415326116,0.3769069921840662,0.4075995036882948,0.5242851071259946,0.33786813311007097,0.5838047091402908,0.3473053467813132,BUY,0.0,0.0
0.44790406730162546,0.4554271392346464,0.4673163414844348,0.4722240867142673,0.011256356152699014,0.9999999999999999,0.0,PPM,2022-03-14 00:00:00+11:00,Financial Services,0.5333543138627039,0.5695640097483591,0.4438982497668431,0.39941174624867537,0.46282199476456154,0.6685014047561983,0.48421232414165094,0.5645019409902712,0.4787603201196806,0.5352165949270222,0.7743501902133572,0.4743775625168617,0.94906317554284,0.35413939255904436,0.9789908317132126,0.2619322720387427,0.15000163814487938,0.15000163814487938,0.1626591425257451,0.1626591425257451,0.266069738139923,0.26606973813992285,0.2128219855436329,0.21282198554363285,0.3206081615158078,0.5149734697748882,0.3274905389910546,0.4520379256357026,0.4140331321893117,0.5461303217342395,0.45482416669634995,0.5526458640228291,0.42178680320601253,0.4464761867857403,0.5863929468377752,0.4037092559044783,0.6466330352432101,0.9053440960569048,0.315900885473067,0.33844756926550346,0.7581328008927046,0.02873422769001813,0.010006129048063583,0.6267135647973112,0.4575165902229327,0.3753145621972105,0.3524379223779737,0.626713564797311,0.4575165902229326,0.37531456219721054,0.3524379223779738,0.2884669170283509,0.24491000355810244,0.2503677982795935,0.19747105466879009,0.28846691702835114,0.25036779827959366,0.5951420444592337,0.6071705065808654,0.37824694427469074,0.41352647079310734,0.5362920663231636,0.34369497555032474,0.5774443910669619,0.32743343906735256,BUY,0.0,0.0
0.49649743894422693,0.48916245155413474,0.48446554904145467,0.4722240867142673,0.03589013868561803,0.0,0.0,PPM,2022-03-15 00:00:00+11:00,Financial Services,0.4823191664152124,0.5190077938955185,0.28401882526893374,0.2670650523786754,0.46813824481984523,0.6556322175118114,0.4743324628623482,0.5793345493617739,0.4707415282221048,0.5431526701489964,0.7642841377218175,0.47954333410953487,0.9385983453417057,0.3583051160115571,0.9752279170711242,0.2632643365856151,0.1365826710866376,0.13658267108663763,0.1641976921864013,0.1641976921864013,0.266069738139923,0.26606973813992285,0.20954497317668036,0.2095449731766803,0.35802964576684687,0.5568452071842918,0.3274905389910546,0.45982528405668444,0.4175116417370361,0.5601273454614049,0.42858820071066206,0.5593795398544426,0.45192880182133904,0.4262293313940573,0.5925222809860248,0.4137951275094201,0.6399600363115778,0.8956940623619436,0.32293966120821815,0.33171026377240026,0.7678370925312932,0.09244388257622213,0.0346754272870152,0.6439399572629534,0.46097357594243177,0.3753145621972105,0.36907687022862523,0.6439399572629535,0.4609735759424317,0.37531456219721054,0.36907687022862523,0.2884669170283509,0.24687156895266604,0.2503677982795935,0.2132702030259424,0.28846691702835114,0.25036779827959366,0.5985731576313813,0.6397374860244974,0.41025214380294556,0.4526840033435879,0.5717468648503207,0.36325925640154394,0.5713384857165661,0.2979349569935459,BUY,0.0,0.0
0.4859337542494748,0.4765117397993045,0.48017827695021986,0.4637914535843368,0.06677370300573209,0.0,0.0,PPM,2022-03-16 00:00:00+11:00,Financial Services,0.4622062019854707,0.49887536467055704,0.29096959787364673,0.27210667257382776,0.47251513847163995,0.6237650852398748,0.46576755240215784,0.5777157468815972,0.4651462687125467,0.5382926679810505,0.7544729590097679,0.47654070046288644,0.9288587943576476,0.3549542496792113,0.9701172288704725,0.25937363220302945,0.1419982851830426,0.14199828518304264,0.16034518642040463,0.16034518642040468,0.24553070777599645,0.24553070777599637,0.2090864675284972,0.20908646752849713,0.5248468581917528,0.42839357108855414,0.3192992025847109,0.46527237247844766,0.42159618864452797,0.5659508264679873,0.40573265871853303,0.565312596360575,0.4361769725658502,0.4166066630094105,0.5927282847749861,0.39601321326271677,0.6341514444265373,0.8851575287871991,0.32000080267415426,0.3176077940562958,0.7038147915694435,0.1788924629854474,0.07112949701503825,0.6377209627459496,0.47068153437645155,0.40621247750100575,0.37218000253424366,0.6377209627459492,0.47068153437645155,0.40621247750100575,0.37218000253424366,0.24264520724317798,0.26988664909707444,0.22778952838295333,0.2403589622848668,0.24264520724317817,0.22778952838295352,0.5333026049205367,0.6533034062226729,0.39429792229027866,0.4397746242062188,0.3721411666158433,0.3374723542857871,0.5654768165801861,0.3175073295500943,BUY,0.0,0.0
0.5493163152344673,0.5397654184867139,0.5059021592243274,0.5017380531459248,0.07452980047706957,0.0,0.0,PPM,2022-03-17 00:00:00+11:00,Financial Services,0.5733640531630574,0.6086795566563802,0.20755466641271833,0.2098737356779722,0.47899921773186915,0.7039910806458876,0.46287902188745234,0.6480282907828807,0.46383474092868227,0.5866133213574987,0.7448618114365431,0.5179900445367679,0.919961312375031,0.39125580197859544,0.965400722412352,0.2867653605874443,0.16987996347889336,0.16987996347889334,0.2120089124310377,0.2120089124310377,0.2575759053496313,0.25757590534963126,0.21622208430378437,0.2162220843037843,0.7284933154828913,0.5010954124937366,0.4309111799981892,0.48157478222509514,0.42875975832885455,0.5955375018944181,0.3924610622595208,0.5720864565443253,0.7550338944570268,0.41395824711935925,0.5931315799560194,0.5363153354955607,0.624032632787775,0.8820370801531829,0.3711964801244255,0.3163334510017864,0.7186167828875285,0.20037651980224744,0.07809182892728153,0.6510446606247563,0.5170084465057597,0.4666140622718862,0.37940438321535025,0.6510446606247561,0.5170084465057597,0.4666140622718862,0.3794043832153503,0.44884154540399634,0.323588048753845,0.44884154540399634,0.3067338118948375,0.44884154540399646,0.44884154540399646,0.5935085021276094,0.6727945094936921,0.4958590666457408,0.5571817536428026,0.33054851604492785,0.4347020512323358,0.42479675730706734,0.24277449133381968,BUY,0.0,0.0
0.4795953237097328,0.4891623601108649,0.505902070139832,0.4764402785176831,0.055330581749908826,0.0,0.0,PPM,2022-03-18 00:00:00+11:00,Financial Services,0.42320129249592553,0.45948988136409147,0.3535315495038271,0.3236329151126336,0.4843611623474444,0.6275039436732421,0.4589341410732404,0.610155730382614,0.4624439921664365,0.5566683974599949,0.7349377130043364,0.49889806406607684,0.9107468478407701,0.37317989141783836,0.9602655275805092,0.2714608029174842,0.18247710163448758,0.18247710163448755,0.22052482224322872,0.22052482224322872,0.2585899941590318,0.2585899941590317,0.2189159801235197,0.21891598012351954,0.618277425621827,0.3048175824925228,0.4390560969495849,0.48880865296705794,0.43621935664203587,0.598382074212866,0.3779208895231265,0.5782620685100108,0.6027069613836173,0.4126404613564645,0.5922122658539305,0.4483639486215445,0.6152151216058848,0.8761632694294506,0.3453815457164465,0.17027443177778157,0.7264576248270024,0.26664592079443683,0.057048719480394965,0.6441443518831526,0.5079263804062543,0.4651328420727873,0.37177634315876484,0.6441443518831523,0.5079263804062543,0.4651328420727874,0.37177634315876484,0.31137749353675204,0.3312596489184475,0.3113770939847074,0.32713692760111257,0.31137749353675215,0.3113770939847076,0.5093124502720527,0.670878808243112,0.44390508986138344,0.4917494273373824,0.21797892078139844,0.4306693373473422,0.42750417329641477,0.25294115496891534,BUY,0.0,0.0
0.5070612856776582,0.518680881078808,0.4973274848651734,0.4637914535843368,0.15195078488953379,0.0,0.0,PPM,2022-03-21 00:00:00+11:00,Financial Services,0.4522387481735595,0.48885394366608403,0.2214568752199649,0.21679434930332214,0.48257383866104897,0.599943600697098,0.4594623162229936,0.5873203065072661,0.4615036317420804,0.5419229449150784,0.7251265342922872,0.4918513647334831,0.9013005734531827,0.36606672121722417,0.9550379141987237,0.2647372798175006,0.17450520330687772,0.1745052033068777,0.15445640050886367,0.15445640050886367,0.2556285832808365,0.2556285832808364,0.21883553251120064,0.21883553251120058,0.47067812038340445,0.29335912834765704,0.45336201353721217,0.49233265389650255,0.44302919720363476,0.5921384790545219,0.3781192759291294,0.5789351509620713,0.4631594495736521,0.4124138059473559,0.5909903156872022,0.4055879822718778,0.6074362903745074,0.8688304727632568,0.33566617159898937,0.27626602131497957,0.7668034614807666,0.4639889855124886,0.15172510862311123,0.596486765891681,0.5454445467048011,0.4715785675019059,0.37218000253424366,0.5964867658916809,0.5454445467048012,0.47157856750190585,0.37218000253424366,0.24264551860002,0.3312597531761993,0.24264520724317798,0.3321050579684169,0.24264551860002015,0.24264520724317817,0.5319136205413866,0.6968075802590382,0.46702878609958554,0.5017302225939942,0.2935699029968277,0.4960966331998046,0.4301574409659751,0.2640949070273242,BUY,0.0,0.0
0.5028357471099496,0.522897762344155,0.5016148573394403,0.5017380531459248,0.20743956570264355,0.0,0.0,PPM,2022-03-22 00:00:00+11:00,Financial Services,0.5733640531630574,0.6086795566563802,0.3604826529031395,0.32994802550826624,0.4888294186762103,0.6802889783467623,0.4656668571397946,0.6436771816011861,0.4646020131800972,0.5858290252626648,0.7171317660180909,0.5329439422759711,0.8926963680670372,0.4026087889831991,0.9500875573783358,0.29237765204145805,0.2284519971597099,0.22845199715970993,0.18479664587330302,0.18479664587330308,0.26270611216300704,0.262706112163007,0.23306624735702458,0.23306624735702453,0.6764706394296377,0.41303412909577464,0.5328856082225496,0.5068199921040691,0.45193923798806535,0.6123195387046605,0.38778399210492664,0.5805499165448849,0.7797507849985379,0.41373692832778763,0.5944957190217971,0.5346447047942661,0.5995642972940316,0.8653485081209811,0.38837578450548293,0.4055021013572144,0.8429822780337254,0.4387033436825196,0.19087910921805823,0.6495061150190636,0.5950500413323329,0.5328601012624541,0.4055969550917126,0.6495061150190635,0.5950500413323327,0.5328601012624541,0.4055969550917127,0.448842121347316,0.33125994603065956,0.44884154540399634,0.3321050579684169,0.44884212134731616,0.44884154540399646,0.5956867798623595,0.7006166839680003,0.543004161939723,0.5444029470573661,0.43648656476228453,0.5787359824174474,0.43275764328214417,0.20231201909726537,BUY,0.0,0.0
0.5112866759556445,0.5692838301042679,0.5530623954372558,0.5776311275075512,0.22281277266159816,0.0,0.0,PPM,2022-03-23 00:00:00+11:00,Financial Services,0.6596722050674314,0.6915579193431969,0.5829236818083257,0.5108274081442858,0.5129581033372697,0.8104294184749721,0.48095087236664225,0.7504754437576164,0.47381790595506446,0.6699638840427222,0.7111534309194334,0.6101027942738314,0.8859229355523288,0.4716713794127083,0.9455747912343178,0.34586330938420706,0.32700540992532146,0.32700540992532146,0.28415224321191906,0.284152243211919,0.3125435694739394,0.31254356947393946,0.2777718109341561,0.27777181093415615,0.765957085133415,0.5595343249496618,0.6574420037349408,0.5401642836031039,0.46703585314830187,0.671767026211268,0.4386913070237686,0.5612789893312673,0.9548720257023473,0.4264507628241192,0.596989831439429,0.7677143320727584,0.590067570342321,0.8686151819809853,0.4900321112675713,0.5230535152349185,0.919059111300843,0.36818492282790743,0.18980055630821982,0.7682707646979379,0.6747139469176608,0.6285429685296038,0.44574855731291346,0.7682707646979376,0.6747139469176608,0.6285429685296038,0.44574855731291346,0.9260919022035458,0.5370968946112613,0.8612335437894031,0.5159915401437297,0.926091902203546,0.8612335437894032,0.5917383245085295,0.7085467161732478,0.7565241234321891,0.6842029227328594,0.5555082555185238,0.6471872947380273,0.43530584155199026,0.09065936835232202,BUY,0.0,0.0
0.5746693660266158,0.5819345714986176,0.6002227135146465,0.5776311275075512,0.07807015184604274,0.0,0.0,PPM,2022-03-24 00:00:00+11:00,Financial Services,0.4823191664152124,0.5190077938955185,0.37438519869569814,0.342360622322617,0.5290438842967722,0.7715467627562451,0.4930522962872599,0.7311505871406274,0.4791138997954938,0.6643468442113136,0.7062526890210776,0.6129310500689368,0.8788562310140575,0.47481634295311403,0.94129587180629,0.3475306993372814,0.3264915119986545,0.3264915119986545,0.28137036696048245,0.28137036696048245,0.2670985290587721,0.26709852905877207,0.2734381578454224,0.27343815784542236,0.765957085133415,0.5887319371032251,0.6952833990980773,0.5670374314169258,0.48553526092629806,0.7044648423763704,0.4705999466152919,0.5532256667138564,0.8138483455786663,0.4392884224651865,0.593424570180206,0.727667197815555,0.582940520756491,0.8702232588283432,0.4937793779528463,0.5257206248887026,0.7739664190546405,0.12819405442561288,0.07659804105236573,0.7121621590058462,0.6447660452088344,0.5641275102118198,0.4646403998278358,0.7121621590058462,0.6447660452088343,0.5641275102118198,0.4646403998278357,0.8623567548319904,0.7446070295107428,0.8612335437894031,0.7228637759110229,0.8623567548319905,0.8612335437894032,0.56211200395929,0.6917510247759969,0.7509564393998764,0.7048464106352967,0.6018536786027194,0.6846971184247035,0.441428704733864,0.060439524706681125,BUY,0.0,0.0
0.5915713551629567,0.6114529328169259,0.6216592891380042,0.632442743805901,0.14022183618161252,0.0,0.0,PPM,2022-03-25 00:00:00+11:00,Financial Services,0.6040733319302761,0.6384003899500987,0.49950808752665454,0.4390109672374351,0.5621091080589746,0.8250107581278905,0.513656032866979,0.7912200224109316,0.4877664595201199,0.722244802118424,0.7015810041995829,0.669201903727973,0.8730873086259141,0.525417651676447,0.9377682040507582,0.3864433244269382,0.28409282770090694,0.28409282770090694,0.28548997455947495,0.2854899745594749,0.29334931971151695,0.2933493197115169,0.28080248848644745,0.2808024884864474,0.8448274190791772,0.7568531185690682,0.6867412608783213,0.6036035868755949,0.5090733272278594,0.7528818776262984,0.519453872462122,0.5442097294038672,0.8493330682937658,0.46519669581558865,0.5831409371723805,0.8101636765348506,0.572878464844172,0.877070349345759,0.5733671312850727,0.58967311452035,0.7734743092308982,0.20597726299992153,0.13882674467080863,0.8255959778028301,0.720273684025416,0.6138770385066986,0.4716589983404911,0.82559597780283,0.720273684025416,0.6138770385066987,0.4716589983404911,0.9999999999999999,0.9291620917128408,0.9999999999999999,0.9071856827884267,1.0,1.0,0.5243708335743942,0.6422770042122586,0.7267136357387588,0.7405665975148124,0.6772227204601456,0.6363432414798944,0.45097102385759025,0.013262620913473633,HOLD,0.0,0.5
0.6591795215028566,0.657839156891617,0.6816815832884708,0.6703893433674888,0.09915389394381578,0.0,0.0,PPM,2022-03-28 00:00:00+11:00,Financial Services,0.5637041240487826,0.5992766194452921,0.4021902855823447,0.3640206025318134,0.6058981946087161,0.8119566947931238,0.5361763822565704,0.818700836442251,0.49433289228128974,0.7613661251297399,0.6984563262651533,0.7082104665948098,0.8683070992535824,0.5609379590628354,0.9344008685870597,0.4138275626259821,0.2033083569698444,0.2033083569698444,0.2906154316481823,0.2906154316481823,0.24782314177250836,0.24782314177250833,0.29010502388609477,0.2901050238860946,0.8448274190791772,0.8107026830270546,0.7201431471398163,0.6427106083611487,0.5372495337491131,0.7974502875434824,0.573043265017692,0.5341912925291117,0.8195195426727755,0.49214261763633593,0.568754459823054,0.8274026671152875,0.5653072447073446,0.8830178505313284,0.632022452410075,0.5498987862530526,0.7634459527898327,0.1558643899402146,0.09888562954576671,0.89864258542495,0.7340699195068185,0.5783472633271791,0.5008013243710211,0.8986425854249499,0.7340699195068187,0.578347263327179,0.5008013243710211,0.9675273268499859,0.9430367321183952,0.9675273268499859,0.9427331240361544,0.9675273268499861,0.9675273268499861,0.527066815197365,0.6444823568475794,0.720031978690413,0.7751868275911812,0.7224950347368178,0.6293720004384815,0.4651875157930535,-0.041450705309376,HOLD,0.0,0.5
0.6634051207814136,0.6873576490996417,0.698830884103852,0.7083360676906263,0.03708957825666637,0.0,0.0,PPM,2022-03-29 00:00:00+11:00,Financial Services,0.5618068068785823,0.597426721142283,0.5134109734128679,0.4459593808561025,0.6496873076020688,0.7995811675248237,0.5630091600929052,0.8386162627836338,0.5034681200847315,0.7973299542891039,0.6971480671697172,0.7461651360831695,0.864222324014138,0.5962318083003584,0.931603100814455,0.44103769723114306,0.2046422711696164,0.20464227116961642,0.2848835325367866,0.2848835325367866,0.25666217289941556,0.2566621728994155,0.2974764706803064,0.29747647068030636,0.9508197993674448,0.8390995353645321,0.6903820788510275,0.6833627071286122,0.5695054933352441,0.83665309262133,0.6280673038185767,0.5298272437621432,0.7963460991531996,0.5270477677826202,0.5510732163858977,0.8228385619764612,0.5618789610264254,0.8859280303788852,0.6895178790529704,0.4215662992516412,0.757895919080618,0.07559222862453226,0.03632051374489661,0.8910896774877266,0.7710655291945108,0.6149576592315826,0.5352692653639963,0.8910896774877266,0.7710655291945105,0.6149576592315825,0.5352692653639963,0.9999999999999999,0.9891265344374297,0.9999999999999999,0.9891402826419408,1.0,1.0,0.5388576003271968,0.5834471124596473,0.6842541226371095,0.7722600662169248,0.7723564375725791,0.6091409470528579,0.4859694744068751,-0.06329115915392747,SELL,0.0,1.0
0.7014346874494055,0.7590450951925926,0.7331293111034325,0.7715801923573571,0.08114576214445095,0.0,0.0,PPM,2022-03-30 00:00:00+11:00,Financial Services,0.6117791854482395,0.6458176439558735,0.5968258986771261,0.5041541127913005,0.6907954350658283,0.8495956776761195,0.5979875919957278,0.8857574463004301,0.5177012778223862,0.8575995853315377,0.6985079470687028,0.8071853791380813,0.8615898700648881,0.6531437535051738,0.928507422141458,0.4858181204602984,0.1529458179614494,0.1529458179614494,0.2779103435225211,0.2779103435225211,0.2739811188103723,0.27398111881037224,0.31695385246148183,0.31695385246148167,1.0,0.8536147426562033,0.749170883123659,0.7317170242563958,0.6068659231436749,0.8857025198705544,0.6939305760806673,0.5291695021128884,0.8065938292642675,0.5771460441422773,0.5273977040705552,0.8315795271098245,0.5658602540179514,0.8822237537000872,0.7752075064287391,0.3148420190899761,0.7692119012259118,0.21910201751816738,0.08011689252179591,0.8606446333924117,0.8427266157901636,0.6898214962123814,0.5869711987784546,0.8606446333924117,0.8427266157901638,0.6898214962123815,0.5869711987784547,0.9756097742086919,0.9809594741224404,0.9766330526717232,0.9813257598789564,0.9756097742086922,0.9766330526717234,0.557401102971153,0.6097768390184893,0.6857723335476293,0.7899696986738691,0.7757057813134612,0.62002053251066,0.5117991826708793,-0.082926802159897,SELL,0.0,1.0
0.760591826309819,0.7590451493485314,0.7545658729140969,0.7631476839889761,0.044445250010482565,0.0,0.0,PPM,2022-03-31 00:00:00+11:00,Financial Services,0.4656894233573001,0.5023704970173851,0.3743851971306577,0.3446851071004172,0.7301162652868036,0.7462729392197844,0.6276953032253083,0.8263461461609738,0.5321530286174687,0.8311785509679874,0.69985332239981,0.7980581672753074,0.8589495187034881,0.6470639142044285,0.9252916669919831,0.48144570816897236,0.17860956624282892,0.17860956624282892,0.29871215339435736,0.29871215339435736,0.2716065321983248,0.27160653219832476,0.3169758773631692,0.316975877363169,0.9696971734877056,0.8784730413237106,0.7679225888519958,0.7658488951601286,0.6449110643930411,0.8922819889528026,0.7390776777998853,0.5378689179886009,0.7281537572109802,0.6165294537901187,0.5137362379673999,0.7628129433064161,0.569597398983732,0.8788869371905028,0.758470521293199,0.2895108327339793,0.7649370825565106,0.13036187297350013,0.04344116978378866,0.8496718539732745,0.7905730347116927,0.6946339158633165,0.5868135588527679,0.8496718539732744,0.7905730347116928,0.6946339158633165,0.586813558852768,0.9512195545366557,0.9754988211040683,0.9532661108989108,0.9765564335689401,0.951219554536656,0.9532661108989109,0.5656245130731345,0.6462642253876153,0.6451382370810574,0.7402483553529963,0.9313171384276013,0.6576771323443855,0.5479090203042353,-0.09558822409532985,SELL,0.0,1.0
0.7690429263308214,0.7843467222918651,0.7931516774983085,0.7884454586172178,0.0957829341800018,0.0,0.0,PPM,2022-04-01 00:00:00+11:00,Financial Services,0.5324534433390007,0.5686780755632531,0.4299953754337027,0.38326223642180834,0.7631815419362289,0.7316046475244669,0.6631529095982549,0.8126501469656924,0.5491339372250186,0.8422719123268434,0.7017810353384077,0.8215239761025431,0.8558929572593286,0.6709064026416389,0.9223776768582357,0.5001605173975746,0.16157194164287594,0.16157194164287597,0.24049570592846486,0.24049570592846486,0.26283330426807644,0.2628333042680764,0.3195313894250404,0.31953138942504034,0.962963226800576,0.87984987489748,0.8050010246263954,0.7977222503659952,0.6829642371689912,0.8923591647931388,0.7736985600702906,0.5647789405631736,0.7171617023355221,0.6570661491467467,0.5028699899308856,0.7461652720700277,0.5752642495830049,0.8735982968769369,0.78614653786551,0.2560329622686981,0.7893465469137761,0.3146621528617747,0.09265805483979538,0.8042671205155305,0.8441618635052469,0.733887174707331,0.5980252909331352,0.8042671205155304,0.844161863505247,0.733887174707331,0.5980252909331351,0.9529412213068035,0.959741202161728,0.956327591524465,0.9619512296733745,0.9529412213068036,0.9563275915244651,0.5752094244004589,0.6077496894308437,0.634303524659872,0.7225282189897587,0.9472633360526101,0.7066417479709906,0.5833998404304247,-0.10386486309152743,SELL,0.0,1.0
0.8366509541689937,0.8855525807226411,0.8788976450738168,0.8980686912139175,0.11411431327323551,0.0,0.0,PPM,2022-04-04 00:00:00+10:00,Financial Services,0.6964182689685875,0.7262400672625535,0.5690207992173242,0.4751545168382776,0.8114389112583476,0.8613650660664205,0.7125060368241811,0.9064702081904821,0.5760129145857122,0.9404849356234994,0.708207823280008,0.9241490861262839,0.8546987811997453,0.7681595467124702,0.9207323433534906,0.5764489207583429,0.2867153768014552,0.2867153768014552,0.26357764352013635,0.26357764352013635,0.2752064052431195,0.27520640524311946,0.36787731696222364,0.3678773169622235,0.9750001664460948,0.9080376129227792,0.888067618489869,0.8506462998265439,0.7260545071942455,0.940761197583467,0.8315518259942014,0.5939433966597543,0.8068313489508643,0.7200414327379967,0.4867452090140115,0.7956771671030528,0.5965649169164688,0.852050980457167,0.8988173739437737,0.26730333479946966,0.8075919194703591,0.3597351391124699,0.10842877088158559,0.8876503924131662,0.9667766109299955,0.8930240334410238,0.6874139704767506,0.8876503924131661,0.9667766109299953,0.8930240334410238,0.6874139704767505,0.9816513892473273,0.961764235275184,0.9826976160356274,0.9639793794264852,0.9816513892473274,0.9826976160356276,0.642304381126255,0.6580033049269599,0.6705204614523637,0.7525466594214413,0.9533633467260114,0.752413621489892,0.6212910578090972,-0.16818173992621765,SELL,0.0,1.0
0.9127101487968545,0.9614571191952374,0.9560691629554408,0.9823943987054742,0.09981308454929722,0.0,0.0,PPM,2022-04-05 00:00:00+10:00,Financial Services,0.6372792862180572,0.6702480589626671,0.596825894215173,0.48844407814321683,0.8695264550811961,0.91342572983802,0.7671298847233492,0.9505752211653526,0.6087908255062793,1.0000000000000002,0.7169349693180922,0.9999999999999999,0.8559298331895979,0.8417913631893013,0.9198785191597367,0.6349900234310463,0.3015638830247449,0.3015638830247449,0.2771881787300313,0.2771881787300313,0.2847149219796474,0.2847149219796473,0.39129684121659686,0.3912968412165968,0.9770116545391345,0.9363853864631027,1.0,0.9125049416095741,0.7753096341790611,1.0,0.908418056825933,0.6152118684944163,0.8272009168132785,0.7944681900549582,0.4692225926498802,0.8006853719239293,0.6278163226124895,0.81900808251039,0.9489724734153955,0.3145558393441777,0.8329617842496182,0.2696056692914838,0.09204344249198589,0.9368988684623556,0.9999999999999999,0.986677363192068,0.7311999373560508,0.9368988684623556,1.0,0.9866773631920682,0.7311999373560508,0.9999999999999994,0.9780983538561261,0.9999999999999994,0.9796084230945602,0.9999999999999996,0.9999999999999996,0.6806444531540639,0.654572864528575,0.6806528535498678,0.7546692110415425,1.0,0.8060231906007014,0.6751580501917068,-0.217391267989113,SELL,0.0,1.0
0.9380630955451699,0.953023201544066,0.9560690742142479,0.9570966240772325,0.07844819247964753,0.0,0.0,PPM,2022-04-06 00:00:00+10:00,Financial Services,0.43785224003912443,0.4743372942891782,0.42999537123366144,0.38155943654935204,0.9088472588585601,0.7852056253719271,0.8102539706926597,0.8522316072803469,0.6402645432113345,0.9355432533119858,0.7269655269939439,0.9682769172448346,0.8565506237448823,0.8191488181538626,0.9189567821356612,0.6180064950362926,0.3778813048286697,0.3778813048286697,0.3128030487649075,0.3128030487649075,0.29756557786284715,0.2975655778628471,0.3721684418963381,0.372168441896338,0.9047618712126924,0.8894714853951589,0.9783854283455942,0.9505201314604468,0.8237985645098308,0.9926375303597523,0.9561132890386199,0.6431456572238652,0.7336489758550553,0.8478845989855253,0.46870698165433444,0.7367239395114155,0.656040174178951,0.7935427430825508,0.8807086489640746,0.31252363594261556,0.829710806851982,0.2133419675970448,0.07227314721883175,0.8225874841112741,0.8854170293701278,0.9681160164143582,0.7644645903093794,0.8225874841112739,0.8854170293701278,0.9681160164143583,0.7644645903093794,0.9512193772398787,0.9775217948497475,0.9550866442612415,0.9791934176383539,0.9512193772398789,0.9550866442612416,0.6470968896828326,0.6763807264211915,0.6366111284624555,0.7100971612288743,0.9338493377073375,0.7792941308019741,0.7327595841567692,-0.202643204825399,SELL,0.0,1.0
0.929612172654398,0.9867586020393541,0.9560691629554408,0.9823943987054742,0.0559468397690728,0.0,0.0,PPM,2022-04-07 00:00:00+10:00,Financial Services,0.5273737629666898,0.5636782935018586,0.541215720320079,0.452104524114867,0.9553173044942835,0.7460110557857087,0.8562530042336534,0.825061879800969,0.6715724843912745,0.9294104464283583,0.7394642093276724,0.9838133161094539,0.8574884037111725,0.8408996643674196,0.9178691094027784,0.6359978623000254,0.3427824921308023,0.34278249213080225,0.2942465943438211,0.2942465943438211,0.29729859254680463,0.2972985925468046,0.3579023017825333,0.35790230178253324,0.9012345047605862,0.9346709336294818,0.9912315919339483,0.9833314575845575,0.8704309238212447,0.974797531068722,0.9880920744722435,0.6891526251126634,0.7220730058049056,0.8994675187264847,0.4695966603308891,0.7198234501659193,0.6870006667601254,0.7686540894881435,0.8688077315607485,0.32118831294271183,0.8203553242598274,0.1483705699640691,0.05164446945381356,0.8627961087886027,0.9083867945952813,0.9561640482260525,0.8224329255639987,0.8627961087886025,0.9083867945952814,0.9561640482260525,0.8224329255639988,0.9534884058367952,0.9680914276964501,0.9558823857076812,0.9702256981990743,0.9534884058367954,0.9558823857076815,0.7093995344675106,0.7291515495477302,0.620771905609135,0.6915944653847728,0.9704188252435242,0.8263138476904199,0.7788408113288193,-0.217391267989113,SELL,0.0,1.0
0.9634161301495658,0.9614570287655996,0.9560690742142479,0.9570966240772325,0.035610826295256914,0.0,0.0,PPM,2022-04-08 00:00:00+10:00,Financial Services,0.43785224003912443,0.4743372942891782,0.3465801142797105,0.32940246683516444,0.9910634608988564,0.6327973909593632,0.8931480631247852,0.7415646214431957,0.7025562147295124,0.8685876604785212,0.7494947670035237,0.952423398507544,0.8578159222428936,0.8184345770702011,0.9166550630721462,0.6191467995138512,0.4017135393800326,0.4017135393800326,0.3348747476660889,0.33487474766608893,0.2958496247290499,0.29584962472904974,0.35229768046362603,0.35229768046362586,0.8055553500667018,0.9142531537865425,0.9445480792463752,0.9977816392345312,0.9111900999717879,0.9183614549188432,1.0,0.737843019300704,0.6551124186412648,0.9356910384153949,0.48387380151565595,0.677365689604034,0.7110332451815549,0.7500040319160453,0.8196041749695979,0.2758578942632539,0.7217916775163625,0.10956285048637741,0.03642514281803488,0.8012213443385651,0.8254846751846604,0.9579059500916802,0.7644645903093794,0.8012213443385651,0.8254846751846603,0.9579059500916801,0.7644645903093794,0.906249891097502,0.9366992298342893,0.9117646157919765,0.9407174612562077,0.9062498910975022,0.9117646157919768,0.6998144906178354,0.7286390881460946,0.5914000233985741,0.6615142652980968,0.9337906520516953,0.7946567840097669,0.8205417673559038,-0.20484579947329085,SELL,0.0,1.0
0.946514088182383,0.9361555282418396,0.9560690554626292,0.9402314825789211,0.03243548543641475,0.0,0.0,PPM,2022-04-11 00:00:00+10:00,Financial Services,0.4522828427797837,0.48889834208072264,0.3465801148275152,0.32909746152262626,1.0,0.5853522117390404,0.9238140807593018,0.6800454147670936,0.7312161551691498,0.8210088364136581,0.7586881090918247,0.9299066386349192,0.8594473711995754,0.8026708024661728,0.9155516375088211,0.6080488799985176,0.2843348295783095,0.28433482957830947,0.35950517132173215,0.35950517132173215,0.3104358633615972,0.3104358633615971,0.3543478112057112,0.354347811205711,0.7837834271428641,0.8800011047659142,0.9493053558904132,1.0,0.9443275823362964,0.8451237439335211,0.997001011477062,0.7893767914621455,0.6027379651856155,0.9632744573111587,0.5024327074804257,0.6469857555278804,0.7314869768274745,0.7354683179865169,0.7859281612243366,0.2143254734582129,0.7315645746911558,0.1269303426787021,0.0326402078138933,0.6536565977526746,0.7719173830475337,0.9160419954010253,0.7465193645417092,0.6536565977526744,0.7719173830475337,0.9160419954010253,0.7465193645417092,0.8620688607646865,0.9068472042156982,0.8823528417070077,0.9163933615904085,0.8620688607646866,0.8823528417070079,0.6566818254860882,0.7157637369202284,0.5646917924115085,0.6384953872697336,0.8892482713968888,0.8936838970972858,0.8539025321775714,-0.199999934243556,SELL,0.0,1.0
0.8958082522875499,0.9024204541317146,0.9046216694092883,0.8643386577403938,0.04641714202951523,0.0,0.0,PPM,2022-04-12 00:00:00+10:00,Financial Services,0.34595481734223793,0.38011783228361085,0.2631648413651018,0.2743424033730262,0.9749777063829654,0.48555733935830636,0.9415428839457756,0.5565896277192033,0.7552285540124646,0.716472728896868,0.7650568325556435,0.8531550199785952,0.8598346050506693,0.735666594597552,0.9134260053907206,0.5566499124395335,0.20269849019680933,0.2026984901968093,0.44950392536803935,0.44950392536803935,0.37414966381564124,0.3741496638156411,0.3790607695227353,0.37906076952273526,0.6046513388288937,0.742466442877794,0.8358311315727023,0.9763813913344663,0.9651932188056308,0.7272021994372039,0.9769628253624627,0.8348730398296023,0.43575411823083243,0.9733994981104932,0.5297162084367922,0.581579755630086,0.743363593489976,0.7291268634224777,0.7110606626796823,0.17409985206495548,0.7364221549939358,0.2195279014063429,0.04704135269172444,0.48670895999949443,0.6714015611153779,0.84624612908453,0.6887333796496183,0.4867089599994944,0.6714015611153776,0.8462461290845299,0.6887333796496183,0.676191053266869,0.813994262918511,0.7443613042007121,0.8456551396452996,0.6761910532668691,0.7443613042007122,0.6423040085520841,0.7471274273047205,0.5157686212758321,0.6008697954446975,0.8176648212183757,0.868251059922887,0.9873455914642416,-0.1527778120259201,SELL,0.0,1.0
0.8451020530931275,0.9024203256091431,0.896046939538834,0.9233664658421592,0.054584189548872064,0.0,0.0,PPM,2022-04-13 00:00:00+10:00,Financial Services,0.5927996274427704,0.6275196914335254,0.6246309811292309,0.511509953058936,0.9678284909682175,0.6103443359406997,0.9587925268405619,0.6152060823583667,0.7833721102793914,0.7522847494950637,0.77260476100574,0.9043593868167993,0.8608637037036564,0.7870433238662788,0.9117316595351634,0.5982686419936264,0.31344848598255604,0.31344848598255604,0.4403830020415939,0.4403830020415939,0.3737414619376464,0.37374146193764635,0.38878200693913717,0.388782006939137,0.5405406810356168,0.7674727384726566,0.8592925793037598,0.9698827390292079,0.9803326871181002,0.6721788069605529,0.9712408657318004,0.8673224341969688,0.5312527023786983,0.9860027425324887,0.5610283177480436,0.6115918482996158,0.7593644680595644,0.7184806951223026,0.749517587973052,0.1561220001623447,0.7307974260436176,0.28478724131831545,0.0559576825821267,0.5730785525965666,0.6632272897906305,0.9107953928008397,0.7102742498730917,0.5730785525965665,0.6632272897906306,0.9107953928008398,0.7102742498730918,0.8000001602220701,0.7784165701191157,0.849624165804659,0.8248737361480459,0.8000001602220701,0.849624165804659,0.6758514721672693,0.7549683310774563,0.517473904566193,0.6006884027484957,0.8154436667397016,0.8721143801716766,0.984605208407708,-0.15919275802213273,SELL,0.0,1.0
0.8958081246581238,0.9024203256091431,0.9131961461474101,0.9233664658421592,0.02315503057150957,0.0,0.0,PPM,2022-04-14 00:00:00+10:00,Financial Services,0.4823191664152124,0.5190077938955185,0.45780045946906645,0.39989188219532834,0.9553173309378946,0.6328545054596311,0.9770004761402846,0.5938737007364685,0.8091918842878938,0.7281719967965594,0.7809608791053511,0.8987492457814749,0.8611596165816002,0.7868796489510554,0.9104465481672968,0.598897249597573,0.29561200595337545,0.29561200595337545,0.43679189979661176,0.43679189979661176,0.37425545437063906,0.374255454370639,0.3849062126182719,0.38490621261827185,0.3703703297799239,0.744417251372011,0.8696124202343143,0.9606428288167305,0.9902361180705279,0.621865136318768,0.9495404067692776,0.9150097380044797,0.4949570702974087,0.9965072698898576,0.5907111456195081,0.5992726905860136,0.775643828614536,0.7090276688703667,0.7379239493336669,0.1314184208390201,0.7070910528051417,0.1430096110430853,0.023646588474206594,0.547488876242449,0.670657878792704,0.8655441616000684,0.7287498585969201,0.5474888762424489,0.6706578787927039,0.8655441616000685,0.7287498585969201,0.7674420324360743,0.7467308030012346,0.8449613522687964,0.8123690370424336,0.7674420324360745,0.8449613522687967,0.6710590012641007,0.7549682340215232,0.512514339995455,0.5962809873598879,0.7915739294898889,0.9099928858600554,0.9789116545722002,-0.16591933219646937,SELL,0.0,1.0
0.9211610538277346,0.9361555282418396,0.9560690554626292,0.9402314825789211,0.052666422658115115,0.0,0.0,PPM,2022-04-19 00:00:00+10:00,Financial Services,0.5128940300661758,0.5493858579694197,0.42999537095975904,0.38171603313164243,0.951742710008715,0.6717264143324368,0.9942500906781964,0.5960622852626678,0.8375936326411764,0.7195677693374987,0.7906930072923788,0.9081915560937927,0.8619112403217772,0.8012954623069064,0.9092846609249738,0.6111387563388785,0.3000860760304169,0.3000860760304169,0.4357812975283521,0.4357812975283521,0.3525974380643085,0.3525974380643083,0.38103073005742477,0.3810307300574247,0.461538373992715,0.7343760236205372,0.861801558219909,0.9539971701980788,0.996570690560513,0.5875715748142611,0.9174211886332189,0.9701051889846231,0.5065256605920376,0.9999999999999998,0.6306476254583405,0.601059613040957,0.7935751130545483,0.6996909222471619,0.7390319396202774,0.14426718667313526,0.7058617032642515,0.2952674261552144,0.055660422967879535,0.5906736716920964,0.6620449009420575,0.9109100396074978,0.7593807547723332,0.5906736716920964,0.6620449009420574,0.9109100396074976,0.7593807547723334,0.8048778386163383,0.7898215372438734,0.8759688852456672,0.8563820792001734,0.8048778386163385,0.8759688852456673,0.6662662917464741,0.704001660545862,0.5371474048752387,0.6044513213692722,0.7821548078566426,0.909389349434675,0.9734458428901126,-0.16888878513983274,SELL,0.0,1.0
0.9296123858894518,0.9277220224836592,0.9560693764242287,0.9486643652319504,0.011200894601502908,0.0,0.0,PPM,2022-04-20 00:00:00+10:00,Financial Services,0.49747138345596403,0.5340963836732041,0.42999537564800006,0.3816373868484242,0.9535300865823331,0.684632865514454,0.9999999999999998,0.6004522282679379,0.8672863872672871,0.7015341207232055,0.7993620804515413,0.9103394897176115,0.864577062780846,0.8072193694404026,0.9080674642105668,0.6175798344039453,0.2967921327131913,0.2967921327131913,0.3199186460105247,0.3199186460105248,0.3420058201830985,0.34200582018309844,0.37493226476275204,0.3749322647627519,0.41666718038943473,0.7190108037232451,0.8975790897732137,0.9471415504579944,1.0,0.559654576099542,0.9173935019167603,0.9793091693205729,0.5257492038535292,0.9937138539653667,0.6813794754130625,0.5987557135677963,0.8103730639401421,0.6900320062352081,0.7344652762198194,0.12827019193801198,0.6409140754972322,0.07246210668837212,0.011860020963221921,0.617145074998938,0.5788761868982432,0.9341990248463014,0.7333565567483414,0.617145074998938,0.5788761868982433,0.9341990248463015,0.7333565567483414,0.810811594718294,0.7934417430745914,0.8914733398830538,0.8703775454822397,0.8108115947182942,0.8914733398830539,0.6518886443772229,0.700081164174856,0.5303965380553983,0.596747333962594,0.7755918386771711,0.9415182640566448,0.9681986636753085,-0.19026551945840153,SELL,0.0,1.0
0.9296121185846653,0.919287927161922,0.9389199027029305,0.9317989742105401,0.026255364693944953,0.0,0.0,PPM,2022-04-21 00:00:00+10:00,Financial Services,0.4521494972491479,0.48876407603653615,0.37438519942545256,0.3464038182152027,0.9678285174118288,0.6264084586411944,0.994250119035071,0.5850296243772568,0.8936225530886754,0.6616837833156204,0.8080021108703881,0.8887478772121101,0.8669338001004201,0.7910955833605251,0.906960890086606,0.6064467443023364,0.15787654598331616,0.15787654598331613,0.2312274495457186,0.2312274495457186,0.3508513847352716,0.35085138473527167,0.37464736078749533,0.37464736078749517,0.43478274853688315,0.6549202483726199,0.8920022648660948,0.9332443581812916,0.9994223116494276,0.5211508846228637,0.9055891950458514,0.9802558539624191,0.46018510461710793,0.9812300308784792,0.7326189999476848,0.5746292638576664,0.8255328363533996,0.6829777254854699,0.7124544107336857,0.11308139699511266,0.557308439853064,0.18483717448056353,0.03357617481160042,0.6822338497896475,0.5045195082521592,0.8731423380239332,0.7344664742810821,0.6822338497896476,0.5045195082521592,0.8731423380239332,0.7344664742810821,0.7391303492409064,0.7839615838398126,0.8593749851463846,0.8751978440277371,0.7391303492409065,0.8593749851463846,0.6135488561571578,0.6765583122675906,0.4976744419415513,0.5815043433630288,0.7215910488891821,0.9075706327809276,0.9631613716290967,-0.17187503921718594,SELL,0.0,1.0
0.9211611068962033,0.919287927161922,0.913196093517666,0.9317989742105401,0.014728884058462488,0.0,0.0,PPM,2022-04-22 00:00:00+10:00,Financial Services,0.4823191664152124,0.5190077938955185,0.4021902855823447,0.3640206025318134,0.9696158146546128,0.6232013517071637,0.9913751856418254,0.5883350022323446,0.9153111620333894,0.6432832919340468,0.817180927387962,0.8827211233506379,0.8678241612970012,0.7906029993195445,0.905912778553212,0.6069635300819552,0.0433229456314189,0.04332294563141889,0.22490442935959853,0.22490442935959853,0.3157170571549584,0.31571705715495835,0.3725060035998177,0.37250600359981767,0.47619064393653837,0.6671115585724552,0.8781230085983371,0.9186254024797282,0.9954665388281889,0.48869049181621627,0.9011990159580647,0.9794320908910503,0.47459382089772567,0.973070046795659,0.772899807570501,0.564708087987438,0.8405765390197277,0.6772094862873403,0.7036367121662619,0.0830565607713513,0.46129021267253717,0.13775213754822882,0.021768633068441505,0.6172242836887093,0.5224553722998905,0.7889773730888492,0.7471448592750563,0.6172242836887091,0.5224553722998905,0.7889773730888492,0.7471448592750563,0.6999998140971144,0.7488432065318549,0.8448276049844431,0.864783379525764,0.6999998140971144,0.8448276049844432,0.6183413612014179,0.6647967414788855,0.4573881660495336,0.5699435453588452,0.6882707464109931,0.8707701809723385,0.9583255712647331,-0.1741070667816993,SELL,0.0,1.0
0.92116114225133,0.9192879626026719,0.9131961282688374,0.9065013243438478,0.035597462066053034,0.0,0.0,PPM,2022-04-26 00:00:00+10:00,Financial Services,0.43666138666922016,0.47313288812146925,0.3187750255537641,0.310934310732326,0.9660411937254336,0.5813855629084235,0.982750371283651,0.5650285821843439,0.9354505878992705,0.6017746835865285,0.8267202872215282,0.8529204151893778,0.8682509027869307,0.7681668409138049,0.9042121346648133,0.5902603743631903,0.07759499783181567,0.07759499783181567,0.2181685289920024,0.21816852899200245,0.3269831189712808,0.32698311897128074,0.36743599832187906,0.3674359983218789,0.6666656803216273,0.6117813861917561,0.8100304683303144,0.8966525320773007,0.9870508678899029,0.4458348302677564,0.8843760903824807,0.9800941482809145,0.3488225226063022,0.9532447615793169,0.821371347741071,0.5249020815025103,0.8537521091426659,0.6752132428325444,0.6781381249881738,0.09243001715945838,0.44169161518553485,0.2967518337354878,0.056065077746135866,0.5903580629759013,0.486343521939426,0.7673099381210688,0.7588960902450547,0.5903580629759011,0.486343521939426,0.7673099381210688,0.7588960902450547,0.4000002005072308,0.6112831255668683,0.7714287396711217,0.8246373027725411,0.40000020050723106,0.7714287396711219,0.6375113989011776,0.6451942232773437,0.38802171694075027,0.5579536536098678,0.6050395333875118,0.8027237640393892,0.9536832029149444,-0.16063355050364603,SELL,0.0,1.0
0.8958080194730862,0.9192878739649321,0.913196041355741,0.9402314825789211,0.04083323296240358,0.0,0.0,PPM,2022-04-27 00:00:00+10:00,Financial Services,0.5440225131991572,0.5800378277508642,0.5134106270920029,0.4357631618588428,0.9660411937254336,0.6456998531848304,0.9808337442953412,0.6116325917630923,0.9542990227726733,0.6192733994045438,0.8380687947075844,0.8769851657399669,0.870762179246571,0.7963734692503432,0.9031671726036246,0.6141690189813646,0.11703708493366485,0.11703708493366487,0.23367021278062688,0.23367021278062688,0.3119149924937929,0.31191499249379284,0.3664762815664471,0.36647628156644707,0.5833325113799447,0.5372550181929016,0.8263288823209097,0.8853968386737554,0.9776284577661534,0.43616096044663194,0.8790237080416872,0.9816258746477313,0.6028247625948716,0.9384831136359624,0.8633084207455234,0.5596850783279571,0.8693144328848106,0.6730205365144053,0.6932759048283084,0.08351553066269991,0.39582973925116977,0.3700878531019013,0.07050908705807078,0.60826892095022,0.5285940747642475,0.7401633050461716,0.7995483856246532,0.6082689209502199,0.5285940747642476,0.7401633050461716,0.7995483856246532,0.5555548504885469,0.5498129209245203,0.8399998746031888,0.8181577553910172,0.555554850488547,0.8399998746031889,0.5800013421092696,0.6726376273258065,0.41647301564720285,0.5622823868143474,0.5559477292639555,0.7967885405272463,0.949226529299147,-0.21555554167363955,SELL,0.0,1.0
0.9211610538277346,0.9277217011033857,0.9474944526412516,0.9402314825789211,0.011644754063936811,0.0,0.0,PPM,2022-04-28 00:00:00+10:00,Financial Services,0.4823191664152124,0.5190077938955185,0.42999537095975904,0.38171603313164243,0.9642538171518154,0.6489329415922143,0.9808337442953412,0.6116325917630923,0.9708236753876518,0.6059042727799884,0.8494173021936406,0.8696705690073622,0.8742999203641784,0.7944142504758589,0.9018883610917379,0.6148042390584242,0.11396009356521886,0.11396009356521884,0.22995805822669313,0.22995805822669307,0.30786789356607375,0.3078678935660737,0.3664762815664471,0.36647628156644707,0.5833325113799447,0.41410594086707914,0.7990413303830364,0.8733927042513441,0.967221794673001,0.42670316319929785,0.8790237080416872,0.9816258746477313,0.6028247625948716,0.9224981195036037,0.9028251919286651,0.5505946586984665,0.8842327622499886,0.6718750068036285,0.6851457632548869,0.08384991042724975,0.35544952274443115,0.1092163457778782,0.02138238551303995,0.5994320433721206,0.5408715705169488,0.7035797897671892,0.7995483856246532,0.5994320433721205,0.5408715705169488,0.7035797897671892,0.7995483856246532,0.5555548504885469,0.5014455650795397,0.8139533310948096,0.8078325848536917,0.555554850488547,0.8139533310948097,0.5320761265133129,0.6608761575906396,0.489711162399749,0.5733167743037713,0.4746518245310154,0.766331375414393,0.9449481226279813,-0.2666665789914079,SELL,0.0,1.0
0.9296120808997022,0.9698908528000069,0.9389198653165354,0.8980686912139175,0.030517050334197608,0.0,0.0,PPM,2022-04-29 00:00:00+10:00,Financial Services,0.40656099544422486,0.4425474802495061,0.26316485755319446,0.27593668094875934,0.9571045752934564,0.5811692569179128,0.9846669699150856,0.5517538822792061,0.9824425637592498,0.5562313992895005,0.8593462396823766,0.8244873074546698,0.8773582332321097,0.7558359961067791,0.9005353368935496,0.5861987866854247,0.15620057338445179,0.1562005733844518,0.1652055596838417,0.1652055596838417,0.3221252146857076,0.32212521468570754,0.37543281994883176,0.3754328199488317,0.33333399089604426,0.3913603936511683,0.7205575266720222,0.8493472583274827,0.953150109672241,0.39148555635762017,0.8647398681324163,1.0,0.14448397820656844,0.9031630060874136,0.9379259779767578,0.4545021890486001,0.8954917774502673,0.6737886290477115,0.6506086830467269,0.08706043439165723,0.3524166955349513,0.2684413499354846,0.05762178457317083,0.5726071222144662,0.5666768525975187,0.6353849754385938,0.7696459109882002,0.5726071222144661,0.5666768525975185,0.6353849754385941,0.7696459109882001,0.2777771893003324,0.46051922380876337,0.6829267324005958,0.778235182134834,0.27777718930033257,0.682926732400596,0.5608310889084758,0.7040014948872318,0.4845577022114199,0.5658058402756756,0.5275584059330923,0.7072132186494389,0.842266362520011,-0.2909090627859845,SELL,0.0,1.0
0.8789060302791023,0.9108540812350979,0.9046214722679344,0.9149338327122287,0.02277348182773876,0.0,0.0,PPM,2022-05-02 00:00:00+10:00,Financial Services,0.5133111903757817,0.5497984633063577,0.48560554323387484,0.41831890893827395,0.9535299543642766,0.619913605543561,0.9837086493317122,0.575018760214759,0.9912212856997127,0.565526936567079,0.8714593811086133,0.832438245085296,0.8823386445175365,0.7678831376569448,0.8996563078064601,0.5983416927773054,0.1694582878913883,0.16945828789138828,0.09823343816929846,0.09823343816929846,0.2950981428002672,0.29509814280026714,0.3593923826648539,0.35939238266485385,0.3749990753001575,0.37570586789032817,0.7065166105311039,0.8323701809608579,0.9378355981789326,0.3795430971062457,0.864927549856334,0.9983089468289512,0.350363389388332,0.8925522888690931,0.9608337958245762,0.47491147611871254,0.90751300024228,0.6789112541639175,0.6555222720230889,0.09312080019582043,0.32548139117227126,0.19045309631487659,0.045606954130890595,0.590438021582343,0.5346226647408359,0.5946394419602373,0.823755195687814,0.5904380215823429,0.5346226647408359,0.5946394419602373,0.823755195687814,0.43749977513372346,0.4209885146975316,0.7027026286357775,0.7323193661390892,0.4374997751337236,0.7027026286357776,0.5320760192938194,0.7236038963934154,0.36527501024354786,0.5140418581164433,0.43167503274273966,0.6726735323402955,0.8448455470160826,-0.39189177751458915,SELL,0.0,1.0
0.9211610856530237,0.9108540785870539,0.8617482504095182,0.8559058998489137,0.033754367805972775,0.0,0.0,PPM,2022-05-03 00:00:00+10:00,Financial Services,0.37482442226476065,0.40999895177672374,0.15194451297852157,0.20476172713335059,0.9428060915767378,0.5255098917892655,0.9760421413784737,0.5059727103012517,0.996901633842334,0.5049276487519467,0.8826627042970805,0.7715761964928513,0.8857973634981122,0.7145086060363961,0.8988136858888072,0.5577395272081141,0.2291089085162438,0.22910890851624383,0.16133635742747743,0.16133635742747743,0.32431014807778463,0.3243101480777846,0.3680086711926018,0.3680086711926017,0.28571408441872737,0.3368071687151337,0.5863362273081019,0.8002593507880624,0.9179101776983993,0.3352363551580513,0.8823539588255951,0.9711186570210686,0.06959710147164899,0.8755949647613759,0.9847756448688038,0.27744341913768455,0.9150145316838822,0.6895302329078665,0.6115963880102568,0.09173231244938525,0.32054819060992173,0.2834763738363879,0.06870645564923487,0.5540500793411208,0.4908806941204899,0.5565121884982561,0.8092464552166577,0.5540500793411206,0.49088069412048996,0.556512188498256,0.8092464552166576,0.20000097353316515,0.30193139799967145,0.478260820592348,0.6200549471787902,0.20000097353316526,0.4782608205923482,0.5800012548142519,0.7471270783423766,0.21818798748021312,0.4195390979344715,0.4353217575646178,0.6084744154768822,0.9712255873236054,-0.3999999724740484,SELL,0.0,1.0
0.8451019625221801,0.8602510958939736,0.8531736288243401,0.8390407583506023,0.03156781285535276,0.0,0.0,PPM,2022-05-04 00:00:00+10:00,Financial Services,0.4506063987033335,0.4872099395855162,0.3465801144676378,0.3271482649000326,0.9213583924452717,0.5309471857523596,0.9645423936270532,0.4965588377770149,1.0,0.4865742158434023,0.8941063882960196,0.7494143927077873,0.8894602308114044,0.6978934165981707,0.897847838934041,0.546476226974865,0.17000745172563503,0.17000745172563503,0.15110194761992035,0.15110194761992035,0.32385432894460414,0.3238543289446041,0.3648171174573936,0.36481711745739354,0.26086934147113383,0.3368071687151337,0.577029245867211,0.7682492525249086,0.8943201028303432,0.30002227985811347,0.8907056330241141,0.9455934464803153,0.1384762219323239,0.8639494587348653,1.0,0.17033866911505036,0.9207742406390589,0.7034710524968004,0.5961464496550912,0.08475224498194386,0.29091676575926984,0.2838641170867921,0.06913387083951664,0.5017591432730399,0.46655188775093215,0.5237338306463328,0.8187714267284146,0.5017591432730399,0.46655188775093226,0.5237338306463328,0.8187714267284145,0.14285811325430536,0.25675378295261336,0.3333330370519198,0.503141605794562,0.14285811325430553,0.3333330370519201,0.608756527459468,0.7510477591098369,0.1741054218851013,0.3215839031902633,0.4380213738654557,0.5603381750512142,0.9680016010686653,-0.4107981475021606,SELL,0.0,1.0
0.8197487265154535,0.8180819599288104,0.8360244230706051,0.8390407583506023,0.010583801318013694,0.0,0.0,PPM,2022-05-05 00:00:00+10:00,Financial Services,0.4823191664152124,0.5190077938955185,0.4299960340652291,0.3827181081407705,0.8999106933138055,0.569760870349501,0.9520842969353847,0.5106265867755211,0.996385234389273,0.48925765627044204,0.9062235664699338,0.7423176182085754,0.8937829687519154,0.6956556887563425,0.896823530300277,0.5469597852562548,0.17000745172563503,0.17000745172563503,0.1464350232865242,0.1464350232865242,0.2175949801136311,0.21759498011363107,0.3605548067805588,0.3605548067805586,0.29999970409561255,0.4368323012040336,0.5541198638633256,0.7413195597267837,0.8690124142272148,0.28351753670716884,0.8866494830086431,0.9291827713721461,0.2182655278124388,0.8694127855716751,0.9895786021255356,0.2100846787517452,0.9255984901659,0.7203046440614302,0.5919256543799374,0.0839529804412378,0.24314364750506334,0.09967505633226666,0.02625702898526471,0.5017591432730399,0.4607146105306936,0.4438078658537602,0.8377804029430841,0.5017591432730399,0.46071461053069357,0.44380786585376025,0.8377804029430842,0.21739211179531093,0.1830507931706648,0.20000066974320996,0.335024827613226,0.21739211179531104,0.20000066974321018,0.570416927632218,0.7432069388990638,0.17736759841742,0.24045038244964617,0.4803371798791245,0.49521161615673787,0.9613601890357214,-0.43661969434091275,SELL,0.0,1.0
0.7943957844392762,0.8012141976018304,0.7588530864854905,0.7968778422240492,0.04748761678874611,0.0,0.0,PPM,2022-05-06 00:00:00+10:00,Financial Services,0.40229269749044055,0.43818806163725155,0.3743851985697305,0.3450551640915304,0.8784629677387279,0.5253729738677797,0.9367512810289076,0.4714926739829084,0.9850245304638547,0.45740352794183425,0.9178640555700115,0.6975357871858502,0.8964531766297745,0.6576210070910933,0.8953157735809518,0.5183361461671953,0.17293503457993775,0.17293503457993775,0.16486132570449796,0.16486132570449802,0.15439490890136243,0.15439490890136234,0.3633727613171715,0.36337276131717144,0.09523812878730781,0.23956015209391474,0.38770015361229526,0.7070853729805775,0.8405850146132872,0.25353988347406675,0.8923934502414701,0.899774557684432,0.1654554961553913,0.8716383149843667,0.9703304565739749,0.14667639709206154,0.9271593996077272,0.7414738018315388,0.559728261911694,0.09673768933137261,0.2189985842592383,0.379116628158433,0.1275474159579081,0.4993383354593767,0.4413361615917789,0.35989839941914437,0.8321693410728592,0.49933833545937667,0.44133616159177896,0.35989839941914437,0.8321693410728591,0.2812498931729785,0.21025697128905502,0.26470570097787627,0.26360636974048185,0.28124989317297866,0.2647057009778764,0.627927182991421,0.7432071048692362,0.18398331881807417,0.181912840169419,0.344324399107764,0.37134244025636337,0.9508293608987509,-0.4543269343620929,SELL,0.0,1.0
0.760591810229351,0.7927804451931159,0.7417039515810235,0.7167685760590072,0.04222695501550334,0.0,0.0,PPM,2022-05-09 00:00:00+10:00,Financial Services,0.3266143479450093,0.3599519170933163,0.2214572123239191,0.23833988222773686,0.8364612048753821,0.4405154117676888,0.9123143046510067,0.3903629024441362,0.9703072682944152,0.39111794571748715,0.9276155441837264,0.6200569638774117,0.8976552546744161,0.5873977661837175,0.8933980841117921,0.4634433168357025,0.19105416689607474,0.19105416689607474,0.233215870802428,0.233215870802428,0.20521506157897995,0.20521506157897987,0.3905034017706493,0.39050340177064924,0.06557382615773732,0.17434756240263527,0.19886085212278173,0.6570859170288847,0.8058942792949695,0.1933547877460431,0.9125802028670122,0.8434406754649328,0.10749897231822397,0.8911807931691771,0.9303412689503082,0.07827733315780189,0.9247894865871944,0.76518754832067,0.5012514052350872,0.111392886155457,0.2022846568574625,0.2987586650456335,0.11960362204908605,0.3968685143805388,0.38223712759293066,0.3205971513649451,0.7920294945214343,0.3968685143805387,0.3822371275929306,0.32059715136494515,0.7920294945214343,0.04411764401850745,0.17719375265880763,0.041666651157167944,0.16606544666860845,0.044117644018507596,0.041666651157168055,0.695022344173609,0.7667300270421186,0.21472926494760017,0.1944331729953186,0.26737250963823633,0.23973141450143054,0.9318275608256154,-0.4206549539876786,SELL,0.0,1.0
0.6845326585430451,0.6747068124602452,0.6473831693763963,0.6703893433674888,0.04176522089650924,0.0,0.0,PPM,2022-05-10 00:00:00+10:00,Financial Services,0.38785966590463716,0.4234053945101904,0.318774691599392,0.30335031460213885,0.7971403746544068,0.417142025683789,0.8854815268146721,0.3563460891910355,0.9512006336944814,0.35973422960797685,0.9336503391424626,0.5752441892780679,0.8980073594461042,0.5469281099395285,0.891083062516326,0.432144242308358,0.18549188614248105,0.18549188614248102,0.24464638903104413,0.24464638903104408,0.20450144232560435,0.20450144232560433,0.37903244356963167,0.3790324435696316,0.06451614442788867,0.11060250511178268,0.1861391544429797,0.6045778742325969,0.7655933760561908,0.13944605455989867,0.9318497033581785,0.7840685957241489,0.149664971353403,0.9061170357604473,0.8878546707567655,0.10033240509076935,0.9233974405498049,0.7797417127620172,0.46612801627461276,0.11742783053980874,0.19574069080687356,0.2821411677193267,0.12087879562014776,0.4039185266539479,0.3643200815460137,0.2741705487629119,0.6974503667545702,0.4039185266539478,0.3643200815460136,0.2741705487629119,0.6974503667545703,0.15555548652169138,0.15648777590376572,0.14893607173411774,0.14898809985395578,0.1555554865216916,0.14893607173411794,0.7669101772564391,0.8020145810529221,0.18478790334949774,0.15978394371489985,0.13326570611645366,0.2680163229752904,0.9083635060519816,-0.4041450858627502,SELL,0.0,1.0
0.6929836524855568,0.6831406221252642,0.65595775536779,0.6535242018691776,0.02308637184397463,0.0,0.0,PPM,2022-05-11 00:00:00+10:00,Financial Services,0.4469914713982214,0.4835663725192819,0.23535943089861983,0.2432962079431229,0.7578195444334312,0.4555524048246884,0.8528988821918457,0.3690651311877431,0.9326103985476086,0.35635852366803844,0.9391173052621569,0.5573227526016161,0.8985636148369629,0.5320163398747968,0.8885863542047487,0.42145392952707394,0.18323689532925863,0.18323689532925863,0.18825773806540347,0.1882577380654034,0.20396449129837046,0.20396449129837044,0.38113774561729735,0.3811377456172973,0.0,0.08437836635495854,0.13449224090223796,0.5588170421550325,0.722416779563475,0.11181319533899925,0.9224707496654379,0.7400937494853879,0.20413461197649835,0.9178372076395889,0.8490577524618254,0.15244853673853964,0.9216570168019704,0.7937059081901896,0.45139432506772514,0.1110383706128387,0.18996140668791434,0.16564860142069962,0.06818255275179887,0.40199974340899136,0.33029896802249736,0.27716665527809814,0.6845641983357615,0.4019997434089914,0.33029896802249736,0.27716665527809803,0.6845641983357615,0.11111101551293294,0.09951682009287763,0.11111101551293294,0.09762199075220002,0.11111101551293312,0.11111101551293312,0.8244204214640913,0.7941736749652101,0.25105517565324753,0.23905779409780575,0.0969323055507556,0.17983727816874345,0.8723831670089063,-0.3926700865007905,SELL,0.0,1.0
0.642277553698507,0.6494052854358797,0.6388086213187809,0.6029289021357929,0.0334479928514738,0.0,0.0,PPM,2022-05-12 00:00:00+10:00,Financial Services,0.37522657478785615,0.41041334693446274,0.2353597547134868,0.23950406199231944,0.7077748778685284,0.44317214376082426,0.8145663707825281,0.34066483976401263,0.9119545885090172,0.3210548230959527,0.9404562201167521,0.5113779542481068,0.8981926308145156,0.48822649966761733,0.8859538202325297,0.3872485528828101,0.1235132467269355,0.12351324672693549,0.18089793639253293,0.18089793639253293,0.21935703478352897,0.2193570347835289,0.3647915138442112,0.36479151384421116,0.0,0.07366793782459519,0.12224844644339747,0.5095906174946238,0.6761114249197284,0.08174860712003529,0.9048516155568689,0.6940079607767067,0.19838448410736698,0.932914819876778,0.8040929151410571,0.15649973635909825,0.9212971661165568,0.7970179146587759,0.4145333035333839,0.1282630185670751,0.19042861809795542,0.2096192322521613,0.09857457210733128,0.345744651888348,0.29313917245514487,0.25194492098561677,0.5894439229241207,0.345744651888348,0.29313917245514487,0.25194492098561677,0.5894439229241207,0.0,0.08474403927742549,0.0,0.08368756494335663,1.1102230246251565e-16,1.1102230246251565e-16,0.8435901672537289,0.7941735972693093,0.26948160527839965,0.26302253537144527,0.09630022874302688,0.18472369208483774,0.840720468651,-0.3054054376111689,SELL,0.0,1.0
0.625375528910552,0.6198868871595008,0.6388086213187809,0.6029289021357929,0.030484475025513148,0.0,0.0,PPM,2022-05-13 00:00:00+10:00,Financial Services,0.4823191664152124,0.5190077938955185,0.29096993166977253,0.2801311527701491,0.6666667768483803,0.5256379703424607,0.7810254197547659,0.3791840510545559,0.8959463200667495,0.33227666699823866,0.9419298388470261,0.5106499666910426,0.8968685041412869,0.4888195243188129,0.8837305207480006,0.3881688335207928,0.19078906092210365,0.19078906092210368,0.19905186181719714,0.19905186181719714,0.1909184816654636,0.19091848166546357,0.36464049625544853,0.3646404962554485,0.0,0.07366793782459519,0.13029766958311742,0.4721200266398885,0.6301124601378582,0.08469274168944801,0.8820122365707674,0.6600507401136686,0.2557394236629207,0.9470751443102874,0.7670084746737064,0.207274396951885,0.9208695616209421,0.8007144343410368,0.41362957035684805,0.11545376919741934,0.18307664841759402,0.21008817864817111,0.09216383288652003,0.3874403011519868,0.31917920885827245,0.2969783387332192,0.5924401184159978,0.3874403011519867,0.31917920885827245,0.29697833873321916,0.5924401184159978,0.0,0.032656327928606524,0.0,0.033879418999220305,1.1102230246251565e-16,1.1102230246251565e-16,0.810042594013777,0.7902530837512031,0.3005272870124007,0.29930077781208897,0.09258002851164474,0.18922616920741775,0.8070850449398247,-0.3054054376111689,SELL,0.0,1.0
0.6084734673212284,0.6409714196483857,0.6473831879564773,0.6282265520024852,0.013705685260040335,0.0,0.0,PPM,2022-05-16 00:00:00+10:00,Financial Services,0.5376020946370036,0.5737382572576667,0.429995373412991,0.3852172680993538,0.6479000103592847,0.6219746974939007,0.7484427751319398,0.45526575221836274,0.8778724767327626,0.3705390679099747,0.9449286887099833,0.5317656581662075,0.8948348953617353,0.5117363527176158,0.8809320519785429,0.40702730698180656,0.21322578647010446,0.21322578647010448,0.2217768532842343,0.2217768532842343,0.15602320129961555,0.15602320129961553,0.36494060732812,0.36494060732811995,0.09677402419636949,0.1365923937713632,0.21829000504918736,0.451241890558708,0.5883238540490345,0.1251505509064612,0.8288878973997464,0.6536048841078872,0.32660974834881124,0.9461568578652828,0.74041567364777,0.26563970338207465,0.9200117296037444,0.8082168539654904,0.43003412216299997,0.09396738381498743,0.16421367186542463,0.11571318282425838,0.044548406191026735,0.5026309187057465,0.32745339895063585,0.2793219182771919,0.6263697865838097,0.5026309187057465,0.32745339895063585,0.2793219182771919,0.6263697865838096,0.06521727925979758,0.017288823122925494,0.06521727925979758,0.018531344576399163,0.0652172792597977,0.0652172792597977,0.8004575333728106,0.774571266258843,0.3387485897548169,0.3462224357982645,0.13510314008952254,0.2378714808022312,0.7781585805482137,-0.30053195821930345,SELL,0.0,1.0
0.6169244803310963,0.6072361089291539,0.6302339816076843,0.5987125855708277,0.03254440390442638,0.0,0.0,PPM,2022-05-17 00:00:00+10:00,Financial Services,0.4188515283869653,0.4550692853109105,0.304872478125303,0.2902268914439487,0.63270789124298,0.5871814553952821,0.719214224194046,0.44745034007706486,0.8579912505934124,0.35527608655165177,0.9473379339795169,0.5042221555017156,0.8913805686593124,0.48761116155011996,0.8775671677249055,0.38777469269303355,0.19237597023127118,0.19237597023127118,0.20878131957660923,0.20878131957660928,0.15665564982985797,0.15665564982985788,0.3691093592081703,0.36910935920817023,0.1016947792453739,0.05373155879365194,0.08979408325918012,0.42853222883678393,0.5494658389081389,0.15331092823017678,0.7898620447233748,0.6404190941889953,0.31014741523286027,0.9441135193186676,0.7120972571698218,0.2631625990084975,0.918950106635205,0.814849848112144,0.40712233481937454,0.08702091792719784,0.16854630418893068,0.2860251683368699,0.10363527338623373,0.5203155854705721,0.34318969646617303,0.25869086330820723,0.6138466898585048,0.5203155854705719,0.3431896964661731,0.2586908633082073,0.6138466898585047,0.010638293987949961,0.020851052902657145,0.010638293987949961,0.02208907034007028,0.010638293987950243,0.010638293987950243,0.7621174500319203,0.7432072661542001,0.33787333250713003,0.35110110030321606,0.022765799363807335,0.13576621315964732,0.7532818211714284,-0.3360433405488995,SELL,0.0,1.0
0.6211498046864052,0.6156697549590521,0.6388084042105455,0.6071449691776591,0.04379307562533316,0.0,0.0,PPM,2022-05-18 00:00:00+10:00,Financial Services,0.5007963844325904,0.5373984883702697,0.3187750315644854,0.3009366265430929,0.6228776638550275,0.6276805518551805,0.6928605924709605,0.4935062555817098,0.8375936250010008,0.37891449084466067,0.950569873466443,0.5101550283790014,0.8896937943749563,0.49571541206229663,0.8741469739991836,0.3951107092181517,0.20549352723220843,0.20549352723220843,0.22807926026304537,0.22807926026304537,0.15254090159345052,0.15254090159345043,0.36734534331588703,0.367345343315887,0.19047511689987942,0.072445822038148,0.1068468993628959,0.415078918985361,0.5151643694326937,0.19709528691815598,0.7416857717293548,0.6396734704662947,0.35360150670461454,0.9337870793215444,0.6904802759247156,0.2936026700912278,0.917381382529187,0.8239829402476018,0.4110779508494562,0.10262023104546847,0.16445178703546537,0.33262417742502987,0.14146635818928663,0.55076182149436,0.36096008305455485,0.2548658684002767,0.6328437975251511,0.5507618214943598,0.36096008305455485,0.2548658684002766,0.6328437975251512,0.03191443167691273,0.031537591463396554,0.03191443167691273,0.032762097043269524,0.03191443167691288,0.03191443167691288,0.7573247363366833,0.731445597803669,0.35940418466206026,0.3763989954500859,0.08508328535703774,0.1576117633808261,0.7275419219076903,-0.3638813672200577,SELL,0.0,1.0
0.5915714621359813,0.5819346436404677,0.5959354832349462,0.5860637606374817,0.033315686982355375,0.0,0.0,PPM,2022-05-19 00:00:00+10:00,Financial Services,0.43637459118788696,0.472842764979252,0.34658010923780036,0.3211689655571724,0.6193030429258481,0.5868378336112179,0.6641112018247537,0.4984739377283709,0.8153886089630507,0.3738922919697849,0.9548431132297015,0.4892923501656342,0.8876206733836618,0.4782706380784487,0.8703973628006159,0.38187445707921863,0.14074370795872607,0.1407437079587261,0.21750096641459915,0.21750096641459915,0.14567887845963245,0.14567887845963237,0.35172982058984176,0.3517298205898418,0.22222149159218346,0.07880438964089795,0.06282262370248592,0.4009169424085307,0.4843387800859875,0.23049540917899158,0.6732380361315249,0.6524936164416957,0.324760250118152,0.9192934643901853,0.66988665235813,0.29333143158884134,0.9141275264590656,0.8379769031813702,0.3921972463701594,0.10252055894402946,0.17465643657911523,0.25433400828347486,0.10375626661436899,0.5866790772178196,0.34460466927367017,0.23552972265322436,0.6596656113027679,0.5866790772178194,0.34460466927367017,0.23552972265322442,0.6596656113027679,0.06818204378984764,0.03253034204077288,0.058823732749392434,0.03062392665927158,0.06818204378984771,0.058823732749392676,0.7046070119713765,0.735366012460278,0.34597890978772966,0.3704563331740056,0.08624050241815853,0.0508273317787008,0.7059204065261503,-0.31967216428199874,SELL,0.0,1.0
0.574669450169865,0.5777177423609489,0.5959354958454703,0.5607659860092398,0.03866304919255833,0.0,0.0,PPM,2022-05-20 00:00:00+10:00,Financial Services,0.42643177754013706,0.4627692590759227,0.31877468892118793,0.29904040369689366,0.6103664773810935,0.5474999833789354,0.6372784381668564,0.4944360289952081,0.7926672087523894,0.36475052428866417,0.958668698258299,0.4649576426444494,0.8849372932442519,0.4573909147273345,0.8664044510000259,0.36573363340886667,0.15679944502183546,0.15679944502183546,0.2134238784759691,0.21342387847596905,0.14679689576521787,0.1467968957652178,0.3548381400977824,0.35483814009778236,0.21052549610807078,0.0333959036951341,0.03553578375509944,0.38520188122383175,0.4559227403710966,0.25364904201885086,0.6045190248527534,0.6686065496455729,0.24352321122994164,0.905172577868256,0.6481727307063702,0.2898706120888337,0.9105799602858531,0.8515367534753155,0.36975239227094625,0.10868185533576094,0.18038183837244853,0.2798566975542442,0.11795003608691182,0.5542942317627185,0.3532857047568354,0.22742847936413207,0.6500358503666903,0.5542942317627184,0.35328570475683535,0.22742847936413207,0.6500358503666902,3.3424592739509035e-08,0.028968123453256812,2.8836907596903806e-08,0.027066210539422045,3.3424592760233907e-08,2.8836907861595762e-08,0.6710595536248469,0.7392866043984109,0.3460994008721161,0.3790106511685421,0.0833457856820427,0.015090320508238803,0.6796848909361141,-0.297222308299227,SELL,0.0,1.0
0.5577671456642272,0.5692837331807173,0.5959353152094098,0.5691983696160712,0.017615223460770726,0.0,0.0,PPM,2022-05-23 00:00:00+10:00,Financial Services,0.5012583153006795,0.5378569848978156,0.4021902855823447,0.3640206025318134,0.597855264463548,0.5941566480234886,0.6205079272068816,0.5302344181491969,0.7704621927144388,0.3906289126238984,0.9629128910806721,0.47042950565226416,0.8821151779348919,0.4659979748103602,0.8623562288157829,0.3733308164094614,0.11314411309368183,0.11314411309368184,0.16306759120836528,0.16306759120836528,0.15206574599727202,0.15206574599727204,0.35471163401980105,0.354711634019801,0.3571410454764501,0.06937679663812157,0.059277900816408186,0.37772246464523485,0.4314024857563665,0.2910840782767099,0.5650698717299232,0.6756742468188297,0.28534137459838504,0.8851394861397754,0.6325848014934948,0.31504295235640134,0.9065306181802699,0.8667650705818712,0.3720391287061009,0.11162709042411612,0.18171371079328508,0.12676878066241185,0.053589378433315855,0.5339100450021139,0.41801913017288833,0.233296627536275,0.660117164559649,0.5339100450021137,0.41801913017288833,0.23329662753627506,0.6601171645596491,0.026315754214305397,0.027093407863802085,0.01960782333334843,0.022950556505335153,0.026315754214305542,0.01960782333334865,0.5800017309722623,0.7196839476130942,0.3500510314997834,0.3910605401530679,0.08962091192734734,0.019836353753589053,0.6581717681522842,-0.27624306863248294,SELL,0.0,1.0
0.5788949563548953,0.5819346563884974,0.5959354958454703,0.5607659860092398,0.032954518688120486,0.0,0.0,PPM,2022-05-24 00:00:00+10:00,Financial Services,0.4634846514106454,0.5001586028932211,0.304872144721462,0.2884169806633185,0.5898123607619912,0.5920016336946392,0.6080498588720877,0.5338350574526032,0.7492899755826108,0.39825360132864907,0.9659302864597552,0.4615188603913961,0.8791385257719191,0.45994383184143484,0.858363317015193,0.36902808059889936,0.0907848257845226,0.09078482578452259,0.1374255374879425,0.1374255374879425,0.15251092340289496,0.15251092340289493,0.3508610551381098,0.3508610551381096,0.3333320181962368,0.07220379157087772,0.055841586812184374,0.3721441175576534,0.41045317474200876,0.32539767610560144,0.5429698470073023,0.6747433845133959,0.2665557849702099,0.8658091983807179,0.6179288080377546,0.3229036159675659,0.9037436505391361,0.8774421600379181,0.3625192781401735,0.11193604876885446,0.18049415103115668,0.23305327447427832,0.10052408899970024,0.5595600861454719,0.4470092191911546,0.24176722408264315,0.6299332825148526,0.5595600861454717,0.44700921919115455,0.24176722408264312,0.6299332825148527,6.38374948187047e-07,0.004262883245097234,4.13066362126008e-07,0.003278488767967845,6.383749483473977e-07,4.130663623369557e-07,0.5512465563649598,0.6961610440713865,0.35497579904034315,0.4022987343930275,0.16809049619553687,0.07606004879498846,0.6385708913611047,-0.27777780060987456,SELL,0.0,1.0
0.5746693594193477,0.5777176510526206,0.6002227069023343,0.5649821778126556,0.030048801153466625,0.0,0.0,PPM,2022-05-25 00:00:00+10:00,Financial Services,0.4917887408579464,0.5284454425819128,0.33267723719992837,0.30987039380149173,0.5808758216608478,0.6216575504863071,0.5979875636388527,0.5544630827459318,0.7263103756454194,0.4211307910834172,0.9697631300731469,0.46344379305562666,0.8756525865563574,0.4651741068687101,0.854401210790205,0.3736385043090552,0.08285164712497631,0.08285164712497628,0.14183766071509013,0.14183766071509013,0.12931420531909948,0.12931420531909946,0.34750546890958317,0.3475054689095831,0.19999715929938844,0.08306947214625493,0.07518802123932514,0.37159622888807636,0.393562792091896,0.36440037429788386,0.5205129965489301,0.6779437007347582,0.30920421181830704,0.8339410195273083,0.6118603001317905,0.3395501922512294,0.899842342143508,0.891592001125664,0.36174850180754947,0.10158185414019912,0.17551778294040865,0.2316763072767237,0.09331670649192494,0.5544398678751444,0.46426575882318105,0.22565492483379662,0.6499508910870672,0.5544398678751443,0.464265758823181,0.22565492483379662,0.649950891087067,0.01612935226093868,0.009663781166389794,0.009804118199855277,0.006557234528839081,0.016129352260938923,0.009804118199855494,0.5464538318657153,0.6687175541225202,0.35832050900506346,0.41152893984273003,0.2284393102851424,0.1382870320228456,0.6228901899281608,-0.2576177040096138,SELL,0.0,1.0
0.5619929316147745,0.5861515704160459,0.5959354958454703,0.5607659860092398,0.08360478031796509,0.0,0.0,PPM,2022-05-26 00:00:00+10:00,Financial Services,0.4728758229022424,0.5095701452091244,0.3604823215203665,0.3312618599899297,0.5755138770452728,0.6236288666976044,0.5931959890788603,0.5543615023999682,0.7030725836218723,0.43554408630359376,0.9727442283276901,0.4583079689219919,0.8712095536974842,0.4634505436725478,0.8502913774547589,0.37235565822284833,0.06845797512793395,0.06845797512793395,0.08388164014285122,0.08388164014285122,0.12733863784070565,0.12733863784070557,0.345315782953094,0.34531578295309384,0.2631550258295917,0.09867541324299886,0.0,0.3726775292452597,0.38030889395564593,0.39934376212027023,0.5178106748418296,0.6726118480558974,0.31540198202583025,0.7957188763823411,0.6111417474447493,0.3458153266296977,0.8968736163299391,0.9024907175640522,0.35514596096932183,0.13946694303022064,0.20872301663321957,0.48143648712958725,0.23194797838010175,0.5755301427435974,0.5032094716440403,0.2227338909826731,0.6290462864955355,0.5755301427435973,0.5032094716440403,0.22273389098267316,0.6290462864955355,7.022124278843041e-07,0.0008521933307410589,4.13066362126008e-07,0.0,7.022124280942066e-07,4.130663623369557e-07,0.46498113796564305,0.6491151526848066,0.36100350916807344,0.41784806191955276,0.38834125126718433,0.18144952614597337,0.6103456287818058,-0.22222224048789962,SELL,0.0,1.0
0.557767312187921,0.5650669876680899,0.5959354832349462,0.5860637606374817,0.03155027230452267,0.0,0.0,PPM,2022-05-27 00:00:00+10:00,Financial Services,0.539138014144948,0.5752463287151145,0.4578007933896856,0.407819500018205,0.5808758216608478,0.6714314620045441,0.5912793620905505,0.5977577765990769,0.6839659566621137,0.47933914678860146,0.9765770719410818,0.4788534298957764,0.8678166937382059,0.4871602534327948,0.8464248419866269,0.3918903275266702,0.06972263965679643,0.06972263965679643,0.11220333001832415,0.11220333001832415,0.14786882342386837,0.1478688234238684,0.348405087990129,0.3484050879901289,0.39130473938405247,0.22759040447072698,0.05584175610305098,0.3831371484855405,0.3722054038816698,0.4488346112294862,0.5141275994630583,0.6727114826948977,0.5194334346522345,0.7606775729218551,0.6138168844583402,0.3840824264464114,0.893266010564534,0.916162979134197,0.37152318897896885,0.13410856078897013,0.20919978656740607,0.19017264994171068,0.08738159793990924,0.6415533468506269,0.5258067532564801,0.2645587225243149,0.6486315202192309,0.6415533468506268,0.5258067532564801,0.2645587225243149,0.6486315202192308,0.17647206249514735,0.059943600560573296,0.058824094377046644,0.01967218867518156,0.17647206249514746,0.05882409437704683,0.36913102563996397,0.6334332488437663,0.3763606305860814,0.4233761894726851,0.4710768631066796,0.2019696789720024,0.6003099798647219,-0.23224054760666246,SELL,0.0,1.0
0.5746695058106419,0.6156700259570985,0.6045101554362922,0.6240103601990696,0.019497909249867485,0.0,0.0,PPM,2022-05-30 00:00:00+10:00,Financial Services,0.5661501119173398,0.601659992542902,0.5273131878815098,0.4614905134731957,0.5924933991788068,0.7343886469478278,0.5908002159773011,0.659538427250631,0.6661503206948329,0.5369028960219311,0.9819714480122661,0.5097411514029248,0.8654125399353769,0.5215793567700988,0.8428355630798925,0.4203432186948809,0.1257284519770169,0.12572845197701688,0.13819200357871642,0.13819200357871642,0.1750354098555566,0.17503540985555657,0.35447297497330527,0.3544729749733052,0.6666673972963051,0.38928961095343584,0.15412293991164996,0.40430276972716805,0.3707807489769248,0.5130122879473603,0.5117712983598404,0.6739679456825358,0.8323778298710283,0.7137685341883429,0.6291749456473076,0.4417341810582091,0.8885112287669117,0.9348808775493602,0.3975678092607465,0.13552687465666927,0.20768830639448305,0.11763141172133898,0.05425862865116259,0.6799869439241328,0.5371655473122366,0.28135326609094446,0.6852739112402978,0.6799869439241326,0.5371655473122366,0.28135326609094446,0.6852739112402979,0.44117786228918915,0.20227097579275335,0.17045526065397174,0.07339816288867937,0.4411778622891893,0.17045526065397199,0.3259983829699203,0.6099103511654539,0.4996885672413967,0.45436212430523265,0.543824177311478,0.24837890693912046,0.5601673841963858,-0.2799999463427494,SELL,0.0,1.0
0.6338263584086741,0.624103618675029,0.6473830434325087,0.6113612857426245,0.07918974014759789,0.0,0.0,PPM,2022-05-31 00:00:00+10:00,Financial Services,0.45504571769955415,0.49167909816974936,0.2909699443382788,0.28057267577441863,0.6032172355227341,0.6806800349364162,0.5922376684954866,0.6370973940838771,0.6511748435185123,0.5361987139787758,0.9856623291651849,0.49681049610144845,0.8621900207998263,0.511952458314489,0.8385692460985323,0.4132005169725649,0.13396212545347014,0.13396212545347014,0.11696809091262193,0.11696809091262193,0.15562992218318228,0.1556299221831823,0.3475140024313009,0.3475140024313008,0.75,0.3964097576266352,0.11348457168826284,0.4197049208882868,0.37332181439339496,0.551119339593276,0.5160132611353749,0.6726238002693814,0.7060651600788703,0.6766961852832019,0.6399534185051016,0.43610973632340366,0.8854335363694263,0.9474023414960893,0.3834334138049072,0.1703579952567658,0.22865400408888997,0.3804714218952774,0.20662480775973124,0.6748374444520743,0.5522006635560676,0.3083287114770078,0.6436502009248253,0.6748374444520739,0.5522006635560676,0.3083287114770079,0.6436502009248254,0.46153821926579863,0.35681668486727247,0.13636376724539417,0.1190016608680429,0.46153821926579885,0.13636376724539434,0.2684881322061558,0.5785463505928986,0.5694238941294977,0.4728715824059241,0.6468276872136817,0.35277669829379205,0.5616181829726269,-0.1639784610526307,SELL,0.0,1.0
0.5873459899229403,0.6072361621099805,0.6345213364607492,0.6197940436341043,0.017988753667019203,0.0,0.0,PPM,2022-06-01 00:00:00+10:00,Financial Services,0.5006481899498695,0.5372513825848815,0.4717030075260224,0.41773030998129224,0.614834786597082,0.6744710809717684,0.5936751635489843,0.648582546289443,0.6377485647013752,0.5578623205874518,0.9904888763973276,0.5019032524335568,0.8594153219737204,0.5206548466008143,0.8341891552313823,0.42109860163870116,0.13220124801579722,0.13220124801579725,0.11693803347475808,0.1169380334747581,0.1604617429016409,0.1604617429016408,0.34253167776442545,0.3425316777644253,0.7500009246987024,0.5238207441281533,0.16752506569638484,0.436211992501742,0.3792995087553389,0.5841422928288911,0.5209396350012281,0.6706925692462418,0.7428763393590192,0.6380110202918949,0.6545398235369041,0.4640880278500894,0.8808596040143424,0.964669713237319,0.3856799709999825,0.161272606343651,0.22238808317211034,0.09278130144728798,0.047741251126629254,0.6801854407325022,0.5521399250519616,0.32517802721443023,0.6711545629782569,0.6801854407325019,0.5521399250519616,0.32517802721443023,0.6711545629782568,0.5833348815151425,0.49305458652897366,0.18421123604941184,0.16093442422898638,0.5833348815151427,0.18421123604941203,0.22535553017116666,0.5040566668223677,0.5452000590206738,0.47200827806673457,0.6681978538134911,0.36866452524134047,0.5647841378806692,-0.2058823017467195,SELL,0.0,1.0
0.608473486738005,0.6030192136059397,0.5959354832349462,0.5860637606374817,0.032816198915860316,0.0,0.0,PPM,2022-06-02 00:00:00+10:00,Financial Services,0.4093967640196585,0.44544070228454125,0.290969932893256,0.27923394026165155,0.6201967312126571,0.5849171852345503,0.5936751635489843,0.5943605208313001,0.6222567033523441,0.5338166897074161,0.9946056365305251,0.4703138792571241,0.8563157363244591,0.492376929736666,0.830088773958829,0.39882235885387607,0.19767365839276077,0.19767365839276074,0.13770781030280888,0.13770781030280888,0.16605759554082794,0.16605759554082786,0.3484955999383739,0.34849559993837387,0.6,0.4470203635316342,0.15597165737084676,0.4418048336968725,0.3854182353535327,0.5854974874152983,0.5209396350012281,0.6706925692462418,0.5018475781288197,0.5880884456900388,0.676146792235856,0.4090364128903527,0.8759576861506291,0.9810248413454874,0.3511108393943413,0.12301123010097464,0.23264700046574682,0.2135322155649276,0.08450885302426529,0.6415533468506269,0.5408715705169488,0.30049268775564997,0.6557217586729359,0.6415533468506268,0.5408715705169488,0.30049268775564997,0.6557217586729359,0.25000201893223045,0.42903940861202033,0.09090991579857026,0.1343323653751212,0.2500020189322306,0.09090991579857044,0.25411071190693796,0.5001360789360477,0.4402803036738976,0.4391658773606155,0.6656900054434601,0.3717470434869434,0.6407670556736801,-0.18032791656607816,SELL,0.0,1.0
0.5788947484997262,0.5861513607226875,0.6216591990024829,0.6071449691776591,0.005524104141424282,0.0,0.0,PPM,2022-06-03 00:00:00+10:00,Financial Services,0.5288913932990028,0.5651728228117852,0.457800454927584,0.4072225250259417,0.6246649610978117,0.6238057983573428,0.5989458700437889,0.6207060081716695,0.6106377997003951,0.5685831566662733,0.9981545594235408,0.4871264871703399,0.8538957739786066,0.5120687201346608,0.8259085720251544,0.41567374825859826,0.1912833803047397,0.19128338030473974,0.1248999920751984,0.1248999920751984,0.17001679015933047,0.17001679015933038,0.34184621147915367,0.3418462114791536,0.6470584139743069,0.43735021828375126,0.19798367644271223,0.4538521089486185,0.3931922613747352,0.6014034453479833,0.5246582986735471,0.6759174818547735,0.6222639255483388,0.5401323897581243,0.7018529939898034,0.48356781254442616,0.8723941882856303,0.994047140899655,0.3655945362835572,0.10340451960123608,0.2132833576690275,0.0455736476412041,0.015054490406275144,0.6355508862956597,0.5834504612583647,0.3434397177410345,0.6404520183068146,0.6355508862956595,0.5834504612583649,0.34343971774103443,0.6404520183068146,0.5500001588230483,0.4586608644413663,0.17741942011461193,0.14806245726039924,0.5500001588230484,0.1774194201146122,0.21097814908682405,0.48053339164429854,0.5033999196476486,0.4632690091801789,0.6594924845755724,0.38794642301899923,0.6391550654029475,-0.1913745977181096,SELL,0.0,1.0
0.6338265413045296,0.6241038011989836,0.6173721118748106,0.6029289021357929,0.04694686666458407,0.0,0.0,PPM,2022-06-06 00:00:00+10:00,Financial Services,0.4731306320387653,0.5098251446432268,0.26316484319162964,0.25971069408506947,0.6201966783254345,0.6237906234671033,0.602779152377283,0.6085061832058509,0.6036664605652962,0.5702830204414588,0.9990063047823892,0.48302625347776484,0.8511052688959317,0.5096388580509101,0.8218144906085816,0.4144371526019647,0.13032879062717673,0.13032879062717673,0.1264232166072442,0.1264232166072442,0.1083545177665135,0.10835451776651348,0.3050162030913954,0.3050162030913953,0.6470589771127098,0.49276946265016863,0.2273550637687233,0.463864060578619,0.4018041275078913,0.6094543450159302,0.5267280412007551,0.6802620251666138,0.5690660263481252,0.5142621018710278,0.7146531395883705,0.4918530642499137,0.871767798969828,0.9968003754474466,0.3608503352952923,0.12408308273728283,0.2154613136464737,0.3015980971488799,0.12749016170066776,0.5816414081571951,0.571667286189002,0.39623381274586755,0.5787383050644577,0.581641408157195,0.5716672861890021,0.39623381274586755,0.5787383050644577,0.500001674832307,0.4307567633869702,0.16666754284238172,0.1421953840827552,0.5000016748323071,0.16666754284238194,0.2445257296014774,0.42956679326162683,0.5546820101111286,0.5038539071181971,0.7395166924448727,0.47682287998370193,0.5601675421370594,-0.1621621686465441,SELL,0.0,1.0
0.6042477822117338,0.6030190145720388,0.6130845963984519,0.6071449691776591,0.02960160063373175,0.0,0.0,PPM,2022-06-07 00:00:00+10:00,Financial Services,0.49153253338336816,0.5281904431478103,0.3743852009097247,0.3427671094971295,0.6193030164822366,0.635455280337117,0.6080498588720877,0.6077832957412455,0.5997934875878628,0.578778047891223,1.0,0.48624870128673636,0.8489785854330041,0.5143457021931706,0.8177512138560408,0.41922749792029,0.1274217781905092,0.1274217781905092,0.12142121280084887,0.12142121280084887,0.08374052579860897,0.08374052579860888,0.3050772029502174,0.30507720295021734,0.5862061576701502,0.48267767729696087,0.3172270621130048,0.4744855175955959,0.4112319246653754,0.6172947178019875,0.5265367723094336,0.6888412531935186,0.5743077309819881,0.5010826081533213,0.7206863792401675,0.5350724447187013,0.8710446782481911,1.0000000000000002,0.3635710746356666,0.0867260546271074,0.20984853285133703,0.261400647683508,0.08181179248582485,0.6029004382713126,0.5834504612583647,0.4345511805305505,0.5817781560018059,0.6029004382713125,0.5834504612583649,0.4345511805305505,0.5817781560018058,0.5499989685229049,0.5312106584260645,0.32352919624953685,0.2199893995634762,0.549998968522905,0.32352919624953713,0.25411095280334833,0.3707592830534647,0.5256476314942049,0.501157262868087,0.6659589097151389,0.4923676055658371,0.5617795358964456,-0.13746623224875076,SELL,0.0,1.0
0.6126988744981543,0.6030190954563183,0.5659242572689194,0.531251894816033,0.03846692912899137,0.0,0.0,PPM,2022-06-08 00:00:00+10:00,Financial Services,0.316917118539481,0.34979564523091156,0.09633400707650835,0.13147879754219002,0.60053622354953,0.49979802798899087,0.6042166048954685,0.49193844207144655,0.5923057489997026,0.498226582140024,0.9965930269657477,0.4213016928121164,0.8445812107742521,0.44925771146480575,0.8134257360219688,0.36662792942968314,0.27354317937535,0.27354317937534994,0.2603255760024139,0.26032557600241396,0.1610487538052438,0.16104875380524378,0.3201558830823769,0.32015588308237686,0.21052516823729675,0.37570536265257426,0.28363057072064546,0.4634392312862451,0.41613433289795876,0.5738097477307231,0.5377705678630302,0.6730837033507633,0.09531532394207765,0.49561786893807147,0.7142637402955004,0.154440419607911,0.873775914450438,0.9886201103330652,0.29948186493983253,0.10215320684289247,0.21694573702927544,0.29387572684173946,0.10396398497375287,0.4961343078499126,0.509990778477949,0.3858411616552797,0.4900538743635972,0.4961343078499125,0.5099907784779489,0.38584116165527965,0.4900538743635972,0.0,0.34704325838656364,0.0,0.1606556715585613,1.1102230246251565e-16,1.1102230246251565e-16,0.3068287932853662,0.3589977395654058,0.3128870412599023,0.34881649807433796,0.6596016390309878,0.4980424323076567,0.6407672301063717,-0.0934843701079966,SELL,0.0,1.0
0.507061287912238,0.49759631266909243,0.4244433532995435,0.43427748715267933,0.14905926684840906,0.0,0.0,PPM,2022-06-09 00:00:00+10:00,Financial Services,0.26019538318669544,0.2897737569599419,0.1241390630846903,0.13751881987857378,0.5683646351869138,0.3386835691216801,0.589841909572365,0.3552663594482486,0.5819778363402315,0.39502043176191415,0.9886434274197282,0.33962061092658347,0.8385532605842503,0.3659791215940056,0.8072224763145903,0.29942331784567366,0.4061606083997819,0.4061606083997819,0.40240233587354185,0.40240233587354185,0.25216962920608393,0.252169629206084,0.36633102876242213,0.3663310287624221,0.1379304011550491,0.28699724980188523,0.21219779454704132,0.42974683081837856,0.41200448624840347,0.4870177968633282,0.5859770768940955,0.6087770876379124,0.02864534087203985,0.5230293728452164,0.6738235398859608,0.0,0.8815242068378784,0.9598305405596277,0.22745183091695653,0.18972446075442465,0.2702934019820371,0.6469163851644164,0.3461944696479811,0.4118367360859785,0.42474698983561776,0.3435251567921591,0.3999606458731444,0.4118367360859785,0.4247469898356177,0.3435251567921591,0.39996064587314445,0.16666655795151217,0.2354260873130732,0.15151506197769296,0.1555882827820433,0.1666665579515123,0.15151506197769316,0.4218488869633314,0.40996410095581204,0.0,0.027214024662978065,0.5475087378004141,0.4045202464085072,0.6385910371959415,-0.03030307649556807,HOLD,0.0,0.5
0.40564899789656605,0.39639023472086066,0.36442098684821134,0.3583842880295036,0.40279870346930374,0.0,0.0,PPM,2022-06-10 00:00:00+10:00,Financial Services,0.2963668864813731,0.3281718908791831,0.2075543358015291,0.1937967827049803,0.515639009536029,0.26448095088721413,0.5639674381409665,0.2648416843878325,0.5670023591639106,0.31911169011392726,0.9768609758591777,0.27763475263236115,0.8314277255843074,0.3015177732952212,0.8011662472786636,0.24704736485522283,0.36349700468231333,0.3634970046823133,0.4357840029162598,0.4357840029162598,0.31122925701496923,0.3112292570149692,0.3910074721081785,0.39100747210817843,0.0810798922746875,0.2097903993386972,0.19411565700755043,0.3844915185776553,0.3978855436081062,0.3910314523955034,0.6318918827409568,0.5280761267530203,0.09010123986886648,0.5569227343306151,0.6204745384679197,0.02932371474706541,0.8933372363284036,0.9166253669150104,0.18571277354102605,0.4890097035572998,0.44209407530297823,0.7107659122241806,0.6440284655740266,0.2906772370269734,0.335273803123591,0.2795767357102501,0.3279798521018272,0.29067723702697346,0.335273803123591,0.2795767357102501,0.3279798521018271,0.08108100051001708,0.07840903628977738,0.07692301320169495,0.07311667860343272,0.0810810005100171,0.07692301320169515,0.5033216277214119,0.4413282327200728,0.07481404449556067,0.0,0.3399151980333307,0.2382527385451601,0.6290061292746018,0.03205123767054907,HOLD,0.0,0.5
0.2535307916426863,0.24458134610296012,0.21007812776417856,0.18130048943955868,0.14413020501228757,0.0,0.0,PPM,2022-06-14 00:00:00+10:00,Financial Services,0.02339931480255275,0.02709303964220444,0.12413904431047262,0.09065639107791795,0.4262735127501507,0.0,0.5136559903316669,0.03128854029815842,0.5396334020765754,0.13159521312516764,0.9569869748938449,0.12827258994021984,0.8213501200884514,0.14763782950412696,0.7931146129261513,0.12188773763947613,0.5946982471812561,0.5946982471812561,0.6963028676645014,0.6963028676645014,0.5955221973768965,0.5955221973768965,0.5613597777592669,0.5613597777592669,0.0555547183769086,0.13385657836536255,0.10370581010874394,0.3028725613465945,0.36708517982761674,0.23073780447587594,0.7020751034790533,0.38753964200965973,0.07601954490898666,0.6200033317469456,0.5219467245657038,0.0033342342229555344,0.9175963608113811,0.8367025934330405,0.09233146479830345,0.5622223858254191,0.5022771642078906,0.22185021956664205,0.20699539002615158,0.06852298735321016,0.15069289384403367,0.11505727888431894,0.18264756445047048,0.06852298735321016,0.15069289384403362,0.11505727888431894,0.18264756445047048,0.0,0.07840903628977738,0.0,0.07311667860343272,1.1102230246251565e-16,1.1102230246251565e-16,0.6566818675548967,0.5707047362133383,0.11162972248615727,0.021874345596401945,0.27529191825624677,0.2098653517636046,0.6118186717826192,0.22222210045105628,BUY,0.0,0.0
0.16902048529608726,0.20662893887599176,0.14148111846534994,0.1307049401830751,0.09602766662729788,0.0,0.0,PPM,2022-06-15 00:00:00+10:00,Financial Services,0.33080225989260975,0.36432871787585547,0.23535941906321797,0.18785241246255666,0.32529051777714724,0.07861956535012427,0.45903214243249857,0.007955316799371781,0.5109734463565869,0.09189715300254964,0.9356933955300519,0.09058312588114958,0.8104919146207523,0.10611305358610057,0.784985613680425,0.08779526817133365,0.4399236106826899,0.4399236106826899,0.6852953801360135,0.6852953801360137,0.6083799540370212,0.608379954037021,0.5750522947227974,0.5750522947227973,0.008695213631361299,0.11294303075623738,0.048139415064715835,0.22846884153547986,0.3246639687296549,0.11907177837534427,0.7323930006143444,0.27431833794765315,0.15948622833673753,0.6656544578872672,0.4372101107707759,0.09042751352290229,0.9424331864933626,0.7529492931268587,0.10234040758946183,0.6122641990270644,0.5315708802336967,0.13580756457768725,0.13115539871030155,0.0,0.11383271277303258,0.09021569373232435,0.15367360562829024,0.0,0.11383271277303247,0.09021569373232435,0.1536736056282902,0.03174600411406672,0.03323092640467429,0.03174600411406672,0.03306275047034195,0.03174600411406692,0.03174600411406692,0.7429471794888047,0.6216713720360548,0.2031384201885385,0.15195760833251837,0.23187102280598162,0.17655373482421222,0.5786707201293125,0.24031003395440664,BUY,0.0,0.0
0.12676519431244326,0.14759201047303316,0.12861908787442156,0.10119084898986808,0.08045499854747534,0.0,0.0,PPM,2022-06-16 00:00:00+10:00,Financial Services,0.38982330491771405,0.4254203807843078,0.27706739877791203,0.2268129504177715,0.23413769730487388,0.20888378720324674,0.40009585190814967,0.026262910237838888,0.47998971601834883,0.07846497118909479,0.9125543671886596,0.07198524555160002,0.7989461724323164,0.08343713942232656,0.7769332755963521,0.06881612358318889,0.49189549587546383,0.4918954958754637,0.6476643744285061,0.6476643744285061,0.6009134455746346,0.6009134455746344,0.5725408989210812,0.5725408989210811,0.008264040407300968,0.10655108376498962,0.04813937838910262,0.16636187103768252,0.2758847435603848,0.057976907593695115,0.7268813181087117,0.1849498981448532,0.2160750009290538,0.6953181789511504,0.3633946050261613,0.14933803291228398,0.9644785888548786,0.6699765427086917,0.12319980078031456,0.6438957444920782,0.5484881575281781,0.10818624750678124,0.10681970718117022,0.031214621220350014,0.08258282925158861,0.060459348273254054,0.12482238317567718,0.031214621220350014,0.08258282925158872,0.06045934827325394,0.12482238317567718,0.0,0.006080975960140828,0.0,0.007337668403906141,1.1102230246251565e-16,1.1102230246251565e-16,0.7669097295707199,0.6530354633865342,0.2562441775726467,0.22873387322955713,0.15101279100015494,0.1696926539781628,0.5341025928208186,0.2988047954366182,BUY,0.0,0.0
0.08451018073255367,0.07590442223125649,0.07717151309496573,0.054811803440673934,0.10096959153402808,0.0,0.0,PPM,2022-06-17 00:00:00+10:00,Financial Services,0.33291568507415503,0.3665353298253955,0.2631648499355559,0.20546954368231654,0.15370872639833322,0.27514259907048366,0.3397221017763965,0.016157025211634757,0.4474567911410152,0.04460421050343055,0.8841629315374107,0.03946208259813311,0.7869903764385411,0.045499843612403335,0.768249763683615,0.03757722861676638,0.5060148497156937,0.5060148497156937,0.6406685303137444,0.6406685303137444,0.6100824759967212,0.610082475996721,0.5265173156813254,0.5265173156813253,0.0,0.061476216706866156,0.02288634113388463,0.10996023198763055,0.2233825610409847,0.02220259258262658,0.7092483904584699,0.10368519708612756,0.243552632790013,0.7204643539197537,0.2913108150903313,0.17840808977370354,0.9809342323368069,0.5853959246223788,0.13145487284741697,0.6076675784398673,0.5797063744718338,0.1438837822004232,0.12817357556371534,0.0636160423338703,0.06114357803745446,0.033101837644175014,0.05751509363361729,0.0636160423338703,0.06114357803745446,0.033101837644175014,0.05751509363361729,0.007092191658239219,0.008455794362147839,0.007092191658239219,0.009709484130374264,0.007092191658239377,0.007092191658239377,0.7956646303597501,0.664797090544741,0.2784508714749071,0.2635193388551955,0.1116876048075652,0.11851159133728306,0.4845182088697578,0.36249992987692425,BUY,0.0,0.0
0.06338259574147465,0.05481979813752391,0.02143643752125468,0.0,0.08354530949800781,0.0,0.0,PPM,2022-06-20 00:00:00+10:00,Financial Services,0.2976580551954854,0.3295345624965358,0.15194418325772613,0.07280399192964959,0.07774802504236433,0.3087711626438838,0.2707235443756877,0.0,0.4131164796382296,0.0,0.8510869048136369,0.0,0.773736794864957,0.0,0.759341152018866,0.0,0.506203362159358,0.506203362159358,0.5620317131464911,0.5620317131464911,0.6273206285304598,0.6273206285304597,0.5081439622081232,0.508143962208123,0.0,0.0,0.014910984709629704,0.05635293570917188,0.16856980163920804,0.0,0.6617690573568198,0.034255355733438964,0.2564574175165386,0.7439318592880155,0.21800167497698475,0.19619945194202937,0.9919422623224696,0.5001327293501752,0.1338948020268958,0.36715930106197353,0.6004168441545849,0.19458109113309519,0.10268749486585729,0.06419786187674159,0.0,0.0,0.0,0.06419786187674148,0.0,0.0,0.0,0.006493498832682231,0.0,0.006493498832682231,0.0012643811149296563,0.006493498832682354,0.006493498832682354,0.8100421526925636,0.6961612693685605,0.29889365187017847,0.29238825669348817,0.08655234569224513,0.11371682175632875,0.42684121660376373,0.43612338649220406,BUY,0.0,0.0
0.029578495544127836,0.03584368389847159,0.025723784344109935,0.012648887314120838,0.08628698111918404,0.0,0.0,PPM,2022-06-21 00:00:00+10:00,Financial Services,0.5273737629666898,0.5636782935018586,0.30487248126593025,0.24694703021762468,0.042001776085151654,0.4623822855239337,0.2036415926956321,0.11907819179430468,0.3790343793222384,0.04118980437214237,0.8192884961281353,0.022227029184725078,0.7618881192415397,0.015062133623543028,0.7506418827178392,0.011754791492208927,0.30339390760311447,0.30339390760311447,0.6035344371505805,0.6035344371505805,0.6349345046775161,0.6349345046775161,0.5160664497620944,0.5160664497620943,0.02830194868049901,0.01956807770268546,0.0392083415840975,0.0240926711770032,0.11701007117115253,0.03125872011695191,0.5768557468188205,0.0,0.30371880004302276,0.7521597958233757,0.1588553949035726,0.24135668605960614,0.998890309706048,0.42407335636610055,0.16764648993165243,0.32358333789534555,0.6321047392241902,0.22691695588888378,0.1014696828313659,0.31240779917611,0.013602910678805813,0.006314382471617919,0.01452884284948941,0.3124077991761099,0.013602910678805702,0.006314382471617974,0.01452884284948952,0.025974064955672813,0.008697408418171744,0.025974064955672813,0.009950792694148634,0.025974064955673004,0.025974064955673004,0.8364010739210892,0.7138035129118631,0.325624578590815,0.32895867617819136,0.007147638071061668,0.10985436545925753,0.3617705941673145,0.4173912937198945,BUY,0.0,0.0
0.033804102252522616,0.025301449649667407,0.025723784344109935,0.012648887314120838,0.08030765792050255,0.0,0.0,PPM,2022-06-22 00:00:00+10:00,Financial Services,0.4823191664152124,0.5190077938955185,0.29096960632937463,0.23078402795612693,0.01697941635908884,0.5440143196495155,0.13608050908076463,0.2237645522430196,0.3454686631789574,0.06687741588046503,0.7866383420837857,0.03331251101718846,0.7509192711210808,0.018421823378036106,0.7417672292913897,0.014299211150808122,0.3273536421341695,0.32735364213416945,0.5972670052638995,0.5972670052638995,0.6382138348445323,0.6382138348445322,0.5101901527409953,0.5101901527409952,0.03409098742290738,0.007247195080394543,0.02702082786871185,0.005447396047478792,0.07130645921618606,0.08753082015110308,0.4478214117358881,0.0028309181304625453,0.3297202219649529,0.7522321385675628,0.10786232355363312,0.26960182123775517,0.9999999999999998,0.3557728456015641,0.1895302073700862,0.31174073172159017,0.6539553712507653,0.21890943194641707,0.09158251229255593,0.39153354969253906,0.011268187820359876,0.010954146155279731,0.00721673363220976,0.39153354969253906,0.011268187820359987,0.010954146155279731,0.00721673363220976,0.025974064955672813,0.01501999843433648,0.025974064955672813,0.016265388546899486,0.025974064955673004,0.025974064955673004,0.8555712304298493,0.7294855152538385,0.34463976295653875,0.35424802208975714,0.005533450586560115,0.10223484308885528,0.30711127132069727,0.4043479745983152,BUY,0.0,0.0
0.008451099728291944,0.0,1.0394658034318383e-07,0.021081582824825973,0.2562535822398749,0.0,0.0,PPM,2022-06-23 00:00:00+10:00,Financial Services,0.511964149496679,0.5484659506453518,0.4021902855823447,0.3640206025318134,0.0,0.63272929821929,0.07810256749666378,0.34193394241758246,0.3121611582224699,0.10485110748285664,0.7551238520183752,0.052346271831632984,0.7392251380674106,0.029764957110307577,0.7331295734204892,0.02304401279991597,0.3643892908465265,0.36438929084652644,0.6599431066389323,0.6599431066389324,0.6432383935750667,0.6432383935750666,0.5155363040472885,0.5155363040472882,0.10416724460299932,0.0232474250962905,0.04143166533459536,0.0,0.03344175686684148,0.1628557823253306,0.3105117993976696,0.02806147921402191,0.359236090815528,0.7433076679824657,0.06539090692396687,0.29615996522919164,0.9988533735541603,0.29345417247796624,0.2122131718313579,0.44417789708226285,0.7583353028518166,0.4962748520870807,0.2594056215619912,0.45709728522633214,0.06321459312198269,0.015910463264339703,0.019403642429805412,0.4570972852263321,0.06321459312198274,0.015910463264339758,0.019403642429805412,0.0691823411942002,0.036011339843969314,0.0691823411942002,0.03723018890087695,0.0691823411942003,0.0691823411942003,0.8364010757531251,0.7334059257704478,0.35398216430683116,0.36921529974072964,0.0,0.047206136435733126,0.2611974401295388,0.3706895914000108,BUY,0.0,0.0
0.0,0.10542286351520758,0.03429843432817181,0.12648862361810975,0.07398888330004248,0.0,0.0,PPM,2022-06-24 00:00:00+10:00,Financial Services,0.8496811438733288,0.8671991393887863,0.7775593086835989,0.8293339131669554,0.015192132338110564,0.9634444833493787,0.04312412141540389,0.6539191743912525,0.2855667850343757,0.27228360369472027,0.727726117885592,0.16415215977577569,0.7293161242579651,0.12986990652996433,0.7251451499898764,0.10377170274346326,0.7139761790041323,0.7139761790041323,1.0000000000000002,1.0,0.8617841941110396,0.8617841941110395,0.6628439830478403,0.6628439830478401,0.49180322302267165,0.1362350436538236,0.17071624858135057,0.03161584920300542,0.010705516259203018,0.3082268690936995,0.18704380400991494,0.0781380584767003,0.5338145283325267,0.7223677489896165,0.04396265595384852,0.364646620592657,0.9900067296974229,0.2520405101731935,0.2743943222936719,0.42385208760825344,0.7538981434416886,0.14995640161035761,0.07425495621091707,0.7497273177464372,0.23261342096273796,0.10954124546165556,0.08590570402394326,0.749727317746437,0.23261342096273796,0.10954124546165556,0.08590570402394326,0.22641494066452814,0.10312891126419362,0.22641494066452814,0.10426289813131757,0.22641494066452816,0.22641494066452816,0.9466289539673829,0.8078955167120861,0.39567841684870253,0.4112642060819348,0.03589804334104453,0.06079514096208183,0.21418191849361234,0.23735413488385482,BUY,0.0,0.0
0.10986326104139321,0.12650743355441885,0.12433187553464609,0.12648862361810975,0.168548489349294,0.0,0.0,PPM,2022-06-27 00:00:00+10:00,Financial Services,0.4823191664152124,0.5190077938955185,0.4160928297171026,0.37950410471866813,0.042001802528762955,0.8655480026671629,0.01677050387075596,0.7108979199692305,0.2574232211272731,0.29920271008755517,0.7028836030270735,0.17422342345697517,0.7192604710070567,0.1333893423947139,0.7175115002795258,0.10626676510866073,0.5543767941008326,0.5543767941008325,0.9877356555141081,0.9877356555141081,0.8515353725418999,0.8515353725418998,0.6552972621996049,0.6552972621996049,0.5555556773266949,0.1373116512687887,0.1723345843435913,0.0629302281044446,0.0,0.4238314495859336,0.06599637959160609,0.13990832506875583,0.6308696668123306,0.6935154657176139,0.027333821036471084,0.3759370916216695,0.9843051809239534,0.2107167398790073,0.28489660061414196,0.4878888958105626,0.8171145991501856,0.29797975801579907,0.159190209846852,0.8721977899846671,0.29522332786231115,0.0941575545730976,0.11223769775047282,0.8721977899846669,0.2952233278623111,0.0941575545730976,0.11223769775047282,0.23376611792669938,0.1727080223437894,0.22641494066452814,0.17129560736175817,0.23376611792669955,0.22641494066452816,0.9322514194038258,0.8118159233656327,0.42081665620817543,0.4328611670087987,0.08798336252592467,0.08363867434577865,0.17562919075215266,0.23735413488385482,BUY,0.0,0.0
0.10986312715052882,0.1307243108291688,0.10718253756579466,0.15178627348480211,0.070072161826115,0.0,0.0,PPM,2022-06-28 00:00:00+10:00,Financial Services,0.5619093780512836,0.5975267545179515,0.4995084139429242,0.4724054869956059,0.07149241858359168,0.8505434376761785,0.013416381828948776,0.7791420630564672,0.22850505804057875,0.36405047615793573,0.676905434691041,0.20992466652579977,0.7092285237113214,0.16036904340208347,0.7104719194220435,0.1275064483938605,0.5481835410007787,0.5481835410007786,0.7241548174038794,0.7241548174038794,0.8502583366201371,0.850258336620137,0.648670833787033,0.6486708337870328,0.7346935447978752,0.16176252164782257,0.17233444271501677,0.10060658173096426,0.0004394410230196266,0.5309245949278232,0.05262411023879654,0.14602519494293464,0.7290377557729527,0.6527335314911324,0.02030983592707547,0.3999034885724426,0.9718126108771605,0.17812271148321068,0.30527277045714357,0.4756735260453143,0.8404515816813661,0.12689575896844482,0.063640608345066,0.8948036560072278,0.5047436430679579,0.09303693307463623,0.10646002093571916,0.8948036560072276,0.5047436430679579,0.09303693307463617,0.1064600209357191,0.272727076537302,0.24086492029830045,0.2641507049843976,0.2364981644393197,0.2727270765373022,0.26415070498439774,0.9610065984499814,0.8549414187974645,0.4349718974307485,0.4413325605048922,0.1256577050006504,0.09486935017707065,9.770772524397842e-08,0.24714835185977346,BUY,0.0,0.0
0.12253979127006476,0.11385670323985464,0.08574616990209072,0.07589326150395048,0.05983583046740222,0.0,0.0,PPM,2022-06-29 00:00:00+10:00,Financial Services,0.24899556587821384,0.2777961046039805,0.2075546656091065,0.14976240779700037,0.08489726690072352,0.5463306827782786,0.007187347661551824,0.6099895302242155,0.19571394871706493,0.28786748653046135,0.6483720407798885,0.14653165095497622,0.6982456299038806,0.09375566628670706,0.7035209089243697,0.07292244468509235,0.773689890788587,0.7736898907885869,0.7764245849813411,0.776424584981341,0.8808886316088405,0.8808886316088403,0.679539599111119,0.679539599111119,0.6666670319803848,0.1617625392330285,0.10297445124211965,0.11501789748459135,0.004234994413190973,0.5631738553258332,0.039619077102233335,0.14723696824910115,0.5144920678407917,0.6103894807053982,0.008821201115024269,0.36935875691511233,0.9607125965877901,0.1380602637996684,0.2800040907973255,0.4602511560768205,0.8315209138195756,0.11189620041148317,0.05465587875066282,0.7385122042335426,0.4706567148516275,0.03686726464673773,0.06180059854671727,0.7385122042335426,0.47065671485162747,0.03686726464673784,0.06180059854671727,0.18604640542507292,0.22734752751360968,0.15094331897321228,0.21125846592926034,0.1860464054250731,0.15094331897321234,0.9610064383043673,0.8784642804580577,0.41949287954863484,0.43435086495352165,0.125342617640399,0.07423104891686427,0.003385279502803873,0.3632651661195765,BUY,0.0,0.0
0.05915716586591402,0.05060296026427691,0.0,0.03794659956158786,0.21990688807407927,0.0,0.0,PPM,2022-06-30 00:00:00+10:00,Financial Services,0.35708579425788517,0.39166991535999535,0.2909696033275583,0.23406033396564013,0.08847186138629182,0.40630985946124243,0.0,0.5332119306188947,0.1600826462218019,0.26782236049457175,0.6179932041919924,0.12072848595931152,0.6870072145718051,0.06214683274870503,0.6965264872139336,0.04659024759651853,0.8272911454552925,0.8272911454552924,0.7867446714210334,0.7867446714210334,0.8757951753368238,0.8757951753368235,0.6813351406624313,0.6813351406624311,0.5500000123293343,0.17980589018439297,0.09572900541294563,0.1214698962812894,0.008813328783568997,0.5706956856174457,0.031748730002673975,0.14251368460224023,0.4108011626661276,0.5603247396942619,0.0,0.3594572731763123,0.947926020931307,0.09698180167181825,0.2729954019795303,0.432869518270387,0.9246940154542836,0.4366383830800644,0.18627182167308232,0.6427007432250226,0.45759497336640004,0.0006053035220506264,0.03426607288902783,0.6427007432250226,0.4575949733664,0.0006053035220505154,0.03426607288902783,0.14285700300580015,0.1969066356951388,0.09433953143880705,0.16708896970345596,0.1428570030058003,0.09433953143880713,0.9178740489036659,0.9411924106086583,0.3642153009270138,0.41775869917115405,0.12478365107432346,0.0,0.16925918746165858,0.4152542266624537,BUY,0.0,0.0
0.04225512935675613,0.07168751724307454,0.04716030749220457,0.09275834062148713,0.030590720647684002,0.0,0.0,PPM,2022-07-01 00:00:00+10:00,Financial Services,0.6701099252237025,0.7014453853387229,0.5273131787186612,0.5126622142967296,0.08132261952793263,0.6152150024064489,0.004312407179087208,0.6570197106331317,0.12987349978280505,0.38292611494065354,0.5891758874601796,0.18844273200779382,0.6760401235912532,0.11717539814446531,0.6896402387070215,0.09006006750749573,0.5875157728608392,0.5875157728608392,0.808467922261832,0.808467922261832,0.943169270888315,0.9431692708883149,0.7201938583463099,0.7201938583463097,0.6301370501575486,0.2733851957372072,0.14613894371947364,0.147114304014776,0.01860446896108614,0.6207861216600743,0.03734655560688527,0.14459646392905212,0.5773065653202086,0.5082229182577758,0.0012463719373230209,0.40274708214972765,0.9297923096503029,0.06777835730619564,0.3059972969959245,0.40017568466364756,0.9236670907876333,0.06563976692363273,0.024570670983537674,0.5461036092663819,0.5931276135688746,0.06542543998603667,0.06352408618131361,0.5461036092663818,0.5931276135688748,0.06542543998603667,0.0635240861813135,0.40579678156790366,0.24146498937262179,0.1761005898020166,0.13764269160347162,0.4057967815679039,0.1761005898020167,0.8843264226745922,0.9803975046797929,0.43704192986856416,0.43868500186011017,0.20035431071207344,0.016114003875648597,0.16587400371242522,0.37349392006457127,BUY,0.0,0.0
0.09718660037146964,0.10963963283402667,0.11575713041895863,0.10962335735824902,0.17094736849139067,0.0,0.0,PPM,2022-07-04 00:00:00+10:00,Financial Services,0.5370837810602971,0.5732291904378103,0.4021902855823447,0.3640206025318134,0.07774797215514173,0.6845413864536924,0.01677047551388111,0.6704744112374532,0.09940616125745305,0.44407551716780547,0.5614942326070209,0.21801503586846438,0.6656753874873043,0.1366980582179642,0.6825264442516685,0.1051402642323288,0.5999684554121788,0.5999684554121788,0.7319042049026405,0.7319042049026405,0.9450021085388074,0.9450021085388073,0.726777671708914,0.7267776717089138,0.6399997790581883,0.4087538476817494,0.1747770554569608,0.1770706441750876,0.0335963147080246,0.6707602851604411,0.0411340540658891,0.16123756885263973,0.60395642334454,0.44241894146164396,0.014482820514174821,0.4243280395048864,0.9104121063599677,0.04291470582495105,0.32072586448154017,0.4019828707452944,1.0,0.36460206052288907,0.13449024684244842,0.5771860351712853,0.700478924478078,0.067545519168204,0.07884687940666307,0.5771860351712852,0.7004789244780778,0.06754551916820406,0.07884687940666307,0.5333326999605795,0.3577537083992177,0.2012576381104074,0.15446912539809401,0.5333326999605796,0.20125763811040753,0.7309660619810763,0.9607949045635692,0.5362298724781362,0.46070347448320764,0.320171781352393,0.09347764652275087,0.16255652363817685,0.34387367588803364,BUY,0.0,0.0
0.13521622568164027,0.13072437562149009,0.11575720233448372,0.147569956919837,0.02847215621313874,0.0,0.0,PPM,2022-07-05 00:00:00+10:00,Financial Services,0.603592411843666,0.6379369447662382,0.4021902855823447,0.3640206025318134,0.0768543103119439,0.8176572964424595,0.03210348433113941,0.7273176964927053,0.07152078943670581,0.5382650349257865,0.5350901936918486,0.2696869587480458,0.6562993552533514,0.1759105532402463,0.675514518586013,0.1362729661165405,0.623740550921701,0.6237405509217009,0.7424039473649108,0.7424039473649107,0.9743060578359073,0.9743060578359072,0.7447170009645923,0.744717000964592,0.542372719845488,0.5005061671201682,0.19176275313376603,0.21585981036691104,0.05485958407303604,0.731023098558764,0.053342807039501894,0.17524420477275615,0.6926116979250314,0.3671757501192163,0.04016642150960825,0.46472318285019254,0.8879842516316276,0.025608756251716214,0.3440078153381176,0.37064367160811246,0.9914750298202829,0.06588772522314457,0.021217009767352024,0.6006754779095023,0.734749146289837,0.10194232614976123,0.10107695993110455,0.6006754779095023,0.734749146289837,0.10194232614976123,0.1010769599311046,0.8913040110577994,0.608370980647365,0.25786146206210053,0.20915516680310697,0.8913040110577996,0.2578614620621007,0.6734559169675094,0.9999999999999999,0.5892301136250159,0.4761507567233954,0.36044798471585904,0.10153383221598378,0.0,0.2786260296358021,BUY,0.0,0.0
0.1394418863260698,0.15602591314616265,0.1543429700733665,0.13913744855145604,0.02828756279726013,0.0,0.0,PPM,2022-07-06 00:00:00+10:00,Financial Services,0.4562955211072047,0.49293624405030667,0.3604823224139533,0.31880606488862523,0.09025911896365924,0.7439584628079112,0.0464781867434616,0.6764159399302263,0.04286084135689272,0.5619934448345214,0.5092539836157193,0.2732454045735767,0.6474286545065513,0.17125419664245434,0.6686163686292859,0.13224844206207165,0.42391377202325453,0.4239137720232545,0.7478883419808963,0.7478883419808963,0.9711059448922594,0.9711059448922591,0.7446619708701847,0.7446619708701845,0.5245901241730448,0.5245362283163229,0.19024029732438905,0.2483763317597203,0.0796409624976494,0.7648290033556848,0.05404616899966297,0.19759125022412194,0.6349502139554755,0.2732264274634544,0.08157840768556979,0.4760164058139958,0.8661351225321166,0.008518215042814914,0.3458547261539413,0.3468769093594243,0.990868680216029,0.06984980458438877,0.021081744709795236,0.7305377518277623,0.7226318818408972,0.09234737940571247,0.10485463249965887,0.7305377518277623,0.7226318818408971,0.09234737940571258,0.10485463249965887,0.8124996928419413,0.7445553372448571,0.2532467147981518,0.23495486333123727,0.8124996928419417,0.2532467147981521,0.6542858770172313,0.9882385912612145,0.6200577790679289,0.49554240067332245,0.3989328529101821,0.08574078017536224,0.0033851849876348483,0.2961539083111917,BUY,0.0,0.0
0.1309907092156577,0.1686765882115674,0.1672048105613102,0.17286773154807866,0.02786725778879807,0.0,0.0,PPM,2022-07-07 00:00:00+10:00,Financial Services,0.5872152453419514,0.6221170686775105,0.499508418695075,0.4703291501094711,0.11885608639709555,0.763427599144241,0.06372781545981088,0.7179759901844898,0.020914032685648287,0.6472999739615257,0.48341777774015915,0.32188386416607007,0.639542711210126,0.20625651041889093,0.662023131337353,0.16027174210189887,0.2606917300348095,0.2606917300348095,0.7526058141852656,0.7526058141852656,0.9808938018100366,0.9808938018100365,0.7523346455297555,0.752334645529755,0.5396826216917449,0.6163922871473175,0.2185409980160745,0.28719955468281205,0.10874399684541514,0.8063562801478567,0.0588544564997624,0.22100676529955243,0.7382687573652973,0.18713871638464363,0.12607185909994378,0.5413268231331225,0.8386985634859643,0.0005132057174566107,0.3665126409350452,0.2022046160012736,0.9859775679938679,0.11541686360510595,0.020847071067077644,0.8790568146163977,0.7571034594708066,0.1691114149061016,0.11295500689893895,0.8790568146163976,0.7571034594708066,0.1691114149061016,0.11295500689893895,0.921568682297128,0.8745560478295746,0.3051947795307718,0.2697141815313556,0.9215686822971282,0.305194779530772,0.6542860400670774,0.992159187113452,0.6273602249052128,0.5267655255307458,0.4460713815501848,0.1032007059293435,0.010987344511551034,0.19402987216947976,BUY,0.0,0.0
0.17747142793543103,0.2024119528525209,0.2186525856280146,0.2234631560430127,0.023635140505659,0.0,0.0,PPM,2022-07-08 00:00:00+10:00,Financial Services,0.6349664449318052,0.6680394570398542,0.5134106355159445,0.48060226222430097,0.14655939198733448,0.8392392645043736,0.07474841709798197,0.8102633312720198,0.008004138041221687,0.750159783487772,0.45928505838172606,0.388869223680928,0.6325840096134598,0.25714941920795664,0.6559164897800471,0.20117162007239797,0.22269320359137088,0.2226932035913709,0.5704155737536067,0.5704155737536067,0.9793238889134652,0.9793238889134649,0.7770167139206896,0.7770167139206894,0.8070173890314621,0.7380607577039001,0.2961727322375397,0.3351581926888068,0.14348752749678512,0.8605564421714316,0.09478475571980938,0.2077776507213882,0.8229329004650836,0.12692257428255505,0.16089800795840337,0.6595049872491772,0.8085426314559452,0.0003994344293787311,0.3950097098440208,0.19696465730478832,0.928101860566725,0.10059857714988646,0.01853346189233479,0.8568989015584496,0.6655812588406188,0.2864667882814662,0.14246335715265562,0.8568989015584496,0.6655812588406187,0.2864667882814662,0.14246335715265557,0.9999999999999999,0.9109528694614895,0.45736420859721916,0.3364331556521221,1.0,0.4573642085972194,0.620738413307435,0.952954144822569,0.6734445501451092,0.6017726639176854,0.48821211739541925,0.12104445027720301,0.022659846564502817,0.13571435289656697,BUY,0.0,0.0
0.22395190443180235,0.2656656680875452,0.2572382105681854,0.22767934784642851,0.018494088583790962,0.0,0.0,PPM,2022-07-11 00:00:00+10:00,Financial Services,0.4944943338417973,0.531137112550671,0.3743852001917944,0.336008047209574,0.17158173849159164,0.7735791501213152,0.08624816484940201,0.7948846401586478,0.0,0.7693439609231878,0.43671386307994586,0.40584689424157083,0.6257025764436,0.26398319462665487,0.6498991173004791,0.2066720846954565,0.2469463592968317,0.24694635929683167,0.5690065620995802,0.5690065620995802,0.9524450055902727,0.9524450055902728,0.7766540191201377,0.7766540191201377,0.9591839322777804,0.7329326865742748,0.34985400607590167,0.37697672738336235,0.18127609997679212,0.8898165908528923,0.12405969307429099,0.2010231425664677,0.7574336934831779,0.08656962706963922,0.1852182501268428,0.7244385706579483,0.780518164427378,0.0,0.401397498009441,0.08211458390358485,0.7507683434630565,0.17316535409162873,0.01754396904436969,0.8292875157169524,0.6710033006135344,0.35502574206070936,0.1606265623370045,0.829287515716952,0.6710033006135344,0.35502574206070936,0.16062656233700456,0.8108106245982194,0.9103872854303845,0.5714282440659708,0.4428414411801042,0.8108106245982195,0.571428244065971,0.6279270813639719,0.8823851960880275,0.6912054573492995,0.676069468938685,0.5329400880354306,0.158751728877648,0.03986857290099233,0.09252676009440708,BUY,0.0,0.0
0.21127562512535913,0.20662901579233128,0.18864161639068877,0.18130048943955868,0.017845088203077484,0.0,0.0,PPM,2022-07-12 00:00:00+10:00,Financial Services,0.3488667682474049,0.38314373825820136,0.26316483067782337,0.2224571547196654,0.1787310332371732,0.6057702193484844,0.08960228689120942,0.6830025779422513,0.0,0.6914359921489297,0.41201331908303995,0.36868854108666194,0.6188510020766533,0.2224098743046068,0.6436013406104464,0.1733991325842491,0.38442117339030324,0.3844211733903032,0.6138848181068307,0.6138848181068307,0.7450780931566083,0.7450780931566083,0.7818806603874346,0.7818806603874344,0.7234052465799394,0.6609642900863358,0.3672659562832853,0.39959808707511557,0.2169129859074604,0.8691407933129522,0.13023333201292897,0.2010819487676181,0.6076368168872115,0.08656962706963922,0.1852182501268428,0.6299250206367063,0.7495458355515108,5.729770976259374e-05,0.3824322781222405,0.07410872439216691,0.6924953406049036,0.182223340893902,0.018269332692811797,0.6692483278866601,0.5779610850325918,0.4856326423903839,0.12684528750657253,0.6692483278866598,0.5779610850325917,0.4856326423903839,0.1268452875065726,0.6621628163664605,0.8235253034526361,0.6621628163664605,0.5622209566264676,0.6621628163664606,0.6621628163664606,0.6518895337922539,0.8510210699699713,0.5794198661747187,0.6259003843153438,0.5598048950597218,0.2562624039626978,0.0657035768262173,0.11481456193669337,BUY,0.0,0.0
0.16056940765778616,0.333136388461967,0.20150338264910905,0.3541679714645385,0.007634482985582168,0.0,0.0,PPM,2022-07-13 00:00:00+10:00,Financial Services,1.0,1.0,1.0,0.9999999999999998,0.2243074434733101,1.0,0.12122661801988066,0.9999999999999998,0.013684478543667833,0.9589399747388898,0.3951204121716807,0.5696397630647981,0.6157540481359569,0.38929229948916944,0.6386250797230093,0.30843924327613326,0.8773789076717805,0.8773789076717804,0.8619246126762881,0.861924612676288,0.9813523207861603,0.9813523207861604,0.9779728624378226,0.9779728624378221,0.8452387913852346,0.7484252916711126,0.6352985216629575,0.4671980562329456,0.261577461791039,0.955887918351838,0.21226680827032252,0.18119674189949198,0.8761650102184874,0.13807487634754723,0.15943885499738097,0.8532588657656144,0.7224481648348724,0.009715369950852315,0.47599260270413685,0.05854980867864619,0.6517071909547996,0.098898847133711,0.007520628261847477,1.0,0.9162620490493236,0.7556642968538576,0.25426333373359916,1.0,0.9162620490493236,0.7556642968538574,0.25426333373359916,0.9999999999999997,0.8235253034526361,0.9999999999999997,0.7436926604119127,1.0,1.0,0.805250001163714,0.8549416666233768,0.702671169757281,0.7599586431588792,0.7131194598471225,0.3052176744265041,0.08895508035891986,-0.028938933980681147,HOLD,0.0,0.5
0.2788838037630905,0.2867504626367362,0.26581303081025376,0.2951401633627728,0.022317260453291268,0.0,0.0,PPM,2022-07-14 00:00:00+10:00,Financial Services,0.3288543277005453,0.36229362777703433,0.41609283076886366,0.37741173908638914,0.2502234782643762,0.7447532612951986,0.1504551973146495,0.8085039666873237,0.025561589562322684,0.8422132743901412,0.37680793946357083,0.5154454309490754,0.6120152293933683,0.3343642741279891,0.633159071805601,0.26516667277580663,1.0000000000000002,0.9999999999999999,0.8813642314174602,0.8813642314174602,1.0,0.9999999999999999,0.9890679689003323,0.9890679689003321,0.6966299456798924,0.62723440771075,0.6276162925480755,0.5055128336838552,0.3064654663597838,0.9580358305745932,0.2288049433322985,0.21367469957558094,0.7125102998476087,0.16509045931059352,0.15304707408640983,0.7213591533405938,0.6950270580130966,0.017008248710298712,0.449033482115794,0.05436874021133757,0.6248801137526042,0.28980987656962215,0.02554063939472698,0.8243690469131811,0.901055003541285,0.726536227885618,0.22541234501065638,0.824369046913181,0.901055003541285,0.7265362278856179,0.22541234501065643,0.8444448980087084,0.8347877305389896,0.8444448980087084,0.8349966218124506,0.8444448980087085,0.8444448980087085,0.8052498615590098,0.8588620492961466,0.6358940731417517,0.7132783401197837,0.6643764039318579,0.329046984320225,0.12180427444309438,0.09764292085685411,BUY,0.0,0.0
0.2957856853054037,0.2867503185328534,0.2743874959884256,0.3077888635345696,0.01585448626315938,0.0,0.0,PPM,2022-07-15 00:00:00+10:00,Financial Services,0.516754318536631,0.5532020864508671,0.4021902855823447,0.3640206025318134,0.26809658291027416,0.7308318288588489,0.1748921878709877,0.7858233900434641,0.04105345473144162,0.8390439366975044,0.35892133313403063,0.5408621922757914,0.6088748145348544,0.3478934940906615,0.6277270189359987,0.27717031163458206,0.9892209647036189,0.9892209647036189,0.8649557488155517,0.8649557488155518,0.9657894756357333,0.9657894756357329,0.9907159299516717,0.9907159299516712,0.7222227701938505,0.6349886689610755,0.6627438501126622,0.5401526051196781,0.35065404493440366,0.95131496769931,0.2485428654389119,0.2357573865792303,0.6965031354886677,0.19098165975564907,0.15315582881067924,0.7065631158468075,0.6661921958768025,0.027467314888617533,0.4605063197336561,0.048507215215600696,0.5856046005485052,0.2273416988765746,0.018899052825478588,0.7509161121244966,0.826286303890776,0.8142561289199697,0.23320494659317176,0.7509161121244967,0.826286303890776,0.8142561289199696,0.2332049465931717,0.8777778288518959,0.9069863574337554,0.8777778288518959,0.9071039621268471,0.877777828851896,0.877777828851896,0.8196275070954557,0.8549415519372255,0.612408035671886,0.6899092367221819,0.5891477127661501,0.3674436336518275,0.15071156523716767,0.05333343722850814,BUY,0.0,0.0
0.2957856853054037,0.32048562930498237,0.3386971235948586,0.3077888635345696,0.020839009650476963,0.0,0.0,PPM,2022-07-18 00:00:00+10:00,Financial Services,0.4823191664152124,0.5190077938955185,0.4021902855823447,0.3640206025318134,0.2850760521565856,0.683231196984929,0.1974125656174539,0.7414297063469906,0.05990189724502004,0.8105695611513577,0.34245430100237995,0.551406610674582,0.6062476308620965,0.34906033630630096,0.622411889424392,0.27936609304263527,0.9912671709074466,0.9912671709074466,0.8714214410081036,0.8714214410081036,0.9137300539445097,0.9137300539445096,0.9886971934552198,0.9886971934552196,0.6951224793065148,0.6191591213964893,0.7098208186795304,0.5680408631954734,0.3926696133907509,0.9304342695923044,0.2593728623131033,0.2624221085311099,0.662133330453733,0.20854395427694694,0.16588369704781802,0.6839126277175345,0.6400581963323484,0.03642574206165006,0.46501828617885843,0.050273752195271734,0.5566694062630226,0.2879299598092065,0.026428366374456686,0.743301661716065,0.7997424588635479,0.9083555550463163,0.2519374214265552,0.7433016617160647,0.7997424588635479,0.9083555550463162,0.25193742142655523,0.8777778288518959,0.8660602974564325,0.8777778288518959,0.8662296482868679,0.877777828851896,0.877777828851896,0.7764947993779663,0.8392595928647854,0.6192340630062789,0.6942016317407118,0.5598931913872245,0.41856697278288507,0.17614998113595248,0.009999976327681681,HOLD,0.0,0.5
0.30001129518576963,0.3289195637631587,0.3215480204695491,0.3499517796611227,0.014927844020735269,0.0,0.0,PPM,2022-07-19 00:00:00+10:00,Financial Services,0.5959567516569172,0.6305702664592558,0.5273131882273708,0.4825388362665793,0.32082223500477025,0.7055448454689026,0.22041210365560682,0.7837182182845803,0.08055772638405001,0.8469593542085125,0.3301040248033571,0.6075379015103869,0.6048330589276034,0.3902542391206454,0.6174048229613534,0.31422660474346553,0.912794385529921,0.9127943855299208,0.8701369326146261,0.870136932614626,0.9173863449182789,0.9173863449182788,0.9871230669611897,0.9871230669611892,0.687500577938898,0.7364430993590205,0.7937686014013386,0.6019134189241228,0.43437689469981955,0.9274719037945272,0.2826076093909191,0.2792098660697966,0.7120106563927626,0.23168456368994828,0.17631303890673156,0.7117474468540357,0.6208279196223234,0.04254255164827114,0.4937443962842748,0.04807605786770919,0.5237414468552997,0.2160590593520068,0.019675034447687537,0.9041294955594719,0.7961686641331094,0.9428481559341165,0.31800205358114575,0.9041294955594716,0.7961686641331095,0.9428481559341164,0.31800205358114586,0.9888891326463539,0.9144274092057029,0.9888891326463539,0.9145356055734588,0.9888891326463541,0.9888891326463541,0.7381547656892269,0.8196570071538366,0.6069583025090041,0.6805324847593834,0.6278781901701666,0.4620913132097932,0.19853578712688302,-0.016129152343960285,HOLD,0.0,0.5
0.34649174583111386,0.40904090850026187,0.39014473221985746,0.39211457102612624,0.02107538945452061,0.0,0.0,PPM,2022-07-20 00:00:00+10:00,Financial Services,0.5922906920916938,0.6270276759478253,0.5134109648965638,0.465656203291147,0.32886513870632705,0.8018006057725602,0.2491615084802512,0.8135423104847079,0.10379552986785989,0.8784206000572017,0.32073485105944766,0.6622043495868827,0.603018090026282,0.431680955151881,0.6128812036723064,0.34901963916550993,0.37177097814937926,0.3717709781493793,0.8587630560820517,0.8587630560820517,0.9167103052401719,0.9167103052401716,0.9920865602583593,0.9920865602583591,0.7191017399856238,0.8082444062878638,0.8071641293831999,0.6400884806134967,0.4768657544881544,0.9349821791196427,0.3070649396790559,0.3041289344922383,0.7556149850579801,0.25872375322567054,0.18713697629180115,0.733478861578085,0.6058305063955882,0.047847835149647855,0.5226426549704837,0.0582017114152872,0.49640930957084234,0.26000401833055803,0.0296272904601046,0.6660617219135851,0.8624475011625494,1.0,0.3712931661573592,0.6660617219135851,0.8624475011625495,1.0,0.37129316615735924,0.9072165828687043,0.9242849677912855,0.9166667357441477,0.9275410805235106,0.9072165828687044,0.9166667357441479,0.7141920360272405,0.8412196533385147,0.6488721652070234,0.7106785307378165,0.9325458960847385,0.514413526260469,0.21823529639890193,-0.021874978905282894,HOLD,0.0,0.5
0.40987443607581553,0.40482399469058683,0.4244432476783959,0.39211457102612624,0.01785878653801146,0.0,0.0,PPM,2022-07-21 00:00:00+10:00,Financial Services,0.4823191664152124,0.5190077938955185,0.3048724812123377,0.2791691179431183,0.3494191759945955,0.7458024816994175,0.2740776593282761,0.7665728701422101,0.12651693007852094,0.8450685796184316,0.31193350615458026,0.6684050871863322,0.6012031211249602,0.4325442335700036,0.6084160469738262,0.3510113908422544,0.17324547078683894,0.17324547078683894,0.864662929184898,0.864662929184898,0.9194659880423035,0.9194659880423032,0.9917144088683394,0.9917144088683392,0.8205130831499104,0.7864779888894203,0.8071641293831999,0.6696076826144877,0.5179113091216606,0.9211132979023668,0.32352826552903546,0.329785905339695,0.712375133445257,0.2797164417484861,0.2026412608721455,0.7079521508220809,0.5917337456271745,0.0528450531199578,0.5263155668681923,0.05484293778485046,0.38640441776485634,0.23207623665070792,0.030973353052805512,0.7629231825416418,0.81125133218101,0.9842337189207048,0.3808990092507418,0.7629231825416418,0.8112513321810098,0.9842337189207049,0.3808990092507418,0.8888890162590424,0.9280055458007624,0.9166667357441477,0.9405465554735627,0.8888890162590425,0.9166667357441479,0.6710593205449051,0.8294580594613422,0.6366310566733244,0.6937133303029182,0.9311724111924394,0.565883922725013,0.24861568149306146,-0.06250000577937453,SELL,0.0,1.0
0.39719791817567707,0.38795633945188623,0.3944321360923422,0.39211457102612624,0.045587724554549354,0.0,0.0,PPM,2022-07-22 00:00:00+10:00,Financial Services,0.4823191664152124,0.5190077938955185,0.3465801116566265,0.3150850906852668,0.36729228064049324,0.6984420414665262,0.29324392921137243,0.7315399204612396,0.14278339060714385,0.8218351565940007,0.30483564356626935,0.6734420243662244,0.5980684109692005,0.4340379440442488,0.6042431995819033,0.3528795891774429,0.1903874433135198,0.1903874433135198,0.8558593669833657,0.8558593669833657,0.8137146149239272,0.813714614923927,0.9855773522134359,0.9855773522134357,0.6216219890707236,0.7788397386941125,0.8034344028481529,0.6920088270020699,0.5561011539611412,0.893672461990536,0.3392813865152171,0.34687197534388936,0.6726540214593262,0.3040319810432275,0.20534910397915773,0.6817345047910199,0.5810910329420444,0.05569511769201818,0.5293275901354928,0.07724235485407538,0.3732989873977026,0.4402502633895046,0.0826018868697788,0.7414062984415479,0.7399423831078378,0.8078627254565354,0.4109626255713569,0.7414062984415477,0.7399423831078378,0.8078627254565354,0.4109626255713569,0.8888889932493835,0.8945205269677898,0.9166667357441477,0.9163934833302184,0.8888889932493836,0.9166667357441479,0.6758518357824992,0.8294580535899859,0.6018016289642287,0.662264985653475,0.7274152580514334,0.6833927081163227,0.27474281267403866,-0.05625005143643347,SELL,0.0,1.0
0.3845213468914985,0.3921731993222045,0.42444319368238137,0.4005470793945072,0.018880983019243323,0.0,0.0,PPM,2022-07-25 00:00:00+10:00,Financial Services,0.5036260243717794,0.5402061211392672,0.41609282851660534,0.3763688156911055,0.38695268252917536,0.6703430289160108,0.3128893593861555,0.7127214257286199,0.15956624294865285,0.811025931835758,0.2980216932971951,0.688073808477084,0.5951615619606923,0.4435678125547047,0.6002488866991778,0.36127851603777505,0.1781144553995912,0.1781144553995912,0.8548967500893258,0.8548967500893256,0.8122315844418866,0.8122315844418867,0.9860370407901011,0.9860370407901009,1.0,0.7641828517326902,0.7543450289679776,0.7108961933031073,0.5911667120982302,0.8636508404233836,0.34909061294644217,0.3698223094645856,0.6596801915126859,0.32636011476693705,0.21063634408284682,0.6688368833035719,0.5704645080429365,0.05909708247496814,0.5376800901151029,0.0757672832619457,0.3042364149861008,0.18893883117396856,0.03975587170634207,0.7547199377009912,0.7441930581073148,0.8180921774303128,0.4169440029278131,0.754719937700991,0.7441930581073148,0.8180921774303127,0.4169440029278131,0.9027776878492197,0.8930341642064841,0.9351851215685063,0.9225865193962971,0.9027776878492199,0.9351851215685066,0.6279266107350319,0.7392864509000642,0.603404241252606,0.6558776970643588,0.7234102394001679,0.6649675106752391,0.2972121454896791,-0.07453407986908178,SELL,0.0,1.0
0.3887470109916289,0.41325792944349116,0.4330179572699764,0.43427748715267933,0.0032912755471858355,0.0,0.0,PPM,2022-07-26 00:00:00+10:00,Financial Services,0.5670181790044149,0.6025054367640289,0.513410641996283,0.46249952019687174,0.40482578717507334,0.7145231600940307,0.3416387500323623,0.7262343371679474,0.1768655023833987,0.8371759642225316,0.2914916637484959,0.7319749461047226,0.5932394704025592,0.4770831151075363,0.5964425631232513,0.38946590381667867,0.15136729256762727,0.15136729256762727,0.7942785139457631,0.7942785139457631,0.8126953662916494,0.8126953662916493,0.9888412987789974,0.988841298778997,1.0,0.7946791617526491,0.7728346858515674,0.7337704559515662,0.6246856250282181,0.8487889530457949,0.33220191718616343,0.4302119446796122,0.7666473292403103,0.35291416785762775,0.2128883936922069,0.6817831991791966,0.558904385495663,0.06459537726972764,0.5626027937467022,0.06700092058260357,0.27342104358424923,0.04228617268830057,0.0071840588779035,0.7371115377697772,0.8505370765786218,0.8205039436691584,0.4251208603234208,0.7371115377697771,0.8505370765786215,0.8205039436691582,0.4251208603234208,0.9999999999999999,0.9302396461743302,0.9999999999999997,0.9504553582862242,1.0,1.0,0.608756632761718,0.723604597405379,0.6076279151320154,0.656069280656124,0.7005836715722213,0.5867630053238411,0.3165357717111298,-0.10909091398188364,SELL,0.0,1.0
0.4225509539759542,0.4132578223099367,0.415868644368095,0.39211457102612624,0.07039925133588,0.0,0.0,PPM,2022-07-27 00:00:00+10:00,Financial Services,0.37901227629892054,0.4143118237832594,0.26316485076804885,0.24390616227386036,0.40482578717507334,0.6028104164300538,0.3459511643006683,0.6398030457526527,0.1962303328897752,0.7490449437396238,0.2845357594200877,0.6880297498430571,0.5907646331604726,0.4375315973521112,0.5919774064247711,0.3584096075443589,0.21462258774618562,0.21462258774618564,0.33719333701417153,0.33719333701417153,0.7477680015127577,0.7477680015127577,0.9926921867995226,0.9926921867995224,0.7499998150601684,0.7106505766312212,0.7090367232755035,0.7386424917978517,0.6526650692021928,0.7955595760655132,0.33783729999688195,0.43226251514858927,0.5875448204337225,0.36211096890790606,0.23395915025393788,0.6213085446518196,0.5477864677678799,0.068507271626576,0.5386556339804476,0.10415885618712681,0.2782954283891559,0.5251701905890752,0.15988380680412523,0.60826892095022,0.5811978459766063,0.8880287158435609,0.41355621501717044,0.6082689209502199,0.5811978459766063,0.888028715843561,0.41355621501717055,0.8461535376522202,0.9159296907669078,0.9082567443888969,0.9476428356250985,0.8461535376522203,0.9082567443888971,0.6087566418636559,0.7040021079389017,0.5680425655768012,0.6285228939879852,0.5056446953162826,0.47154081289718214,0.3361729487225592,-0.0687499601223156,SELL,0.0,1.0
0.42255091792243005,0.4132577863297241,0.4308741134139005,0.4174122208928186,0.022640173641430048,0.0,0.0,PPM,2022-07-28 00:00:00+10:00,Financial Services,0.5462400555264165,0.5822109232980555,0.346580113094461,0.3159748264286323,0.4101877053470371,0.6563328997407267,0.3598466851536477,0.6636097532069545,0.21946813255349773,0.7553625710770753,0.27814768813129165,0.7222429729946888,0.5890466876486014,0.4628361272005628,0.58763862423561,0.3803000441598502,0.2361644361439115,0.23616443614391147,0.2267411488529908,0.22674114885299074,0.7086221787494282,0.7086221787494282,0.9953731316227998,0.9953731316227994,0.7222218112445146,0.6947771081782853,0.8163192631029021,0.7479014853273511,0.6772613287492761,0.7630501752853007,0.3405073813538142,0.45215726509754495,0.6538392431696236,0.3644908407505767,0.2670662345419019,0.6394296330725895,0.5366727349803446,0.07356882331007553,0.5586758316154737,0.10776089518635348,0.18726867793431662,0.16685723886600115,0.06749388558354115,0.6457137158047374,0.6769365453286558,0.9869227797422926,0.4262790259844157,0.6457137158047372,0.6769365453286559,0.9869227797422928,0.4262790259844157,0.9384610508712201,0.927878254939126,0.9633024805783466,0.9570460211987446,0.9384610508712202,0.9633024805783467,0.5991715177189714,0.6569561129997011,0.5700377342387015,0.6291909499693327,0.510114427592434,0.5362594216558485,0.35266817741216017,-0.06134961083633084,SELL,0.0,1.0
0.42255095410268306,0.41325782243640796,0.44587975608078256,0.4216285374577837,0.26041670668974887,0.0,0.0,PPM,2022-07-29 00:00:00+10:00,Financial Services,0.49277667519009005,0.529428539826366,0.360482655134266,0.3279862704544279,0.41644328536219843,0.6517851782878417,0.3727839137801283,0.6498170076366272,0.23960755841937864,0.7355557651494966,0.2726113538002042,0.7313091603702625,0.5883591600736802,0.4672536518098638,0.5835060335706115,0.3855445766416171,0.2349243565630292,0.23492435656302918,0.2286192137418011,0.22861921374180116,0.6881722952471971,0.688172295247197,0.9944802339697374,0.9944802339697372,0.6296293860874844,0.6947771905109357,0.87214334118161,0.7546961927794991,0.6985621281870927,0.7313837292404101,0.3394102105518979,0.47375392901868696,0.6460821985048215,0.36938652877993916,0.29319890757278844,0.6322979166606771,0.5271144910356576,0.07783571709340342,0.564588455638619,0.2696014563201488,0.29331957830874866,0.8131217676494862,0.5704205281491556,0.6519545765032126,0.6662861472038816,0.8974018650784854,0.4425856923013152,0.6519545765032123,0.6662861472038816,0.8974018650784856,0.4425856923013153,0.9538457881534151,0.9124235299535055,0.9693875328453142,0.946808405730595,0.9538457881534153,0.9693875328453142,0.5512463973652737,0.5824664842853272,0.5654898581236372,0.6277533757178042,0.7410446632164075,0.8619061772595953,0.36652416951142464,-0.05198770559671162,SELL,0.0,1.0
0.42255091792243005,0.4153662934496226,0.4501670214719151,0.4174122208928186,0.00864648924204607,0.0,0.0,PPM,2022-08-01 00:00:00+10:00,Financial Services,0.47189363802968715,0.5085870479646712,0.346580113094461,0.3159748264286323,0.42001790629137803,0.6318322560336531,0.3852419821149222,0.6216522813076157,0.2584560009329573,0.7060386118613058,0.2677848065680615,0.7299829858698611,0.5878143163747849,0.4634393134397483,0.5790503289350251,0.3842947816262513,0.2377164435957624,0.23771644359576238,0.23181314179344065,0.23181314179344065,0.6924274403541473,0.6924274403541472,0.992827270096182,0.9928272700961818,0.6071424797147489,0.7652444894437113,0.8398129595095454,0.7571643935267646,0.71619261566866,0.6961152897276214,0.32293963615750076,0.5077743531537091,0.6168438509521164,0.3702086737853141,0.3210538491746302,0.6162337893593929,0.5190646907284848,0.08109535306265281,0.5644425044381648,0.26189134104911177,0.21842746244155237,0.02871508945516449,0.023190034546089977,0.6330771289088818,0.6616411272477467,0.8649136905232186,0.4559894325658065,0.6330771289088819,0.6616411272477467,0.8649136905232186,0.4559894325658065,0.9279998631024468,0.9398297492411705,0.9454544659909188,0.9592483037671862,0.927999863102447,0.9454544659909189,0.4961325650220501,0.5334601843457202,0.5602736467124532,0.6195558788191269,0.7683362788792948,0.8577043207379131,0.3781632028748071,-0.036809820962655504,HOLD,0.0,0.5
0.4056488944925907,0.3963901315271471,0.4115813075732173,0.4174122208928186,0.009951506223805065,0.0,0.0,PPM,2022-08-02 00:00:00+10:00,Financial Services,0.4823191664152124,0.5190077938955185,0.4021902855823447,0.3640206025318134,0.41644325891858713,0.6407032741749594,0.3929084758897232,0.6092558898039442,0.27498066118811093,0.685868238428853,0.26267435121725313,0.7338274991993848,0.5873427923966204,0.4636702463928857,0.5747115467458634,0.38632414404213844,0.18773448053485783,0.1877344805348578,0.19664377285613238,0.19664377285613238,0.6869417685614156,0.6869417685614155,0.9925140734778957,0.9925140734778952,0.6071424797147489,0.6061066343025628,0.830877217373208,0.7573739362379586,0.7303470819432337,0.6627138118300041,0.3133682180101185,0.5282258552956429,0.6025208443592855,0.37137665578149903,0.3450705118300982,0.6052824290278527,0.5102439091138105,0.08503044057548603,0.5674199637678309,0.2669087993979402,0.20988129392199661,0.032286900361252535,0.02747893148382641,0.5840619472728956,0.6127937914329683,0.8067305140020444,0.4504533433855802,0.5840619472728955,0.6127937914329682,0.8067305140020444,0.45045334338558024,0.9052629419877796,0.9287133717252533,0.9454544549006149,0.953279453794037,0.9052629419877798,0.945454454900615,0.33318706712574125,0.5295396866619934,0.5181694765681828,0.5950092841324028,0.7489664064877156,0.7928824762811295,0.4412830285404238,-0.03374222242231539,HOLD,0.0,0.5
0.38452150683786646,0.3963902750733529,0.4287306574542895,0.40476352072102184,0.004364924310852639,0.0,0.0,PPM,2022-08-03 00:00:00+10:00,Financial Services,0.4509472589696313,0.48755329914438816,0.42999537472966237,0.3887170288503974,0.4191242444481804,0.6008619325158606,0.39434595676478357,0.5840015082774677,0.2912471293569092,0.6490538190650537,0.25742193760654075,0.7228719419160844,0.5861262273793733,0.452013373833986,0.5702803469183286,0.37836989389307096,0.09310629965589098,0.093106299655891,0.1540570051636777,0.1540570051636777,0.6878834286988489,0.6878834286988488,0.9928433356348685,0.992843335634868,0.5172420126361158,0.7402022782702213,0.7884203989298201,0.7523340072101625,0.7404662182029134,0.6239378728251164,0.3127680011285745,0.5310358416064995,0.4377392448023739,0.363695241151782,0.3766921028731801,0.5778711648317262,0.5013518059960074,0.08879238589850602,0.5616629787689826,0.21716210119361115,0.19884243189204664,0.018170476529931034,0.012546554694313473,0.6269915030456457,0.5539356890630422,0.8041448443831472,0.44676818756266046,0.6269915030456454,0.5539356890630421,0.8041448443831472,0.4467681875626605,0.8351654946425369,0.8889733084885527,0.8979595761930969,0.9293920633989396,0.835165494642537,0.897959576193097,0.2229593323725037,0.49033459438021076,0.5145987237206111,0.5894715858036805,0.7824028353241017,0.7844530760169797,0.4401949333920102,-0.03823262338370481,HOLD,0.0,0.5
0.4140999972768449,0.40482404981258957,0.4051503930278888,0.3836820626577453,0.04209748904509074,0.0,0.0,PPM,2022-08-04 00:00:00+10:00,Financial Services,0.42954629800853195,0.4659279272333175,0.2631648452275324,0.24317375784242395,0.4119750290334325,0.5629250529394092,0.39338765035984746,0.5472637222030452,0.3041570240013358,0.6053255440736101,0.251317782837551,0.7025199480138521,0.5848899073994813,0.4321828556634639,0.5657535781570764,0.3637263680100503,0.05414771596728351,0.054147715967283516,0.169903428648288,0.16990342864828795,0.6917977332298277,0.6917977332298277,0.9941506401745448,0.9941506401745444,0.26923063791237367,0.6545966708313468,0.7687775440231522,0.7409202793108145,0.7458338869255343,0.5782804879964485,0.3145398930432812,0.5279857235224703,0.21162858458309486,0.3538119519732488,0.4052106235947207,0.5318245652998138,0.49112396570451655,0.09299165010607435,0.5502162764429275,0.2318201925357929,0.2054088296404284,0.15259220928310052,0.1180324490360533,0.5592614767645119,0.5321622870094092,0.7308741952487386,0.4286916369214121,0.5592614767645119,0.5321622870094092,0.7308741952487388,0.4286916369214121,0.6376814337074868,0.7917602632420999,0.8226953739899783,0.8883381890811853,0.637681433707487,0.8226953739899784,0.2109779992102096,0.4922947982459046,0.4587618265917533,0.5696082778544315,0.7139038377954838,0.7122537394405688,0.43912860014656496,-0.010085207314224909,HOLD,0.0,0.5
0.3802959481959649,0.3795225659462108,0.4115813968755737,0.3836820626577453,0.17247824094669525,0.0,0.0,PPM,2022-08-05 00:00:00+10:00,Financial Services,0.4823191664152124,0.5190077938955185,0.3743851975113827,0.33924699995573543,0.4039321517754868,0.5826731444115691,0.39242934395491114,0.548767766075619,0.31396854484792125,0.5942489013194068,0.24535558212789432,0.7069647804741567,0.5832672338532889,0.43296007283545923,0.5611683468052577,0.365842736004777,0.04463965923342509,0.04463965923342508,0.169903428648288,0.16990342864828795,0.6727344986433204,0.6727344986433202,0.9941581354719187,0.9941581354719184,0.4375003467630822,0.6545966708313468,0.7453633715156224,0.730438785210185,0.7476231658382619,0.5438953387045699,0.31601942902117064,0.525186416420615,0.23880844787729705,0.34835726767268316,0.425026260154174,0.5204712908480604,0.4809779984851268,0.09734689041326261,0.5535992403850671,0.16557209835572495,0.2740909882080188,0.8477552256820077,0.3966609248397365,0.5533040833318775,0.5321622870094092,0.664028370666792,0.43139923366347044,0.5533040833318775,0.5321622870094092,0.6640283706667921,0.43139923366347044,0.6376814337074868,0.7021606697000105,0.8091604844810352,0.8427578948588212,0.637681433707487,0.8091604844810352,0.19660046648170187,0.464851205869372,0.39058132985885063,0.555196177858949,0.5246044615591733,0.5127445630539156,0.43679678969730296,0.061553235263191786,BUY,0.0,0.0
0.3802959481959649,0.40060713583485963,0.41586869870158405,0.3836820626577453,0.04360246830631281,0.0,0.0,PPM,2022-08-08 00:00:00+10:00,Financial Services,0.4823191664152124,0.5190077938955185,0.3743851975113827,0.33924699995573543,0.3967829363607389,0.6004131417712091,0.39051273114503915,0.551781438101224,0.3235218736081511,0.5835920966796619,0.23854163605938883,0.7120751818164087,0.581644560307097,0.43373822030287124,0.5563492696490182,0.36807611639523163,0.049956547739708236,0.04995654773970824,0.16681619520215824,0.16681619520215824,0.6732995666668755,0.6732995666668753,0.9917280186545128,0.9917280186545123,0.10000088771316215,0.5756966031047999,0.7046672999572424,0.7208071209416101,0.7467528243124596,0.5183387474171289,0.3174148733954092,0.5209292320293082,0.2755451185875771,0.33997859042274325,0.4470923916748809,0.5077408049712031,0.4684976560965357,0.10376329117282324,0.5577308300723804,0.1919060464595324,0.28567699866041907,0.18857696915563182,0.0969740044958435,0.5592614767645119,0.5235611925736742,0.6587157120860022,0.41537519389064326,0.5592614767645119,0.5235611925736741,0.6587157120860021,0.41537519389064326,0.3243258209541135,0.5311061472039682,0.8091604844810352,0.8130611392763526,0.3243258209541138,0.8091604844810352,0.17263790655381644,0.45308965692872916,0.3860211729032097,0.5609311401399931,0.5444937211625258,0.5286238724267658,0.43455825166601125,-0.013341546684433325,HOLD,0.0,0.5
0.36339390499740976,0.417474772241735,0.4072940761185835,0.4258448540227491,0.037574365671037155,0.0,0.0,PPM,2022-08-09 00:00:00+10:00,Financial Services,0.5895241127006752,0.6243518278108602,0.569020811676933,0.5145437555789603,0.39857026004713436,0.708161141459533,0.3895544105616655,0.6300075937330403,0.338497335504121,0.6233626827265111,0.23186964405021726,0.7674660135619381,0.5809491284606638,0.4749940032389368,0.5521890237921934,0.4037240832756165,0.1915363663579371,0.19153636635793714,0.18989284573234094,0.18989284573234094,0.6460793853349212,0.6460793853349212,0.9946961919177426,0.9946961919177424,0.5263160353777222,0.5756966031047999,0.7358676465359327,0.7235427658022358,0.7467103125265948,0.5262934562968905,0.3137807627174629,0.5225168791863943,0.7112224076380071,0.3135691132011882,0.49367863065099604,0.6236585110861297,0.4540699747119916,0.11363529840929121,0.594264148832407,0.2127156180016373,0.29478087622990845,0.14783906470597763,0.08157250419251409,0.6205209179486777,0.5324260801419862,0.7680052366587132,0.42180891831846423,0.6205209179486775,0.5324260801419862,0.7680052366587132,0.4218089183184643,0.8333334083350046,0.5966201564305313,0.9545454657349878,0.8571552834008669,0.8333334083350048,0.9545454657349879,0.15346788400497063,0.45308965092937126,0.5267653328455867,0.5831509545844752,0.5553032053843234,0.5426607240166765,0.3808333389150128,-0.005538275946155191,HOLD,0.0,0.5
0.4140999422891707,0.47229471644269083,0.45874166116984916,0.4511425038894412,0.055846942155773786,0.0,0.0,PPM,2022-08-10 00:00:00+10:00,Financial Services,0.5446810093098845,0.5806832703476424,0.48560554648576637,0.4365287093454471,0.40840043454786423,0.7499721492581859,0.3962625979315306,0.6649792942901518,0.34443588337327324,0.6503315295553498,0.22647527217960217,0.8019798244021824,0.5800218844744505,0.5000148910744926,0.5482720767142513,0.425872302425471,0.19370760882071733,0.19370760882071736,0.14104040867003315,0.14104040867003315,0.21694745250491793,0.21694745250491795,0.9972186976030153,0.9972186976030151,0.6666670776453879,0.6266780131971545,0.8324682034527152,0.7313000253803028,0.7485301245586807,0.5441887348752663,0.32984524754584554,0.5194454241496518,0.8250712013062705,0.3227125574554819,0.4944265285457491,0.6836115740182079,0.4418220910244439,0.12256484491761577,0.6186221608507185,0.251499391836578,0.31702803283877223,0.18704587623673694,0.11503573489702204,0.6762800409352199,0.6018369416392939,0.5828460193154876,0.447462235427473,0.6762800409352199,0.6018369416392939,0.5828460193154876,0.44746223542747293,0.6774188344202879,0.6099262139947055,0.8684208525512345,0.8769735116324605,0.677418834420288,0.8684208525512347,0.19180808721047632,0.4530897353479607,0.7667403444940342,0.6732369265701601,0.579161776024062,0.5911115678844523,0.382082632911629,-0.05130567635102545,SELL,0.0,1.0
0.4436784840614243,0.4765116302531164,0.4716035661375897,0.4511425038894412,0.028128695522598997,0.0,0.0,PPM,2022-08-11 00:00:00+10:00,Financial Services,0.4823191664152124,0.5190077938955185,0.3882877420984411,0.35218843362411856,0.4226988918209713,0.7134823711744152,0.40009585190814967,0.6587030911658351,0.35398918921297695,0.6395474053762629,0.220796979588612,0.8065308663903973,0.5795582624813442,0.5002488654140769,0.5444135922268765,0.42777085534141734,0.14414821625072244,0.14414821625072244,0.12513468458377847,0.12513468458377847,0.1350571276737677,0.13505712767376762,0.9969108474307076,0.9969108474307073,0.6666670776453879,0.6266780131971545,0.675745398820258,0.7359481682369649,0.7510967823110757,0.5513652592214474,0.34074350099629247,0.5162159781795352,0.7552512016094001,0.32275920725990326,0.5088791604073696,0.6759763430529282,0.4283878898895197,0.1328451807944271,0.6245337361828482,0.2409760566721474,0.3197096613707818,0.09869699237592222,0.05726955538110525,0.7087497695007694,0.5750677847647775,0.649390944481462,0.4421491388149392,0.7087497695007692,0.5750677847647777,0.6493909444814618,0.44214913881493917,0.6271181296927683,0.7113161342661594,0.8225803661142763,0.88146147358257,0.6271181296927684,0.8225803661142764,0.20618573483341268,0.3393952274749754,0.722352595485932,0.6905437166882354,0.6327252112134554,0.6032318823815745,0.3866268404772354,0.004500044075519405,HOLD,0.0,0.5
0.4774825674730787,0.4849453921768979,0.49304000974086715,0.48487278688606406,0.1577428418264959,0.0,0.0,PPM,2022-08-12 00:00:00+10:00,Financial Services,0.5639747982755996,0.5995404468608934,0.38828774272262956,0.35246440313212996,0.44414659095243736,0.7470652598813872,0.4072831995697015,0.7076962772971818,0.3648334936853339,0.6717267007960925,0.21739000235378958,0.8498350612775222,0.5799446114747369,0.5328036721973748,0.5408015578137286,0.4566580885516732,0.14216201735425196,0.14216201735425193,0.15411106850390432,0.15411106850390432,0.14577846982933235,0.14577846982933226,0.9983206778219298,0.9983206778219293,0.8275858198637412,0.6671117420565548,0.8658796815001759,0.7473808172496665,0.755882270545214,0.5726862503435382,0.3654696152736665,0.5064787669680377,0.8354396654156645,0.3296518664843897,0.5191042345769105,0.7734479615568535,0.4201298772908968,0.13933451356013027,0.6556250415924831,0.22987520222298988,0.38518262254143587,0.5726554455977761,0.28081011926160165,0.7589902866908409,0.6047933600242645,0.6696617822056188,0.48793661244925524,0.7589902866908406,0.6047933600242645,0.6696617822056187,0.48793661244925524,0.8412698870260772,0.7139736619460268,0.9193549119284967,0.8696928253334222,0.8412698870260773,0.9193549119284968,0.24452586431492457,0.28058777330537554,0.7314909786455241,0.74961003796778,0.6961469046515595,0.6956230851162182,0.3934122980863569,-0.08863630916706233,SELL,0.0,1.0
0.48170812704880683,0.47651161877936,0.4801781581898916,0.4764402785176831,0.023509683804007565,0.0,0.0,PPM,2022-08-15 00:00:00+10:00,Financial Services,0.4623829243084724,0.4990527777874571,0.3465801120853071,0.3179301792143188,0.4638069928411195,0.6768417327778002,0.4139914011180039,0.6815230030936419,0.375161406344805,0.6490839783727702,0.21298933410192555,0.8433140706538845,0.5794809894816297,0.5248544764297423,0.5371863730168065,0.4517045526808975,0.16360212539242752,0.16360212539242752,0.15736508840707297,0.15736508840707297,0.14972844206828334,0.14972844206828326,0.9970459764466237,0.9970459764466235,0.9230773608054064,0.5855350751335321,0.8294509485007829,0.7524069504599571,0.7609118009830342,0.5750312792679804,0.38078165258832164,0.5040528562636526,0.728493549282825,0.3294792590519886,0.534930270999738,0.7409140512476027,0.4090174240893112,0.14844157697679417,0.6545142949649798,0.21473838275722984,0.3864149783923395,0.09225653285653883,0.041036928392401965,0.7464302503081194,0.6007150086931171,0.6608985515737918,0.4680361701580395,0.7464302503081194,0.6007150086931172,0.6608985515737917,0.46803617015803956,0.7777782413183562,0.7475789814017074,0.8627453654628178,0.8677947929366191,0.7777782413183563,0.8627453654628181,0.2636958401057023,0.2688262720001151,0.6359625824403536,0.7097024334362547,0.6749401799420567,0.6690175020900657,0.4025615298394071,-0.08022975029011647,SELL,0.0,1.0
0.4225509894319852,0.4680778391527166,0.4673163002044569,0.45535882045440657,0.01020409015575842,0.0,0.0,PPM,2022-08-16 00:00:00+10:00,Financial Services,0.4321849382138686,0.4686016769502521,0.4717030047569998,0.4240778226607894,0.47006257285628084,0.6082469053026709,0.4183038153863099,0.6368397470369287,0.3816163460268429,0.614527711941671,0.20802082860988014,0.821954052164218,0.577240154802265,0.5055177821594516,0.5335925417325922,0.436528320287754,0.16900781293427586,0.1690078129342758,0.17753497214615993,0.17753497214615999,0.13551733742998884,0.1355173374299888,0.9983969352713773,0.9983969352713771,0.7741935175958062,0.6533774045040168,0.7721534659827048,0.7488789072968354,0.764092297413627,0.5572637039723815,0.38668878766552917,0.5058702915563511,0.6073939794427499,0.3301056104185005,0.5441580543542538,0.6424573834509557,0.39661077471382344,0.15849661640969392,0.6432900469986949,0.19411909431787217,0.3842352494628341,0.04507467316483754,0.017426171377335674,0.6508890726131132,0.5793423431669901,0.5916401492504553,0.45582326548187646,0.6508890726131129,0.5793423431669902,0.5916401492504553,0.45582326548187646,0.6190477179814753,0.7448766062873116,0.7647059110918771,0.8484400505385579,0.6190477179814755,0.7647059110918772,0.26848834531153815,0.2884288672088422,0.5634200414178344,0.6513987948025117,0.7226776402626695,0.6517527985041072,0.410978823052213,-0.07577491511530543,SELL,0.0,1.0
0.46480622282129147,0.4554271691595525,0.4587417670565277,0.4637914535843368,0.00809204078295005,0.0,0.0,PPM,2022-08-17 00:00:00+10:00,Financial Services,0.5026722874472004,0.5392600606113508,0.36048232052732854,0.32904582728460086,0.4727435583858741,0.62322060530339,0.4250120027561748,0.6411482872941485,0.3860057108171622,0.6206889026069551,0.2031942897788772,0.8361107975498382,0.5751538615494205,0.514778632222173,0.5299434009762938,0.44516073104417264,0.1456645076689534,0.1456645076689534,0.16778130826436904,0.1677813082643691,0.10372417799434946,0.10372417799434938,0.998649634529382,0.9986496345293818,0.7878788693950822,0.6195023772017311,0.7315946718777488,0.7468033252842267,0.766140674225166,0.5463850394932329,0.3933778950612601,0.5108419351059765,0.6184596167484113,0.33557412128668007,0.545876266663038,0.6591672152576564,0.3839541320131614,0.16924729388415738,0.6573546175279849,0.1581431288859692,0.37824421320010604,0.043902175483864526,0.013843593501376502,0.6262067248804825,0.6012706956004455,0.555465183037971,0.45908824221290284,0.6262067248804822,0.6012706956004457,0.5554651830379709,0.4590882422129029,0.682540303067582,0.6917260492955765,0.7142864657563636,0.7798597598369665,0.6825403030675821,0.7142864657563637,0.27807352703841276,0.2805879589836551,0.536672713330044,0.6241143950893454,0.7063301347627585,0.6382654789672795,0.41872273280799444,-0.13042331828642628,SELL,0.0,1.0
0.43100196590938,0.421691649929287,0.4030067394026433,0.39211457102612624,0.03694524458126445,0.0,0.0,PPM,2022-08-18 00:00:00+10:00,Financial Services,0.3103455579668619,0.3428957289109683,0.23535976380518936,0.22075157057014735,0.46023239835555096,0.47041035449762525,0.4259703091611111,0.5121991176265965,0.3860057108171622,0.5277916197750177,0.19850970500720777,0.7530068300807568,0.5707494651904046,0.4472024096416156,0.5258874760307961,0.38923298503155046,0.31621089237881755,0.3162108923788175,0.29480183329123555,0.29480183329123555,0.19865605911359557,0.1986560591135955,1.0000000000000002,1.0,0.3999999999999999,0.4192198984822566,0.5025740109193803,0.7238650280426756,0.7622976063366376,0.4897734861636912,0.3917917326347129,0.5137327166092229,0.2768143719810631,0.33557412128668007,0.545876266663038,0.3468608253066072,0.374136840440201,0.17567010937142657,0.5990839737798694,0.1647850411304729,0.3870514681816003,0.18426737793633938,0.06487959086127928,0.5245598769860312,0.5496356289898024,0.4856326423903839,0.45705186932569286,0.524559876986031,0.5496356289898026,0.4856326423903839,0.4570518693256929,0.15624995935444283,0.48360747713869345,0.20588230253505987,0.5601874472623126,0.15624995935444297,0.20588230253506012,0.3595463379105938,0.29234957553826346,0.37891235665615663,0.4353720335434754,0.5315568494046005,0.6001847672784819,0.5077776949994818,-0.0971707973474798,SELL,0.0,1.0
0.39297246660129503,0.42169170572350845,0.38157018187616254,0.3836820626577453,0.03678320330216739,0.0,0.0,PPM,2022-08-19 00:00:00+10:00,Financial Services,0.4610123084586454,0.4976765618847238,0.33267756540493854,0.3026618339895394,0.4387846992240849,0.4986538012521011,0.4259703091611111,0.49720862612720773,0.3854893190042761,0.5173938612528266,0.19680621849008118,0.7441070562113398,0.5654950978448894,0.4415337059739868,0.5218868651152295,0.3843239760223821,0.23646200602897147,0.2364620060289715,0.2967781593264192,0.2967781593264192,0.19989247112347241,0.19989247112347233,0.9696557018090333,0.9696557018090328,0.2777781887554856,0.41136338388554927,0.48734463302082376,0.7022303434093922,0.7540529186119762,0.4474778271572061,0.3917917326347129,0.5137327166092229,0.2366295253105984,0.3361113976426042,0.5446072648336427,0.314381474686667,0.3712459051535446,0.17690159630055136,0.5929745473095316,0.07366057748153014,0.3829887099954567,0.37064195631629826,0.06514274378193272,0.4681244814883516,0.5408715705169488,0.4774171137236921,0.520259555308774,0.46812448148835156,0.5408715705169488,0.4774171137236921,0.5202595553087741,0.2162167534340594,0.34871964082450324,0.2162167534340594,0.3767582236007167,0.21621675343405955,0.21621675343405955,0.4434153443343342,0.3472366744488692,0.3627231684572527,0.4044327458559557,0.49325369459607116,0.5649512494567341,0.5051985080394298,-0.10451802548310041,SELL,0.0,1.0
0.380295905983532,0.37108869586415294,0.3386971234631533,0.33730282996622707,0.014347669420421778,0.0,0.0,PPM,2022-08-22 00:00:00+10:00,Financial Services,0.3643933131098219,0.39923261975782953,0.2214568873005084,0.20299189046266564,0.40929406994745055,0.44697921653794515,0.4206995743094315,0.42244199266381144,0.3816163536670183,0.46112196395907157,0.19609643139113597,0.6883192042257261,0.5586953230935343,0.39945705327768843,0.5175473846639238,0.34875411255458244,0.24950151457947992,0.24950151457947994,0.3412466804473944,0.3412466804473944,0.23210105888232935,0.23210105888232932,0.9563486481584373,0.9563486481584369,0.21276617177279122,0.33954647006571237,0.41458137173466936,0.6714309455554063,0.7400967618162058,0.39259567984528637,0.40579213683636994,0.49330664167357696,0.12345590477004043,0.34294273394462227,0.532557924072652,0.17468196793882446,0.3703928918135577,0.17684308195904141,0.5517160917901047,0.06675841030549122,0.3808968578201909,0.16096330407975593,0.025023010764725333,0.41443652134164055,0.49266879508198025,0.4243984627875024,0.5427648013653741,0.41443652134164044,0.4926687950819802,0.4243984627875024,0.5427648013653741,0.14893607777714546,0.17004241456310315,0.14893607777714546,0.18769016032916186,0.14893607777714568,0.14893607777714568,0.49613308281751295,0.38252126988444146,0.2667062182401052,0.267133022469765,0.49033630171751874,0.5871913554352597,0.4993373040305883,-0.018464505063958137,HOLD,0.0,0.5
0.27888357344541226,0.3036178838826956,0.3215478276942658,0.31200505533798517,0.011466174551199948,0.0,0.0,PPM,2022-08-23 00:00:00+10:00,Financial Services,0.41569119909974833,0.45185388664673143,0.4717029987146212,0.43097628530469,0.37890977882761856,0.4521569817343507,0.40776233150451335,0.39602181171171513,0.3741286074386825,0.43560907309115415,0.20049709544243033,0.6543298128143934,0.550272877082441,0.3786036459863915,0.5131399886475885,0.3302255706735907,0.24715620260731788,0.2471562026073179,0.2924034618585401,0.29240346185854005,0.2164106907395179,0.21641069073951788,0.8133821037723641,0.8133821037723636,0.04444473669501875,0.3236653567908897,0.3659522005218866,0.6395980870097575,0.7213244544509658,0.3463167484986992,0.4223269921925228,0.45846602763540556,0.16331471654570717,0.3505000398120648,0.5143680290954028,0.160395154634348,0.3719614605346908,0.1832549848864704,0.5266896298911647,0.06770919657616263,0.3846690831232385,0.1285795506643848,0.01966459391302572,0.40558207657063183,0.42616299148228853,0.37011633385403647,0.6875477505935879,0.40558207657063183,0.42616299148228853,0.3701163338540364,0.6875477505935879,0.09803911283015014,0.15055052881270917,0.09803911283015014,0.1516245566821654,0.09803911283015021,0.09803911283015021,0.5248882475750172,0.40604435327172117,0.2306654529871316,0.2068756749291923,0.4775105349315617,0.5694295538524903,0.4884791807508634,0.03206282051760989,HOLD,0.0,0.5
0.32113866699274674,0.3331363157345725,0.3344097680343312,0.3162213719029505,0.07000483952150045,0.0,0.0,PPM,2022-08-24 00:00:00+10:00,Financial Services,0.49364523944826105,0.5302926168621305,0.3465801135076279,0.31220653004347326,0.34763182586458874,0.5412096283790446,0.3924293155980365,0.42624859194652287,0.3694810429218329,0.4457289417355086,0.20674320847132321,0.6548274107689894,0.5420822409246737,0.38657472944089366,0.5088218626205601,0.3356368368225303,0.23706171134045764,0.23706171134045761,0.2657372325893204,0.26573723258932036,0.1957204223839798,0.19572042238397977,0.7941350131259113,0.7941350131259111,0.06818223085722594,0.36042407101457624,0.30712874123626066,0.615432550224426,0.7005315548490169,0.3269006509217489,0.4230553254700251,0.4333607061422302,0.2450773644509827,0.3565930326390001,0.5018106219389428,0.2148140135391135,0.3728051943650532,0.19460400173778236,0.5274221185732774,0.11435095780233084,0.38448708574011575,0.4814313664684435,0.12433706276391995,0.40085893515783905,0.4073629979608139,0.41169227663381697,0.7492142563033983,0.4008589351578391,0.407362997960814,0.4116922766338169,0.7492142563033983,0.11764710245779478,0.11754450862910376,0.11764710245779478,0.11866026868715915,0.11764710245779497,0.11764710245779497,0.5224919305840259,0.42172620298961416,0.292980756385545,0.2894331900717354,0.5598447922951814,0.5985376367735902,0.47358073305856985,0.018359079103661635,HOLD,0.0,0.5
0.3253641824568472,0.4301254411323009,0.36442088836858844,0.4174122208928186,0.0492154445719429,0.0,0.0,PPM,2022-08-25 00:00:00+10:00,Financial Services,0.7532428229589683,0.7791864137287148,0.6663389363625662,0.6093360718968098,0.3529937440365525,0.8057620595919031,0.38859606162141724,0.6162137576268607,0.3694810429218329,0.578173289809673,0.21738999815321947,0.7687115505262087,0.5352824661733191,0.48966983864149904,0.5048923130959508,0.42005543019758174,0.5309107432704655,0.5309107432704654,0.5177566768656606,0.5177566768656606,0.3589706912284529,0.3589706912284528,0.832092853221126,0.832092853221126,0.42857142857142855,0.5281973869860607,0.5391246907603714,0.6242105645700898,0.6859949954928974,0.3870185265033531,0.41609274449568234,0.43321375452661104,0.5269303210843614,0.3565930326390001,0.5018106219389428,0.503160406030946,0.3769559892775336,0.2095380458953473,0.6148743380355401,0.12359466427050905,0.3967499784547783,0.31710762190805236,0.08500100793231088,0.6457137158047374,0.5074944273779151,0.4856326423903839,0.8911445266257962,0.6457137158047372,0.5074944273779151,0.4856326423903839,0.8911445266257961,0.5882353722980744,0.2646437550806596,0.5882353722980744,0.2655735256294813,0.5882353722980745,0.5882353722980745,0.6518898508162654,0.5001362052705386,0.4385976847933278,0.4826254637671458,0.771831556734388,0.6720729893123338,0.4598741611816598,-0.03755393780588279,HOLD,0.0,0.5
0.4141000532103294,0.4048241056323386,0.3987195457267063,0.37524955428936435,0.017608541346168786,0.0,0.0,PPM,2022-08-26 00:00:00+10:00,Financial Services,0.37774531642453907,0.4130076186683677,0.23535975042379015,0.21900438890454607,0.35120644679376833,0.6945994123537447,0.3761380074650609,0.5591468049705484,0.36664087649069743,0.5259536538628871,0.22817874819530415,0.7098219493898278,0.5257009731820479,0.45279273206367665,0.5005962415784833,0.3877135341484973,0.5663933040472606,0.5663933040472606,0.5139844542217543,0.5139844542217543,0.37932067400954234,0.3793206740095424,0.8226763204394301,0.8226763204394298,0.3521128169350432,0.47239200716475427,0.4437937788177201,0.6192871456039346,0.6731891546958915,0.40364919537928307,0.3915841060583105,0.43434925487535025,0.4360971045894655,0.3551644479777809,0.4987922961861432,0.39046493850539365,0.37645968559048937,0.23231769350419706,0.5718886420836683,0.10914950878140159,0.2847085814117231,0.12925381470909003,0.038986457073666596,0.5957088845674988,0.4349334801261243,0.44141432711064826,0.9109099014107884,0.5957088845674987,0.4349334801261243,0.4414143271106482,0.9109099014107884,0.3921577968370892,0.3631293145257882,0.3921577968370892,0.3639345617931542,0.3921577968370893,0.3921577968370893,0.6758524100598573,0.5158182436958726,0.4177501261019552,0.4583390432512566,0.7257166742104026,0.6485990484887183,0.4472641150549025,-0.020204527686262352,HOLD,0.0,0.5
0.329589715119738,0.3457871943914649,0.3515590104916182,0.32043768846791565,0.0499351083145719,0.0,0.0,PPM,2022-08-29 00:00:00+10:00,Financial Services,0.34207007021498237,0.37607686670714774,0.33267756854077324,0.2996735803009179,0.34763182586458874,0.5528428333301849,0.3584092042785876,0.48595485428982843,0.3607023286215456,0.46006717757790905,0.23896749613710355,0.6364747774245018,0.5135695626583718,0.4042962229362832,0.49625045853648997,0.3449051194797613,0.5827538684191024,0.5827538684191024,0.5418201469186573,0.5418201469186573,0.4121031549347028,0.41210315493470273,0.810947554691483,0.8109475546914828,0.37313431517470036,0.35771069161985436,0.3749364036792794,0.6002074756623623,0.6583848432778272,0.3844456668898669,0.36669712384951847,0.42739412769793605,0.30497604199411177,0.35740929244864206,0.48775348190023304,0.2646634923302855,0.3698916216866832,0.2649704125826595,0.5150075609508896,0.1359591646420771,0.30376080132499644,0.2954628704284684,0.1061661826632845,0.582248586018617,0.3892264240227997,0.3928922720090472,0.9309774967246444,0.5822485860186168,0.38922642402279967,0.3928922720090472,0.9309774967246442,0.13725509208543943,0.3696950443929438,0.13725509208543943,0.37049199007546,0.1372550920854395,0.1372550920854395,0.6662676293386802,0.5471824439270409,0.33621521249902825,0.3450205255922502,0.6417002466013132,0.46958217279273634,0.43566287261828573,0.008163043682068993,HOLD,0.0,0.5
0.3126876380113055,0.32048555720500504,0.33440975074077905,0.3288701968362966,0.019462995201072347,0.0,0.0,PPM,2022-08-30 00:00:00+10:00,Financial Services,0.5048214593126966,0.5413915629266354,0.41609282841347145,0.3770593410876563,0.35120644679376833,0.5669643086271909,0.3440344947770466,0.5244639978603158,0.35528017256527944,0.47669269526345914,0.24961428371871497,0.6388702880987013,0.5020563132678686,0.41828863083578915,0.4919078249667015,0.35385890613959814,0.5697036189967849,0.5697036189967849,0.5483449019790164,0.5483449019790164,0.4138950566128606,0.4138950566128605,0.810559128909975,0.8105591289099747,0.4029848307319557,0.3320864005567732,0.3917704392550996,0.5876417977039751,0.643538462085469,0.3840414137071164,0.34155754197683574,0.42601080569458705,0.3606077839122094,0.3575390623704995,0.47940943144176396,0.30599092647397813,0.36321981897691047,0.2975026978298607,0.5179584304038158,0.1419835377429429,0.308149782690037,0.11257521058975012,0.0405928994357227,0.6348079350227683,0.4160808497439672,0.40095659497892566,0.9213338949997927,0.634807935022768,0.41608084974396725,0.40095659497892566,0.9213338949997927,0.17647049113686342,0.23181568858818982,0.17647049113686342,0.2327869663243242,0.17647049113686364,0.17647049113686364,0.6327199352317845,0.5648246466399213,0.3349099403435637,0.3404487339747607,0.5751791560105051,0.4487156013265787,0.4249897295765984,-0.0018429483214821296,HOLD,0.0,0.5
0.3169132039417566,0.3710886840850617,0.36013362050964703,0.36260060459446875,0.028294077858997024,0.0,0.0,PPM,2022-08-31 00:00:00+10:00,Financial Services,0.5717391104308109,0.6070996606468599,0.5134109648860032,0.46798882144835086,0.3610366741817208,0.6342301281202278,0.3325347328471888,0.6067831020257108,0.3526981905803239,0.5239345385928811,0.2613967331789806,0.6702313892441499,0.4906976053038856,0.457726446938467,0.4877531825268502,0.38356855344751495,0.5836040647891539,0.5836040647891539,0.5734764829971012,0.5734764829971012,0.4295549292060921,0.42955492920609206,0.8134196461401366,0.8134196461401362,0.5468750939147843,0.3814883568576009,0.43804622368043733,0.5872779703563663,0.6315744100675804,0.4117380382331708,0.3016391469602486,0.4418962707266807,0.5295509091999405,0.35641059176355183,0.4765116417902088,0.39730486740169374,0.3562666156973524,0.3328054747134743,0.5479510944408827,0.11056090097538968,0.31919165103000036,0.20285780762481756,0.057682176477618356,0.6810096913750349,0.441631525462548,0.4449361667202104,0.9598231884927941,0.6810096913750346,0.441631525462548,0.4449361667202104,0.959823188492794,0.3333338279541553,0.21211849898672297,0.3333338279541553,0.21311468147740661,0.33333382795415545,0.33333382795415545,0.6375125145634177,0.5883477976952017,0.4090330018612756,0.42916972315805174,0.5734946697171645,0.4761413796498036,0.41517043797824627,0.00572815254955783,HOLD,0.0,0.5
0.3633938821074767,0.3542210406162677,0.3386971235948586,0.3077888635345696,0.0248836936190316,0.0,0.0,PPM,2022-09-01 00:00:00+10:00,Financial Services,0.3407261419284834,0.37467777651000045,0.17974925647333445,0.16332276607269683,0.33780165136385887,0.5429202464975038,0.32295159790564054,0.5186978110887497,0.34805062606347414,0.45617253199619556,0.27104981924212623,0.5989945968007367,0.4787980069199893,0.4084887936884678,0.48313959589792166,0.3406309119319585,0.35638529986795875,0.35638529986795875,0.5551254304810245,0.5551254304810245,0.45769995845922545,0.4576999584592254,0.8324011825683975,0.8324011825683972,0.49295790496735054,0.2890221257164436,0.39628263019984844,0.5721354412567325,0.6183844233110128,0.3999578937405186,0.2929492878080593,0.43405096137267396,0.2999466151998163,0.3593203349669152,0.4668307472089873,0.2812930384339708,0.3469906641140843,0.36754847864555695,0.4814243664723599,0.09223067295658033,0.3112485174651966,0.209349088041317,0.05165521775892808,0.4489942288558898,0.4537780911589397,0.4112272463054174,0.8848354859414054,0.4489942288558898,0.45377809115893963,0.4112272463054174,0.8848354859414053,0.08163297271077202,0.1934934478015742,0.0784317034063708,0.19344259066594652,0.08163297271077208,0.07843170340637107,0.6518901232353072,0.6314733917476444,0.36685361087198914,0.3791109136894239,0.34254774026804813,0.45514856334055215,0.4061366897077622,0.06311631867043643,BUY,0.0,0.0
0.3000111378624186,0.3036179200493757,0.3301224665218849,0.3162213719029505,0.019913202672378092,0.0,0.0,PPM,2022-09-02 00:00:00+10:00,Financial Services,0.5050464817089901,0.5416146580809038,0.4160928286010241,0.37718929516900973,0.32529043844631356,0.5988787494530206,0.3152850757739649,0.5473282369285044,0.34391945335951046,0.47158579438505455,0.27743789053092227,0.6044676243981292,0.467362028242746,0.42264875693498083,0.4792307007123062,0.3494242662467343,0.35781570199496915,0.3578157019949691,0.5587621990397802,0.5587621990397801,0.4591895894200701,0.45918958942007004,0.7418655196532542,0.741865519653254,0.5,0.30746538164143,0.42706995133791936,0.562974327028142,0.6056431207867783,0.404269350885582,0.2826621107477272,0.4306360229026609,0.3702037765727766,0.3606778788127776,0.4593359797605988,0.3156881424865816,0.3439621160916688,0.3854831924087725,0.486422812526777,0.09396688042053572,0.2408489079463249,0.1658703322849048,0.04995773424415269,0.519791278050918,0.47075845439944314,0.41949444458389373,0.7542542901274472,0.519791278050918,0.47075845439944314,0.41949444458389373,0.7542542901274472,0.1276595452481757,0.17714911616169815,0.11764710245779478,0.17377049985448634,0.1276595452481759,0.11764710245779497,0.6231349417619989,0.6059900913464792,0.34678927719214836,0.3655193368896157,0.34869373894730926,0.4718569737620472,0.3978256412989166,0.011501357092137843,HOLD,0.0,0.5
0.2957857392894745,0.3247025986420252,0.32583527274286195,0.29935635516618864,0.019744813384409192,0.0,0.0,PPM,2022-09-05 00:00:00+10:00,Financial Services,0.4371655576886699,0.47364284902545084,0.3743851971924634,0.3375954260568972,0.32082218211754765,0.5631887207528838,0.31097267568409603,0.5221441027037883,0.3387554970297748,0.4544202739949912,0.28325813718124593,0.5808039139317934,0.4570078281188743,0.4106590399620673,0.47525704490328335,0.33735214492491605,0.28968491383327993,0.2896849138332799,0.5355308164618111,0.5355308164618111,0.46136315362372166,0.4613631536237216,0.7442975388885915,0.7442975388885913,0.23076936208762633,0.3105928563275178,0.41077984280542756,0.5516489125363552,0.5927435435243983,0.4027484711633056,0.28334892082903784,0.42316169122017233,0.3138751298476283,0.3627842277712452,0.4495975673046039,0.2962511420434778,0.3402429504785265,0.4033844499466819,0.4613415946096952,0.07122314154633966,0.2298400319316375,0.20760610446321667,0.05121303235524413,0.5753142700409026,0.5000200055224879,0.4029600480269411,0.7370316463570004,0.5753142700409025,0.5000200055224879,0.40296004802694113,0.7370316463570004,0.045455212182486486,0.08075304182766119,0.03921630435494681,0.07540985176172821,0.045455212182486715,0.03921630435494694,0.6183423177507235,0.6334335939803727,0.3562438937341519,0.38251852773141326,0.39270650435418486,0.6381432342679765,0.39017947676277875,0.032028228046631746,HOLD,0.0,0.5
0.28733470962374597,0.27831652709155674,0.29153684071990416,0.2824912136678772,0.01875051473164043,0.0,0.0,PPM,2022-09-06 00:00:00+10:00,Financial Services,0.4365591349200897,0.4730294527927275,0.34658010956654006,0.3108155495671522,0.310992007616818,0.5411944193904707,0.307618596177601,0.4952533335216074,0.32997677508931234,0.4408150406447042,0.2876588138342493,0.5582095504877788,0.44526276887504457,0.3992565572632787,0.4709847781085852,0.3253749367908577,0.28549619300334633,0.28549619300334633,0.5307401911161609,0.5307401911161609,0.4380755822523363,0.4380755822523362,0.7431492660163852,0.743149266016385,0.26086948131270676,0.2861057405627404,0.39535842285201417,0.5387568514523678,0.5793429509720541,0.3979341590122647,0.2867785537590608,0.414864344624031,0.2649366365311353,0.36155193590866563,0.437391569476686,0.2842761849460409,0.3373375715535878,0.41707130745938503,0.43619138852569167,0.07068639721220152,0.22115395436914748,0.19871442743463494,0.049962023752378626,0.5362440193708256,0.508464863136152,0.349374145386569,0.6909296962956324,0.5362440193708256,0.5084648631361521,0.3493741453865691,0.6909296962956324,0.11111110456090918,0.09062378606976969,0.08620686812690789,0.07801007167239946,0.11111110456090922,0.08620686812690803,0.6039646870400217,0.6334336099502794,0.28371310696476093,0.3521237641422899,0.38354543039440436,0.5905868369876166,0.3831450053895321,0.04959149149286168,HOLD,0.0,0.5
0.2662071960044443,0.2951842004593467,0.30011146149175305,0.29935635516618864,0.020879770549548798,0.0,0.0,PPM,2022-09-07 00:00:00+10:00,Financial Services,0.5287017834041848,0.5649861349983099,0.471703006557048,0.43166183770121,0.29758718574329723,0.6247936422763587,0.3057019833677288,0.5308160158405533,0.32068166133596376,0.4730611435022887,0.2951825449014147,0.5727839277646366,0.43382679019780124,0.4222147600488948,0.46654342795601256,0.34144209669701786,0.2362364969632296,0.23623649696322957,0.536169325957466,0.536169325957466,0.4340251438547969,0.43402514385479685,0.6968549315415233,0.6968549315415231,0.43243269180785426,0.3695345771362833,0.3629704632418552,0.5340576728816612,0.567499472343993,0.41289664146817406,0.2873093823472428,0.4113489106376047,0.3517962729039175,0.35318355791346145,0.4308505292328072,0.3342537827731282,0.32905262189434303,0.4458661828478496,0.4489103173765925,0.06510085822461585,0.2050187031025274,0.23573020260980282,0.05861741565742452,0.5125631882620925,0.5224148097599378,0.3439507315994117,0.7998771081919802,0.5125631882620924,0.5224148097599378,0.34395073159941175,0.7998771081919803,0.20000007918401683,0.11484699371564144,0.155172433211986,0.09055953083997721,0.20000007918401708,0.15517243321198615,0.5512469455682909,0.6177516100699255,0.3336732172687502,0.3879098663674847,0.4579199231758154,0.5774797742198794,0.3722343900198207,0.02507845675160003,HOLD,0.0,0.5
0.3042367853432095,0.32681114037762626,0.3429845143096568,0.33308663816281125,0.010757035139069004,0.0,0.0,PPM,2022-09-08 00:00:00+10:00,Financial Services,0.5738392294054578,0.609141421444919,0.4578004638301041,0.4165209534758073,0.3029491303588723,0.7065585092269266,0.2961188626046183,0.6120607990118991,0.313452130114509,0.5263119176223232,0.30511955168493543,0.605102875627313,0.42269989437359845,0.4626034645436168,0.46240698773352573,0.37146039841960266,0.18408594058393277,0.18408594058393274,0.3479607779210207,0.3479607779210207,0.453614548837407,0.4536145488374068,0.6849241993664841,0.6849241993664836,0.5116283390702008,0.4243294686322558,0.3740623374171006,0.5404676683017723,0.5595565431785117,0.45037745901922976,0.2511433082727932,0.4270753581775344,0.5563596209583264,0.3421003117012482,0.42989676553858513,0.4141882444564192,0.31588864393836547,0.4875096094346496,0.4843866040126799,0.054458596120968206,0.1970027243335512,0.14398700201986925,0.031048837806498808,0.6482102326873078,0.4553811613823123,0.3754356265432521,0.8887161453851968,0.6482102326873078,0.45538116138231227,0.37543562654325213,0.8887161453851969,0.3777780284302321,0.22612519620402108,0.2931035633821422,0.17546611863798528,0.3777780284302322,0.2931035633821423,0.5009255594996564,0.6001093470246023,0.4565704461181666,0.4474557270513638,0.5264390940606137,0.5406246704187718,0.3624148361870808,-0.005105020281509054,HOLD,0.0,0.5
0.3338153459756421,0.36265497782967937,0.3644210408971351,0.3499517796611227,0.0158858922017885,0.0,0.0,PPM,2022-09-09 00:00:00+10:00,Financial Services,0.5268828571598089,0.5631947195945384,0.416092830320681,0.3768483584584767,0.31009839866084254,0.734847855182553,0.2932439150329351,0.649732653579816,0.3051898076271078,0.5582408888285288,0.31377894253047023,0.618623367616903,0.4117275331165535,0.48580375691526134,0.45909531543083126,0.3871250341276552,0.1900976310145474,0.1900976310145474,0.3310406239498267,0.33104062394982675,0.44368000908743915,0.4436800090874391,0.6620130679665079,0.6620130679665077,0.46153851990221506,0.4982562009799748,0.3953585761919799,0.5508716870849995,0.555688540944369,0.48953388923826086,0.2392473077394497,0.43269078649452064,0.7125316586756303,0.3215076325669477,0.4359691023155886,0.4634473324050176,0.3065553301622874,0.5203221046320898,0.501550070176933,0.051424637760498756,0.13154425511885948,0.21791288226041955,0.058872469113128774,0.6611713883841258,0.5144127291806466,0.36263913181200524,0.8315839702199037,0.6611713883841258,0.5144127291806467,0.36263913181200524,0.8315839702199037,0.46666700305333975,0.3451829898129991,0.36206912846722034,0.26772172578222864,0.46666700305333986,0.3620691284672205,0.4625854935492781,0.5922683662038603,0.5420986589931228,0.4920862309265885,0.5712552773675935,0.5287964606318452,0.27403885169242026,-0.03464405425847805,HOLD,0.0,0.5
0.36339378045442206,0.3584378526953985,0.3944320456555772,0.36681679639788456,0.0045252950612992135,0.0,0.0,PPM,2022-09-12 00:00:00+10:00,Financial Services,0.5263075163573496,0.5626278842735017,0.3743852004933602,0.3389334103572892,0.3243968559339496,0.7432068615910628,0.298514635706177,0.6731605545040293,0.29847666057836375,0.5887478264084507,0.32243833337600414,0.6320375439385185,0.401373335279136,0.508868946255896,0.4559068672536801,0.40277486837366305,0.14779372541237393,0.14779372541237396,0.26048114863024135,0.26048114863024135,0.4493790101721015,0.44937901017210136,0.6614305025200888,0.6614305025200886,0.7333336621163103,0.5515209445182527,0.37406217555984655,0.5642863278348239,0.5557999554199221,0.5277725510182549,0.2528996324866317,0.4293936738628681,0.7581324821440105,0.3011306875439623,0.44419698488130466,0.5224058047538609,0.2975425408927379,0.5526134062021819,0.5215844287482173,0.03995907403107579,0.12278409899424285,0.08284926435774204,0.018006455199098992,0.715493450946357,0.5914604896992908,0.3851124325598648,0.8272980601742768,0.7154934509463567,0.5914604896992908,0.3851124325598648,0.8272980601742768,0.5555553201114808,0.4642405632365312,0.4464281529894953,0.36512531128595094,0.5555553201114809,0.44642815298949545,0.44341522670045536,0.5687452327815755,0.5694903144193062,0.5276812071631807,0.5974127086615957,0.3448821297593186,0.2763762426303441,-0.05353713642210611,SELL,0.0,1.0
0.371844954413606,0.37952258462855715,0.39871950991982597,0.3710332377243992,0.02640754985400415,0.0,0.0,PPM,2022-09-13 00:00:00+10:00,Financial Services,0.4931766465286992,0.5298264720716254,0.3604826529020545,0.32662648566363883,0.3431636224230452,0.7043147875541522,0.3033062244446072,0.6728935677261767,0.2933127118888035,0.6003813666473852,0.32996207074402406,0.6316951332654207,0.3910964104414325,0.5188797864126977,0.4521646078621555,0.4081788008958619,0.06696090780140276,0.06696090780140278,0.260065814721799,0.26006581472179907,0.44746266774494253,0.4474626677449425,0.6521543076298197,0.6521543076298195,0.7241387402849047,0.5515210810487706,0.3870401154817653,0.576429398976578,0.5587910249406629,0.5554434795359191,0.2649204269946319,0.4267312688471412,0.7283108158837063,0.28459145522941487,0.4513074822650548,0.5542134775298563,0.29070363702433233,0.5790569302194841,0.5227843058731279,0.04572747105324591,0.1302610232523434,0.38900639920657004,0.09793578769502163,0.7509161544779319,0.5865601594538088,0.40715548480612174,0.7843451082294957,0.7509161544779317,0.5865601594538088,0.40715548480612174,0.7843451082294957,0.577778385723466,0.5312106271879429,0.4814816285044449,0.4281238988748319,0.5777783857234661,0.4814816285044452,0.42424536829917253,0.5530632897430791,0.5779762725509674,0.5618884934329503,0.5431402614375335,0.41261905018196826,0.2786668857495097,-0.04010531926346028,HOLD,0.0,0.5
0.34079111169489873,0.37096387144777465,0.3488446209253331,0.3526960347036725,0.024664520260087947,0.6,0.0,PPM,2022-09-14 00:00:00+10:00,Financial Services,0.43525015058894084,0.47170503889965854,0.4021902855823447,0.3640206025318134,0.35446913888429266,0.6240731119593956,0.3021806266568745,0.639504756869919,0.286509426051079,0.5829202610564184,0.3371523290679419,0.6059242130408199,0.38094704687293346,0.5052679265586595,0.44828836782641224,0.3947826814647549,0.15228321112570245,0.15228321112570248,0.241566121567233,0.24156612156723306,0.44807948753619425,0.4480794875361942,0.6539287547822359,0.6539287547822357,0.715523664436148,0.38175956673139466,0.3895406418907955,0.5812372186494771,0.562332848075936,0.560735732829948,0.26172115526248585,0.4276787968835174,0.634765175070626,0.259800407935626,0.4633873620434962,0.5238152949660286,0.2810430217202067,0.6094095685895435,0.48040152671661596,0.04857869722774383,0.13790822799300134,0.3479638423892161,0.08862253054853401,0.693049304299745,0.5304131307496941,0.38285587561785356,0.7760689767512137,0.6930493042997449,0.5304131307496941,0.3828558756178536,0.7760689767512137,0.555150419785606,0.5608392746433629,0.4245266991528417,0.44901135588779284,0.5551504197856062,0.4245266991528418,0.3552501023647588,0.5711114148597586,0.5181734744418879,0.5181003017157585,0.41176066980830706,0.39698593685434586,0.2838013409836556,-0.05999989712686771,SELL,0.0,1.0
0.410799715319488,0.40153047865887814,0.40211889708070214,0.37016003163952904,0.006272166871111531,0.0,0.0,PPM,2022-09-15 00:00:00+10:00,Financial Services,0.5277743755708071,0.5640728718521957,0.22943642823041627,0.2134971504217456,0.36232696375050266,0.6515398506347396,0.3092687536135521,0.6608189115159553,0.28516496911138245,0.6085175477425744,0.3437949212883562,0.6212881025394029,0.3704995800035493,0.5293800357673861,0.4451243469739161,0.41101069124489287,0.10981311816904532,0.10981311816904533,0.13784551243831988,0.13784551243831994,0.40433495400741476,0.4043349540074147,0.647792357433594,0.6477923574335938,0.852527524790623,0.4741252421647839,0.4009917129548143,0.5900860033100195,0.567280979522507,0.574249107225522,0.27196812073714716,0.43020477474142593,0.6892945437411886,0.25593916000763994,0.4648366592284411,0.6006876300347487,0.2736346084654604,0.634984590568388,0.5078922644439768,0.045200039516464466,0.12375444336474233,0.10094941279374406,0.02453258605905913,0.6656544184970367,0.6095844662568749,0.46424302262185524,0.753704614215323,0.6656544184970368,0.6095844662568749,0.46424302262185524,0.753704614215323,0.6748720461881403,0.6007924471475067,0.5731760885220728,0.49139920456420194,0.6748720461881405,0.5731760885220729,0.3675577427588365,0.5890205528859475,0.6363642600648527,0.6237766997485489,0.4562688248675739,0.41730925509249933,0.2887304180084359,-0.06578954418388494,SELL,0.0,1.0
0.3976729641257246,0.44519656449948697,0.3843606679802287,0.46621132859821657,0.3564144708542031,0.0,0.0,PPM,2022-09-16 00:00:00+10:00,Financial Services,0.7290315149225752,0.7567281605926046,0.58933990152279,0.5286502902060922,0.3869685486959433,0.8464668268993409,0.3263142553667584,0.8137846528228836,0.290218914556007,0.7346860911954725,0.35196795754870447,0.7243325227612852,0.3618124060607508,0.6356738134817566,0.4430713578196457,0.4926789940613038,0.37889415762655854,0.37889415762655854,0.3426215880818792,0.3426215880818792,0.5032539685274566,0.5032539685274566,0.676665352288883,0.6766653522888828,0.9099039014998036,0.6995382800523835,0.5799108618810014,0.6236057825765257,0.5792500050883473,0.6417136667841551,0.3288819232884126,0.4085932716841649,0.8973370675216821,0.2790819849762243,0.45159198673618317,0.86903674357917,0.27495651121439657,0.6494804915668657,0.709395013403183,0.3017358928424231,0.27124509181347867,0.9999999999999999,0.8262518488769626,0.7859037723010536,0.7050177904637486,0.5665440124715948,0.7880310626421033,0.7859037723010535,0.7050177904637485,0.5665440124715946,0.7880310626421032,1.0,0.7421732371243471,1.0,0.6648054077858913,1.0,1.0,0.4342841132208039,0.6083214693114657,0.698214407132036,0.7269155916931807,0.8470619286683492,0.7406178332263271,0.2970902261435836,-0.12576670553335811,SELL,0.0,1.0
0.4545548951942071,0.4451966866141014,0.3888002959742889,0.36579400121517747,0.020039661691219818,0.0,0.0,PPM,2022-09-19 00:00:00+10:00,Financial Services,0.24179852778174696,0.27007691326861927,0.07107905497624467,0.08436737060222976,0.38675176397067235,0.5776075222496124,0.33386451431181396,0.6105884286925642,0.29196366320371125,0.5947306315851009,0.3566181102488719,0.6077445031256715,0.3520576250065339,0.5351300785300084,0.4404015926192706,0.40974357281708407,0.6236853432101387,0.6236853432101386,0.5280216533032321,0.5280216533032321,0.5737840112549704,0.5737840112549702,0.7273379160243023,0.7273379160243019,0.560520679285809,0.5264169626828233,0.4862434740076147,0.6220580008655119,0.5884553383503692,0.6151570372629998,0.32980902758612896,0.41985255468311333,0.5267572907475784,0.2810093231566124,0.45249759227931985,0.5430874960226036,0.27059033894907847,0.6660507826222875,0.4807680990565525,0.313423579373664,0.2738716046619081,0.054790449560300325,0.04575224648054411,0.6067260830334904,0.6145556359334048,0.5145661211042778,0.6894952205524925,0.6067260830334903,0.6145556359334048,0.5145661211042777,0.6894952205524925,0.5096843543827254,0.7269489377837931,0.5096843543827254,0.6932843710790989,0.5096843543827256,0.5096843543827256,0.5152181249477312,0.6235627079265148,0.5875729641231443,0.6379944669578341,0.8446271333988915,0.7596024265334673,0.3109062822608678,-0.019801851339085963,HOLD,0.0,0.5
0.36266876367304857,0.3971637692478257,0.38436076163210875,0.4181857424996476,0.002335399053378235,0.0,0.0,PPM,2022-09-20 00:00:00+10:00,Financial Services,0.6173339920526957,0.6511544004899319,0.5461518819670601,0.49398079871528283,0.3967458888613362,0.6924403937583246,0.34928542235168836,0.6829200680423411,0.29846597961320076,0.6589747385470235,0.36459374912772535,0.6613268771562816,0.3429539254503222,0.5960376318809717,0.43875770942140857,0.45464371507684664,0.6612049431610497,0.6612049431610497,0.541488679490017,0.541488679490017,0.5874881100446414,0.5874881100446414,0.7225644808753384,0.7225644808753382,0.6115871132966814,0.5459094577428973,0.5758144609473806,0.6350647412296995,0.5989279416321374,0.6273343771105533,0.33595906499389594,0.4391972770340826,0.6850849018542432,0.2907495695124176,0.45356157553521925,0.6831835752095747,0.26186534324641797,0.6964815676326059,0.6034783509694301,0.2952889200993449,0.26965829972047484,0.0074050882343283065,0.0050516807450865266,0.6791704237618869,0.6934139842854755,0.5956111402092488,0.7907591987782127,0.6791704237618866,0.6934139842854754,0.5956111402092488,0.7907591987782125,0.7655013521864487,0.7572961356624445,0.7655013521864487,0.7576030058450334,0.7655013521864489,0.7655013521864489,0.5177702877445347,0.6060480518945058,0.5736615086968138,0.6242163215440416,0.8363210237021652,0.7781580900443967,0.3267947584658738,-0.01269848095218784,HOLD,0.0,0.5
0.43705272186325606,0.4320967289364054,0.3888002230919234,0.3788918429651329,0.01026372802858074,0.0,0.0,PPM,2022-09-21 00:00:00+10:00,Financial Services,0.3849153840469153,0.42038188467196047,0.17185194630546735,0.1670624737113708,0.40229817459090245,0.5739978966439265,0.35832417618954326,0.5946374018489837,0.3023038077839453,0.600900938290384,0.3654261718650158,0.6166135762545523,0.33421188347065156,0.5592727798351838,0.43665134058742927,0.42267883203878365,0.6853121445260472,0.6853121445260472,0.5776561380064263,0.5776561380064262,0.6048811367891127,0.6048811367891126,0.5084824613343546,0.5084824613343545,0.5183974409907569,0.5663226662037055,0.5620165550974688,0.6341194363285871,0.6070801163199581,0.6050371183257691,0.3291324312299151,0.4594849716845122,0.49743655917583696,0.29323041361162794,0.4571427430202676,0.5549252300982251,0.2621512812099205,0.6977119459658121,0.49923561891787194,0.28444014042188226,0.24209136191547892,0.031237634869620223,0.025538517653798484,0.6482100617767426,0.6290820721591323,0.5503297332247584,0.5813624354622807,0.6482100617767422,0.6290820721591324,0.5503297332247583,0.5813624354622807,0.5736381469468801,0.614528987884075,0.5736381469468801,0.6150163701521473,0.5736381469468803,0.5736381469468803,0.5502686197813305,0.6522357333365832,0.5594568711203766,0.6146423635278242,0.8571170621873089,0.7786535540627757,0.3410943870503792,0.006535936725924341,HOLD,0.0,0.5
0.4458039816612589,0.4364635672160785,0.40655847961155467,0.45747964203416225,0.012270868202138643,0.0,0.0,PPM,2022-09-23 00:00:00+10:00,Financial Services,0.682856383065846,0.7134810367102211,0.4021902855823447,0.3640206025318134,0.4208058465766795,0.7348786427153557,0.3724607304781986,0.7163132179045737,0.30475746538343507,0.7051211735579339,0.37089194502285716,0.701042259527236,0.32721916858413636,0.6474850438412729,0.43532378837240504,0.489563342732417,0.7511633239703385,0.7511633239703385,0.6314616220831716,0.6314616220831716,0.558536690792595,0.5585366907925949,0.5203468554293289,0.5203468554293288,0.6073752960250128,0.6266391562581922,0.6168402660397354,0.6546627762108266,0.6185112811018878,0.6365453021465519,0.350822785011512,0.4634471371775062,0.7808943550518078,0.3028089475713749,0.45221001445332865,0.766344662894159,0.2650677230240266,0.7041013464692469,0.6979473309593744,0.28895923826351566,0.22504365701733658,0.036614707877234115,0.03225277655007776,0.7396546186759207,0.6752254265027996,0.523950614995725,0.7039525906436634,0.7396546186759205,0.6752254265027996,0.5239506149957252,0.7039525906436632,0.9573645574260174,0.7644345792207586,0.9573645574260174,0.7647324236901224,0.9573645574260176,0.9573645574260176,0.6158042148114922,0.6823239411350527,0.6176885428212253,0.6787962594578827,0.8927113461934604,0.7558673463170464,0.35396405277643417,-0.061728457126366765,SELL,0.0,1.0
0.4283016249832001,0.4189967998847851,0.36660260949365386,0.35706194036647454,0.032216980288931295,0.0,0.0,PPM,2022-09-26 00:00:00+10:00,Financial Services,0.2403129756336075,0.2684813997589738,0.12866358164127123,0.12867108273443045,0.39767128303806953,0.5273158026961351,0.37326875962520933,0.530283791376726,0.3036436882585969,0.569639670392861,0.3725509096995716,0.5874276167966944,0.3183861394536014,0.5450347339380857,0.43352561385298527,0.40588626216050405,0.745915818454496,0.745915818454496,0.7584860246054119,0.758486024605412,0.6279782613401113,0.6279782613401113,0.5770863762087595,0.5770863762087595,0.5045044279682835,0.5334106626113465,0.45371002085850776,0.6425942397318037,0.6247720871998035,0.5868627452739427,0.35012043263551584,0.46533977094149503,0.3440618597821452,0.30145476840981367,0.4517438230720706,0.48436035423858004,0.2640869843220264,0.7090747782058651,0.4292505697125069,0.04472634533740327,0.23178457491624344,0.48012427350705283,0.08317764639665082,0.45512010473695175,0.5484519915705609,0.4676887227052305,0.6036038996728135,0.4551201047369517,0.548451991570561,0.46768872270523043,0.6036038996728135,0.46704768043013134,0.6644974503347874,0.46704768043013134,0.6649216534225949,0.46704768043013145,0.46704768043013145,0.6972489516237852,0.6705394779082129,0.4827722772205733,0.5547019133547542,0.834662683444562,0.6905857835641271,0.4697910443109271,0.009966903254630344,HOLD,0.0,0.5
0.37579529649233034,0.3665972379263557,0.375481695660957,0.3614279707908261,0.007988300953754923,0.0,0.0,PPM,2022-09-27 00:00:00+10:00,Financial Services,0.49364529672276736,0.5302926738335071,0.3158135362115998,0.28680417585473816,0.3967458888613362,0.5412096292609037,0.372656350378906,0.5392823995180829,0.30615386023527713,0.5727870298267139,0.37435687332007417,0.5911354959890459,0.3104058273408308,0.5543609822642868,0.4314085678068671,0.41064700047322755,0.633210945188866,0.6332109451888659,0.755796172671684,0.755796172671684,0.5991025545648849,0.5991025545648849,0.5771149352664502,0.5771149352664501,0.4907406329443491,0.5535321872935538,0.49084750665872545,0.633920586981063,0.6277079119731958,0.5549126265584364,0.35033836307460975,0.46417504491523487,0.36658317986442024,0.30216859196486334,0.45490735051618125,0.49111801790413806,0.2630284777824521,0.7144740470428153,0.4368668805898192,0.03564750055216079,0.2124286406067381,0.14914654361001714,0.021859094259957187,0.6016778796468338,0.5351995195067883,0.5278087995384796,0.6074234450505192,0.6016778796468337,0.5351995195067883,0.5278087995384797,0.6074234450505193,0.46639517388114066,0.6285871706645267,0.4883660174064283,0.636404406904234,0.4663951738811407,0.4883660174064285,0.7037429246952684,0.6562493664429153,0.4232579556673323,0.5252142275761614,0.8491656660552362,0.7024321578042769,0.4672872071537638,-0.00993371060421222,HOLD,0.0,0.5
0.35829327443661607,0.35349743150121393,0.3754817689133676,0.3483301290408707,0.01052583397384186,0.0,0.0,PPM,2022-09-28 00:00:00+10:00,Financial Services,0.4484539332932063,0.48504089096907316,0.3302096571212,0.29882690975259874,0.38193976713888134,0.5426374218182413,0.37007627176967905,0.519241855864162,0.30734555186850887,0.5536558050949045,0.3743022743124631,0.5765154704305465,0.30365360625997084,0.5441447216648483,0.4291958224726109,0.40071353633982565,0.5709169080779695,0.5709169080779695,0.7575907172365449,0.7575907172365449,0.6009965214116806,0.6009965214116806,0.5672517132899331,0.567251713289933,0.34831498914760545,0.5269167763169124,0.5275580320303512,0.6232042836763882,0.627495601278227,0.5246618395224988,0.35155352500613235,0.4590132435201195,0.3263630275033875,0.30233213756123845,0.45656766240223223,0.4502729446414473,0.2630418981360485,0.7143410270367803,0.4010967654384765,0.04181773219541017,0.20830467703211525,0.17203594710640888,0.02922210346721845,0.5068309273319632,0.5170510981186358,0.5055242658673978,0.5591253009489854,0.5068309273319631,0.5170510981186358,0.505524265867398,0.5591253009489854,0.2355605197588271,0.386891289631247,0.4244122248422737,0.45817110684789797,0.2355605197588272,0.4244122248422738,0.6857639176858115,0.6337004935255787,0.36198956005443667,0.49972240004218493,0.8247128203080991,0.751108161217847,0.4648334467397436,-0.026755805536531563,HOLD,0.0,0.5
0.36704436178385547,0.35786409739586456,0.3088889928156102,0.2784745155820938,0.03889324804059518,0.0,0.0,PPM,2022-09-29 00:00:00+10:00,Financial Services,0.29989122055729966,0.33189010956116194,0.07107904178330537,0.06608937688762301,0.360655991953738,0.40526652335499147,0.3616414201156921,0.4031539327147,0.30219381981936055,0.46408657363182004,0.3704761516109176,0.5006985291369709,0.2964711431280924,0.4725733396109777,0.4264726775925278,0.34301028306063797,0.6185860690545663,0.6185860690545663,0.8059138697672946,0.8059138697672946,0.6345710853284268,0.6345710853284267,0.5855282717835588,0.5855282717835587,0.37804903122744643,0.4361821209801916,0.46085829199701356,0.5954054442304056,0.6206824162925432,0.461233297635964,0.36780312537362314,0.431605805842624,0.15410097026139763,0.3045427460588568,0.4467535841595075,0.27288215773852376,0.2651099356948494,0.7031858911507525,0.22722042977784768,0.06338566747901946,0.2131955579996599,0.44213429739351096,0.1063641825400402,0.45816322804644505,0.4619068922228259,0.4018382289703081,0.4672956959453677,0.45816322804644505,0.4619068922228258,0.4018382289703081,0.4672956959453677,0.0,0.23050050388427312,0.08332309749809863,0.3298434975152739,1.1102230246251565e-16,0.08332309749809885,0.7447912357222526,0.6917889569288617,0.20385808745983353,0.38645638309277663,0.7650228691570141,0.7270680598193353,0.4624287615340038,0.024734888136581645,HOLD,0.0,0.5
0.27515826226637397,0.349130859206065,0.2911309520593308,0.2610106434077868,0.01468377978489939,0.0,0.0,PPM,2022-09-30 00:00:00+10:00,Financial Services,0.4341337790935247,0.4705751007722016,0.315813527871687,0.2805726740291963,0.3190137564293509,0.45987346172738564,0.3492372156645531,0.3893680840343625,0.29932920482705083,0.44323964240458746,0.36606204153536126,0.4838039081765163,0.28927770730342184,0.45756395047141973,0.4238265493861557,0.32949457750243616,0.36673805279304167,0.36673805279304167,0.8000388908094098,0.8000388908094098,0.6117815801541673,0.6117815801541673,0.5871749222594118,0.5871749222594118,0.25675721597372886,0.40702725460446654,0.41675712881164517,0.5689435959539592,0.6089080445704931,0.4135606974840169,0.3811245740323108,0.4003730023620493,0.1952713418658234,0.3087045782046942,0.43864643794379676,0.24613343977313365,0.26792313309343374,0.6896215679473199,0.2029385329922615,0.06520342484415222,0.20848890987653007,0.1677319770036153,0.04074912518516337,0.3308993091227975,0.42627490593464923,0.43701978443527545,0.4529726055150059,0.33089930912279747,0.4262749059346493,0.4370197844352754,0.45297260551500595,0.0,0.07432820977354435,0.0,0.1665210358314412,1.1102230246251565e-16,1.1102230246251565e-16,0.8113475804521473,0.7344736494352745,0.21256965783186593,0.36762657732048587,0.7373842689287525,0.6928913924033011,0.4555455923015813,0.06810038999402157,BUY,0.0,0.0
0.3211010674108987,0.3120142242612626,0.21565888135669065,0.24354652171038094,0.02189194385887775,0.0,0.0,PPM,2022-10-03 00:00:00+11:00,Financial Services,0.43344225206460807,0.46987498173895575,0.10706958279652357,0.08903763464598097,0.2949537987140074,0.471831298363377,0.32393263234571745,0.3950392757963208,0.29487872627397027,0.4239478970814792,0.3610599356846542,0.46719655785061354,0.28269145305976906,0.4421351066089054,0.42105281969808095,0.31600557339375734,0.23306050662747727,0.2330605066274773,0.6524517235808536,0.6524517235808536,0.613206305741258,0.613206305741258,0.5887880548989857,0.5887880548989857,0.2753626849662267,0.3779278107639193,0.44562484366446586,0.5438307388052331,0.5934871038925171,0.37852040712605206,0.3601162333173358,0.37799501541761993,0.21329393585811424,0.31467124522636225,0.426502213236977,0.23203738249619218,0.2714538821939172,0.6736929329385679,0.18447229872521004,0.0574250996249082,0.2094019801870295,0.27261591420483416,0.060583484916131365,0.4357652665633518,0.3228706699219723,0.41060765367411933,0.43864931043690764,0.4357652665633518,0.32287066992197233,0.4106076536741193,0.4386493104369077,0.2031249970094062,0.06346718401226852,0.2031249970094062,0.09251675727661778,0.20312499700940634,0.20312499700940634,0.9440493772203054,0.8077452829107538,0.191776343514728,0.2977719736144241,0.7080052358536987,0.6981834045299666,0.4446322962272852,0.12363647623947327,BUY,0.0,0.0
0.23140299605664705,0.305464563524816,0.2733728731136871,0.3134023846922569,0.024704278841969494,0.0,0.0,PPM,2022-10-04 00:00:00+11:00,Financial Services,0.6806688363646527,0.7114185026637557,0.6325286450255538,0.5946406681452107,0.28477462143160825,0.7002910269711058,0.3179786244176457,0.5375094727868246,0.29573888013732264,0.518710243623175,0.3581258796124649,0.5476945226949331,0.27738541871299516,0.5213720558422719,0.4184094900097035,0.37655227396955915,0.48052871447343953,0.4805287144734394,0.6722986571825293,0.6722986571825295,0.6648587801628711,0.6648587801628709,0.6241240329491611,0.624124032949161,0.25373180798254397,0.4383301831731083,0.5002628503294514,0.5440676653873511,0.5812069718071596,0.40870078939067356,0.35544144601673167,0.37249940753075417,0.41441513313072637,0.31430722546780565,0.42813622759293024,0.39476596895382904,0.27076539036121927,0.6688368967223937,0.3555112649421992,0.07001801522894063,0.2116904758711246,0.26169396603903267,0.06786709946956856,0.5355285263470695,0.48568372459234077,0.5003275211472151,0.489469934676012,0.5355285263470694,0.48568372459234077,0.5003275211472152,0.4894699346760121,0.4531257100833647,0.21519620186506996,0.4531257100833647,0.21618849296635695,0.4531257100833649,0.4531257100833649,1.0,0.8613566830971119,0.3212758777725907,0.3899303679573115,0.7061881489288878,0.7367420062918355,0.42527891843922305,0.04123703848747051,HOLD,0.0,0.5
0.3057869201066943,0.35349736446995583,0.3488446209253331,0.3526960347036725,0.21822516688163587,0.0,0.0,PPM,2022-10-05 00:00:00+11:00,Financial Services,0.5877555758493459,0.6226401876540979,0.5173592853236657,0.47261721534473444,0.2856999891647303,0.8112152779908053,0.3105360932398997,0.6251350024251485,0.3000380984984856,0.5677035088431808,0.3553791311528611,0.5937905553326034,0.2723358833499452,0.567328417816432,0.41558556384219214,0.41136221415640917,0.5219509615295399,0.5219509615295399,0.6570856709591413,0.6570856709591413,0.6734300454155333,0.6734300454155333,0.6275885877754732,0.627588587775473,0.49056620050315036,0.48267767729696087,0.5451368387718687,0.5557604301897986,0.5741771903597483,0.459151997926246,0.3375595814933354,0.3759575418344372,0.5399778450169563,0.31356619918747364,0.4353288527946343,0.4801595789893563,0.2678485368285255,0.6679857962469129,0.4511765942484334,0.2264874834115797,0.30373605708103946,0.8027739480264771,0.46582622150699,0.6149479457013066,0.47451456776279827,0.560079830799972,0.49561629775092075,0.6149479457013065,0.47451456776279827,0.560079830799972,0.49561629775092075,0.5937501344739298,0.4140132690694972,0.5937501344739298,0.4147541796256853,0.5937501344739299,0.5937501344739299,0.9851119167275331,0.8711462463623644,0.43778417038496253,0.4996024479957047,0.8194843019103955,0.8153244264470878,0.4074738108742061,0.019999965708956013,HOLD,0.0,0.5
0.3757955081388866,0.3665974491425491,0.3666028749469121,0.3395983177152666,0.1567450350635611,0.0,0.0,PPM,2022-10-06 00:00:00+11:00,Financial Services,0.4482284901882593,0.4848136309657079,0.24383288686640744,0.22245715362384275,0.2986553754209409,0.7370208590425458,0.3060706085615019,0.6076038413101206,0.302502444703314,0.5471013381478158,0.3536109726614942,0.5801678128380617,0.2675872018919545,0.5557961582660915,0.41231516740098817,0.40189709764113146,0.38384335280562765,0.38384335280562765,0.643256370623506,0.643256370623506,0.674234093512655,0.674234093512655,0.6196414468808313,0.6196414468808312,0.45454592687383655,0.45970838860648644,0.5483484426534911,0.56189147017213,0.5700185544715287,0.48674115783793803,0.3295619033956185,0.37568918482836056,0.5143366050959011,0.312997069762869,0.43958217891443596,0.44192138190969743,0.266978571995933,0.6657993417122945,0.4227536620224472,0.315270659465609,0.3664297231866825,0.42213556570899713,0.29010663187326574,0.7070636603354166,0.4998866716412621,0.5277335620487222,0.5174267170993703,0.7070636603354166,0.49988667164126205,0.5277335620487222,0.5174267170993704,0.546875921673897,0.5291181704791742,0.546875921673897,0.5297135445717839,0.5468759216738972,0.5468759216738972,0.9652610379073858,0.8845780092765739,0.45490417021972185,0.5043084510011516,0.8536023805020306,0.8758988053507439,0.202715073876509,0.02356893124146442,HOLD,0.0,0.5
0.35829326019189933,0.3491307903212334,0.3710422410026859,0.36579400121517747,0.009628593035666287,0.0,0.0,PPM,2022-10-07 00:00:00+11:00,Financial Services,0.5511898642843344,0.5870565208521932,0.387794160044284,0.3509818639759703,0.3208645447828178,0.7500027410583132,0.2956510592412829,0.6762208441218445,0.3045053854373736,0.580571058672678,0.35187304987229506,0.6109121298299905,0.2631640611829664,0.5872279816800845,0.40987925073974196,0.42547021311972644,0.3466989759502708,0.34669897595027077,0.5605651226494551,0.5605651226494551,0.6699264541978147,0.6699264541978146,0.6202152047958198,0.6202152047958195,0.534482707653014,0.39899246143859307,0.5552395779701362,0.5743980140647814,0.5696804460241168,0.5234530348007823,0.28561778377293834,0.3967529557536944,0.6651009029250424,0.3143142374068226,0.4414309019716337,0.5041951436735296,0.2651095351542929,0.6652990217867585,0.48712520274004306,0.31146235458979327,0.3659090148753762,0.02680277811124111,0.017116401092930885,0.7800589651390701,0.4505522751180314,0.51895631038033,0.5189424136344086,0.7800589651390699,0.4505522751180315,0.51895631038033,0.5189424136344086,0.6406252402691958,0.5919023359544103,0.6406252402691958,0.5924183269338766,0.6406252402691961,0.6406252402691961,0.8709703971656302,0.8698703332169081,0.47703106184252336,0.5075188140654954,0.7396276038082259,0.8736756254030156,0.20655429441234407,0.016501574219171422,HOLD,0.0,0.5
0.34954222609912056,0.3403975506085265,0.3488446861707062,0.3483301290408707,0.01257590673371723,0.0,0.0,PPM,2022-10-10 00:00:00+11:00,Financial Services,0.43731433170726086,0.47379331695607463,0.35900190850565783,0.32464533932381806,0.34307376703191683,0.6417073294727378,0.2946587387650417,0.644119503259377,0.3044060784379521,0.556899584301654,0.3494051814491832,0.5928059384394152,0.2588072139215378,0.5706450752161565,0.4073157344199312,0.4119089888749393,0.3429044973789975,0.3429044973789974,0.43070691807659195,0.43070691807659195,0.6710550921538709,0.6710550921538709,0.621720668863917,0.6217206688639169,0.673913138010957,0.4659633892192274,0.5148947119908556,0.579753858491425,0.5706898931447405,0.5364018474924295,0.2832806489228814,0.3971736487928079,0.6001118603908794,0.3142523936723134,0.44133611257090644,0.46003911576944584,0.2627391522772806,0.6641272983305961,0.4486908382907058,0.3044441549926347,0.36438165521879234,0.035618207651206185,0.022672000066590026,0.7825581761339113,0.5316126116095721,0.48400175380877447,0.5016690063328827,0.782558176133911,0.5316126116095721,0.48400175380877447,0.5016690063328827,0.5967742740588208,0.5929149682523678,0.5781253968739188,0.5871930030639849,0.596774274058821,0.578125396873919,0.8014930281240331,0.8694410742236672,0.4463084246306965,0.4619689958146296,0.7508340875924784,0.8575885905412577,0.21031673053746214,0.0334447569206644,HOLD,0.0,0.5
0.34954224063387773,0.3447641921259884,0.3222075115476912,0.3308662568665637,0.011290267884303862,0.0,0.0,PPM,2022-10-11 00:00:00+11:00,Financial Services,0.4367122614044358,0.473184350568043,0.301417404628297,0.2721449883798239,0.3467752908516277,0.5838178338581193,0.2911855745628853,0.6162506808378134,0.30220453134522507,0.5355214925945144,0.34649128391196227,0.5749515234018544,0.25459393539383646,0.5539159803192943,0.4045661567625589,0.3984105821325842,0.2305221753915416,0.23052217539154163,0.43494482401187456,0.43494482401187456,0.6712716640774681,0.6712716640774681,0.6232680052896105,0.6232680052896102,0.673913138010957,0.3935346748751265,0.48715908218432036,0.5794462677874181,0.5714239431491885,0.5337555256948228,0.27570070955727277,0.3981312409563025,0.5438853311844734,0.31283524889669523,0.4392763966884957,0.4204710590152197,0.26052909356977794,0.661786483849726,0.4106912991664424,0.2943387630717381,0.36750328420097755,0.03313818679093945,0.020128313454994103,0.6357198740412585,0.508572125940327,0.44993787974018185,0.49082346186797904,0.6357198740412584,0.508572125940327,0.4499378797401819,0.49082346186797904,0.5322583422684368,0.5880202758585776,0.5156255534786418,0.5767420566830707,0.5322583422684369,0.5156255534786419,0.8114183504216708,0.891409782327618,0.42318811385337474,0.4323143994404157,0.7331428451805416,0.8416140517818631,0.214003917940078,0.030508468337357098,HOLD,0.0,0.5
0.3189135119956701,0.3360308779016129,0.35772366832692004,0.3265002264422123,0.005232429839049576,0.0,0.0,PPM,2022-10-12 00:00:00+11:00,Financial Services,0.47076267564525204,0.5074546830288889,0.387794160391135,0.35058407233802696,0.3412230051220615,0.5860534039848138,0.2887047308369699,0.6120438833551762,0.29947740894882124,0.5325452949115412,0.3434303874309541,0.5720044594798569,0.25014610555445094,0.5517455172703194,0.40166775628833484,0.3961589763348389,0.14028662104984344,0.1402866210498434,0.43281423809728653,0.43281423809728653,0.6711347546369044,0.6711347546369044,0.6233259416886343,0.6233259416886341,0.7209309898429256,0.42537153943414624,0.4695131966411593,0.5783059795554828,0.5717386783107263,0.5297262823088993,0.2709134387103769,0.39827733957875866,0.5358256550838867,0.3109091042987002,0.43687920259012725,0.41526213516042565,0.25823391704390697,0.659284694905028,0.4042716866050088,0.1338815298912479,0.35773223706311574,0.034276825991102246,0.009145770696346847,0.5683277801236977,0.5175689441105018,0.4415568435979873,0.48730854267686974,0.5683277801236976,0.5175689441105018,0.4415568435979873,0.4873085426768697,0.516129128870585,0.5463327876215299,0.5000003693810141,0.5297133952512184,0.5161291288705852,0.5000003693810142,0.7369783423587655,0.8923842085309254,0.45359621957629825,0.4564290634754212,0.7515581377736866,0.8417549502056814,0.21761736159464162,0.027210836747129097,HOLD,0.0,0.5
0.34954227057451925,0.349130849215887,0.37992132738136863,0.37016003163952904,0.02904715217463573,0.0,0.0,PPM,2022-10-13 00:00:00+11:00,Financial Services,0.5982758315372024,0.6328093389588808,0.43098253793587893,0.39027077800381016,0.34770065858474974,0.6898491462874103,0.29912426597875164,0.6785504311541677,0.3005468730565304,0.5909763667838608,0.3422653299641123,0.6223229192324266,0.24665294800357973,0.6021675467517567,0.39908835587209124,0.4348771304265183,0.23332258871577147,0.2333225887157715,0.3548060746627303,0.3548060746627303,0.6853557726593227,0.6853557726593226,0.6343267810764974,0.6343267810764974,0.6756760722739893,0.37982017651338235,0.5018909269618775,0.5897299273317709,0.5747205490601601,0.5553550875100358,0.282518265054823,0.4049572956326768,0.6831291860842174,0.3121193376274336,0.43740823514447624,0.5230593058716225,0.25692629241425213,0.6590381935040839,0.5113467236027632,0.0376808365912393,0.35975455868371115,0.4905846772368185,0.05391901969278352,0.6553375017440566,0.6442758616076073,0.5031593267391271,0.5323815643345442,0.6553375017440566,0.6442758616076073,0.5031593267391273,0.5323815643345443,0.7241386296088778,0.5889807066140536,0.6562504243668233,0.5558404625623731,0.724138629608878,0.6562504243668237,0.692314380249355,0.9016170370075617,0.5568492194083179,0.5274308970963508,0.7592622125240647,0.8423316324663055,0.22115853637611382,-0.023026227664880605,HOLD,0.0,0.5
0.3582931812009549,0.4015303354973828,0.3976792435775858,0.3876237790522863,0.03324502362043985,0.0,0.0,PPM,2022-10-14 00:00:00+11:00,Financial Services,0.52717563659691,0.5634831345105382,0.4597747843149596,0.41617555675518564,0.3523275501375829,0.7256641482597304,0.31351312556081057,0.6868904476166884,0.30161632188388876,0.6135931755813697,0.3423980427696569,0.6420541239166594,0.24340257299882806,0.6235409249271013,0.3964027047521448,0.4512791782897051,0.21955869171854767,0.21955869171854764,0.3352529793896525,0.3352529793896525,0.6852936863655104,0.6852936863655102,0.6335133722894557,0.6335133722894557,0.6250002232497665,0.5267248984285573,0.5299248677180921,0.6036654365359421,0.5804363384995398,0.5816256190339483,0.29069220535170603,0.4209179651269854,0.7170112284340293,0.3138902917515234,0.437430554619184,0.5641403488342395,0.25707095068881913,0.6590732558362433,0.5534654643693021,0.05547218084949071,0.37220091339406697,0.42089648959378634,0.06016456801548393,0.641223562440035,0.6857150047907319,0.5029284641119888,0.5637513622820766,0.641223562440035,0.6857150047907319,0.5029284641119888,0.5637513622820766,0.8518516670512294,0.6959964424298014,0.7187498212644837,0.6237705687943573,0.8518516670512297,0.7187498212644841,0.6178741971260056,0.8853783746980127,0.6464134970275559,0.5964742813690691,0.8205807467161896,0.8761488195639182,0.22462888766195654,-0.0389608811165818,HOLD,0.0,0.5
0.37579538593513395,0.3753305812118052,0.3621632419475318,0.3308662568665637,0.0184281027020968,0.0,0.0,PPM,2022-10-17 00:00:00+11:00,Financial Services,0.33842804440058816,0.3722840190837665,0.21504064952482801,0.19671834473148428,0.348626026317872,0.5790641539902266,0.3234365146429088,0.5617745804008278,0.29332803044041467,0.5452840769625678,0.3406197987099504,0.5788043559428305,0.2391892944711267,0.5631577227729054,0.3929515842120943,0.4043808266451213,0.3281093491521134,0.3281093491521134,0.41003045130391785,0.41003045130391785,0.6268143570925147,0.6268143570925144,0.6510496761381959,0.6510496761381959,0.47619011980122034,0.4440797375021821,0.47315510701763797,0.5990043901759723,0.5838950782591248,0.5599373753483772,0.26392507017342126,0.45972493248075685,0.36457861585744966,0.29349378122140246,0.44328622405524365,0.4340942586972103,0.25623549043464444,0.6568101541111602,0.41867856717869856,0.05988090945758619,0.21624048753406572,0.22330592629925655,0.04987549469702682,0.5815524402218778,0.6422169719354617,0.3606348792594222,0.5169086044475719,0.5815524402218777,0.6422169719354617,0.3606348792594222,0.5169086044475719,0.6111117864798253,0.7278013588832235,0.5156255534786418,0.6289960419848146,0.6111117864798254,0.5156255534786419,0.6426874992454794,0.8813184843826559,0.5214491650653718,0.49982553497821025,0.8058738904185988,0.8552193986654693,0.23276614882664115,-0.01016961860225063,HOLD,0.0,0.5
0.3342279721489283,0.33166442987680644,0.3710423891887553,0.3395983177152666,0.003563404664349866,0.0,0.0,PPM,2022-10-18 00:00:00+11:00,Financial Services,0.505432147955133,0.5419969872057631,0.38059626646372613,0.3441022853999381,0.35047681467133884,0.5983661446181952,0.3264135327853821,0.5734293508908086,0.2917238533792892,0.5590460419831473,0.33913555253781924,0.5897068189286793,0.23467242286646206,0.5756066974000327,0.38979811204045456,0.41352535012586455,0.32131389945913885,0.3213138994591388,0.30391527307787725,0.30391527307787725,0.5505360047680536,0.5505360047680535,0.651522766658932,0.6515227666589318,0.4210530669458081,0.47153496120320204,0.3975319929541833,0.5978314203194395,0.586381755005655,0.5505967127596936,0.2605380094269931,0.46738374546123373,0.4020990624508338,0.29177078436846604,0.4424092501866622,0.46241250776146625,0.25536218165049385,0.6552073596589867,0.4419463167072666,0.05405990771521213,0.2086376836797605,0.053786488484096444,0.00986578941786691,0.6218084831226566,0.5696035219821379,0.4596032238693399,0.5241152934639371,0.6218084831226566,0.5696035219821379,0.4596032238693398,0.5241152934639371,0.6481492610718323,0.7023563399871223,0.546875921673897,0.5924183269338766,0.6481492610718325,0.5468759216738972,0.6327623150990405,0.7960650243471264,0.4956822715139009,0.4851856161764059,0.8157782856598482,0.7150147173261121,0.24057791954473828,-0.023569219886570125,HOLD,0.0,0.5
0.33204019549085584,0.3360309902404318,0.37548183594628326,0.34396422337806865,0.0041617880269536455,0.0,0.0,PPM,2022-10-19 00:00:00+11:00,Financial Services,0.49379750672379574,0.530444074881494,0.4021902855823447,0.3640206025318134,0.3541783649346608,0.6008470157035926,0.3254212123091409,0.5833619391194309,0.28717865957218325,0.5701414719863471,0.3363787311115862,0.5965062787181089,0.22954013158698272,0.5836140962064333,0.3867934626856666,0.4188569133069241,0.31947411714762824,0.31947411714762824,0.2643202414789507,0.2643202414789507,0.5210225084890721,0.5210225084890721,0.6417748839296549,0.6417748839296546,0.4857144956597279,0.5817257713788008,0.48201898098029317,0.5982042634643862,0.5884601980523279,0.5466739493210183,0.25965955290500076,0.46655304423033517,0.44997584645383537,0.2816534290977364,0.4446554888092705,0.48573513868826185,0.25223257333850246,0.6546816974035521,0.4559648946492926,0.05325334395495626,0.2094804525868681,0.06208674270184738,0.01149007010648453,0.6354399582071177,0.5315817489071021,0.41469175201650355,0.4949812854357347,0.6354399582071174,0.5315817489071021,0.4146917520165035,0.4949812854357348,0.6666674691854585,0.6403474628945757,0.5806455215614806,0.5462326109080109,0.6666674691854586,0.5806455215614807,0.538471584775764,0.7108113838716071,0.5044403526006326,0.5042847735573466,0.87584749989031,0.7467372819893521,0.24807721943411154,-0.016778636758537746,HOLD,0.0,0.5
0.3320401437663736,0.3294809455287798,0.3577237281082559,0.3308662568665637,0.04519080694719409,0.0,0.0,PPM,2022-10-20 00:00:00+11:00,Financial Services,0.4479990435731447,0.48458231959929815,0.3590019080306102,0.3241168128083175,0.3458499231185057,0.5861994496829968,0.32442886347602484,0.560135957745399,0.2842376581065531,0.5553950075126086,0.3323291758962812,0.5842793899443975,0.22439961364597627,0.5721443364369228,0.38345926550361087,0.40930848854338364,0.24326595166897555,0.24326595166897558,0.26438019752852104,0.2643801975285211,0.509124825431646,0.509124825431646,0.6389409421188426,0.6389409421188426,0.5,0.589649483990447,0.4155484492755668,0.5949826599486815,0.589353057183801,0.5352815404198187,0.2600186834169651,0.46466057678707906,0.3429419453148438,0.27756159971144845,0.4438907859538831,0.45293163548946264,0.2468517817295126,0.6551837926687372,0.42816499751876136,0.0654151022110972,0.22559720348417456,0.49976513381824156,0.11894076070367265,0.5491454320627814,0.5314876456915257,0.43837972410715,0.4659878129498587,0.5491454320627813,0.5314876456915257,0.43837972410715004,0.4659878129498587,0.6111117864798253,0.6403474628945757,0.5322583422684368,0.5517950536517611,0.6111117864798254,0.5322583422684369,0.44169953813155877,0.6722441881983597,0.44674707127191005,0.4729247456573302,0.8289291554856643,0.6857257849307985,0.25527654732790983,0.0169490737350384,HOLD,0.0,0.5
0.3714198001933007,0.36223063877517425,0.32220745339306145,0.3265002264422123,0.02346975816926097,0.0,0.0,PPM,2022-10-21 00:00:00+11:00,Financial Services,0.47076267564525204,0.5074546830288889,0.21504065809661616,0.19617338674488335,0.3328945897495177,0.6077047209564164,0.3199633504407524,0.5592088410635989,0.276216711679524,0.5583612210981879,0.3281326217371894,0.5820790603580722,0.21902453753392326,0.5705478906736552,0.38021009222069413,0.4072322061012491,0.2115693193379848,0.21156931933798478,0.24159134527705073,0.24159134527705073,0.43515815798560137,0.4351581579856013,0.6389668491731051,0.6389668491731049,0.5,0.6146562088428598,0.44749763421064304,0.5913822603439218,0.5892069249055546,0.5252977553560969,0.2555683144631793,0.46134895226151484,0.3380470933502907,0.2513475414010309,0.4554090560400411,0.4545133787501622,0.2411745918092214,0.6558684692490033,0.4214777784713977,0.0580509447769994,0.23076481914270214,0.28920724094842504,0.06073414480453151,0.5174935968473698,0.4994806203633504,0.36392009508711554,0.46255708345116153,0.5174935968473697,0.49948062036335034,0.3639200950871156,0.4625570834511616,0.4634145972260144,0.5784891121434418,0.516129128870585,0.54151251614805,0.4634145972260145,0.5161291288705852,0.3796662546055631,0.6681845013403765,0.39004081449887024,0.4733926162188402,0.8246816580219891,0.6706828203770945,0.2621879021059562,0.020408127560346934,HOLD,0.0,0.5
0.34079108481366105,0.3316642039211052,0.3088888672471608,0.30467032384355397,0.01487371889245955,0.0,0.0,PPM,2022-10-24 00:00:00+11:00,Financial Services,0.4243408338542174,0.46064703029708076,0.24383291418094533,0.21868213191977484,0.3273422775763397,0.5611587718789508,0.31500166298892185,0.5257152857003884,0.2730083422769227,0.531661305242976,0.322065423582214,0.5611084145904347,0.21386755483759234,0.5492055847530768,0.3769183422667819,0.39005621320919837,0.08348811661405933,0.08348811661405935,0.2461204850736532,0.24612048507365325,0.3375984609849921,0.337598460984992,0.6347623420641324,0.6347623420641322,0.24137869873211656,0.4664696007822636,0.3262324187078085,0.582724808583075,0.5870210706729694,0.5056978381754819,0.2578572578780185,0.4514635133534226,0.22478200038766022,0.2487573336080171,0.4528817624983875,0.37994829522735296,0.23146689089478212,0.6592972198301268,0.367877042100211,0.055373263839729264,0.2227619448019898,0.19327013347113803,0.03940681834259908,0.5676506213328149,0.4942663177040548,0.433227645499906,0.4222113863344362,0.5676506213328149,0.4942663177040549,0.43322764549990606,0.4222113863344362,0.18181864033273962,0.41613761680372763,0.4655177666900364,0.5030107620055438,0.18181864033273976,0.46551776669003664,0.36974068617243966,0.6600651105128127,0.2240024141665696,0.40918735647519894,0.7937524016520393,0.6446497358725727,0.26882280269288084,0.031141962942733192,HOLD,0.0,0.5
0.29266030803179977,0.29673117622777323,0.3266469067088056,0.29593826299485104,0.010509629845932154,0.0,0.0,PPM,2022-10-25 00:00:00+11:00,Financial Services,0.45872632913221695,0.49538000333377125,0.37339769333232026,0.33658929748477334,0.3180883886962287,0.5606906672006207,0.3110322960133325,0.515494635526349,0.26899786906340806,0.5239712414411777,0.31598813985889906,0.5550729398198283,0.20816419651817952,0.5428346346462671,0.3736797158415821,0.3841539165146691,0.05598752271392237,0.05598752271392238,0.24150198729750033,0.24150198729750033,0.33750662114833013,0.33750662114832997,0.6348514044379181,0.6348514044379179,0.11111134630323832,0.36482710594053996,0.41881179826115134,0.5738049007821465,0.5831407174177795,0.4894152068908424,0.26188909499385815,0.4416671784976156,0.22531246098191138,0.24536896806806618,0.44985872164900853,0.35871993469226354,0.22219607931203456,0.6619950195251969,0.3463236327083846,0.060606175013890526,0.2239253867772002,0.1295059262344957,0.027704350490237603,0.5410273775549792,0.5030816586864486,0.4203431205364543,0.42116671251291016,0.5410273775549791,0.5030816586864486,0.42034312053645423,0.42116671251291016,0.12121184665284918,0.25209475836071804,0.4629629464765519,0.4798365561421014,0.12121184665284923,0.462962946476552,0.32507697344499314,0.5666920138567803,0.231913600297273,0.3909155185231537,0.6337981763382903,0.6715906150004005,0.27519230725632815,0.031359082417793616,HOLD,0.0,0.5
0.28390909932771224,0.301097744999702,0.30888879621359133,0.3177681655935094,0.008085859826943254,0.0,0.0,PPM,2022-10-26 00:00:00+11:00,Financial Services,0.5417116109843805,0.5777717657334842,0.4741712481076343,0.43307627378739544,0.3125360500794401,0.637037058954419,0.31003994718021644,0.5589894302522207,0.2671263087849609,0.5564842517972888,0.3113556295523283,0.5832383926560288,0.2029381720565695,0.5706147897729164,0.3704836651758088,0.40474457953217013,0.12583746133727156,0.12583746133727153,0.25871029858851496,0.2587102985885149,0.34441254097146795,0.3444125409714679,0.6368849860272068,0.6368849860272063,0.42105191916366247,0.4388362291822204,0.44480691749331724,0.5731833512308108,0.5798878975775577,0.49544524590438477,0.26194057308836394,0.44003864482574406,0.37832476714383784,0.2431627071672524,0.44901275652284556,0.4491954143522577,0.21447398681126328,0.6651169615860424,0.412486504998706,0.06356235893157043,0.22279948513472203,0.0976349795272687,0.021365444478294564,0.5680593400893781,0.5313918901559671,0.4548583969056949,0.45270527254823745,0.5680593400893781,0.531391890155967,0.4548583969056949,0.45270527254823745,0.2727274516056907,0.18824322074480368,0.5555555745918148,0.49302179823743,0.2727274516056909,0.5555555745918149,0.3151517599680606,0.5666921077253356,0.28805959913881474,0.4142682720354675,0.38296034976993387,0.6875778263577952,0.2813070316372378,0.0,HOLD,0.0,0.5
0.29703604111623094,0.28799813186626755,0.30001003190012776,0.27410860991929176,0.0907549770477716,0.0,0.0,PPM,2022-10-27 00:00:00+11:00,Financial Services,0.3655689347839543,0.40044772705186976,0.28702092727987777,0.2546747224249815,0.30050608444357385,0.5448192682780526,0.2991242518003141,0.49293658272481555,0.26685894848816516,0.49590870969169254,0.30496923849149393,0.5371210691665106,0.19683475059261335,0.525016006569458,0.36720246572589144,0.36849923037304133,0.20300836112300816,0.20300836112300819,0.23343916379173385,0.2334391637917339,0.3033211782351681,0.303321178235168,0.6464835884860156,0.6464835884860156,0.222221869433658,0.3098772622831759,0.40995896923816144,0.5610655717902553,0.5743897479483386,0.4738696199648309,0.25785088993622396,0.4261193148835982,0.18666774966921262,0.24358475655648948,0.4482257223553924,0.2807386975069045,0.20608450608002582,0.6657521248039873,0.28344308219168407,0.09788794565353498,0.24673056077548616,0.7128961145028805,0.2247003832261452,0.5202629275290966,0.44002654760067755,0.4809878611712126,0.4127765062732886,0.5202629275290964,0.44002654760067755,0.4809878611712126,0.41277650627328866,0.028571429081539753,0.13692843472759114,0.37037137672604376,0.4612023389069565,0.028571429081539867,0.3703713767260439,0.33500221752320897,0.5829307179940325,0.2339343609156725,0.3579290769496668,0.24268644455845087,0.6026293969786274,0.42806041677906903,0.021276556936350888,HOLD,0.0,0.5
0.2620316086255432,0.27926474275968627,0.30444941220653,0.2828404212448956,0.006966772683983255,0.0,0.0,PPM,2022-10-28 00:00:00+11:00,Financial Services,0.5064969483273308,0.5430523509907544,0.4309825362719543,0.3921324930642317,0.2912522484506854,0.5944592307382406,0.28721622176573347,0.5295516551479629,0.26819576525249467,0.5066137578853027,0.30129011053316646,0.54961200416189,0.1922822148783041,0.5376391569817074,0.36363429238499423,0.3779135127280374,0.2196825713849925,0.21968257138499248,0.2223419707283365,0.2223419707283365,0.2988296604514857,0.2988296604514855,0.6239249541607743,0.6239249541607742,0.24999923457437745,0.3553301020907096,0.5087215996363231,0.5544827147470677,0.568418064225237,0.46931937771119653,0.2330504216420921,0.42838333601963585,0.2499284471838953,0.24108452932222235,0.45251331827281593,0.3017262000049877,0.20420733630535648,0.6613115248112915,0.31849978962534,0.08545548703098582,0.24316962510697454,0.06651500373521704,0.01719847877710938,0.5403416189699068,0.43228755444763145,0.5091897763840986,0.470876417391024,0.5403416189699066,0.43228755444763134,0.5091897763840985,0.470876417391024,0.08571341970531508,0.12504179634841409,0.40740779295329604,0.44262323202964404,0.08571341970531521,0.4074077929532962,0.31018905267389413,0.5139159894692361,0.2886735096203972,0.37529101150481514,0.27408452872219413,0.6482940857563086,0.4251392781125628,0.014084583569578868,HOLD,0.0,0.5
0.2839094143412051,0.2792649284272867,0.30444959704060337,0.2872065764307967,0.02094842927708374,0.0,0.0,PPM,2022-10-31 00:00:00+11:00,Financial Services,0.494323611745077,0.530967331921703,0.3733980306419146,0.33639846574231796,0.28755075107458583,0.6170287998439496,0.2822545484923402,0.5464097075380192,0.2708694293418552,0.5097529263174956,0.2980418980384325,0.5568036227884127,0.18958690630832553,0.5442245710534708,0.36015648109352005,0.3835043069137444,0.21281881274535183,0.21281881274535186,0.14843135849997235,0.14843135849997235,0.2923718344234723,0.29237183442347225,0.623872195645037,0.6238721956450369,0.30769273041207484,0.39353469610310804,0.5405041796472861,0.5511111132334883,0.5628349755824266,0.47305343145038425,0.22989446981196449,0.42316907347683586,0.3204832557150536,0.23417094934182492,0.4628173337456535,0.2854303800105117,0.20254617057259305,0.6573973009529472,0.33878615383578176,0.09003184599150144,0.24273424974912733,0.1807335813233495,0.052273565352487734,0.5806281909461134,0.49363451818936976,0.5334327638772756,0.4808756742027952,0.5806281909461133,0.49363451818936976,0.5334327638772755,0.48087567420279526,0.11428604792543341,0.07198773644260598,0.42592705943167697,0.39927204164009134,0.11428604792543351,0.4259270594316771,0.2555997986070611,0.4367818836440621,0.32624564579650484,0.3843069664540293,0.33558970210079897,0.6770062719013052,0.4222765622193868,0.02105259252790237,HOLD,0.0,0.5
0.28390938693168755,0.32729780246858853,0.3177681124402676,0.3395983177152666,0.015667721160035144,0.0,0.0,PPM,2022-11-01 00:00:00+11:00,Financial Services,0.6258612283808113,0.6593306521168409,0.5461519003730337,0.5021316157611337,0.29680463995469686,0.7421721826563146,0.2822545484923402,0.6488395193994665,0.2724736216833312,0.5807853579468343,0.2981191843240949,0.6174234322372186,0.1892426234958049,0.603873475656139,0.35717839487044234,0.4308120412800788,0.31545936970544336,0.31545936970544336,0.2516874279002548,0.2516874279002548,0.2502081234336781,0.25020812343367804,0.6299417990776526,0.6299417990776525,0.5405410415052838,0.5052776296894056,0.6318915873956428,0.5634974464889717,0.5613285771239569,0.5122268049654056,0.22989446981196449,0.42316907347683586,0.7038340211095238,0.23526765538189576,0.4642602724027357,0.5254409899803093,0.20259442102038117,0.6574762456893397,0.5015543315609895,0.09391767361288085,0.2385644206755811,0.13162630663730657,0.039529824015090094,0.6778533915012889,0.5408715705169488,0.5127356952084385,0.562460588467458,0.677853391501289,0.5408715705169488,0.5127356952084385,0.5624605884674581,0.4571437068468927,0.21549504432039468,0.5365862804111048,0.4548586841803591,0.45714370684689287,0.5365862804111048,0.29033854317352165,0.35761791249160624,0.45678987729520065,0.4895963960884678,0.3572519016081528,0.7102796115363557,0.41947110064407445,-0.01683522578686103,HOLD,0.0,0.5
0.327664564579198,0.4102636426810732,0.3710422138518734,0.40072174556379125,0.020065053726707194,0.0,0.0,PPM,2022-11-02 00:00:00+11:00,Financial Services,0.643017898788245,0.6757218494293351,0.603736038965039,0.5508652828777967,0.3143869177637406,0.8666017986088499,0.2887047166585326,0.7565056682610967,0.27541463078913675,0.6621974072653463,0.3011061675770734,0.6860554143589063,0.1932638673241338,0.6705523810246572,0.3547638289871964,0.48557468175305585,0.38557267332962525,0.38557267332962525,0.3379620769398024,0.33796207693980246,0.2832728975554361,0.28327289755543605,0.6464269399532316,0.6464269399532316,0.7391305968387599,0.532597687667058,0.622234253656204,0.590489169032008,0.566573910866869,0.5771049574465692,0.26142549467580656,0.40641698596300313,0.9070536771562803,0.2452888701361835,0.4596669554070568,0.7666411637181898,0.2058977360635097,0.65818820260398,0.6832918363511836,0.10294215179733843,0.14712542032453657,0.15441425882059023,0.0695392118484662,0.7382147131342272,0.6016614668783822,0.5338307426283144,0.6378526128750919,0.738214713134227,0.6016614668783823,0.5338307426283144,0.6378526128750919,0.810810246337991,0.45829351482192093,0.810810246337991,0.589767091784108,0.8108102463379913,0.8108102463379913,0.34492781349207374,0.36573709044367886,0.6603703344949095,0.7124656285127993,0.3389831062195561,0.708784066400977,0.28200348345376136,-0.08360114406391883,SELL,0.0,1.0
0.39329737209736937,0.38843045552291244,0.3799211896605361,0.3876237790522863,0.021007064832715767,0.0,0.0,PPM,2022-11-03 00:00:00+11:00,Financial Services,0.44943364276341835,0.4860283198632097,0.3446057868497306,0.313202953600687,0.3384468225918613,0.7630141777653359,0.29515488482472496,0.7193957493343854,0.2783556246145915,0.6405658758004578,0.30351019993935635,0.669198616819635,0.1979723140509151,0.652637535576124,0.35231202731794786,0.4754915895264137,0.2828804615452665,0.2828804615452665,0.33748838160532524,0.33748838160532524,0.28305091750576955,0.2830509175057695,0.6476647999234941,0.6476647999234939,0.7234046434030384,0.48267767729696087,0.5531473828951265,0.6082107342120412,0.5750052582421887,0.6077197200119606,0.280854355473352,0.40004729631985514,0.7669428298799532,0.25232329314394364,0.45777260055179647,0.6877296755757765,0.20813660676051837,0.6594437633468948,0.6377315866562289,0.05039783892761879,0.08449049289146436,0.28963542881493043,0.09698153204282742,0.7923947273048282,0.6022796710506922,0.5343173313079611,0.6225496839010672,0.7923947273048279,0.6022796710506924,0.5343173313079613,0.6225496839010672,0.7297288765758386,0.6643743746312134,0.7297288765758386,0.6913664227603116,0.7297288765758388,0.7297288765758388,0.34989047285479996,0.3657372719160772,0.6393440727258669,0.6653096870563875,0.2312698313830535,0.521129568705865,0.2850915453368329,-0.025973982596923184,HOLD,0.0,0.5
0.3932975137346908,0.3840638661054795,0.3666027855617684,0.37016003163952904,0.010186883710658423,0.0,0.0,PPM,2022-11-04 00:00:00+11:00,Financial Services,0.43804524265971473,0.47453245328049914,0.2870212761682071,0.26238530466956006,0.35695449457763817,0.6655179511334435,0.3001165722765555,0.6768050962064713,0.27862299255156264,0.6160812426539046,0.3019192760939453,0.6501414296798139,0.2029016025111372,0.6297287611793656,0.34967416248799843,0.46166067914278164,0.3287381572454963,0.3287381572454963,0.34661257322000383,0.34661257322000383,0.2788764056236877,0.27887640562368754,0.5873313530031326,0.5873313530031324,0.6304354848528899,0.556735065199839,0.5464120488809803,0.6172671256839479,0.5839146227308805,0.6123130401030039,0.2910931312293408,0.39918525534491067,0.6644491210747452,0.2529891424665194,0.4575765772168,0.6173624833196741,0.2047806214812573,0.6616606995351109,0.5897538410290911,0.052823696790419886,0.08474811053415655,0.14008031537647314,0.04769440473983882,0.7489071432134505,0.5882694305484406,0.48997096145701347,0.522457332825518,0.7489071432134504,0.5882694305484407,0.4899709614570134,0.522457332825518,0.6216216707616498,0.7194497750507199,0.6216216707616498,0.7198044974569353,0.62162167076165,0.62162167076165,0.35485313441907457,0.38197602802341324,0.5911458336936374,0.6190888646939781,0.23883223166012227,0.28492488341766337,0.2881178459822432,-0.02960525728292185,HOLD,0.0,0.5
0.3757954164706221,0.36659735766068324,0.37104229950163514,0.37016003163952904,0.015006860025903216,0.0,0.0,PPM,2022-11-07 00:00:00+11:00,Financial Services,0.4823191664152124,0.5190077938955185,0.34460578087527627,0.3125429847470971,0.37453674594307085,0.6201684664265863,0.30755910345430126,0.6637900066179745,0.2799598169560673,0.6145305542815331,0.3017479180452849,0.6502617718258196,0.20868086081463133,0.6260289907484282,0.3472116845181805,0.46302844372991514,0.3334437297806867,0.3334437297806867,0.32939003372112013,0.32939003372112013,0.2736884968524746,0.27368849685247454,0.5775077478079518,0.5775077478079517,0.8055559524433205,0.5421062546014566,0.5092087283418288,0.6242326271434493,0.5927067222881849,0.611186228216466,0.30068718012491336,0.4028372047300266,0.6345360000237934,0.25567469630894846,0.4571781040717776,0.6103066918081201,0.20451657795229616,0.661741059542605,0.5902239556085325,0.04834763917440793,0.0858698495935392,0.21623465729113495,0.06917927123534655,0.7414061384686407,0.613198410221428,0.5076141745205115,0.5562711724710054,0.7414061384686403,0.613198410221428,0.5076141745205117,0.5562711724710054,0.6216216707616498,0.6561000331967705,0.6216216707616498,0.6565348538202214,0.62162167076165,0.62162167076165,0.38462895924515933,0.39821478870524074,0.5668440173329715,0.6020220457609188,0.228089588202783,0.24640615623854062,0.29108362061474524,-0.06578954418388494,SELL,0.0,1.0
0.35829327443661607,0.34913080453698486,0.371042255122924,0.3483301290408707,0.01745401744599891,0.0,0.0,PPM,2022-11-08 00:00:00+11:00,Financial Services,0.42624801789008193,0.46258280302626115,0.3302096571212,0.29882690975259874,0.3763874814093149,0.5564563853659248,0.3135131397392479,0.6117001249134784,0.28102927342360107,0.5831248505784787,0.3026870226564249,0.6243757748480382,0.21506456495692117,0.5974698017592845,0.3444727840729467,0.4453660484357519,0.29664312016802724,0.2966431201680272,0.3417423657941226,0.3417423657941226,0.27630916875669503,0.27630916875669487,0.5622078125882903,0.5622078125882901,0.6923080304838777,0.49066051967061,0.5025740109193803,0.6234789398426384,0.5995602865622405,0.5925586251147026,0.30275133517563035,0.41057250879682683,0.5316451931499273,0.25674187159074857,0.4578363980473651,0.5233140259894085,0.2049271923499283,0.6629859767596471,0.5203921550265962,0.04969333839244758,0.08871405012089222,0.24481143243568976,0.07905047059664301,0.6217169221936795,0.5991363742078228,0.5034562604729178,0.5846578282657847,0.6217169221936792,0.599136374207823,0.5034562604729179,0.5846578282657847,0.48648631193179864,0.5746503281543293,0.48648631193179864,0.5751881322466526,0.4864863119317988,0.4864863119317988,0.39951706333196985,0.3819760845421497,0.5262378091488424,0.5563139006979005,0.2001480518174848,0.2411364850711053,0.293990079754597,0.0033444279063330473,HOLD,0.0,0.5
0.3364156827692333,0.34039758001769915,0.3355261734123518,0.3134023846922569,0.013673277004220923,0.0,0.0,PPM,2022-11-09 00:00:00+11:00,Financial Services,0.39110535639365923,0.4267353130495188,0.2870212774760994,0.2579663829038598,0.3578798623107604,0.50765463554252,0.31301699367956437,0.5456841150389538,0.28022718489303844,0.5357468404117711,0.3021662402003069,0.5843630620592398,0.22057635158389877,0.5549369317995931,0.34194637683099494,0.4160161678926525,0.08421915540664643,0.08421915540664644,0.36455749231256857,0.36455749231256857,0.29523613646739216,0.2952361364673921,0.5696970481145482,0.5696970481145481,0.5652173913043478,0.4529633313631537,0.4772873385652753,0.6130850826680494,0.6025592252934279,0.555519095662274,0.30278479310644846,0.4097516652359354,0.39438075107127,0.2567043518907359,0.456653330747517,0.39316103134328306,0.20489896131277563,0.6619712442859413,0.41241419148963854,0.04487811876459451,0.09260899454038686,0.20915888141523492,0.06097653316881508,0.4798408135106268,0.536099538009965,0.47221952372724324,0.5471882958701114,0.4798408135106267,0.536099538009965,0.47221952372724324,0.5471882958701114,0.2702703556610037,0.4570004381233634,0.2702703556610037,0.4576869965148154,0.2702703556610039,0.2702703556610039,0.4367370714593946,0.36573722929488894,0.4509462457990821,0.4722111593226407,0.22662400270590524,0.2387355001431497,0.29683840971165176,-0.01374587589353593,HOLD,0.0,0.5
0.34516654042145767,0.33603076246379515,0.3222073418771221,0.309036229506356,0.09865190008434499,0.0,0.0,PPM,2022-11-10 00:00:00+11:00,Financial Services,0.47060348905513333,0.507295268764653,0.24383292238731605,0.21916498352265504,0.34122297867845,0.5376444324886354,0.31698631811984157,0.5308047920242356,0.2764840719763195,0.533857016947044,0.30036279272117694,0.5805251519606826,0.22600812146635096,0.5467814790961989,0.3397388402041712,0.41335209849374366,0.09602419573749674,0.09602419573749672,0.3159401294380258,0.31594012943802574,0.2623470744503665,0.2623470744503664,0.5624886640679325,0.5624886640679323,0.39999902025460315,0.45296313087779805,0.47728716473472677,0.6036590662925783,0.6027057571323202,0.5281099977038621,0.29753763800834365,0.42059054858871847,0.35027640170843394,0.2526563559279724,0.4546320118568531,0.3871022575005827,0.2040061500614363,0.659750069115258,0.40238467986080567,0.10337154726464894,0.12472740862089461,0.7389941806448599,0.3725505893966207,0.4915576046759616,0.580403145597933,0.42509658677440937,0.5155846102362064,0.4915576046759614,0.580403145597933,0.42509658677440937,0.5155846102362064,0.24324220264534147,0.33030017858083927,0.24324220264534147,0.3311469343877135,0.24324220264534158,0.24324220264534158,0.4069611076942598,0.398214837355817,0.4327255367968715,0.4531225296319067,0.17178860615083993,0.1459043387682556,0.2996297730695655,-0.006896441633980177,HOLD,0.0,0.5
0.34079124427175156,0.34476424461138866,0.357723779884739,0.34396422337806865,0.009284965292261492,0.0,0.0,PPM,2022-11-11 00:00:00+11:00,Financial Services,0.5763644304439263,0.6115948308411283,0.3733980327390338,0.3375954260568977,0.33567069294888374,0.6490635156855284,0.3239326890594667,0.5858423775723713,0.27381043844766073,0.585319459666283,0.3015807731682383,0.620091878723758,0.23192545987072233,0.5821486626802881,0.337435732820492,0.4453876817575172,0.22360654462208465,0.22360654462208468,0.3376425826520901,0.3376425826520901,0.2796288397392374,0.27962883973923736,0.5517508224675376,0.5517508224675375,0.2758630883170221,0.5468609110967262,0.46391460099326076,0.6059018045608174,0.6033589497566186,0.5329785580542071,0.2927185583051415,0.4358153002471852,0.4744480228641962,0.24589000709068376,0.4566897774341193,0.5325512715873426,0.20426848886623006,0.6618040572374075,0.5087911592259488,0.10269209060345037,0.1136712795795853,0.07401798414173238,0.037658100103489314,0.5688533242662,0.6095651755955582,0.4429544528543569,0.5921455909760764,0.5688533242661998,0.6095651755955581,0.4429544528543569,0.5921455909760766,0.4594597035585536,0.32125032629236433,0.4594597035585536,0.32210852456156497,0.4594597035585537,0.4594597035585537,0.38711060918273926,0.4103940301359409,0.5022951043259191,0.5385468538980511,0.20512824427724577,0.10808246114410941,0.302365309160321,-0.02684578045679198,HOLD,0.0,0.5
0.35829323951631453,0.3753305307852507,0.38436076152945997,0.39198980947663786,0.016740701712241752,0.0,0.0,PPM,2022-11-14 00:00:00+11:00,Financial Services,0.6081588540504961,0.6423349149415458,0.47417091215380425,0.4292142953110284,0.34029758450171665,0.7701011265701583,0.33584070491561047,0.6566633746312756,0.2775535360840289,0.6475568575417991,0.30413180447430843,0.673799199756644,0.23679119176883479,0.6325596542869782,0.33542506418622065,0.48889070842773064,0.3156788315634509,0.31567883156345083,0.37136204584416427,0.37136204584416427,0.26589011735197315,0.2658901173519731,0.564969516755587,0.5649695167555869,0.5135136805017613,0.6227599259787218,0.5086110017737143,0.620862064085074,0.607456690413342,0.5660776066851095,0.29465037196976995,0.45317018328995173,0.6864847364606099,0.2544318173029767,0.4546502815822563,0.6990995215011941,0.20679460549480932,0.6628919190280362,0.6526479069651637,0.10399827335703063,0.11289264528609823,0.1284226040505635,0.06738772988226081,0.6411151576588284,0.6582183457626253,0.5480153056792528,0.6263439344596763,0.6411151576588282,0.6582183457626254,0.5480153056792529,0.6263439344596763,0.7567562572702923,0.4841499949887883,0.7567562572702923,0.48480222599326084,0.7567562572702925,0.7567562572702925,0.4218489955561056,0.40633415298890596,0.5823715894168152,0.6561816658370712,0.25314627901732034,0.0732736160869163,0.30504613452926155,-0.061488706658889836,SELL,0.0,1.0
0.41955070221908564,0.4102636712743667,0.3888002959742889,0.36579400121517747,0.008480605747052894,0.0,0.0,PPM,2022-11-15 00:00:00+11:00,Financial Services,0.41612273253905074,0.4522931188201906,0.1862480592807295,0.17704972100891572,0.34399910832142755,0.6875950556659425,0.3388176947012089,0.6023265552962458,0.2791577131451539,0.6094200523808055,0.30636867935783485,0.6419863611906705,0.2411768437778785,0.6007166995722435,0.33316453347353603,0.46703433292445007,0.32297398852296905,0.32297398852296905,0.3439350093099261,0.3439350093099261,0.27751751910038275,0.2775175191003827,0.5673017666004394,0.5673017666004394,0.4871793368791806,0.5518948907825786,0.5541198766577147,0.6252101780508911,0.6117739904872848,0.5681873777666866,0.2962310642180699,0.4565671356851757,0.5227428160667346,0.2571587000347024,0.4546201037361056,0.5928355176673956,0.20754490811553095,0.6662275510596614,0.5679308314626532,0.09723818926498745,0.11516163849754187,0.07133399293108642,0.0342333535246034,0.634985401678562,0.5690228086923278,0.5121879042592251,0.6190100993494222,0.6349854016785621,0.5690228086923279,0.5121879042592252,0.6190100993494221,0.5945941848378541,0.60180010839528,0.5945941848378541,0.602303584818192,0.5945941848378543,0.5945941848378543,0.4565876189464873,0.414453627807883,0.5775773398716157,0.6566479126674523,0.2551394181169645,0.10515832238716794,0.3076733433908231,-0.049504911277113095,HOLD,0.0,0.5
0.3539176637608574,0.3796971046761145,0.3976792500934574,0.3788918429651329,0.007562817306476356,0.0,0.0,PPM,2022-11-16 00:00:00+11:00,Financial Services,0.516072631689362,0.552528491266374,0.4453786598410051,0.40326591449879023,0.3578798094235378,0.6870174940358273,0.33633685097529376,0.6311383209991821,0.28129661844004605,0.6250470821484175,0.30961437151062565,0.6548153009137959,0.245338914881577,0.6126529442415412,0.33082431610042873,0.4799384737460529,0.2529037012276728,0.2529037012276728,0.25481956760579805,0.25481956760579805,0.2793397756103592,0.27933977561035916,0.5655915617756815,0.5655915617756815,0.5238091350223028,0.6472493891484723,0.5600105835393918,0.6319973004282569,0.6168498096736633,0.5754760730479389,0.288678859134224,0.45908526026737295,0.6218927045228576,0.26146247663814504,0.4539762993451465,0.6301635054699825,0.20829555539985423,0.6716172039559367,0.6041839989885166,0.09263489870130523,0.11673100940944202,0.06690602454645106,0.03039958833802952,0.7112098969870877,0.5184680792923202,0.5209208866568307,0.64655372108137,0.7112098969870874,0.5184680792923202,0.5209208866568308,0.64655372108137,0.6666660173656443,0.6711830848789255,0.6756747679294205,0.6746115982907805,0.6666660173656446,0.6756747679294206,0.4416998188834375,0.4266325841834918,0.5585365988484673,0.633520035166693,0.336835916562638,0.10238787148562895,0.31282267385251405,-0.07189539737036621,SELL,0.0,1.0
0.34516674625850197,0.3578641034382851,0.3754818134415019,0.37016003163952904,0.026754351601844865,0.0,0.0,PPM,2022-11-17 00:00:00+11:00,Financial Services,0.4600376779361036,0.4966976104544764,0.4453786641126464,0.4035266804434022,0.37083519567974843,0.6296215706620134,0.3343521958443738,0.6180105019036428,0.2837028993120847,0.6102025521570618,0.31199824533793974,0.6430961777339929,0.25073182190522525,0.599649684365209,0.3285956857581702,0.47347352129049647,0.25942200981941166,0.2594220098194116,0.2527875067159715,0.25278750671597155,0.27746439797470274,0.2774643979747027,0.5648260519001613,0.5648260519001611,0.5641026768279592,0.6198211624055471,0.5405040092252201,0.6346164011729831,0.6215363748714247,0.5717356877846966,0.28364610479618335,0.46023416623734525,0.5827085446965437,0.26484759275867664,0.45456831009262155,0.5897262560108246,0.20900260637507695,0.6753225475218809,0.5727506475899123,0.038471165880427455,0.10822369166544489,0.4462541109008353,0.10947274213317679,0.7046789685917605,0.5227743853400524,0.5257358467418688,0.6228552790715028,0.7046789685917606,0.5227743853400524,0.5257358467418689,0.6228552790715028,0.6111109297359397,0.6224137875076259,0.6216215607490908,0.6294189957998239,0.6111109297359398,0.621621560749091,0.4516250220402885,0.44287140483187504,0.4942639261011855,0.5785804277576979,0.2857792160053422,0.07530107231892957,0.3177660310957372,-0.06578954418388494,SELL,0.0,1.0
0.32766451416659237,0.3775138368232246,0.3710421627020115,0.3876237790522863,0.021061691119586633,0.0,0.0,PPM,2022-11-18 00:00:00+11:00,Financial Services,0.52717563659691,0.5634831345105382,0.5605476570970347,0.5108271370893718,0.3800889787854145,0.6531612157913429,0.33633685097529376,0.6475921192538101,0.28744599694845285,0.6299309588642612,0.3138344446606105,0.6618983871964644,0.2571402128914584,0.614960520586054,0.3266700391998989,0.4900462161630702,0.23406685650462075,0.23406685650462078,0.2525266571400173,0.25252665714001726,0.27986885301984404,0.279868853019844,0.5594186285661018,0.5594186285661017,0.7428568396026153,0.6345510003761842,0.5839875649450716,0.6411419991833016,0.6268451073479335,0.577714162993045,0.288678859134224,0.45908526026737295,0.6769332936615453,0.27072666876833806,0.4549349681162419,0.6354934856425225,0.21084928718790863,0.6760593721314898,0.6239733375402339,0.04734311554601622,0.10711251323354544,0.3043467544504379,0.08685045445106428,0.6752840592076126,0.5592068744250266,0.5482274942692772,0.6072735645806047,0.6752840592076124,0.5592068744250266,0.5482274942692771,0.6072735645806046,0.6969685639750373,0.6566938198565239,0.7297287474308221,0.674611553501651,0.6969685639750375,0.7297287474308223,0.4888449023365788,0.47534901528431706,0.5235437408699493,0.5999977772926598,0.28956920737838643,0.14957693053079762,0.32251165404923154,-0.04220767533059866,HOLD,0.0,0.5
0.4107996324835781,0.4015303959914073,0.39323978887724853,0.39198980947663786,0.027579425702319478,0.0,0.0,PPM,2022-11-21 00:00:00+11:00,Financial Services,0.4933878845747929,0.5300366144260136,0.30141706515160027,0.276215130858057,0.3800889787854145,0.6649313415021734,0.3388176805227716,0.6516061685801808,0.2927932869262968,0.6297207038959212,0.3152498140880269,0.665919495933826,0.26262410592274366,0.6163642514034477,0.3244839837054969,0.49517825733221155,0.1292490130299715,0.1292490130299715,0.25251560213534885,0.2525156021353488,0.26902981557189803,0.26902981557189787,0.5579538896657972,0.5579538896657972,0.7714292945745738,0.574367513472865,0.5965129198281699,0.647052950269495,0.6325046859937171,0.581085483209653,0.29478654597635257,0.4578063594369677,0.6789269076717394,0.27617181607189867,0.45812770800470803,0.6337309724328112,0.21266253864626017,0.6759934828376146,0.6337696060485613,0.055508425250013996,0.11297543443877665,0.35043782876110685,0.11036203866779384,0.60826892095022,0.563790798643028,0.57660107095763,0.5960881133089748,0.6082689209502199,0.563790798643028,0.5766010709576299,0.5960881133089749,0.7187498052783658,0.6741340617368555,0.7567561233420587,0.7017272947503571,0.7187498052783661,0.7567561233420589,0.4888448934483118,0.44693118872892923,0.5910513929219444,0.6315918748530812,0.31963643276900855,0.22424370922024195,0.3270674520845861,-0.04207107919409392,HOLD,0.0,0.5
0.3889219894186735,0.3971638515476791,0.3932398692009689,0.37016003163952904,0.012757326145159918,0.0,0.0,PPM,2022-11-22 00:00:00+11:00,Financial Services,0.4271556291537393,0.4635036327500039,0.3014174023449746,0.27480376576466314,0.381014372962148,0.6037446099881878,0.3412985242486868,0.6064088562805205,0.29733849601375395,0.594607308069169,0.315362376759742,0.6407590121313776,0.26739885524289964,0.5894502756626809,0.3222553533632384,0.47707384571522915,0.11420474030075212,0.11420474030075213,0.25205066773937107,0.252050667739371,0.2764716261044378,0.27647162610443776,0.5594516827482514,0.5594516827482514,0.5937502511562116,0.4213005946646777,0.5965131238751776,0.6452130219267604,0.6365926448352478,0.5659836121250936,0.29676557270024095,0.4600694421512834,0.5366692186953754,0.27697862694980446,0.46429487549104775,0.5496887796146359,0.21279685977537022,0.6760043157953277,0.5651577208155737,0.05873027558958502,0.1140126113934216,0.15945178746918107,0.05130914460690897,0.6148599622536062,0.5641741969233957,0.5634948668214202,0.5632925771517847,0.6148599622536061,0.5641741969233958,0.5634948668214204,0.5632925771517848,0.5625007659804869,0.6578569619383872,0.6216215607490908,0.7017272947503571,0.562500765980487,0.621621560749091,0.44914362119713275,0.4306924365176389,0.5518678399004612,0.6010908578479321,0.2551606144394952,0.22541813314412185,0.33144101819852645,-0.009868544427061865,HOLD,0.0,0.5
0.3495421529334646,0.3578639844814523,0.3932397498394786,0.3614279707908261,0.0013696664405327718,0.0,0.0,PPM,2022-11-23 00:00:00+11:00,Financial Services,0.4598904506403564,0.4965497059527065,0.4021902855823447,0.3640206025318134,0.3773128491424371,0.5895247910685852,0.3467563577602004,0.5810282986979616,0.3000121448227635,0.5796563990464605,0.3150389790834094,0.6309492817571017,0.27131814380047903,0.5775043989401294,0.3200798447265538,0.4705486724880038,0.10231629005261061,0.1023162900526106,0.21190668148414815,0.21190668148414815,0.27273238269958594,0.2727323826995858,0.5598852868443072,0.559885286844307,0.3478254927491577,0.42919183763382107,0.5965131238751776,0.640922362235819,0.6388376347200576,0.5482743165805044,0.29080781327629346,0.4738944836921526,0.44895880315144165,0.2778368510330489,0.4675759525939872,0.5118976086292426,0.21243125855815959,0.6759401676562089,0.5385041383863395,0.05406468996250341,0.11091349119390133,0.026026383717427274,0.006461666267715469,0.5821635992709453,0.5935464955772363,0.5306496204255293,0.5524953535543974,0.5821635992709451,0.5935464955772362,0.5306496204255292,0.5524953535543974,0.5000000786678966,0.5919021194773224,0.5675668089266174,0.6474960705374571,0.5000000786678969,0.5675668089266176,0.39951690954302327,0.426632650776661,0.47498892287784666,0.5541738727728848,0.2756290599919078,0.23335878543414723,0.3356396416679094,-0.013244915931587053,HOLD,0.0,0.5
0.3626689342979632,0.3578641943261135,0.35106452217727635,0.3395983177152666,0.022510874723882496,0.0,0.0,PPM,2022-11-24 00:00:00+11:00,Financial Services,0.4258773262640404,0.46220664095184244,0.28702126833439073,0.2600526934640861,0.37083519567974843,0.5466900021202066,0.3502295644976692,0.5345916336183023,0.30402261803627817,0.5454295881709819,0.31459799485375584,0.6061636212932696,0.27499190835358167,0.5514141862313005,0.31800791680686036,0.45229163608253053,0.12384692017706064,0.12384692017706066,0.23014314067856922,0.23014314067856922,0.24552933803697768,0.24552933803697766,0.5607888675572994,0.5607888675572993,0.363636481719134,0.4213005946646777,0.5338874232152271,0.6311596174482723,0.6383005364919995,0.521540919665599,0.2794748583304756,0.48916225539131464,0.18764853208968757,0.27216765943463295,0.478783766895165,0.41497102699381383,0.21218444743369047,0.675443379546252,0.4709048452185879,0.05086788349690506,0.07942293339697461,0.30753230095216777,0.10666432334025763,0.562284152013605,0.5745079567131551,0.5555526183412212,0.5494327574863834,0.5622841520136048,0.5745079567131551,0.5555526183412212,0.5494327574863834,0.34375193236455,0.46633418614677935,0.43243301865472156,0.5390338803961697,0.34375193236455026,0.4324330186547217,0.38711032356565495,0.4408415271389462,0.3771278916958235,0.4891692668116281,0.26302769583053565,0.1972960661396726,0.43640660493309646,0.010100846827010956,HOLD,0.0,0.5
0.34079125191600523,0.3403976251054778,0.3510644635006235,0.33523228729091525,0.022193975438885464,0.0,0.0,PPM,2022-11-25 00:00:00+11:00,Financial Services,0.47084049809781847,0.507532614067544,0.34460577956037886,0.31117024958198075,0.35973065066422705,0.562748168032392,0.34923722984299044,0.5280287615842918,0.30723100271923,0.5359763129356383,0.31342202010573406,0.6019408147123896,0.2779674973154398,0.5448900763861235,0.3160502440815893,0.4494961545273012,0.06808365744783335,0.06808365744783335,0.19290300529074134,0.19290300529074134,0.24593520673701164,0.24593520673701155,0.5590415882368405,0.5590415882368402,0.25,0.4136636895745562,0.5983023725896759,0.6220221190407912,0.6356871884738275,0.5015900024114448,0.281775965103674,0.4856037969623823,0.178867912739128,0.2665679726910104,0.48871180219802135,0.3747114654220794,0.21128838304050634,0.6745054201239722,0.4593457713085186,0.05172088539533139,0.0864493736622884,0.29951636833456197,0.10133592323183181,0.5304616855755137,0.5315192684901657,0.5411748199063716,0.5313781842429208,0.5304616855755137,0.5315192684901657,0.5411748199063716,0.5313781842429208,0.3125015887082549,0.3826220312471036,0.3888896528621084,0.46120219933379974,0.3125015887082552,0.38888965286210864,0.37966639398534235,0.4347521917408347,0.360686393163291,0.45403040453111043,0.2563592062334532,0.2583351422159227,0.43427834668158505,0.020270136549199513,HOLD,0.0,0.5
0.3232889161522621,0.32729750344861397,0.33108646818535825,0.3177681655935094,0.07496965067074231,0.0,0.0,PPM,2022-11-28 00:00:00+11:00,Financial Services,0.4362493740744343,0.4727160872243988,0.34460579014664666,0.3104560563135125,0.34399913476503907,0.5547384150870323,0.3408023640105662,0.5088048203807769,0.309102540077151,0.5102237520516111,0.3084241190255006,0.5852013786875742,0.279695786745251,0.5248076074204249,0.31396496987461475,0.4350834934851112,0.034871820216499934,0.03487182021649994,0.08992481537091125,0.08992481537091125,0.25253133435479563,0.2525313343547956,0.5016606215773856,0.5016606215773854,0.2272717826154725,0.42130015105303364,0.5561817383898738,0.6098775870248682,0.630694223000871,0.4787239912200101,0.2824295800996648,0.47157606976206456,0.1547534334081177,0.26172774071090243,0.4959252273347764,0.26658603728305197,0.2013066599417792,0.6805575044659535,0.407171283673471,0.08742212330521246,0.11137692544520754,0.6493090986690089,0.3005452698147231,0.4983981914041339,0.4642067051570296,0.517918206995007,0.4450898020496858,0.4983981914041338,0.4642067051570296,0.5179182069950072,0.44508980204968573,0.18750021408307432,0.27798153860353847,0.27777636675613365,0.3642886412629863,0.1875002140830746,0.27777636675613393,0.39951697509841516,0.4550505384442399,0.3133931938903729,0.3829501108370621,0.21077205338587426,0.17558314605409892,0.43010695830242696,0.0547945272508612,BUY,0.0,0.0
0.34079101678928403,0.3316641360350491,0.33996550070755704,0.309036229506356,0.0018841892648821968,0.0,0.0,PPM,2022-11-29 00:00:00+11:00,Financial Services,0.45896905336386656,0.49562392443497816,0.25822904631413623,0.23189472015723236,0.33104374850882823,0.5637826051165526,0.33435216748749896,0.5026803297112228,0.3072309721585287,0.500364480358521,0.30651315375911015,0.5764107995354196,0.28118678111856665,0.5144179694882485,0.3118158958383579,0.4284733058431843,0.0284702416543813,0.028470241654381293,0.07121476247010107,0.07121476247010107,0.20209663698420488,0.20209663698420485,0.4455582026694483,0.44555820266944823,0.05000057151674824,0.47295257033836935,0.5357468396698656,0.5979162372169182,0.6238413402490041,0.4608518373453654,0.2872957685480453,0.4571030891114425,0.19481537609379002,0.2641681629924577,0.49088032053317854,0.24652292789078717,0.20050586372407664,0.6779677335954635,0.3819708797679064,0.0792308887869515,0.10501665264492842,0.02355479478713989,0.00881867236053957,0.5162988199085393,0.4810845403015295,0.4546510398050185,0.5130218379320334,0.5162988199085393,0.48108454030152936,0.4546510398050184,0.5130218379320333,0.12500041976501633,0.20473265551889608,0.15151384795638698,0.27034187007630445,0.12500041976501652,0.15151384795638723,0.38462898844218124,0.47128919254129154,0.3215949164167642,0.3704790597866783,0.22699614409732907,0.14066026616383392,0.42297342385982317,0.0482759782752431,HOLD,0.0,0.5
0.31453792865735086,0.3229309374581494,0.3444050678438837,0.32213419601786075,0.021777846752049614,0.0,0.0,PPM,2022-11-30 00:00:00+11:00,Financial Services,0.5175860564443975,0.5540237710014736,0.3877941610550034,0.35053836989884873,0.3227153066926729,0.6222610279134346,0.3279019851428693,0.537870747339823,0.3024184104144514,0.5233813457410663,0.3032792148009098,0.593703247963962,0.28376778299323524,0.5272182557514054,0.310113292987364,0.4411133121468639,0.0940251831388215,0.09402518313882148,0.07243632991673123,0.07243632991673123,0.124834648307104,0.12483464830710392,0.42701165189282303,0.427011651892823,0.136363931568645,0.5108282455336965,0.4734389449467922,0.5922363660472715,0.6170016646101754,0.4609787459768047,0.2825813654364875,0.4508492820586021,0.31590044441251375,0.2585982965577027,0.488611600147144,0.3232304820652406,0.1956739743332654,0.6792383817893073,0.43042484422512733,0.09460531043391973,0.10580700383898083,0.1798871570393704,0.09032588757966653,0.5487538808512513,0.4816708140115549,0.40955260139746097,0.4832143841109561,0.5487538808512513,0.4816708140115549,0.409552601397461,0.4832143841109561,0.1666667816203524,0.1558999109718491,0.21875055773936947,0.21344287454078967,0.16666678162035264,0.2187505577393698,0.34989031809879106,0.44693099814239867,0.3275811526493789,0.3811747792597757,0.3828306650386487,0.1525775658146581,0.41626790148377546,0.05119450063715414,BUY,0.0,0.0
0.33641558774637303,0.33166423074768214,0.3488446209253331,0.3526960347036725,0.009162515542180932,0.0,0.0,PPM,2022-12-01 00:00:00+11:00,Financial Services,0.5637657985639819,0.5993367356790087,0.41658641055000983,0.37727737998530764,0.3254914098920392,0.7006253492536083,0.3259173016550745,0.5991054584353386,0.3002794974793839,0.5674343196686618,0.30239723373989325,0.6296217366086779,0.2837408074088277,0.5605491585861178,0.30886783671063167,0.46913301632231896,0.15162574917534377,0.15162574917534377,0.1297036337772665,0.1297036337772665,0.1473361015837814,0.14733610158378138,0.4247430111988241,0.42474301119882396,0.41666636900190634,0.5017794990586443,0.41585551852290825,0.596343913940101,0.6125115414290816,0.48355585923734334,0.27908402051100123,0.4506809211956291,0.5145229316838803,0.25455042565128916,0.48902414625077884,0.48023400914129166,0.19442925581854698,0.6794661111264817,0.5390648608047355,0.08454937701790385,0.10034145514963176,0.08652213023383472,0.03967704753215194,0.6284409228154091,0.522536004632919,0.4514899931958043,0.538800933610401,0.6284409228154089,0.5225360046329192,0.45148999319580424,0.5388009336104009,0.3999999577292405,0.227055390963203,0.4375002843498387,0.2668587603342515,0.3999999577292407,0.4375002843498388,0.32507676487161935,0.3941549360436175,0.3896441462279364,0.4462677586825568,0.38247648899776554,0.1293017798400909,0.4099647104502907,0.019999965708956013,HOLD,0.0,0.5
0.34079111169489873,0.37096387144777465,0.366602675193336,0.3526960347036725,0.05426946195112066,0.0,0.0,PPM,2022-12-02 00:00:00+11:00,Financial Services,0.4823191664152124,0.5190077938955185,0.4021902855823447,0.3640206025318134,0.329192907268139,0.6906657976665769,0.32194796303636,0.6057709580818276,0.29921003337167495,0.5686275181159601,0.29886929689411756,0.6320694428457926,0.2847956103777918,0.5599254032907368,0.3077977663824618,0.469742664197523,0.14860370636497797,0.14860370636497794,0.11294468070083606,0.11294468070083606,0.14208028027965836,0.14208028027965833,0.3793576938125062,0.3793576938125063,0.4545455726274581,0.3757058111653567,0.4371987271372676,0.5996705574586585,0.6097144405357607,0.49982430041124865,0.26842676087274087,0.4534863486314633,0.5425036599131453,0.253007613036738,0.48879564573477075,0.4847073756942969,0.1844601752354289,0.6884914021357471,0.5513555956680372,0.10871331748899296,0.1206829195494482,0.39102809866817284,0.20894015769452953,0.6352559822384038,0.5046769415894592,0.4683365735450126,0.4785304428444191,0.6352559822384037,0.5046769415894591,0.4683365735450127,0.47853044284441915,0.3999999577292405,0.31913890967947584,0.4375002843498387,0.3625001586608963,0.3999999577292407,0.4375002843498388,0.3300395366549526,0.3900951508619419,0.47231794515993586,0.5277722914293879,0.4581974540400734,0.2508903009866821,0.4040397108788151,0.016666590464346376,HOLD,0.0,0.5
0.3845464881762315,0.3753306349097384,0.36660280791551103,0.34396422337806865,0.020912679963963357,0.0,0.0,PPM,2022-12-05 00:00:00+11:00,Financial Services,0.459592048930577,0.49624991195168355,0.22943676852247702,0.21058408924751154,0.33474524588492804,0.6515086930729388,0.31649012952484634,0.5983195894427242,0.2976058486703743,0.5584785993261028,0.29842831266446446,0.6222657472206466,0.2854585814366484,0.5500218993605563,0.30681005270142636,0.4624904141409124,0.12701794065432515,0.12701794065432515,0.11086145952747196,0.11086145952747196,0.14334836167784154,0.1433483616778415,0.31129111316469354,0.3112911131646935,0.5263153145294467,0.41745117615685473,0.4523167628254289,0.5999468527495566,0.6075427885693526,0.5058343093451216,0.25085233106577465,0.45984947757193684,0.5220319411730462,0.25102366554898037,0.4881544657783382,0.44642156110735065,0.18400108768075185,0.6883397892632737,0.5186055245060162,0.06798971313437925,0.12340810103421691,0.22795755259690179,0.08005674620962544,0.6493047325707927,0.49126508244352907,0.4596887244651519,0.5494695192005428,0.6493047325707924,0.4912650824435292,0.45968872446515185,0.5494695192005428,0.3571440401560206,0.3829201666635343,0.37500138302631286,0.41475455089219765,0.35714404015602064,0.37500138302631314,0.3151514436278437,0.3819757721182442,0.4750623214301032,0.5243508904700834,0.40888911602038114,0.2413115549156989,0.31121471759236263,0.013422698444053527,HOLD,0.0,0.5
0.3320402030841476,0.33603099789457025,0.36660281556814356,0.33523228729091525,0.030521059602958773,0.0,0.0,PPM,2022-12-06 00:00:00+11:00,Financial Services,0.45943919348987644,0.49609633308156825,0.3733980325713618,0.3374180760494825,0.34029758450171665,0.612667240334416,0.31252079090613183,0.5883054390680991,0.2968037601398117,0.5474224970562964,0.29754633580401757,0.6127606207048776,0.2859615258658148,0.5402169278068074,0.30596315552338504,0.45515173106855833,0.12664416257451475,0.12664416257451477,0.09802041699805143,0.09802041699805143,0.1355850949397832,0.13558509493978319,0.31176544018652047,0.3117654401865203,0.5,0.34896339655742376,0.4371987271372676,0.5978300911082071,0.6052996056003821,0.5051469599134571,0.24086924695062373,0.4620765325384131,0.47081671317553775,0.25077777875625906,0.48715968737610094,0.40525522843787753,0.1831380698789251,0.6879468570504568,0.4866959264657303,0.08956318575695739,0.12943775681788716,0.26209944318729916,0.11347705436794973,0.6495877376941027,0.5042007007248415,0.4724438236148173,0.5385136576617943,0.6495877376941024,0.5042007007248414,0.47244382361481735,0.5385136576617943,0.28571565989001685,0.3446521013534634,0.3125015887082549,0.3729516941171289,0.2857156598900169,0.3125015887082552,0.30026346848835567,0.35761763345020403,0.4116863021148687,0.45961350186693445,0.38014799958863854,0.22840711683292858,0.3130508661497634,0.04391879009008259,HOLD,0.0,0.5
0.29703577448303675,0.3229308770404621,0.3399654946355275,0.3177681655935094,0.020968141515159463,0.0,0.0,PPM,2022-12-07 00:00:00+11:00,Financial Services,0.4362493740744343,0.4727160872243988,0.4309825333001941,0.3913569910896575,0.33937219032498334,0.5666050175049842,0.30755910345430126,0.5631283760544521,0.29707111279643206,0.5232351106759718,0.2965173515986437,0.5932286195127702,0.2853717099030013,0.5215359646140425,0.3051640409890637,0.43995808967361716,0.14553294343268866,0.14553294343268863,0.10608285301210856,0.10608285301210856,0.11549665516744378,0.11549665516744376,0.3129626677216048,0.31296266772160475,0.5,0.3298605038714286,0.4446640999128967,0.5914618289567186,0.6019831788594038,0.49483404005630854,0.2331762677984266,0.4607545448476076,0.3131197509084318,0.2504066692513065,0.4879006786202683,0.31281941042413797,0.18267186123597634,0.6866092887553286,0.42118857484120514,0.0889531975300951,0.1328038990145008,0.1827665389612799,0.07706949594358534,0.6014529291728202,0.4947292807981342,0.49014960272368324,0.5345919410239671,0.6014529291728201,0.4947292807981343,0.4901496027236832,0.5345919410239671,0.14285685822639538,0.25854780608402517,0.18750021408307432,0.2893450846443019,0.1428568582263955,0.1875002140830746,0.3002634620962669,0.3616772774945547,0.3398121993079626,0.39129826790907873,0.3880818113183525,0.22590717014363576,0.3148502917360164,0.07534253613404274,BUY,0.0,0.0
0.30578696061247856,0.30109788409835503,0.33108660719250116,0.30030441818075193,0.01506382505288476,0.0,0.0,PPM,2022-12-08 00:00:00+11:00,Financial Services,0.43561927393799144,0.4720785654596757,0.34460578388606894,0.30972229612535307,0.3282676188658509,0.5465449524958301,0.3030935762405913,0.5369578912972373,0.29653639220284056,0.4999184070208067,0.29725233791644223,0.5724991002537102,0.2836891426940231,0.5034666472667528,0.303769634275767,0.4250798942153061,0.0317322194801555,0.031732219480155505,0.10051039003497698,0.10051039003497701,0.12228106131366512,0.12228106131366509,0.2727878600715538,0.27278786007155365,0.45454616303839557,0.227983601273958,0.47646623116464926,0.5818352948014243,0.5970294987995314,0.47910148916340345,0.23493884183647729,0.4521128388842366,0.20428076820922347,0.2515122914402639,0.4860902871979723,0.2315157553094229,0.18185118616766127,0.6894406502847248,0.3490491949885911,0.09339892563039143,0.09423301862663434,0.12735082759056032,0.06649644711562021,0.5283866392971754,0.4986443110282124,0.47656730993621604,0.5800488134568013,0.5283866392971753,0.49864431102821244,0.4765673099362161,0.5800488134568014,1.1182601949395236e-06,0.1389585981303121,0.06250151844149057,0.18483689746349222,1.1182601951098547e-06,0.06250151844149077,0.2580807996305779,0.32919975819054126,0.28792734434668976,0.33676217973742656,0.32685949393816127,0.22497931189110054,0.4030221454624031,0.08680554935419527,BUY,0.0,0.0
0.30578696061247856,0.29673125721546423,0.32220747393064997,0.30030441818075193,0.014679269357543078,0.0,0.0,PPM,2022-12-09 00:00:00+11:00,Financial Services,0.4823191664152124,0.5190077938955185,0.34460578388606894,0.30972229612535307,0.31716304740671797,0.575424819435411,0.2991242234434395,0.5435585297233085,0.2938627433938308,0.5027983777619107,0.2985753116082521,0.5716157293119987,0.28200657548504493,0.5044229553780935,0.3023752275624707,0.4258464652955122,0.0317322194801555,0.031732219480155505,0.10115183579341651,0.10115183579341651,0.08992650852693335,0.08992650852693326,0.2693961015012936,0.26939610150129345,0.3684215275772452,0.2087259760855315,0.4849401351010105,0.5745669580160525,0.5913295755283289,0.47193075439362037,0.2352008971166626,0.4455506073381328,0.262882169192761,0.253571314654782,0.48017306793547376,0.25913181174585975,0.17985142706446267,0.6953867880042386,0.3399061950783454,0.0635738111553469,0.09672216623291012,0.17113039885380793,0.06402163942287371,0.5283866392971754,0.5032094634256257,0.4415220534454962,0.5961937817390811,0.5283866392971753,0.5032094634256257,0.4415220534454963,0.596193781739081,0.06896618680895154,0.06638009742097963,0.06250064700745118,0.10122999656016546,0.06896618680895172,0.0625006470074514,0.21837952321528803,0.2926625577369141,0.2850062774241974,0.32860955976265305,0.2471720169631408,0.30403316850202416,0.4011859995182815,0.06944432041723947,BUY,0.0,0.0
0.28828491583963123,0.3010979364632055,0.30444947033983927,0.3134023846922569,0.1185524067389794,0.0,0.0,PPM,2022-12-12 00:00:00+11:00,Financial Services,0.5178309614662846,0.5542656780016867,0.445378663622187,0.40530993913317925,0.3106853675004182,0.6296215767117013,0.2986280773837562,0.5697057917329291,0.28905018928992887,0.526015780909006,0.3009272737060056,0.5851961796414792,0.28056404936382817,0.5195407465273201,0.3005503632031967,0.4386106155206585,0.08942874465703216,0.08942874465703217,0.10086329327551667,0.1008632932755167,0.026390684392762653,0.026390684392762626,0.2670549202331551,0.267054920233155,0.20000076202378267,0.3043917214406062,0.4365079525298271,0.5728300375529936,0.5863545495473721,0.4788963738120153,0.2352189869275998,0.4447429480254679,0.3874548244482817,0.24737535592076698,0.4784701213609678,0.3338366081378884,0.17568314218989767,0.706954751542425,0.3785674116889778,0.13713031183398552,0.1437021582376672,0.6917982270528251,0.4138718889171143,0.5613580943670885,0.536099538009965,0.4090602963526488,0.6248802957104648,0.5613580943670884,0.536099538009965,0.40906029635264873,0.6248802957104647,0.321429048279694,0.1261749455385716,0.2500004040345812,0.12213170657839592,0.3214290482796941,0.25000040403458146,0.2084542028401411,0.2845430693852452,0.3081232797483346,0.34964381764779995,0.46672872197611137,0.4539334818185013,0.39725330509692924,0.0859106441471813,BUY,0.0,0.0
0.3101623453176494,0.3141976242241581,0.3399654946355275,0.3177681655935094,0.010359115214523443,0.0,0.0,PPM,2022-12-13 00:00:00+11:00,Financial Services,0.49403383945959617,0.5306791382251932,0.3877941617234204,0.35049235549793434,0.3069837907934847,0.6519605820756267,0.2996204120384347,0.5764676572308518,0.28610917254394796,0.5352613366213477,0.30107426424865347,0.5901461261115754,0.2790469939877096,0.5251825581637326,0.29878662959806235,0.44351656090912506,0.09588760847701522,0.09588760847701523,0.09754768248588595,0.09754768248588595,0.012737613758788568,0.01273761375878854,0.21369510385818452,0.21369510385818447,0.24999866050140113,0.3419251042547919,0.31582505190660903,0.5730459207971504,0.582426120305601,0.4889532393401363,0.23492678925774002,0.4465779714156217,0.41686633451497007,0.2449654639002392,0.4761855289724023,0.36682510028799986,0.17562642816622587,0.7073463366664641,0.3974437548627035,0.12194139104247326,0.14456897762488252,0.07042297424849463,0.03653801090521861,0.5812812812728446,0.5504818684933303,0.43791162853619214,0.5643006618621323,0.5812812812728445,0.5504818684933301,0.43791162853619214,0.5643006618621322,0.35714173174897335,0.24576338052282765,0.2777769393050027,0.19412547850825485,0.35714173174897346,0.2777769393050029,0.2183795195685309,0.26018502230864415,0.40905121824258833,0.41858226412763405,0.48341722045690716,0.44566045000844007,0.3905886948466627,0.08219193767015254,BUY,0.0,0.0
0.32328924104424406,0.31419794845550364,0.3088891113793468,0.2872065764307967,0.18336641258482736,0.0,0.0,PPM,2022-12-14 00:00:00+11:00,Financial Services,0.40059427117370805,0.43645182217329037,0.2438325401792277,0.21671778116160553,0.30050616377440775,0.5822320505068435,0.2956510875981577,0.5239922772965084,0.28049452990948365,0.49923782325814026,0.29886931369639713,0.5562571704767144,0.27635168541773103,0.49332504026288104,0.29694575261107303,0.4170612875852052,0.1373344762120851,0.1373344762120851,0.1287911035862871,0.1287911035862871,0.028488762595040962,0.028488762595040934,0.2065914092545908,0.20659140925459074,0.19047521850416999,0.3222198144160244,0.3080294369443507,0.5651868115724192,0.5774052155335707,0.47845551935953823,0.23861603996514225,0.4370756079728444,0.2146453894952678,0.2421404079819809,0.4702195272278741,0.24811579952600396,0.1760053228556746,0.7022395744566199,0.2725842021016375,0.24428348406850947,0.22569178662229045,0.6285958608493707,0.48290063901893515,0.5603945565698807,0.5028241115413933,0.39542246987043655,0.5051702098692404,0.5603945565698807,0.5028241115413932,0.3954224698704365,0.5051702098692403,0.1071437623655347,0.2585471310677609,0.08823605850961025,0.2027320780855573,0.1071437623655348,0.08823605850961025,0.21589825002866908,0.2439462706913358,0.30952564036149366,0.3589269542411559,0.3458832208495214,0.27505129497226477,0.3843239612114119,0.08771918566602466,BUY,0.0,0.0
0.2751581481462957,0.3578639912144105,0.31776792010997523,0.3526960347036725,0.0116347308920339,0.0,0.0,PPM,2022-12-15 00:00:00+11:00,Financial Services,0.6617461456877095,0.6935248150466512,0.618132503328015,0.572640755380949,0.31161073523354044,0.7384612022259094,0.2956510875981577,0.6508492538292365,0.2794250658017743,0.5909923484450017,0.2993102979260507,0.6317630405728715,0.2756292779868912,0.5653641724420622,0.2956710668621967,0.47669618741328057,0.3183393198913176,0.3183393198913176,0.2589219728949825,0.2589219728949824,0.1522573357776278,0.15225733577762776,0.2512467705899137,0.2512467705899136,0.5588232080557333,0.5222965536189252,0.4482417506336259,0.5774978115300241,0.5763305611020958,0.5163754817761443,0.23861603996514225,0.4370756079728444,0.7305522895699863,0.23959534306798402,0.4708967022585048,0.5624914754278437,0.17640536997553435,0.7024871909037207,0.5567691783530255,0.24170018959093537,0.21871498901463488,0.0414140445313354,0.0312068094455627,0.6914796250609291,0.5408715705169488,0.4683365735450126,0.5716754328235514,0.691479625060929,0.5408715705169488,0.4683365735450127,0.5716754328235514,0.6428564668676839,0.36617701268349284,0.5294113214943869,0.29617444965601,0.642856466867684,0.529411321494387,0.2729688879513071,0.2967223316522928,0.537655436526439,0.5076305826874702,0.37585242057538615,0.29496575739833414,0.28617646759248505,0.05000005715174005,BUY,0.0,0.0
0.32766461954949766,0.3316643110892096,0.3399656727511533,0.3308662568665637,0.019949787249823717,0.0,0.0,PPM,2022-12-16 00:00:00+11:00,Financial Services,0.42550072324607424,0.46182443765546316,0.37339803388118814,0.33732850533952996,0.3180884151398402,0.6591631220488963,0.29317025805067987,0.6128283749709877,0.27594933610237726,0.564715269014979,0.2981343231780289,0.6073011481479708,0.2740431854184009,0.5424169344459628,0.2943538044423244,0.4577982358940854,0.3465934210715297,0.34659342107152963,0.2708457034528167,0.2708457034528167,0.1532734256481959,0.15327342564819588,0.2491940418817688,0.24919404188176875,0.5428579126602402,0.5118522402867588,0.4242507750038278,0.5814648176448259,0.5764188683655598,0.5275505112239304,0.23146236506719542,0.43925185774877673,0.5852455513732763,0.2310533356576745,0.4733420412384949,0.4698083395399872,0.1752246528872241,0.7020120952178643,0.4646167753472113,0.24567071332881535,0.21820191210567041,0.06906307593954579,0.053663652797398854,0.6568085974240649,0.5176467510233485,0.4301508984277908,0.5312820773420946,0.6568085974240646,0.5176467510233485,0.43015089842779075,0.5312820773420946,0.46428590555580024,0.4020542094494164,0.38235318065503066,0.3311474997089893,0.4642859055558004,0.38235318065503077,0.26800623573837684,0.30484171044295705,0.48332363791254396,0.4785014603478211,0.418761459689322,0.3002179613656181,0.28817953415619557,0.05762706380729754,BUY,0.0,0.0
0.336415622019858,0.3272976382070206,0.30444941220653,0.2828404212448956,0.002692892184582056,0.0,0.0,PPM,2022-12-19 00:00:00+11:00,Financial Services,0.35519908887615503,0.3897145909582562,0.18624806217957018,0.16516862466289392,0.3116107087899289,0.5405704323077125,0.28622388711105473,0.5312114589554986,0.2692652217200284,0.5054392055019596,0.29592936422463234,0.5531394997297788,0.27149967224367666,0.4912905276175792,0.29306564478645347,0.4152545397357591,0.4121420792221553,0.41214207922215523,0.3207798553057624,0.3207798553057624,0.1912708185554402,0.19127081855544018,0.2679184565167326,0.2679184565167325,0.45238054739288613,0.43253465634261207,0.311117459711879,0.57164727281603,0.5741433279861422,0.5048360339249454,0.22734664063075605,0.4316922386208413,0.23244613761827132,0.22192777796053598,0.4714467669456418,0.22601953622593018,0.1757927016007348,0.6965977391920026,0.26676247821250054,0.15838840783256597,0.20671827036347218,0.016287997824859957,0.007508824942898101,0.5602294588773225,0.47540518907884144,0.37928197943865477,0.5049849578501305,0.5602294588773223,0.47540518907884144,0.37928197943865477,0.5049849578501305,0.07142845145339585,0.3900949475350808,0.05882344807279181,0.32131114793619386,0.07142845145339594,0.05882344807279194,0.30274497608129775,0.31905067502942674,0.33617503655424863,0.3730571849514535,0.412721865267908,0.2720630429705103,0.38632979577801796,0.09859158189074657,BUY,0.0,0.0
0.27953367209482116,0.33166423074768214,0.31332840654297445,0.3526960347036725,0.00756231614788121,0.0,0.0,PPM,2022-12-20 00:00:00+11:00,Financial Services,0.6743824021558879,0.7054843530728365,0.6037363783603498,0.5580519561565662,0.3190137828729622,0.7181855385904541,0.28820854224197445,0.6639049344879766,0.2681957576123195,0.6039363628960857,0.29666434634186123,0.6336032759650482,0.27031364510618383,0.5685371918340172,0.2923755767391212,0.4786001252574362,0.5363804594423269,0.5363804594423269,0.4385373108965032,0.4385373108965031,0.28480433691843504,0.284804336918435,0.3131035274787823,0.31310352747878223,0.6034483268298451,0.5313012993272521,0.44165599882768736,0.5835506400621258,0.5751675494465127,0.5365438157812045,0.234379563873663,0.4288273957932014,0.7668936806158373,0.21827257941323386,0.4731271034414476,0.6387494668473791,0.17637694709034535,0.697144600257668,0.5620674992667282,0.15628145035492452,0.2043210850096595,0.041656701908837544,0.02128378109063825,0.6629830107151883,0.5597024222703328,0.4683365735450126,0.579253427011009,0.6629830107151882,0.5597024222703328,0.4683365735450127,0.579253427011009,0.6428566338896831,0.39009500346235065,0.5454539407240003,0.32667622243165434,0.6428566338896832,0.5454539407240004,0.3424463112675276,0.3271700526895305,0.48075798864790376,0.497245847174544,0.3959267945778633,0.2461914670913422,0.3843267281214243,0.029999996189884026,HOLD,0.0,0.5
0.3407910699343626,0.3316641890720621,0.3266469067088056,0.29593826299485104,0.00793233824396367,0.0,0.0,PPM,2022-12-21 00:00:00+11:00,Financial Services,0.3345903049348842,0.3682827726286481,0.21504032372594015,0.1922566404319071,0.3208644918955952,0.5534615555484956,0.2857276985160593,0.5575879243159381,0.2641852843988046,0.5293271668027542,0.2956353621364869,0.5685183632979797,0.26808744144602725,0.5075949480580777,0.29130003972938434,0.42803453155519267,0.5872759266068945,0.5872759266068945,0.49056850320069695,0.49056850320069695,0.3287146308277535,0.32871463082775343,0.3398365368267973,0.33983653682679726,0.4705878150600137,0.39890437371956977,0.3961095966011495,0.5775266195383945,0.5745473127389714,0.5207420326854775,0.23365485596013347,0.42548823801706326,0.36328222996251835,0.2136512081250337,0.4712182562493671,0.31112295685087354,0.1767738761233677,0.6944035141438494,0.3261518788436792,0.024118886667660867,0.2073493642116831,0.1907620556598242,0.022089845759739723,0.6222829538853886,0.5170103170135488,0.4203431205364543,0.5341513577311754,0.6222829538853882,0.5170103170135488,0.42034312053645423,0.5341513577311753,0.17857053402106038,0.2944232908587142,0.17857053402106038,0.25852593696859266,0.1785705340210605,0.1785705340210605,0.3672597722024567,0.32717008532414493,0.4130330009507354,0.4347113930058285,0.3763115309294195,0.24988908704180096,0.3823637218179624,0.08362375513245568,BUY,0.0,0.0
0.2970359124379909,0.30109788409835503,0.3266469876383975,0.30030441818075193,0.012906170247918144,0.0,0.0,PPM,2022-12-22 00:00:00+11:00,Financial Services,0.4941981305419214,0.5308425372976414,0.37339803473420685,0.33668421397396964,0.3097599204364623,0.5949431053194587,0.2857276985160593,0.5661035539576209,0.2617789958865908,0.538125320957836,0.2932834084398732,0.5751556627545772,0.2661730620972693,0.5134879234569771,0.29005178675779675,0.4326668441333156,0.4775685965909347,0.4775685965909347,0.4857993729578752,0.4857993729578752,0.3240339751715769,0.32403397517157684,0.3232125874543818,0.32321258745438175,0.4705884824903378,0.40626935051702634,0.4140706815390873,0.5743302443031212,0.5732872570941043,0.5145939407087743,0.23365485596013347,0.42548823801706326,0.39491163572686544,0.21202117444111201,0.4690402707286293,0.35149178033318795,0.17540344780995154,0.691841874436278,0.35048651798628794,0.025076720460656263,0.20291736948798844,0.29319110838441415,0.03649210606453948,0.5283866392971754,0.5408715705169488,0.4457993701648077,0.5022580545345636,0.5283866392971753,0.5408715705169488,0.44579937016480775,0.5022580545345637,0.2142862624869833,0.3422591891058905,0.2142862624869833,0.31051679760477,0.21428626248698335,0.21428626248698335,0.3325213657061841,0.33528963600305506,0.37740961150954894,0.39540582937197716,0.2871500709834093,0.24239457710942264,0.3804399756405695,0.08333328372245141,BUY,0.0,0.0
0.30141130409971995,0.2923644981763328,0.3266468551231443,0.309036229506356,0.004751317587709854,0.0,0.0,PPM,2022-12-23 00:00:00+11:00,Financial Services,0.5059932454371057,0.542553152870821,0.3877941616555237,0.35039937794650217,0.305132975996407,0.6321069098270407,0.2867200189923005,0.5814378293989797,0.2601747959049394,0.5521572583777201,0.2906374610562539,0.5870785377643591,0.26480505837159285,0.523870535491799,0.28901348826877005,0.44112908336338996,0.47808361337196753,0.47808361337196753,0.4868653449992783,0.4868653449992783,0.32543922101343864,0.3254392210134386,0.32126493152535335,0.3212649315253533,0.5396821364956091,0.43173842887064406,0.45703300576684713,0.574585927050252,0.5723403153631583,0.5176026874489351,0.2338240215488998,0.42692743708640446,0.4512948121928543,0.21045579622149613,0.4680208315381461,0.41298598705284095,0.1723683156619995,0.6913883965326264,0.39144802666829004,0.013627013656462229,0.19486862964835272,0.16350971297927455,0.01386086879617249,0.574420208969081,0.5505484673358914,0.45898728497758523,0.4958289518041741,0.5744202089690807,0.5505484673358914,0.45898728497758523,0.495828951804174,0.3333329167660447,0.2386152586110224,0.28571363715474574,0.22365279751990613,0.3333329167660448,0.28571363715474585,0.28289488096495546,0.2967226245075901,0.3888187596207846,0.40426733993078867,0.2992391581780729,0.2546472498997095,0.37855470438672467,0.07931045831558836,BUY,0.0,0.0
0.29266025683537245,0.2879978717475865,0.3177678286310994,0.309036229506356,0.013136870254550143,0.0,0.0,PPM,2022-12-28 00:00:00+11:00,Financial Services,0.4823191664152124,0.5190077938955185,0.4165864095091649,0.37773609155380666,0.3106852617259732,0.6172446725144507,0.28622383039730503,0.5822855918167387,0.25964006767117254,0.5527637288313361,0.2899024705378852,0.5875761931571283,0.2634370546459168,0.524665754383431,0.2878211573438896,0.44179865031142296,0.4154991909339128,0.41549919093391274,0.48409700806000294,0.48409700806000294,0.3212207548965353,0.32122075489653523,0.2959303286217488,0.29593032862174873,0.39583328372248083,0.44354133291115033,0.4631561879031938,0.5751426817724911,0.5717158146166545,0.5207010590565271,0.23347974367723268,0.4264305836396889,0.45458224541095354,0.21026183004545684,0.4673847889153825,0.41603198601529,0.17230733282213584,0.6899906593651834,0.3939139127774868,0.021494943088111017,0.16633651215929063,0.32644700883852973,0.0423678083070852,0.6504602670635402,0.5360827294865264,0.4766292725113117,0.5417427784790336,0.6504602670635399,0.5360827294865262,0.47662927251131176,0.5417427784790336,0.3333329167660447,0.29043739938104335,0.28571363715474574,0.25948427377447797,0.3333329167660448,0.28571363715474585,0.2828949948394604,0.27845406450118115,0.36745852051796113,0.3905970606338631,0.3132401115503973,0.2613397262640652,0.3767071385579569,0.07586213896111138,BUY,0.0,0.0
0.2970359124379909,0.2879980034496822,0.317767960222902,0.30030441818075193,0.003941612350819703,0.0,0.0,PPM,2022-12-29 00:00:00+11:00,Financial Services,0.4588083542975316,0.4954624349202158,0.37339803473420685,0.33668421397396964,0.29958069026684053,0.6221339363758185,0.2842391752663853,0.5686344428971319,0.2591053470775808,0.5411347127027795,0.28857949264550564,0.5783167553460623,0.26190902657700477,0.5159496743395482,0.2865650275012963,0.4346115791777664,0.222207409458177,0.22220740945817702,0.48492931652638954,0.48492931652638954,0.3212365760541956,0.32123657605419553,0.2958492877655114,0.29584928776551134,0.42222223633375583,0.45593492622715137,0.47577031569221306,0.5735283562193925,0.570830424253762,0.5181941414525724,0.2322786727873749,0.42429230379267713,0.40441452673114714,0.2104084234366128,0.4664410145426775,0.366452552468004,0.1721606787905643,0.6875347200006494,0.3615853753576782,0.01876730025150845,0.16728588944456807,0.11889112579321608,0.01288558437062369,0.5283866392971754,0.521782758633713,0.47656730993621604,0.5269659024607477,0.5283866392971753,0.521782758633713,0.4765673099362161,0.5269659024607478,0.2500008946335097,0.3023964340109026,0.2142862624869833,0.25948427377447797,0.25000089463350983,0.21428626248698335,0.26800713862050757,0.25409602828889444,0.35653119102011915,0.3886435011003567,0.32757323295380414,0.3176935128268264,0.37489652404576435,0.05555555555555558,BUY,0.0,0.0
0.2970359054514857,0.28799799647738344,0.31332843957313794,0.2828404212448956,0.00760174062403266,0.0,0.0,PPM,2022-12-30 00:00:00+11:00,Financial Services,0.43496999359407695,0.47142151258294845,0.3158131902828134,0.28201111098282483,0.29680456062386296,0.5795989731531916,0.28374298667138964,0.5353710709936352,0.2566990662055424,0.5193419292215224,0.2865215284353271,0.5593722150885608,0.25928824268902106,0.49823480907021755,0.2852429100629106,0.4195535000002192,0.06603765211504758,0.06603765211504757,0.47383762566181326,0.47383762566181314,0.3225524475353641,0.32255244753536405,0.29825501176865915,0.2982550117686591,0.5,0.4559345632303098,0.46315654128039563,0.5678307177239527,0.5687604965099101,0.5068117888163425,0.23290229335272583,0.42296509417028183,0.2852622476598657,0.2111520974107972,0.4621180627656246,0.2837437329264439,0.17235125062018009,0.6830335388597149,0.29766850436837183,0.018518245846523843,0.1607444671947597,0.21314190051694187,0.025209062498172938,0.5873938581641407,0.5359819119676318,0.4452556925856749,0.5085119134482212,0.5873938581641406,0.5359819119676319,0.4452556925856748,0.5085119134482212,0.08333327838372237,0.21868412470864154,0.07142845145339585,0.1878216625694973,0.08333327838372251,0.07142845145339594,0.27296991639383666,0.23785737059565037,0.3170191180064331,0.3677944393119483,0.33419384639302063,0.30696408100610856,0.37312212182381554,0.0845069983211677,BUY,0.0,0.0
0.3014114295146382,0.29236462333623214,0.31332843957313794,0.2828404212448956,0.01265358631596479,0.0,0.0,PPM,2023-01-03 00:00:00+11:00,Financial Services,0.4823191664152124,0.5190077938955185,0.3014170649380086,0.26867170567902504,0.29310301036054076,0.5894920373002304,0.2758042952555235,0.5487782309838372,0.252421232695232,0.5241259957431428,0.28490455685594274,0.5604489106842004,0.25620383909438393,0.500000063707172,0.2836435360631273,0.42043650758978945,0.060270163057055064,0.060270163057055084,0.3747132028764774,0.3747132028764774,0.3060832675460204,0.30608326754602033,0.2969420787341169,0.2969420787341168,0.136363931568645,0.4559345632303098,0.44165599882768736,0.5638001718638507,0.566141338846929,0.5015341768824465,0.21897063844316467,0.4222421967625154,0.3135795797017492,0.2067408087293252,0.459613723128394,0.30086492656746106,0.17280671609265452,0.6789997595915012,0.3055754732457368,0.01832796274377663,0.16235538685274337,0.34392612856031674,0.041451632959836726,0.5805318214281213,0.4665518030277492,0.41552628062356206,0.5192364536737399,0.5805318214281213,0.4665518030277492,0.41552628062356206,0.5192364536737399,0.08333327838372237,0.1349718154063805,0.07142845145339585,0.11615905136451664,0.08333327838372251,0.07142845145339594,0.27793257582070335,0.23379773049947705,0.33913221360673096,0.3881967731350512,0.3698704521112508,0.2942275640346978,0.3713832076463056,0.09154934041558782,BUY,0.0,0.0
0.29703595003136507,0.32729768407695004,0.31776799770841535,0.3308662568665637,0.03901603189640584,0.0,0.0,PPM,2023-01-04 00:00:00+11:00,Financial Services,0.6143629196934024,0.6483009968327809,0.4741709148352358,0.4323615739264231,0.2977299548005963,0.7146007210134182,0.2758042952555235,0.6430947330230155,0.2510844159309027,0.5932722417702951,0.28505155579972996,0.6163012203763377,0.25399958539272127,0.5542703346784048,0.28257990050320503,0.46452373039393813,0.2227899472796742,0.22278994727967416,0.4255000277693442,0.4255000277693442,0.34558856813788724,0.3455885681378872,0.31883861860998325,0.3188386186099831,0.7000008572751224,0.506989418387903,0.4700451284101539,0.5743253244775479,0.5665613022459034,0.5307374322523669,0.21897063844316467,0.4222421967625154,0.7012554601084,0.20267792717526656,0.46125681666192786,0.594236095937783,0.17288762414866476,0.6791675794018428,0.49861959096183667,0.04414114928728784,0.15531684426250358,0.5848928265297861,0.13049509061947276,0.6427012354392357,0.5408715705169488,0.46372450607087645,0.5642620766937686,0.6427012354392354,0.5408715705169488,0.4637245060708765,0.5642620766937686,0.541667734743672,0.2326363756053664,0.4642861560882352,0.1997656017557423,0.5416677347436722,0.4642861560882353,0.297783263780174,0.26221569813110335,0.5385067101954456,0.5360285892110793,0.2195949399451538,0.3327376990622403,0.36967907175234604,0.010169521734902043,HOLD,0.0,0.5
0.3320402030841476,0.3229311162618477,0.31776805526814544,0.33523228729091525,0.005714544407579589,0.0,0.0,PPM,2023-01-05 00:00:00+11:00,Financial Services,0.49387565718517273,0.5305218073777885,0.3733980325713618,0.3374180760494825,0.3032822934173851,0.7117593699137155,0.2817583315404699,0.6411743268396133,0.2505496876971356,0.6000482062222716,0.2860805400051043,0.6206734411644191,0.2512571850159575,0.5607319808635729,0.28164058386365154,0.46901999456842425,0.22159076849500212,0.22159076849500214,0.37132776242205917,0.37132776242205917,0.3449435517602056,0.3449435517602055,0.31453332568932296,0.3145333256893229,0.7000004286381736,0.506989749963545,0.4768012409269268,0.5841312733265689,0.5692406879606314,0.5524484748631523,0.22545537553795403,0.4261851012758029,0.690237464893781,0.2010602196756266,0.46190732404482493,0.6277787072624827,0.17310732157101438,0.680905990923087,0.5138327849055698,0.03854956956628164,0.14830381676494214,0.10430604208286537,0.02007224423417064,0.6495877376941027,0.599751843502183,0.4768105498113467,0.5873008905451188,0.6495877376941024,0.599751843502183,0.47681054981134674,0.5873008905451187,0.583334936471512,0.40006179159528055,0.5000008639881373,0.3430915067740298,0.5833349364715121,0.5000008639881375,0.3325220075097787,0.26221580055939275,0.5370924446002985,0.5504666600772933,0.20847775791596543,0.2653671248266396,0.3680090185762658,0.0067567443630964785,HOLD,0.0,0.5
0.3320399986076201,0.3360307917795252,0.3621630961486113,0.35706194036647454,0.015429002615880814,0.0,0.0,PPM,2023-01-06 00:00:00+11:00,Financial Services,0.5399050903733369,0.575999246729181,0.44537865832609186,0.40392439225530963,0.31531223260964003,0.7406297620508764,0.28225449177859074,0.6829823220408289,0.2518864968212897,0.629215196619469,0.2881385000147123,0.6446424993403871,0.24906938692380276,0.5861885740365205,0.2805835088685513,0.489421847021677,0.21528997798025515,0.21528997798025518,0.2612000359796831,0.2612000359796831,0.34997787842759703,0.3499778784275971,0.3173083456892441,0.31730834568924404,0.7391305968387599,0.5821859536180666,0.5213615063664073,0.5980632309252668,0.5747136406134317,0.5792921730977311,0.22787457785850096,0.4249018401101461,0.8452643963200073,0.2056765419068627,0.459764107631749,0.7395977137577708,0.17397393585352083,0.6836881103529298,0.597895387751361,0.04720354943427901,0.14133973816118972,0.2260673751880364,0.05487900494883882,0.698413751327557,0.5455164813218721,0.507836705046656,0.6144769120478202,0.698413751327557,0.5455164813218721,0.507836705046656,0.6144769120478204,0.791666182464422,0.6372468672980349,0.791666182464422,0.5839579778913351,0.7916661824644221,0.7916661824644221,0.29778326026143115,0.22973827748692233,0.665521077577885,0.7156088999583173,0.5508794107648849,0.3086074704798653,0.36637236646370697,0.016611315551483097,HOLD,0.0,0.5
0.34516676866219975,0.3403976174259101,0.37104232193089737,0.34396422337806865,0.006220881641541637,0.0,0.0,PPM,2023-01-09 00:00:00+11:00,Financial Services,0.4483417464424244,0.4849278018758065,0.3590019063173776,0.3245145246202246,0.3282676188658509,0.6687164970863413,0.28771236782541654,0.6477731917663021,0.2534906968029411,0.6088891764187501,0.2890204894768691,0.62879069350332,0.24702790359664162,0.5729387003003725,0.2788762232856561,0.4785406167338998,0.2012932976758316,0.2012932976758316,0.1559339674227468,0.1559339674227468,0.3478154353124217,0.34781543531242154,0.31508433815973763,0.3150843381597376,0.6538474220096367,0.4682222613588003,0.5149832179938981,0.6054665410387219,0.5808612377381875,0.58577490754522,0.23624537803095902,0.42643453592218883,0.6956602532349382,0.20904812650267912,0.4591513859900608,0.647488503831368,0.17445999879994067,0.6846940212637163,0.542429717783622,0.046163284799815754,0.13453476273353437,0.09864073338126898,0.023163760735846393,0.7067157971001308,0.5942810663981605,0.5126430093071696,0.5832359836058718,0.7067157971001304,0.5942810663981605,0.5126430093071694,0.5832359836058717,0.8000004493580329,0.723749504856327,0.6666681492656195,0.6516398479398468,0.800000449358033,0.6666681492656197,0.21838059307555374,0.22973827736871433,0.6528043144944043,0.7096736439038971,0.5353811065304009,0.3496238438222716,0.2861764129483265,0.02013419150433715,HOLD,0.0,0.5
0.33641558774637303,0.36223061795886535,0.36438286548665944,0.3526960347036725,0.016484943775852474,0.0,0.0,PPM,2023-01-10 00:00:00+11:00,Financial Services,0.5051988124324209,0.5417656758393535,0.41658641055000983,0.37727737998530764,0.34307374058830553,0.6537931550937692,0.2936663757534883,0.6543177381255749,0.2566990662055424,0.6173816054919592,0.2916664326599183,0.6370914976859708,0.2449919031861958,0.5838473127714887,0.27723273662047365,0.4874284108111274,0.19292546460185656,0.19292546460185656,0.1563842490016581,0.1563842490016581,0.3426724612155068,0.34267246121550676,0.2973037218719053,0.29730372187190524,0.7307694844019273,0.5203436339722062,0.5531476044442052,0.6136719909766158,0.5877402449437181,0.5928031090987486,0.24585243873607543,0.4276987662957341,0.704413148204199,0.214194111029963,0.4593691767326905,0.6727770591620129,0.17405503396275646,0.6907413113330854,0.5737962311269301,0.049049622737320595,0.13519052374083018,0.23403328200339,0.060123243031983846,0.7207793781951555,0.5989337810211188,0.5404031357880961,0.6311297589291279,0.7207793781951551,0.5989337810211188,0.5404031357880961,0.6311297589291279,0.7200001842873007,0.7695118250342846,0.7200001842873007,0.7252134162868987,0.720000184287301,0.720000184287301,0.22582463838273142,0.24394724156535796,0.6618953263076915,0.7219480173369885,0.6615355682542903,0.39714943838630684,0.2878456387700704,0.013333405725537428,HOLD,0.0,0.5
0.3364155811540317,0.3796971180937102,0.3799212092055875,0.3614279707908261,0.012369930551112412,0.0,0.0,PPM,2023-01-11 00:00:00+11:00,Financial Services,0.5050466086286224,0.5416147839093839,0.44537866026771716,0.40379093489229617,0.349551394050994,0.6608978115928368,0.2996203978599974,0.6608090395795572,0.26044216384191055,0.6252080068551069,0.2943123800435381,0.6453722688950153,0.24442952238504523,0.5938673033910393,0.2752525690976313,0.4965301837306072,0.08291268935525276,0.08291268935525277,0.15628893181828357,0.15628893181828357,0.34293142458322295,0.3429314245832229,0.2972352159876504,0.29723521598765035,0.8750014883326627,0.6379593961896374,0.5927794494604407,0.6224124229413419,0.5953322296370431,0.5996541897976089,0.25664807243126164,0.42794334731931816,0.707839495159366,0.22043281010566584,0.45941086486888694,0.6911214310292709,0.17433622999575316,0.6956728678984374,0.6059802852938312,0.02897588803500605,0.13412490246836556,0.25735135052782576,0.04548613734441918,0.6556566147539382,0.5985334956867855,0.5495315513543815,0.6306324729537867,0.6556566147539383,0.5985334956867856,0.5495315513543814,0.6306324729537868,0.6666669433432798,0.7276558646194384,0.6896553332927822,0.6910983009607947,0.6666669433432799,0.6896553332927824,0.20101122024935753,0.2723650672763924,0.6751454775482163,0.746435653541526,0.7042296451157065,0.4329187335200975,0.291951927240664,0.019867515830511717,HOLD,0.0,0.5
0.3670442289250586,0.39279708218106923,0.39323973009832325,0.3876237790522863,0.011994228657618303,0.0,0.0,PPM,2023-01-12 00:00:00+11:00,Financial Services,0.5500499552374807,0.5859412224533498,0.4309825349486518,0.38992763877598347,0.3606559390665154,0.703610677314134,0.30855142393054247,0.695595446669113,0.2649873500088411,0.6564294723620403,0.2976933053438158,0.6733421626906447,0.24450176061302997,0.6228507277354298,0.2731865445012378,0.5215924498489227,0.10909500100720093,0.10909500100720095,0.16841396371222112,0.16841396371222112,0.3483878428609239,0.34838784286092384,0.302109366393082,0.30210936639308195,0.9000012382921856,0.5649636236609458,0.624409926083903,0.6362736990947764,0.6047183700977721,0.6168944339276666,0.2756558638746922,0.4258957957983547,0.7717898283088402,0.2321310246718047,0.45573608652078945,0.7658437847364389,0.17647091917173752,0.699087398004248,0.7095253022670728,0.03370666324358439,0.08495469799149198,0.22624047943920975,0.055843370649929495,0.6892304904075657,0.6273643896159296,0.5624241951021189,0.6497995604254837,0.6892304904075657,0.6273643896159297,0.5624241951021189,0.6497995604254838,0.799999436144662,0.7276555253452233,0.8124994583964598,0.7398681324988549,0.7999994361446621,0.81249945839646,0.18116058122921358,0.2967232026271206,0.6775777700039027,0.7696756393247752,0.7134012841914553,0.4681515627914537,0.2988665153875937,-0.019480486947692444,HOLD,0.0,0.5
0.3757954164706221,0.36659735766068324,0.3843608413212354,0.37016003163952904,0.025173029181295627,0.0,0.0,PPM,2023-01-13 00:00:00+11:00,Financial Services,0.43804524265971473,0.47453245328049914,0.34460578087527627,0.3125429847470971,0.36343212159671534,0.6486777607919025,0.3164901153464088,0.6483453609179419,0.26819573469179336,0.6282671693766395,0.29872228114805033,0.6523897441640493,0.2451039211410424,0.6031260170418473,0.2707156636848822,0.5071795577376971,0.1328254995576168,0.1328254995576168,0.1801872057895803,0.1801872057895803,0.35416466434896726,0.3541646643489672,0.2800990616326002,0.2800990616326001,0.6956535784084119,0.6941346631076227,0.5810540185965027,0.6419858417295173,0.6135923641033353,0.6119731611609344,0.28221792309245486,0.4329410397054072,0.6461843213647812,0.23819099930696197,0.4551279821722868,0.6660048187608004,0.17777073878024963,0.6990694437160754,0.6308595697142636,0.04104728698706464,0.0917904302831312,0.40164825238254087,0.11165111718678225,0.6281734294024146,0.6182879894542612,0.5396531189443858,0.5865787160791459,0.6281734294024145,0.6182879894542612,0.5396531189443858,0.586578716079146,0.6666673080708536,0.7097970265941862,0.6875005796679265,0.7289994085479617,0.6666673080708537,0.6875005796679268,0.1563471236287159,0.28454403677784357,0.5883054134820425,0.6725867890881142,0.6441124636112969,0.2591989505129057,0.30853433875100544,-0.01644738604597129,HOLD,0.0,0.5
0.3582931812009549,0.36659721812353674,0.38436070313979864,0.3876237790522863,0.013277695819786042,0.0,0.0,PPM,2023-01-16 00:00:00+11:00,Financial Services,0.52717563659691,0.5634831345105382,0.4597747843149596,0.41617555675518564,0.3726859047023814,0.6722159318613006,0.3283981453809899,0.6611242624593807,0.2743451055600248,0.6452967757857522,0.29828128851725744,0.6729223208820251,0.24648975463508638,0.6216040568300707,0.2679102888658078,0.5247952667617636,0.11672741730361794,0.11672741730361795,0.1555956451965666,0.1555956451965666,0.3389868911028731,0.33898689110287306,0.24845524280515235,0.2484552428051522,0.7307702030332439,0.7152256393334122,0.5966229782258597,0.6508507809293733,0.6228100928403815,0.6152761467736728,0.2854041808291723,0.44921976286191967,0.7063798542459697,0.246151946169205,0.4572643042677168,0.7094454030164214,0.17653681183676606,0.7001777528129887,0.7089586619699042,0.046363509942984285,0.013304694761635844,0.19855550217936743,0.09889679439548232,0.6752840592076126,0.6586316958499417,0.5917143669169064,0.5498239365414652,0.6752840592076124,0.6586316958499416,0.5917143669169065,0.5498239365414652,0.799999436144662,0.7544433746835444,0.8124994583964598,0.7700817201753745,0.7999994361446621,0.81249945839646,0.1662722320363526,0.2926634170405519,0.5842948970568725,0.6692861079145593,0.7190981678492805,0.26582230231934306,0.3174287362453444,-0.058441553621880304,SELL,0.0,1.0
0.36266871152735014,0.3665972246381898,0.38436070959115676,0.3788918429651329,0.013404321891492816,0.0,0.0,PPM,2023-01-17 00:00:00+11:00,Financial Services,0.4601820463903258,0.49684263672154105,0.41658641033523125,0.37701659116527914,0.37823819043194784,0.6343355132623145,0.3393138407608922,0.6261335118283895,0.2759492902613252,0.6312959714934934,0.2979872948302513,0.6630198160224773,0.24763829078618116,0.6112215658221913,0.2651027262802228,0.5185287844015479,0.13406559079587835,0.13406559079587838,0.1649331085534516,0.1649331085534516,0.27831892655616647,0.2783189265561664,0.24763663857783863,0.24763663857783857,0.6086965704978078,0.6687162636192722,0.631675266113142,0.65488291205795,0.6311478701436548,0.6068205946881418,0.27365105464175876,0.4767305752076729,0.6529266413136301,0.250252322665129,0.4559929937265429,0.6612451779483871,0.17583186967685238,0.7007252799122379,0.6734903177863686,0.04404273567197811,0.014121254812215864,0.20810297599496547,0.09913312833650671,0.6482100617767426,0.6488183637565665,0.5119224810994233,0.5533127482164983,0.6482100617767422,0.6488183637565665,0.5119224810994232,0.5533127482164985,0.7333328958433426,0.7321201022263216,0.7499995725342732,0.7491801118526236,0.7333328958433427,0.7499995725342732,0.18612275240333737,0.2723648630196006,0.5614721460495644,0.6419128207452699,0.6853513563117319,0.5466431572841122,0.32561158194013606,-0.05228758719259341,SELL,0.0,1.0
0.3670441759630252,0.3622305384383132,0.38436065045688195,0.3745258125407813,0.003568416250301321,0.0,0.0,PPM,2023-01-18 00:00:00+11:00,Financial Services,0.4711781038141035,0.5078706701799609,0.38779416146864465,0.3510670844097282,0.3810143200749254,0.6155065094194048,0.34427549985584793,0.6096526777723479,0.2786229237899842,0.6221236300378616,0.29813428537289965,0.6578596169080254,0.24685232907968535,0.6068772570825416,0.2620784253127577,0.5163704745091554,0.13722303571075112,0.13722303571075112,0.08964978611836956,0.08964978611836956,0.2700081224600834,0.2700081224600833,0.24504802940635723,0.24504802940635717,0.6666662130791066,0.6533777727271672,0.5378421869025047,0.656283013931082,0.6381526868098146,0.5940120263257397,0.27289867723310657,0.4852977550457951,0.5873509361687943,0.25498201021359446,0.45577563732278936,0.6303285892707355,0.17612147445195525,0.7005537282174827,0.6537357058980774,0.037412149802637906,0.006562235165286159,0.0709929621735167,0.03100856088028986,0.6281071416725228,0.5881084878603096,0.530191560265152,0.5641380571216749,0.6281071416725228,0.5881084878603093,0.5301915602651519,0.5641380571216749,0.6999991494282678,0.7432812600239125,0.7187491831052596,0.7596304680519981,0.699999149428268,0.7187491831052597,0.19604795273916426,0.21552911134317043,0.5434390906260776,0.6204479186357925,0.7186912906766744,0.5085671047627405,0.3331397999793445,-0.04262292778080712,HOLD,0.0,0.5
0.36266872471289746,0.3534973577590007,0.3799212092055875,0.3614279707908261,0.009633604621617742,0.0,0.0,PPM,2023-01-19 00:00:00+11:00,Financial Services,0.44878703181427376,0.4853766462272222,0.35900191089697225,0.32503263663141535,0.37546203434535896,0.5941957580011756,0.3472524896414464,0.5802151329526792,0.2834354855340613,0.5984624177185247,0.2978402874853239,0.6428979488840466,0.2465990265586675,0.5925333313604111,0.25815746368326975,0.5067442080151231,0.08984114917924346,0.08984114917924345,0.10291460042038035,0.10291460042038038,0.2294882645188307,0.22948826451883061,0.24665383776768507,0.246653837767685,0.5454546635371624,0.6386783958951767,0.5530113358689832,0.6532044109505115,0.643020818949303,0.5734803849053095,0.26891793904659167,0.4934658362398081,0.4142584743234899,0.2555544226228976,0.46256025845438364,0.5696891443937142,0.17561791100457036,0.7007737919197166,0.598358742986587,0.03563378305335163,0.009764957432962754,0.17737084766837224,0.07495375179452278,0.569365210620427,0.5691179154111172,0.568945644137497,0.5532180994954234,0.569365210620427,0.5691179154111173,0.568945644137497,0.5532180994954236,0.599999815240704,0.676311442652245,0.6249998008098997,0.6969256430837454,0.5999998152407041,0.6249998008098998,0.20101049294412837,0.19929035067346246,0.5070921164494466,0.5855774448680864,0.696215258860558,0.5361060423647142,0.3400657605754164,-0.036423731711561214,HOLD,0.0,0.5
0.34954219140855747,0.38406378448443756,0.38880027520335414,0.39198980947663786,0.04828345663783724,0.0,0.0,PPM,2023-01-20 00:00:00+11:00,Financial Services,0.5613385813303208,0.5969700429838455,0.5029631627823883,0.4558962166838031,0.3800889258981919,0.664931477356089,0.3512218424385982,0.6307490472632626,0.28584176640610015,0.6378141341430323,0.29931025592035176,0.677241350868009,0.2479103330842638,0.6255456026869408,0.25384367672648667,0.5374278431154514,0.14134366161348777,0.14134366161348777,0.12030789534924478,0.12030789534924478,0.14994893999168468,0.14994893999168465,0.25035041058557156,0.2503504105855716,0.6296301000158755,0.7448642544154371,0.6908039591839765,0.6586551969412987,0.6482179475712316,0.5766417490288982,0.27540616922532934,0.49423702504419187,0.7274559277653946,0.26143329709674523,0.4608988087098501,0.6733534431754804,0.17835047743086796,0.6993242345294439,0.7212881682632206,0.053043931863043986,0.028555320035576218,0.6287300561649618,0.31137204617241115,0.6411151576588284,0.5779080676140578,0.5250674630586347,0.5975069389021364,0.6411151576588282,0.5779080676140577,0.5250674630586347,0.5975069389021364,0.8333331825597367,0.7097965108150857,0.8333332238932788,0.724794611431165,0.8333331825597369,0.833333223893279,0.22582367246334606,0.17493211606431114,0.5863882132715215,0.6405858429064673,0.7902219994961223,0.6377634466538848,0.3464376443238023,-0.05825232752312215,SELL,0.0,1.0
0.3932973733465541,0.41899684340861987,0.42875583919175075,0.413819712075296,0.09665979466864145,0.0,0.0,PPM,2023-01-23 00:00:00+11:00,Financial Services,0.5374830189473416,0.5736213126271623,0.4309828782056852,0.3894297298944572,0.38564123807136963,0.7093447770685253,0.35916051967602747,0.6580952838599348,0.29306061666239125,0.6593505955795298,0.3026911854212,0.700052742776586,0.24946716818724424,0.6487082542120957,0.2498742278101489,0.5599866651677837,0.14879485043784288,0.14879485043784285,0.11671635413841645,0.11671635413841643,0.07187100965235738,0.07187100965235735,0.2412776918634087,0.24127769186340864,0.6153852917384729,0.7692100821703997,0.6228481854855336,0.668325783025537,0.654686716617953,0.5888610845890421,0.2869988558375349,0.4969664913084957,0.8510388913136877,0.2712853936229864,0.46294888311720406,0.7215742900408468,0.1834678357350763,0.6978887598201082,0.7923971064150783,0.11585950512549939,0.0694977165148326,0.6556573108071488,0.47820706359101994,0.6471728165648925,0.6156899867312132,0.6092959828383556,0.6479584074751172,0.6471728165648925,0.6156899867312133,0.6092959828383557,0.6479584074751172,0.8285715502025062,0.7528489434145575,0.8333334948650171,0.7631146238807146,0.8285715502025064,0.8333334948650171,0.24567424254246234,0.15463361380309992,0.7135577411337073,0.7046846053586736,0.8559195132456644,0.7475760125214714,0.3522997773723172,-0.07643317086950363,SELL,0.0,1.0
0.4107996395258542,0.41463028363486465,0.428755905277999,0.4094538064124942,0.013073724271561804,0.0,0.0,PPM,2023-01-24 00:00:00+11:00,Financial Services,0.47146226331630786,0.508155182744755,0.35900190941949917,0.3263898142700262,0.3921189444212805,0.6809732623212401,0.36561071619909447,0.6392557462789317,0.2997447310447403,0.6455495755366116,0.306072123323188,0.6925685123657942,0.2503258276989806,0.6433352556080325,0.24568804142349943,0.5586091499288292,0.14205695120659667,0.14205695120659667,0.12131121394189114,0.12131121394189111,0.07438308504350677,0.07438308504350674,0.24123668075221866,0.2412366807522187,0.6956526060633168,0.6919711753933542,0.7665529718095246,0.673990317002332,0.6612154360269912,0.5894371543488738,0.2931620553273624,0.5019774044134049,0.7486219955555655,0.2785762146788182,0.4665020993389247,0.6818800774882715,0.18769071040733243,0.6979077905960203,0.7589806720639718,0.11561045072051476,0.06957503264158914,0.09221537902413056,0.06614690666706421,0.6539535136327859,0.6012564728568864,0.5997380326085991,0.6482602248610146,0.6539535136327856,0.6012564728568865,0.5997380326085993,0.6482602248610146,0.8000004972432782,0.8198191160948014,0.8055561615082135,0.823497427456053,0.8000004972432783,0.8055561615082137,0.21589823299936056,0.13839481974459478,0.6783122619735616,0.6796427252711628,0.7909921671673628,0.7332908069790294,0.36154506330495095,-0.051118119857599065,SELL,0.0,1.0
0.39329737209736937,0.40371359677216556,0.4198768109738975,0.3876237790522863,0.015290348737890544,0.0,0.0,PPM,2023-01-25 00:00:00+11:00,Financial Services,0.42785997578413015,0.4642180657841426,0.3446057868497306,0.313202953600687,0.39489510050786936,0.6156434593105775,0.36858772016313024,0.5940651518494955,0.3045572927888174,0.6102384393534992,0.30754208755764534,0.6663394968990236,0.25178892961983124,0.6182911131030873,0.24152719210774554,0.5410653199251892,0.1763164288518171,0.1763164288518171,0.1466416506724435,0.1466416506724435,0.0904648825623598,0.09046488256235971,0.23480895778680372,0.23480895778680377,0.5,0.6110437413974874,0.6940306337718251,0.6716502796826331,0.6658791919794966,0.5715165111871132,0.29218800343616125,0.5075660841663745,0.5043813632016456,0.2813870656010957,0.47126397727005165,0.5926275278896692,0.18977615794081837,0.697510481923455,0.6669179343903084,0.12444112204106314,0.07443816305516333,0.10037069004980555,0.07497399870975612,0.6279121999892614,0.5685568652349633,0.5672219297474336,0.5976310211563819,0.6279121999892612,0.5685568652349633,0.5672219297474337,0.5976310211563819,0.5199996692386336,0.7148994764040144,0.6666663196275108,0.767759624014141,0.5199996692386337,0.6666663196275109,0.193566198540916,0.14854391967516556,0.585173486643637,0.6326455935878293,0.7424717539216669,0.7253146129380341,0.36986582064432116,-0.02272728116170941,HOLD,0.0,0.5
0.4283017886372116,0.4233635902425411,0.4376349849105039,0.4225517729239989,0.008965727267153781,0.0,0.0,PPM,2023-01-27 00:00:00+11:00,Financial Services,0.5708682791033084,0.6062526685070211,0.34460578186011304,0.3144733973796566,0.40785048676408,0.6757962129188524,0.3725570871387198,0.6518913358916631,0.31150878274831295,0.6497141256836747,0.30857107176301923,0.7058660420971085,0.253737603492282,0.6556306820510824,0.23774476896937258,0.5757835536887724,0.19230624275385078,0.19230624275385078,0.16312596364678134,0.16312596364678134,0.10989679825914794,0.10989679825914786,0.22370038179273427,0.22370038179273422,0.6666669841756689,0.6340535290617612,0.7318186002407653,0.6786698823006682,0.6712877337439032,0.5786732416422156,0.3035769105958155,0.5041330245392448,0.7880503515270487,0.28939590281158867,0.4745740416982026,0.6917493087664973,0.19268774778137487,0.6948717018562294,0.7912366301837017,0.1239379792865768,0.07251343088269734,0.06054359793727764,0.0451288101952002,0.7008481031737632,0.5770664580181352,0.6034840367258286,0.5855660897004374,0.7008481031737632,0.5770664580181353,0.6034840367258286,0.5855660897004374,0.8039219955970681,0.7066455799078212,0.8648650812240317,0.7783046171573982,0.8039219955970683,0.8648650812240317,0.2283050713319142,0.1850812383519952,0.6597596014447509,0.680823826703667,0.7369883953129679,0.7469147747795768,0.37735450224975453,-0.03797470529328151,HOLD,0.0,0.5
0.4107996916724721,0.40153045505994645,0.43319547104656375,0.4225517729239989,0.009987756695520595,0.0,0.0,PPM,2023-01-30 00:00:00+11:00,Financial Services,0.4823191664152124,0.5190077938955185,0.4021902855823447,0.3640206025318134,0.41432819311399105,0.6595009817495594,0.3785111092452289,0.6420565665434339,0.3189949933014,0.6410840131104762,0.31048203702941013,0.7044807969191232,0.2559953556448651,0.6541894649969802,0.23451685621908713,0.5778642210371422,0.1720951059741305,0.17209510597413052,0.1463703368740501,0.1463703368740501,0.10549976000849154,0.10549976000849146,0.21683773403720136,0.2168377340372014,0.6896557500463126,0.6752269874247664,0.7318186002407653,0.6833398625029558,0.676730593947272,0.5790030113738197,0.31147289857097493,0.5068651999620144,0.7271017790703833,0.2945911520528679,0.48123788422137703,0.6729773703111597,0.19704692317795613,0.6916753174907149,0.775709446372667,0.09508806571311172,0.07530336366006372,0.08479552377804665,0.04929406902577625,0.6535099725444126,0.5958780061930856,0.6134307211712433,0.607974581937648,0.6535099725444125,0.5958780061930858,0.6134307211712433,0.6079745819376481,0.8039219955970681,0.7079586925396834,0.8648650812240317,0.7981390823383262,0.8039219955970683,0.8648650812240317,0.228305188804596,0.18508124117726577,0.5939045399487624,0.6481630681488116,0.7025786877375215,0.7517783080995213,0.3859430587263589,-0.08316183291400958,SELL,0.0,1.0
0.3932974914111862,0.40153045609514815,0.428755958215121,0.3963558399009892,0.015403777633258486,0.0,0.0,PPM,2023-01-31 00:00:00+11:00,Financial Services,0.41758880727918013,0.4537849255203285,0.37339803369962843,0.33861177806625026,0.41062666929428016,0.5996655533942055,0.37950345807834496,0.5924489504289105,0.32594647562072,0.5979386322384765,0.31107002860399113,0.6738986039237088,0.25808210618851213,0.6239969055252901,0.2306662568068425,0.5560057222349338,0.1885458927644744,0.18854589276447437,0.16845884860846266,0.16845884860846266,0.11397547379365919,0.11397547379365916,0.2219534173988688,0.22195341739886865,0.6249998883758145,0.5817257014927311,0.6868508924451562,0.6789137598116142,0.6800271369005615,0.5583788080330683,0.31205523468045904,0.5079499869778443,0.49359163547875645,0.2901320506549816,0.49581446856937517,0.5719926100242696,0.19822283712830413,0.6909607228363626,0.6778596071048067,0.03387416774739163,0.07890353552849465,0.28593113439714224,0.07367683900498173,0.5828287042336968,0.5499203570356697,0.6059737183936775,0.5749631641544026,0.5828287042336968,0.5499203570356695,0.6059737183936775,0.5749631641544025,0.4999999574705051,0.701261794622858,0.7027025406044114,0.8101905439674261,0.4999999574705052,0.7027025406044116,0.2010106229436724,0.18914093169551527,0.5318292835413492,0.6146257632878552,0.6446933082005689,0.7238340963851071,0.39350098842577064,-0.1288345820373562,SELL,0.0,1.0
0.39767306042749606,0.4320967840472655,0.42875589837447414,0.4181857424996476,0.01788351036203864,0.0,0.0,PPM,2023-02-01 00:00:00+11:00,Financial Services,0.5373050688051024,0.573446539708787,0.43098253621314775,0.38934824678939495,0.4124774312041357,0.6526349633077366,0.3839689852920547,0.6251351391229691,0.33423478234454485,0.6179218504760164,0.3126869959828058,0.6978630128972684,0.2602598438830235,0.6466685441695046,0.2269751574235881,0.5786861441163823,0.2118217936910947,0.21182179369109472,0.17661832731116694,0.1766183273111669,0.11792558548850879,0.11792558548850876,0.22508297565512986,0.2250829756551298,0.6,0.604663171918125,0.7590314802770413,0.680615175983981,0.6830709738503963,0.5559505276842578,0.31649845751910655,0.5112677647639428,0.6481880168146551,0.28486428060047575,0.5131500999632809,0.6650653721739388,0.2017213507806881,0.6885650671545236,0.745147851378855,0.03749760101081606,0.08131683162058458,0.3076273324371604,0.08418514359696229,0.621029667979308,0.5818568597882126,0.6291162482708611,0.600538297269449,0.6210296679793081,0.5818568597882127,0.629116248270861,0.6005382972694491,0.6666671190386747,0.6553020374246157,0.7948720426227364,0.7867830279698877,0.6666671190386748,0.7948720426227365,0.2059734025820314,0.2175587589322321,0.591899207355832,0.6551529244501184,0.6523245309106069,0.7582708023788562,0.40015196656125307,-0.14266261959794746,SELL,0.0,1.0
0.40642416114523083,0.4080803372373628,0.4376349785932607,0.4050877759881426,0.02730495784504477,0.0,0.0,PPM,2023-02-02 00:00:00+11:00,Financial Services,0.4498512389591135,0.4864491193321169,0.3590015647569283,0.3262700515553676,0.4161789814674577,0.6089619588196498,0.38744217785108614,0.5956267228705852,0.33877997615165123,0.5953694270582122,0.3132749875573868,0.6823763805963478,0.2615793793566006,0.631422786745105,0.22306513371508152,0.5690052294476778,0.1955368574803586,0.1955368574803586,0.18345494104598914,0.18345494104598914,0.07645986608497007,0.07645986608497005,0.22420920862580912,0.22420920862580918,0.46428589652916613,0.522297035832198,0.7259401013080364,0.6774953215636079,0.6847604639925863,0.5429364572090148,0.31559461223984275,0.5175884225948799,0.5105807650025653,0.2845740079197703,0.5203086131575038,0.5905798641069507,0.20300396150432132,0.6876769766296149,0.6962391271157715,0.046548759101214365,0.07591287374407547,0.3966229102116246,0.13153936815650158,0.6342049131216285,0.5728535787897607,0.561383082906937,0.5748692360371116,0.6342049131216282,0.5728535787897608,0.5613830829069368,0.5748692360371115,0.5416667914768536,0.567485955347469,0.7105262843000547,0.7351680683934368,0.5416667914768538,0.7105262843000548,0.17371605980530797,0.21146917691261502,0.5378042620463419,0.6155516967255754,0.5771709107743328,0.6853591985446246,0.40814875146023455,-0.16758309418597372,SELL,0.0,1.0
0.3889219599395879,0.3884305677169456,0.4287559509058756,0.4050877759881426,0.017990758301399786,0.0,0.0,PPM,2023-02-03 00:00:00+11:00,Financial Services,0.4823191664152124,0.5190077938955185,0.4165864114472455,0.3767658649271208,0.4124774312041357,0.6181146054460132,0.3924038653029165,0.5876845580302181,0.34305780202178604,0.5906511845348252,0.31371598018818014,0.6820618943258253,0.2625898342635913,0.6307897743839501,0.21909349520909438,0.5715716793236602,0.12669922807654044,0.12669922807654044,0.17420103288845523,0.17420103288845523,0.07678958623467952,0.07678958623467944,0.22407690951241804,0.224076909512418,0.4814813246872278,0.5682548169709634,0.6586241815115863,0.6742346680262552,0.6853328286687524,0.5322018732291499,0.30599369365457063,0.533746775588761,0.4577341516672195,0.28355690163554614,0.5277182575393166,0.5807765754731081,0.2039854706272879,0.6869791152732108,0.693722491405287,0.053347730414652295,0.0815776097430345,0.23876955041179573,0.0845625985975692,0.5829895396787981,0.5870138602357633,0.5566862520171141,0.571241572358192,0.582989539678798,0.5870138602357633,0.5566862520171142,0.571241572358192,0.5416667914768536,0.5814380831127549,0.7105261855337937,0.7377845013631035,0.5416667914768538,0.7105261855337938,0.14890287841389177,0.16275285925922944,0.4875215090275153,0.576193042323182,0.5898758944806062,0.6072193715683138,0.4572718586968362,-0.1708994520485464,SELL,0.0,1.0
0.3932974319473421,0.3906137768131258,0.42431638459450927,0.39198980947663786,0.011462332335303832,0.0,0.0,PPM,2023-02-06 00:00:00+11:00,Financial Services,0.44953904640537556,0.4861345369398347,0.35900190963946915,0.32590736583346847,0.4059997248542244,0.5995693509863047,0.3924038653029165,0.5638962015003066,0.34519672259702894,0.5709053810422773,0.31445096230540903,0.6664830100880564,0.26305116980268783,0.616099451070949,0.21514938336365197,0.5618596728431887,0.12993432220599194,0.12993432220599194,0.1531758412331501,0.1531758412331501,0.07313632127887104,0.07313632127887101,0.2211494320764768,0.22114943207647675,0.5200001828849414,0.4935932745603021,0.6187240700843064,0.6672998644937957,0.684133448600566,0.5151769791348195,0.30599369365457063,0.533746775588761,0.2653661636701067,0.2831658824991843,0.5313168828606584,0.49619115802952274,0.20520314546374507,0.6864959791554257,0.646237762783773,0.054458596120968206,0.07974722945406797,0.15286122242961295,0.05496038084968034,0.5640300488737562,0.5408715705169488,0.5205694317774484,0.5786981739840721,0.5640300488737561,0.5408715705169488,0.5205694317774483,0.578698173984072,0.41666646391503265,0.4977254333549461,0.49999996401840996,0.6391715101987162,0.4166664639150328,0.49999996401841007,0.1315336307829716,0.12824544479464928,0.45335437657252414,0.5489644005400556,0.5462927687311364,0.576312181880315,0.4561868634315379,-0.1561526114230053,SELL,0.0,1.0
0.3845463769924815,0.3840637776071719,0.4198768640181971,0.40072174556379125,0.006426022559821213,0.0,0.0,PPM,2023-02-07 00:00:00+11:00,Financial Services,0.5043846443739329,0.540958447397332,0.41658641082396586,0.37680697863883866,0.40692509258734666,0.6203804899755454,0.39091535623167983,0.5821247223551402,0.34867245229642596,0.5787090873095297,0.3157739359972185,0.6755805967028835,0.2635952589717605,0.6253609922372572,0.21126907134749162,0.5725597639398953,0.10005806227063421,0.1000580622706342,0.1376912645056495,0.1376912645056495,0.06794005191203883,0.0679400519120388,0.22084991833834705,0.220849918338347,0.36842041937259545,0.5372550397761318,0.5956432806809108,0.6635671306510684,0.6822818998702677,0.5089102172666164,0.30444543296552107,0.53269848861051,0.4123656140930729,0.2809957361561366,0.5385514774778494,0.53787563106706,0.20735384670761547,0.6856931992745963,0.6704912708073114,0.04769523996498891,0.07984188967705604,0.09909961102078953,0.03146005000888624,0.6147109481560953,0.5275578784651843,0.5429761811292744,0.5934752477550032,0.6147109481560951,0.5275578784651843,0.5429761811292746,0.5934752477550033,0.49999961873599863,0.4837731921645051,0.5636361194364917,0.5900475694092492,0.49999961873599885,0.5636361194364918,0.11168299390982234,0.12012606729289821,0.4361788420554837,0.5388708184897684,0.558966930186207,0.5427530144286734,0.45389334853813146,-0.13496291752470846,SELL,0.0,1.0
0.3845464357183588,0.3884305677169456,0.42431643706218325,0.4050877759881426,0.016691087011322343,0.0,0.0,PPM,2023-02-08 00:00:00+11:00,Financial Services,0.49328111204687564,0.5299303973493887,0.43098253731214636,0.38959335474586404,0.4041489365007578,0.6388801311515611,0.3904191818151219,0.5908553301680104,0.3518808293392026,0.5809968053462902,0.3179788865494748,0.679028373408899,0.26455542103635254,0.6295599380743486,0.20760549680164275,0.579053845857265,0.05331879306608744,0.05331879306608743,0.13819969855339087,0.13819969855339087,0.06705371953710276,0.06705371953710274,0.2157683682922809,0.21576836829228085,0.3999997142420342,0.5590862343028138,0.6365932639432896,0.6611853700977802,0.6802314703382994,0.5069991493226493,0.3038561008945273,0.5324118888127518,0.48331133066831283,0.27955572298267883,0.5447206526067007,0.5571777714878164,0.21024942343522457,0.6854754586750091,0.6775913872389814,0.046796932565908486,0.0799370124092769,0.24533491160451198,0.07925954073139292,0.5892492405319782,0.5364194524012176,0.5382124450178463,0.6163850696543485,0.589249240531978,0.5364194524012176,0.5382124450178463,0.6163850696543485,0.5416667914768536,0.4837731921645051,0.6000001900864886,0.5530847648464428,0.5416667914768538,0.6000001900864887,0.09679513714440408,0.11606647353120547,0.44660156978295074,0.5504180908439327,0.5924314642789389,0.5569302492992869,0.45034030341089626,-0.14105177333876884,SELL,0.0,1.0
0.3976730672973616,0.3884305224038621,0.41987687788498707,0.4094538064124942,0.002432456767971422,0.0,0.0,PPM,2023-02-09 00:00:00+11:00,Financial Services,0.4932459771648909,0.5298954445207155,0.4021902855823447,0.3640206025318134,0.4050743306774911,0.6481270000187238,0.3929000397194746,0.5948201182914612,0.3548218460851833,0.5835665179904275,0.32047783498930693,0.6822602205412142,0.2652755420131827,0.6339059594303342,0.20372737346356184,0.5857138596183217,0.03787462964808214,0.03787462964808215,0.11829404009915999,0.11829404009915999,0.06612792252882238,0.0661279225288223,0.21547841085401492,0.21547841085401487,0.6,0.6078572786315364,0.6288243667418861,0.6598892069712956,0.6782813710578619,0.5079632339698381,0.3025281628214165,0.5375120259610213,0.5199660772153047,0.2790359319490523,0.549652624605189,0.5795949898383038,0.21339764445859388,0.6854456651809187,0.6837535882881987,0.028059332587051063,0.07535146462027915,0.0634795118401588,0.013215065298512104,0.614669836091185,0.5634934075269024,0.5335116748353392,0.6240507487843143,0.6146698360911848,0.5634934075269025,0.5335116748353393,0.6240507487843143,0.5454551099007624,0.5268980344128336,0.5833339642177087,0.580953849855246,0.5454551099007625,0.5833339642177089,0.09183259687660689,0.0896785406757582,0.4128131380446842,0.5436383495631287,0.606200521649428,0.5286813628888773,0.447000440991295,-0.14049038015764748,SELL,0.0,1.0
0.3976731127027726,0.3884305677169456,0.4154374093747981,0.4050877759881426,0.010325203482918594,0.0,0.0,PPM,2023-02-10 00:00:00+11:00,Financial Services,0.47142726604067275,0.508120143270322,0.38779381648672917,0.3513564784736868,0.4050743306774911,0.6365609807201431,0.39091535623167983,0.5900618697463209,0.35589131019289244,0.5766423721491187,0.3234177802605016,0.6751750279955545,0.2641553556053551,0.6298100889366185,0.19981734975505505,0.584176489832302,0.04104500994274527,0.041045009942745264,0.061807257348975506,0.061807257348975506,0.051145171478265306,0.05114517147826528,0.21206432081469856,0.2120643208146984,0.3636365997994504,0.5218136579929814,0.6011177733611237,0.6570576675344694,0.6760446134171648,0.5052087016139617,0.2977697931268597,0.5384254931748746,0.47244290066277084,0.27981435747249295,0.5505718560848166,0.5374902114121474,0.21599395342786165,0.6872114611316273,0.6627193045837371,0.022284517285621603,0.07458130966272748,0.2549927065525922,0.0511136292401378,0.60826892095022,0.5232322923437508,0.5027040889448714,0.6362902834798176,0.6082689209502199,0.5232322923437507,0.5027040889448713,0.6362902834798176,0.3124997751373065,0.4641137639913881,0.5416667914768536,0.5736067278278723,0.31249977513730665,0.5416667914768538,0.06701941843312409,0.06532050214424323,0.3633654257107758,0.5221962050191324,0.5068766390206442,0.4905742631889031,0.44386097031687,-0.15100103010513632,SELL,0.0,1.0
0.38454646510265644,0.37533061188308137,0.37992132738136863,0.37016003163952904,0.016000490467211782,0.0,0.0,PPM,2023-02-13 00:00:00+11:00,Financial Services,0.3949059293745792,0.43063037579432006,0.31581352852174127,0.28730234588966214,0.4004474391246584,0.5553614992279039,0.38496133412517075,0.535875684697509,0.35589131019289244,0.5305525917031715,0.32547574447067973,0.6337758217132082,0.26423537006342723,0.5913752538274728,0.19596018886641886,0.5536833367797224,0.1265294042180531,0.1265294042180531,0.10877524166570822,0.10877524166570819,0.07388832058150885,0.07388832058150882,0.22318803840828333,0.22318803840828327,0.25000089299428124,0.36111944551987757,0.46428310058410593,0.644653199966227,0.6712908011304798,0.48102204102745205,0.3000440486367808,0.5269683067767621,0.05705155050216776,0.27981435747249295,0.5505718560848166,0.2545406242791807,0.2163992998143649,0.6907436406195357,0.5478003633559454,0.025703320704425024,0.07034873350325922,0.35430397252140106,0.08021206068208607,0.5759541743168957,0.48795398802484696,0.4856326423903839,0.6139186189950011,0.5759541743168954,0.4879539880248469,0.4856326423903839,0.6139186189950012,0.20833329413412227,0.3524971352197673,0.2083341721929898,0.4426232934358046,0.20833329413412238,0.20833417219298989,0.07694465776580056,0.06938007282406511,0.13576957032036613,0.3753327093312789,0.20208080261373904,0.4439234060154548,0.4395923271220009,-0.12185154328957304,SELL,0.0,1.0
0.3582931812009549,0.36659721812353674,0.38436070313979864,0.3876237790522863,0.0069288516836172424,0.0,0.0,PPM,2023-02-14 00:00:00+11:00,Financial Services,0.52717563659691,0.5634831345105382,0.4597747843149596,0.41617555675518564,0.39767128303806953,0.6086950792730628,0.3839689852920547,0.569325292044099,0.35589131019289244,0.5535973172939157,0.32768069922350573,0.65221480486908,0.2636752734298322,0.6109133553917421,0.19210740168766405,0.5727325816303154,0.14588869798886384,0.14588869798886384,0.10502736412299231,0.10502736412299231,0.07388832058150885,0.07388832058150882,0.22418371997825942,0.22418371997825948,0.39999942848243514,0.4257775578476,0.5408649212546548,0.639293816548514,0.6662069716783401,0.4778508690462256,0.3004142355158288,0.5250663541206597,0.32455941996517407,0.27981435747249295,0.5505718560848166,0.3960144071526011,0.21774310578232425,0.6930491884320402,0.5999065916334735,0.02608212502933845,0.06741912293757497,0.16083034049702474,0.03633353282509504,0.5890046130855009,0.531881163997963,0.4856326423903839,0.617148147717042,0.5890046130855008,0.531881163997963,0.4856326423903839,0.617148147717042,0.37499859796828783,0.2954198196611985,0.3749992911741776,0.3729506904232796,0.37499859796828794,0.37499929117417774,0.07198187789834715,0.06938006945448782,0.22712928889853137,0.39487624355047557,0.2526411176505834,0.4985613286640072,0.4313449461373421,-0.13997500910160054,SELL,0.0,1.0
0.36704434594438107,0.375330589747778,0.37104227794060174,0.3963558399009892,0.008890887583612046,0.0,0.0,PPM,2023-02-15 00:00:00+11:00,Financial Services,0.5044566027343742,0.5410298001318314,0.4597747893477781,0.41583467502015414,0.395820521128214,0.6366058387250861,0.3814881415661393,0.5892536434366946,0.3569607743006016,0.5639697149768621,0.3291506718591033,0.6611639605765057,0.2639953289756658,0.6203130113155666,0.18874970242387357,0.5832349918039884,0.15048818621837895,0.15048818621837895,0.08483034945673261,0.08483034945673261,0.07341514497106516,0.07341514497106513,0.215891699210832,0.21589169921083196,0.5263161061036522,0.5069896868056255,0.5222829721206581,0.6371145777564582,0.6616191159992297,0.4826167366952216,0.29465274661889884,0.526048230489381,0.4696493381365417,0.27951996783889177,0.5524605265513479,0.45900244710843935,0.2194428176083998,0.6932791281370865,0.6241690921003984,0.020205875745888998,0.06533644386209393,0.23463283463549076,0.04669435562465865,0.59546727357771,0.5187525695988987,0.5028156668393715,0.5973836838496817,0.5954672735777099,0.5187525695988986,0.5028156668393714,0.5973836838496817,0.49999981158605883,0.35820415465843297,0.49999981158605883,0.3590161546772513,0.499999811586059,0.499999811586059,0.09431379150954727,0.08967852123734277,0.2865868864834892,0.40194448253967996,0.3180590067313426,0.49193625091000553,0.4239223032511489,-0.1521993187144104,SELL,0.0,1.0
0.34079124427175156,0.3491308717968674,0.37548183594628326,0.34396422337806865,0.039435668693407706,0.0,0.0,PPM,2023-02-16 00:00:00+11:00,Financial Services,0.35035337778384656,0.38468748714367385,0.3733980327390338,0.3375954260568977,0.3819397935824924,0.5308829325600093,0.374541798983389,0.5042114312529951,0.3550892369426806,0.49681543217570767,0.32885668237266774,0.6015417538800095,0.26191497821679244,0.5639739185044998,0.1851324292215033,0.5357944006567515,0.2415900623239686,0.24159006232396857,0.17426487228770887,0.17426487228770882,0.13281853692730522,0.1328185369273052,0.2412599408534108,0.24125994085341063,0.27586264659917503,0.2821058422435095,0.43384652355588216,0.620647138836954,0.654013460805288,0.4536183624645695,0.30613499492063334,0.5051072185674956,0.06350938172345644,0.284927558866664,0.5447344129269552,0.10815363292133673,0.2193324959110612,0.692859772369687,0.45726435687177813,0.04808209860112973,0.08188702841980484,0.5548742635763332,0.1833000884797557,0.5125632270695395,0.47834303326436955,0.4554641574932904,0.5531212416358692,0.5125632270695394,0.4783430332643695,0.45546415749329033,0.5531212416358692,0.03846190635924714,0.3013227677611141,0.03846190635924714,0.3022063938852997,0.03846190635924718,0.03846190635924718,0.08935083166027252,0.10591724271187442,0.20393338790886506,0.28758373617398664,0.2196721474719168,0.4499436341015434,0.4149043132762579,-0.06944875426480435,SELL,0.0,1.0
0.3364157198813038,0.33166436305495306,0.37104232193089737,0.34396422337806865,0.0070434499490405235,0.0,0.0,PPM,2023-02-17 00:00:00+11:00,Financial Services,0.4823191664152124,0.5190077938955185,0.38779415916068927,0.3507638250783194,0.3689844602135044,0.5631887026099678,0.3675954564006385,0.5150950280083755,0.3540197881153222,0.4979236014312016,0.32885668237266774,0.6015417538800095,0.26167494170193883,0.5641175796903546,0.18151515601913282,0.5381151234793388,0.24517941818125952,0.24517941818125955,0.17426487228770887,0.17426487228770882,0.12979769652102313,0.1297976965210231,0.24051321717222368,0.24051321717222351,0.2500002551418743,0.2821058422435095,0.4416566117436451,0.60757681861483,0.6448054057326542,0.43822072219022684,0.308617270774604,0.4918872468055351,0.18228273796513045,0.2879937739758547,0.5403410325008672,0.14622156760292837,0.2193324959110612,0.692859772369687,0.45726435687177813,0.04560980260015819,0.0806918274772727,0.11136048617857731,0.03417415335128968,0.5186573893426498,0.47834303326436955,0.4682222773615938,0.5604982099348407,0.5186573893426497,0.4783430332643695,0.4682222773615937,0.5604982099348407,0.03846190635924714,0.18863355028131898,0.03846190635924714,0.18965942669763095,0.03846190635924718,0.03846190635924718,0.079425394263539,0.08967848757049934,0.24300195307984812,0.2778640483575329,0.22390825827587638,0.4448219111668205,0.4069684820983538,-0.08333748866075075,SELL,0.0,1.0
0.34079109211111835,0.35786397127957315,0.375481682589623,0.3788918429651329,0.00019628711643200473,0.0,0.0,PPM,2023-02-20 00:00:00+11:00,Financial Services,0.5738387312084284,0.609140937237073,0.48856703409966556,0.4432961319565617,0.37083519567974843,0.6533160143453096,0.36610694732940186,0.5819696538505472,0.3532176919445844,0.544919666223286,0.3303266466071251,0.6404134657325516,0.2619949949613183,0.6023466516923535,0.17846114427089077,0.5734267243646455,0.27632710406777705,0.27632710406777705,0.22073740815998216,0.22073740815998216,0.1367027712530095,0.13670277125300942,0.2508220919082171,0.250822091908217,0.39999934683586885,0.4398887284154795,0.5352616072456986,0.6069195834202087,0.6372818963222401,0.4544077105178437,0.30715000250241076,0.49076947675866056,0.45088953615270444,0.2879978698017669,0.5391203481435151,0.3738987737710568,0.2202455251805191,0.6943688918027775,0.5660545087192396,0.033703768725487054,0.058502484522513956,0.016372903302480934,0.0030237277001695785,0.6214072654554099,0.5273424463079185,0.47287052393617346,0.5978819180692889,0.6214072654554097,0.5273424463079186,0.4728705239361735,0.5978819180692889,0.34615274410463587,0.13711790257244058,0.34615274410463587,0.13820891440083904,0.34615274410463603,0.34615274410463603,0.08935059225977299,0.09779786623728315,0.36744761586043023,0.3768454717339895,0.25025037450513776,0.46260001623931174,0.39998495066179796,-0.10730239575059985,SELL,0.0,1.0
0.3582933192065536,0.35349747632708606,0.37992132738136863,0.37016003163952904,0.00892663689673243,0.0,0.0,PPM,2023-02-21 00:00:00+11:00,Financial Services,0.4600376779361036,0.4966976104544764,0.4021902855823447,0.3640206025318134,0.36713369830364884,0.6391244234867726,0.3626337831272455,0.5714377352815168,0.35054405077575,0.5362141537133782,0.33209061713029797,0.6292428044494861,0.26239506267876944,0.5924974218452137,0.17592865139176306,0.5667584949750616,0.2665383864664433,0.2665383864664433,0.21876599312516615,0.21876599312516615,0.12700813521282434,0.12700813521282436,0.24837808636695852,0.24837808636695846,0.38888871249404666,0.3574978683927131,0.4590614085357727,0.6039919962325578,0.6305634571904866,0.4621437211798642,0.3030797457957475,0.4887161262869868,0.40741044398992393,0.2863045855674451,0.5365938766198427,0.3346355873115055,0.2206110786265063,0.6973670226373045,0.5351077894131008,0.0352087922874936,0.018018897202235387,0.1666332105796643,0.06507643386986996,0.582333299348571,0.5095068364501142,0.4437698425078454,0.6059735406947057,0.5823332993485709,0.5095068364501142,0.44376984250784546,0.6059735406947058,0.34146348664923304,0.2385778973645881,0.269230858972653,0.21538413150783728,0.3414634866492332,0.2692308589726532,0.059574368337084516,0.08155898662258032,0.3693787759608177,0.377048376196129,0.15626440934834188,0.3619388723098817,0.39383944299762896,-0.10142947959866322,SELL,0.0,1.0
0.3407912219424851,0.349130849215887,0.3754818134415019,0.37016003163952904,0.005637867142522321,0.0,0.0,PPM,2023-02-22 00:00:00+11:00,Financial Services,0.4823191664152124,0.5190077938955185,0.45977479028941315,0.4168709554816453,0.3615814125740826,0.6534732039938751,0.35866444450853097,0.5778694799940036,0.34813776990371115,0.5387738307133383,0.33444257082691164,0.6276375831559676,0.26407534572019165,0.5914727637058865,0.17373502804837448,0.5682068962177637,0.260959293604299,0.260959293604299,0.21743948740606378,0.21743948740606378,0.1269654376383028,0.12696543763830279,0.24486375663662813,0.24486375663662807,0.5,0.38543064977588776,0.4095051179247087,0.6017196241491162,0.6246456568749581,0.46983714942199156,0.29647951514571735,0.488041044873498,0.4303876107555857,0.2847954174916041,0.5343066836594835,0.3482294359958703,0.2203866593625714,0.7025219879002564,0.5312217867665392,0.03275814224794568,0.014587695373535575,0.1153825218357835,0.04356534487883392,0.5696162054465339,0.5051409778011893,0.4478356921577413,0.6219739295240219,0.5696162054465338,0.5051409778011892,0.4478356921577414,0.6219739295240219,0.42424277011739614,0.3677565121769333,0.269230858972653,0.2925593486148355,0.4242427701173963,0.2692308589726532,0.06205563970760697,0.06126049899603769,0.3678794930420615,0.3828585270454845,0.1833622601875837,0.08846381862165975,0.3884313962531599,-0.12185154328957304,SELL,0.0,1.0
0.37579527664916235,0.38843045552291244,0.38436070313979864,0.3876237790522863,0.02137107302565648,0.0,0.0,PPM,2023-02-23 00:00:00+11:00,Financial Services,0.52717563659691,0.5634831345105382,0.4021902855823447,0.3640206025318134,0.37083519567974843,0.6770107965786956,0.35618358660417826,0.6143825497004232,0.34813776990371115,0.5619267295355934,0.337382507696967,0.6455016605396745,0.26639573299391817,0.6092350817922505,0.17179222848909448,0.5862230402914849,0.1305976507492042,0.1305976507492042,0.22798947314857637,0.22798947314857637,0.12520324252161286,0.12520324252161283,0.24705473446450016,0.2470547344645001,0.5,0.4381057780631248,0.4579005472531249,0.6047877636988913,0.6206446372766586,0.48825571045731897,0.2889086267696084,0.4905751751398697,0.5996667551572072,0.2847954174916041,0.5343066836594835,0.45508768024523794,0.22070710670745886,0.7079884652872679,0.5842629627111948,0.019149250791745082,0.017393584719434987,0.5544467983464216,0.15188510514963563,0.6752840592076126,0.5186111071598419,0.4856326423903839,0.6373427221774071,0.6752840592076124,0.5186111071598419,0.4856326423903839,0.6373427221774071,0.6666651053010259,0.4750799870798772,0.4230757283091045,0.3182844209838349,0.666665105301026,0.42307572830910467,0.11168223211273548,0.07749925494435528,0.488911141523908,0.48118238078166875,0.31895714121327,0.1801392575191762,0.3487723867937226,-0.146694050021135,SELL,0.0,1.0
0.37579529649233034,0.3665972379263557,0.38436072275021793,0.3614279707908261,0.01126470879595144,0.0,0.0,PPM,2023-02-24 00:00:00+11:00,Financial Services,0.4159078063405529,0.452074365337687,0.3158135362115998,0.28680417585473816,0.37453669305584825,0.596535671719705,0.3512218991523479,0.57372847438946,0.34439465698699245,0.5311674264624657,0.338999470875212,0.614611250464221,0.2685560982108637,0.579168315438942,0.17002770364173925,0.5622891206522017,0.1890909907682709,0.1890909907682709,0.2429092878912102,0.24290928789121013,0.11025996219819018,0.11025996219819015,0.25256700700612894,0.2525670070061289,0.37499921862511953,0.4092654939963531,0.4496716474883762,0.6000018725608938,0.6163000945367704,0.4849547580356206,0.2788591824683151,0.49127478942143,0.39092561297951817,0.2810803223765994,0.531984542154157,0.31145483700958876,0.2204758125098596,0.7116577104194592,0.49353643729924124,0.022329319391823994,0.01845442672982693,0.27631254110827536,0.08096069547959177,0.6350748613516984,0.4962082019929335,0.4273954256460437,0.6023269197465088,0.6350748613516985,0.49620820199293353,0.4273954256460437,0.6023269197465088,0.31249819507205084,0.46538096726037204,0.19230677569569865,0.2925589810560425,0.312498195072051,0.19230677569569876,0.12905148032822283,0.0754693623102135,0.40776788676953263,0.421088707976842,0.3199877887524203,0.1861118152934756,0.35010776411296474,-0.12631462014388806,SELL,0.0,1.0
0.3451667019303728,0.34476417757275557,0.3488446861707062,0.3483301290408707,0.0172246538622873,0.0,0.0,PPM,2023-02-27 00:00:00+11:00,Financial Services,0.4484539332932063,0.48504089096907316,0.3733980341978868,0.337683217257421,0.3680590395931598,0.5773898253139866,0.3487410554264325,0.5533011562411938,0.3398494555397109,0.5185605147468002,0.3400284550805863,0.5990358350088719,0.26919620472962213,0.5644178966816593,0.16816747950624555,0.5509449035699455,0.11506553864257052,0.11506553864257053,0.21798566693398141,0.21798566693398141,0.11226409053191,0.11226409053190997,0.2542886116443172,0.25428861164431715,0.5217389143588406,0.3592486220933414,0.342127792059262,0.5927180743877889,0.6110837861759232,0.47657786434412774,0.2795351507763353,0.4867339971491409,0.2941865044484536,0.2776901238461684,0.5281518393967758,0.2553625359540862,0.2201527890882502,0.7142786212177905,0.44653576342057844,0.03515757190203188,0.021793820475807926,0.3102597823070047,0.11887890782808283,0.5625847012594342,0.5179522114028936,0.4149161324369381,0.5870255223084614,0.562584701259434,0.5179522114028937,0.41491613243693815,0.5870255223084615,0.33333289530048704,0.4349398209909339,0.2258063395317694,0.27803667778402696,0.33333289530048715,0.22580633953176954,0.16379009892359558,0.0673497768644512,0.2925142118137201,0.3406430882796172,0.29935332136419945,0.13114087345162379,0.415541252755827,-0.07602146305770974,SELL,0.0,1.0
0.33641549315711017,0.32729750960630277,0.33108647421551196,0.309036229506356,0.035137231422844376,0.0,0.0,PPM,2023-02-28 00:00:00+11:00,Financial Services,0.37970314141875505,0.4150227879186531,0.2726251702409573,0.24470960545036524,0.35510365333694915,0.5026182835280046,0.33981002935588744,0.49397585550948686,0.33450215792169136,0.4717101454488335,0.3407634329972451,0.553914952638589,0.26839606929472026,0.5217874018910227,0.16583531767174198,0.5147104064425311,0.1751499530598883,0.17514995305988829,0.23938513603795164,0.2393851360379517,0.13061102046707457,0.13061102046707454,0.2596423510166987,0.25964235101669864,0.37499888375116763,0.2865622355905625,0.2847918066472308,0.57635820700689,0.6030010761659431,0.4490342891966054,0.28494283215834404,0.4678356127460872,0.12012073713608074,0.28430106982231096,0.5140647164316533,0.12495209220229653,0.2190856044247136,0.717510806220371,0.30707083999653756,0.054903219270443004,0.03089962516710075,0.4479255911512062,0.22356157560093495,0.5162988199085393,0.4594335261432487,0.40082647185714027,0.579911392631612,0.5162988199085393,0.4594335261432486,0.40082647185714027,0.5799113926316118,0.0799997888658873,0.23849510313409447,0.05714276735208962,0.1556590555404715,0.07999978886588754,0.057142767352089674,0.19852877361012472,0.09170796142838056,0.19655227891407673,0.27145449081817435,0.17340040518901084,0.1060645680333695,0.4137885695109299,-0.0651861934791439,SELL,0.0,1.0
0.2970357804675461,0.32293088317755647,0.33996550070755704,0.309036229506356,0.025979727466614904,0.0,0.0,PPM,2023-03-01 00:00:00+11:00,Financial Services,0.4823191664152124,0.5190077938955185,0.4021902855823447,0.3640206025318134,0.34214826708073853,0.5352876297924003,0.32988665445222654,0.5098496505197103,0.32781803589916714,0.4786446514906737,0.33929346036164754,0.5548662004201145,0.2678359703746711,0.5221119026803112,0.1637187994242948,0.5160575918891689,0.1751499530598883,0.17514995305988829,0.2332437078588369,0.2332437078588369,0.11631583268548379,0.11631583268548376,0.2144652263534989,0.21446522635349885,0.1666656744460731,0.2741726581623267,0.32146616891266355,0.5638768836521086,0.5935521350715172,0.4359060213717882,0.27877437802745786,0.4572839776120714,0.19874378640196227,0.28432213617366675,0.5039041726474779,0.18102313177378077,0.2196834464598023,0.713544894985733,0.31344789372885495,0.07022767901807878,0.03463554349537039,0.27418527950141475,0.16168048034033553,0.5162988199085393,0.4509685329489246,0.3813075931693377,0.5236127360199997,0.5162988199085393,0.45096853294892464,0.38130759316933777,0.5236127360199997,0.0799997888658873,0.16064307655296592,0.05714276735208962,0.11045665040391422,0.07999978886588754,0.057142767352089674,0.21341663007915296,0.09982723967070761,0.25494852292833714,0.3043586391469142,0.2766221621634166,0.1999057289079259,0.4096856156609162,-0.05448216481340651,SELL,0.0,1.0
0.29703577448303675,0.301097744999702,0.335525981410443,0.3177681655935094,0.012139898755940608,0.0,0.0,PPM,2023-03-02 00:00:00+11:00,Financial Services,0.5058303144592252,0.542391663356059,0.4309825333001941,0.3913569910896575,0.32734214535828343,0.5978351831204693,0.3269096221313159,0.5312114392876024,0.3224707382811476,0.49599256202579967,0.33885246353028453,0.5650782320079505,0.2669558204816971,0.5322074423301566,0.16160446985492727,0.5258163539158803,0.1496112838554777,0.14961128385547767,0.17391700313780695,0.1739170031378069,0.11921065672273728,0.11921065672273726,0.21076663753461006,0.21076663753461,0.2499988093367054,0.30439078088201155,0.28549958789723806,0.5569771953143045,0.5843441021779008,0.43822093531089407,0.2804088417086126,0.45112868796684724,0.29053551282712575,0.283214752043091,0.49679164364677997,0.2523202257157605,0.21994002562753634,0.7122295359607171,0.3452023173126092,0.06327341051628764,0.0276377788024927,0.14336331826684198,0.08102584591167555,0.5045255081192258,0.5128143971859737,0.4013701002094081,0.5492448867474649,0.5045255081192257,0.5128143971859737,0.4013701002094081,0.5492448867474647,0.15999968708346898,0.10260250004450701,0.13559292239762882,0.08028690714146186,0.15999968708346912,0.135592922397629,0.2034911894537949,0.0632899347260013,0.271229293623256,0.3063451463803111,0.2751260543612154,0.1298244547872211,0.40574677996490294,-0.06095830359534371,SELL,0.0,1.0
0.30141148863861367,0.2923646823399847,0.3133284981187401,0.3134023846922569,0.0387731370306253,0.0,0.0,PPM,2023-03-03 00:00:00+11:00,Financial Services,0.4706446103277452,0.507336449565844,0.4021902855823447,0.3640206025318134,0.3171629680758843,0.612377395655824,0.3234364437507218,0.5285805639257422,0.3168560880065079,0.4960413223460918,0.33988144773565887,0.5594466708533216,0.2663157139629386,0.5277875874639955,0.15961227143941792,0.5228895323458257,0.14050986103634946,0.1405098610363495,0.1737599171672881,0.1737599171672881,0.11879949275706853,0.1187994927570685,0.1863785485023623,0.18637854850236224,0.23999926845521743,0.351485540861658,0.29863107089097685,0.5509282846307917,0.5755321137638446,0.44202657116371463,0.28179694252450194,0.444392611896093,0.2968281636137593,0.28120861086256976,0.4900856259687859,0.2620403724328897,0.21847163547661408,0.7167128873154953,0.32399329826100864,0.08399677575853677,0.037227599405953146,0.35000913074670975,0.235697079743202,0.5355285263470695,0.5081384466105516,0.3971571657301758,0.5877727692661495,0.5355285263470694,0.5081384466105515,0.3971571657301758,0.5877727692661495,0.24137997629612193,0.15664061087071823,0.23728877856603606,0.14053247903902402,0.24137997629612218,0.23728877856603614,0.17867782462122667,0.07343903047664269,0.26858172316293755,0.2947558410518719,0.24767777983199166,0.12097834588724193,0.4019654976967303,-0.05062003739805243,SELL,0.0,1.0
0.2751582387199216,0.2923646823399847,0.31110879409719483,0.3134023846922569,0.024181570427232693,0.0,0.0,PPM,2023-03-06 00:00:00+11:00,Financial Services,0.4823191664152124,0.5190077938955185,0.48856738489274704,0.44746886262702285,0.3097599204364623,0.632098787445615,0.3159939409298509,0.5407727775650388,0.31204353390260575,0.5011553732196168,0.3385584782444191,0.5603063674927132,0.2659956607035592,0.5279739586348131,0.15780491103536365,0.5240512628055382,0.1435634334222632,0.1435634334222632,0.11075474601191095,0.11075474601191095,0.11754840284488544,0.11754840284488541,0.12680101869689886,0.12680101869689886,0.09523816003614172,0.2971143571380299,0.29863107089097685,0.546815145838076,0.5674995695954537,0.44951633839863103,0.2734608702200625,0.4396614947279476,0.3315410192498657,0.27996360614804416,0.483908797927041,0.2860068594816411,0.21890078676716263,0.713320668277466,0.3292612898501874,0.08923774124392544,0.043096764485827735,0.20939642838593872,0.14221076202916844,0.5548359594935355,0.47256314546041944,0.4090602963526488,0.5273014309761467,0.5548359594935355,0.47256314546041944,0.40906029635264873,0.5273014309761466,0.25423763325883775,0.2149841045508006,0.25000032552956725,0.2050291271128505,0.25423763325883797,0.2500003255295674,0.17619655753836477,0.09170758634804377,0.2996829801514025,0.32266003379491925,0.19718444942534646,0.11656551157556,0.3955189224976735,-0.07906588927214808,SELL,0.0,1.0
0.2970357804675461,0.2967311246050791,0.3177678286310994,0.309036229506356,0.01608184521249041,0.0,0.0,PPM,2023-03-07 00:00:00+11:00,Financial Services,0.47060348905513333,0.507295268764653,0.4021902855823447,0.3640206025318134,0.3097599204364623,0.6197130881801365,0.30904756999022576,0.5438835569929006,0.3064288759877909,0.5012219522318253,0.338999470875212,0.5550565977433103,0.26567560515772604,0.523364960629753,0.1559040381981116,0.5210577153313721,0.012449249484032907,0.012449249484032913,0.11065761139786574,0.11065761139786574,0.11397811727240231,0.11397811727240229,0.0881949256879046,0.0881949256879046,0.12499977675103083,0.2598190037082952,0.3125459323330607,0.54306513317296,0.5601773603108016,0.45634202601853835,0.2657566736361552,0.43518041142044783,0.3390303773655469,0.27662085864829145,0.4784105799630408,0.29044344086245033,0.2183350694153039,0.71513869747644,0.311509659420111,0.07488244166444857,0.04755234718039726,0.16344180516636922,0.09262244966816352,0.60826892095022,0.47669728640480896,0.3968725543050545,0.5720651061526808,0.6082689209502199,0.47669728640480896,0.3968725543050545,0.5720651061526807,0.22033791128089675,0.2351883421226954,0.22033771937408425,0.23337001972981733,0.22033791128089686,0.22033771937408442,0.14642071221756398,0.10185685603459504,0.33459414532474485,0.35271163539015327,0.21701044530382066,0.17530676759298752,0.38727229669219543,-0.06875413734273172,SELL,0.0,1.0
0.3014115897069878,0.31856454765215314,0.33996578949585254,0.3395983177152666,0.010285277848171999,0.0,0.0,PPM,2023-03-08 00:00:00+11:00,Financial Services,0.5646090243850864,0.6001585498551532,0.48856704851831056,0.44574795004367956,0.31623765322998465,0.6887859007762378,0.30557440578806916,0.6084492903691501,0.30241841805462677,0.5471938354005261,0.340322448767592,0.5889200038264711,0.2651155130970393,0.5572648915349434,0.15428807819347323,0.5516452578555538,0.10780820572968575,0.10780820572968576,0.1633146486779627,0.16331464867796264,0.13998926350556296,0.13998926350556293,0.09992701565398493,0.09992701565398487,0.4500010001514515,0.47023928586421904,0.37227767154099467,0.5492451030006656,0.5557964753540433,0.4846055415949705,0.2569004010943903,0.4372329646816284,0.547834433217964,0.26992362672700954,0.4783775872349868,0.41949482711978126,0.21731940923732251,0.7194846350990034,0.4130355611656144,0.06305909032847117,0.04459645067331326,0.12294317307012907,0.06125691674476726,0.6564742399489697,0.5087846249428428,0.42243597654192255,0.5950784051366879,0.6564742399489695,0.5087846249428428,0.4224359765419226,0.5950784051366877,0.45762821573295814,0.30759900488582165,0.4576278171543764,0.30705719882227284,0.4576282157329583,0.4576278171543765,0.12160778832457225,0.11403619266910836,0.43157492280583337,0.43648631330667537,0.29837241726442665,0.21272596305683084,0.37968540095115577,-0.10812241554388535,SELL,0.0,1.0
0.3145379036885536,0.3360307917795252,0.35772358280356875,0.35706194036647454,0.05774132164542394,0.0,0.0,PPM,2023-03-09 00:00:00+11:00,Financial Services,0.5282325276495466,0.5645240669012062,0.5029631553177547,0.458396230962563,0.32456609504613976,0.7153737336561132,0.30210122740747525,0.6480617590909994,0.29921003337167495,0.5745923883662427,0.34193941614640666,0.607674427054904,0.2645554187498984,0.5767876926631297,0.15276891044865937,0.5695452411964806,0.11618077994481119,0.11618077994481117,0.16392642416427688,0.16392642416427694,0.14767280054064252,0.1476728005406425,0.1025116808948246,0.1025116808948246,0.8666667936706304,0.5168171345593214,0.40429266318871204,0.5595334136920654,0.5547504566928846,0.516650646106953,0.24100405918000556,0.4453251425013105,0.7386394598348867,0.26201622201833885,0.4806551038089667,0.5031619544174445,0.21668037038737675,0.7238169080251404,0.47106964974128623,0.09741274129111865,0.07011817265068822,0.45720164551024955,0.28536612306103576,0.669822149787386,0.509201205561971,0.4352365487348788,0.6024712716557534,0.669822149787386,0.5092012055619711,0.4352365487348789,0.6024712716557535,0.5932193542511965,0.4211069397738253,0.5932188375773535,0.4218385109635235,0.5932193542511968,0.5932188375773536,0.1414584229273253,0.12621516198848692,0.4960427580714423,0.49812909552988843,0.45524169759080735,0.30479894723815754,0.37270545686939915,-0.07184790573038313,SELL,0.0,1.0
0.34516674625850197,0.349130849215887,0.36216327162190165,0.37016003163952904,0.019128388312380173,0.0,0.0,PPM,2023-03-10 00:00:00+11:00,Financial Services,0.5162975573378765,0.5527507617763188,0.4453786641126464,0.4035266804434022,0.33659606068200576,0.7194797046530015,0.3030935762405913,0.6715831654582243,0.2970711204366072,0.5949105557979344,0.3439973803565852,0.6211512391330741,0.265275539726729,0.590741750280082,0.15137624939072425,0.5831607526121397,0.10046630444033922,0.1004663044403392,0.148366657913183,0.148366657913183,0.15221353514385616,0.15221353514385608,0.10419313987611684,0.10419313987611678,0.8888892416768931,0.457208598943343,0.42425083313780276,0.5717230581089423,0.5568267097349134,0.5466529053206065,0.245395930769722,0.443141744352769,0.8175140561091894,0.2556667251371587,0.48314749184861794,0.5752323939184856,0.21619965899511473,0.7287898749048021,0.5144333320231164,0.08261344780523165,0.07418031415785471,0.1779977156002356,0.09352000381362584,0.6974846165506217,0.5501001339450772,0.45192772183290186,0.6139186189950011,0.6974846165506217,0.5501001339450772,0.4519277218329018,0.6139186189950012,0.6949156141624474,0.5800191514419927,0.6949150089146274,0.580549658800204,0.6949156141624475,0.6949150089146277,0.1464210867316747,0.1424538257315774,0.5387867345878856,0.5419457011897433,0.49077763446565725,0.34860012842074123,0.29243609992919894,-0.11164055844390108,SELL,0.0,1.0
0.33656155604635907,0.3319615004898019,0.3203518598953712,0.3078176834525015,0.038454734269842826,0.5666666666666667,0.0,PPM,2023-03-13 00:00:00+11:00,Financial Services,0.32218986447251596,0.3553217500319729,0.2681266317576216,0.24058087433081657,0.3354123653102923,0.5491253139109045,0.29848956822886685,0.5591425151974223,0.2932533859270783,0.5137593130525806,0.3442503428767689,0.5502816494258095,0.26469310901036636,0.5225966789650591,0.149343246395093,0.5241061152737442,0.3169561545984147,0.3169561545984147,0.26059621385833764,0.2605962138583376,0.20115827184699564,0.20115827184699556,0.14836693893388603,0.14836693893388597,0.46236525651987626,0.3419731510868993,0.33720688353379646,0.564522760483464,0.5567669928696953,0.5261281307584315,0.24052283210252678,0.4399716587281901,0.3553161323451714,0.2545538732270287,0.47836063869868173,0.3010227993725063,0.21582496678672403,0.7299143382286373,0.2815918544104351,0.0933660791424172,0.08454160016169322,0.3174215254591392,0.17630375015660352,0.5994904913883305,0.4976260095213949,0.42388975786141,0.5671101823473049,0.5994904913883304,0.4976260095213949,0.42388975786141003,0.5671101823473049,0.21087687046027298,0.49739453218303686,0.21087687046027298,0.49802964184464515,0.21087687046027315,0.21087687046027315,0.2030849650358913,0.19286702159101987,0.39530091898822833,0.40704261109944734,0.4456531195828828,0.3139008604851004,0.29414705378686057,-0.06428564735657738,SELL,0.0,1.0
0.304869616843112,0.295815778775785,0.25144729137801347,0.22198435739692512,0.04767922642495676,0.0,0.0,PPM,2023-03-14 00:00:00+11:00,Financial Services,0.2509862661143977,0.27992814399880284,0.08937552118858516,0.06884541682125239,0.31696144131432136,0.3549617458970449,0.2885966202518504,0.4087899232963139,0.28310992238131916,0.40638934661903026,0.3422013930896046,0.45417456516542265,0.2624576337792006,0.42949652357294577,0.14640584624811792,0.4426755414257525,0.4902306517230142,0.4902306517230142,0.3936430071215777,0.3936430071215777,0.3059742211803394,0.30597422118033935,0.22627043923455298,0.2262704392345528,0.28607222268935034,0.2371713398576365,0.2794764665185854,0.5357546435142018,0.5498442460590343,0.4601805057634526,0.26718718961368215,0.4013014657812284,0.0593046667617495,0.2652799914546675,0.4532778809046164,0.07116469180474422,0.2220954532599635,0.7155451807027629,0.012734566721066709,0.11716984088330623,0.10334545261693119,0.3221759457774925,0.19879656957779682,0.4709627514310192,0.44506298671337696,0.32371641299045933,0.5061881415732249,0.4709627514310191,0.44506298671337696,0.3237164129904594,0.5061881415732249,0.0,0.29875519658840094,0.0,0.2996416348639617,0.0,0.0,0.2811431037295579,0.22830445928813325,0.19756598982229207,0.23607334055959933,0.3954608997364477,0.2820314254946733,0.37798379281227723,0.0,HOLD,0.0,0.5
0.25054043581387164,0.2596699735072837,0.24455688173072776,0.22198435739692512,0.046052131519384226,0.0,0.0,PPM,2023-03-15 00:00:00+11:00,Financial Services,0.4823191664152124,0.5190077938955185,0.26812661218682016,0.23189437247627512,0.2920327845248283,0.41742430624324234,0.27870367227483417,0.42459224391854034,0.272431722961618,0.4174142950027646,0.3401524433024403,0.4554080434445379,0.2604621996357963,0.4305791218485726,0.14356086647422428,0.44439734929468366,0.4342662429605472,0.43426624296054717,0.3936430071215777,0.3936430071215777,0.3027800885729763,0.3027800885729762,0.22627043923455298,0.2262704392345528,0.28607222268935034,0.19254040168378345,0.24299701813355132,0.5140144757638949,0.539110606956035,0.42356121402362096,0.27906310528279255,0.37531821760302786,0.17756091422733722,0.2673650793605955,0.43519217628978046,0.14650411623878123,0.2276840596432561,0.7022848044097014,0.05237170991636286,0.14411465815426647,0.12049313659423928,0.2587981445918991,0.17757814498351163,0.4271297934966341,0.44506298671337696,0.3162803329315795,0.5061881415732249,0.42712979349663405,0.44506298671337696,0.3162803329315794,0.5061881415732249,0.039301914424394666,0.07922313178061285,0.034885040930870755,0.07891022580996741,0.03930191442439479,0.03488504093087086,0.29108526753795977,0.25673616218956996,0.18894807476637043,0.24321370378737872,0.3110236158914752,0.22600615311715166,0.37515122635464115,0.02681988039797356,HOLD,0.0,0.5
0.2233756526540469,0.21448752466817778,0.20091703395684402,0.17680869937332266,0.04957744813050303,0.0,0.0,PPM,2023-03-16 00:00:00+11:00,Financial Services,0.3517010493778837,0.3860863528127249,0.20854294639882873,0.1688342897197448,0.25382753093291033,0.38412958783496487,0.26268443417698717,0.36110858432779946,0.2621954160047981,0.3649444134196018,0.33496551237596073,0.4070953939821088,0.2577188640993424,0.3822879041981426,0.1403241971884821,0.4023621362174713,0.38109164852018035,0.38109164852018035,0.4143018771233568,0.4143018771233568,0.30213678018962625,0.3021367801896262,0.22163284054294102,0.22163284054294086,0.24019557854813373,0.17821929591121946,0.18553769765046382,0.4856082408073556,0.5237352045251347,0.3789579892530358,0.2949151320158483,0.3361427271943025,0.16019268998748765,0.2819376395123343,0.4064927516572999,0.1217837610335245,0.2394454408923219,0.6725962087749353,0.0,0.13796443644047265,0.12517295918186433,0.28953843320446543,0.1872553931005909,0.3343471651700736,0.3867953192839021,0.31675125192339626,0.428138505930052,0.3343471651700736,0.3867953192839022,0.31675125192339637,0.42813850593005204,0.022831012232412982,0.016256028512623245,0.019048311355166263,0.014757702133785345,0.022831012232413128,0.01904831135516627,0.3232734199131955,0.26276913775679167,0.1564486983168823,0.18900263855173255,0.28415762171972225,0.17272439522203153,0.36934032215796,0.06772917221392127,BUY,0.0,0.0
0.19621101634156402,0.18737812501206463,0.20091709075055908,0.17229120842789225,0.035537490087500616,0.0,0.0,PPM,2023-03-17 00:00:00+11:00,Financial Services,0.46873718717184526,0.5054257403048436,0.28302290489719323,0.24111280133952073,0.21188859808996474,0.4831244800454564,0.24664795509927084,0.37770847106517613,0.25168246593811183,0.369302836585508,0.32947948407004235,0.40513999620679664,0.25529280606710003,0.3785757284337652,0.13730097096131488,0.39972622477464526,0.3327630723085081,0.33276307230850805,0.4140198415092717,0.4140198415092717,0.30118355894142396,0.3011835589414239,0.22110351331572803,0.22110351331572786,0.13378996655810668,0.18448030194742468,0.2261523540295384,0.46348108376484054,0.5061469586456017,0.35769452820403896,0.3007270660017012,0.3055530652494878,0.22742616364350188,0.29110003694158815,0.3822624302517744,0.17837160575292194,0.2495179532344629,0.6450446746166951,0.052264904239222976,0.15032616814255628,0.13832124873792795,0.19285206406345762,0.12720046801044635,0.31054503878523476,0.3860994742506237,0.31218711827104584,0.4209791140287754,0.3105450387852346,0.38609947425062374,0.31218711827104584,0.4209791140287753,2.8227231152686023e-07,0.016256123031428163,2.355047083402071e-07,0.014757780892763927,2.822723117468229e-07,2.3550470840127957e-07,0.3097637682339757,0.24765795526957324,0.2331642782533141,0.2301601113257158,0.27383491018635187,0.17909248756784846,0.35851138459970977,0.03600007114158266,HOLD,0.0,0.5
0.18262886191166627,0.19641471707231817,0.21010451528562712,0.18132643984185215,0.0494179126443817,0.0,0.0,PPM,2023-03-20 00:00:00+11:00,Financial Services,0.5095925324833633,0.5461186431992927,0.3575025124330587,0.3173879372923067,0.18507837258347548,0.5872497713478344,0.2316382784575346,0.42046808637843447,0.23958391207661744,0.3945906292611778,0.3235626831199072,0.41893960100514616,0.2531923619503891,0.3896494204324259,0.13418973088744512,0.41037640967930045,0.37042095369019695,0.3704209536901969,0.42190332276356873,0.42190332276356873,0.2768822789185606,0.27688227891856054,0.21660054599434447,0.2166005459943443,0.10060503090370147,0.24341790566907046,0.24626516902477083,0.45025161433228955,0.4889147977192038,0.3611161884827188,0.2969307195366053,0.28484568743492755,0.2947761634094013,0.28974470620218185,0.36513058878289295,0.23487145544458538,0.25662705990017876,0.6214345083663304,0.11646560517102961,0.15858523506318542,0.16103407505939005,0.25442431676366845,0.16163570623115034,0.40856316987350283,0.39600940302600385,0.291245803878554,0.41252337676057527,0.40856316987350283,0.3960094030260038,0.29124580387855403,0.41252337676057527,0.04566300324528917,0.01838613185191904,0.038097439323929054,0.015832091542488845,0.04566300324528938,0.03809743932392906,0.3065240036708676,0.27748533555668786,0.3008390954911255,0.29664296761413766,0.3731801116107669,0.25797093102534724,0.3483321832949545,0.003968090885588582,HOLD,0.0,0.5
0.19621095496533902,0.20996929606545678,0.23307252569548997,0.21746661692839564,0.016384879109688416,0.0,0.0,PPM,2023-03-21 00:00:00+11:00,Financial Services,0.5905445556364888,0.6253390498242294,0.4319821291882318,0.3947475528298868,0.18412082297542587,0.703123386872631,0.2212319150840909,0.5116538244390403,0.2302332389679993,0.4560351289214635,0.31930366228577345,0.46290828617950275,0.251354176395052,0.4305518575824181,0.13137335342596357,0.44741117926282226,0.2848931210177212,0.28489312101772113,0.47239661230551383,0.47239661230551383,0.3151326889976838,0.31513268899768376,0.2348653673955829,0.23486536739558284,0.1858731975750358,0.3304017414432637,0.24889950587777313,0.45159593522969554,0.47545033332468933,0.397320407312407,0.2866942627234348,0.2770128425329471,0.3990415599707945,0.2831460188461772,0.3569060871726101,0.32416262488695213,0.26002824015528825,0.6072299453668502,0.21510713350087357,0.1350097627061479,0.16447560626095664,0.09970161794904199,0.05313680728610841,0.600617028481125,0.4400907982262898,0.3344074776827447,0.4529109551463918,0.6006170284811249,0.4400907982262898,0.3344074776827447,0.45291095514639185,0.22831010397887552,0.08719074850949199,0.1904830982458973,0.07316440053878819,0.22831010397887563,0.19048309824589738,0.3233070832395281,0.29121468439316445,0.36356703868558893,0.3646067340530288,0.3570854294826522,0.27932693903674505,0.3387637340684847,-0.038461452668845264,HOLD,0.0,0.5
0.2414855602801731,0.23256060755154195,0.2146981363479532,0.21294925074451454,0.032614900213476856,0.0,0.0,PPM,2023-03-22 00:00:00+11:00,Financial Services,0.46920769425088843,0.5058971576795787,0.268126613515888,0.23090835679896934,0.18220580309016077,0.6947451680683172,0.20683897211206292,0.5276194604741249,0.2206059303896899,0.4601365203187453,0.3145985577301227,0.46060043006127505,0.25023333377492385,0.4261693767417336,0.12849316519636678,0.44474797614792416,0.28539882969565633,0.2853988296956563,0.44042711328621204,0.44042711328621204,0.3143696881817459,0.3143696881817458,0.23369008957117782,0.23369008957117776,0.2439023404504691,0.3060543582315491,0.2530562773350563,0.45316525716608413,0.46505379665937097,0.4268004691808631,0.26316056298087753,0.2742227293957953,0.4132410799043956,0.27501546773935104,0.3496461132198948,0.33077062279664793,0.26307302941593114,0.5926963924833883,0.2233431332424115,0.1248868778280543,0.17692388809311604,0.2094063659409001,0.10075752422806802,0.5929657699541308,0.4047679239373384,0.3299335490166362,0.4424347799421378,0.5929657699541305,0.4047679239373384,0.32993354901663624,0.44243477994213776,0.20548000454516147,0.15599557629865018,0.1714355484545918,0.13049688546312654,0.20548000454516158,0.17143554845459186,0.3804808368258807,0.32580656224839366,0.3775452016577693,0.3849183364414174,0.4125683025218331,0.3293843913054197,0.32976939179560294,0.003860845357511522,HOLD,0.0,0.5
0.17810123093042352,0.19641451359337625,0.2192915991435842,0.21746661692839564,0.004238465292010913,0.0,0.0,PPM,2023-03-23 00:00:00+11:00,Financial Services,0.49548125994597225,0.5321184301114587,0.4915658164000053,0.4576531190066333,0.1908233793520484,0.6830408211749264,0.19097476104866806,0.5654343866950324,0.2101858084537136,0.4782420883678864,0.30975155372254815,0.4687764753910354,0.2490352547383452,0.4318170325292796,0.12620049528207944,0.45058391235959483,0.14778377530723352,0.14778377530723352,0.42876887350748777,0.42876887350748777,0.30749077995017354,0.3074907799501735,0.23301189092685232,0.23301189092685237,0.47825987764389455,0.32109991604158417,0.26279160312944017,0.4573768774809851,0.4577430557713714,0.4564522271290893,0.2241721747807881,0.2823421244403541,0.45312387917316826,0.26108793263346697,0.3464216286767957,0.35215824465972545,0.26513707489267624,0.5794685967665885,0.24721825499774408,0.09073093503631675,0.16901821777617237,0.04045149493261025,0.013732281774101915,0.6798765923096397,0.39284874739602715,0.31930022091032917,0.4396796060111096,0.6798765923096397,0.39284874739602715,0.31930022091032917,0.4396796060111096,0.22831010397887552,0.21715490712291577,0.1904830982458973,0.18145866423844306,0.22831010397887563,0.19048309824589738,0.371589359025793,0.32665221275535994,0.3751797521309763,0.3879864600493874,0.4489687062005877,0.3312270258980234,0.3213147100590942,-0.0076920993386241365,HOLD,0.0,0.5
0.18715619175783038,0.19189638844161128,0.21929169861533282,0.199396528385124,0.00943046833771875,0.0,0.0,PPM,2023-03-24 00:00:00+11:00,Financial Services,0.429871467181225,0.4662575366136308,0.4021902855823447,0.3640206025318134,0.1965684390078435,0.610032271502305,0.17156846439895057,0.5629472319077646,0.20026329113939534,0.4631401401925188,0.3034141707107829,0.4518231306697217,0.24742599581782843,0.4126974314246852,0.12448433921755475,0.4338915004718641,0.18382106136470958,0.18382106136470955,0.41326692422465733,0.41326692422465733,0.3051954653567556,0.30519546535675546,0.2275214612402045,0.22752146124020445,0.4074067255015077,0.30100326894156715,0.20741038327509384,0.4574007586032293,0.4519001701456037,0.4705570130837019,0.15573993726854063,0.31006603308598135,0.42574644659813327,0.2513121897830388,0.34020040976766175,0.33001073040823203,0.2667746711165422,0.5638988937576497,0.2292337289597367,0.07106331380792102,0.16817182588007412,0.10283598242352678,0.030288697412918945,0.6561983932983323,0.36158583907706743,0.324096490283426,0.4056070505724252,0.6561983932983321,0.36158583907706743,0.32409649028342596,0.4056070505724252,0.13698655361208234,0.186575241710783,0.1258767598817844,0.1598526027068843,0.13698655361208256,0.1258767598817846,0.3651789422474467,0.29907985199905274,0.37373999860426815,0.3912985843437853,0.4671207098807527,0.29213316355733104,0.313367309226776,0.0078126112504191,HOLD,0.0,0.5
0.20073862384926322,0.1918965260685085,0.22388547895407007,0.2084317597990839,0.005060198335184557,0.0,0.0,PPM,2023-03-27 00:00:00+11:00,Financial Services,0.5089533126903073,0.5454856983799977,0.3872943607576096,0.34871644576504107,0.202313498663639,0.62126544355025,0.160273821922853,0.6032287324364283,0.19169616385572397,0.486020007464387,0.2979689761449009,0.46562242841855805,0.24502215983210718,0.4240029288747993,0.12338871213026903,0.44343640683953034,0.1837150790502483,0.1837150790502483,0.3790951780551381,0.37909517805513815,0.3094585906124167,0.30945859061241665,0.22754466765230935,0.2275446676523093,0.68421282137749,0.3245586869592335,0.25261928049054283,0.4615953826064477,0.44822828832915595,0.4914184323428107,0.10476713988630104,0.3357625164059952,0.5407100735113601,0.24159380316716228,0.33598383169171975,0.36131844747042097,0.2680903952008018,0.5506696279816263,0.25969304646207275,0.03764660576852287,0.1625586596605768,0.09528206327198398,0.016778686817259473,0.6558179952829201,0.4313828560546141,0.3447625453048469,0.42566180641282286,0.65581799528292,0.4313828560546141,0.34476254530484696,0.4256618064128228,0.18264927458505997,0.17893037814064608,0.18264927458505997,0.16360276813813754,0.1826492745850602,0.1826492745850602,0.3509800158703252,0.2834048658826114,0.3899219274880098,0.4092293815329109,0.45134959062389335,0.31045368519408595,0.30589675244439707,0.0,HOLD,0.0,0.5
0.200738485941945,0.2325605238786238,0.22847898376651132,0.199396528385124,0.011852567828057162,0.0,0.0,PPM,2023-03-28 00:00:00+11:00,Financial Services,0.45589148930761086,0.4925298894110395,0.3575025163637591,0.31810813223149637,0.1984834853367199,0.6044743584040657,0.1577068441897771,0.5887488402275578,0.18498202358418236,0.4804270530237533,0.29163159313313525,0.45906182607307133,0.24133255472562487,0.4159868524481889,0.12352093071087777,0.43447628581068065,0.07730718521358704,0.07730718521358702,0.20748034035833035,0.20748034035833035,0.2933485769149659,0.29334857691496585,0.22384069697237802,0.22384069697237796,0.6500006213864652,0.2474438145405375,0.25682236152566607,0.464041807221907,0.44587542677100633,0.5040930460406254,0.09988991052966378,0.3358482696728715,0.4762443521725221,0.23719135390428647,0.32977500949485294,0.3548957203518599,0.2686530591221967,0.5368478345847976,0.25685826622430685,0.03423220705117194,0.15181418475732988,0.2213837630722532,0.040508009122457195,0.5775451095997323,0.5141761700309174,0.37180513240684493,0.4056070505724252,0.5775451095997322,0.5141761700309173,0.37180513240684493,0.4056070505724252,0.13698655361208234,0.14835071272851333,0.13698655361208234,0.14571211430523084,0.13698655361208256,0.13698655361208256,0.37786060369347524,0.2891559627031831,0.4184023063919054,0.43539245885712397,0.4520180939537276,0.3432232167090788,0.29887442906896056,-0.0078126112504191,HOLD,0.0,0.5
0.18262862244742206,0.1873780238855508,0.2146979172046093,0.19036129697116388,0.028305270400955276,0.0,0.0,PPM,2023-03-29 00:00:00+11:00,Financial Services,0.45568502014011747,0.492322214482156,0.38729436428894426,0.3484763807853109,0.1936958959581403,0.5903511818228995,0.15411306402072067,0.5761376501825344,0.1777145818125565,0.47541675933056204,0.2852839985359332,0.452469168798879,0.23771740570751643,0.4079056835405479,0.12395680945995347,0.42533451162319824,0.08055958552338602,0.08055958552338603,0.20895948668366243,0.20895948668366243,0.293128570307356,0.29312857030735595,0.22403034616577883,0.22403034616577877,0.5499988262700104,0.19538763077073312,0.29098597713129837,0.46509068046957114,0.4442437961129465,0.511023434704527,0.09357209039088699,0.3355305209955104,0.4114710438783998,0.23218504969944553,0.32327235632076834,0.34940048386788247,0.2696119854842889,0.5223608956111045,0.25476586838515936,0.030985564534854088,0.15288728326239215,0.5461085528492483,0.09568745373357586,0.5697152963056307,0.5034978918770665,0.3624247904006319,0.4043434804758229,0.5697152963056307,0.5034978918770664,0.36242479040063197,0.40434348047582286,0.09132383263910472,0.13306056332506902,0.09132383263910472,0.13415670517658876,0.09132383263910482,0.09132383263910482,0.3687967401880216,0.2655023897331201,0.37792637842510923,0.40878525780303343,0.3243105270070631,0.3527185681175618,0.29227344509605035,-0.015747931328724984,HOLD,0.0,0.5
0.20979331571634807,0.23256049004708845,0.24225987825213413,0.2536071682995873,0.012195360307136714,0.0,0.0,PPM,2023-03-30 00:00:00+11:00,Financial Services,0.6702240112051692,0.7015532983611845,0.5064620993258957,0.4703291501094704,0.20135600194281222,0.7634275554733563,0.16284077129905428,0.6946964846720631,0.17378547646670128,0.5736724586400741,0.2812128145861936,0.528795922584815,0.23558138893932146,0.47940504673538165,0.12507043821934016,0.48676636786730054,0.3268731961227421,0.3268731961227421,0.2678248021134238,0.2678248021134238,0.3732790088834039,0.3732790088834038,0.2766211951776873,0.27662119517768724,0.6538466849434965,0.3097534043477855,0.4179831252616726,0.4849047410950349,0.4476736342542127,0.5596596564542758,0.11427197481238993,0.33170671366174487,0.8766098921641182,0.22521212441415517,0.323611923716821,0.48860538389140784,0.2680719216617795,0.5165736689031728,0.3692923166627232,0.03697985981723005,0.15291287543994264,0.2156393407409901,0.041482225800212796,0.6697171800316374,0.6352518699839743,0.4194771890428499,0.46001620518851816,0.6697171800316372,0.6352518699839742,0.41947718904284986,0.4600162051885181,0.45000037332291326,0.2225830042960279,0.410959096291624,0.2105095241252525,0.4500003733229133,0.4109590962916242,0.39602235241700484,0.29183391962674576,0.5360723834827961,0.4850371041360179,0.30820648788334026,0.3328114586946724,0.28606852016151485,-0.04850743115671641,HOLD,0.0,0.5
0.2324306806041765,0.22578319901106025,0.25144726330348477,0.23553707975631566,0.014481311712460589,0.0,0.0,PPM,2023-03-31 00:00:00+11:00,Financial Services,0.43143707619343885,0.4678440772908886,0.37239843778024684,0.3342177728826584,0.20901610792748393,0.6850311974487968,0.17002830328029206,0.6424153841369284,0.16901714369782406,0.5526123502830178,0.2769742211235027,0.5104382065138519,0.23311420903171376,0.46069101044713157,0.12639090617293425,0.4681980033404495,0.3257462276539154,0.3257462276539154,0.2833438767858842,0.2833438767858842,0.37672132318417845,0.3767213231841784,0.278278253756497,0.27827825375649695,0.5862070935817979,0.3604245486080725,0.3796935829390342,0.496839048516278,0.4532695525805508,0.5804737640553974,0.11791130948788098,0.3400600601300092,0.6943625569291559,0.2176343114217263,0.32322477128307114,0.4575718408005976,0.2673333506595825,0.5091422127016625,0.3442395860164841,0.040784892629109656,0.14170365584256306,0.2368296215726031,0.05146603211031008,0.6706773028651077,0.6189075092247432,0.4050709967899375,0.4548451211479796,0.6706773028651074,0.6189075092247431,0.4050709967899376,0.4548451211479796,0.4375009342069565,0.3232101609628047,0.31963554592483084,0.2715921588405255,0.4375009342069567,0.319635545924831,0.34056467030162313,0.3049995943134778,0.5699397158779552,0.4809928586645776,0.33406445417058717,0.33145591075216047,0.28023589072305144,-0.05681825195450929,SELL,0.0,1.0
0.24148554389702048,0.25515171896552025,0.2652283013175316,0.23553707975631566,0.021447249132118602,0.0,0.0,PPM,2023-04-03 00:00:00+10:00,Financial Services,0.4823191664152124,0.5190077938955185,0.34260658997814974,0.3048597611511846,0.21476116758327923,0.6682301663858672,0.17618903282554954,0.6307399082349188,0.16424881092894683,0.5583733541354252,0.2717066476560075,0.5138475909847292,0.23104709684155678,0.4618537852503344,0.1281118561808241,0.4671244783498577,0.3273436328722601,0.3273436328722601,0.28425194132700926,0.28425194132700926,0.37672132318417845,0.3767213231841784,0.26856224854692407,0.268562248546924,0.5714294168471635,0.5141401212785357,0.38507354432965046,0.5074317271687644,0.46027771407032037,0.5940441671112007,0.11998306895876176,0.34811884407927085,0.6620427367988055,0.20942100604339098,0.3234118753656785,0.46573241000761495,0.264909433203794,0.5023555938773039,0.3503192117739823,0.05313001231428677,0.14044193065537403,0.28384264670609877,0.07633928847287905,0.6547122025014764,0.607228522851122,0.4050709967899375,0.4321707801745298,0.6547122025014763,0.6072285228511219,0.4050709967899376,0.4321707801745298,0.583334189227153,0.4879596918706336,0.31963554592483084,0.3479456103830927,0.5833341892271532,0.319635545924831,0.27894513220261247,0.3103278462300352,0.6509518908514419,0.511125995843558,0.4356773793655594,0.4015940767024642,0.1888580295204575,-0.07954542720417435,SELL,0.0,1.0
0.22790324895775438,0.24611526785999327,0.2652283013175316,0.23553707975631566,0.0038532413852090386,0.0,0.0,PPM,2023-04-04 00:00:00+10:00,Financial Services,0.4823191664152124,0.5190077938955185,0.3872943616812958,0.3490629560088313,0.22242127356795116,0.6460673909134855,0.17824263769751014,0.6268719517080339,0.15974785373721634,0.5638457649600428,0.26570408787071376,0.5177530656083952,0.2296200911701587,0.46265768144821173,0.1297403871829863,0.4661104163518405,0.31883364086987465,0.3188336408698746,0.24719528893015424,0.2471952889301543,0.3768761474767945,0.37687614747679443,0.2632647154694047,0.26326471546940466,0.6666666666666666,0.5141401212785357,0.38507354432965046,0.5168525578838776,0.4681356231447188,0.6022094870204773,0.1237163563554724,0.34819482980175653,0.6386827863676228,0.20131974089117533,0.323903411911331,0.47393733582738,0.26081310180720263,0.49679153788033403,0.35608421386143607,0.047103751484227074,0.13479916384497492,0.06391909847813941,0.014581319559104538,0.6706773028651077,0.5623102708721837,0.40932611185083473,0.4165937638248778,0.6706773028651074,0.5623102708721837,0.4093261118508348,0.4165937638248779,0.6086966437372467,0.5410990938313819,0.31963554592483084,0.3174046093224078,0.6086966437372469,0.319635545924831,0.24043293602876198,0.30928454965262864,0.6273007410613864,0.5106160418727627,0.5042567531796381,0.42577717508142693,0.1908442838302259,-0.03787900898653196,HOLD,0.0,0.5
0.22337589142758008,0.23707889212086697,0.23766640830157937,0.2084317597990839,0.019024815536050094,0.0,0.0,PPM,2023-04-05 00:00:00+10:00,Financial Services,0.40483909261940637,0.44078948993232414,0.3128143814870721,0.27393441925049417,0.22625136622570396,0.5531076993955755,0.1777292506579573,0.5706983530618739,0.15171544704713646,0.5329105069840512,0.25893591961302187,0.4902201271377479,0.2277763541044857,0.4334489673214055,0.13117087335652755,0.43869236487334595,0.3523165771381828,0.35231657713818276,0.2722118631471226,0.2722118631471226,0.3673150823178895,0.36731508231788934,0.2694601176433213,0.2694601176433211,0.5,0.5623380648791437,0.35815495734637837,0.5177959069484794,0.47464739093814823,0.5892742643719813,0.12364746347232214,0.3474342658755081,0.4020990369730047,0.18467977178244066,0.32675276124436337,0.4206421805865104,0.2574511619014197,0.48847405723442305,0.3178069236481216,0.04011235764162216,0.13883193601585608,0.3113334480372356,0.06823752824462931,0.6397191434315608,0.5354913511393586,0.3526656100962795,0.39772079281488026,0.6397191434315604,0.5354913511393586,0.3526656100962795,0.39772079281488026,0.3478270479714617,0.5110718179942808,0.18264927458505997,0.2715927914344289,0.3478270479714619,0.1826492745850602,0.225028096148092,0.32707368551171023,0.5080810792592881,0.47239670819580093,0.5637251215538518,0.38113186345558586,0.19279081305379886,-0.02325582142159832,HOLD,0.0,0.5
0.20073834586286,0.20996925541758948,0.21929155923144328,0.19036129697116388,0.023622110382185216,0.0,0.0,PPM,2023-04-06 00:00:00+10:00,Financial Services,0.42946381220000895,0.4658443099976767,0.32771067911534396,0.2874998186979511,0.21284620058523673,0.5357136986639413,0.1746488858853288,0.5381955475081914,0.14150699616970508,0.5179163378649627,0.2522943313288146,0.473119917414503,0.22496133594837175,0.41481370837810116,0.1324077143910567,0.4202675474706167,0.08962587416226586,0.08962587416226585,0.2803798410797147,0.2803798410797147,0.36109896090999166,0.3610989609099916,0.26927387926810936,0.2692738792681092,0.4666662984401927,0.5254660739817442,0.28245178385907777,0.5145705378426642,0.4790860099703958,0.569353145252866,0.12465507905414519,0.3416517674882984,0.2847722746045792,0.15934572599133512,0.3341568178390809,0.3808668594140677,0.25577626457958447,0.477671131768189,0.29682615963900305,0.048720654463126664,0.1230879675602191,0.33293160043313186,0.09045220823755197,0.5039446179915157,0.5087139640333996,0.3188894250867134,0.3981720088138295,0.5039446179915156,0.5087139640333996,0.3188894250867135,0.3981720088138295,0.09523551839704864,0.34763211397332716,0.09132383263910472,0.19523933989186176,0.09523551839704891,0.09132383263910482,0.23016316520791907,0.3364613738265083,0.3761847748473766,0.4304504127255669,0.5897703935396049,0.340776607452793,0.19469841169290036,-0.007873802571389033,HOLD,0.0,0.5
0.18715624832589328,0.18737822003412907,0.21469811276248207,0.19487903743969337,0.026762370139367195,0.0,0.0,PPM,2023-04-11 00:00:00+10:00,Financial Services,0.4957414705705645,0.5323771148576839,0.3872943617824627,0.34853710034495905,0.20422859787973802,0.5739980446529169,0.17413549884577595,0.5486791542952252,0.13077309987157792,0.5378249343108268,0.24462886673223627,0.4833731818052106,0.22134896725833952,0.42183906082072875,0.13290740846609395,0.42438692895516017,0.10785184013139579,0.10785184013139577,0.2724067313690435,0.2724067313690435,0.3573323361513158,0.35733233615131577,0.25676415417904036,0.2567641541790403,0.517242036075381,0.515423965384866,0.256340180473721,0.5143259614596577,0.4825784565980705,0.5602612684268296,0.12503452960519645,0.3405065715333411,0.3279664916259848,0.11878212257766996,0.35452568222820424,0.3921551335760684,0.251014272803344,0.4698027711060422,0.31197368035604844,0.05797254109114522,0.1266105920472771,0.3289858527378178,0.1008099204216814,0.5401871883531053,0.5354283013761136,0.31203709298090315,0.3778906593786064,0.5401871883531053,0.5354283013761137,0.3120370929809032,0.37789065937860633,0.10000178722767167,0.1772957829124179,0.11415582365198089,0.1265215076275762,0.10000178722767183,0.11415582365198107,0.20448825298852852,0.329046709495008,0.3279862133514768,0.41546855217446876,0.42648365777564934,0.22013072802622807,0.19656785835921975,-0.031372560911618996,HOLD,0.0,0.5
0.1871562132796869,0.22804232097804789,0.21929172028133648,0.24908967735415688,0.05260010267069085,0.0,0.0,PPM,2023-04-12 00:00:00+10:00,Financial Services,0.6427485061509303,0.6754650854682003,0.566045797573272,0.5343394957430236,0.20710111448583013,0.732286912159898,0.1787560389155003,0.6544544680686191,0.1271767012424332,0.6252152451919832,0.23878860856689021,0.5516699774767558,0.21921017473497661,0.4837311008326519,0.13380319219837378,0.47683398281021205,0.30956569771713094,0.30956569771713094,0.35529517976639235,0.35529517976639235,0.37629414361139796,0.3762941436113978,0.29496122974184064,0.2949612297418406,0.48148178454860024,0.5533197119966661,0.33442240394488865,0.5300815130735138,0.4891376584964776,0.5897300640103196,0.13392995893297965,0.3402523107261146,0.7065437262194438,0.10031253367988646,0.36575889835156283,0.7063957011745611,0.24458732879933587,0.46835898965322165,0.4065708983925371,0.08144141967303271,0.1331378306806117,0.48520567278121285,0.19203699142212935,0.6309626925407743,0.5894818211104964,0.4246027194135761,0.4213709300742101,0.6309626925407742,0.5894818211104963,0.4246027194135761,0.4213709300742101,0.7000005276305296,0.29522097451684737,0.42500071496764535,0.2075702137724306,0.7000005276305297,0.42500071496764547,0.21475838480153303,0.3471178175016143,0.5216390301166806,0.5369549387935714,0.507380941380919,0.26943828011411985,0.19839991609221286,-0.056179743901824675,SELL,0.0,1.0
0.2369580827695783,0.22804233622786596,0.23766630590663484,0.22650184834235554,0.023073508773365895,0.0,0.0,PPM,2023-04-13 00:00:00+10:00,Financial Services,0.41847772772041214,0.45468912950693896,0.32771031274669044,0.2897922268997718,0.20518606815695373,0.6685276896402543,0.18183640368812926,0.6011432715727165,0.12745334435229982,0.5902942184270519,0.23306983088316535,0.5285890881641143,0.21641738548474576,0.46000984022076485,0.13434910101779862,0.4544220386373484,0.33128354867002174,0.3312835486700217,0.3686301764274265,0.36863017642742657,0.27414378173421977,0.2741437817342197,0.2948338142814905,0.29483381428149047,0.46428536202866244,0.5108279416840016,0.3794951276267834,0.5370791892956266,0.4960573170713449,0.593193732669075,0.13480488629908116,0.34441978309095966,0.5239193345937261,0.1008161934160774,0.36572350884784577,0.5692567016017283,0.24013104726590417,0.4639581933104815,0.3734793204845957,0.09592093183346956,0.12178376860848085,0.18804899324831176,0.08888085740858745,0.5931394613395493,0.5735316363494879,0.49066895091450424,0.4216280690076488,0.5931394613395492,0.5735316363494878,0.49066895091450413,0.42162806900764876,0.45000036203757593,0.4140138836289274,0.37500011620091583,0.302439036133751,0.4500003620375761,0.375000116200916,0.18394867606089643,0.3101521752593541,0.5071611755669493,0.5582165967674281,0.39134980877154524,0.285703228082626,0.20019533267054623,-0.007633696413522406,HOLD,0.0,0.5
0.19621106438657088,0.25966988611624753,0.2376662789009154,0.2400545707017463,0.027140410772971982,0.0,0.0,PPM,2023-04-14 00:00:00+10:00,Financial Services,0.5213551126693725,0.5577447849116167,0.5064621031175339,0.4715652948692103,0.21188862453357604,0.6904316593428077,0.18748376037227144,0.6190665083198315,0.12855993207211758,0.6096173438148433,0.22707237058973506,0.5488273896068353,0.21403299579037727,0.47657329660726866,0.13554854446276043,0.46691916571936753,0.29982665536128467,0.29982665536128467,0.3661144472268907,0.3661144472268907,0.27722009804159603,0.277220098041596,0.29255867049436984,0.2925586704943698,0.5161287448808417,0.5280049192788606,0.5352616539571227,0.5470715806366955,0.5039810147508487,0.6028416571104992,0.1353539120995011,0.3529652699143344,0.5988241839400917,0.10331988318456786,0.3651400479947656,0.6393566207811009,0.23344922764931075,0.4626086945242207,0.40092867552933276,0.10203478329812718,0.11305714440324514,0.2088849775224169,0.10857967835830251,0.6624526425411044,0.6012200626791804,0.5057781546667938,0.4171724753758047,0.6624526425411043,0.6012200626791803,0.5057781546667938,0.4171724753758047,0.5714297182898675,0.5718713950804083,0.6250002226847455,0.47327886080155773,0.5714297182898678,0.6250002226847456,0.23529830990741157,0.289149009032717,0.574298376553029,0.6397196335708624,0.4621469273808605,0.377311795811936,0.20195484091731253,-0.011320810953951987,HOLD,0.0,0.5
0.25959521238883543,0.2506334354370122,0.2606346014934138,0.2400545707017463,0.029992170232215176,0.0,0.0,PPM,2023-04-17 00:00:00+10:00,Financial Services,0.4823191664152124,0.5190077938955185,0.2979188231939791,0.26201165030088747,0.22242127356795116,0.6597719754874904,0.1859435850751756,0.6219374246053133,0.1324329967316551,0.6046805735653642,0.22151590292709766,0.5526108846316348,0.2113285551230839,0.4781257378751145,0.13702524492490498,0.4660033609749489,0.27017258956705137,0.27017258956705137,0.24731280837447112,0.24731280837447106,0.23200553927872586,0.23200553927872583,0.29190074735298494,0.2919007473529849,0.5161287448808417,0.5701998067446862,0.5352616539571227,0.555570364558328,0.5123510030367178,0.6071301136349972,0.130823544561824,0.3543928308033586,0.618737425871786,0.10501554305560412,0.36948420225929846,0.6256962405314311,0.22749222544910697,0.46097873173787574,0.40528011878903053,0.1068336426062996,0.10401971399354061,0.22132828101316387,0.1250536678884568,0.6947561642231617,0.5252728052047962,0.5589512243161076,0.42643439969676966,0.6947561642231614,0.5252728052047962,0.5589512243161076,0.42643439969676966,0.5714297182898675,0.5288194953720263,0.6250007263791089,0.5401641333968678,0.5714297182898678,0.6250007263791091,0.2507032765469536,0.2660454786580597,0.5850602311341118,0.6569072770977076,0.5366151290671319,0.47734904108068305,0.20557619217685275,-0.0339623286464904,HOLD,0.0,0.5
0.2414854989674624,0.23256054636350465,0.25604086156844374,0.24908967735415688,0.010697397266246684,0.0,0.0,PPM,2023-04-18 00:00:00+10:00,Financial Services,0.5080483997783793,0.5445894672679997,0.3872943622328812,0.3492303921866564,0.2339113928795422,0.6540668203502111,0.18748376037227144,0.6379749193821802,0.13713599836096857,0.6124543263750162,0.2162636363363326,0.5670764956508213,0.20870968271065138,0.48979763421801503,0.13816747873141155,0.4741060814225021,0.2685409924651384,0.26854099246513835,0.23872814197166886,0.23872814197166886,0.23104391737073,0.23104391737072996,0.2932672782152231,0.293267278215223,0.666665643817233,0.5701995821250487,0.6474600683880991,0.5652860934235471,0.521368847987314,0.6133554410363862,0.13469126215685323,0.3535337546345769,0.6766939802302525,0.10654350745381236,0.3752391176607742,0.6659919866319849,0.22116258970513658,0.460574238409587,0.4252865464353627,0.09473115904684777,0.0925575018457973,0.09076737226204053,0.047995122124637586,0.7022482725921961,0.5567066792004569,0.5750183593594717,0.4337740185427314,0.7022482725921961,0.5567066792004569,0.5750183593594717,0.43377401854273134,0.666667687661658,0.6013704890282611,0.7083338609118639,0.651639718937406,0.666667687661658,0.708333860911864,0.2609732987504974,0.23244042824168243,0.5494872055500876,0.6215599981657703,0.5059213523364346,0.5322115353836723,0.20905268938601107,-0.026217393107709763,HOLD,0.0,0.5
0.24601299198772608,0.24159705877908244,0.2376663508130168,0.21294925074451454,0.01647742639692529,0.0,0.0,PPM,2023-04-19 00:00:00+10:00,Financial Services,0.38017314660082624,0.41550638183998173,0.25323068941370913,0.21666796917456005,0.22625131333848136,0.5667708396197182,0.1849167826391953,0.5670214089473198,0.13907252305056184,0.5551363833385374,0.21023555808887284,0.5276472177486408,0.20582854487748348,0.45076094698009417,0.138922428640879,0.438409118021747,0.187574973686634,0.187574973686634,0.28051826826461046,0.28051826826461046,0.2602659937840704,0.26026599378407034,0.30374646968485924,0.3037464696848592,0.5806456498324718,0.5089822567101797,0.5770293238379428,0.5634245364992327,0.528138251097782,0.5917499110482434,0.1326903310574028,0.35115194319672094,0.3914614418204298,0.10450323857839394,0.3800209856137732,0.42527982048323987,0.21596293802369582,0.456752281215838,0.3659371684428735,0.06751828423035079,0.07735744424798081,0.18212108354507175,0.07937460423111586,0.5484318815983265,0.5144795283461293,0.522146309844801,0.413643535260801,0.5484318815983265,0.5144795283461293,0.5221463098448009,0.413643535260801,0.2857158101744966,0.5056992664501928,0.31818156652903923,0.5490314775204514,0.28571581017449665,0.3181815665290393,0.26097330300844385,0.24924306083314063,0.45448818919644407,0.5394341185669806,0.4552772290084489,0.5614232749913408,0.21239012670680302,-0.003860951987133654,HOLD,0.0,0.5
0.20526601034701697,0.20093293222297193,0.23766636256235518,0.22198435739692512,0.007916468221784061,0.0,0.0,PPM,2023-04-20 00:00:00+10:00,Financial Services,0.5086444440169604,0.5451798195524413,0.4170862098321978,0.37926589721115156,0.22529381661765457,0.5968049020466388,0.18337659316366217,0.588804393275147,0.13934918144077946,0.5685075290350077,0.2042176872262793,0.5426513601983681,0.20327301867339198,0.4623935371698058,0.13946613693182286,0.446884629317862,0.17666819533404945,0.17666819533404948,0.2840657803353056,0.28406578033530555,0.2347393976911561,0.23473939769115612,0.30410269733523004,0.3041026973352301,0.5937499190907091,0.5440551377658943,0.5770291207530686,0.5649336829701528,0.533914427769131,0.5822058867232995,0.13055686169748504,0.35052319214363115,0.47827401088942373,0.10470587440048651,0.38025763662768497,0.48529070275941205,0.20950256633093067,0.45500112509694235,0.38683288895836704,0.05609978788216291,0.07344978082458305,0.10576101210039661,0.039825836952112274,0.6006466548016026,0.5250363160597112,0.49068860139452036,0.4148350075411584,0.6006466548016025,0.5250363160597112,0.4906886013945203,0.41483500754115843,0.38095252461022133,0.44191803118315526,0.3809537795462869,0.4674157493523939,0.38095252461022155,0.38095377954628706,0.2507034056725555,0.2198385076624112,0.3662000482049916,0.4738562040428088,0.4881469453047955,0.48083624252113827,0.21559406653476343,-0.011494204224121063,HOLD,0.0,0.5
0.1962110545472402,0.20545106434628624,0.22847898376651132,0.199396528385124,0.017292811431227094,0.0,0.0,PPM,2023-04-21 00:00:00+10:00,Financial Services,0.41701010789654824,0.453196147172648,0.37239843943662077,0.33329365223374013,0.21667621391215586,0.552522500409748,0.18234979072768187,0.543248117802013,0.13851923683082834,0.5352383404094023,0.19729231263993308,0.5199763052776282,0.20070359768828316,0.43835930661566413,0.13990641947256965,0.42461160790278696,0.17750997654948059,0.17750997654948059,0.27763093231516756,0.27763093231516756,0.24489293539632834,0.24489293539632825,0.3074859004439969,0.3074859004439967,0.2800000883744515,0.3592490199615112,0.4682103297002903,0.5603724700358725,0.5374453353978301,0.5606308445022153,0.13144569876046064,0.3481212834213543,0.30159188992478564,0.10503907865984141,0.37869730349276753,0.3393533976025018,0.20263570354411375,0.4520627061229747,0.35062855305120205,0.04868113799866726,0.06637955635189367,0.24643307988983604,0.08855403419498359,0.5404440970977135,0.5300691268696969,0.47040676520650276,0.39340606421526503,0.5404440970977133,0.5300691268696968,0.4704067652065027,0.39340606421526503,0.14285646096302054,0.26651998777345026,0.1428581985685892,0.2783057910332839,0.14285646096302074,0.1428581985685894,0.20962355940567484,0.19883543498334066,0.3257598053768307,0.42628808314191985,0.43333630928532796,0.42513377873766295,0.29248862240581264,0.031250121364093664,HOLD,0.0,0.5
0.223375852032909,0.24159707774572448,0.24226001220364468,0.2626423997135474,0.005151910358096192,0.0,0.0,PPM,2023-04-24 00:00:00+10:00,Financial Services,0.6687559837007548,0.7001644414108795,0.4915658315849783,0.45410642784388355,0.22146377684712415,0.7311141892305342,0.19056412514490018,0.6605075127456848,0.1412857214107237,0.6277291801310267,0.19234935081347304,0.6002935059417221,0.19937327243823377,0.5105464959499231,0.1405623574507746,0.4858129928966505,0.38143333266123225,0.38143333266123225,0.3714477446918848,0.37144774469188474,0.3211371615654259,0.3211371615654258,0.35330396019312243,0.3533039601931224,0.6176472738349071,0.5344380536095147,0.5835747325142797,0.5747053316348409,0.543695313183955,0.5867586948106661,0.13943247375120005,0.3543843573124055,0.7572379031600103,0.1114780496826635,0.3770762482751716,0.7220096016437737,0.19448392628458722,0.45525107048878266,0.47311356764227835,0.029967826802104944,0.06680105643275573,0.11307519037519619,0.027575650422069803,0.6459494248959209,0.6286511679323967,0.5361904173074195,0.44161780856194777,0.6459494248959206,0.6286511679323968,0.5361904173074196,0.44161780856194777,0.809524913135539,0.44191732005021284,0.8095252992675652,0.4426240791687905,0.8095249131355391,0.8095252992675654,0.24556844539905603,0.19463489467020012,0.5687706501981764,0.6264035889511228,0.4706550243411679,0.3774434322087182,0.2909341642783577,-0.05925948201422959,SELL,0.0,1.0
0.23243070880412486,0.22352416823878218,0.23307271962380272,0.22198435739692512,0.02145543472250598,0.0,0.0,PPM,2023-04-26 00:00:00+10:00,Financial Services,0.36868155128874847,0.4036627931030283,0.3277103091862318,0.28951317313117336,0.21571871719132907,0.6241101658796189,0.19364448991752892,0.570003741727555,0.14266895988058348,0.5644003095115453,0.18618448100709184,0.5550863235556761,0.1976178816690446,0.4656244476911109,0.14055155261892271,0.4462242597173719,0.430953731433795,0.43095373143379495,0.4210321762980293,0.4210321762980293,0.34375361428878687,0.3437536142887868,0.3663551890639591,0.36635518906395903,0.4500000690425592,0.4600779690882859,0.5093429354601393,0.5751118262877218,0.548792439063086,0.5756808114498814,0.13538401141325562,0.36277558589967573,0.39116390722129013,0.11128754602118907,0.37934711843497826,0.4678313029257178,0.1862418600153115,0.4560976837045505,0.3990593343876883,0.03807235162605846,0.07234985678401605,0.36281846803210677,0.10577422858975914,0.5633911414363,0.5736597133189971,0.5113064390055297,0.4117551620048462,0.5633911414362998,0.5736597133189971,0.5113064390055296,0.4117551620048462,0.38095252461022133,0.44191732005021284,0.3809537795462869,0.4426240791687905,0.38095252461022155,0.38095377954628706,0.2661083815822271,0.22403943142602756,0.4339826568655972,0.4995004725738909,0.38844057204641735,0.3522042938209458,0.2894107953134516,-0.02298851426077886,HOLD,0.0,0.5
0.21432081714706452,0.21448765990014873,0.23307266318767805,0.22650184834235554,0.01977187594854705,0.0,0.0,PPM,2023-04-27 00:00:00+10:00,Financial Services,0.49538076168222644,0.5320185159055528,0.4021902855823447,0.3640206025318134,0.21859123379742096,0.62962128338547,0.1910775121844528,0.5841059765545917,0.14377553996022607,0.5698702037995935,0.18134768438438353,0.5639858066461566,0.19610530774278523,0.4716013292129657,0.14054294922712174,0.45062894688876665,0.3921742251940603,0.3921742251940603,0.3448734376322088,0.34487343763220885,0.34287578555298787,0.3428757855529877,0.35951330031990686,0.3595133003199068,0.46341450271488915,0.4678203215739446,0.5444549874432514,0.57702272939464,0.5533268053134722,0.5702731910178298,0.1311393321205261,0.3623186770112017,0.453842767058667,0.11161952979796186,0.3807260869962138,0.49058062277337,0.18075422227704419,0.4551702030774676,0.41227764130883143,0.040554212121612546,0.07913841313390553,0.3206001892667745,0.09401575286854506,0.6314007976128497,0.5147760668882284,0.5060122630992673,0.440727235127123,0.6314007976128496,0.5147760668882284,0.5060122630992674,0.44072723512712286,0.42857094828019565,0.5375887365738439,0.4285721066839602,0.5381743368597887,0.4285709482801958,0.4285721066839603,0.2661085031324912,0.22824025756934618,0.43341893530960535,0.4833659106901963,0.3663818167805307,0.33787899007855077,0.2879178937278438,-0.015267076601012897,HOLD,0.0,0.5
0.23016693895666251,0.25063352219015844,0.25144729137801347,0.22198435739692512,0.027041515476863263,0.0,0.0,PPM,2023-04-28 00:00:00+10:00,Financial Services,0.4693074238978655,0.5059970718854846,0.3351584488845828,0.2968377717795623,0.21859123379742096,0.6158748527358173,0.19056412514490018,0.5756138712335208,0.14515877843008562,0.5613322659721145,0.1757708061525829,0.5623663891863026,0.1942699025155239,0.4675446357783124,0.14084020562069943,0.44604877027758383,0.3917776210933269,0.39177762109332687,0.3327905247035685,0.3327905247035685,0.341575443105192,0.34157544310519194,0.3563448620889203,0.35634486208892024,0.42500005178195516,0.5066264076077202,0.5237348366237994,0.5776065552954355,0.5570938203928558,0.5628996274945715,0.13098791655039,0.36162890896616506,0.4140358359649807,0.11113589955920511,0.38326183813784664,0.4538865670065709,0.17336425592443971,0.4558287642506347,0.40742016249440255,0.054961990572680405,0.08614720096349925,0.34641143491704046,0.12336066397663928,0.60826892095022,0.535552956447165,0.5113064390055297,0.4241944496377415,0.6082689209502199,0.535552956447165,0.5113064390055296,0.42419444963774156,0.38095252461022133,0.3940813916081119,0.3809537795462869,0.3948487304218435,0.38095252461022155,0.38095377954628706,0.26610850095256705,0.2576447831469575,0.5450284542647611,0.5784909200571158,0.4508671076756202,0.3771870522062661,0.28645485017394823,-0.04214566238436279,HOLD,0.0,0.5
0.23243057999987737,0.23256049004708845,0.2560408055938699,0.2536071682995873,0.009025198087111053,0.0,0.0,PPM,2023-05-01 00:00:00+10:00,Financial Services,0.573751415467904,0.6090560722249511,0.4319821308956991,0.3938234321809677,0.23008135310901157,0.678659909510162,0.19210430044199578,0.6387584590129458,0.14903184308962336,0.6042514455609524,0.17096463168447462,0.6046381979371384,0.19245394129316207,0.5044154905664797,0.14010545882338343,0.47729926397879974,0.38638251723596895,0.38638251723596895,0.3546253033750675,0.3546253033750675,0.35358858344300054,0.3535885834430005,0.366698507949128,0.36669850794912795,0.6153843974986033,0.5896494919770381,0.5829855607946811,0.5870799704560206,0.5623713789125578,0.5774146089433836,0.13517068798574905,0.3604995493750902,0.6979499499926178,0.11260505607032534,0.38781066996153435,0.6478792460165298,0.16471280237647457,0.4601082190519379,0.47799629847902064,0.04873361687025825,0.07725060461519463,0.13307116412099837,0.044208892539237474,0.7018811706606404,0.5566469248766841,0.5580852603281856,0.44378898243568576,0.7018811706606403,0.5566469248766842,0.5580852603281856,0.4437889824356857,0.7142854355973707,0.5056978240387294,0.7142860147993311,0.5063238111598937,0.7142854355973709,0.7142860147993313,0.2558384605068968,0.2366415052422346,0.572890041286623,0.6074318926679391,0.5090020116899767,0.37285912602263777,0.2850210674911303,-0.0783581897297051,SELL,0.0,1.0
0.23695801126808802,0.23256049004708845,0.2468535206993796,0.2536071682995873,0.025001465888890802,0.0,0.0,PPM,2023-05-02 00:00:00+10:00,Financial Services,0.4823191664152124,0.5190077938955185,0.4170862082390219,0.37886620686879624,0.22816630678013516,0.6841912784982416,0.19364447573909138,0.6358814614661881,0.14903184308962336,0.6042514455609524,0.16792241933839902,0.6068466098118107,0.19063798007080024,0.5054889998981069,0.1398019982886105,0.4774888528284412,0.2362721329790615,0.23627213297906152,0.3546253033750675,0.3546253033750675,0.2827587151208048,0.28275871512080475,0.34794556330374643,0.34794556330374626,0.5945943726898709,0.583447980306743,0.5983022590624664,0.5947162130417266,0.5684183266798247,0.5848077565730636,0.1389769867292101,0.3596931641920069,0.6749415080064067,0.11260505607032534,0.38781066996153435,0.6478792460165298,0.16058115842136322,0.46063069776090915,0.48162061424772706,0.06368720075559507,0.08315985382858206,0.2858048215368929,0.11596193689731185,0.5934756716562879,0.5566469248766841,0.4856326423903839,0.4836487913608215,0.5934756716562879,0.5566469248766842,0.4856326423903839,0.4836487913608215,0.6999998317093261,0.5965857100781415,0.7142854355973707,0.6018738751504981,0.6999998317093263,0.7142854355973709,0.27124343296321957,0.24924350285691876,0.5357667799194368,0.5804788073331352,0.5103341813490075,0.3758442632564652,0.2836159604619689,-0.06716420678922463,SELL,0.0,1.0
0.20526599867726203,0.20996947948269018,0.2330727079200039,0.21294925074451454,0.014428857112835355,0.0,0.0,PPM,2023-05-03 00:00:00+10:00,Financial Services,0.3678338486309264,0.40278748990916274,0.3872943614801658,0.3487753078524756,0.22625128689487028,0.5667709137701462,0.18953732270891965,0.5586100410711075,0.1476486046197636,0.5446415018268624,0.1635113042691838,0.5598807487907992,0.18823692212670062,0.46076383932824005,0.13910905332831747,0.438296326534268,0.23747107018491984,0.2374710701849198,0.39146530298124377,0.39146530298124377,0.3059601290976826,0.30596012909768244,0.3619624269582859,0.36196242695828584,0.536585546572149,0.41784635274428633,0.43772604626680034,0.5896480589344204,0.572044702934842,0.561548213247108,0.13497095907096868,0.356572493828466,0.3513430618807195,0.1119419338321026,0.3863111705471586,0.3781539160529229,0.1561609199164713,0.458834509984422,0.39698827437974304,0.05839375639861541,0.08313564917873008,0.18010174063199977,0.06754435337785653,0.5929657699541308,0.49911888001965954,0.4607368425419576,0.4490688980495147,0.5929657699541305,0.4991188800196596,0.4607368425419576,0.4490688980495147,0.1666674188183774,0.5248324020694247,0.285714362171163,0.5700233050030378,0.16666741881837754,0.2857143621711633,0.2609734004630943,0.23664140490598606,0.337067437000266,0.4129079750958582,0.3733512052390975,0.33318507772754474,0.28223895557339074,-0.011583069220645115,HOLD,0.0,0.5
0.20526583406701282,0.1964145306428534,0.21010433157635533,0.18584380602573325,0.014663065229633374,0.0,0.0,PPM,2023-05-04 00:00:00+10:00,Financial Services,0.403342970096558,0.43926127395025005,0.29791883144840653,0.2573035397764475,0.21763368418937135,0.5085585290230799,0.18645694375785382,0.5074424168376106,0.14460547693000136,0.5073654231654348,0.15701161123633156,0.5309217666197011,0.18549914038703674,0.4315329327592723,0.13821806262783376,0.41240526175787673,0.2593272240279455,0.2593272240279455,0.37986907206679466,0.3798690720667947,0.3179341933966396,0.31793419339663953,0.35627009630464296,0.3562700963046429,0.24242350698335371,0.4108309269744068,0.4249836222218377,0.5784100266035336,0.5722601511896791,0.5287722232792781,0.13998257074063591,0.347354960666743,0.19123630471258912,0.11335354917097429,0.38041838200091427,0.23427954864555972,0.14864060154517733,0.45782560535858696,0.3413041739342757,0.054545054118049774,0.08000515543624874,0.19289644429018535,0.06978678431528453,0.5396674730751523,0.508589659899796,0.4308618277200905,0.4006017654518827,0.5396674730751523,0.508589659899796,0.4308618277200906,0.40060176545188275,0.045454451379267104,0.3008745332337208,0.045454451379267104,0.3463484105668356,0.04545445137926718,0.04545445137926718,0.2558383228778071,0.24084202675180777,0.23709316486942744,0.303756942418395,0.38779916289807237,0.3336126702965834,0.28088949078258396,0.059288621251896156,BUY,0.0,0.0
0.1781012913550799,0.17834167470451334,0.20091709075055908,0.17229120842789225,0.014886414910203238,0.0,0.0,PPM,2023-05-05 00:00:00+10:00,Financial Services,0.44189495898355335,0.47842284482424147,0.34260659523976933,0.30159892488193385,0.20710106159860753,0.49643383354913473,0.18080960125214895,0.48903486303557897,0.14073241227046407,0.49145195529472274,0.15034960818239096,0.5187233730957458,0.18283304355348662,0.4176120189629666,0.13691998692025553,0.39994893067217563,0.25964430317555487,0.2596443031755548,0.37859684265517857,0.3785968426551786,0.32015523545546115,0.3201552354554611,0.3571829107754087,0.35718291077540865,0.2962957280431236,0.36293311755659824,0.40684576277629414,0.5661921679303624,0.5695126992102963,0.5003013823974604,0.14607709345501751,0.333110022933756,0.192576267138947,0.11578565009106345,0.3723442168269865,0.2036688607175881,0.1418667270693137,0.45527237010662347,0.31575166917328656,0.04538805734417897,0.08509630290161337,0.22492380297351833,0.0689167460160385,0.5241014848147119,0.4821417779172583,0.4159244578185459,0.3955306369349111,0.5241014848147119,0.4821417779172584,0.4159244578185459,0.395530636934911,0.0,0.06647978449425483,0.0,0.10747254384250236,3.3306690738754696e-16,1.1102230246251565e-16,0.20448869065017555,0.2282401279319104,0.21765206530412903,0.26386001676205595,0.2859452411597333,0.27310150694614654,0.2775536674384945,0.135999949626457,BUY,0.0,0.0
0.17357379992169464,0.19641451359337625,0.20091703040771014,0.21746661692839564,0.013887605830078168,0.0,0.0,PPM,2023-05-08 00:00:00+10:00,Financial Services,0.6186837371564599,0.652449899128004,0.5064617382029488,0.47369030850979577,0.19944095561393582,0.6575406215157211,0.1828631635887974,0.5802648730586906,0.14128569085002196,0.5592624714415213,0.14520860628724108,0.5785376040981552,0.18131490897107527,0.4698841747312479,0.1356439228784776,0.44480499052638167,0.3262517349839162,0.32625173498391613,0.42470218725815384,0.42470218725815373,0.3488654257356683,0.34886542573566826,0.3813561209215513,0.38135612092155124,0.47222179603234277,0.4479463020598773,0.4777552728836141,0.5694918382155643,0.5681032892443606,0.5131587782753431,0.14603131426249938,0.33642798677027597,0.455715035028119,0.11588247991428546,0.37309618134728184,0.45025896058257225,0.1336564621862657,0.4581525060130729,0.4250318849497981,0.04905113292067573,0.08272578891356118,0.1986493683507258,0.06520831182062517,0.5486549453475408,0.562644797409465,0.4958222416839016,0.43319436474531703,0.5486549453475407,0.5626447974094653,0.49582224168390154,0.43319436474531703,0.454544038794313,0.16287519053664623,0.4166658071335984,0.1512661568090674,0.45454403879431315,0.4166658071335986,0.20962363669329426,0.24084201860952137,0.35171096787098843,0.39561090823244655,0.23019925317005271,0.305919867073751,0.2722319323665102,0.10384615588883706,BUY,0.0,0.0
0.20073862384926322,0.1918965260685085,0.210104549606561,0.2084317597990839,0.007669229981512258,0.0,0.0,PPM,2023-05-09 00:00:00+10:00,Financial Services,0.4560958599712259,0.49273544109811007,0.3872943607576096,0.34871644576504107,0.1898658826312214,0.6577594390206603,0.1767024340435397,0.5725884024999577,0.14239229385019048,0.5442177816498874,0.13917542854791742,0.5716166791974123,0.17963119624863877,0.4605662072241343,0.13430184571696469,0.436794776055088,0.32393286983564484,0.3239328698356448,0.31251875016117125,0.3125187501611712,0.34426394242865005,0.34426394242865,0.3785489774305066,0.37854897743050653,0.45945954015232715,0.42016177089507734,0.5025740109193803,0.5700076019291872,0.5670990179231888,0.517051800982261,0.13311858792208686,0.3376696246898465,0.42545142393122987,0.11493244435154404,0.37563366899730666,0.3918552904658852,0.12267682975656213,0.4637187864877208,0.4063735255192109,0.0359939617835517,0.07536449196367086,0.14272225597963925,0.03821021472268219,0.5337519144848238,0.4789384163625239,0.5063336353837741,0.4130420923310207,0.5337519144848238,0.4789384163625239,0.506333635383774,0.41304209233102074,0.3636376100287943,0.26941873261531774,0.333334826453071,0.2475409381241439,0.36363761002879447,0.3333348264530711,0.21989314930929266,0.2282397995258565,0.3602215836134952,0.4007572172721968,0.23437705666253297,0.3200347279128482,0.2655620198719367,0.10077501207444017,BUY,0.0,0.0
0.20073862384926322,0.1918965260685085,0.2146981927223972,0.2084317597990839,0.01145030452902034,0.0,0.0,PPM,2023-05-10 00:00:00+10:00,Financial Services,0.4823191664152124,0.5190077938955185,0.3872943607576096,0.34871644576504107,0.18890838591039438,0.6605973613092195,0.1751622587464443,0.5754288435491774,0.14322223846014182,0.5432053024210073,0.13402423186961077,0.575334563081285,0.17770744243843994,0.4616732527188472,0.13295976855545155,0.43760739530285175,0.2705348576944759,0.2705348576944758,0.2718943242272995,0.2718943242272995,0.344081431461659,0.3440814314616589,0.37474504377664813,0.37474504377664797,0.3333333333333333,0.47492620192107515,0.5293782754148326,0.570820298435671,0.5664898181938601,0.5208480882478195,0.1318821002960735,0.3362713792525145,0.43530143170638314,0.1142635260360989,0.3774973668752456,0.38537766140954116,0.11417608704936177,0.46705049522952247,0.4101769824055882,0.033750081015044564,0.06829889258330989,0.21637612518442617,0.05858091764132239,0.6005583663779444,0.5248544481847683,0.5010973569539572,0.43209716255856395,0.6005583663779442,0.5248544481847682,0.5010973569539572,0.4320971625585639,0.3636376100287943,0.3911826850819702,0.333334826453071,0.35901688542774535,0.36363761002879447,0.3333348264530711,0.1890833213873478,0.2156378109617142,0.38071807569874166,0.4094423089621289,0.3005636263046393,0.3739815635312929,0.25942570037692925,0.10465114287573773,BUY,0.0,0.0
0.19621119192209813,0.18737830023557278,0.21929183583823364,0.2084317597990839,0.015135156626260476,0.0,0.0,PPM,2023-05-11 00:00:00+10:00,Financial Services,0.4823191664152124,0.5190077938955185,0.4021902855823447,0.3640206025318134,0.1936959752889742,0.6464516423629867,0.17310869640979565,0.5792263134665612,0.14073241991063945,0.546246212069448,0.12931402362152689,0.5787508226766703,0.17570367874307813,0.4628283052182125,0.13155607933116675,0.4384585619631428,0.22592203127105112,0.22592203127105115,0.2708245686823902,0.2708245686823902,0.28836026556292543,0.28836026556292527,0.37398326932787623,0.3739832693278762,0.3333333333333333,0.4587288680137541,0.5228800934671606,0.5718563730960311,0.5662500584063769,0.5243980781118701,0.12959593245127454,0.33495398339889015,0.4478333767944637,0.11112858258530656,0.3765525421952963,0.39563175131846773,0.10661062559247303,0.4697595035778468,0.41416062466267234,0.03410572919517925,0.05101106830845113,0.27987330946534444,0.08537773290338131,0.6477368654613471,0.5195969673512918,0.44132390143673395,0.44191143196121113,0.6477368654613471,0.5195969673512918,0.44132390143673395,0.44191143196121113,0.3636376100287943,0.36074269272188103,0.333334826453071,0.3311488102255651,0.36363761002879447,0.3333348264530711,0.1942182733958751,0.2114371799481919,0.3905465757992306,0.40593153910702245,0.31489769620051267,0.41498725588142654,0.25378028644152206,0.09302317864348364,BUY,0.0,0.0
0.18262862244742206,0.1828597991237383,0.20091699112410621,0.19036129697116388,0.027622358288636947,0.0,0.0,PPM,2023-05-12 00:00:00+10:00,Financial Services,0.42946381220000895,0.4658443099976767,0.38729436428894426,0.3484763807853109,0.1975259886158931,0.579287847707652,0.16951491624073944,0.5475710579195787,0.13851923683082834,0.5215186096232272,0.12531838272093898,0.5589348359424674,0.17392883482317378,0.4432155338272461,0.12977390741219907,0.42184182392597014,0.23565822563678487,0.23565822563678485,0.27902659713978595,0.27902659713978595,0.2857001488056063,0.28570014880560624,0.36579242872143086,0.3657924287214308,0.39999911625353357,0.4664696087882416,0.4068455262100251,0.5680875785607098,0.5651575881555277,0.5162042875682795,0.1281302577989405,0.33047359862680104,0.3463136933415264,0.11140668780822516,0.37294327539082406,0.3049207442862395,0.10279566584258748,0.467825257905784,0.3682722001912837,0.04370030159620088,0.05311008937682586,0.42019102677646225,0.15199554870033247,0.6402216819037612,0.5034978918770665,0.44549525975625953,0.4567798020484263,0.6402216819037612,0.5034978918770664,0.4454952597562596,0.4567798020484263,0.18181753862329433,0.29986029243784623,0.16666625776553065,0.275410450157165,0.18181753862329442,0.1666662577655309,0.2044884841797598,0.19043417187102618,0.3368123954561483,0.35690156489725455,0.29892327509670813,0.26391713196192157,0.24858650562094764,0.06299237768679355,BUY,0.0,0.0
0.1781012913550799,0.182859899858289,0.20091709075055908,0.17229120842789225,0.009539052700000283,0.0,0.0,PPM,2023-05-15 00:00:00+10:00,Financial Services,0.4286325444785441,0.4650015253582834,0.34260659523976933,0.30159892488193385,0.18795091563317867,0.5507126655547805,0.160273821922853,0.5260338434543701,0.1343695290614242,0.49902857413937185,0.12071434387717694,0.5394724520837376,0.17062262918441107,0.42443227133265915,0.128167769567622,0.40508998483269,0.059003085885640245,0.05900308588564024,0.23810559215561683,0.23810559215561677,0.2859405826016714,0.2859405826016713,0.36834121013438886,0.3683412101343888,0.43478271310829764,0.29165618399518134,0.4132276689260692,0.5605973374945492,0.5624936022877609,0.5011034176315162,0.11509734160203533,0.32690027790801723,0.2593664294489233,0.11160206032645381,0.3664705703716976,0.23770667786254737,0.09916932910383691,0.46434522122827215,0.32322544605755077,0.0404243363530708,0.044988118908657046,0.160810626780575,0.0568351127740782,0.5314590743837797,0.44727854784998466,0.4112272152901794,0.44098707502480744,0.5314590743837797,0.4472785478499846,0.41122721529017936,0.4409870750248074,9.858101880474864e-07,0.17809667006946067,9.036603187628813e-07,0.16393480506138003,9.8581018836974e-07,9.036603187961845e-07,0.16854358754729065,0.1820328056493088,0.3249258853694581,0.3496600245082204,0.26357452266912107,0.28321686088049725,0.24261365398470602,0.052000078211553724,BUY,0.0,0.0
0.17357395347887228,0.17382354346789597,0.20091718436311323,0.19487903743969337,0.008929476795438254,0.0,0.0,PPM,2023-05-16 00:00:00+10:00,Financial Services,0.5505018283857545,0.586383383394919,0.4319821331821088,0.3953548042398082,0.18507837258347548,0.6296215132545364,0.1535997053380429,0.5868001808870253,0.1316030597618798,0.5368079364477556,0.1165768161263745,0.570950316224302,0.16813044690220647,0.45169495241911073,0.12654183243612827,0.42821230479875994,0.14796906190989054,0.14796906190989056,0.26834792485316805,0.26834792485316805,0.2985755535245154,0.29857555352451537,0.3737087763618225,0.3737087763618224,0.6000004418737214,0.4209631191946588,0.4297373195628854,0.5614547858275252,0.5605673256639998,0.5081921485514985,0.09253324016382525,0.33560212484708885,0.4649271749871785,0.10898003082367991,0.364642506676632,0.3712247632778324,0.0938786473222788,0.4645216251083326,0.39245324606911575,0.04137373828900001,0.03526894988974551,0.1487380506886191,0.05708261923004797,0.5850471732890103,0.4732766815009272,0.43602906998707835,0.4538323441938207,0.5850471732890102,0.4732766815009273,0.4360290699870784,0.4538323441938207,0.2272738736337916,0.1324353109068002,0.2272738736337916,0.12846522837999985,0.2272738736337918,0.2272738736337918,0.1274639514511154,0.13582583995092767,0.36027987169176373,0.3833140874312936,0.33069573454892065,0.2355709079909526,0.23723808751208864,0.03529418517669347,HOLD,0.0,0.5
0.18262878015490291,0.17382350698691107,0.19632350534610898,0.16777371748246162,0.010205092472948712,0.0,0.0,PPM,2023-05-17 00:00:00+10:00,Financial Services,0.4021044965473534,0.4379957143005524,0.31281474561298883,0.2707552720528005,0.17646076987797654,0.5698791293368393,0.1484657640503282,0.5380984676818936,0.1266234150226997,0.50142653736162,0.11167367570260356,0.5402046493788338,0.1660216663741756,0.4218439923171602,0.12468704398884234,0.4027112123082107,0.18202794792469987,0.18202794792469984,0.24512280717947027,0.24512280717947027,0.30736527563735344,0.3073652756373534,0.37985646008275936,0.3798564600827593,0.23809605220417182,0.3606923526595024,0.39317032958644527,0.5551806446731451,0.5575269169327558,0.49748632808980364,0.0905459353004987,0.3291102439739868,0.236455205288444,0.1062471542934682,0.35955666068887304,0.25235292213036387,0.08928866301956839,0.4619993844323149,0.3182387187687163,0.04043566272823432,0.03504178077154867,0.17122457286398302,0.06495986335053845,0.5386038917377539,0.4870686338015325,0.3970150245187379,0.43366041875252764,0.5386038917377537,0.4870686338015324,0.3970150245187378,0.4336604187525277,0.0,0.0715537587241821,0.0,0.07272764114479847,3.3306690738754696e-16,3.3306690738754696e-16,0.12232891908101556,0.12322397808762342,0.3216689503545262,0.3520379281263467,0.34938971982468936,0.13085310725443589,0.23240007768673332,0.08835344795268774,BUY,0.0,0.0
0.16451914565772374,0.1602689224194992,0.16876173919324056,0.1406685222867794,0.027413709260191352,0.0,0.0,PPM,2023-05-18 00:00:00+10:00,Financial Services,0.4001719902980976,0.43602000222378495,0.28302288937268627,0.23768509699244192,0.1620981339602936,0.5259783247453589,0.14333185111948832,0.4890127380923073,0.12219707178360384,0.4651435849431709,0.10585793626378659,0.5099470232492159,0.1621359246698275,0.3929145934577334,0.12266501811167574,0.3772561613161288,0.19379053774228983,0.19379053774228983,0.24692913343669248,0.24692913343669243,0.3002171662010958,0.3002171662010956,0.38597862366422847,0.3859786236642283,0.20000044187274513,0.3273961640934247,0.344904140071674,0.5433906103422512,0.5522770203607229,0.4762551114531832,0.09942120245419139,0.3132994515371359,0.13460160246559244,0.11131143316182102,0.34826448965297285,0.17700468100496847,0.08549048808773363,0.45633098946718786,0.2468924301852668,0.04968566162705895,0.040088219011072,0.37919985321575,0.164170657964756,0.49216082395766025,0.48579297255172377,0.40442847801108606,0.41005268303636544,0.49216082395766025,0.4857929725517237,0.404428478011086,0.4100526830363655,0.0,0.07155342862591513,0.0,0.07272733893698195,1.1102230246251565e-16,1.1102230246251565e-16,0.11205889507985128,0.13582577705082133,0.23466717387978883,0.27855714636827156,0.20010747530257394,0.11488811096156609,0.2266568928053504,0.16049370228526127,BUY,0.0,0.0
0.12829945220110828,0.1693051248383003,0.16876149693626608,0.19036129697116388,0.00924704429189548,0.0,0.0,PPM,2023-05-19 00:00:00+10:00,Financial Services,0.6366406447211546,0.6696383442000537,0.5660454198097459,0.5434508082346358,0.1620981339602936,0.6843217007511773,0.14538541345613698,0.5926249163703805,0.12026053181365981,0.5438611834906546,0.10186229536319891,0.575988752371129,0.16020105869314172,0.4510717131872839,0.12100607214139103,0.42711449784700795,0.35833949038330326,0.3583394903833032,0.33485512578933235,0.33485512578933235,0.3524318931143357,0.35243189311433554,0.4148479889631212,0.41484798896312114,0.4444435920646854,0.369222350677856,0.4706643107151317,0.5485272672112738,0.5493046557774159,0.4981401719440384,0.09997228224780774,0.3161053724503581,0.4932691355857389,0.10969825525053345,0.3467840001863235,0.4102924841036114,0.0800175999669468,0.45709264281037143,0.4003505729791703,0.0358426917508122,0.04070220001766785,0.1700603043910297,0.05680406876131299,0.60826892095022,0.5631673550857896,0.45037778727171984,0.4567798020484263,0.6082689209502199,0.5631673550857897,0.4503777872717198,0.4567798020484263,0.4399991487018021,0.1427844277510765,0.3793093268809443,0.12357199970885857,0.43999914870180223,0.37930932688094443,0.13259871349200275,0.13162503593225483,0.3484720713249919,0.3760097592570739,0.1985314186318756,0.1635290832456392,0.21713350438409174,0.10629921602294967,BUY,0.0,0.0
0.17810143011873203,0.1693053628784521,0.16876172846884607,0.18132643984185215,0.006140362160588253,0.0,0.0,PPM,2023-05-22 00:00:00+10:00,Financial Services,0.455476411450751,0.49211237466205787,0.3723984368161543,0.33280976370687354,0.16401318028917,0.6497423855731084,0.14127828878283988,0.5808800207004354,0.11915395173401722,0.5313278086858739,0.09653347338593465,0.5683914197463212,0.15802059783190447,0.44193813638530366,0.11937353068974499,0.41920317666543017,0.34751124406428396,0.3475112440642839,0.26748690559982785,0.26748690559982785,0.3456743620574217,0.34567436205742164,0.40663980773006486,0.4066398077300648,0.42105240207361133,0.3568284423008916,0.44513708433432975,0.5507211779179678,0.547451062506379,0.5088905710451975,0.09191778707624487,0.31645791135546053,0.44804260294668785,0.10969719565260139,0.3451059952080767,0.37483772199541554,0.07039724277796733,0.4618831613645338,0.37391685577950584,0.03328230172079101,0.035556013953595214,0.12316429707566778,0.040005719482980144,0.6242456323447907,0.49799505790508536,0.46509380362747094,0.4254334457799953,0.6242456323447908,0.49799505790508536,0.46509380362747094,0.42543344577999526,0.45000096122783817,0.29346712431966193,0.3103457971160932,0.2273598099815978,0.4500009612278383,0.31034579711609334,0.1480034496114771,0.16523009471711536,0.3408930684517164,0.37602035435432396,0.22526366890042723,0.1660041766960959,0.20777333761537398,0.1666667214624422,BUY,0.0,0.0
0.16904656653286398,0.16026891148049682,0.17794901442813083,0.18132643984185215,0.01197551873673287,0.0,0.0,PPM,2023-05-23 00:00:00+10:00,Financial Services,0.4823191664152124,0.5190077938955185,0.4021902855823447,0.3640206025318134,0.1611406636830781,0.6584345107815484,0.13819792401021092,0.5867426219414387,0.11417430699483733,0.5374818443340081,0.0906166724357993,0.5727461342601986,0.1556801126274321,0.44327889883602833,0.11789502076238279,0.42009169316716555,0.32528914720202207,0.32528914720202207,0.26655283658020384,0.26655283658020384,0.26470231009529016,0.2647023100952901,0.4034858365590159,0.4034858365590157,0.4705889042227505,0.4192198033083289,0.47577024979065485,0.5530684502624542,0.5465291364826328,0.5178430661869725,0.08602902785794564,0.3165917851681309,0.46947672679946856,0.09977458552661767,0.3465170820865665,0.3845953434892341,0.05673125752279118,0.4720546414350779,0.3712845672601146,0.03557702532892108,0.03870469972590161,0.21772765325398602,0.07383805922795705,0.5847741911827912,0.5084646870666447,0.397999669551601,0.41252337676057527,0.5847741911827911,0.5084646870666447,0.39799966955160104,0.41252337676057527,0.5294144449033313,0.4707414037850451,0.3103457971160932,0.3311476202543371,0.5294144449033316,0.31034579711609334,0.127463656746251,0.1694307292680376,0.3563141351409916,0.38952558740404586,0.2502958984276574,0.18913935025627843,0.1999107975296509,0.14285718982495044,BUY,0.0,0.0
0.16904647330617695,0.16026881844337704,0.18254256506983957,0.15873861083005103,0.013106633685976362,0.0,0.0,PPM,2023-05-24 00:00:00+10:00,Financial Services,0.41467764433268633,0.45082202659711423,0.3277106697527688,0.2853742433802532,0.159225643797813,0.5921045771479374,0.13255058150450627,0.5482803200007058,0.11030124997547497,0.5073148337153759,0.0834983698743359,0.5490078822602101,0.1529256694973986,0.41882631328482667,0.11625147302205185,0.39879674982628177,0.31678295434648873,0.31678295434648873,0.27881123452667644,0.2788112345266764,0.2468655134740645,0.24686551347406446,0.4050664844655049,0.40506648446550486,0.45714290223209775,0.42734754223900756,0.3332082570957903,0.5492991049807715,0.5448908016260067,0.5109590133080788,0.07931495055030191,0.31333529387056,0.3046714053972276,0.09855803116516437,0.34174000037817753,0.29535444993361165,0.038542622529757375,0.48713323634815997,0.2611518345001399,0.03776288988686839,0.034852229070956156,0.2274984737712863,0.08277711212383246,0.5922282684150152,0.4814588762761493,0.4151233494229492,0.3842315393950766,0.5922282684150151,0.48145887627614936,0.41512334942294915,0.3842315393950766,0.23529582099271715,0.40219655149938377,0.13793173499163663,0.25042459470059725,0.2352958209927173,0.1379317349916368,0.11719386396090553,0.13582556405025104,0.3320518731773274,0.3773072105418377,0.25371488092164507,0.15289755962740703,0.15863246207960569,0.11740900873381532,BUY,0.0,0.0
0.15999170294699594,0.1693053628784521,0.19172994336705784,0.18132643984185215,0.021983321776059286,0.0,0.0,PPM,2023-05-25 00:00:00+10:00,Financial Services,0.5513299543956964,0.5871935611939232,0.4319821343485351,0.3957308143017127,0.16784322005970065,0.6382173719236461,0.12947021673187753,0.6035056702386152,0.10753478831610619,0.5457547761384951,0.07923956326926751,0.5811933864528195,0.15074520863616137,0.4461149103818107,0.11477296309468987,0.4219725403610525,0.28962918311886976,0.28962918311886976,0.30215643624535216,0.30215643624535216,0.25989143111245366,0.2598914311124536,0.3861602472602949,0.38616024726029474,0.45714290223209775,0.5005065944344623,0.4332535357574875,0.5532005398402039,0.5445124944020263,0.523066760245161,0.07023918828085196,0.316203284780873,0.5492115438033849,0.09494305745385057,0.34080921265597885,0.4121403965841008,0.029387924057515225,0.49334578246602967,0.3612808634411151,0.03367192902641625,0.03587267860834674,0.4042133173620481,0.13603985769923652,0.6822340309040934,0.5084646870666447,0.4354612258556897,0.4498420783887745,0.6822340309040932,0.5084646870666447,0.4354612258556897,0.44984207838877455,0.529414562417402,0.4287881737457352,0.3103457971160932,0.25042459470059725,0.5294145624174023,0.31034579711609334,0.12232892257888289,0.11062174877521291,0.4318402674806849,0.4389833943233928,0.3812267944954435,0.24956425323805354,0.1594096926570262,0.0634919747750935,BUY,0.0,0.0
0.16904636891296598,0.19641451359337625,0.20091703040771014,0.21746661692839564,0.01839886845071331,0.0,0.0,PPM,2023-05-26 00:00:00+10:00,Financial Services,0.5905445556364888,0.6253390498242294,0.5213576600058917,0.48985477717430903,0.17358827971549573,0.7351313269828395,0.13255058150450627,0.6764156125453489,0.10725812992588857,0.6021948928023106,0.07908745643247661,0.6278300709909664,0.14954712959958316,0.488521035481861,0.11325044897868453,0.4586040681252529,0.22897249739622474,0.22897249739622477,0.33250348037254013,0.3325034803725401,0.2881886054575587,0.28818860545755864,0.3397750983048901,0.33977509830489006,0.6486488100347454,0.48267767729696087,0.4883163857219752,0.5667933022711255,0.5474582322114155,0.5550078820338881,0.08216190313492189,0.3108929047002782,0.8283094564151877,0.09428846988313189,0.34098096344590234,0.5897437999934996,0.02921351477048284,0.4933195988623422,0.5438394685644221,0.04056641943706657,0.031884615663306845,0.2990460897093454,0.1175732772134503,0.655443603259172,0.5737888059130761,0.4805960556863346,0.5562583279330887,0.655443603259172,0.5737888059130762,0.4805960556863347,0.5562583279330887,0.9999999999999999,0.586363615839711,0.5862056300434927,0.342679390054015,1.0,0.5862056300434928,0.12232892257888289,0.12322354001897484,0.6026035669830223,0.5458182211066525,0.3978266975191418,0.33548846151586037,0.16127850281326206,0.042307874106494614,HOLD,0.0,0.5
0.21432081714706452,0.21448765990014873,0.23307266318767805,0.22650184834235554,0.0938315896633701,0.0,0.0,PPM,2023-05-29 00:00:00+10:00,Financial Services,0.508543559205213,0.5450799053465352,0.4021902855823447,0.3640206025318134,0.18316335269821016,0.7343029690638203,0.13871131104976375,0.6838610071300837,0.10559824834616194,0.6183824280213206,0.0792395548681275,0.639342982179702,0.14851463556239253,0.49956935986875917,0.11160911361723724,0.46856461806609173,0.21286419330050474,0.21286419330050477,0.31781234593067226,0.31781234593067226,0.270184850043475,0.2701848500434749,0.340546457606911,0.34054645760691094,0.7878792443608678,0.5195642964183286,0.5096275853115763,0.5803721775142722,0.5530598873024632,0.580528889271339,0.09780427772069578,0.30730951253121064,0.7920077436486441,0.08797425899593447,0.34416827762970625,0.655408817460565,0.029419671606701447,0.4932941417828842,0.5887845175225928,0.10662825767000103,0.07101767602369098,0.6844554728701251,0.4603433305452477,0.6875171593104324,0.6077593860347056,0.4562036558743623,0.5647378577601269,0.6875171593104323,0.6077593860347057,0.4562036558743623,0.5647378577601269,0.9047610436075135,0.8105338592259497,0.7600001085930462,0.550715441890293,0.9047610436075137,0.7600001085930466,0.11719436132271172,0.10642100942754118,0.6991419920373487,0.6412371746915948,0.643249252853473,0.47530868599535886,0.16552403377662828,0.09541972944754784,BUY,0.0,0.0
0.20526591733664978,0.1964146137431696,0.21010441346415432,0.199396528385124,0.013603281853765596,0.0,0.0,PPM,2023-05-30 00:00:00+10:00,Financial Services,0.40424763325795204,0.44018542516261394,0.34260659329089677,0.30303942381446114,0.18699336602512928,0.6380825115247473,0.1392246980893166,0.6240086274456005,0.10227848518670846,0.580505811468202,0.08000005964809276,0.6038764090523817,0.14610524349342757,0.4696820668585706,0.10976973342716834,0.4428893274239071,0.27070393382504426,0.27070393382504426,0.3324874515056899,0.33248745150568987,0.28242440506607364,0.28242440506607347,0.3270593065725544,0.32705930657255433,0.5357148493289041,0.46596308479089865,0.4170294912456295,0.5838493834640238,0.5583721902729807,0.5777484722706963,0.09881385933180664,0.30726306338172704,0.5948580214239771,0.0768316966220648,0.34920022359534386,0.5334554995962288,0.029165905719452212,0.4952556437395601,0.44944123399947083,0.10785452655437194,0.06575809811270027,0.10187053315388304,0.07030094183245406,0.6399680849777324,0.5463361855246097,0.4267746693583407,0.582541368430808,0.6399680849777324,0.5463361855246096,0.4267746693583407,0.5825413684308078,0.6190471999384235,0.8405473229424948,0.5200002171860929,0.6208294030757462,0.6190471999384237,0.5200002171860931,0.13773420292835442,0.11902295760098391,0.5608943441051435,0.5523094956644119,0.58813656723931,0.43185242671187024,0.17222685653991932,0.031250121364093664,HOLD,0.0,0.5
0.21884821795145304,0.20996929606545678,0.20091703040771014,0.21746661692839564,0.03604215679281218,0.0,0.0,PPM,2023-05-31 00:00:00+10:00,Financial Services,0.5355863556453409,0.5717580511774059,0.35750216502672494,0.3188060648886255,0.19944095561393582,0.6575406215157211,0.14487201223814683,0.652181968876999,0.10255512065639993,0.6082920910839908,0.08152106080688282,0.6259570355055445,0.1439470001058032,0.49186039917055124,0.10781593213705087,0.4620030890483179,0.2243512514077384,0.22435125140773843,0.31168127477081364,0.3116812747708137,0.2607069653207356,0.26070696532073556,0.3298333231175697,0.32983332311756963,0.6333325355063686,0.4984084115979349,0.4478718735068459,0.5917925276964556,0.5645202766227908,0.5857796085636731,0.10656527822209405,0.30962957823412063,0.6785572521547085,0.07759852761180808,0.34892701035478557,0.6444450345961295,0.029073681467348678,0.49850331358698097,0.5376742446803602,0.12513291186632863,0.07573133887018556,0.2306358502165615,0.17329237579670148,0.7133770726926801,0.6024314065553641,0.4907077011783132,0.6047606253573471,0.7133770726926799,0.6024314065553641,0.4907077011783132,0.6047606253573471,0.8095217806216697,0.7767657442205383,0.8095217806216697,0.6955122068463291,0.8095217806216698,0.8095217806216698,0.1839488745394518,0.14002611370705098,0.6030807526183978,0.6110754485636314,0.6425279039809854,0.5409978783182416,0.17839345348214708,0.007692417997198886,HOLD,0.0,0.5
0.2052660557764283,0.1964147519014442,0.210104549606561,0.2084317597990839,0.015360176835480825,0.0,0.0,PPM,2023-06-01 00:00:00+10:00,Financial Services,0.4560958599712259,0.49273544109811007,0.37239843593287447,0.3335300131731376,0.20518601526973113,0.6129477531021372,0.15257291708049991,0.617855786026783,0.10393836676643531,0.5924383478376318,0.08243366402249896,0.6136451127122259,0.14122311543361077,0.48302365919362966,0.1058577297899701,0.45426930819615186,0.23047817222664777,0.2304781722266478,0.2817128590369823,0.2817128590369823,0.24664085495258797,0.24664085495258795,0.3301519776545549,0.33015197765455473,0.5937502427287108,0.5150939228285608,0.4952103841259451,0.5956922018874713,0.5703706856013355,0.5829191932943583,0.10166852186999287,0.32612564707441405,0.594009630034453,0.07936152371832339,0.3494326310329795,0.5795487442429172,0.028977183318155575,0.500518855307311,0.4878237966830616,0.12014339190957021,0.07605301404162614,0.10403556269948483,0.07463469643966733,0.6558179952829201,0.6268897590349414,0.51161101641534,0.5868449555637719,0.65581799528292,0.6268897590349413,0.5116110164153401,0.5868449555637719,0.7142864629242676,0.7129853839146179,0.7142864629242676,0.6802243594592043,0.7142864629242676,0.7142864629242676,0.1839485702070291,0.12742422766663608,0.5614986753888102,0.5922357911010449,0.6706550728289947,0.5395288725427787,0.1840667226689966,0.007751726388046887,HOLD,0.0,0.5
0.20073862384926322,0.1918965260685085,0.20091726337488836,0.2084317597990839,0.04001834908669693,0.0,0.0,PPM,2023-06-02 00:00:00+10:00,Financial Services,0.4823191664152124,0.5190077938955185,0.3872943607576096,0.34871644576504107,0.20327104827168863,0.6184884671091591,0.15462652195246052,0.6139384009732007,0.1061515498462462,0.5895917112159013,0.08212947135176685,0.6138769678467967,0.1387392672762715,0.4845021615641898,0.10405355896717405,0.45539579715029144,0.14942609130743098,0.14942609130743095,0.19744875049306765,0.1974487504930677,0.24161950727476061,0.2416195072747606,0.31611125296555403,0.316111252965554,0.7037046886778847,0.5516921810062219,0.5419919636981541,0.5988634083126155,0.5758088642481226,0.5789580257712073,0.10402751642715358,0.3273806330957616,0.5776962121170977,0.08074865623237648,0.3515371219456419,0.5693037035866964,0.02874823480292399,0.5002716143879542,0.4887667206428198,0.13643034184887973,0.08764989346099823,0.23667662319953886,0.18049109025124518,0.5929073334651971,0.5628166971401422,0.5276966202422565,0.5519864177789597,0.592907333465197,0.562816697140142,0.5276966202422566,0.5519864177789597,0.7142864629242676,0.7448762246069462,0.7142864629242676,0.745198798290523,0.7142864629242676,0.7142864629242676,0.19421847843808343,0.13162486645460392,0.5262504159387554,0.563076923995301,0.6028823250140897,0.4933029550910188,0.2493093183177667,0.03488367861094277,HOLD,0.0,0.5
0.19168368784389367,0.2370788167544663,0.22388540631755927,0.23553707975631566,0.024130786356257945,0.0,0.0,PPM,2023-06-05 00:00:00+10:00,Financial Services,0.5616011029709458,0.5972260978587128,0.5064621080365254,0.47198375631889244,0.20518609460056503,0.6963182317462415,0.160787251497718,0.6601330299338299,0.10725815284641471,0.630242297007914,0.08288997613173166,0.6481225110047483,0.1365921429144965,0.5172487239076777,0.10238581999865737,0.4833805276461106,0.19604422962540313,0.19604422962540313,0.21271062312218747,0.21271062312218753,0.21160891284384897,0.21160891284384895,0.3233921199202218,0.32339211992022177,0.7142865597093094,0.559086458003096,0.6091809538556587,0.6088797460550698,0.5825531006701324,0.591508081514349,0.11410097444702183,0.3285747920472326,0.7375073694043848,0.08439773674664908,0.3499186630646277,0.7185999139221544,0.029727908483612397,0.5002274636427804,0.6277453197432178,0.0839215182880058,0.09237650656601236,0.22012161795865487,0.10676460328653653,0.6235138742624592,0.607228522851122,0.5058559199071362,0.5818604960657581,0.6235138742624592,0.6072285228511219,0.5058559199071362,0.5818604960657578,0.8076927986746543,0.7442637905112511,0.8076927986746543,0.7445871385449326,0.8076927986746545,0.8076927986746545,0.24043305625592354,0.16523002641587659,0.6492432398976705,0.7194805273412841,0.623204854307943,0.5561131793839038,0.1888582451688715,-0.015151729126751334,HOLD,0.0,0.5
0.2233756080746232,0.214487480179402,0.21929155923144328,0.19036129697116388,0.007059988182680325,0.0,0.0,PPM,2023-06-06 00:00:00+10:00,Financial Services,0.35318499683153987,0.3876260060344824,0.25323071750156634,0.21387720237578026,0.20327104827168863,0.5628213204323678,0.16181401139838614,0.5617709813006855,0.1061515498462462,0.561522261827117,0.08197737291611573,0.5907651112332687,0.13345707378545768,0.4666505551791009,0.10091171112825803,0.4393872024275146,0.2661556868889942,0.2661556868889942,0.2923303724216114,0.2923303724216114,0.25223170046926996,0.2522317004692699,0.34362247672971874,0.3436224767297187,0.4,0.5225922782685858,0.4568854542325266,0.6042728441181763,0.586847537391186,0.5679676812427824,0.11340083556079317,0.3308147494514211,0.3779228144137179,0.08305731632214952,0.34945092369998465,0.4576636708085171,0.029439628242153182,0.49883759653098947,0.3956716315889777,0.078992153968227,0.09209537803731742,0.07199999269735596,0.032187034944755756,0.5926666638905427,0.5519307571419684,0.4652525995596522,0.534962128235651,0.5926666638905426,0.5519307571419685,0.46525259955965226,0.534962128235651,0.4230757688530054,0.6467519706863814,0.4230757688530054,0.6471986108235319,0.4230757688530056,0.4230757688530056,0.26097317111367596,0.1652303192634923,0.5279052123841981,0.585419389937208,0.628954265716387,0.5220486668662057,0.19049906050887,0.06299237768679355,BUY,0.0,0.0
0.20073854317291406,0.19189644555620677,0.21469811276248207,0.19487903743969337,0.005072393194333099,0.0,0.0,PPM,2023-06-07 00:00:00+10:00,Financial Services,0.4957414705705645,0.5323771148576839,0.3426065903828165,0.3028039754647241,0.1984835382239425,0.5905038218544085,0.16592116442855764,0.5637856954826013,0.10532160523629486,0.5695938593825736,0.08182527448046484,0.5966868502759871,0.12992471955349716,0.47399579001525805,0.09953222315942178,0.4447368906812085,0.24599337220111403,0.245993372201114,0.2708008243196733,0.27080082431967323,0.25276911090144605,0.25276911090144594,0.34055683736127046,0.3405568373612704,0.37931064037269685,0.5861986527961077,0.4794670733958313,0.6019236217133798,0.5897216721516525,0.5543198403006607,0.10463115713793014,0.34489564667078065,0.3481195458606142,0.08185793749916281,0.34927549436786987,0.48862228898165083,0.029438143748960144,0.49853024311169736,0.4196947336127171,0.05566120546610864,0.08915235470388079,0.0712260783779058,0.023867364118962113,0.5698642097938139,0.5860050469929085,0.4703477509746179,0.55617575622355,0.5698642097938137,0.5860050469929083,0.4703477509746179,0.55617575622355,0.46153885268654093,0.5621195037734852,0.46153885268654093,0.5626731516035103,0.46153885268654105,0.46153885268654105,0.24556831567811016,0.15682927416933967,0.48137922365334657,0.5454359627478813,0.6744664857548842,0.5266974119884105,0.1921070595420683,0.09019605846978251,BUY,0.0,0.0
0.18262889614060285,0.18737830023557278,0.210104549606561,0.2084317597990839,0.0261656573054139,0.0,0.0,PPM,2023-06-08 00:00:00+10:00,Financial Services,0.5224266859569333,0.5588019568311954,0.44687806005655084,0.41065326777132033,0.1984835382239425,0.6324157433970794,0.1690015292011866,0.5868565893118183,0.10532160523629486,0.590658153176886,0.08182527448046484,0.614108897975456,0.12696079150708872,0.4915575712697775,0.09859062759642012,0.4588201689329424,0.2564512286200378,0.2564512286200378,0.26055163509240603,0.26055163509240603,0.25668249280191596,0.256682492801916,0.34161104740894205,0.3416110474089419,0.5384620287047186,0.5222974040023854,0.5025740109193803,0.6038539764388595,0.5924822940337645,0.553229082312815,0.10152493662430628,0.3524785297871995,0.4604446628908918,0.08185793749916281,0.34927549436786987,0.5699692773677771,0.029438143748960144,0.49853024311169736,0.4898495738033986,0.06380147129613373,0.09424226881129115,0.2983382386514652,0.1145814959961019,0.60826892095022,0.5740500466840355,0.4856326423903839,0.5604982099348407,0.6082689209502199,0.5740500466840354,0.4856326423903839,0.5604982099348407,0.5769230352513854,0.48484631274688444,0.5769238554136994,0.485497937624218,0.5769230352513856,0.5769238554136995,0.21989357199870457,0.15682927416933967,0.4818855992198036,0.5549128863299718,0.6930804091301948,0.546521739968145,0.19368289859460297,0.07364338098027323,BUY,0.0,0.0
0.18262872260170115,0.17382344955073814,0.1963234483252192,0.17229120842789225,0.0272286146857176,0.0,0.0,PPM,2023-06-09 00:00:00+10:00,Financial Services,0.37660955275187713,0.4118380414604414,0.3277106726541251,0.2862994937993027,0.19082343223927078,0.5424628069661264,0.16386760209190943,0.5194760093055637,0.10421502515665271,0.5358664788699836,0.08091267126484869,0.5683248000235231,0.123014479349568,0.45173042080600423,0.09756980936180937,0.42344647200791774,0.3070298068277383,0.3070298068277382,0.25488898515760766,0.25488898515760766,0.27622495117083695,0.2762249511708369,0.3540601372382695,0.35406013723826957,0.33333425389951826,0.46484882581037323,0.4478719659994884,0.5954532130759725,0.5926831862437556,0.5286323526107035,0.10567539177519181,0.34072111192457144,0.1514790702466295,0.08188716021881226,0.3475701250677413,0.3608350956155617,0.029895400910238346,0.49592808384956566,0.3090090706569885,0.05416637564174927,0.09406057976765693,0.35269664299492537,0.1192940230659438,0.5463443317773817,0.4872757077274679,0.4649320781665256,0.5345631295417373,0.5463443317773816,0.487275707727468,0.4649320781665256,0.5345631295417373,0.2083319449861376,0.41293940311847177,0.2692308688723975,0.4340481501967991,0.2083319449861376,0.26923086887239756,0.2096238630396377,0.17783259368611215,0.339813239920282,0.44431719616492665,0.6496318697559853,0.5006361508180288,0.27089901216879164,0.09600004241982574,BUY,0.0,0.0
0.16451904188318967,0.15575059311359396,0.1733552798612692,0.15873861083005103,0.03607122399133062,0.0,0.0,PPM,2023-06-13 00:00:00+10:00,Financial Services,0.4414098705128216,0.4779328759008884,0.3426065929186841,0.30085284976212756,0.17454574999271166,0.5469895706386065,0.15616669724955634,0.5045340168010475,0.10338508818687697,0.5158095980113528,0.0798479738141511,0.5516732336898312,0.11897982089556391,0.43824089981141756,0.09641916268150186,0.41063440249803407,0.23575903920605965,0.23575903920605967,0.2500570097601851,0.2500570097601851,0.27352494301754954,0.2735249430175495,0.35516488050893796,0.3551648805089379,0.32258113370256897,0.44022848866269215,0.4542166937462384,0.5852640615831721,0.5904089076649826,0.5048481587089519,0.1065512798439594,0.3276745298103292,0.15389098942650015,0.08280326962951756,0.3454830669518102,0.2912772761277075,0.030925177548999594,0.49208521205389566,0.2505961551402848,0.06316165694800753,0.10630358458530727,0.41175746751542547,0.14856970419855917,0.47967018556132596,0.4610913312645393,0.46985877775462326,0.530002544426124,0.479670185561326,0.4610913312645393,0.4698587777546233,0.530002544426124,0.11999982183674454,0.29857515373676413,0.15384692833860109,0.3311478648910761,0.11999982183674462,0.15384692833860114,0.20962386010251716,0.1736317089947802,0.24253445054569817,0.3638065127225605,0.5858056249282719,0.4891415481995162,0.26917183492694974,0.12550606608441228,BUY,0.0,0.0
0.155464135121975,0.15123232378186058,0.17794887862386055,0.17229120842789225,0.018081802112851226,0.0,0.0,PPM,2023-06-14 00:00:00+10:00,Financial Services,0.523725334264313,0.5600827118901484,0.4170862081679889,0.37993938347983014,0.17071573666579254,0.601037034363785,0.15308633247692738,0.5392572235200903,0.1020018497170172,0.5386324373410507,0.0771101641673031,0.5711425675237577,0.11527354982580418,0.4562784432560054,0.09462818773703918,0.42524334905386885,0.1965799823736849,0.1965799823736849,0.24513699849473553,0.24513699849473553,0.2664425281772373,0.26644252817723724,0.3136456695969921,0.313645669596992,0.3823529172863564,0.5089820741045086,0.5025740109193803,0.5812418399607061,0.5876282586513251,0.4999823883693562,0.10708759694064507,0.3222963564976875,0.3019700618538427,0.08239060369932605,0.34375724512958283,0.3764348185872171,0.028602016266491503,0.4902869344895473,0.32378025351398837,0.07146489673177445,0.1105268334752466,0.19015420619960519,0.07351558123097952,0.5768193498819383,0.5082115046844099,0.45985816557198533,0.4861767869607659,0.5768193498819382,0.5082115046844098,0.4598581655719854,0.4861767869607659,0.2399992541233312,0.18575631943930884,0.2692308688723975,0.22824722435991052,0.23999925412333123,0.26923086887239756,0.2044888025237493,0.1652304453405038,0.27025664194648247,0.3967954105223167,0.6284474690887012,0.5282950482240445,0.2649229826088809,0.135999949626457,BUY,0.0,0.0
0.16904646617901076,0.19189638844161128,0.20551077088856506,0.199396528385124,0.03912528447014756,0.0,0.0,PPM,2023-06-15 00:00:00+10:00,Financial Services,0.5641381348199119,0.5996996418461165,0.46177397787379265,0.42693768985306174,0.17167323338661933,0.6838883101511399,0.15103277014027894,0.6013666323049385,0.10393837440661047,0.5783815461147992,0.07589335567924516,0.6069960170592105,0.11230406569615248,0.4898381967591041,0.09334331884662728,0.4531037933826728,0.24452473095913838,0.24452473095913835,0.26245528438642596,0.26245528438642596,0.2659343866756812,0.26593438667568114,0.3196021743245568,0.31960217432455673,0.3823529172863564,0.5171844488169475,0.5094821445769753,0.5858231166214378,0.5864985679563145,0.5158466321430197,0.10285020809903345,0.32265290528830803,0.5262753168854597,0.08293348785106258,0.34620487196264105,0.5205797233661227,0.027247894386013938,0.49001064326885047,0.4622865426498987,0.09711850723409289,0.12387176654013955,0.31214758648667296,0.14877814451683571,0.6161004254439864,0.519433314211017,0.5225862357447466,0.5269658729687292,0.616100425443986,0.5194333142110171,0.5225862357447466,0.5269658729687292,0.47999922337883577,0.2767240319658926,0.4999998121333524,0.30542243833920274,0.47999922337883594,0.49999981213335254,0.21475863933250267,0.18203292091879264,0.4555380817315821,0.5482046059539265,0.645731003270905,0.5630153576125678,0.26084408438353457,0.14843767193246582,BUY,0.0,0.0
0.1962110219117157,0.23256049004708845,0.22388530846315358,0.2536071682995873,0.18783006513892367,0.0,0.0,PPM,2023-06-16 00:00:00+10:00,Financial Services,0.64212183742566,0.6748677189478219,0.5511498672959281,0.5176557203163201,0.18124830636933376,0.8251457201532069,0.15616669724955634,0.7078030002119415,0.11085453619520869,0.6535113685973337,0.07650175362241929,0.6764102251230221,0.10976798349696004,0.5550605974962031,0.09285502212353824,0.5075721578253861,0.3517728941581921,0.351772894158192,0.3461270315808082,0.34612703158080815,0.2960497008339689,0.29604970083396887,0.3503512251373622,0.35035122513736217,0.6944445296821588,0.5475091985278608,0.626184262725417,0.6045448248346691,0.5900689088760793,0.5610097634217283,0.12155295570619784,0.31480465243339306,0.8285819241662935,0.08980491702699056,0.35048914231337036,0.7924013071007605,0.028684922847341587,0.48891301958843836,0.7295443923347544,0.21890774730353615,0.19789428796472347,0.7134645100570921,0.5395570320226268,0.6856741764311514,0.5948828937703051,0.6208684844227393,0.5772642047813791,0.685674176431151,0.594882893770305,0.6208684844227395,0.5772642047813791,0.959999161889845,0.5579975770927186,0.9615376986552622,0.5755355096540045,0.9599991618898451,0.9615376986552624,0.23016361670227187,0.21143740894700946,0.6735517796778213,0.701786146617857,0.7622217514037821,0.7290836896105817,0.16295052697522416,0.13059701723243533,BUY,0.0,0.0
0.25054028198207523,0.30485206861367986,0.28360274654362594,0.32588789675732266,0.1521869976407124,0.0,0.0,PPM,2023-06-19 00:00:00+10:00,Financial Services,0.6858485812199557,0.7163002152001694,0.6107331988365599,0.5695497492624972,0.21380361797522984,0.9470047683361122,0.16951491624073944,0.8350359505978535,0.11915394409384206,0.7538278260984637,0.07954375593999985,0.7670162920298406,0.10815649299732977,0.6410598957956457,0.09283323196909721,0.5798031218360259,0.32454452430970626,0.3245445243097062,0.44037903747312784,0.44037903747312784,0.32994413416943885,0.3299441341694387,0.39600466150143415,0.3960046615014341,0.7843133963363521,0.6297636217822785,0.745706539085765,0.6390998364869231,0.6011831007305832,0.6334994737125208,0.17735599136727265,0.28824303981244503,0.9105412090278271,0.12339782001390653,0.3327255476074288,0.9271257217799563,0.039933007843688584,0.47681831863564983,0.9995015352692848,0.3130446492001377,0.2638524984054994,0.41265703211122573,0.3595996193555751,0.8798690436443221,0.6813011004739652,0.6408879459931507,0.6443285314405671,0.8798690436443218,0.6813011004739652,0.6408879459931506,0.6443285314405672,0.9999999999999999,0.8124836152344261,0.9999999999999999,0.8199239584083926,1.0,1.0,0.27637804659697013,0.24084182586278569,0.8643523213063251,0.9292524422288839,0.7914548751750481,0.8361648383103186,0.16502313608148633,0.0845070833422068,BUY,0.0,0.0
0.3048694135592265,0.3274432582023873,0.34332005414476074,0.33944049435516366,0.046405281276096784,0.0,0.0,PPM,2023-06-20 00:00:00+10:00,Financial Services,0.5183308721515042,0.5547594156154336,0.4766698949728574,0.4343003288628591,0.25210396279331015,0.8706213163640171,0.18132294575638963,0.839538665162382,0.12883656754180906,0.7611985134116797,0.08395466098071913,0.780716520131934,0.10687338759549014,0.6578671289649332,0.0926640127873859,0.5934628011800064,0.23971848527065506,0.23971848527065504,0.43433367024274544,0.43433367024274544,0.32544782320068916,0.3254478232006891,0.3889407911480702,0.3889407911480701,0.7843132795395853,0.6980101319584046,0.7131760884930127,0.6695200700361817,0.6173442485568869,0.6819962400737701,0.21889920142524422,0.27145582838033,0.8246639624262353,0.15222264015759435,0.32136927321006215,0.849467467731162,0.052991864830908675,0.4645671249657284,0.9747854401019806,0.3208297702444798,0.2824323422222983,0.12329164086219692,0.10411040843900805,0.9316792026120946,0.662274264788817,0.668200979662469,0.6848790608286774,0.9316792026120942,0.6622742647888171,0.668200979662469,0.6848790608286773,0.95555505199698,0.971723352033142,0.9565212272742208,0.9725967461837611,0.9555550519969801,0.956521227274221,0.2661082221200594,0.22824003294464534,0.7743492386708692,0.9022873323044167,0.8274301108530407,0.8494856391644909,0.17184892602675605,0.052264884136741685,BUY,0.0,0.0
0.3184517497224233,0.3229250766965607,0.3341328125088363,0.32588789675732266,0.038844468604001016,0.0,0.0,PPM,2023-06-21 00:00:00+10:00,Financial Services,0.4466838881253213,0.4832561721756029,0.38729436320704397,0.3501126144480441,0.28465927439920624,0.736703423170991,0.19672476961953334,0.7803824744920373,0.13768925402000054,0.7284335761956331,0.08851767705879965,0.7595004382699021,0.10574197927138274,0.6426890389493052,0.0927962532456601,0.5798288737727212,0.32059446491934424,0.32059446491934424,0.37012254689719504,0.37012254689719504,0.3314372222394372,0.33143722223943706,0.38690164712389236,0.3869016471238923,0.8695655828351246,0.6515804093072457,0.7048672568905452,0.68890216276845,0.6349050782681354,0.6954459403948211,0.24731743300097153,0.2716662869896511,0.7234025445573012,0.17122389803344507,0.3176307405995136,0.7562888785652708,0.06263658091954305,0.45817733870343846,0.8813593210134684,0.3364712426480813,0.2948307501421831,0.09864321681920882,0.08433625297999178,0.8798690436443221,0.705457747497586,0.6525523061984211,0.691194692712093,0.8798690436443218,0.7054577474975858,0.652552306198421,0.6911946927120929,0.8888886353747025,0.9479120120296073,0.8888886353747025,0.9483009855634414,0.8888886353747028,0.8888886353747028,0.24556842240649762,0.21983886333181257,0.6698765649351943,0.7834352611300168,0.7615823068786729,0.8058105697480029,0.18297344705600305,0.028169125023958408,HOLD,0.0,0.5
0.29581478434059405,0.30937048724327554,0.32953936208556045,0.33040563722585214,0.027265032210298176,0.0,0.0,PPM,2023-06-22 00:00:00+10:00,Financial Services,0.4943236208506882,0.5309673409773261,0.47666990865307846,0.43480232643788713,0.3124270759573562,0.6731072300042737,0.21212659348267726,0.7596931079417126,0.14820183735826964,0.7211333087408722,0.09308069313687994,0.7614794771064751,0.10405325464175652,0.6491514919852075,0.09289989047995251,0.5842702751578436,0.3442368361891991,0.34423683618919904,0.3703584198768978,0.3703584198768978,0.314178790074879,0.3141787900748789,0.38688845351943074,0.3868884535194307,0.9318184528535661,0.6752264451577323,0.7092394384984361,0.7043833000770955,0.6526534074010676,0.6972476433811513,0.2707293956433452,0.2761716035788335,0.6881221095306722,0.18696757650438833,0.31935437223119867,0.7299121667813029,0.07202320821603614,0.45220722154916904,0.859999248745921,0.3275363686760286,0.3013640013955446,0.0712156823826144,0.0580705545752613,0.8344986321377063,0.7048122845271904,0.6878625967947691,0.6906821360591513,0.834498632137706,0.7048122845271905,0.6878625967947691,0.6906821360591514,0.9111117971038083,0.9181478220399056,0.9111117971038083,0.9185744288534641,0.9111117971038083,0.9111117971038083,0.24043347048433267,0.2198388637879063,0.6187085208693257,0.7217431299312458,0.7448779503586951,0.7720250867608411,0.1934304968234951,0.05964899768442966,BUY,0.0,0.0
0.29581470528289056,0.2958157304755987,0.31116471138697066,0.3168529148664614,0.0187032387708317,0.0,0.0,PPM,2023-06-23 00:00:00+10:00,Financial Services,0.44643349246764596,0.4830036251429085,0.43198213295270005,0.39233329209424306,0.3258322151542121,0.5992282712014281,0.2244480383947547,0.7085076333435112,0.1565012376167274,0.6897691013623017,0.09536219907563526,0.7422788243027926,0.10211615479950309,0.6344916059070389,0.09302772896969458,0.5706416735993839,0.3324074296412285,0.3324074296412285,0.38594436843654,0.38594436843654006,0.31698067156334925,0.3169806715633491,0.3618687055981367,0.36186870559813666,0.8636363636363636,0.6472491475743369,0.7259396798622906,0.7116636366105568,0.668591917617471,0.6798568902932527,0.2850831058150942,0.28352986685524784,0.6264653971807513,0.19833706222442404,0.3216727408934782,0.672694389625091,0.07772147153644648,0.4475880453763157,0.7986528705735751,0.20012534521847633,0.29985043993107385,0.0787907791528182,0.03982254782950347,0.7125930181142788,0.6704989551543477,0.6421199532606936,0.6226646332234513,0.7125930181142784,0.6704989551543478,0.6421199532606937,0.6226646332234513,0.8444447667685229,0.8809425739687757,0.8444447667685229,0.881093107929842,0.844444766768523,0.844444766768523,0.2507034602585522,0.2408420135161251,0.5687091668315521,0.662461357012476,0.7670343168783205,0.7638825959693523,0.20326012360493795,0.06382981223818263,BUY,0.0,0.0
0.30486962403588236,0.29581578595392954,0.20091722552375657,0.2626423997135474,0.03888355897442237,0.0,0.0,PPM,2023-06-26 00:00:00+10:00,Financial Services,0.3372504146382391,0.3710567167247275,0.22343919357707676,0.19534925933730357,0.3124271288445788,0.48125989074976694,0.2347159351486212,0.5797759011123003,0.15926772219662255,0.6050063819080285,0.09657900756369342,0.6721107445014346,0.09966564314162607,0.5721683201399697,0.09288270375087682,0.5165809457090117,0.22196313083961303,0.22196313083961305,0.421631446832928,0.42163144683292814,0.35086965122004216,0.3508696512200421,0.3820704514527918,0.3820704514527917,0.6400003534985865,0.5208818289985817,0.6102682559378664,0.7012579180708745,0.6788559784864018,0.625330469660538,0.2811428273990444,0.3033038019379951,0.4745313305796088,0.2009772536894432,0.3234844158920942,0.5388624486568789,0.07936645334856873,0.4473913794915929,0.6303505666308274,0.11476864934863903,0.30930289529238064,0.26829916749944077,0.08142739291499147,0.5098226188249702,0.6523514169836215,0.5361904173074195,0.5942865225813875,0.5098226188249702,0.6523514169836216,0.5361904173074196,0.5942865225813874,0.5777784865664053,0.7767674272660267,0.5777784865664053,0.7770496783152291,0.5777784865664053,0.5777784865664053,0.3431325847525742,0.3458578367912689,0.4781368205887097,0.549624487025178,0.7099857543212281,0.7138225017160973,0.3572576098475385,0.11851835031578584,BUY,0.0,0.0
0.22337574861540888,0.23707874689981712,0.25144719439497876,0.2310194640493357,0.02551799334762081,0.0,0.0,PPM,2023-06-27 00:00:00+10:00,Financial Services,0.3939343159053426,0.42963503028304323,0.3872943625374309,0.349006298313135,0.28944694310861974,0.45006127947641916,0.2429302412089649,0.5017569041539451,0.15954437294666457,0.5573326659604307,0.09627480649182107,0.631995367443151,0.09623552312780426,0.5370106099749778,0.09238340073910334,0.4853089622763852,0.1855757764362574,0.1855757764362574,0.44525214657692574,0.44525214657692574,0.3671398508307891,0.3671398508307889,0.38965887262746485,0.3896588726274647,0.4444445808250385,0.5421066594852197,0.5206849936842518,0.683324141975487,0.6827814328667067,0.5644220885190303,0.2686819323188061,0.3271088044565662,0.3552892101984375,0.20113763900514137,0.3237592345732728,0.4636567394332248,0.07903442239920278,0.447311740183052,0.5356319917692902,0.09903329387979318,0.27778027018864365,0.2018221541609128,0.05775964780908896,0.44126764488766473,0.6311385234688681,0.49064986717930975,0.5521467883784008,0.4412676448876646,0.631138523468868,0.49064986717930964,0.5521467883784008,0.4222224915927448,0.6130629794422988,0.4222224915927448,0.6135522153037594,0.42222249159274483,0.42222249159274483,0.3379975226370649,0.3416574066212724,0.4522584017787932,0.5197501592288383,0.6900359898985327,0.6800509932650833,0.35388962184237893,0.12547517377491246,BUY,0.0,0.0
0.2188483856649106,0.22352414009617572,0.24685362047249715,0.23553707975631566,0.023573163892726002,0.0,0.0,PPM,2023-06-28 00:00:00+10:00,Financial Services,0.4952817919097453,0.5319201184403066,0.41708620948339287,0.3790919953027597,0.2702967971431909,0.5134404702418758,0.2501177731902027,0.4986023218893696,0.16175755602647546,0.5613981492338671,0.09612270805617018,0.6378773366472682,0.0931282367014381,0.5443205658520538,0.09167065558032417,0.4902854715138233,0.2161223967550068,0.21612239675500683,0.44438221352175816,0.44438221352175816,0.35392998333635123,0.3539299833363512,0.3898299728774734,0.38982997287747334,0.16666789409050664,0.5421064973868452,0.5147577644493179,0.6696327326064045,0.682649838244338,0.5254374493230112,0.25539254705730063,0.34998523166183393,0.32397069740823603,0.20159838328794644,0.3267008472048877,0.46995492832906915,0.07885823485497734,0.44728846525080734,0.5495841846454963,0.08752871708036251,0.2823807724428366,0.20764444157438272,0.052672613196264345,0.46763118002792403,0.6189075092247432,0.526710745335932,0.556322556817052,0.46763118002792403,0.6189075092247431,0.5267107453359319,0.5563225568170521,0.44444503960884246,0.47912318217906025,0.44444503960884246,0.4797817689907179,0.44444503960884263,0.44444503960884263,0.33799764527320236,0.337456775140314,0.4396706240443512,0.509706435373181,0.6711732498231727,0.6094220966647517,0.35058899359732265,0.12499998692373548,BUY,0.0,0.0
0.23243065990514666,0.2506334722898712,0.2744155659777652,0.26715989065897805,0.06324571354877251,0.0,0.0,PPM,2023-06-29 00:00:00+10:00,Financial Services,0.5727124075293205,0.6080460640752404,0.47666990380746016,0.43852767665469994,0.25689165794633495,0.6429607111769418,0.2578186922109931,0.5485234363064999,0.16480068371623768,0.6048635698350231,0.0967311101999142,0.6777546937883975,0.09060048862711145,0.5833981541059425,0.09106573722870448,0.5223028270904081,0.30251828229836814,0.30251828229836814,0.44742107991885877,0.44742107991885877,0.36346020444242183,0.36346020444242166,0.39800701826152424,0.3980070182615242,0.2647068857401854,0.5644795150817575,0.5931277802215311,0.6668731152642537,0.6818850721940926,0.5193532340106651,0.24483387276380308,0.3713386597656978,0.3973466829179999,0.20430889352078863,0.32886871705297305,0.5395138935997459,0.07990152426528363,0.4468310953485972,0.6430411301327289,0.11463462057587065,0.29493358136161796,0.4343835479140092,0.13759649112297578,0.5101676718347588,0.6225218102628842,0.5412460970616593,0.5770759380727416,0.5101676718347586,0.6225218102628842,0.5412460970616593,0.5770759380727416,0.6000004208694951,0.4865641906929601,0.6000004208694951,0.48721336923397696,0.6000004208694951,0.6000004208694951,0.348267521547788,0.32905545909275324,0.48267158346934785,0.5611427529268223,0.6898423297980072,0.6570622164832287,0.3473543779171674,0.09594099362962827,BUY,0.0,0.0
0.31392443160613315,0.30485218145017,0.32035199691580396,0.3168529148664614,0.06644778286602243,0.0,0.0,PPM,2023-06-30 00:00:00+10:00,Financial Services,0.6206966950092634,0.6543810399542751,0.37239843821198937,0.3361066828766656,0.25689165794633495,0.7896929674971251,0.26500621001379376,0.6345574781046144,0.17144020239496882,0.6704190747078504,0.10022942042615735,0.738287203577415,0.0892234854184526,0.6432172629865465,0.09070067648156166,0.5722524816831708,0.40833208472202237,0.40833208472202237,0.43229448468425485,0.43229448468425485,0.3912415431793746,0.39124154317937454,0.4052790688853372,0.40527906888533716,0.47619082062072593,0.6771718544154188,0.6275075444871747,0.6776777457261929,0.6838553381955982,0.545634463953118,0.24913104996737023,0.37912762313824055,0.5847597460202976,0.21345214156070957,0.3306803426531725,0.6404012970117059,0.08633107061448309,0.4435009781931978,0.7739731850199679,0.15060278339377212,0.3185074457048849,0.35760772374569494,0.13650422257447334,0.60826892095022,0.6136661437023654,0.6079110701800983,0.6587643957583694,0.6082689209502199,0.6136661437023654,0.6079110701800984,0.6587643957583694,0.8444447667685229,0.6279452019717285,0.8444447667685229,0.6284156210320748,0.844444766768523,0.844444766768523,0.36880713365396717,0.3290553689107176,0.5574643985912748,0.640829545880147,0.744556412884317,0.6736912823651489,0.3441844545506151,0.08510631838469496,BUY,0.0,0.0
0.2958145124357834,0.33647966756845016,0.31116451991245,0.3123351743979319,0.07193997991022245,0.0,0.0,PPM,2023-07-03 00:00:00+10:00,Financial Services,0.4702295751472963,0.5069207906922901,0.41708620700146837,0.3781769473130281,0.2674242012062651,0.7460580609755674,0.2634660205382606,0.6283393854673156,0.17780306268348278,0.6556178006001743,0.10327142274373813,0.7300575256050884,0.08760366079395654,0.6389603200930276,0.09027179949688757,0.5680297746873783,0.2944870171932707,0.29448701719327064,0.3148868055862561,0.3148868055862561,0.3922511752388847,0.39225117523888464,0.4052223164389554,0.40522231643895523,0.45238032614413465,0.6941330796689583,0.6343020162909212,0.6840824573204546,0.6869621420108131,0.5565555833605709,0.24579029546830533,0.3795345971496371,0.5727095420974984,0.2207381888745299,0.3337504487295221,0.6157432525785064,0.09180833474073724,0.44079000609981156,0.7470766072548525,0.17550570691997475,0.33323736266751897,0.3365302525039143,0.14284537583767884,0.6896301579050905,0.5261514722867712,0.6028159187651329,0.6452921031464267,0.6896301579050903,0.5261514722867712,0.6028159187651327,0.6452921031464267,0.7826083120267157,0.741179079582455,0.7872336216112471,0.7430531532401178,0.782608312026716,0.7872336216112472,0.42015675426588756,0.36686114486227483,0.5539949900480867,0.6347411105072045,0.8030423043028666,0.720259894023346,0.188858209589558,0.07829195554849666,BUY,0.0,0.0
0.3184519493662674,0.3500346327660281,0.35250758309275865,0.37106367954247443,0.024546747990228743,0.0,0.0,PPM,2023-07-04 00:00:00+10:00,Financial Services,0.6400374853973088,0.6728800735662207,0.5362539628497762,0.48919282687833143,0.29710702264968036,0.8314363297021394,0.26705981488575437,0.7380411945137595,0.18610247058211615,0.7314929818023659,0.10905124730987614,0.7998377038256367,0.08698011506159098,0.7090863363609348,0.09040600256403497,0.626690965416948,0.24256398477500937,0.24256398477500934,0.38888091145531795,0.38888091145531795,0.4213317177691837,0.42133171776918366,0.42359040435078615,0.4235904043507861,0.6153846970917687,0.7278211681396204,0.6881391575531862,0.7043551050441205,0.6942923203768812,0.5971384634160402,0.2594562612260447,0.3735484238960167,0.7859087157228621,0.23859913397462407,0.3302028848241424,0.7139923304011346,0.10402792105996217,0.4326914950993288,0.8704395788626377,0.17477402308441106,0.33342930399914783,0.11671272298086932,0.048283888420188804,0.8436640721167843,0.5748596198525167,0.6350070289527745,0.7247538384662813,0.8436640721167842,0.5748596198525165,0.6350070289527746,0.7247538384662814,0.9999999999999999,0.8751188272781654,0.9999999999999999,0.8768235500483031,1.0,1.0,0.46123680709309317,0.38366403271964444,0.6134051182920279,0.6759905699857602,0.8057670765962842,0.7675217535037875,0.19239891412533516,0.09183661967068057,BUY,0.0,0.0
0.3591989094572239,0.3500345980365115,0.3662884779580078,0.3439583595852427,0.006415832335053253,0.0,0.0,PPM,2023-07-05 00:00:00+10:00,Financial Services,0.41274522482657156,0.44885383915092536,0.3128147398386561,0.28312720673402836,0.3200872612728618,0.6906660303066836,0.26911341975771497,0.6807842393336643,0.19550848148091782,0.6796494466343161,0.11178905695672436,0.7632058866082124,0.08577980673235297,0.6777528120606076,0.0902145602324278,0.5997094860994036,0.3307508142313027,0.3307508142313027,0.40106490125955346,0.4010649012595536,0.39495140236276977,0.3949514023627697,0.39534449007214173,0.3953444900721417,0.6956517040586777,0.6609638944189281,0.6262841086752509,0.7116638087774153,0.7019030891423707,0.599834688055205,0.26476196891775916,0.372275436572588,0.6642045631496996,0.24750802913158454,0.33642375106917954,0.6397361128162008,0.11056451760233932,0.4276384537724329,0.784528011197242,0.16184861544502271,0.33313206473217555,0.03456908129216668,0.012141844996348017,0.7898199293255581,0.5604985488345152,0.6615889389865406,0.634269096078915,0.7898199293255577,0.5604985488345152,0.6615889389865406,0.634269096078915,0.8636363582996874,0.8815451263586567,0.8800000233730079,0.8887141645207924,0.8636363582996875,0.880000023373008,0.4561019795494648,0.3584602726983428,0.5950380206672086,0.6490616567084179,0.7870075349203909,0.7512223459988421,0.19985685803059627,0.10069432957309665,BUY,0.0,0.0
0.3139245233197663,0.30937049878687606,0.311164801165287,0.28974771967077917,0.008400921530424753,0.0,0.0,PPM,2023-07-06 00:00:00+10:00,Financial Services,0.3402723681711176,0.3742052475290288,0.28302288760088923,0.25236492391122256,0.3248748242078303,0.5257045837158718,0.2644928796879906,0.5818127625843237,0.20131807083004882,0.5934305865834062,0.11407056709604979,0.6927612006097724,0.08366601658358697,0.6147917152997247,0.08892523012147402,0.5463454257585222,0.4533019522544939,0.4533019522544939,0.45555128205872714,0.45555128205872714,0.4416985671400529,0.44169856714005284,0.4037088956810931,0.403708895681093,0.6274508742137276,0.527249346977544,0.6142570677044383,0.7012802789894079,0.7055102594943232,0.5613636615690482,0.25772373366020296,0.370936418057658,0.4700690442811114,0.24818550727000765,0.34462617417670216,0.5179946762678616,0.11339611643764447,0.42768066845435015,0.6457863421809685,0.12053150903184032,0.3346679808095669,0.0584107151268959,0.016039080932169467,0.6451151698984554,0.49686650076524386,0.5938852172473843,0.624093864019996,0.6451151698984554,0.4968665007652438,0.5938852172473844,0.624093864019996,0.5909090748990627,0.8173546901833206,0.6400000701190237,0.8394753861965601,0.5909090748990629,0.6400000701190238,0.4612368949298922,0.37526258093211196,0.4635757865914004,0.5664788740968126,0.70313533042121,0.7492420871209651,0.2070164841796468,0.16666661663574245,BUY,0.0,0.0
0.27317746141377364,0.26870629144965885,0.27441548490392553,0.2536071682995873,0.0144575902056237,0.0,0.0,PPM,2023-07-07 00:00:00+10:00,Financial Services,0.3835036600603012,0.4189312189052789,0.29791882698560357,0.26312447417304263,0.3114696850109744,0.45811587661386044,0.25730536188518993,0.5224428268998784,0.20408453248941782,0.5376097152762516,0.1149831703116655,0.6463531874503218,0.08152999981539155,0.5732239755799236,0.08810553781998576,0.5107012901917952,0.40042965628273286,0.40042965628273286,0.47360429137908994,0.47360429137908994,0.4612287407770655,0.4612287407770653,0.41510494542502024,0.4151049454250202,0.5344824548664265,0.38543097022550193,0.5652448643700918,0.6821216140555486,0.7038174788580472,0.510435837700884,0.2530647045115999,0.3634578860131872,0.3545380815228093,0.24732536325905952,0.3496008585221625,0.43434418157723187,0.11418320150401673,0.42825944658311554,0.5562904548704818,0.08136490371637245,0.3292654104607563,0.13768797304680505,0.02845564945079527,0.5091240363125279,0.47169091372805294,0.5365819052235168,0.5858393569387479,0.5091240363125278,0.47169091372805294,0.5365819052235167,0.5858393569387478,0.4090902583047923,0.6194887277099677,0.47999954894190544,0.6655735365254093,0.4090902583047925,0.47999954894190555,0.4304273914272238,0.39206526913301076,0.3725373508646224,0.5030253972931235,0.5748667637137039,0.7397295649207662,0.2138897252827353,0.17537315509191842,BUY,0.0,0.0
0.2731775440226021,0.2641881487151888,0.2698219232257315,0.26715989065897805,0.025813175760161535,0.0,0.0,PPM,2023-07-10 00:00:00+10:00,Financial Services,0.5204811732138962,0.5568823474706102,0.34260659100225266,0.3063656720410874,0.30189463847187126,0.5213409033445693,0.25781874892474277,0.5485233387827695,0.20989412183854883,0.5504688814464112,0.11650417567102567,0.6623088147705608,0.07932230728689804,0.5908044912589818,0.08700206850133041,0.5250143529759522,0.4168818317848732,0.4168818317848732,0.42747093919548046,0.42747093919548046,0.43870309492543297,0.4387030949254329,0.41615572446357924,0.4161557244635792,0.5,0.3854311685989098,0.5652448643700918,0.669968240391112,0.6995588543230575,0.4857803557092344,0.25300302010216447,0.36433047167348875,0.40501745674473366,0.24269579882042502,0.36259893906012775,0.45175686091024037,0.1156225701288045,0.4290166556739128,0.5867035921764275,0.04661545886606623,0.3286122703391134,0.37509721430392967,0.05139244770765264,0.5371995076298399,0.5460325954293281,0.5960502756804416,0.6028952736288666,0.5371995076298398,0.546032595429328,0.5960502756804413,0.6028952736288666,0.4772723929852088,0.4901148615038446,0.5399998134259659,0.5518685093892605,0.47727239298520885,0.539999813425966,0.4406971758877812,0.4088677956404737,0.39033681694539535,0.49993122975298,0.5522974824192651,0.7401315347648407,0.22048803674170048,0.14022135031990457,BUY,0.0,0.0
0.2550676722119283,0.318406700601079,0.2698217788304198,0.33944049435516366,0.02446856724938604,0.0,0.0,PPM,2023-07-11 00:00:00+10:00,Financial Services,0.683595129475999,0.7141772833449932,0.6405250356319856,0.5980443023364969,0.29519200276441504,0.7462198593887512,0.2701401796583831,0.6700311098123055,0.22095998375637604,0.6414332446467672,0.11939407955295511,0.7512504407042196,0.0782792429728203,0.6776180678371668,0.08671381750164975,0.5976645505848123,0.4802102654136848,0.4802102654136848,0.4877330806285313,0.4877330806285313,0.48706427156872206,0.487064271568722,0.44918147199602326,0.4491814719960232,0.5423724608727727,0.4985644752585987,0.6712377357417939,0.6795877727897094,0.6984508200899521,0.5160547315160061,0.2593922298431943,0.37852142519456056,0.6536708578225745,0.2400523164928854,0.38177741363867546,0.6155090360627123,0.12154013220469473,0.4252799632682607,0.7491600954503868,0.04655656171521591,0.32325834054462316,0.3564092047676561,0.04931207409706117,0.5607193798630586,0.6680344157790723,0.6985059846583078,0.6389484298069752,0.5607193798630585,0.6680344157790724,0.6985059846583077,0.6389484298069752,0.8409075155316675,0.5738267697399463,0.859998646415687,0.6254418289222763,0.8409075155316676,0.8599986464156872,0.5074514070954017,0.46347584209693726,0.503512007422879,0.5657112841413038,0.6340854910424998,0.7752067041808397,0.22682241574230677,0.08362373763738895,BUY,0.0,0.0
0.25054040718986426,0.24159704230722967,0.2652283013175316,0.23553707975631566,0.015566821229545837,0.0,0.0,PPM,2023-07-12 00:00:00+10:00,Financial Services,0.20911492879439803,0.23480003426632218,0.31281474217605265,0.27593668250437764,0.2722117641412334,0.50833748735324,0.2701401796583831,0.4651690814147662,0.22483304841591356,0.48784964818130616,0.11878568160978098,0.6206456259159229,0.07629214295428133,0.555093707875159,0.08509219573959736,0.4945646833104941,0.6460252953944667,0.6460252953944666,0.671702129337887,0.671702129337887,0.6152592162211725,0.6152592162211726,0.5250372034447148,0.5250372034447148,0.39506213669493273,0.3913604168732656,0.5707875756112055,0.6577183325850736,0.6923380576583983,0.4679637365681825,0.2593922298431943,0.37852142519456056,0.22535953899144623,0.23165299941795614,0.395243795678495,0.3157609505609147,0.12099705581233611,0.4249239629292578,0.5065358309456488,0.05345042288280158,0.3220978277945541,0.20747790077998024,0.031235585382545568,0.4418471676251767,0.5408715705169488,0.5592444947237112,0.543982452192787,0.4418471676251766,0.5408715705169488,0.5592444947237111,0.543982452192787,0.31818179149843784,0.5433860949424503,0.38775535992484844,0.5945929420437353,0.31818179149843795,0.38775535992484855,0.5896104227633503,0.5306857949928184,0.35747651584945084,0.4384122488853734,0.6542926991098545,0.7932900350674361,0.23290341958288885,0.011363587624832583,HOLD,0.0,0.5
0.22790321969756566,0.22804233622786596,0.25144723406350633,0.22650184834235554,0.014655380797841141,0.0,0.0,PPM,2023-07-13 00:00:00+10:00,Financial Services,0.45649211852127913,0.4931339541807497,0.35750215982221994,0.3191473063444449,0.25880659850076637,0.5177369559138123,0.2655196254102212,0.4549287660577048,0.2264929299956404,0.4730651188989041,0.119241981117304,0.6089049305226159,0.07413945793635435,0.5456970384980879,0.0841382593503397,0.486117694174499,0.6208464324788902,0.6208464324788902,0.6558552462673185,0.6558552462673185,0.6095063768660214,0.6095063768660212,0.5129074467756851,0.5129074467756851,0.271428193807224,0.39499595101985935,0.5510147758237355,0.6375091747017458,0.6826182851322808,0.4333035717488052,0.26551012546609853,0.36589579228162683,0.23347119321209503,0.2280460150196797,0.4010216731619557,0.2745781684043531,0.12116067467849989,0.4255872185047729,0.48468647010190874,0.05816219495082779,0.31080643572347316,0.18337441542050986,0.030220403311679064,0.50696852217751,0.49459303330941684,0.5164411132446145,0.5733154872194794,0.5069685221775098,0.4945930333094169,0.5164411132446144,0.5733154872194794,0.2727266166044799,0.4748939986752203,0.2727266166044799,0.5052097440095756,0.27272661660448005,0.27272661660448005,0.5639356985121255,0.534886528581907,0.34535249724691197,0.39880181990372915,0.6623953973104122,0.7718722167192875,0.37884751175686093,0.0,HOLD,0.0,0.5
0.21432067900025453,0.20996929606545678,0.24685345224739552,0.21746661692839564,0.0068605270618124,0.0,0.0,PPM,2023-07-14 00:00:00+10:00,Financial Services,0.4562949626783995,0.49293568244450175,0.3723984419764576,0.33376276555185774,0.25114649251609444,0.511711132494034,0.2542249403988117,0.4556366621136878,0.2242797469158293,0.4625691047532512,0.12030668276857126,0.5967197028424694,0.07118108368673637,0.536795795866295,0.08308640673621359,0.47772499179872796,0.6056369063099595,0.6056369063099595,0.6071759503375513,0.6071759503375513,0.5747382179680858,0.5747382179680858,0.5072540755195161,0.5072540755195158,0.2878782806781749,0.43492221212275545,0.5191195048533852,0.6188311116044364,0.6703788038979687,0.4090914079806791,0.26563507287526833,0.34775565797799346,0.26033273857206596,0.23092682362553996,0.3950604987486016,0.26316764402334725,0.12111518931173948,0.42782957743515193,0.461772278568058,0.05243897758069885,0.22729985414000492,0.09779153602693609,0.0178372101059332,0.5486549453475408,0.4321589733796499,0.44639385824533184,0.5911145308562867,0.5486549453475407,0.4321589733796499,0.4463938582453318,0.5911145308562866,0.0,0.19331635124226912,0.2272714417105219,0.2936090982570735,1.1102230246251565e-16,0.22727144171052216,0.4150221097968196,0.5096828015225677,0.3308115269140292,0.3684145291286349,0.7175695829191137,0.7505095826066024,0.37599766984284344,0.0,HOLD,0.0,0.5
0.2188483415735898,0.22804232097804789,0.24685357624666682,0.24908967735415688,0.025310513689230554,0.0,0.0,PPM,2023-07-17 00:00:00+10:00,Financial Services,0.5741038169495392,0.609398569735115,0.46177397898019945,0.42430617361560086,0.24731645274556424,0.6161828340140287,0.2470374509528861,0.530990805725968,0.2195767605668668,0.513230137363168,0.12289239397976859,0.6346299797749041,0.0689622767053013,0.5760523292172406,0.08236130707763767,0.5099681859327146,0.6281269044116597,0.6281269044116596,0.6327255819955689,0.6327255819955689,0.5229212192189372,0.522921219218937,0.5126734450947295,0.5126734450947292,0.42622941171144246,0.5017797531477713,0.4983059364371176,0.6127435762783632,0.6591324263362668,0.4186342526284619,0.25944228250936585,0.34159297878638895,0.38842009710360637,0.22715738327149215,0.3913310944874743,0.3683453030568813,0.12143872540427303,0.4325696078934378,0.5332062221958539,0.05206029910439834,0.16875397083447613,0.338610268335531,0.0806046807895208,0.5787920031982176,0.47144498279748714,0.4069482845445819,0.6357445850813741,0.5787920031982174,0.4714449827974871,0.40694828454458193,0.6357445850813741,0.20588323687684024,0.1557132114957087,0.38636329851833384,0.29314355625041544,0.2058832368768404,0.38636329851833395,0.40475222758146184,0.4844791251975823,0.3690641061999983,0.40488600904836536,0.7855472956956285,0.6777274952463843,0.3702392571372374,0.0037452679905829456,HOLD,0.0,0.5
0.23695794198636855,0.2280421957309252,0.24685345224739552,0.21746661692839564,0.01599831877996615,0.0,0.0,PPM,2023-07-18 00:00:00+10:00,Financial Services,0.39294087014519774,0.4286170180559221,0.2979184778149507,0.26010101822580567,0.22146369751629047,0.5939615423704563,0.22958202221778157,0.497224846812818,0.21210729727818456,0.4760881617097499,0.12289239397976859,0.5948107460241648,0.06616392679891847,0.5400038076827747,0.08191555329747668,0.4784799033941939,0.4656454472131368,0.4656454472131368,0.5687586999651149,0.5687586999651149,0.5287147628569737,0.5287147628569736,0.5039506695107021,0.5039506695107019,0.43333313387686756,0.46454664641320254,0.3939096959336069,0.599201668306803,0.6468990938417443,0.4091504919114021,0.22706235388611962,0.34150248617521695,0.3084908451575379,0.22229516448656406,0.38439172207524475,0.2955881770190206,0.12143872540427303,0.4325696078934378,0.4577214416374897,0.04567927103449447,0.15472298240753635,0.23982923550631072,0.05388876567379872,0.42039214908123856,0.3797187177623737,0.3619694237791957,0.5604982099348407,0.42039214908123834,0.37971871776237365,0.3619694237791956,0.5604982099348407,0.0,0.06439077986387258,0.2272714417105219,0.27794214829951763,1.1102230246251565e-16,0.22727144171052216,0.4098873159572091,0.44667365475161513,0.3459548745022053,0.39395131596254,0.8009579717321692,0.5478950580963076,0.36471118093985566,0.0038463152181245075,HOLD,0.0,0.5
0.2279032838108519,0.24159707774572448,0.25144729813250866,0.2626423997135474,0.01636299518436706,0.0,0.0,PPM,2023-07-19 00:00:00+10:00,Financial Services,0.6134400440192023,0.6474141841289917,0.47666990725120606,0.4388088351467223,0.22720875717208577,0.7142693534208662,0.22034092789989534,0.6054928226372536,0.20823425553917296,0.5458702359618426,0.12471760041100044,0.6502990925131692,0.06387344405718531,0.595655218163204,0.08192747571338743,0.5238769526837638,0.3058581679863548,0.30585816798635473,0.620249906489066,0.6202499064890659,0.5583899830003609,0.5583899830003609,0.5190215176395159,0.5190215176395159,0.49253742417166424,0.4782574264688936,0.4290798716234995,0.6010879042893963,0.6375631984706532,0.4369922904146215,0.1987544368213079,0.3510335272562639,0.5227803731916941,0.2168272681729051,0.38345634737518763,0.43538835164217504,0.12260342748781694,0.434392985744948,0.562957364137159,0.046279065523709556,0.14434913156953894,0.2427072949406281,0.057450013727350056,0.6536566730440545,0.4537780741576132,0.42083385720757427,0.6119662707699297,0.6536566730440544,0.45377807415761323,0.4208338572075744,0.6119662707699298,0.2941187937861711,0.16287637606854652,0.4545454331987503,0.35394855833536737,0.29411879378617123,0.4545454331987504,0.4201575929056392,0.4550751104915499,0.39823454474964903,0.4462835976272779,0.7698876679387083,0.5172342576665316,0.3594042277903694,-0.02222222904125193,HOLD,0.0,0.5
0.24601293473264052,0.30033393164567734,0.2881964740648322,0.2987827015616402,0.022883569665805733,0.0,0.0,PPM,2023-07-20 00:00:00+10:00,Financial Services,0.5833298761780086,0.6183530924851842,0.5362535961993615,0.49663765636934465,0.24252891625420703,0.778002603441827,0.2213677019790008,0.677413772624752,0.20629772320940432,0.6005507126353726,0.12775960692915111,0.6933747596826582,0.06272536976980092,0.6397891711581847,0.08233105847092692,0.5599220806136159,0.31693734810291047,0.31693734810291047,0.606735324099877,0.6067353240998771,0.5744049180788806,0.5744049180788805,0.5276958103909877,0.5276958103909876,0.4237292895779933,0.4645469052593927,0.4774455103066664,0.6125561165508621,0.6328351430725302,0.48126954186038295,0.20183617821984945,0.35002904741412566,0.6889427940143459,0.21238269752358474,0.3845344300219452,0.549842098545094,0.12564705357105876,0.43563927543821057,0.6435524448215384,0.05247773895348069,0.1423273495430486,0.3051356545623671,0.08078612512106706,0.7302268633881162,0.5509692278868533,0.4533467455604703,0.6462781928769377,0.7302268633881159,0.5509692278868532,0.4533467455604703,0.6462781928769378,0.5294117169255761,0.2712097975293883,0.6363629944719796,0.43755504262802675,0.5294117169255763,0.6363629944719797,0.4252925388084124,0.4760781732326561,0.5023910565982791,0.5510231906833248,0.7307137045621099,0.5940766986398323,0.3543095527668626,0.01079122218163553,HOLD,0.0,0.5
0.2867598748359006,0.2867793123840151,0.30657110121862163,0.2942652106162098,0.01787799761749204,0.0,0.0,PPM,2023-07-21 00:00:00+10:00,Financial Services,0.47005630146263055,0.5067472415942224,0.38729436150998786,0.34976241363961785,0.25880662494437745,0.7175307775584177,0.22598825622716245,0.6596643016993442,0.2049144923797197,0.5956630457716869,0.13064951501165023,0.6854442903089762,0.06173454407048373,0.6350471798653863,0.08219123284384855,0.5554787683137238,0.30824215998502147,0.30824215998502147,0.5827736725499064,0.5827736725499064,0.5728493366547243,0.5728493366547242,0.527986409314489,0.5279864093144889,0.6756747678870124,0.4645471471320891,0.46906917765200906,0.6202229238444658,0.6308849040262025,0.507961890943713,0.20981827122195895,0.35055835680383907,0.6413826942712046,0.2095756299560363,0.3849722975533648,0.5405228457533556,0.12827864878947026,0.43724578672834835,0.6279521058196912,0.06077770667331146,0.14194655027467656,0.21433878496715303,0.0633388384016633,0.7388463389189728,0.5876681536494391,0.4623260630658885,0.641989247032206,0.7388463389189729,0.587668153649439,0.4623260630658886,0.6419892470322061,0.5000004061326022,0.4386347943024565,0.6136360346855212,0.5667655408671664,0.5000004061326024,0.6136360346855212,0.3739429203837851,0.47607817216316806,0.5088879211080538,0.5560151868502252,0.6622194570965605,0.652714356102821,0.34941866474429595,0.0,HOLD,0.0,0.5
0.26865006792553303,0.2641881041150881,0.3065710202272234,0.28071248825681905,0.012972323182477357,0.0,0.0,PPM,2023-07-24 00:00:00+10:00,Financial Services,0.4453970827501023,0.48195811127531957,0.4021902855823447,0.3640206025318134,0.26550918132099977,0.6587735405605533,0.22752843152425828,0.6292913430833622,0.20602107245936208,0.5746722999238709,0.1336915299309407,0.6661026694364632,0.061215466421824516,0.6191288119694305,0.08166528557068942,0.5422169112230054,0.3136950937614134,0.3136950937614134,0.5857954594175837,0.5857954594175837,0.5429162062509567,0.5429162062509568,0.5264349668308936,0.5264349668308935,0.657894163082518,0.38362971810898266,0.46906917765200906,0.6223400146536939,0.6298306528491661,0.5165715389379358,0.21223158469293502,0.35094700808264134,0.5728242278650812,0.21035636000312352,0.3859457609100777,0.49538763752388,0.1298929778725606,0.440816223115716,0.5920877903948885,0.05148277981967152,0.12999006992677092,0.17945976222836255,0.04853021965365333,0.6606262271004257,0.5562976549138843,0.5051065019009342,0.6476293187681036,0.6606262271004257,0.5562976549138845,0.5051065019009341,0.6476293187681037,0.4117649423126237,0.4780285743790702,0.5454539000051047,0.5971677270503227,0.41176494231262395,0.5454539000051049,0.32772800949975794,0.4466737470406251,0.4978911428391423,0.5296943348467313,0.5784094894285908,0.6622093581317232,0.34472341224263203,-0.010948859127629107,HOLD,0.0,0.5
0.2731775237008953,0.27774280463888157,0.30886781135104413,0.2987827015616402,0.019666632643566485,0.0,0.0,PPM,2023-07-25 00:00:00+10:00,Financial Services,0.532087393445602,0.5683180288170139,0.44687805578801676,0.4072618003998577,0.2827443867319974,0.663623497498917,0.22290790563297125,0.6745545749550648,0.21017077258859107,0.5958906723776911,0.13795034493714864,0.6854198999597539,0.06102755419903172,0.6409571342629963,0.08136706655984738,0.560587120751174,0.2299906638602617,0.22999066386026173,0.4970262844505475,0.4970262844505475,0.531408822406622,0.531408822406622,0.5245558423703776,0.5245558423703776,0.7249997238301445,0.4322192140484706,0.5378421263830475,0.6287789362395338,0.6305260183881438,0.5333838023244969,0.19270860791763078,0.36031862173215434,0.7113296199049122,0.21179553472402746,0.39094141161531637,0.5427448972169963,0.131951508170423,0.4461425236067771,0.629319333571903,0.05424628951095857,0.12729001811031987,0.2568636663181104,0.0740635063135315,0.7465272387248914,0.4971732820884934,0.5606037524047021,0.6844333153902055,0.7465272387248914,0.49717328208849343,0.5606037524047021,0.6844333153902055,0.666668030472886,0.523988812752651,0.5294117169255761,0.561400402325571,0.6666680304728863,0.5294117169255763,0.3097555781330908,0.33115630697960485,0.5596673237344837,0.5538414192595252,0.6354366592532918,0.742070226384755,0.34021596984103464,-0.007194148121090316,HOLD,0.0,0.5
0.2867597314435941,0.3093702937036541,0.32035188542741544,0.32588789675732266,0.027398006290876794,0.0,0.0,PPM,2023-07-26 00:00:00+10:00,Financial Services,0.5558970334686543,0.5916581941474465,0.4915658198341515,0.4495697358849885,0.296149473041631,0.7047086944888741,0.23317575985152583,0.7105173963681646,0.2157036959073293,0.6283422289281462,0.14236125417843803,0.7158039145011029,0.06117636119889536,0.6734035722039691,0.08107549288977944,0.588043669333952,0.17816246810492065,0.17816246810492065,0.2683554798024229,0.2683554798024229,0.5370841580753558,0.5370841580753558,0.5251946965399588,0.5251946965399585,0.7179479553482153,0.5254660503479613,0.5957660813257957,0.6410144976800932,0.6340063519906834,0.5601448730088414,0.2129425205412283,0.35935354765303473,0.7677666542992498,0.21633931064891998,0.39523031981906354,0.6151857581823064,0.13620643154401546,0.4482071053101415,0.6850091518423254,0.0625594713351468,0.12905495334283945,0.3169694155406085,0.10210675067156592,0.711819827575769,0.6464391561053088,0.5852152917465331,0.686342492090131,0.7118198275757689,0.646439156105309,0.5852152917465332,0.6863424920901309,0.8888893434909619,0.6542081651446128,0.7058812062138288,0.5922496177817573,0.888889343490962,0.7058812062138289,0.284080736786306,0.331156106995821,0.6309230091566043,0.6046930616137143,0.7023275971262627,0.8061833928646631,0.23203735220269694,-0.0528168784672679,SELL,0.0,1.0
0.3048696537166855,0.3771439875003523,0.3433202969503142,0.37106367954247443,0.031190273380343126,0.0,0.0,PPM,2023-07-27 00:00:00+10:00,Financial Services,0.6023594010876192,0.6367484486921902,0.5809417368899679,0.5326922808464929,0.3114696585673633,0.7908880776187686,0.24960438615064984,0.7705822889690788,0.22206657911636896,0.6854718890649709,0.14920578039584376,0.7665631950369526,0.06223309622149786,0.72688334151257,0.08124159541578346,0.633348283625866,0.19998059292218937,0.1999805929221894,0.2843605759864518,0.28436057598645187,0.545231720519272,0.5452317205192718,0.5286856890677005,0.5286856890677004,0.9047620300091859,0.6190142303468908,0.6282171139852113,0.6626202572263323,0.6419539398006974,0.6030712200557998,0.24749973783626888,0.35593677408961,0.8320651038458122,0.22984258908594435,0.3926823202102169,0.7212477553970043,0.1435929215216749,0.45013591906781114,0.7743121512574838,0.06881729361299412,0.11426329139762122,0.33326697611503475,0.12395739074215759,0.7232078968361846,0.7110697178209009,0.5971949866224807,0.7604796054263687,0.7232078968361845,0.7110697178209009,0.5971949866224807,0.7604796054263687,0.8500003671328249,0.8009511751231044,0.8500003671328249,0.694097979329444,0.8500003671328249,0.8500003671328249,0.33029522952030316,0.38576432974481945,0.7016794315767321,0.6989882403772648,0.7809188981689196,0.8677727493273575,0.23419632150826264,-0.09523830994806304,SELL,0.0,1.0
0.33656165472792976,0.4042532047474753,0.38006941902473823,0.4117214723359979,0.019587115479803394,0.0,0.0,PPM,2023-07-28 00:00:00+10:00,Financial Services,0.5866795984412118,0.6215984047171091,0.6107332103651822,0.5560374488397272,0.33636489063219854,0.8357150848312611,0.2716803407770414,0.8096373478438907,0.2278761608253248,0.7363760389502321,0.15833180415086456,0.8094901970903766,0.06403495002261916,0.7743336673578447,0.08183236347592904,0.6737830973559084,0.1921250031604165,0.19212500316041647,0.2767242880575169,0.2767242880575169,0.5341758266184018,0.5341758266184017,0.5274492295332083,0.5274492295332082,0.9024389258164556,0.641154137443537,0.6349386717785189,0.6900789993286695,0.6548740703849647,0.6508529416503115,0.2883264692041818,0.35615785819747736,0.8422396534871872,0.24943133896015124,0.3837957448743191,0.7812875283623149,0.15370515158302456,0.4522790550354454,0.8429352353887085,0.07010485077186099,0.09263990557411501,0.20868383898884116,0.08678575406849977,0.7957185060261602,0.7713344909906015,0.5835204815247907,0.8337234564388616,0.7957185060261599,0.7713344909906014,0.5835204815247905,0.8337234564388616,0.9347827108418437,0.8907293011906262,0.9347827108418437,0.829664718745976,0.9347827108418438,0.9347827108418438,0.36623988395648194,0.42357003579898034,0.7167053902950136,0.7472207097990374,0.7773425781774378,0.8488620479711708,0.24101867314280734,-0.1386138270937889,SELL,0.0,1.0
0.39994566344897,0.4223260741070355,0.4397867413181846,0.43430917658624946,0.028286727532934892,0.0,0.0,PPM,2023-07-31 00:00:00+10:00,Financial Services,0.5385751756627171,0.5746937727566117,0.4766698998746448,0.42942945581010794,0.36892020223809463,0.8088426497134598,0.2927294787890151,0.8143662161946412,0.23534563175418244,0.7590174101409568,0.166545233091409,0.8305392292236194,0.06633077620737327,0.7996779246718835,0.08262006880790018,0.6958846420279244,0.07352965255067506,0.07352965255067508,0.27047532582318945,0.2704753258231895,0.5354870764036022,0.5354870764036022,0.510573986626333,0.510573986626333,0.8947367656036512,0.5984718120347106,0.6142566668827163,0.7168425208370052,0.671606092126879,0.6874818315989983,0.329836216297162,0.3541535842438257,0.7990907988541364,0.2729335208746011,0.3738913074117184,0.777678001505657,0.1676068590588886,0.44640164268997284,0.8583112505238764,0.0816418965134271,0.07249654929569867,0.2630742077019246,0.13880753740739932,0.8560792422841901,0.7548538931118118,0.6119364873902886,0.7957518789338948,0.8560792422841901,0.7548538931118118,0.6119364873902885,0.7957518789338948,0.9600000528857151,0.9145407024313481,0.9600000528857151,0.9146487555532894,0.9600000528857152,0.9600000528857152,0.29435058108479656,0.4025668701792059,0.7162985407890935,0.7691707835520554,0.7833579808913498,0.8292845333011454,0.2523973076499083,-0.0992176567073938,SELL,0.0,1.0
0.3954181947074362,0.3952166851047022,0.4122248490563867,0.4072038566290177,0.07016036573886063,0.0,0.0,PPM,2023-08-01 00:00:00+10:00,Financial Services,0.41590766565797405,0.45207422214530624,0.4021902855823447,0.3640206025318134,0.3919004144176652,0.675517096266463,0.3142920321974165,0.7229768365011078,0.23755879191346718,0.7176605905863276,0.1741502514870703,0.7909200168301046,0.06756975533327836,0.7662836660492054,0.08289072925327012,0.6684496125806739,0.23760270761168864,0.2376027076116886,0.24639018642988586,0.24639018642988592,0.5119258006072345,0.5119258006072345,0.5152111709415288,0.5152111709415286,0.7906972860768859,0.7367347288958221,0.5899780043145595,0.729094360261503,0.6879196407866732,0.6834606767869786,0.338399275820495,0.38123385315362857,0.6910989174210314,0.2801812146915541,0.3706999243023138,0.704316979473036,0.17686731245272336,0.44683210695046305,0.7837940786228699,0.11968114995428547,0.09354449654867901,0.4635365407684665,0.3062019403253643,0.7806768887992727,0.7659748159017927,0.5214009548811304,0.7800541809693671,0.7806768887992724,0.7659748159017926,0.5214009548811305,0.780054180969367,0.8400000462750008,0.9111920977766014,0.8400000462750008,0.9113043848110296,0.8400000462750008,0.8400000462750008,0.23786635645036108,0.38156365142992543,0.622295786880838,0.6887735484642304,0.6374656576889678,0.6168458771793166,0.26804026568106576,-0.12215150909936878,SELL,0.0,1.0
0.36825366975754914,0.36810739700472184,0.3938503418622248,0.3620284481285143,0.007097240971586144,0.0,0.0,PPM,2023-08-02 00:00:00+10:00,Financial Services,0.36943458625276554,0.40444015747458995,0.34260659300960844,0.3104560563135118,0.3995605204023369,0.5359170849395607,0.3255866888519514,0.6173719833034899,0.23866537199310978,0.6521264378701408,0.18023426872394088,0.7306773460975456,0.06766077449449881,0.7121278593492615,0.08270371714884583,0.6232045099454461,0.35401514489830194,0.35401514489830194,0.3047515290289377,0.3047515290289377,0.5250492557574817,0.5250492557574817,0.5300816804291264,0.5300816804291262,0.6800001988430648,0.665015682229429,0.49409165021991996,0.7248690555442192,0.6999607209866487,0.6424060478503713,0.3366058476266722,0.40080532513663125,0.5336346066279388,0.28262723938869216,0.37016856033826706,0.6049567061633948,0.18123309329504034,0.4521239188687389,0.6851896203914394,0.10438764896543,0.09385892574213849,0.05680445818111939,0.03205016627387698,0.6645243668802107,0.6544155439324156,0.5038893853313874,0.7361430595244318,0.6645243668802103,0.6544155439324155,0.5038893853313874,0.736143059524432,0.6400005875984103,0.812484385887861,0.6400005875984103,0.8127214770890993,0.6400005875984104,0.6400005875984104,0.25840596447102865,0.3689613323295027,0.555423985351738,0.6311384005467511,0.6500735256865047,0.5730990512446175,0.2824317870697307,-0.09208827626908489,SELL,0.0,1.0
0.3456164514451825,0.38618023487890774,0.3846629947537119,0.4072038566290177,0.007007533583055092,0.0,0.0,PPM,2023-08-03 00:00:00+10:00,Financial Services,0.5990696476432189,0.6335754303164474,0.566045432541962,0.5138540729702349,0.40722054705617494,0.636791106803809,0.33790813376402884,0.681787233454519,0.24585817689157463,0.7072775256247241,0.18859979189956633,0.7792361377046314,0.06833966155971716,0.7657114858326828,0.08326147728177014,0.6681721316629433,0.35105909502725763,0.35105909502725763,0.3138157732090686,0.3138157732090686,0.5060423635466149,0.5060423635466147,0.5340006454049442,0.5340006454049441,0.7142857847375069,0.7166782699527844,0.5604834307855937,0.7326224146824525,0.7114464744845359,0.6370698512447684,0.3476613817756933,0.41099308035580284,0.6452282220844094,0.2967223948982822,0.3683449183360096,0.675972311107107,0.18829786698220108,0.4576735628513402,0.7622749868818482,0.08616967790935251,0.09321596082361798,0.06639523440625322,0.031768382323281774,0.6626103424450867,0.6611732532010586,0.6094615792533633,0.8068987782355379,0.6626103424450867,0.6611732532010585,0.6094615792533633,0.806898778235538,0.8400000462750008,0.7723024170871423,0.8400000462750008,0.7725903136108926,0.8400000462750008,0.8400000462750008,0.30462039807536095,0.38576372289630256,0.5645302927153238,0.6527618523148675,0.6741804536018076,0.5958938341613003,0.29567198674730244,-0.12555398753976132,SELL,0.0,1.0
0.36825371829203024,0.3771438967408266,0.3984440332046746,0.39816887473815665,0.006621140306197878,0.0,0.0,PPM,2023-08-04 00:00:00+10:00,Financial Services,0.4597424997866463,0.49640106808743667,0.4617739803129929,0.4175851487501146,0.40434803045008283,0.6200428710981378,0.3497161916365539,0.6448024905663148,0.25471087865011666,0.6836276980495426,0.19590061342392495,0.7624173005456066,0.06999549097550517,0.7536762334286817,0.0836894226425382,0.6587799448002943,0.3093404711500326,0.3093404711500326,0.3171725098522751,0.31717250985227513,0.4863804313718713,0.48638043137187137,0.5324479754472795,0.5324479754472793,0.6538466645174893,0.6766374151470669,0.6083787546017819,0.734768463550683,0.7211479377083305,0.6199244057471603,0.3503942112824938,0.4275011835553044,0.5890874913813278,0.3072837220980644,0.3722330702132458,0.64020676127134,0.19472306530212657,0.46209480106980094,0.7329501182142925,0.07640181196832893,0.08959990947152617,0.06983692850953342,0.03067334035575408,0.5884961279568224,0.6565769473471655,0.6425872371424992,0.7712720536963403,0.5884961279568224,0.6565769473471654,0.6425872371424991,0.7712720536963403,0.800000596412696,0.7589086124382218,0.800000596412696,0.7592134438356275,0.8000005964126963,0.8000005964126963,0.3148899116453144,0.3647603900755926,0.5477877964210289,0.6323597961847752,0.6289294245714213,0.5981476852588694,0.3078529704506684,-0.09232276698021857,SELL,0.0,1.0
0.3908907635017769,0.38618023487890774,0.40763120667260755,0.4072038566290177,0.004125370502373069,0.0,0.0,PPM,2023-08-07 00:00:00+10:00,Financial Services,0.5050463421317198,0.5416145197036004,0.4170862080332185,0.3771892951690092,0.3986029707942873,0.6584726887481351,0.3640912130637175,0.6376144691941745,0.2632869220184415,0.6858310615075609,0.20228883593323754,0.7683165570214731,0.07338993316095843,0.7619681319479554,0.08415148257575455,0.667506478668375,0.2922169780371622,0.2922169780371621,0.3008161590717887,0.30081615907178866,0.48587927684710003,0.4858792768471,0.5238502714234106,0.5238502714234105,0.590908805607791,0.7438880518646368,0.658624042699525,0.7374648004640393,0.7295534759516378,0.6074717171658507,0.34366135639576356,0.45622823886173425,0.595799127104877,0.31831408232533875,0.375277624050513,0.6399899457953386,0.20240770497967664,0.46260948507192934,0.7373196633984267,0.05819994953470621,0.07959228886106638,0.05743043821908231,0.020768191724054665,0.5693651282087087,0.6832724916517411,0.635998989056489,0.7392507818291681,0.5693651282087087,0.6832724916517412,0.6359989890564891,0.7392507818291681,0.8367345979862081,0.8247849410378321,0.8400000462750008,0.8260985315818348,0.8367345979862082,0.8400000462750008,0.3148896484389166,0.3521583313813158,0.5506766136337581,0.6299023440904369,0.6698400182328267,0.6312922412860293,0.31905947545776503,-0.1017363641152148,SELL,0.0,1.0
0.3954181557787415,0.41328954593490963,0.4122248103431092,0.38009853667178595,0.022711338161940715,0.0,0.0,PPM,2023-08-08 00:00:00+10:00,Financial Services,0.4145882312648021,0.45073098366365727,0.31281475342175613,0.2852700761158226,0.392857911138492,0.6006538912138342,0.3733322932031664,0.5725433328000615,0.26577674820811903,0.6449849160348009,0.20746024995449197,0.7314787506745933,0.07628762720761184,0.7275019846852164,0.08451119788005812,0.6400333424375017,0.29299024008643476,0.29299024008643476,0.33165590579622456,0.33165590579622456,0.4371732568287729,0.4371732568287727,0.529458102572997,0.529458102572997,0.41463371918751707,0.6522669882044666,0.6150063403935554,0.7306255718482892,0.7346434751268566,0.5756123301521487,0.32793509498785123,0.4844739197248078,0.4291025666398882,0.32256487996017125,0.3752141295373129,0.583318103982506,0.20745592460800522,0.4649329778076421,0.6777724032169051,0.022454412913074474,0.07878143309102474,0.537938216610873,0.10797449677180257,0.5685922048207007,0.6310977979218765,0.5268537995871134,0.7040979263156436,0.5685922048207006,0.6310977979218766,0.5268537995871133,0.7040979263156437,0.6585362991056702,0.7640218558250638,0.7200000396642863,0.7859673681036281,0.6585362991056705,0.7200000396642865,0.3251591921256641,0.3605595901569173,0.5447688165293182,0.6183394417573477,0.6798802365298914,0.6307524162982772,0.3293694600642939,-0.07658541368745142,SELL,0.0,1.0
0.363726330974681,0.3726257160259482,0.40533448742348854,0.38461627714031565,0.005863722616067913,0.0,0.0,PPM,2023-08-09 00:00:00+10:00,Financial Services,0.49383695355194723,0.5304833109616947,0.43198213393499585,0.39089366291938676,0.3976454740734605,0.600751108610206,0.38000643814485136,0.5701452888301344,0.27490609307652814,0.6404613465123132,0.2136963740281539,0.7321156784710786,0.08009603189153358,0.7301321577957198,0.08493582239357789,0.6442555964488984,0.21700836082599603,0.21700836082599606,0.32174042235031003,0.32174042235031003,0.27233451349033794,0.27233451349033777,0.5219788739644415,0.5219788739644415,0.35135163377617745,0.6181754754135355,0.5525815527514886,0.725087458424671,0.7373919821417325,0.5531126691938703,0.3142258588734841,0.5068908684342901,0.3914618708507725,0.32630692451485244,0.3856841976010793,0.5804167024974248,0.21194876293618936,0.4703279704281367,0.6786236523161059,0.02152514675521375,0.07430403537763956,0.15529983860132054,0.02977577751763677,0.6424652691729408,0.6046585725090535,0.6499443988543191,0.7377213189752732,0.6424652691729408,0.6046585725090535,0.6499443988543192,0.7377213189752732,0.6486495413799224,0.7133419971896243,0.7400008692779723,0.76590187872326,0.6486495413799225,0.7400008692779725,0.27637722076702814,0.2870485896656193,0.5079920789481188,0.589810569720429,0.6357370898556459,0.5882729111360481,0.33885464590230063,-0.09007395981744093,SELL,0.0,1.0
0.363726330974681,0.39521684420725,0.4076313636419706,0.38461627714031565,0.1212853916111731,0.0,0.0,PPM,2023-08-10 00:00:00+10:00,Financial Services,0.4823191664152124,0.5190077938955185,0.43198213393499585,0.39089366291938676,0.3928579640257146,0.6127240129601845,0.38154661344194696,0.5676880377139983,0.2845887394450213,0.6291137805699407,0.2193241001586408,0.7277890235424372,0.08398722678869497,0.7273242814724323,0.08551994693608811,0.6438266637929438,0.09366378131312444,0.09366378131312446,0.2779469404925446,0.27794694049254465,0.26818011285303606,0.268180112853036,0.5203852390143797,0.5203852390143797,0.4193553272540027,0.6272342314050678,0.7017919374974924,0.7193897969860741,0.7382291668171646,0.5347465583232835,0.31275444258138796,0.5106122137502376,0.37271924710747883,0.3271833526732755,0.3995832506871403,0.5696448877831805,0.21653226446296947,0.4743364610491436,0.6711885533921422,0.10761591758426035,0.12350738634953333,0.8764147294899152,0.46025034283445776,0.5752052647808676,0.5550908513284212,0.661233154498189,0.7179708900543968,0.5752052647808676,0.5550908513284212,0.6612331544981891,0.7179708900543968,0.6486495413799224,0.6503617683555334,0.7400008692779723,0.7324595195676268,0.6486495413799225,0.7400008692779725,0.28664712339887505,0.22823990331569632,0.5194476239049918,0.5926073631895798,0.7429551865125115,0.7368087298208152,0.3475810168732668,-0.08661420105115969,SELL,0.0,1.0
0.3863633572342078,0.4042531607156249,0.4168185164899343,0.42527406993383887,0.010753694081768033,0.0,0.0,PPM,2023-08-11 00:00:00+10:00,Financial Services,0.5856254571721654,0.6205774545305764,0.49156582192858955,0.44329613195656187,0.3986029972378988,0.7065582647714836,0.3830867887390428,0.639524250994483,0.29731449822292566,0.6700226198269743,0.22662491748242974,0.7708887623725739,0.08845795546498803,0.7723332015219542,0.08646493809502709,0.6838960910795425,0.18982010009700495,0.18982010009700495,0.2771333317272383,0.2771333317272383,0.2760926156966463,0.2760926156966461,0.5270013781316878,0.5270013781316877,0.7333335174475873,0.6966213224839458,0.7524406660400002,0.7248100236186987,0.7401942344256567,0.5455845120112267,0.31722439703152827,0.5092364810059955,0.708528126016462,0.33003798700103815,0.41631188988474876,0.6393849440068802,0.22394171805031382,0.4771572278381371,0.7345577995419276,0.11072916057087448,0.12530384929475819,0.07954164398622826,0.04120287610634743,0.6482099611222789,0.5546684982236364,0.7181971224592232,0.7663702163757609,0.6482099611222786,0.5546684982236364,0.7181971224592232,0.7663702163757609,0.8904109608572206,0.7280049342797104,0.9200000506821436,0.7993447920313045,0.8904109608572208,0.9200000506821437,0.312321784454667,0.24084169738725636,0.5714407190360816,0.6109387139360156,0.7773892026120018,0.7712505767988709,0.3556092781665555,-0.11347837772612568,SELL,0.0,1.0
0.4135279890884931,0.41328965542697504,0.43059948778334034,0.4117214723359979,0.02116559800164681,0.0,0.0,PPM,2023-08-14 00:00:00+10:00,Financial Services,0.44889653873026675,0.48548701931526445,0.35750251598602256,0.32516004816555816,0.3995605204023369,0.6680642201013351,0.38051982518440397,0.6189339934615299,0.3072737800611105,0.6399090547357602,0.23346943529869568,0.749362783954098,0.09201798493628255,0.7536574389738193,0.08715140726645054,0.6697951163540871,0.20147131572250987,0.20147131572250987,0.268839478137501,0.268839478137501,0.27400583382944416,0.274005833829444,0.5288666647093405,0.5288666647093405,0.5217394958790418,0.6519369761321532,0.744710193564104,0.7239751314039449,0.7415667668786091,0.5398907752004437,0.30826270226345365,0.5128263033564018,0.6349380801506455,0.33187588084922703,0.4297618499757868,0.5989825887051626,0.22959756630249073,0.48190016012967707,0.7006104326491988,0.12356634833260025,0.12339121944721824,0.13844381600467984,0.08102128100916177,0.6148817982846668,0.5182499419911487,0.6628677421693299,0.7535032603918476,0.6148817982846666,0.5182499419911487,0.6628677421693299,0.7535032603918477,0.7941180492382219,0.7767150236317174,0.86000032354742,0.8394757707920407,0.794118049238222,0.8600003235474201,0.3302940509133872,0.2618447584173673,0.5906296251360531,0.6090938326138576,0.779615576477133,0.7984474345380603,0.36299527855638114,-0.10470097272253487,SELL,0.0,1.0
0.39994569708489913,0.4720266949934534,0.4443804179554922,0.49303743220769314,0.020259336208758617,0.0,0.0,PPM,2023-08-15 00:00:00+10:00,Financial Services,0.684841359013021,0.7153514949994296,0.6703172587557337,0.5994927862276893,0.4234982821899569,0.8210457336252861,0.39027432072028057,0.7510397885342182,0.32414924660841926,0.730013168717502,0.24213915954619303,0.8393448888369689,0.09715104675076391,0.8459906919591,0.08875100915857859,0.7500247677157094,0.3220385118359069,0.32203851183590687,0.3794566019365778,0.37945660193657776,0.3090632622392813,0.30906326223928127,0.5581214969916715,0.5581214969916715,0.7692308781739295,0.7001480565570564,0.7809221798345422,0.7443310278046499,0.7475294228332034,0.5839977870848841,0.3536003935119165,0.489505176997324,0.9348584735909677,0.3412584813937092,0.44688771450803244,0.7606830660797057,0.2436802860684255,0.47665771196984275,0.821455360478783,0.12171914239204232,0.12535742328089555,0.13446455038253016,0.07691861398685754,0.7769397402143984,0.6285419235787861,0.7940334357724059,0.7994151124084101,0.7769397402143984,0.6285419235787862,0.7940334357724058,0.7994151124084101,0.9999999999999999,0.8943646268704034,0.9999999999999999,0.9264263294953073,1.0,1.0,0.376508736334575,0.3080515989860366,0.8006814701399485,0.6798144193504824,0.776728931430145,0.7978976164091347,0.36979039891502075,-0.17091036109107227,SELL,0.0,1.0
0.476912114787597,0.47428572901109056,0.4903169291557006,0.47496721890287197,0.024463555663434583,0.0,0.0,PPM,2023-08-16 00:00:00+10:00,Financial Services,0.4398378767331075,0.47634458136067875,0.3575025166740228,0.3268601986676954,0.4426484545989968,0.7252601330602992,0.40310916685034837,0.6967644498953478,0.3371516408560151,0.6904361939592549,0.25172149541044675,0.8102278176431302,0.10187015521259202,0.8210640253999069,0.09015478224724638,0.7308352713487899,0.3561551869075657,0.3561551869075657,0.33262733996387517,0.33262733996387517,0.30024883984195877,0.3002488398419587,0.5418344170409788,0.5418344170409788,0.682927059273644,0.6274041808800699,0.803326736204687,0.7537333912142252,0.7545465141828607,0.5941299751370737,0.3708761033316095,0.49517635802039206,0.7662872350751841,0.348891080086581,0.45971851878610337,0.6998365818217496,0.2533551848675164,0.4804413130465872,0.7745992230564791,0.1357312528040644,0.12909534581584087,0.14658211518432873,0.09123294961437635,0.7427509652393268,0.6601776748292794,0.7144518697889923,0.8349608839246178,0.7427509652393266,0.6601776748292795,0.7144518697889923,0.8349608839246179,0.8615388601680749,0.8846968119938093,0.9256200756406939,0.9283058138947945,0.8615388601680751,0.925620075640694,0.32259155835848624,0.31435228252200353,0.7347976055460665,0.6928010175710716,0.7737558644496308,0.841767110559076,0.3823545272193226,-0.15396561561199218,SELL,0.0,1.0
0.4633299127707964,0.4765449888427714,0.4857232690369575,0.4975550479146731,0.008317060992170399,0.0,0.0,PPM,2023-08-17 00:00:00+10:00,Financial Services,0.5360909791697992,0.5722538874885426,0.47666990520767977,0.4265407346428427,0.46658618994300527,0.7237364436570477,0.4133770636042149,0.7203634000597285,0.34932410577401063,0.7062861110398198,0.26191222921787505,0.8287762975569807,0.1073343847393935,0.8435046802803703,0.09169169186688841,0.7522199510547728,0.3440687461439769,0.34406874614397687,0.3065063195190557,0.3065063195190557,0.28969931474542837,0.2896993147454283,0.5430866480143965,0.5430866480143963,0.8250003452132728,0.6081386322777959,0.7881895150669955,0.7656248054046038,0.7630019844982303,0.6079515200502569,0.3961594685065486,0.4898794468205565,0.7752462878852144,0.3629536596005103,0.46547972024543716,0.7222855693883479,0.2647416973194914,0.48268079711998046,0.7939676424750667,0.050627009251760766,0.12237377621984115,0.11985027675388234,0.032476303409454794,0.7763716155867555,0.6331562130495261,0.693682165083134,0.8512422516908422,0.7763716155867555,0.6331562130495261,0.6936821650831337,0.8512422516908423,0.9999999999999999,0.9536363258804882,0.9999999999999999,0.9751253938373247,1.0,1.0,0.28664702731457187,0.3143520958097221,0.681552992326701,0.7017363844724256,0.7662497429605267,0.8389348258171874,0.3961828527484844,-0.17348521007199735,SELL,0.0,1.0
0.47691210218751845,0.46750843239284434,0.47653587961869937,0.4659321122504614,0.011344894171174727,0.0,0.0,PPM,2023-08-18 00:00:00+10:00,Financial Services,0.4082076431175561,0.4442277889786765,0.3277106713828937,0.30208659609161737,0.4752037926485042,0.6227742277117478,0.4210779684465682,0.6512617938193637,0.35983668147210435,0.6524773635136454,0.2705819534653724,0.7847920860587315,0.11205348862831377,0.8027912514905426,0.0926147488434248,0.7198919509614089,0.38253029958534984,0.3825302995853498,0.33122786708336815,0.3312278670833682,0.30816729845593244,0.3081672984559324,0.5501416322382895,0.5501416322382893,0.6956519911913527,0.5277863797712733,0.7074799489942528,0.7644267670625827,0.7694800548499792,0.5889504618729531,0.40434107312514445,0.4951556423927006,0.6212680183602104,0.36652256197963906,0.4782049583389606,0.6358440103533076,0.27244708632594605,0.48780830221997085,0.730779967737383,0.05107238749291314,0.11935914104018637,0.15905668167466366,0.04461122534071093,0.6670061100865892,0.6105463090762634,0.6659602969692496,0.8049713212269369,0.6670061100865889,0.6105463090762633,0.6659602969692495,0.8049713212269368,0.7812496420514126,0.8803878294303937,0.8571425713701389,0.9273501062823881,0.7812496420514126,0.8571425713701389,0.3071870730646144,0.3059510284823105,0.6011157584459748,0.6635882945881004,0.7144487092246682,0.8012882266602932,0.4106822086248817,-0.15511817126232297,SELL,0.0,1.0
0.4588024489855682,0.45395382887488267,0.46734866590732205,0.43882679229322963,0.012027806283493054,0.0,0.0,PPM,2023-08-21 00:00:00+10:00,Financial Services,0.41738348027941996,0.45357603408803626,0.2979184653018831,0.2762151308580572,0.4809488523042995,0.5409452873416125,0.4246717344371871,0.5972754842742989,0.3695193202004221,0.606160102682139,0.27955588298531264,0.7462083672623557,0.11644142937782131,0.7677805588272779,0.09289316309793416,0.692596478817537,0.4001497358663623,0.40014973586636227,0.35125426524289344,0.35125426524289344,0.3169892318495528,0.31698923184955274,0.5424993762305077,0.5424993762305076,0.6153844111162982,0.5277863797712733,0.672757469587531,0.7542291308638595,0.772225491118815,0.5530831620505358,0.40589135854143943,0.49956341729363785,0.5024643045667171,0.3603871468659512,0.4984401838376352,0.5610372321680897,0.2754786773001754,0.5011552576374507,0.6809192659001037,0.04418846836574879,0.11892330317310627,0.18734566034276218,0.04733943456857405,0.6478146889600017,0.5731712145180545,0.6535424855298108,0.8216471210242975,0.6478146889600016,0.5731712145180545,0.6535424855298106,0.8216471210242975,0.5937497051095769,0.7907187054224396,0.7346935883789104,0.8634992591946993,0.593749705109577,0.7346935883789104,0.2917823039650051,0.31435239190315756,0.5392297540710449,0.6215306366313027,0.8623544632823169,0.7643270669578954,0.4231516546785835,-0.13538729280380413,SELL,0.0,1.0
0.390890758387346,0.4268442556213826,0.4305994134195168,0.4478617741840907,0.009659330762835214,0.0,0.0,PPM,2023-08-22 00:00:00+10:00,Financial Services,0.5043843863068479,0.5409581914995342,0.551149509532044,0.4957075289037759,0.4713737264343627,0.5861454975379798,0.43237263927954017,0.601247302777608,0.3786486574286556,0.6080063940277782,0.28929030888407725,0.7494075772513279,0.12116053555319573,0.774912960445896,0.09333329158345594,0.7012876207902309,0.1714172825417552,0.1714172825417552,0.3296051372679219,0.3296051372679219,0.3151983990969521,0.315198399096952,0.5394424010004117,0.5394424010004117,0.5555554191749615,0.6181750815137094,0.7009228482302293,0.7470327154619328,0.7727020486046063,0.5312812511842396,0.4038248852431998,0.5136313976870326,0.5138216272369983,0.3546956024068766,0.5174348113095842,0.5780046781455561,0.2775560031259947,0.517602755113939,0.6905754635778558,0.0362029963296252,0.11430553390755398,0.17587169817367823,0.03902143933734683,0.54605500338451,0.6114878665372906,0.6416695885332466,0.847218839736608,0.5460550033845097,0.6114878665372906,0.6416695885332464,0.8472188397366082,0.6562488210572971,0.6756137188677741,0.7731950496852019,0.7876497088836162,0.6562488210572972,0.773195049685202,0.2969173240358242,0.3437567383624993,0.4811663479843709,0.5715286997601963,0.8533520416457997,0.7679253261929351,0.4997496804370377,-0.15085947268791133,SELL,0.0,1.0
0.3591988253580811,0.3500345141083764,0.2376662909248901,0.24908967735415688,0.13415848539181163,0.0,0.0,PPM,2023-08-23 00:00:00+10:00,Financial Services,0.0,0.0,0.0,0.0,0.42349825574634536,0.18296479618660655,0.41697081541639647,0.27019479493587384,0.3739456710796931,0.3536616298797799,0.2918760200952746,0.5166218897624281,0.12107774533995608,0.5426333087003685,0.09244869189589,0.5033248022630598,0.7768340960060411,0.776834096006041,0.8238115551358814,0.8238115551358814,0.690529253260258,0.690529253260258,0.7442957999689086,0.7442957999689084,0.2906977005569979,0.31093408110695425,0.4579008536309661,0.6851377414297256,0.7582917009872169,0.38823130926576044,0.4561006648316288,0.4441938714972198,0.03880203763229234,0.3720599586830231,0.494608057183357,0.06164890929228006,0.2741895493683093,0.5283429482922022,0.3501172150889136,0.11884123631160368,0.16356908816458915,0.8884507406707619,0.43407948939287294,0.29327520718684924,0.400114399366454,0.4069482845445819,0.6357445850813741,0.29327520718684924,0.400114399366454,0.40694828454458193,0.6357445850813741,0.14062518802853965,0.46110079881409893,0.14062518802853965,0.5480274200354158,0.14062518802853985,0.14062518802853985,0.5074504574000775,0.5474874588746187,0.13662948284032655,0.20840175319779503,0.5838021754610878,0.559815327196433,0.49784978510140243,0.0006191602693150777,HOLD,0.0,0.5
0.2324306512335721,0.22352411078529355,0.23307266318767805,0.22650184834235554,0.02824763716251354,0.0,0.0,PPM,2023-08-24 00:00:00+10:00,Financial Services,0.41847772772041214,0.45468912950693896,0.3426062362844552,0.3044145879557507,0.3660476591883912,0.2507631951361291,0.39900201382017664,0.2542302598873254,0.3650929616809755,0.33237257281196597,0.2927886233108907,0.48981302489399703,0.12091216034056895,0.5163327114235712,0.0913990543953549,0.4814272793383435,0.7145467458258944,0.7145467458258944,0.8232287530119892,0.8232287530119892,0.6713187712578379,0.6713187712578377,0.743460175985091,0.7434601759850907,0.09589027621617291,0.30120764348524925,0.41268292375948556,0.6295310886886126,0.733474605473174,0.2882317007602673,0.4901054356460244,0.3863325680590639,0.1380692596101053,0.3926494537499352,0.46257075601661757,0.1134691041594047,0.27298393482679684,0.5321619851709039,0.3081642448043648,0.1338558567742106,0.1622112381418414,0.17089198191697866,0.09214164480468415,0.23614572520106003,0.37665480605304663,0.34255828112706543,0.5864332903279441,0.23614572520105992,0.3766548060530466,0.34255828112706543,0.586433290327944,0.07692298236954546,0.2880415146101634,0.07692298236954546,0.3280516011460528,0.07692298236954553,0.07692298236954553,0.5125856412530325,0.5516881798936587,0.1454977227412057,0.13680935878953954,0.5576344022591824,0.5038602833969938,0.486871857803718,0.015793065900977954,HOLD,0.0,0.5
0.21432067900025453,0.2280421957309252,0.23307252569548997,0.21746661692839564,0.03433805051645228,0.0,0.0,PPM,2023-08-25 00:00:00+10:00,Financial Services,0.4562949626783995,0.49293568244450175,0.3723984419764576,0.33376276555185774,0.3133845991217945,0.3510009524780253,0.3753858838966895,0.2706027623610805,0.35319713987284684,0.3315824886702936,0.29157181482283256,0.48008734315007995,0.12058099034179381,0.5059729299262441,0.09044290106936703,0.47300386962466334,0.7321402674327613,0.7321402674327612,0.7879255352020103,0.7879255352020103,0.6508729040083012,0.650872904008301,0.7248405272207583,0.7248405272207581,0.09859137398410042,0.2821056335775108,0.3565267323097093,0.5832108639336444,0.7025513721063361,0.22955713683079682,0.5057901049230582,0.33517155746108007,0.21153538564241525,0.40699083860705776,0.43156232601308153,0.16859401873839852,0.27415066102007324,0.5277866315546909,0.295970308151593,0.15117765985762743,0.16901790943668377,0.18548054835083636,0.10914157905678266,0.25957559870439956,0.3313917541568838,0.29908712598442055,0.5274663523608445,0.2595755987043994,0.3313917541568838,0.29908712598442055,0.5274663523608445,0.04615376279383059,0.08375135422590074,0.04615376279383059,0.08490984171019772,0.046153762793830766,0.046153762793830766,0.5279906132333931,0.5138824800203378,0.2319679742888876,0.20135643530199326,0.5121409007874429,0.4369570554910775,0.47080456735372234,0.027559080627523658,HOLD,0.0,0.5
0.23695801126808802,0.23256049004708845,0.2606345575621898,0.2536071682995873,0.014912642210015854,0.0,0.0,PPM,2023-08-28 00:00:00+10:00,Financial Services,0.5872156512292017,0.6221174616659344,0.4170862082390219,0.37886620686879624,0.2741267046956648,0.5559043187515287,0.35741709647890696,0.3633290387375776,0.34213127031484425,0.39010974335775206,0.28913821044842614,0.5236404737297023,0.12091215348120654,0.548017821390707,0.09000600774357248,0.5094472507914759,0.8260063158052303,0.8260063158052303,0.8241398129787261,0.8241398129787261,0.6641420074689963,0.6641420074689963,0.7007753389907341,0.7007753389907339,0.13513513513513517,0.3513090153055501,0.35126164235182544,0.5571142771566242,0.6715762514754071,0.22905854628675132,0.5053311338344424,0.306876582205836,0.30654455710050854,0.40883838341721734,0.41310308104203985,0.26197711707719473,0.27432173499290147,0.5225521174757843,0.36221134890857287,0.15335093955428197,0.16284657165802008,0.0810228080628763,0.048695655997896,0.34328677067297453,0.3799067365480658,0.3149191526520963,0.4981567124344474,0.34328677067297453,0.37990673654806584,0.3149191526520963,0.4981567124344475,0.16923106668167487,0.09333002472786385,0.16923106668167487,0.09447640112207202,0.1692310666816751,0.1692310666816751,0.5074510121177696,0.4760769535435262,0.30874653373172845,0.2949362192755869,0.5010046383378579,0.42985610260952506,0.45066688631719976,-0.0031144432964810287,HOLD,0.0,0.5
0.227903277051688,0.22804239389734493,0.24685364843946078,0.22198435739692512,0.012559535552942477,0.0,0.0,PPM,2023-08-29 00:00:00+10:00,Financial Services,0.39327506939475465,0.4289595155660857,0.34260623343608493,0.304189659821463,0.22625126045125876,0.5940973513944332,0.32661346293105664,0.3500239160481493,0.330788757646975,0.3589199005693695,0.28518360491522987,0.4893697865670291,0.12116052640738006,0.5108998469934534,0.08936996385549945,0.4782123290872039,0.7947089790866129,0.7947089790866129,0.7161229960794441,0.7161229960794441,0.6674882431579452,0.6674882431579452,0.7054106491602805,0.7054106491602805,0.13513518556806445,0.32222000803103407,0.3019716347450574,0.5285297826505174,0.6399650635487998,0.2229465042556918,0.4794817755264691,0.27987197502684513,0.3018566275493044,0.4144541786153888,0.39081895552188384,0.24556198331815152,0.27499998057093133,0.5133952022521153,0.315530928058519,0.15553579732332584,0.13626724523488298,0.06776664078081701,0.04575119729344853,0.2871983044476762,0.280405133326997,0.30717492071242214,0.46025224869983766,0.28719830444767613,0.2804051333269969,0.30717492071242203,0.46025224869983766,0.06153900998667893,0.08817870585898413,0.06153900998667893,0.08933159548348708,0.06153900998667905,0.06153900998667905,0.5254232555142568,0.4760769364280327,0.3262324611964264,0.31588688360854733,0.4948495743339497,0.3825276567155446,0.43214021976359895,0.007874039909949282,HOLD,0.0,0.5
0.2188483856649106,0.2370788167544663,0.25144726330348477,0.23553707975631566,0.012108826923041584,0.0,0.0,PPM,2023-08-30 00:00:00+10:00,Financial Services,0.5215046736719843,0.5578923556203218,0.41708620948339287,0.3790919953027597,0.22337874384516687,0.6433161279830086,0.29940359537382544,0.4179575999271703,0.3230426512484259,0.38468764226214613,0.2821416025976493,0.507109789325532,0.12198844454495461,0.5262281685833101,0.08857774169725419,0.4922935575756763,0.2578395866601549,0.2578395866601549,0.7339166555841207,0.7339166555841207,0.6600464260789347,0.6600464260789346,0.7060547167661515,0.7060547167661513,0.18309882164586824,0.3391790264516013,0.3372254335952036,0.5107418340380814,0.6104251685860158,0.2428497908097113,0.44589269374007356,0.2652450040098665,0.35283106709435474,0.4187555814799191,0.3751792277731679,0.2863329349537586,0.2753874202144271,0.5065697858047924,0.3433416399556459,0.06359017147502755,0.13857979139908583,0.14244320053525394,0.0437001744574541,0.5858301344759608,0.3078897569710609,0.35958533102071716,0.48257141876365983,0.5858301344759608,0.3078897569710609,0.35958533102071716,0.4825714187636599,0.10769305205433578,0.10878511973282513,0.10769305205433578,0.10991195499677958,0.10769305205433599,0.10769305205433599,0.5202884259915137,0.45927447729289994,0.35628619060041683,0.35684018848266885,0.3220230753948399,0.4791885457914881,0.4150956865342864,0.004205326642470419,HOLD,0.0,0.5
0.24148534173092395,0.29129731184600327,0.27900902545321293,0.3123351743979319,0.02421882321613851,0.0,0.0,PPM,2023-08-31 00:00:00+10:00,Financial Services,0.701845150598334,0.7313323069307684,0.5958372640309528,0.5562933370188561,0.24157139308976872,0.8213110916101365,0.27835441482653955,0.6022763712512684,0.3172330618992949,0.4942001628207324,0.2815331920527653,0.5971163192814611,0.12414101524018095,0.6145427856066734,0.0879957456692444,0.5696043641797216,0.4109303208986059,0.41093032089860587,0.8376993792336458,0.8376993792336459,0.7077761879180045,0.7077761879180043,0.7436914613891386,0.7436914613891383,0.3255812833271516,0.3806053054106458,0.4567907459133892,0.5190033434184544,0.588767579146134,0.31859174922348027,0.39157336491245975,0.2782384986949238,0.49937092621499274,0.4148088665381211,0.36993101871995837,0.40268540387603186,0.2750757695145014,0.5058374466215305,0.4711845943855787,0.06055508047704175,0.14652176869080752,0.28842821470213503,0.08403061016877664,0.753093661833968,0.3634386683342873,0.39422731541487144,0.5449672821044159,0.7530936618339681,0.3634386683342872,0.3942273154148714,0.5449672821044159,0.3692303577565404,0.17575482666131306,0.3692303577565404,0.17679698669255473,0.36923035775654056,0.36923035775654056,0.5613677979903706,0.48867876710426905,0.41053751161326746,0.4280340710677687,0.34481306900936315,0.5159154183529511,0.3994147159633187,0.03852955675869474,HOLD,0.0,0.5
0.3365617314617664,0.3274434505495333,0.3111647441024379,0.2942652106162098,0.013196006968777318,0.0,0.0,PPM,2023-09-01 00:00:00+10:00,Financial Services,0.4337913807222808,0.470228466216325,0.22343884156721575,0.19943440726483544,0.25784910177993936,0.7202617730850203,0.25884545211166143,0.6006275430207328,0.3108701863304306,0.47644972792855733,0.28077269147337036,0.5765437505846652,0.12496892880484767,0.5929135633068423,0.08747312106647298,0.5518598016380399,0.4258449018715244,0.42584490187152446,0.8359804805989479,0.835980480598948,0.7094422505290232,0.7094422505290232,0.7445284738467359,0.7445284738467359,0.6086957826894848,0.3773267545528639,0.3944938455932967,0.5214979529415649,0.5720376666660841,0.36594235017185084,0.3386273547105574,0.29251291996439277,0.49929155218975724,0.41145243717127267,0.36330992840485166,0.3853711901709726,0.27486406445358047,0.5046328391582293,0.44209124809646705,0.044627805873480614,0.14955567508849726,0.20305097313365955,0.04545868580236096,0.7388463389189728,0.3727674023889691,0.38485477794504896,0.5408783459263671,0.7388463389189729,0.3727674023889691,0.3848547779450491,0.5408783459263671,0.30769276800692336,0.2581793439951817,0.30769276800692336,0.25911728802329925,0.30769276800692347,0.30769276800692347,0.5973125809089075,0.5012807694814841,0.4307057518172562,0.45219787510706416,0.32655211894493397,0.521658002303188,0.3849882230380285,0.020139824136084172,HOLD,0.0,0.5
0.29581470186563275,0.2867792760907185,0.29738377973793395,0.26715989065897805,0.02548324635169072,0.0,0.0,PPM,2023-09-04 00:00:00+10:00,Financial Services,0.4084753389765835,0.4445008787191836,0.26812697277713726,0.23661349950088045,0.2607216448296428,0.6322815266683297,0.23933648939678331,0.5807253617221739,0.30229414296210577,0.4485525206619343,0.2809247899090215,0.5448030703231143,0.12571405215627474,0.5608135189509635,0.08665675234694148,0.5252453225905117,0.4418160233835735,0.4418160233835735,0.8368314852790448,0.8368314852790448,0.7124669197024345,0.7124669197024344,0.7323659390504371,0.7323659390504369,0.5957449683989837,0.25981982383206814,0.3803549371349494,0.5169618364562186,0.5575697004957473,0.38767764612386396,0.2832166888595866,0.30890175940094977,0.4754903587945708,0.4073390485545474,0.35401492041752924,0.35898928891139653,0.27481294797111344,0.5050257251740868,0.3970366888559672,0.052591128553728855,0.1594110530764804,0.33822641707838513,0.0840486483835155,0.6306241875255553,0.36950324247172905,0.350701238270547,0.5645965359057581,0.6306241875255554,0.36950324247172905,0.350701238270547,0.5645965359057581,0.2153851087493317,0.2942399991936558,0.2153851087493317,0.2951323488103484,0.21538510874933192,0.21538510874933192,0.5510978994270286,0.5012808742895695,0.41461293189434467,0.43205587645511645,0.25580150361677756,0.49985817011905526,0.3717158495467615,0.03135087937953518,HOLD,0.0,0.5
0.26865020428230935,0.28677936973905627,0.3019775149811381,0.28974771967077917,0.03890343826536314,0.0,0.0,PPM,2023-09-05 00:00:00+10:00,Financial Services,0.5452182957156855,0.581209815310666,0.4319821350777088,0.39295327740364755,0.2750843071909368,0.6585608859929613,0.22136773033587565,0.6589700049525111,0.29676121964336777,0.4852316272081687,0.28290209897647456,0.5698395304611977,0.12662475822063524,0.5865745919545873,0.08606922035809172,0.548289539264256,0.3970833264556144,0.39708332645561434,0.847188299231775,0.847188299231775,0.7156623495327326,0.7156623495327324,0.7284647314927664,0.7284647314927659,0.6600008174663844,0.3014446188911647,0.395027676285453,0.5206310405267358,0.5468721899593297,0.42390837747467447,0.19070589286767614,0.3595777197196186,0.6709454161900283,0.4043255707636053,0.34834317318237906,0.3970800109237192,0.2739808836581652,0.510405750493905,0.4316983031660924,0.07243720311525656,0.16688273556327538,0.39704679348579736,0.12458452378300003,0.7230426590779067,0.3840475462710361,0.396815671296459,0.6151953162119659,0.7230426590779065,0.3840475462710362,0.396815671296459,0.6151953162119659,0.29230837056951914,0.2684826932022891,0.29230837056951914,0.2694076098702487,0.2923083705695192,0.2923083705695192,0.5536655445547669,0.5096822279642176,0.43180226222652973,0.44751733990462156,0.2771400751932205,0.5321359957560903,0.3595052659347958,0.005220726931316255,HOLD,0.0,0.5
0.2777048349983964,0.2732244588501128,0.2881963552028659,0.25812465924501793,0.014159902000107248,0.0,0.0,PPM,2023-09-06 00:00:00+10:00,Financial Services,0.39585538515274904,0.43160274118500114,0.29791883179905204,0.2634900395081342,0.2798718172386827,0.5536046424102232,0.2223945044149811,0.5925706718400805,0.2890150979644679,0.45004825372646606,0.2836625953552998,0.532464585262021,0.1269559213600484,0.5494940705256173,0.08512303595483495,0.5172070300636294,0.4467487849115583,0.4467487849115582,0.4162125812828516,0.4162125812828516,0.7220137579186314,0.7220137579186313,0.7347954130427516,0.7347954130427516,0.5102039551069937,0.252209938922087,0.391576298573832,0.5157830171052298,0.5371556061633802,0.4333342126148648,0.19142934896332187,0.3605964033524691,0.49228496566745145,0.4011633086500883,0.3394478905462176,0.3642324020963529,0.27348556359526177,0.512760018090286,0.37731824917970447,0.07398237238478717,0.17071092448349667,0.14612340268552124,0.044894640765053014,0.6460917343259933,0.5513095990054416,0.3617071017194772,0.5814556745535941,0.6460917343259931,0.5513095990054417,0.3617071017194771,0.581455674553594,0.19047633292662836,0.2292328025534717,0.18461546411907911,0.2282473171145733,0.19047633292662847,0.18461546411907925,0.5433955145258609,0.49287970115585555,0.41780953660756587,0.43520753773352844,0.24468921544803088,0.4916521122865774,0.3482715290117874,-0.0030003025558319463,HOLD,0.0,0.5
0.25506759612609753,0.2461150256433321,0.26982170334106703,0.2445719368856274,0.01517073888651581,0.0,0.0,PPM,2023-09-07 00:00:00+10:00,Financial Services,0.44429902391938286,0.48085005612467285,0.3277106808105304,0.2908881963428497,0.26550918132099977,0.5527653858298809,0.22444806675162976,0.5612843109604022,0.2804390316756169,0.4403587436625449,0.28290208637476466,0.517157371051706,0.12687312657390049,0.5337452762391981,0.0840459283110575,0.504318247197343,0.18179022061116368,0.18179022061116368,0.4078761330417789,0.4078761330417789,0.7224109040880065,0.7224109040880063,0.730029615876366,0.7300296158763657,0.5555551464135222,0.26244157218581177,0.37667668929821485,0.5092852394822687,0.527829507294247,0.4370864261014127,0.19031187751323642,0.3648337676658002,0.40390952267196384,0.3976183914281901,0.32963915413331024,0.3574816876154314,0.27387525846383376,0.5105774782426689,0.35596491909391753,0.06716603396276516,0.12174538034215508,0.16895283686399032,0.058731121609581424,0.5016643102848443,0.5621461736826056,0.3484293171998706,0.540081742862876,0.5016643102848442,0.5621461736826058,0.3484293171998706,0.540081742862876,0.14999987089195863,0.20733857386283783,0.13846142205142226,0.20252200981326082,0.14999987089195888,0.13846142205142242,0.5125855633651424,0.49918059404239423,0.39548969556847086,0.4239141617991011,0.2435014825839202,0.4825306058557913,0.3379364910426196,-0.0033448847464658815,HOLD,0.0,0.5
0.2369581405565615,0.22804239389734493,0.24685364843946078,0.22198435739692512,0.04554946944845325,0.0,0.0,PPM,2023-09-08 00:00:00+10:00,Financial Services,0.41823842013946017,0.45444573105720953,0.3128143849363787,0.2749466225627888,0.25018902223887896,0.5277143932348523,0.22496148214805722,0.5143860095881301,0.26798993128793014,0.42204444346034586,0.27970797722039364,0.49284737865303374,0.12703870928683347,0.5073101266654134,0.08296328379487039,0.48234239853819194,0.1862390983005398,0.1862390983005398,0.41871540476866825,0.41871540476866825,0.7058797669389303,0.7058797669389301,0.7179605096414627,0.7179605096414625,0.4680848938474349,0.26510797789965396,0.36067092544599755,0.49908503431731016,0.5179309942576191,0.43158603412296465,0.1894322236088848,0.3664081313396568,0.26664491542333035,0.3887419345513514,0.31877183724341807,0.3419992336562153,0.2747559085432971,0.5026402852400067,0.3241603070927198,0.09153938652576654,0.13780154252995946,0.3814323375402797,0.1632095842613217,0.49291520760615554,0.546231393622192,0.29232476410863084,0.47809460770901346,0.49291520760615554,0.5462313936221919,0.2923247641086309,0.47809460770901346,0.07407478566636277,0.13426311872311522,0.06153900998667893,0.12534665627053626,0.07407478566636283,0.06153900998667905,0.5023156629790724,0.49077942978709366,0.35970692094027346,0.4119639807840412,0.22318736682102167,0.2785453934621237,0.32842825611098514,0.007874039909949282,HOLD,0.0,0.5
0.2284021956849247,0.275216877480866,0.23256627535160668,0.29625715351534376,0.07740244154444384,0.3888888888888889,0.0,PPM,2023-09-11 00:00:00+10:00,Financial Services,0.6970669576043677,0.7268491565253374,0.5858679388904806,0.5483826706143932,0.25635628059236604,0.7304117846675422,0.2298084093276309,0.6566983294343138,0.26091910178920097,0.5334272141769896,0.27916664977687544,0.5799556973726928,0.12839987651502094,0.5930157702479013,0.08248711367923311,0.557276915058203,0.42859957330889076,0.42859957330889076,0.5061914905264167,0.5061914905264165,0.7714935021587948,0.7714935021587946,0.7536725838729015,0.7536725838729015,0.46168237192867273,0.3471505564904969,0.3947221362772595,0.5127299230748328,0.5132730245097529,0.4819430027395294,0.19798480211863612,0.36680944748973277,0.6673616120110069,0.37915197151876545,0.3167094734620528,0.44687495294557444,0.27460638129663684,0.5017809458553231,0.4471779899532994,0.13065250618073998,0.1637514709720726,0.47276548123667883,0.25042012435301003,0.655733641457789,0.5899608395773198,0.3747507242233143,0.5464830085815606,0.6557336414577888,0.5899608395773197,0.37475072422331424,0.5464830085815606,0.5537873789246011,0.25591772131497587,0.31563669363770885,0.16916360703108968,0.5537873789246012,0.31563669363770896,0.5513606369027451,0.5393017944874215,0.48635887517097665,0.4508693425642979,0.3567063157644583,0.3641320206562579,0.3196806799738817,-0.04814814741079876,HOLD,0.0,0.5
0.28422875422911775,0.2752168873563344,0.23256628464818796,0.24055249404575507,0.012635043447944406,0.0,0.0,PPM,2023-09-12 00:00:00+10:00,Financial Services,0.3308024970100385,0.36432896552873895,0.2185126308271869,0.18785241246255716,0.24592919445421946,0.5946426142889467,0.23191857198635124,0.5399873754251303,0.2454573732918175,0.47219028534734986,0.2747724966089322,0.5177320346618991,0.12915412510440083,0.527649104362454,0.08176343606888858,0.5017830128688073,0.49118888795944865,0.49118888795944865,0.5448461357220054,0.5448461357220055,0.7323128888625527,0.7323128888625527,0.7514073521471383,0.7514073521471378,0.39146050306188573,0.47264741938409816,0.3666334936450101,0.5091669460608258,0.5086951723380897,0.4827128615209919,0.19529689580819598,0.3724844488667687,0.33842737014119856,0.3518733141427346,0.3179002056747806,0.3827509614893752,0.27318904841683733,0.49513638386551717,0.3607777109204804,0.11086331519225578,0.16023331740759872,0.09263987077306352,0.0417346764813355,0.5294733273588207,0.56281630207397,0.25676415768634064,0.45176220692551233,0.5294733273588206,0.5628163020739699,0.25676415768634064,0.4517622069255124,0.2560074386626307,0.2914143258661703,0.12625455902497695,0.16508131045872756,0.256007438662631,0.12625455902497718,0.38473752748586293,0.5920247906638644,0.4240299495269505,0.4370823176059762,0.48854367286500955,0.32222425875137667,0.3095733808873321,-0.007751858038513415,HOLD,0.0,0.5
0.24235881468349407,0.23343208627663026,0.2514472409689805,0.24055249404575507,0.016394735228726278,0.0,0.0,PPM,2023-09-13 00:00:00+10:00,Financial Services,0.4823191664152124,0.5190077938955185,0.3562709631271391,0.31845995160590346,0.2422047175799178,0.6050372592412905,0.2324885451695382,0.5389929077006947,0.23110223251425155,0.48802616711759383,0.271290946656606,0.5199976555311848,0.12874929241679345,0.5278991448750039,0.08107165882897038,0.5022383439305996,0.47529475303901864,0.4752947530390185,0.5422932580733862,0.5422932580733861,0.7330522439519709,0.7330522439519709,0.7481632041580271,0.7481632041580268,0.4396188444154523,0.5000474944099746,0.28066710624950586,0.5074773887877511,0.5046291220404167,0.4876308231685351,0.1947317109446587,0.37387933021836517,0.33279793479385933,0.32468330796209655,0.32068980316234497,0.39306342309134057,0.2726403755418856,0.4889379538659817,0.3653650526333385,0.11254691793600724,0.15651004099836008,0.11741226588763372,0.05482736267529622,0.5793913190744359,0.5467316744411399,0.270462910116953,0.4725502743556916,0.5793913190744358,0.5467316744411399,0.2704629101169531,0.47255027435569164,0.2560074386626307,0.35233442406452603,0.12625455902497695,0.1867238949167683,0.256007438662631,0.12625455902497718,0.37032316953992744,0.5466280944990195,0.38786967419552537,0.4320270676899476,0.5050495334667052,0.27602706073883576,0.3004768117094375,-0.023255678287578352,HOLD,0.0,0.5
0.2284022489899129,0.24736047187540489,0.23256632775911235,0.2359104910739349,0.03476837869681725,0.0,0.0,PPM,2023-09-14 00:00:00+10:00,Financial Services,0.46910565083868466,0.5057949223895127,0.38688384420475613,0.3486571273827772,0.24036889631043534,0.5962989227885598,0.22380331648963336,0.5447762249548613,0.2150795852619427,0.4993616979617024,0.26947831253109644,0.5157330541539392,0.12900451098627208,0.522334614762411,0.08047356630886249,0.49796304954517046,0.4717730880877686,0.47177308808776847,0.4093656096117712,0.4093656096117712,0.7249407024888284,0.7249407024888282,0.7332522907831687,0.7332522907831687,0.3669916043884778,0.5057124296711253,0.288702279518365,0.5059986488421323,0.5010228941376642,0.49204930816795633,0.17945855315098003,0.37311539136735106,0.33325588451353155,0.2850705400529634,0.3321750785165104,0.3941557521469103,0.27309448294577576,0.4845078918975083,0.3607955509000996,0.12731072211304853,0.16871573673789464,0.21921260658161149,0.11062800842007736,0.5938744102127556,0.4569777720848943,0.2491978613149498,0.5127181619000328,0.5938744102127554,0.4569777720848944,0.24919786131494978,0.5127181619000328,0.2240068171627413,0.24190749478287835,0.11047289120665241,0.11811171457013761,0.2240068171627415,0.11047289120665249,0.3928441855956392,0.5713524427285809,0.36891487554839786,0.4302395611787159,0.5038782742367542,0.2085565643733912,0.29228989944933226,-0.031128396124027957,HOLD,0.0,0.5
0.23770669339383654,0.2520032537705169,0.26560804033974295,0.27304701389469366,0.0263512530384828,0.0,0.0,PPM,2023-09-15 00:00:00+10:00,Financial Services,0.5884400284971466,0.6233027224953904,0.47872285979014145,0.4402474394049997,0.2511917904222165,0.6764317219765528,0.22139198964225448,0.6248335732578207,0.20326764493916927,0.5668134462306773,0.2701328285312452,0.5588714484212186,0.12985752524305783,0.5650493695977643,0.08021061135945518,0.5354954504240347,0.47983696978091256,0.47983696978091256,0.44472507498942854,0.44472507498942854,0.7435159473323865,0.7435159473323862,0.7340287748463354,0.7340287748463352,0.5358889404320464,0.506899977173038,0.30554532962573777,0.516188011078371,0.500572954525466,0.5223784365873537,0.17217931951087784,0.3755103245608038,0.6112379291698583,0.24817737192685807,0.3475915236965331,0.4786478906825778,0.27294025590856874,0.4860916779541562,0.41955685482306965,0.1128478219695182,0.1756402708022392,0.185835634932745,0.08182718007197423,0.6947559512320718,0.5172433426958463,0.3074589101927747,0.5782659026399909,0.6947559512320717,0.5172433426958463,0.3074589101927747,0.5782659026399909,0.4800152294415353,0.31691644115232165,0.2442300567090575,0.15756582892982715,0.4800152294415354,0.24423005670905773,0.3939762743619291,0.5638773400613616,0.4665430219518742,0.47052929540571753,0.5201640449534851,0.23166878982229583,0.2186076891083849,-0.06037743771322357,SELL,0.0,1.0
0.22840220720356696,0.24736042920422496,0.2703281993827975,0.2684048861613242,0.043356900594691494,0.0,0.0,PPM,2023-09-18 00:00:00+10:00,Financial Services,0.46945434305930833,0.506144257589531,0.49402929558493147,0.45620181972017376,0.24528841286568936,0.6794134015510669,0.22153347626899644,0.6151009028964809,0.19283131055106395,0.5724875199076356,0.27017474601831637,0.5533978955930777,0.13070825533228803,0.5591073481506035,0.0798180385368783,0.531090222396393,0.3054523669179281,0.30545236691792804,0.43065104621719347,0.43065104621719347,0.7411683950813892,0.741168395081389,0.7332483302572446,0.7332483302572446,0.5598860889018187,0.5443976366588412,0.32287389577685077,0.5239168162508437,0.5020600242935701,0.54099137711645,0.17244206435206877,0.3755108124668258,0.5754108910443015,0.2123134218145286,0.36416506891192546,0.4891521513216629,0.2729329521637718,0.4861889244705664,0.4120241613695229,0.0871997488061686,0.19009676772339235,0.37859782105421524,0.12788749325435694,0.563889861343411,0.542288671965903,0.3251520582127756,0.5616235181382061,0.5638898613434109,0.5422886719659032,0.3251520582127756,0.5616235181382062,0.4480137478717262,0.38120970032862744,0.2393242298462682,0.19537930554801172,0.4480137478717263,0.23932422984626833,0.3898321643752785,0.5436845192677447,0.44979418741905924,0.4772018673542465,0.477199772032297,0.21162112778870296,0.21993877234342996,-0.07575760352243521,SELL,0.0,1.0
0.247010933898689,0.2566458287762535,0.28448882966184863,0.2776888921049643,0.022183952266982554,0.0,0.0,PPM,2023-09-19 00:00:00+10:00,Financial Services,0.508145581389523,0.5446857278278956,0.46341640957256025,0.42453663719359347,0.253159591755596,0.6846076960160321,0.2201630594028039,0.6365566508870286,0.1824102259529914,0.5987446830012844,0.26809564454038215,0.5656885073162868,0.13114959125816172,0.5696324235618324,0.07926999937981405,0.5408047207599368,0.14793651778715292,0.1479365177871529,0.4214126836316698,0.4214126836316698,0.7415599602598273,0.7415599602598273,0.702186746950711,0.7021867469507106,0.6499997312362595,0.5393231115842544,0.35234424471456904,0.5334584389559606,0.50552992672909,0.5600446387542416,0.16788264972613032,0.37723432676728486,0.664697062343369,0.1556938205712881,0.3995173942852205,0.587278546608634,0.27202272742950395,0.48343466124397105,0.42911812438583335,0.09439338136974888,0.19587612892722372,0.18350288683276425,0.06420981259571237,0.6701932619519366,0.5273944091332028,0.32641706352854394,0.5077947166505878,0.6701932619519364,0.5273944091332028,0.3264170635285439,0.5077947166505878,0.512014990871505,0.4776491571018265,0.30384167639886706,0.2600469214032772,0.5120149908715053,0.3038416763988673,0.37513488349077945,0.5274608188628963,0.4917293433778601,0.5239906611386295,0.49110194599405055,0.2517543643421064,0.2212432339137741,-0.06766918280832768,SELL,0.0,1.0
0.2609677844627658,0.2566459600687919,0.27504848212308475,0.263762883189504,0.011351075127181523,0.0,0.0,PPM,2023-09-20 00:00:00+10:00,Financial Services,0.4438708163087203,0.48041785244996366,0.371577402799868,0.3341053094858499,0.25807910831085024,0.6296215824637854,0.22080381134545513,0.6069446218283405,0.1833087869779142,0.5771358282879653,0.2690459730743049,0.5487037489241252,0.13133571090101093,0.553310208393422,0.07862020993707186,0.5272249394992391,0.17292964254599216,0.17292964254599213,0.404051118516291,0.404051118516291,0.4150796270922686,0.4150796270922684,0.6419945070072939,0.6419945070072939,0.3703706653102382,0.40515864390801337,0.3320976555550429,0.5379305444277405,0.5093745875813693,0.563645734440641,0.16876494533814346,0.3775004248584388,0.5490438786211804,0.15643786700766182,0.4002083887960287,0.5133715069478944,0.2716149096405065,0.48603326116458034,0.4053147320528354,0.09059376004822518,0.1392078789372833,0.09978619109883893,0.04089469003359061,0.6469718681188837,0.5473369279237887,0.5016234091441735,0.5866869955496432,0.6469718681188839,0.5473369279237886,0.5016234091441736,0.5866869955496431,0.41601312637183674,0.4562180707097246,0.35996235726623677,0.2987508515491811,0.41601312637183696,0.35996235726623693,0.32477633931854194,0.5114687556406615,0.4637504198488986,0.5319363211823869,0.4407337833737228,0.25158862987522546,0.22397744940237463,-0.02661599872383169,HOLD,0.0,0.5
0.2656199436322275,0.2566459159730662,0.2844889166477296,0.2684048861613242,0.008165376990706347,0.0,0.0,PPM,2023-09-21 00:00:00+10:00,Financial Services,0.495281473038816,0.5319198014086961,0.3715774038929273,0.33421777288265847,0.26496639975587266,0.6241726845919371,0.22351228988371052,0.6115183331440506,0.1858748544775799,0.5808629671934815,0.27045679748508533,0.5532096079650822,0.13235202370317456,0.5580708495252591,0.07806813617393504,0.5322719976214266,0.1656930645669987,0.16569306456699867,0.39867988411578353,0.39867988411578353,0.40644627277241246,0.4064462727724124,0.6413263075425777,0.6413263075425775,0.6875009448747474,0.43968317043897065,0.5270173198528998,0.5434847052915177,0.5137776435882955,0.5690114161512554,0.1710469467624569,0.37986702548069284,0.5672914173397676,0.1568354197523958,0.4037425189597502,0.5277126561356446,0.27093801454408784,0.49000725511668497,0.41071106727736684,0.07055249428804608,0.12994112103296201,0.09047622393824407,0.03081979852071076,0.6626636273619945,0.5685090652641627,0.5321697924520392,0.599673952665649,0.6626636273619941,0.5685090652641627,0.5321697924520393,0.5996739526656492,0.6224871122595238,0.5146404281945032,0.4480137478717262,0.3685421240716613,0.6224871122595239,0.4480137478717263,0.27413440174188203,0.3104172310596818,0.5150451722722842,0.5552927066672136,0.43255865966402185,0.3822813748451143,0.22791472723430084,-0.06818192461377925,SELL,0.0,1.0
0.2563155372543806,0.24736042920422496,0.25616748211786566,0.2684048861613242,0.00999493996871768,0.0,0.0,PPM,2023-09-22 00:00:00+10:00,Financial Services,0.4823191664152124,0.5190077938955185,0.4021902855823447,0.3640206025318134,0.2639824858673774,0.6268950341629007,0.22878771779816698,0.602017320071129,0.18899422347733008,0.5770976487289743,0.27217182716830735,0.5520657754424357,0.13386508693059218,0.5571180992521121,0.07757986224008051,0.5326021517712552,0.05178367089968005,0.05178367089968004,0.38206147627664366,0.3820614762766437,0.40444307820265696,0.4044430782026569,0.6405607926843939,0.6405607926843939,0.6875009448747474,0.48493800871482773,0.5579649640152592,0.5485471191850183,0.5185098985625778,0.5721747259751251,0.16773791448398923,0.3911285083312279,0.5386867870052572,0.15575699033936496,0.40944990467597886,0.5169952924478558,0.26995544720137943,0.49509784367100185,0.4080195205419361,0.058230530747647724,0.1187082363798354,0.12752824661929715,0.039523556544423195,0.6007327199039021,0.5957336205834486,0.5426394144210881,0.6084874536257396,0.600732719903902,0.5957336205834486,0.5426394144210881,0.6084874536257396,0.6224871122595238,0.5516319872813529,0.4480137478717262,0.4167570628261098,0.6224871122595239,0.4480137478717263,0.27540815594098716,0.3072585042776239,0.44284229005397624,0.4920623566483309,0.4524214204453001,0.40197270092440845,0.2316157683963117,-0.03030302104807714,HOLD,0.0,0.5
0.2563155372543806,0.27057414612632746,0.2939295073637278,0.2684048861613242,0.0318843780346197,0.0,0.0,PPM,2023-09-25 00:00:00+10:00,Financial Services,0.4823191664152124,0.5190077938955185,0.4021902855823447,0.3640206025318134,0.2639824858673774,0.6268950341629007,0.22562246672086816,0.6077092244257056,0.18990040939726893,0.5760067608057626,0.27282214679912276,0.5516325231196085,0.13562652308418377,0.5560105560220037,0.07721918978792908,0.5328461395974368,0.049174146723844896,0.04917414672384489,0.21921342512492187,0.21921342512492187,0.38613993536028973,0.3861399353602897,0.634026918853613,0.6340269188536127,0.7333339305871602,0.44071137930203025,0.5711304112132863,0.5531665699092883,0.5233996538541229,0.5736881642002257,0.15700511858056254,0.39528253339641606,0.5835076976568183,0.15645513258390742,0.4101939489619376,0.5129102805142072,0.2697259479970251,0.4967954807254915,0.4070562104980266,0.04958775140620093,0.12653967396490817,0.4401648517860535,0.1199949137658391,0.60826892095022,0.5099050460967327,0.5016989290126436,0.5782181048320735,0.6082689209502199,0.5099050460967327,0.5016989290126437,0.5782181048320735,0.7000004098567509,0.6467250500826752,0.4480137478717262,0.4462037674611811,0.7000004098567512,0.4480137478717263,0.2608522820867443,0.29115047288672014,0.6076161287445012,0.5825590523516453,0.4407264664677599,0.48585599731993384,0.23509474708860167,-0.06060614390063879,SELL,0.0,1.0
0.24701097367924074,0.247360382665743,0.275048392051942,0.24519449701757523,0.020601293423512926,0.0,0.0,PPM,2023-09-26 00:00:00+10:00,Financial Services,0.4177520877876579,0.4539510313891849,0.3562709647917464,0.31863384706188064,0.25709519442235496,0.5775429704929587,0.22615000384093875,0.5595415372094685,0.19132175706185994,0.5402989246598391,0.27375571085855954,0.5238292250134441,0.136134680628492,0.5287415652754666,0.07681652953860119,0.509725280731174,0.08079074029248179,0.08079074029248179,0.12141709926203594,0.12141709926203596,0.37858655396581414,0.3785865539658141,0.6306502355772277,0.6306502355772275,0.2499977602981491,0.4564417604851525,0.4909497499177682,0.5510051440741851,0.5267949228910478,0.5593274780509124,0.1561979243888707,0.3968172807285977,0.2945515526423701,0.1546131524004588,0.41401498113362456,0.3704265391099758,0.2689944954279684,0.499886188851292,0.3667472015332497,0.04839546164732059,0.13025046262486017,0.2930466293014646,0.07656303071386947,0.555714634456443,0.5462726603220179,0.5115083830237412,0.5866208092039081,0.5557146344564429,0.5462726603220179,0.5115083830237411,0.5866208092039081,0.4499990482737038,0.5889674698847104,0.2880080601625201,0.39269365031817355,0.44999904827370396,0.28800806016252034,0.24615518270908038,0.27912738807516635,0.4461776975807894,0.4678146399408576,0.4328732563114812,0.4398822163026194,0.24051992716215798,-0.05791498179046961,SELL,0.0,1.0
0.2190977928906488,0.233432080285627,0.25616747409819784,0.25447862772276486,0.011141757887275732,0.0,0.0,PPM,2023-09-27 00:00:00+10:00,Financial Services,0.5086445175112176,0.5451798923385459,0.47872248929597383,0.44143811346608514,0.2551273666453642,0.6104053410669015,0.22773262937958805,0.5756137008127025,0.19248170376644147,0.5525226917396249,0.2734808465668963,0.5348827656363505,0.1369785627879634,0.5389977119166185,0.07648170372462815,0.5193067148091152,0.09077286467726725,0.09077286467726726,0.1248833221489437,0.1248833221489437,0.3771700334583212,0.377170033458321,0.616928151114549,0.6169281511145489,0.38461427139002885,0.5031096898416645,0.5496412226347247,0.5524893456997354,0.5298658310115342,0.5562106576012915,0.15434326603598159,0.40093518335252387,0.3804841352010507,0.15390538765021033,0.4164144790402685,0.4177622213010185,0.2690973665589431,0.4991591185514719,0.3826809624036159,0.048237773335321726,0.12980421830004113,0.16329589588342175,0.04181740715536546,0.5930818994847272,0.5570749850954269,0.5065095928377115,0.553091930835529,0.5930818994847271,0.5570749850954267,0.5065095928377115,0.553091930835529,0.549999324143163,0.5646949542174932,0.3520101632322187,0.36058752250636117,0.5499993241431632,0.3520101632322189,0.24700427366215677,0.27142073460975935,0.3870058682998133,0.4190351111470966,0.43798222936440845,0.4413905808530871,0.30290949800805567,-0.0498084310914686,HOLD,0.0,0.5
0.22374995861782931,0.2334320423495978,0.2656079142337695,0.24519449701757523,0.011874451753378519,0.0,0.0,PPM,2023-09-28 00:00:00+10:00,Financial Services,0.4561955427810976,0.4928356954524909,0.4328031661094107,0.39486711283686243,0.25020785009010993,0.5965536542165917,0.22878770361972944,0.5548899084553767,0.18837012811229426,0.5437830108689901,0.271676596778915,0.5251878510209086,0.1376522984722981,0.527807174460301,0.07598334327559275,0.5102788460760835,0.08822279564921554,0.08822279564921555,0.12867292244693024,0.12867292244693024,0.27493127299234593,0.2749312729923459,0.6086786400307975,0.6086786400307974,0.23076891270550093,0.5331357745232717,0.516692833973046,0.5517079620336421,0.5321358232888699,0.5485145673763452,0.15133926373322848,0.4051968222084965,0.19703125115969777,0.1450305265815477,0.41819585850687735,0.36849506717921965,0.2693783528126581,0.495027638538466,0.3700343539529993,0.05103199008816324,0.12410803167324895,0.1661542531747787,0.045659935381458475,0.5704455889036623,0.5517157815192015,0.4161085999149669,0.513281315258332,0.5704455889036621,0.5517157815192016,0.41610859991496696,0.513281315258332,0.4499990482737038,0.4809820679019493,0.2880080601625201,0.30707740536335343,0.44999904827370396,0.28800806016252034,0.23216539613248938,0.255081201370843,0.36837853274963506,0.41547514516308137,0.4835193957736603,0.4101166030477427,0.30166715501045827,-0.042471021236288875,HOLD,0.0,0.5
0.2307283185948874,0.247360382665743,0.27032815314285585,0.24519449701757523,0.006599757539471668,0.0,0.0,PPM,2023-09-29 00:00:00+10:00,Financial Services,0.4823191664152124,0.5190077938955185,0.40984332324695005,0.37168729868047795,0.24528833353485568,0.6102578255040787,0.22562242418555578,0.5604740612277859,0.18536512489761403,0.54734428956702,0.2700244454265843,0.5262693433101507,0.13832603415663192,0.5273927590764471,0.07545308427927022,0.5106314112993006,0.08822279564921554,0.08822279564921555,0.03775891104314018,0.03775891104314018,0.2710974378708389,0.27109743787083884,0.6085722596971963,0.6085722596971963,0.299998656184909,0.32366543580163293,0.3846597892742051,0.5517129178853115,0.5339530014547826,0.5441634257596052,0.1499620592525448,0.401324677751421,0.25738381339821115,0.13981655649988967,0.41834806030527594,0.3790370275947692,0.26965653619012997,0.4912104834854074,0.3725834999335248,0.04847424287901354,0.12106425841192524,0.10027862575789577,0.026099211702116213,0.5704455889036623,0.5093204923564306,0.43408626619606056,0.5171056177838624,0.5704455889036621,0.5093204923564306,0.43408626619606056,0.5171056177838625,0.4499989941120145,0.4809820497659227,0.2880080601625201,0.30707740536335343,0.4499989941120146,0.28800806016252034,0.15829488210990778,0.20956913742740868,0.4316936073484886,0.4573224284747705,0.34175454615736545,0.3853388694202952,0.3004496588728126,-0.07722001031057069,SELL,0.0,1.0
0.23305432129914339,0.22878925571933528,0.26088763185694885,0.24983649998939517,0.008283984524890793,0.0,0.0,PPM,2023-10-02 00:00:00+11:00,Financial Services,0.4954816650811945,0.5321188328862505,0.4174967252952769,0.379324759298586,0.24135270442448564,0.6351707847152146,0.22351223316996105,0.5736723767205893,0.18430427126754356,0.555436809399551,0.2689848883867625,0.5323990091180005,0.13941601193408282,0.5321049118113488,0.07518004007997381,0.5154958335819994,0.09466178748802379,0.0946617874880238,0.041147524683637846,0.041147524683637846,0.2602504417237336,0.26025044172373357,0.6075817901562051,0.607581790156205,0.299998656184909,0.5238202251811095,0.4217010022089862,0.553610111115583,0.5358601331631779,0.5450277994449546,0.1481667830923421,0.399495735307833,0.35686366244810397,0.13889807063046833,0.4175684572727848,0.41996295017890134,0.2698835813612981,0.48872410665781274,0.3817778931085491,0.030694980087603217,0.11312783123099764,0.17058081967364197,0.03378703021145409,0.5780101333271471,0.5197577953680887,0.46703237676085924,0.5328960341216564,0.578010133327147,0.5197577953680887,0.46703237676085924,0.5328960341216564,0.5263139002217302,0.4730509921608156,0.44463207009228917,0.33805261103915746,0.5263139002217303,0.44463207009228933,0.07387131054897361,0.16382514218677535,0.36203667339469214,0.41775282657996093,0.3479290340546093,0.35413107698246443,0.2992565126579202,-0.09999990696634942,SELL,0.0,1.0
0.2190978422881411,0.22414664345339952,0.26088776327496244,0.2359104910739349,0.010035867920654567,0.0,0.0,PPM,2023-10-03 00:00:00+11:00,Financial Services,0.4429835438476295,0.4795221251172355,0.41749672695993406,0.3795041047186682,0.23938492953471746,0.5990524271780711,0.2187643565540125,0.5536731705787903,0.18100737515296417,0.5388403011488381,0.26686805738995023,0.5174327468595378,0.1405819365679215,0.5152483145794164,0.07432674733116751,0.5020110049419547,0.06116769751767528,0.06116769751767527,0.039093226831972874,0.039093226831972874,0.2524114261590975,0.2524114261590974,0.6066296500447195,0.6066296500447194,0.23076891270550093,0.4642344464541711,0.4435790559323822,0.5518633425297546,0.5369683976722263,0.5373513948682402,0.14355935148227572,0.3958680363019742,0.20785167611466693,0.13409339489310046,0.41690792869873106,0.3283923300931719,0.2702383044218717,0.48383611547176986,0.36237743699282177,0.02273555871435574,0.09980717990082878,0.2454506599269973,0.04346654251294409,0.5928477630416334,0.49372328866676246,0.42887437540288087,0.5051011208564749,0.5928477630416333,0.4937232886667625,0.4288743754028809,0.5051011208564747,0.36842077191687456,0.4457345290374389,0.3112434772470561,0.34582314662361613,0.3684207719168747,0.31124347724705625,0.05804176632632663,0.14328492148551875,0.30695508846146247,0.3840979489999693,0.3572208806985263,0.3727079359432411,0.29808722936732523,-0.07782104259875611,SELL,0.0,1.0
0.23770652414407745,0.23343199876046594,0.26088763185694885,0.24983649998939517,0.010197240988291431,0.0,0.0,PPM,2023-10-04 00:00:00+11:00,Financial Services,0.5221139549203779,0.5584934626738014,0.4021902855823447,0.3640206025318134,0.23840101564622196,0.6435271348418414,0.21718170265848835,0.5849956315756579,0.18049982302297773,0.5599901773533427,0.2643074991913381,0.5354846704802535,0.14158911955922404,0.5307660398841669,0.07373470398546011,0.5164618725655082,0.07725304818052461,0.07725304818052463,0.05163760628381085,0.05163760628381085,0.24023742065700926,0.24023742065700918,0.6031573799288672,0.6031573799288672,0.3749985301948373,0.5344377431911296,0.42534192381682623,0.5549388196145367,0.5385899834497272,0.5422839565476986,0.14124893867419397,0.3953232861985527,0.4387676635674488,0.1337129820010745,0.4164815998762176,0.44112302684424054,0.26982198782057853,0.47929817936103314,0.38806711128486804,0.02202401065686054,0.09797864964879364,0.2537628312556369,0.04455563924009806,0.6006172214310754,0.5249759225948811,0.4766674133161626,0.49490454392355443,0.6006172214310754,0.5249759225948811,0.4766674133161625,0.49490454392355443,0.35714095375542926,0.41464104007948854,0.4999985142990343,0.41671833914114814,0.3571409537554293,0.4999985142990344,0.010553448538757004,0.12706113104466432,0.36646244863759186,0.4473571786191504,0.4458037834561257,0.32548083551229906,0.29694133174254256,-0.07692301331032436,SELL,0.0,1.0
0.22374995861782931,0.247360382665743,0.2656079142337695,0.24519449701757523,0.016043757159259348,0.0,0.0,PPM,2023-10-05 00:00:00+11:00,Financial Services,0.4692072922260181,0.5058967549047862,0.4328031661094107,0.39486711283686243,0.23840101564622196,0.6296214352419769,0.2145439745228226,0.5802213529975095,0.18053794749805951,0.5530952459846026,0.26006963662781013,0.5328210179517859,0.14300797859498582,0.5245196776326995,0.07345964430626628,0.511958671102075,0.06978751554923904,0.06978751554923904,0.04921289987782472,0.04921289987782472,0.2370535031162252,0.2370535031162251,0.5897162640020086,0.5897162640020085,0.5,0.3489615170472423,0.47543862385678237,0.5566524976891558,0.540296784995001,0.5431028044241342,0.1363818278856226,0.39528739964385107,0.39277128679355205,0.13370783634838057,0.4165440941876327,0.4043727618772395,0.26773364085939644,0.47406303494201674,0.38500545266203845,0.025164940338318825,0.09838149519059776,0.3598367062117608,0.06928590484278048,0.60826892095022,0.5144794579789452,0.48631365519413927,0.4556297133556476,0.6082689209502199,0.5144794579789451,0.48631365519413927,0.45562971335564767,0.2857131833971377,0.3340759570437916,0.4499990482737038,0.4185131980321233,0.2857131833971378,0.44999904827370396,0.005276936809371302,0.12367096187733562,0.41879079208899,0.4923509608425767,0.4192380246386388,0.3711259404993949,0.2958183520702552,-0.07335904611448385,SELL,0.0,1.0
0.24701092983394557,0.23807474180159638,0.26088763185694885,0.24983649998939517,0.022798873863226137,0.0,0.0,PPM,2023-10-06 00:00:00+11:00,Financial Services,0.4954816650811945,0.5321188328862505,0.37157740615648027,0.3337627655518577,0.23938490309110616,0.6407374112447983,0.21243378350722764,0.5935567570118676,0.18224356316753365,0.5579002811394278,0.2546191661461288,0.5419189909066177,0.14500865557743436,0.52866441163872,0.07270810184313814,0.5171489682811935,0.07195412792340278,0.07195412792340278,0.05221649760051224,0.05221649760051224,0.2260791202729323,0.22607912027293228,0.5791670417755375,0.5791670417755374,0.45454434394225934,0.3935332709807133,0.5139394544283816,0.5598321418940606,0.5424220941466056,0.5471242909831686,0.13012392205817758,0.39728692924055387,0.5098650962728009,0.13167093020027543,0.4209725759310988,0.42474161891745976,0.26299738743202083,0.470663931896097,0.3968895620499341,0.037368480333951876,0.08788346062358272,0.38985683831443674,0.10328856557544744,0.6159794999045132,0.5197577953680887,0.5166835033324199,0.42962916791115996,0.6159794999045132,0.5197577953680887,0.5166835033324196,0.4296291679111599,0.35714095375542926,0.3302989130731914,0.4999985142990343,0.4816378549651966,0.3571409537554293,0.4999985142990344,2.511308471175866e-07,0.1243655565838947,0.395871432148035,0.4669021608172198,0.4651106675450879,0.36182719522866863,0.29471783199141377,-0.07692301331032436,SELL,0.0,1.0
0.23770652414407745,0.23807474180159638,0.26088763185694885,0.24983649998939517,0.014235409895109175,0.0,0.0,PPM,2023-10-09 00:00:00+11:00,Financial Services,0.4823191664152124,0.5190077938955185,0.4021902855823447,0.3640206025318134,0.23938490309110616,0.6407374112447983,0.21032359249163268,0.5973807791017183,0.1794008449178257,0.5613098422338847,0.24840819508505163,0.5460746577892176,0.14609863335488527,0.527995844631493,0.0723712596376982,0.5173745826518549,0.06978751554923904,0.06978751554923904,0.05221649760051224,0.05221649760051224,0.08697925053958383,0.0869792505395838,0.5755603283437587,0.5755603283437586,0.5555555555555556,0.336806066790961,0.5674218426158074,0.5628478839140563,0.5448430402173091,0.5499650993186107,0.12090916229743831,0.40182313193248054,0.5913764562610396,0.12304725933762883,0.4244521481190088,0.4369369494899978,0.2562152329120948,0.4690427430459694,0.40129873347649225,0.0418519630181266,0.05873566626073774,0.22870214277929382,0.07664082531548637,0.60826892095022,0.5197577953680887,0.4369475221868126,0.4137900176931003,0.6082689209502199,0.5197577953680887,0.4369475221868126,0.4137900176931004,0.35714095375542926,0.3302989130731914,0.4999985142990343,0.4816378549651966,0.3571409537554293,0.4999985142990344,0.0052765901256758285,0.12085941326709149,0.4046108771006567,0.45581157395820526,0.39489207301151275,0.4228677698888968,0.29363932231414924,-0.09230757462410011,SELL,0.0,1.0
0.22375008965951526,0.23807491887722454,0.2608878077654353,0.23126848810211476,0.015577011454313798,0.0,0.0,PPM,2023-10-10 00:00:00+11:00,Financial Services,0.4298716696584352,0.4662577418457339,0.38688384364120015,0.3485973473792892,0.23840101564622196,0.5879043364423828,0.2087409811314207,0.5620022079150402,0.17883230890805946,0.53456504881085,0.24248466482193054,0.5279956172498043,0.14701390089499533,0.5059784689069282,0.07186684910269281,0.4989472966243699,0.08727944925683048,0.0872794492568305,0.03970802317318163,0.03970802317318163,0.006362895671003899,0.006362895671003871,0.5742645484112228,0.5742645484112227,0.3846153846153846,0.319893685568437,0.3149464621506699,0.5605959815677385,0.5462416398992708,0.5401412581295625,0.12384383254111686,0.39677871408897114,0.1195679351226821,0.12389383235147755,0.4228245374075871,0.254415705273158,0.2514348713875889,0.46475191779257896,0.3759066482672884,0.04602636150895004,0.06009320794399693,0.23247129390705742,0.0829895281396793,0.6004983381116822,0.524730861344813,0.4754428700430929,0.41779976218230175,0.600498338111682,0.524730861344813,0.4754428700430929,0.41779976218230175,0.07142987232226303,0.25854620602495215,0.3000005812648365,0.43147441605355435,0.07142987232226317,0.30000058126483664,0.0,0.06042974844981597,0.3425261245388829,0.40445930709951894,0.3858205314907476,0.24736413574236915,0.29258238283043003,-0.08593755167273465,SELL,0.0,1.0
0.22375000195978267,0.23807482965307136,0.26324789493916434,0.24055249404575507,0.04272711129345859,0.0,0.0,PPM,2023-10-11 00:00:00+11:00,Financial Services,0.508952656603276,0.545485048673026,0.4174967264007466,0.3794438576843377,0.23643324075645378,0.6212651100931739,0.20715835559277118,0.5839895747525923,0.17883230890805946,0.5482791815987784,0.23839471692642977,0.5417719891089686,0.14809931262378795,0.5160472186609626,0.07136647317375999,0.5086628504187779,0.07290621007459538,0.07290621007459538,0.039893696677850435,0.03989369667785046,0.009869151260739839,0.009869151260739811,0.5649804760510531,0.5649804760510528,0.42857142857142855,0.34896196626854137,0.5025740109193803,0.5618999654439794,0.5476721442939776,0.5404478340950495,0.12113927317142514,0.3965721460094782,0.3856802797582466,0.12389383235147755,0.4228245374075871,0.34903234304508385,0.24905837288070432,0.46028657300839626,0.3953234572012235,0.07053261020720344,0.0722440192545677,0.44499565019761406,0.20911197486723987,0.5929070745804528,0.5248544018337288,0.4856326423903839,0.458596735046193,0.5929070745804528,0.5248544018337288,0.4856326423903839,0.4585967350461931,0.21428541303884616,0.21071106799279266,0.42105181468515973,0.40507255993910324,0.2142854130388463,0.42105181468515984,0.005276240337733218,0.0,0.40029949395571635,0.4444111224298819,0.483330043958086,0.356622085632971,0.29154658213638485,-0.0852712717999522,SELL,0.0,1.0
0.22840220856339255,0.3402152983864538,0.2656079616688516,0.36124581892857277,0.060993506822188424,0.0,0.0,PPM,2023-10-12 00:00:00+11:00,Financial Services,0.8258741227569856,0.845682804939995,0.8001581129299722,0.7634713227009051,0.2610306913146685,0.908350293292139,0.22034692537891232,0.8069168185710225,0.186507621441657,0.7165341311418005,0.2368473655926322,0.6866183030785821,0.15181057959555888,0.6529722882879068,0.0717479421697289,0.6303926702709431,0.5573405087056086,0.5573405087056085,0.47478340349495113,0.47478340349495113,0.33189617939477883,0.33189617939477867,0.6567102530773326,0.6567102530773323,0.8648658464743523,0.6966214253453179,0.7665523373612011,0.5966045641124241,0.5571102150709433,0.6173934381646102,0.1991804679009388,0.35067761240125206,1.0,0.15822555805823657,0.403446401870896,1.0,0.24617014302404083,0.46183164937101595,0.5966555035728286,0.10439532573081862,0.08434534207722456,0.45469972825647215,0.27908952278849525,0.801035467153873,0.6753789263127503,0.623731198615791,0.5232223586008132,0.801035467153873,0.6753789263127504,0.6237311986157911,0.5232223586008132,0.9999999999999999,0.4259722406297022,0.9999999999999999,0.5722862287441852,1.0,1.0,0.10025261542759917,0.08632805250909725,0.9379701644926279,0.963286001344092,0.631492588986826,0.48840029622888875,0.2407923481281834,-0.15492958812790547,SELL,0.0,1.0
0.3493596212520502,0.34021531707072283,0.33169143964604775,0.3194674178975434,0.0033415584595654383,0.0,0.0,PPM,2023-10-13 00:00:00+11:00,Financial Services,0.3742837510073934,0.4094417414363395,0.2644323158718097,0.23840796408364895,0.2757891880932086,0.7431007563742948,0.22878761854910512,0.7056972073802352,0.1893503244110144,0.651565887411264,0.2341975830886902,0.6387431834219858,0.1543422329333346,0.6031646678421823,0.07188795649166879,0.5880683549372491,0.6271855356902787,0.6271855356902786,0.5185487809419697,0.5185487809419698,0.3439215743264123,0.34392157432641224,0.6657380590520838,0.6657380590520836,0.6744193750414086,0.5823972437980206,0.6655710079326898,0.6124142397137594,0.5684388507804707,0.6355600887828307,0.21697530777065732,0.34888778823169453,0.7315284370704332,0.16681162078519152,0.4000007907250175,0.7446968513939689,0.24216886076972166,0.46294138347870284,0.5301493089710176,0.08973723438863686,0.07372774887352022,0.03330945606539823,0.01773025343180226,0.723484213786561,0.6269563649879422,0.5352360784766205,0.49623912820361765,0.723484213786561,0.626956364987942,0.5352360784766205,0.4962391282036177,0.6896554875016027,0.6329849157333675,0.6896554875016027,0.702597094417727,0.6896554875016028,0.6896554875016028,0.1371878733939424,0.08201155088227197,0.7955011361913725,0.8789243810357112,0.5853507231129166,0.5545653455283701,0.24336577050912067,-0.15272735197928933,SELL,0.0,1.0
0.33075094334791677,0.32164447811039365,0.2797688236595315,0.30554140898208293,0.02458199614475398,0.0,0.0,PPM,2023-10-16 00:00:00+11:00,Financial Services,0.4451291279435376,0.48168775039149136,0.2797387442473793,0.25076984428209503,0.2875960225370966,0.6697885002609123,0.23511816323901513,0.6657722846713223,0.1916244990107807,0.6283228693080354,0.23077473190020115,0.6245688181327934,0.15595634370925993,0.5860968786864016,0.0720538210980648,0.5738782537323742,0.6384620494395542,0.6384620494395542,0.5261694338742275,0.5261694338742277,0.3470604044492169,0.3470604044492168,0.6661750343261514,0.6661750343261512,0.6444454133240322,0.6046638863414051,0.5705551823714458,0.6208974316340552,0.5795290633308299,0.6332690538877565,0.22638908000887636,0.35091901354128074,0.641640521084504,0.17184593919296454,0.3989020771579753,0.6626720153620539,0.23698736202057158,0.46439577600091875,0.5102945736819335,0.0975317940789486,0.06506425717856727,0.19717581959267008,0.1260799449671858,0.7004414442319105,0.605187099470552,0.5254659212953224,0.4780413759542246,0.7004414442319102,0.6051870994705519,0.5254659212953224,0.4780413759542246,0.5862082896980828,0.7575231874242685,0.5862082896980828,0.757829770526898,0.5862082896980829,0.5862082896980829,0.21633481317465958,0.13380829395207572,0.6114001975599961,0.6894239728883985,0.5731964648272091,0.46893429090696087,0.24840967908999712,-0.16544132105319842,SELL,0.0,1.0
0.2935331506220824,0.2845023641605967,0.27504842673871344,0.29625715351534376,0.009933464514379826,0.0,0.0,PPM,2023-10-17 00:00:00+11:00,Financial Services,0.45725168042074515,0.493897707181028,0.37157740418671104,0.3348751876086918,0.30137057898353015,0.6057696544822662,0.2419762166921211,0.6345979631652783,0.19276158631066398,0.6133308693254966,0.22795189431735752,0.6154776033862618,0.1572347207242073,0.5746038926981221,0.07215185035753668,0.5644281018612972,0.627358740355064,0.627358740355064,0.5227742856274968,0.5227742856274968,0.34797915869066937,0.3479791586906693,0.663125007390658,0.6631250073906578,0.6086961602349233,0.567129414957693,0.5600110009426172,0.6248199737453662,0.5893386382205454,0.6209632628785462,0.23087930445462668,0.35801634410463334,0.5800475639532772,0.17422231677722566,0.3984799363163699,0.6148558978802678,0.2334092215952337,0.46446500596132134,0.49722070377926375,0.09328025038840027,0.0594113922499178,0.08577769519664641,0.05385530002572034,0.7174830783376223,0.6113596706721042,0.5053995342173498,0.4911173362827597,0.717483078337622,0.6113596706721041,0.50539953421735,0.49111733628275966,0.5000005936142989,0.5900985254161719,0.5172416376187542,0.596382656410962,0.500000593614299,0.5172416376187543,0.25327038007202146,0.15970675379611587,0.5317099548488757,0.5982858260400992,0.5752983606033285,0.5290599815676467,0.25325183132763895,-0.11851848607514592,SELL,0.0,1.0
0.2609677322292647,0.2566459077447959,0.2844889084393638,0.25447862772276486,0.0,0.0,0.0,PPM,2023-10-18 00:00:00+11:00,Financial Services,0.3686815795234809,0.4036628222533115,0.3409641576771079,0.30418965982146295,0.3043222677617936,0.4788929144140437,0.24250376799062945,0.549650140643567,0.19219303502054674,0.5528649228307865,0.22357031765570712,0.5685041797389593,0.15824418788306582,0.5259270710374473,0.07159372468529113,0.522587842144615,0.6778694413577223,0.6778694413577223,0.5568359912521268,0.5568359912521268,0.37117917041401866,0.3711791704140186,0.6728313574501832,0.672831357450183,0.5090910690166751,0.4993921014003452,0.45906109210089274,0.6161910760384609,0.5951241735390986,0.5822958150146215,0.23078619499573994,0.35893850365409974,0.4009358412736874,0.1739098674830657,0.397899641661564,0.43731994034126875,0.22898275911057397,0.4627390974047516,0.42853832150771176,0.06109195065979281,0.05417355227287059,0.007762576024764497,0.002105871046427154,0.6314905228211314,0.5462312579491828,0.4756363243950452,0.4531686154635388,0.6314905228211313,0.5462312579491829,0.4756363243950452,0.4531686154635388,0.17857174200804307,0.4189622755441392,0.2068963371208972,0.4349352787672476,0.17857174200804327,0.20689633712089728,0.2796527854327749,0.17697234152458274,0.455664770961325,0.5109632398415771,0.6052185771375956,0.4896606331678886,0.2579002974757748,-0.0996168621829372,SELL,0.0,1.0
0.23770661150256633,0.22878934290018893,0.26560795820957495,0.24055249404575507,0.01383231133174711,0.0,0.0,PPM,2023-10-19 00:00:00+11:00,Financial Services,0.4431339064906386,0.479673937170946,0.37157740394554095,0.33353001317313746,0.2787409297586949,0.5056136309197821,0.24197623087055886,0.5225580658951336,0.19048740407072207,0.5344788174570854,0.21871986498024132,0.5551207115384224,0.158667273333033,0.5096589482714728,0.0709019474453727,0.5089720702114776,0.11950561957384936,0.11950561957384938,0.5601468785143553,0.5601468785143554,0.37353296139786446,0.3735329613978644,0.6737368985073198,0.6737368985073193,0.5185183341811012,0.4746947763970928,0.459060873395024,0.6054841624188317,0.597193875216983,0.5465899525272717,0.23111419801050048,0.35781485250502776,0.3449813625079801,0.17331038890947625,0.3958534801571335,0.3847351377964763,0.22439548299933,0.4603197581585923,0.4083456369894983,0.025563251198236107,0.05678850239047899,0.30944519429111095,0.07542481361695574,0.42543943773153403,0.5354913341262368,0.45575768321168,0.44168318994066913,0.42543943773153386,0.5354913341262368,0.45575768321168003,0.44168318994066913,0.07142911142935517,0.24658861103630014,0.10344821254555296,0.2734875911866204,0.07142911142935526,0.10344821254555314,0.26909972344134864,0.16402303952302566,0.3857114832858335,0.42677081372208875,0.5550593416875892,0.4852374241497623,0.3694634850310369,-0.09689926720179842,SELL,0.0,1.0
0.22607624687924188,0.22878943144324249,0.25144732891257027,0.23126848810211476,0.03677718939902565,0.0,0.0,PPM,2023-10-20 00:00:00+11:00,Financial Services,0.455892135262157,0.4925305391180112,0.37923044020344643,0.3409304594300791,0.2600468832006184,0.528437255166267,0.23986608239027585,0.5074927476253499,0.18821323711113114,0.5235267446055365,0.21218793257337643,0.5484158017927249,0.1590857927343432,0.498735521894464,0.06998283847581765,0.5001919867458559,0.09856186493611069,0.0985618649361107,0.5611110245799523,0.5611110245799523,0.3745317655118339,0.37453176551183387,0.6640464036235068,0.6640464036235065,0.4814816658188989,0.4512156523913903,0.43384597598288577,0.5945474399497427,0.5962359905133217,0.5174975351959655,0.23246853424700675,0.3532839381671449,0.3198461949658846,0.17285636212444744,0.3928132693203116,0.3559135963953231,0.21613331903693078,0.4604514830800459,0.39621932835461493,0.050751851075785406,0.06914690326172303,0.49747015021306473,0.183384021419434,0.47029026105335425,0.5194333969745776,0.44579949730684876,0.4052002204854962,0.47029026105335414,0.5194333969745776,0.4457994973068487,0.4052002204854962,0.06666664923459774,0.10148686041853848,0.06666664923459774,0.1228034451707389,0.06666664923459786,0.06666664923459786,0.27965265781734167,0.16833933593785944,0.3617631342255877,0.4013044605022028,0.4949170287156829,0.4037829709381214,0.3670675396518558,-0.10156249425858499,SELL,0.0,1.0
0.2190978422881411,0.21950389990734587,0.2278460885064708,0.2359104910739349,0.02026785590487609,0.0,0.0,PPM,2023-10-23 00:00:00+11:00,Financial Services,0.4956359115092442,0.5322721771670201,0.41749672695993406,0.3795041047186682,0.2452883864220783,0.5825958039618242,0.23828347103006386,0.5195669832870278,0.18622333815642333,0.532679642697105,0.2062685902784489,0.558086506223821,0.15958938422999447,0.5037696849621163,0.06919334464472437,0.5054125666124484,0.134474552432738,0.13447455243273804,0.5616580996438808,0.5616580996438808,0.3750705723851851,0.37507057238518493,0.6638849078651721,0.6638849078651718,0.034482439043829916,0.48267767729696087,0.44319811662091624,0.5873839504835288,0.593757759825437,0.502888360002617,0.23312802047858927,0.3501913915355277,0.3475983564474596,0.1720167211475505,0.3905528216179447,0.3830570575044003,0.20862731842782156,0.46060125299839827,0.40892776885069143,0.047501810646918496,0.06378657542284523,0.29251261945867535,0.10505892902663508,0.49813668219111396,0.5247929403601703,0.45077859025926437,0.41837127646168354,0.49813668219111384,0.5247929403601704,0.45077859025926437,0.4183712764616836,0.22857130905597503,0.11822920152262698,0.22857130905597503,0.13005212678901545,0.22857130905597522,0.22857130905597522,0.3060351343043349,0.1683392343792709,0.33478372354265096,0.37269588125777503,0.4764411670716838,0.3885603967901505,0.3618390582742702,-0.10894943872278395,SELL,0.0,1.0
0.21909788613734382,0.2195039440092602,0.25144732891257027,0.23126848810211476,0.001800829885222988,0.0,0.0,PPM,2023-10-24 00:00:00+11:00,Financial Services,0.4690542369134907,0.5057434106240172,0.4021902855823447,0.3640206025318134,0.23151382997564474,0.6072513233170147,0.23828347103006386,0.5102057415804422,0.18537053414177396,0.5268569947071178,0.19745514773225858,0.5585607141731305,0.15951115549250394,0.49848170412217985,0.06830613513402573,0.5013018890247308,0.1387216852949003,0.1387216852949003,0.5558501801526513,0.5558501801526513,0.3677325132524603,0.36773251325246015,0.6261290371119328,0.6261290371119326,0.04761862100917128,0.44924929235016586,0.4355641624253239,0.5807059011364966,0.5901792623021169,0.49231577249614833,0.23312802047858927,0.3501913915355277,0.3291313746660187,0.17221318111089912,0.38908137262543996,0.36832814098439476,0.1904554623075536,0.47220020185605227,0.4023483902854257,0.041375122623742225,0.055111289742454814,0.03874410598443423,0.011732460281914854,0.5047177156037577,0.5408715705169488,0.4704069973887461,0.3607485285626817,0.5047177156037577,0.5408715705169488,0.4704069973887461,0.36074852856268164,0.20000016472297585,0.16128118291858937,0.20000016472297585,0.16234164315164357,0.200000164722976,0.200000164722976,0.3007586724931342,0.1597064406746358,0.3624563693317639,0.40391551032477147,0.45983184924342657,0.32839248232376034,0.3529789631998125,-0.09374997047272304,SELL,0.0,1.0
0.20514132682082753,0.21021850832753575,0.2325664225897479,0.2127003514532848,0.008251242163341284,0.0,0.0,PPM,2023-10-25 00:00:00+11:00,Financial Services,0.42905182812941534,0.4654266441280823,0.386883842974718,0.34835350167781604,0.22265879008446565,0.5761184426165369,0.23511823413120214,0.478119955954716,0.18281210681747506,0.5025100906327087,0.18862494071158142,0.5420714792114877,0.15992055422876916,0.4769018429173433,0.06721945783490502,0.4832088500390649,0.05467642201047209,0.054676422010472084,0.5599478938723219,0.5599478938723219,0.37102411199019153,0.3710241119901915,0.6267920479574847,0.6267920479574846,0.04545410121652367,0.42679717886010676,0.44319853216589244,0.5706556035358449,0.5849146550888877,0.47611375525092836,0.23623626620205251,0.34247126530265604,0.2795004825143292,0.17314368917581957,0.38435874530493497,0.3090306858553957,0.17338007025076796,0.48198208613372073,0.36483040021909907,0.04759116316209741,0.0537774901998148,0.1246915266130712,0.04669972362370021,0.5394050648042751,0.5084648865232633,0.44030545259321135,0.35784327898454527,0.5394050648042749,0.5084648865232633,0.4403054525932113,0.3578432789845452,0.0857148194939615,0.1676594574261526,0.0857148194939615,0.16871185308937361,0.08571481949396154,0.08571481949396154,0.29548208646718704,0.16402269576939288,0.3272116108257098,0.35181751338525746,0.40819869273358245,0.34777935166804524,0.34465047382982206,-0.07142867808088127,SELL,0.0,1.0
0.19118459777524577,0.19629015752683288,0.22784606384100115,0.19877409301472548,0.019442781804401475,0.0,0.0,PPM,2023-10-26 00:00:00+11:00,Financial Services,0.4417340755999469,0.4782603506204416,0.3868838445259742,0.34816549664686425,0.21380372374967482,0.5587234359473774,0.2166542506090421,0.4813492773385486,0.17996940384811788,0.4852563942618169,0.17856534869655372,0.5319688097315157,0.15999193732295414,0.46085851351656504,0.06583962893912099,0.4699895646621136,0.055505349166695535,0.05550534916669553,0.09362005889130738,0.09362005889130738,0.37260621980223024,0.3726062198022302,0.6236340821507549,0.6236340821507549,0.043477854420994506,0.39741049495444447,0.40205931697127006,0.5593539459839685,0.5780021114829847,0.4602785495030953,0.20260838312390095,0.34184114276824884,0.24979645964250027,0.17527920844310874,0.378115903115415,0.2764010356731288,0.15029197654169835,0.49903721830458947,0.3257285970913768,0.05181778882728599,0.05726982033212173,0.26313355400284644,0.10488171095451009,0.5386041153374861,0.3691380222421432,0.43488008317039506,0.33321360152850243,0.5386041153374859,0.3691380222421432,0.434880083170395,0.33321360152850243,0.0,0.09112241823230119,0.0,0.09227158588247154,1.1102230246251565e-16,1.1102230246251565e-16,0.2849291585523273,0.15538990123929097,0.313508481420241,0.3232620432076941,0.41502122637497596,0.33598843509605153,0.3368216938220313,-0.05220883404091625,SELL,0.0,1.0
0.19583680102850143,0.19629015752683288,0.22784606384100115,0.19877409301472548,0.001412264921120143,0.0,0.0,PPM,2023-10-27 00:00:00+11:00,Financial Services,0.4823191664152124,0.5190077938955185,0.37157740346960294,0.3324367261469707,0.20691643230465284,0.5782919509157498,0.20293814370282992,0.5052092781046913,0.17712670087876092,0.48853171526700123,0.1695704625333634,0.5381747072593187,0.1598149452045119,0.46096118416946075,0.06458739879033204,0.47079931874085756,0.06318881134051671,0.06318881134051671,0.0681321629295583,0.0681321629295583,0.37260621980223024,0.3726062198022302,0.6205944896530524,0.6205944896530523,0.0714280229294569,0.39741049495444447,0.41666408121625775,0.5510293882903615,0.5704826828505624,0.4544469231715594,0.18065004493416725,0.338780160666041,0.2814011541147204,0.17687865596895302,0.37235747694343846,0.2942557965393464,0.1297200054628278,0.514169377287689,0.31584399156409637,0.025175763319030636,0.054876103797555406,0.046121546064175234,0.009666991046697633,0.5536617374249502,0.40912290416958513,0.43488008317039506,0.35275316654199085,0.55366173742495,0.40912290416958513,0.434880083170395,0.35275316654199085,0.0,0.024152418762986804,0.0,0.025386262015753,1.1102230246251565e-16,1.1102230246251565e-16,0.2743762306374676,0.15538986686416378,0.33145815940061696,0.33875588459182104,0.41502122637497596,0.3558981459677942,0.3270096210241292,-0.07228916312875222,SELL,0.0,1.0
0.19583676881904544,0.19629012512674449,0.1995245972806059,0.17556382863252606,0.008995295624267369,0.0,0.0,PPM,2023-10-30 00:00:00+11:00,Financial Services,0.41386287119781284,0.4499923113135266,0.2950452011431923,0.2534770351848631,0.19412576330310327,0.5431826094921757,0.18816693419960195,0.4828992817178539,0.172578374599754,0.4593675181170467,0.1607067181625732,0.5156583439831196,0.1598749211796422,0.4342561791317112,0.06303798426194596,0.44823156882652293,0.06494302868445861,0.06494302868445863,0.07718722775803287,0.07718722775803287,0.37891970645527345,0.3789197064552734,0.6209227439047436,0.6209227439047436,0.062499475069584774,0.39098747609262524,0.3814719739394792,0.5387510349652546,0.5615328724152184,0.44070222389316704,0.16125783087996104,0.33183314835192323,0.20998308009868005,0.18022707668634097,0.362430745252866,0.24661270401630755,0.11233056894732396,0.5243936152477844,0.2335011474820769,0.01668362476725872,0.05520433118312791,0.2625619392967402,0.05026159302555458,0.5072502998125457,0.3974233502922362,0.4047408407074877,0.35180693148530173,0.5072502998125454,0.39742335029223613,0.40474084070748767,0.35180693148530173,0.02439022480993174,0.0036178953082988954,0.02439022480993174,0.004877702024725278,0.024390224809931915,0.024390224809931915,0.2954820887390975,0.1726553542255682,0.30761975864944124,0.30046196613061427,0.42723646029978224,0.32494188571458676,0.3179825140500593,-0.049180259251369374,HOLD,0.0,0.5
0.18188010998578386,0.18932601543728922,0.21368526457367443,0.194131965281356,0.005267009782114618,0.0,0.0,PPM,2023-10-31 00:00:00+11:00,Financial Services,0.5382062120748857,0.5743315010815664,0.4021902855823447,0.3640206025318134,0.18625455796958557,0.6238214844188872,0.17656098995211011,0.5426778767618037,0.17001993199510457,0.48987705816869487,0.15216394353871188,0.5445786687770343,0.16052356074476526,0.45521760394512345,0.061688037521982375,0.46796065227875727,0.14795523357285828,0.14795523357285828,0.13139974885673378,0.13139974885673378,0.38459699199432834,0.3845969919943283,0.6238907956693351,0.6238907956693348,0.2777767823547329,0.40839167585298264,0.40907197588160893,0.5350009486378339,0.5534768325132664,0.4492905652578779,0.13191023685752223,0.33848043647039905,0.3211395894059353,0.18134920580010183,0.357534938250324,0.3185760274244638,0.08798018110336803,0.5465905059906568,0.2603366801628072,0.019294857636902838,0.05300378933814466,0.15019657944073628,0.03073146370621209,0.5458605913995471,0.4273274164568828,0.43959969867101584,0.36065741261953405,0.5458605913995471,0.42732741645688277,0.43959969867101584,0.36065741261953405,0.12195086475247685,0.044453108414588806,0.12195086475247685,0.04566128385873947,0.12195086475247707,0.12195086475247707,0.30339689125431596,0.18776275112381802,0.34608408558649306,0.349065029424794,0.3262522062687203,0.35200883020390067,0.304939179309497,-0.08870963109884,SELL,0.0,1.0
0.20048907204865718,0.21021845657527793,0.21840565292754333,0.23126848810211476,0.004036665431032308,0.0,0.0,PPM,2023-11-01 00:00:00+11:00,Financial Services,0.5922911951677826,0.6270281623339761,0.46341605334692365,0.42693768985306146,0.19019013419273323,0.7278999527380066,0.1739232901733192,0.6259971362259573,0.16888285997557206,0.5464260029497521,0.15156392573249589,0.5911027461125976,0.1616044132842629,0.49723401141721824,0.06064132889386298,0.5064018536810225,0.23229659919010645,0.23229659919010642,0.17122679024331083,0.17122679024331083,0.405134663290273,0.4051346632902729,0.41995110995869905,0.419951109958699,0.48000021501099244,0.20534366036836316,0.49521036891913317,0.543080255449063,0.5489627845501549,0.48332596332181743,0.12328347696461628,0.3416699830330632,0.6234253230150593,0.18062112871830038,0.356467631551591,0.43623035890337275,0.08786467798566622,0.5455563109741037,0.4152221846557407,0.016119822981341052,0.050161053423362315,0.13129172174897663,0.024520161408337245,0.6399681750883411,0.5141763850414016,0.465409861819928,0.5441489380402132,0.639968175088341,0.5141763850414017,0.46540986181992805,0.5441489380402132,0.3170734556809785,0.15062506676322818,0.3170734556809785,0.15169900038830775,0.3170734556809788,0.3170734556809788,0.20842039376528504,0.209344862711226,0.4042391148875662,0.4239388890182333,0.06640365369407217,0.38019550077694736,0.2932001780429908,-0.10546880864445285,SELL,0.0,1.0
0.1958366797992488,0.19164729261346347,0.20896498716479073,0.18484783457616638,0.003986549571517753,0.0,0.0,PPM,2023-11-02 00:00:00+11:00,Financial Services,0.3491499259265445,0.38343783339748455,0.3256580882459463,0.2850609115697064,0.18723841897085847,0.5919534850991863,0.16759277384028404,0.5393883654872933,0.16518733771121497,0.4816638463135663,0.1501614856592437,0.5344522146281775,0.16133778530927545,0.4440863006893616,0.05935114737710889,0.4600258049058704,0.3248321753941686,0.32483217539416853,0.23856353583313977,0.23856353583313977,0.4349014953808284,0.43490149538082834,0.43444888943987153,0.4344488894398715,0.3529409439762604,0.20066119293994938,0.4068458167299214,0.5373633387971505,0.543985323653252,0.4788729764314147,0.11711739867933413,0.33685261941953115,0.286243803956888,0.1815588811786335,0.3500131966519121,0.30985258373961266,0.0893475834041757,0.5402887677260757,0.2365952162202335,0.004475931767399039,0.04459737569177892,0.20312339378272204,0.02519932087577969,0.5842077696923795,0.47605776703976643,0.4196541653590708,0.5215552833131554,0.5842077696923794,0.4760577670397663,0.41965416535907085,0.5215552833131555,0.08108044049119376,0.1696077696992388,0.07317021702035142,0.16801231483846887,0.0810804404911939,0.07317021702035165,0.1978676752606608,0.23524342345113458,0.33834887109671585,0.3641074726123867,0.03738550101052518,0.34837885819556985,0.2826350769031355,-0.04065031679175479,HOLD,0.0,0.5
0.19118466500431386,0.21021845657527793,0.22312589235397584,0.23126848810211476,0.005972975189809641,0.0,0.0,PPM,2023-11-03 00:00:00+11:00,Financial Services,0.6209018078151013,0.6545777543935525,0.4940289372292135,0.459151237841512,0.19412571041588067,0.7160603421475145,0.16759277384028404,0.6379937758336041,0.16405026569168246,0.5522450666251095,0.15062617790543475,0.5917830270525196,0.16092839343237264,0.497636705808975,0.05817683817885566,0.5080508592009415,0.40188085552967173,0.4018808555296717,0.3193082507465096,0.3193082507465096,0.46948226327220305,0.469482263272203,0.4537386651534117,0.45373866515341166,0.5499996976414013,0.3446496307555795,0.48378642325515453,0.546427225925757,0.542169432828055,0.5092528580786805,0.11711739867933413,0.33685261941953115,0.6703033193299398,0.18065355695702845,0.34910605760789093,0.4496771390461526,0.08918911925809891,0.541492844011995,0.41961422193990294,0.00791172474894775,0.03683323320008443,0.24700140801529416,0.03862834541649778,0.6644112479563665,0.5408715705169488,0.465409861819928,0.5735010341202735,0.6644112479563662,0.5408715705169488,0.46540986181992805,0.5735010341202734,0.44827622980828485,0.27887772732593225,0.3170734556809785,0.23326644953402298,0.4482762298082851,0.3170734556809788,0.14510309772650304,0.2481926888077699,0.44589199204296187,0.44754566537170143,0.09812110175935881,0.3245314298255873,0.2731264858772656,-0.07031250410101064,SELL,0.0,1.0
0.21909773338980054,0.21021830413833198,0.20424478693160042,0.194131965281356,0.037077884556112974,0.0,0.0,PPM,2023-11-06 00:00:00+11:00,Financial Services,0.3757837740242779,0.4109874254570609,0.2797387657582398,0.2401525850369783,0.19806128663902833,0.5894119125544468,0.16284488304589817,0.5678988618360308,0.16063901907238365,0.5008369153609562,0.14862372002596702,0.5470683536433935,0.1585137562379093,0.45637917180050125,0.056571691210193675,0.47127807947959666,0.4329957058892027,0.4329957058892027,0.35280351844268637,0.3528035184426864,0.4869559795867345,0.4869559795867344,0.4540177855266114,0.4540177855266113,0.4888887296217725,0.30963525327186037,0.4320375465570315,0.5439960280677011,0.5401357151468194,0.5071597353719385,0.10914510779997477,0.33611159700831705,0.3899967642109925,0.18003956554882117,0.34448515918012734,0.351252804603117,0.08985580460764031,0.5363305169379349,0.28146676880530724,0.029067631673830596,0.04737366444677653,0.7411483637346361,0.21079930861750032,0.641007498101593,0.4920720380944016,0.42496375715815804,0.5061388722726953,0.6410074981015929,0.4920720380944016,0.4249637571581581,0.5061388722726953,0.21739059894237658,0.24549895050276993,0.12195086475247685,0.16801231483846887,0.21739059894237667,0.12195086475247707,0.13982649234184558,0.27409121433598016,0.3717669674336882,0.40435725745723283,0.07650427319606554,0.3041580782543109,0.2645687539539828,-0.052419357023639646,SELL,0.0,1.0
0.18188015944425162,0.1823618951650693,0.2042448363039886,0.17556382863252606,0.02258003461001258,0.0,0.0,PPM,2023-11-07 00:00:00+11:00,Financial Services,0.42733352149410697,0.46368408670947087,0.34096452304568686,0.3000887244551636,0.19412571041588067,0.5431827606524635,0.156514366712863,0.5399425545660821,0.15722776481290968,0.47702314717274263,0.1470607971795359,0.5250679141278164,0.1555104554534532,0.43674190619125786,0.054862775741248315,0.45344791144108265,0.43417894859682105,0.43417894859682105,0.35844228899053104,0.3584422889905311,0.4873482447249205,0.48734824472492044,0.4490691672893023,0.44906916728930224,0.44897965899959685,0.33835097142412646,0.4117135201743092,0.5376913818965182,0.5370020635138433,0.4965903465822552,0.10265198413234478,0.33157480431273845,0.2704916114500856,0.18128001586272502,0.3381885009267148,0.3125873991957734,0.0916502711847682,0.5302295120041249,0.22283452637477003,0.042110330220467895,0.05060513937176138,0.3548214225264666,0.12662154169585946,0.5760583834773733,0.47555141446298244,0.4240156776757121,0.5169327227646477,0.576058383477373,0.47555141446298244,0.42401567767571213,0.5169327227646477,0.05882345259250888,0.23804620430214526,0.02439022480993174,0.15169900038830775,0.058823452592508985,0.024390224809931915,0.12399697478040622,0.27409121589469876,0.30630043423379166,0.37541769868109076,0.06269981434632237,0.2723029216839957,0.25686679522302824,0.012295064812842371,HOLD,0.0,0.5
0.1632712982837754,0.17307635916605346,0.20424478693160042,0.194131965281356,0.0013997359562415042,0.0,0.0,PPM,2023-11-08 00:00:00+11:00,Financial Services,0.5382062120748857,0.5743315010815664,0.4634160454943975,0.4290005431594017,0.18625450508236274,0.6238216400428218,0.15440417569726805,0.5836815210910571,0.1543850542033769,0.5082218646004377,0.14566673724324186,0.5491545307658622,0.15309581825898944,0.4595206613280092,0.05344902917200223,0.4733120671541081,0.3924450704442149,0.3924450704442149,0.36615219163154267,0.36615219163154267,0.49184798379803546,0.4918479837980353,0.45076919576304414,0.450769195763044,0.541666456695206,0.39910602705918197,0.457143546956271,0.5386336262802206,0.5347203187459328,0.5047764152595882,0.09966486729387203,0.33076833719277676,0.45522081000319103,0.1805905784470878,0.3344983917878098,0.37220924405138367,0.09237559883354773,0.5262109065105369,0.2998344320088163,0.040123809865398624,0.03153503576815152,0.03331122699228127,0.011562739537952503,0.5458605913995471,0.5187523790050792,0.434683232919774,0.522081246219077,0.5458605913995471,0.5187523790050793,0.43468323291977407,0.5220812462190769,0.29411663759908,0.18642590777518875,0.12195086475247685,0.08644486569275366,0.29411663759908024,0.12195086475247707,0.1239969804303635,0.26545841812049886,0.33858055695392675,0.39505044487985813,0.08301109431374859,0.300230796111197,0.24993503236516912,0.008064649846744931,HOLD,0.0,0.5
0.18188010998578386,0.17307635916605346,0.21368526457367443,0.194131965281356,0.05220452148625597,0.0,0.0,PPM,2023-11-09 00:00:00+11:00,Financial Services,0.4823191664152124,0.5190077938955185,0.4021902855823447,0.3640206025318134,0.18822230641574222,0.6180405715730206,0.15387662439875993,0.5846746933591775,0.1441512990651299,0.5204439404292762,0.14168697869746083,0.5519719046545882,0.15059838627837818,0.4609737769658915,0.05178008146248869,0.47440205294597637,0.3204026033269423,0.32040260332694226,0.3615266789276155,0.3615266789276155,0.24189228421155062,0.2418922842115506,0.39742895569211895,0.3974289556921188,0.5,0.413663508181551,0.4448069918306792,0.5401379982478649,0.5332544361089766,0.5126161260414858,0.09923868016566284,0.3302916800964735,0.4595899524477048,0.15320806972810952,0.34371512901472323,0.3767322802094032,0.08901249298939717,0.5235742634764586,0.30644954461359264,0.07644862765233816,0.027479446475116923,0.5075717009618936,0.33907621191615345,0.6245052363387256,0.535275110462245,0.31900659562765654,0.4574605420234405,0.6245052363387253,0.535275110462245,0.31900659562765643,0.45746054202344044,0.33333213503293596,0.2252488988522769,0.12195086475247685,0.08644486569275366,0.333332135032936,0.12195086475247707,0.10289111646981824,0.24819290884614653,0.3684488650291696,0.41151252413526496,0.35659475065570245,0.31639967539046526,0.2436964457930958,0.01209686639759222,HOLD,0.0,0.5
0.18188012628820194,0.17307637543532228,0.18064360876697627,0.15235356425032642,0.027888139396929135,0.0,0.0,PPM,2023-11-10 00:00:00+11:00,Financial Services,0.35860118825134024,0.3932396105189079,0.26443232383371007,0.22017387685934964,0.17149603474743413,0.5356919339901034,0.14860119648430326,0.5046160993419184,0.1339175439268827,0.46919769606321204,0.13690898585283762,0.50312741184951,0.14758367380195914,0.41446671206896424,0.04980588016123355,0.43295358005015505,0.24119160980199325,0.24119160980199328,0.40332872165598704,0.40332872165598704,0.2490508429208908,0.24905084292089077,0.41062182247933016,0.41062182247933,0.31111116420021334,0.345142689395072,0.197984434438064,0.5305795938513038,0.5297974729079977,0.4934836094395227,0.10405147735679887,0.31774012337635804,0.18576604892563364,0.137876400922325,0.34204224191063604,0.24786997007443945,0.08936223242591224,0.5132745903005447,0.17507579632415882,0.09295832963653032,0.03880622050251013,0.23244562364579432,0.16842859651536005,0.4756515351497466,0.4849078724306803,0.3135533871908126,0.43500759158768965,0.4756515351497467,0.4849078724306803,0.3135533871908126,0.4350075915876896,0.0,0.20555188213051515,0.0,0.07828813198278911,1.1102230246251565e-16,1.1102230246251565e-16,0.10289111279864521,0.17049764967964032,0.23427043748921134,0.3518115814417241,0.34429252325031645,0.10727784013699171,0.23808171787822985,0.05857736209968656,BUY,0.0,0.0
0.1493147859877253,0.14521999712063638,0.12872094586661365,0.129143299868127,0.01545406054563809,0.0,0.0,PPM,2023-11-13 00:00:00+11:00,Financial Services,0.41099858990363936,0.44707389489434224,0.29504483158181016,0.24888977757591463,0.1577214783010008,0.5019468126737308,0.1433257685698468,0.4640858083095101,0.12311523749851871,0.4463689281432788,0.132262134800615,0.4772361942149278,0.14513709027207122,0.3890022041886827,0.047853493626792476,0.41041704500389364,0.21950717266741396,0.21950717266741399,0.40428486964481497,0.40428486964481497,0.25405630367103915,0.25405630367103904,0.4102613417974604,0.4102613417974603,0.35000026876374063,0.32366568781141913,0.2133741737776981,0.5175675976043841,0.5239223096299226,0.47024685350010587,0.11412385117173995,0.3006763970276908,0.14655303855700214,0.1262572444205845,0.33615194273363247,0.18677371261155823,0.09279920644211859,0.498221960053419,0.13040697035141646,0.07666810763328469,0.034594226003903286,0.15426168203507098,0.0972981021200149,0.4955317151555273,0.4837610748840013,0.30198991712095463,0.43574980600501256,0.49553171515552713,0.4837610748840013,0.3019899171209547,0.4357498060050126,0.21428536383176008,0.1788204023377991,0.1153844538990941,0.07609215120857936,0.21428536383176022,0.11538445389909424,0.15565589199965085,0.17481415098107533,0.10799005676771717,0.2616165924725321,0.30865073827966694,0.07914265583149782,0.22988808113489922,0.04273506040524988,HOLD,0.0,0.5
0.13303201243714713,0.13361307647951726,0.16648285317989076,0.1430694335451368,0.009110562101150844,0.0,0.0,PPM,2023-11-14 00:00:00+11:00,Financial Services,0.5260258007539004,0.5623502989339714,0.39453688251227503,0.3556756110052389,0.15083418685597838,0.566906782582909,0.13752280353531954,0.5048807941784059,0.11373429401509627,0.47891975103754314,0.1273236549822423,0.4980774835132199,0.14352526595015558,0.4060101418960367,0.04584335826060815,0.42594200484981715,0.24947578042171917,0.2494757804217192,0.39975773673097154,0.39975773673097154,0.2646697211345805,0.2646697211345804,0.4077164133749214,0.40771641337492126,0.2121207678831904,0.3727750906018889,0.2556959166981517,0.5122079106217883,0.5179413268390651,0.4692300219254818,0.11493640833590879,0.2907143714533449,0.2773285750133316,0.11113483449988704,0.3355838923210851,0.2450418295497219,0.0929760014462242,0.48787665413844516,0.19745732060055876,0.06652093397289599,0.03421450592374119,0.10511444691733375,0.05862873798800822,0.5509761359672571,0.4790633328326487,0.32497220368519336,0.4303225723806209,0.550976135967257,0.4790633328326487,0.32497220368519336,0.4303225723806209,0.3214281242862711,0.17483434765383876,0.20454525077147495,0.10371388975117181,0.3214281242862713,0.204545250771475,0.1530177120921012,0.11222632058579951,0.2445146495129367,0.31072398303740967,0.3546066027756388,0.1346563659480945,0.21464306905714492,0.059071800774538774,BUY,0.0,0.0
0.13070573952138909,0.14521987254970437,0.17120297487814518,0.15699556722214658,0.007403448873220073,0.0,0.0,PPM,2023-11-15 00:00:00+11:00,Financial Services,0.5254725529708446,0.5618050964598078,0.4481099693109414,0.41419538941705625,0.14296300796607175,0.6356340830358458,0.12908211036512673,0.5510271832858489,0.10776460479114802,0.5077163632320305,0.12391876123009249,0.5179491692988897,0.14208586769802434,0.422944283420726,0.04403067429137941,0.4413757922020597,0.23826807206305103,0.23826807206305106,0.36127040482268985,0.36127040482268985,0.25133866582524017,0.2513386658252401,0.4033180905823596,0.40331809058235957,0.3571426514558867,0.4167361403859737,0.2931685626796925,0.5129047016893906,0.5133230589782088,0.48232450262761584,0.09905475953073872,0.2908628767045697,0.37863580909977357,0.10359877012598928,0.33333625189528326,0.3162536281046855,0.0936517291778971,0.47984338921961966,0.2559028557576379,0.07104380727291719,0.03763075328724584,0.08218969157321207,0.0469827819113754,0.5438476295780404,0.453777980345878,0.37986874833167433,0.46841151905893486,0.5438476295780403,0.4537779803458781,0.37986874833167433,0.4684115190589348,0.42857079943302007,0.31834116051245737,0.315789084369596,0.2093220786788707,0.42857079943302023,0.3157890843695962,0.1582943007262197,0.07769498856715973,0.3304547589828427,0.35366113234031515,0.4196991479855495,0.17152721948417682,0.20153235867027608,0.024999966404517293,HOLD,0.0,0.5
0.14001025605871575,0.13593438653710643,0.16176249747039018,0.15699556722214658,0.031262774323774174,0.0,0.0,PPM,2023-11-16 00:00:00+11:00,Financial Services,0.4823191664152124,0.5190077938955185,0.4174967251804415,0.3806054405956439,0.13509182907616535,0.6598870239998895,0.12591685928782792,0.5570353695602133,0.10264772722202431,0.5140059159648798,0.12097017118603537,0.5200122168269269,0.14006693109385315,0.42409190542653996,0.042217990322150456,0.44253363640686405,0.23826807206305103,0.23826807206305106,0.3144864787333512,0.3144864787333512,0.24999923957084003,0.24999923957083994,0.40210447517564846,0.4021044751756484,0.41666629338302485,0.4167361403859737,0.34082641529079816,0.5145099740457418,0.5100120709320969,0.494886301085672,0.09680525798907502,0.28773911766143945,0.39632135191018847,0.09775189333200696,0.33085612498359607,0.330612360351095,0.09457113313728494,0.47234320997125634,0.26807299210137286,0.05526742515625678,0.04567386593121532,0.39744300922655607,0.18007108926584717,0.5438476295780404,0.5068839189574689,0.3939237327299939,0.4798530392601406,0.5438476295780403,0.5068839189574689,0.3939237327299939,0.4798530392601406,0.42857079943302007,0.3900945789577652,0.3749995055262935,0.2961441912146874,0.42857079943302023,0.3749995055262937,0.1635708893603382,0.06042940060480306,0.3344903828351176,0.3466830504755056,0.3597308911570667,0.13836134626580415,0.19025714773756908,0.024999966404517293,HOLD,0.0,0.5
0.13070573952138909,0.13593438653710643,0.14288154265488062,0.15699556722214658,0.022489659010021337,0.0,0.0,PPM,2023-11-17 00:00:00+11:00,Financial Services,0.4823191664152124,0.5190077938955185,0.4481099693109414,0.41419538941705625,0.13607571652104955,0.6568376190204299,0.11747616611763512,0.5732030184621204,0.09809938566266685,0.5196351857136723,0.1187820775208035,0.5215470943941171,0.1371372907117756,0.42576083322703884,0.04050100655262967,0.44363251706231,0.1360379937299603,0.13603799372996028,0.22249320699609126,0.22249320699609126,0.24970245564992427,0.24970245564992424,0.3980595555623148,0.39805955556231476,0.2999998656179491,0.45121532907618134,0.3589817349496398,0.5168087257895013,0.5079126336878773,0.5065282287154099,0.07267536756852744,0.2949637562153744,0.4237765085799224,0.09270132708584367,0.32851903302471086,0.34426032549875774,0.09578173537884882,0.46591836849987556,0.27783811193601937,0.0512005013808739,0.039081028071689575,0.30573242736875883,0.13606449645736973,0.6166247360312216,0.453777980345878,0.4034766434363812,0.4995064810612775,0.6166247360312214,0.4537779803458781,0.40347664343638123,0.49950648106127743,0.42857079943302007,0.42597127389777933,0.3749995055262935,0.3531485844337019,0.42857079943302023,0.3749995055262937,0.15829454674556215,0.08201149330502644,0.3370432508901625,0.34376062540236807,0.3395566916742281,0.1314053611904083,0.1805604663354411,0.024999966404517293,HOLD,0.0,0.5
0.1446626206817767,0.13593454802110505,0.15232217945351212,0.13842743057331663,0.0025124750903296605,0.0,0.0,PPM,2023-11-20 00:00:00+11:00,Financial Services,0.42550066707390766,0.4618243806447853,0.3409641533824574,0.2979572702034543,0.13804351785442903,0.5903751830622479,0.11114566396303704,0.5442738679561605,0.0921296964387186,0.49794701415327647,0.11346814236327885,0.5017975991548457,0.13395015445202585,0.4060009153551811,0.038584554994686826,0.42574653042779576,0.11462889048361599,0.114628890483616,0.1930527248007351,0.1930527248007351,0.2530150632867143,0.2530150632867143,0.3452992152353364,0.34529921523533635,0.25,0.38829105543040565,0.3467373962466651,0.5145197073949914,0.5056860567650537,0.5053065292746076,0.06462638963022527,0.29176174727717663,0.3132597397309006,0.08694683881900578,0.32466148866999467,0.2812480876661031,0.09431265522866772,0.45748470099051297,0.23740468393749897,0.041451009337337835,0.03088798535140759,0.04965703912871559,0.018617154732468718,0.6253378667495142,0.47344445704921434,0.3782226236669898,0.4211532561397021,0.6253378667495141,0.47344445704921445,0.3782226236669898,0.4211532561397021,0.28571421919421863,0.378135787781894,0.26666662582830997,0.336720740220602,0.2857142191942188,0.26666662582831024,0.1556564367849253,0.08632799374968436,0.3465655460150763,0.3548530644432578,0.3176670493648084,0.17002823332440398,0.12099513772236825,0.05932210242111813,BUY,0.0,0.0
0.10744484513792907,0.11272068178151995,0.1381614243210636,0.129143299868127,0.01185290193378726,0.0,0.0,PPM,2023-11-21 00:00:00+11:00,Financial Services,0.4534282116725284,0.4900513995435105,0.43280316817268427,0.3981910903360697,0.13509182907616535,0.5690901763830039,0.10587023604858059,0.5337340675325419,0.08587573156971207,0.4910512827437705,0.10971713005218575,0.4926387802751203,0.12951657836693764,0.3976881392334237,0.036568368630963466,0.4174524050439302,0.0994469952453621,0.09944699524536212,0.18604909233156158,0.18604909233156164,0.2535380062608905,0.2535380062608905,0.3205840565349302,0.32058405653493016,0.3529409904746848,0.2928890936696015,0.32542188781243664,0.5112147996482793,0.5031149919663667,0.5019963066129897,0.06218256057652871,0.2854356210222224,0.28568871398259155,0.08161404063699584,0.31999156995879263,0.2622218126420436,0.0961378178062311,0.44687746718217336,0.2281288448047762,0.04351694016716472,0.035526413362693424,0.18685955427485074,0.07475737999784547,0.5829897089536195,0.4837610748840013,0.3726682300807058,0.45756214544728746,0.5829897089536193,0.4837610748840013,0.37266823008070576,0.4575621454472875,0.2142854491395222,0.30638239790186667,0.19999976846548417,0.27819621797275523,0.2142854491395223,0.19999976846548428,0.1398270808964664,0.07337883543490564,0.3121149021290661,0.33307123894395163,0.28689350674562897,0.1821081029639211,0.12206000407844442,0.06837616556220794,BUY,0.0,0.0
0.12605369582749026,0.12200620629191994,0.14760194006555438,0.13842743057331663,0.001964207587240435,0.0,0.0,PPM,2023-11-22 00:00:00+11:00,Financial Services,0.5114570531607772,0.5479641882475267,0.4021902855823447,0.3640206025318134,0.13115625285301769,0.611400901791785,0.09953973389398296,0.566703620666196,0.0813273900103546,0.5113531746929376,0.10627870315049259,0.5068066293127679,0.12574989689578597,0.4106301655811855,0.03458811633216885,0.4282751235543275,0.08193843804523607,0.08193843804523608,0.17001206965779225,0.1700120696577923,0.25369804439341714,0.25369804439341714,0.3220302128911288,0.32203021289112876,0.5714288456776021,0.38363001552246007,0.3502791937373544,0.5122565621057686,0.5013070993869713,0.5093297141202462,0.047668721451936014,0.2877797904903928,0.3836508217068322,0.07779558181313728,0.31654109610611547,0.3206207227976715,0.09709710224408052,0.4383148262639134,0.26633008684729886,0.03941930933022739,0.032625324199701,0.042765955483533256,0.014959713188734626,0.5749846991354179,0.47344445704921434,0.4021725848287693,0.4661401796394798,0.5749846991354178,0.47344445704921445,0.4021725848287693,0.4661401796394798,0.28571421919421863,0.2585469117859817,0.28571410545042153,0.2483368280621719,0.2857142191942188,0.28571410545042164,0.10816807783572974,0.07769523303888981,0.35963584750049754,0.37908403708745103,0.3009375527771657,0.1819096146749648,0.12310357310739917,0.050847386208975554,BUY,0.0,0.0
0.12605353671135777,0.13593438653710643,0.13344106524712562,0.15699556722214658,0.014793533517236264,0.0,0.0,PPM,2023-11-23 00:00:00+11:00,Financial Services,0.5401006876595712,0.576191207146252,0.4634164089090389,0.43120365801322674,0.13115625285301769,0.6721361493215756,0.095319394398105,0.6166789979752776,0.07876894740570517,0.5439728186635935,0.10362173347144554,0.5322744565182463,0.12331700236605414,0.433692366554989,0.032775432362939894,0.44860315370926906,0.13028005643138593,0.13028005643138596,0.19514234805995262,0.19514234805995267,0.2614783841962783,0.26147838419627834,0.32670821680432843,0.3267082168043284,0.6,0.30439106086724654,0.41119687502221647,0.5192443952417445,0.5015307300895724,0.5288508493381721,0.027918379032331853,0.2979853924367547,0.6642782899787409,0.07488383642232255,0.31529046058287713,0.4126386710760841,0.09721356449724405,0.4327142032751785,0.323419523204346,0.02701227212748968,0.030479975123170064,0.3188062626851629,0.09605742925335661,0.60826892095022,0.4959201111995823,0.43812072901072324,0.48730138651858695,0.6082689209502199,0.4959201111995823,0.43812072901072324,0.487301386518587,0.4285713019839307,0.3063825661808991,0.42857079943302007,0.3024818489021493,0.4285713019839308,0.42857079943302023,0.11344445061577019,0.09927731645362325,0.3905239731224297,0.4092987143714037,0.3231503890338019,0.23701523362203447,0.12412627075577454,0.06666676372028313,BUY,0.0,0.0
0.15396690496630328,0.1452199129448909,0.14288158185753952,0.12450117213475731,0.001869989771353073,0.0,0.0,PPM,2023-11-24 00:00:00+11:00,Financial Services,0.38288631535499223,0.4182966505884208,0.2644319593122941,0.2166070421171597,0.12426896140799526,0.5868539726071207,0.09215412914236887,0.5498272895963863,0.07422060584634793,0.4981542317321548,0.09862037532218104,0.49443182236446004,0.12095092945475816,0.39707595496164494,0.030980527642883393,0.4161697332166482,0.19951202264450124,0.19951202264450124,0.16974489346501598,0.16974489346501598,0.2807942920417357,0.28079429204173556,0.3220414157981603,0.32204141579816026,0.3157891758847994,0.31197783439678106,0.38603522908607824,0.5167726853897373,0.5011189481183029,0.5227450976415333,0.02816478153734181,0.29272038471482653,0.23241467149991335,0.07315602790352704,0.3099507909070359,0.2880843421263073,0.09681343722781932,0.42317895087077817,0.2513040749888377,0.011478526136554552,0.030691187672833922,0.08415883297912688,0.014604407238765856,0.5500212532234408,0.5058883106788835,0.4011670343690913,0.42687533844147085,0.5500212532234408,0.5058883106788834,0.4011670343690913,0.42687533844147085,0.2272717990345831,0.3107310418273327,0.17857058417687835,0.29531536514785695,0.22727179903458317,0.17857058417687854,0.1081679388435614,0.12949219926093836,0.3780960265594141,0.4053530282467354,0.38123124198841496,0.26414006160889353,0.12512851445118256,0.09442066967190055,BUY,0.0,0.0
0.10744477529826058,0.10807786796196794,0.11219998373136852,0.09664890478073773,0.01316209523717247,0.0,0.0,PPM,2023-11-27 00:00:00+11:00,Financial Services,0.39453072726299615,0.4302460437339443,0.3256580840587092,0.2785943830211729,0.1154138686295938,0.521880822510707,0.08846132676656193,0.49412534802322994,0.06938799628210734,0.45978234170507704,0.09283755995027132,0.4628620946752723,0.11782604419187859,0.36623087536481824,0.028854521781337183,0.3886781440808572,0.2214020231758048,0.22140202317580476,0.18190471706542277,0.18190471706542283,0.28669339842310854,0.2866933984231085,0.32967876275915015,0.3296787627591501,0.23999982799102115,0.2971141484164081,0.35214394647308367,0.5081940705037497,0.49873941448194675,0.503836751047687,0.03810862049261354,0.27829372658870377,0.08596598641929665,0.07668310244044352,0.29943129062626817,0.213693113634502,0.09800069879666795,0.4094709668875669,0.20077851434573912,0.019501375210717767,0.03261391563862427,0.34526695360163745,0.08445844805087245,0.5321097149442212,0.4991857572270707,0.39404896557195734,0.40541165614746993,0.5321097149442211,0.49918575722707065,0.39404896557195734,0.4054116561474699,0.10638333220100511,0.25068214425066226,0.07936529874468629,0.2263068881541454,0.10638333220100515,0.07936529874468645,0.1266356288694112,0.15323243511997264,0.2358073822161288,0.32820295965467194,0.4016729886696857,0.24431107756012366,0.18311220144774387,0.13656389073458497,BUY,0.0,0.0
0.0934882003824078,0.12664898696507787,0.12872091073407965,0.1477115612785065,0.016130624649084577,0.0,0.0,PPM,2023-11-28 00:00:00+11:00,Financial Services,0.6475192359978095,0.680009307046348,0.5399486176761648,0.5198026258474618,0.11934947129635254,0.6787066885276976,0.08898887806506983,0.608420674598303,0.06654529331275016,0.5448791933484491,0.08846138102094714,0.5312723759673085,0.11431230626846567,0.42802819744766474,0.02703780411760537,0.4427031239259346,0.3746892852045805,0.3746892852045805,0.2951183431603474,0.2951183431603474,0.34261210405104064,0.3426121040510406,0.3640011616092686,0.36400116160926854,0.4722225125535101,0.38716739636203423,0.46391462114598914,0.516624515566015,0.49885048616880984,0.5277692571232612,0.03889775954105379,0.2784590086926395,0.5587723972306026,0.07313544283598139,0.2983239977731469,0.42332433243912304,0.09551880734242513,0.4045940529186065,0.3342243796320259,0.022723980641966356,0.037626821958766696,0.38434015042834474,0.0993055079013533,0.6424068125488083,0.5467513958867545,0.4326289627675313,0.4440179815177025,0.6424068125488082,0.5467513958867544,0.4326289627675314,0.44401798151770244,0.5744691011530494,0.29953598167856493,0.42857194721498304,0.22630727200267092,0.5744691011530495,0.42857194721498315,0.16357105099917174,0.15754896735891866,0.396845530279426,0.4217611672444669,0.43970245236819683,0.3019956934954214,0.18155927263437055,0.10504205476503614,BUY,0.0,0.0
0.13535813162660548,0.12664897874305592,0.13344114176405952,0.13378530283994716,0.008233033401050995,0.0,0.0,PPM,2023-11-29 00:00:00+11:00,Financial Services,0.4393467146207481,0.47584817409052776,0.3562705986031998,0.314056638893975,0.11836555740785704,0.6357622298908963,0.0863511641078416,0.5821954261958318,0.060575596448626534,0.5302511223828699,0.0840851936904834,0.5165396661060161,0.1124475429717191,0.41276473461329743,0.02550213332075013,0.42925223393393874,0.38252108826641407,0.38252108826641407,0.29373620341798384,0.29373620341798384,0.31491251112369906,0.314912511123699,0.3643581456408918,0.36435814564089175,0.48571406631548236,0.3648274824973669,0.41799869074711804,0.5204178112454247,0.4998458611959411,0.5362666271667261,0.03466078113064741,0.2778825567425641,0.4492526179312314,0.060678839256515404,0.3005227431715898,0.37638055626150424,0.09415444759116487,0.3978999428406069,0.30839665459129384,0.02744657569070438,0.039563193946925854,0.18228899517363506,0.05125433036146161,0.5998066605988829,0.5118404004112469,0.37780291963887813,0.4426890973973164,0.5998066605988828,0.5118404004112469,0.3778029196388781,0.44268909739731643,0.4468086181908521,0.37304782444506895,0.33333322740272664,0.27806397694823004,0.44680861819085216,0.33333322740272675,0.20050644315246363,0.16402366923199085,0.38830690299142967,0.41931428485337285,0.24820737534361328,0.2728665112510275,0.18003740239726473,0.11489357808762501,BUY,0.0,0.0
0.12140137320798061,0.11272060004061568,0.10983990974243918,0.12450117213475731,0.023058641068376576,0.0,0.0,PPM,2023-11-30 00:00:00+11:00,Financial Services,0.45330526940082544,0.4899276507112538,0.37157740528551575,0.3302863333224949,0.11147826596283483,0.6265324389431774,0.08265836173203445,0.5684711007543186,0.056880074184269214,0.5200639744050208,0.07924013034620447,0.5080477468372097,0.11057821819922342,0.4029299419400316,0.02389862808854004,0.42063928782792803,0.36407856710947806,0.364078567109478,0.2951739024498918,0.29517390244989183,0.28267692721523857,0.2826769272152385,0.3644403354044205,0.36444033540442045,0.48571406631548236,0.42096305803736317,0.3436848506317999,0.5218110344244278,0.5009751121783425,0.5375530562460373,0.029386379768805426,0.276511565768069,0.3858747967342222,0.05769754825698459,0.29760971379403145,0.34860358895297794,0.09258084081956719,0.3905911579112169,0.29519666147716384,0.03367306166393261,0.048363819629416036,0.42334537270900474,0.13112305759211823,0.5500212532234408,0.5002279011588626,0.41616749763925714,0.43056077831706696,0.5500212532234408,0.5002279011588626,0.4161674976392572,0.4305607783170669,0.499998834100321,0.5048498656575021,0.2812495269269097,0.345579381269291,0.4999988341003211,0.28124952692690974,0.21105941627123997,0.17265649456513432,0.27742251238032534,0.3766831487945633,0.2577300031520674,0.2284957957321711,0.17854596956490087,0.10300438788740052,BUY,0.0,0.0
0.11674930292580776,0.10807798929269274,0.1287209964203011,0.11057516321929706,0.007023403605234702,0.0,0.0,PPM,2023-12-01 00:00:00+11:00,Financial Services,0.43842534007896367,0.47491676470602634,0.3409645175256732,0.2962637372903116,0.10852660362818245,0.5893628956955657,0.07738294799601553,0.5472114950050686,0.049489029655554795,0.5070356712930435,0.07392619518867982,0.49385408594444413,0.10861926214309037,0.3876732087717809,0.021938174165092805,0.40741188621422875,0.3342109699774613,0.3342109699774613,0.2985647092205064,0.2985647092205064,0.22993768034565998,0.22993768034565995,0.36585534676565673,0.3658553467656567,0.41666679109436144,0.43988913468840535,0.38344583606104043,0.5200318001481874,0.5014533134911956,0.5312970469029652,0.0236183053160246,0.2730373189060853,0.2867923159302591,0.04242890235992447,0.3001929892081079,0.28622439893454077,0.0912932834874427,0.3818623225314972,0.272952146637068,0.037555365524150036,0.04884852930543292,0.1278794023407281,0.04138139030281091,0.5825559600481703,0.4828093863560623,0.3521293338446958,0.4179863298853393,0.5825559600481702,0.4828093863560623,0.3521293338446957,0.41798632988533935,0.33333444934324763,0.4241059946406771,0.18750056072579818,0.26495875886799514,0.33333444934324774,0.18750056072579835,0.1688475685248086,0.1510743348704452,0.3116602296816534,0.3832099816731247,0.3179101117704509,0.25360847369792533,0.1755340243026554,0.11304347114802704,BUY,0.0,0.0
0.09814040740282715,0.0987924199283906,0.1334411536929514,0.10593303548592758,0.01571315953932834,0.0,0.0,PPM,2023-12-04 00:00:00+11:00,Financial Services,0.46749665186233624,0.5041824916847201,0.3868838447318228,0.34678679143001057,0.11049440496156193,0.5677911400985765,0.07369014562020837,0.5438944528358769,0.04408788408154796,0.5064175492224867,0.06845596522617026,0.4917085632303996,0.10599568878121435,0.38368318128974144,0.02000760148589653,0.4037943663005278,0.2967976190915123,0.29679761909151225,0.291013672422023,0.291013672422023,0.20835310413903196,0.20835310413903194,0.36581358064530195,0.3658135806453019,0.3333336048116823,0.3935346186493897,0.2792080762485387,0.5183396959268967,0.5014314973142198,0.526492322725408,0.022825346256419632,0.2678217166074126,0.2868056547852019,0.03626431317900569,0.297568653387261,0.27912404737097724,0.08982967753101123,0.3731014399008741,0.27321656216068596,0.039477199692174295,0.0389899908376921,0.2620569908943929,0.09589476222203723,0.6258642225473211,0.49953902791746985,0.3849254659153929,0.4137947344216925,0.625864222547321,0.4995390279174699,0.38492546591539284,0.41379473442169257,0.27777799341684617,0.36750613700009677,0.1562502257581659,0.2057375380620383,0.2777779934168464,0.15625022575816616,0.15565634897066077,0.12085937787211443,0.3189655490167188,0.3733178944843031,0.24817798100188312,0.2159757910921697,0.17264255685090013,0.09170316593257355,BUY,0.0,0.0
0.10279272908260384,0.09879253868843707,0.1287210332634492,0.11985929392448669,0.006430700040042571,0.0,0.0,PPM,2023-12-05 00:00:00+11:00,Financial Services,0.5269804945919244,0.5632909042432723,0.4174967281205131,0.38117980846005217,0.10459102740503501,0.6327292550353092,0.0726350713800672,0.5778418539673831,0.04067663746224914,0.5334862855483062,0.06423608110183121,0.5127541953726397,0.10420687920021843,0.4010858898422196,0.0181787809155165,0.4194415775454693,0.09669484027907016,0.09669484027907015,0.2984731073649015,0.29847310736490157,0.2111377192083821,0.21113771920838206,0.36523932856649016,0.3652393285664901,0.4827592917991948,0.3935349680430534,0.3615011445554963,0.5218401056770836,0.5022505684893208,0.534572503665694,0.022059281894162064,0.26679440277799904,0.431472632335516,0.03204327521197525,0.2962072275151826,0.3657014627688398,0.08883777506245738,0.36612002097192997,0.3140895478255248,0.03216979998250705,0.03153804207816498,0.13134759911460292,0.04302378803979564,0.5579229308123118,0.5289614753356755,0.42098547738008285,0.445142378084585,0.5579229308123118,0.5289614753356755,0.4209854773800829,0.445142378084585,0.4444458680640377,0.34890424179105073,0.30769332478559375,0.21458104069861855,0.44444586806403785,0.30769332478559386,0.15037976237977474,0.08632806122766601,0.36027744805621015,0.38943997701406086,0.24282778476853137,0.28677382924643663,0.1698667480972148,0.07327579316028499,BUY,0.0,0.0
0.10744484513792907,0.10807793826046563,0.14760190277551377,0.129143299868127,0.0023916958688995843,0.0,0.0,PPM,2023-12-06 00:00:00+11:00,Financial Services,0.5117078442858838,0.5482123506524118,0.43280316817268427,0.3981910903360697,0.10360713996015081,0.666943799812425,0.07157998296148826,0.6012166750651724,0.0366968471930087,0.553863817433188,0.060016192776922495,0.5278566390247638,0.10176029567033051,0.41342230790677936,0.016290195121927198,0.43032037909074783,0.1025434099444168,0.10254340994441681,0.29853090075560396,0.298530900755604,0.2039222023824262,0.20392220238242612,0.36548367166269874,0.3654836716626987,0.6399999569978477,0.41849475413354215,0.41202026109137424,0.5280925491832438,0.5044000275812534,0.5473563504701683,0.02009733211464182,0.2667930116004207,0.5311925970735611,0.021983403124612888,0.2992593825018214,0.4279531462714917,0.08677919675844104,0.36087307754948883,0.34203718873086497,0.027769251534251905,0.03199577204893288,0.06308410155427781,0.017700972635483942,0.5997708787822236,0.5290622499606075,0.4114273769543466,0.4460262196473803,0.5997708787822236,0.5290622499606075,0.4114273769543465,0.4460262196473804,0.5555557936528153,0.42331499705765596,0.41666697030829036,0.2912203251988538,0.5555557936528154,0.4166669703082905,0.1345502432167583,0.06906247195514392,0.4656131984456907,0.45207319984525113,0.31891338813714787,0.33439506832017113,0.16720197169367712,0.07692320061452729,BUY,0.0,0.0
0.11674928885898717,0.11736346261277186,0.13344122190168095,0.13842743057331663,0.02604086881522266,0.0,0.0,PPM,2023-12-07 00:00:00+11:00,Financial Services,0.5114570531607772,0.5479641882475267,0.4328031692151084,0.397899035152564,0.10655885518202557,0.6885625365634733,0.06946982030276816,0.6267899880949803,0.033285600573709884,0.5735994852604076,0.056421475270814536,0.5425649312154307,0.09882153005030014,0.4260715306506264,0.014660843251538713,0.441054476842068,0.09810650044171293,0.09810650044171292,0.28852242471844164,0.2885224247184417,0.20751587705169278,0.20751587705169275,0.3664414593071516,0.36644145930715155,0.43749989501426967,0.44153487423401805,0.39089128445568433,0.5364299258754908,0.5081120520728585,0.5623712167649234,0.01202995044555255,0.27034492851713376,0.6698809997769479,0.009928353830577663,0.3049770848042431,0.5102635963659199,0.08484801815145016,0.3566922117596696,0.36861393035069495,0.03001590097224346,0.019922816459223572,0.5140594487458521,0.18069670005940153,0.6339823425713262,0.5176467280626976,0.4220281698609389,0.46223209267533844,0.633982342571326,0.5176467280626976,0.42202816986093894,0.46223209267533844,0.6666672123736054,0.5535344437427633,0.5000005593626773,0.4061794924789245,0.6666672123736055,0.5000005593626773,0.1239971930806148,0.08201166726296205,0.4906288970585676,0.4681012954459475,0.4916406166358033,0.3902258504257868,0.16464378634628074,0.06779670475027566,BUY,0.0,0.0
0.10744485160373207,0.10807794476874732,0.142881670080373,0.11521716619111722,0.015084372555285728,0.0,0.0,PPM,2023-12-08 00:00:00+11:00,Financial Services,0.41009197367900696,0.44614962173088984,0.386883844195479,0.34693535862968516,0.10754274262690977,0.6079249451114506,0.06841474606262676,0.5756625708019987,0.031011433614118955,0.5385740886950758,0.052045296341490355,0.515495539010881,0.0955401895988941,0.4005373850770151,0.012957605036687081,0.4179185592564695,0.13885561420107695,0.13885561420107695,0.27130483590063154,0.2713048359006315,0.18176665831044225,0.18176665831044223,0.37143310765144905,0.371433107651449,0.38888930364787166,0.4322193344305519,0.3546305838848076,0.5373721702876195,0.5113068482114062,0.5574011114710002,0.011438370295038025,0.2691679253843404,0.4089028739341067,0.007966418894109317,0.3032994805088002,0.34158727310621195,0.08334139391214834,0.3502294500722509,0.32303962587867496,0.0360885999404736,0.014014646434046096,0.26838635639015107,0.11121395138787672,0.6169517022370807,0.528910358198287,0.4416328486447891,0.4408698633160066,0.6169517022370805,0.528910358198287,0.4416328486447891,0.44086986331600664,0.38888941213763634,0.5349313799449831,0.29166714665138277,0.40081991631888914,0.3888894121376365,0.29166714665138294,0.11344417026498638,0.09496088951341275,0.4300836394832257,0.4299665748105508,0.45314795017463505,0.22368453830744373,0.16218792841278018,0.08658012082971012,BUY,0.0,0.0
0.11209713648986286,0.10807802648459719,0.1428817520950818,0.11985929392448669,0.010630074961632133,0.0,0.0,PPM,2023-12-11 00:00:00+11:00,Financial Services,0.4970775149028672,0.5337050149512463,0.38688384304417633,0.34700868578920385,0.11049445784878453,0.6141640283467411,0.07105247419829253,0.5810145037065244,0.030442897604352925,0.5469438730594429,0.04766912161273651,0.5247411511622734,0.09259229874091046,0.4077147523944984,0.011575385094421353,0.42365060618913863,0.13515690850493478,0.13515690850493478,0.23806410819596613,0.23806410819596613,0.16936973200525135,0.16936973200525132,0.37150945065618407,0.3715094506561839,0.470589351267774,0.462106424619537,0.43459333879439377,0.5401671680306144,0.5145306306443252,0.5576796440267952,0.008140784123866096,0.27620827261774805,0.42453887362823195,0.007934785732402139,0.30246545227012356,0.38311096494996655,0.0811670427896023,0.34485246414097004,0.3401795949147839,0.03225927834629888,0.011788666581256643,0.20802419819782528,0.08091178458415532,0.6344314836861336,0.571565483694225,0.47439776545704354,0.44133008201905755,0.6344314836861336,0.5715654836942249,0.47439776545704354,0.44133008201905755,0.4444458680640377,0.4977262522990997,0.44444542039437274,0.4101097618202496,0.44444586806403785,0.44444542039437285,0.0976148245394563,0.0690625827705047,0.44761420411188196,0.44939136698020166,0.5281363185951139,0.30601209451022165,0.15983030479661997,0.08620692451466705,BUY,0.0,0.0
0.10744481997686006,0.10111385316072863,0.11928044254336068,0.09200690180891757,0.02416252640061716,0.0,0.0,PPM,2023-12-12 00:00:00+11:00,Financial Services,0.3941519479988118,0.4298580034342774,0.3103516399522806,0.2615091391190442,0.10459105384864609,0.5395033492851242,0.06472195786525714,0.5296471717203157,0.027315918989937016,0.5052705215691216,0.04282406246902726,0.49175635832235953,0.08880280303164945,0.37686293274855776,0.009989661846091735,0.3955269218126479,0.17761241243298526,0.17761241243298526,0.125853444214712,0.125853444214712,0.1829164124478731,0.18291641244787307,0.3778150585251269,0.37781505852512687,0.3999999999999999,0.38716727718085664,0.42599153642805154,0.5354482529127552,0.5159819353858924,0.5406477069624881,0.004067296839937562,0.26959568360174646,0.13485727462552916,0.009222034024526593,0.29655782368959804,0.21382847530534754,0.08056079087475232,0.33597070605548596,0.2876428775756946,0.045617479365546804,0.01873424481569548,0.3574272513652337,0.16947245661878166,0.5566206499014235,0.4706112342834244,0.42462239690141995,0.42702173808042515,0.5566206499014235,0.4706112342834244,0.42462239690141995,0.4270217380804251,0.11111161190166734,0.31169861417032885,0.11111161190166734,0.28005505293965827,0.11111161190166752,0.11111161190166752,0.10552958388561212,0.03668954867791785,0.28862478249305723,0.327351030975358,0.44857892055197035,0.29147261550662124,0.157566986125106,0.13274341650464527,BUY,0.0,0.0
0.09814040740282715,0.0987924199283906,0.12872091460284785,0.10593303548592758,0.009185735890422675,0.0,0.0,PPM,2023-12-13 00:00:00+11:00,Financial Services,0.5275729378386397,0.5638744740090055,0.3868838447318228,0.34678679143001057,0.09967156373700314,0.6015324691951722,0.061556706787958104,0.5680701523915024,0.02418894037552133,0.5323026800197983,0.03797900752588834,0.5135373821829651,0.0847717800395209,0.3956724232698128,0.008441889965727256,0.41107650605646484,0.19102772317208908,0.1910277231720891,0.14107930969023036,0.14107930969023036,0.18352616139636824,0.1835261613963682,0.37844033464756593,0.3784403346475659,0.5,0.37570615611537506,0.42599153642805154,0.5363822260135162,0.5173661790554112,0.5400033095947993,0.0,0.26803140383279767,0.3497833502264002,0.0057128316767911524,0.2949844610993684,0.32679641669024806,0.07827141479131905,0.3298258255407145,0.3259157906617628,0.05073574245333061,0.01955666331655813,0.13118925551581107,0.06604590619790451,0.5655966711395195,0.5052930084349158,0.42538502394519767,0.42856194984236085,0.5655966711395193,0.5052930084349158,0.42538502394519767,0.42856194984236085,0.27777799341684617,0.2744929865496069,0.27777799341684617,0.2754101542036337,0.2777779934168464,0.2777779934168464,0.07914712961287429,0.038847695708105534,0.36793469904220405,0.38885200502998873,0.4300131497231213,0.29074046807334814,0.15539420020045258,0.15283849252349424,BUY,0.0,0.0
0.10744488189048385,0.1266490606628089,0.1381614612896387,0.13842743057331663,0.14825173329876454,0.0,0.0,PPM,2023-12-14 00:00:00+11:00,Financial Services,0.5865282653131187,0.6214518553521735,0.4634160528478729,0.4323615781403257,0.09967156373700314,0.7107669643518073,0.06313934650504516,0.6398167124209173,0.023051860715813666,0.5874414674796153,0.03438429001977994,0.5589629462095799,0.08050835042956894,0.4367876970833462,0.007163436700606374,0.44593769304520114,0.26457584935390455,0.2645758493539045,0.19741295336887354,0.19741295336887354,0.21561341347113028,0.21561341347113025,0.392225419416857,0.39222541941685696,0.5769227191017507,0.5118519661323873,0.4663526964797068,0.5468393887161611,0.5209726153653564,0.5613566080770175,0.004871785641644699,0.26637873984850213,0.7452552668095083,0.0025034513067669906,0.2961593484020767,0.5731769746274796,0.07537297045343405,0.3272177965375527,0.401888286197391,0.14280281221310448,0.07354004720985911,0.8334778353478063,0.7163219820365055,0.60826892095022,0.558813710472414,0.46372448441193237,0.46223209267533844,0.6082689209502199,0.5588137104724139,0.46372448441193237,0.46223209267533844,0.8571416465182427,0.41268405305372036,0.6666672123736054,0.3497269756290614,0.8571416465182428,0.6666672123736055,0.06859428096654896,0.056113352187860954,0.6069471504282089,0.5672334561208323,0.7043553497154366,0.5590715109612094,0.10324733800877084,0.1271185794054237,BUY,0.0,0.0
0.12605362260017405,0.1312917303345721,0.15704234517289017,0.1477115612785065,0.017630258218625093,0.0,0.0,PPM,2023-12-15 00:00:00+11:00,Financial Services,0.5112101211578963,0.547719826828409,0.4328035321076761,0.39761233049262534,0.10655885518202557,0.7195842785418534,0.06735968600092268,0.6524513120150248,0.022483324706047414,0.6035479480235713,0.030945867318656672,0.5738075871739109,0.07566994851623488,0.4507241088982292,0.005952817870840121,0.45646551217108244,0.22312383141333506,0.22312383141333503,0.1858663193893163,0.1858663193893163,0.2180116232833989,0.21801162328339882,0.39314713164908116,0.393147131649081,0.576923156438845,0.5980393582528832,0.48494006943879675,0.5582574218782145,0.5265864335654363,0.5806457659511156,0.014073500264990768,0.2652227632559654,0.7669350884434758,0.000542171224906518,0.2970690268430428,0.6546326328189348,0.07195938702916505,0.325765730812855,0.4263279308944143,0.14472074507412797,0.07129772536417593,0.1004908886751279,0.08773364983993745,0.6687859751602249,0.5893409650586716,0.47467863700293594,0.4668661176000263,0.6687859751602248,0.5893409650586716,0.47467863700293594,0.4668661176000263,0.9333334813843347,0.688004817110007,0.7777786310943955,0.5726779894531164,0.9333334813843348,0.7777786310943956,0.04485025181840607,0.056113353876197536,0.6772588998580324,0.657886649385563,0.7527891923951509,0.6446675418697214,0.1044896831005474,0.15546215071146752,BUY,0.0,0.0
0.10279259873388402,0.16379092542263896,0.14288161984008396,0.13378530283994716,0.025395042438945102,0.0,0.0,PPM,2023-12-18 00:00:00+11:00,Financial Services,0.4393467146207481,0.47584817409052776,0.46341604830876204,0.43265742624476844,0.10951051751667773,0.6636571130300699,0.0705249370782215,0.6139921361276823,0.022199049060988907,0.5809372526155443,0.027038564403148113,0.5583744040804542,0.07016237010786242,0.43736897614757364,0.004672348214252331,0.4426981143794656,0.24519455469166376,0.24519455469166374,0.19694742502338253,0.19694742502338253,0.21444251615040044,0.21444251615040041,0.39468205457887434,0.3946820545788743,0.4814812234098678,0.44536175529742705,0.46016282027419797,0.5639169714100251,0.5324300011199178,0.5828534532827111,0.015954250788365654,0.2686628723143595,0.594944785700924,0.0,0.297127636388575,0.546200582579106,0.06845314479302966,0.323509401696352,0.39954014832299234,0.15584387472777372,0.08185665698018164,0.13410585681550333,0.11858104799529907,0.6340927094459878,0.5773823207221123,0.4800626597823052,0.4540979854233296,0.6340927094459878,0.5773823207221124,0.4800626597823052,0.4540979854233296,0.49999963547826576,0.762415672078737,0.49999963547826576,0.6469947607420782,0.49999963547826587,0.49999963547826587,0.0659560738530302,0.0820117411743938,0.6629567782530759,0.6686519187324186,0.7605653182904345,0.7225930742222768,0.10710215390993505,0.2340426602590311,BUY,0.0,0.0
0.12605360545245392,0.16843365938003918,0.16176256692125168,0.18948996230953585,0.05292435228175002,0.0,0.0,PPM,2023-12-19 00:00:00+11:00,Financial Services,0.6564021586084063,0.6884543422370352,0.5705614966374801,0.5487733043353306,0.1301723654081337,0.7815882171362416,0.07843806477146886,0.724849442837123,0.025894571325346005,0.6676801687621006,0.02563193216113202,0.6331542376308795,0.0661724164026567,0.5064794465671978,0.0035755825768115646,0.5019065225974647,0.26823863424812205,0.268238634248122,0.2985208452655631,0.2985208452655631,0.28133878754190905,0.281338787541909,0.4265546232367257,0.42655462323672555,0.735293513162284,0.6061065117835014,0.5872987978385665,0.5841438705668232,0.5419386575346241,0.6180717034796033,0.04378436716532663,0.2574215208405025,0.8907385092124689,0.013686285761580708,0.2903672013218478,0.8573043074060629,0.06659846980722905,0.3236604426915235,0.5274123778843842,0.177511482112822,0.1008086665596729,0.245568835416426,0.22322996516096213,0.7938364663520124,0.6309681327629827,0.558660097347099,0.5215955457765595,0.7938364663520122,0.6309681327629828,0.558660097347099,0.5215955457765595,0.9999999999999999,0.8102517519645318,0.9999999999999999,0.7584700262083283,1.0,1.0,0.08178545964368178,0.10359372563432834,0.7669416448742592,0.8253151824381476,0.8178442282312246,0.7748130419493355,0.11272762247886503,0.1781377690032364,BUY,0.0,0.0
0.149314846852713,0.18236200829863713,0.19008423011502362,0.20341622074809518,0.02891751915135808,0.0,0.0,PPM,2023-12-20 00:00:00+11:00,Financial Services,0.5237258225291136,0.5600831933368031,0.5399482647172629,0.5120454447335951,0.15083423974320098,0.7610238186685021,0.08687875794166189,0.7386462859676624,0.029874369234762055,0.6849134024600558,0.024381598924670955,0.6525902602253603,0.06326559483159677,0.5250075756074941,0.0024529712127621117,0.5173110683286227,0.2690492151883055,0.2690492151883055,0.2996284371407014,0.2996284371407014,0.28273123652675763,0.2827312365267576,0.4276676420411836,0.42766764204118346,0.7499994400766273,0.6542361945206454,0.6244098758281065,0.6040673835375656,0.5543068821365883,0.6455496151250384,0.06953764994629297,0.24880418051077247,0.8276070577139478,0.02837811383715594,0.2831294359297628,0.8360936095621512,0.06461750975683356,0.3243351536711485,0.5613668577978393,0.19237634272604456,0.1132460023399884,0.12541168641313366,0.11552752269145998,0.7914056881853111,0.6361534523297854,0.5636112013153091,0.5261863037119076,0.7914056881853111,0.6361534523297856,0.5636112013153091,0.5261863037119077,0.9999999999999999,0.8325750171603191,0.9999999999999999,0.8327867061467893,1.0,1.0,0.07123249251833802,0.116542885848825,0.7516529962412906,0.8517795251772663,0.8852155632526603,0.8216046765626777,0.12013316352580461,0.1399999376467922,BUY,0.0,0.0
0.19118463515709738,0.18700470808465142,0.18536394787014832,0.20805822371991534,0.021609290411215662,0.0,0.0,PPM,2023-12-21 00:00:00+11:00,Financial Services,0.4959555129219284,0.5325898873197606,0.41749672713068264,0.37987570841676305,0.1655927100781296,0.7299121267254902,0.09479189981334657,0.732501040273503,0.0330013554893529,0.6880601548135956,0.01922395857213144,0.6629206825302884,0.05961593407666532,0.5329067817560527,0.0012685754993277953,0.5230173965240094,0.2617754474189271,0.2617754474189271,0.29977323737535544,0.29977323737535544,0.2774532305744433,0.27745323057444327,0.28613694389624716,0.286136943896247,0.9032252471105772,0.7029130619988547,0.6181079241776406,0.6209736518252051,0.5682417034341434,0.6606032185947122,0.09032761176934856,0.2436025719463052,0.7655444107903357,0.04004965943366812,0.27732698798846156,0.7967255981257981,0.04878353669046609,0.339578047052602,0.5878941952733132,0.09697076096251535,0.1163910651233042,0.174775916850319,0.08533335625768548,0.7352007793394134,0.6294412366463613,0.5458804080391256,0.43191878161111397,0.7352007793394133,0.6294412366463614,0.5458804080391257,0.43191878161111397,0.9999999999999999,1.0,0.9999999999999999,1.0,1.0,1.0,0.09761481913664721,0.1424412714856501,0.6796271914236728,0.7878679521636671,0.8909617115577251,0.8332724946200654,0.12998062643462116,0.16334663018331397,BUY,0.0,0.0
0.19583675145176915,0.19629010765667998,0.19480434126779822,0.21734222966355543,0.015603071701261366,0.0,0.0,PPM,2023-12-22 00:00:00+11:00,Financial Services,0.5094832044097366,0.5460103967040052,0.43280316639536864,0.3956044789166568,0.18035115396944712,0.7141251349283131,0.1063978298824011,0.7291405435649263,0.03868677670841825,0.6951208786976979,0.01578552746986861,0.6780719382492676,0.05630199793689572,0.5462028261303145,0.0006075172359196745,0.5332455936629975,0.26207841447218766,0.26207841447218766,0.26209507477499955,0.2620950747749995,0.24886641204565696,0.24886641204565693,0.2740432626316613,0.2740432626316611,0.8999993728851672,0.729535069826872,0.6050593498132673,0.6365995338305294,0.5831238167663761,0.6697058540720844,0.1098501454462375,0.2453841409391898,0.7368258573448456,0.054718955551489534,0.2726974462782744,0.7731309939694572,0.03858839426384031,0.3491532188069637,0.625630190785564,0.09544358804463346,0.122728058292197,0.1292937893546369,0.06011647854121235,0.7341338962949902,0.6735853543473894,0.5984648163002562,0.47197311749000537,0.7341338962949902,0.6735853543473895,0.598464816300256,0.47197311749000537,0.9999999999999999,1.0,0.9999999999999999,1.0,1.0,1.0,0.13982653965944686,0.14244117108231658,0.6589492070525402,0.7653814147552807,0.9331899876746487,0.834194907345857,0.14114831311817488,0.18181811421677962,BUY,0.0,0.0
0.20514117506890783,0.19629012512674449,0.2042448363039886,0.17556382863252606,0.01155371025248537,0.0,0.0,PPM,2023-12-27 00:00:00+11:00,Financial Services,0.36104620867353454,0.3957707175918192,0.2644323198748634,0.2230166948458365,0.18920624674784903,0.5572998570090366,0.11272833203699872,0.6235365306475382,0.04351938627265839,0.6203348438284506,0.011409340139404867,0.6259783299801002,0.052056825662211814,0.49857439420171623,0.00026834597071601074,0.48953368939667297,0.3560120104053603,0.3560120104053603,0.3398641555166036,0.33986415551660354,0.2678036754798863,0.26780367547988626,0.2901809659935494,0.29018096599354937,0.6249998950141815,0.5933378486250049,0.5872990310209639,0.6370057138158238,0.5951265758834756,0.6420378162641756,0.11261743615633724,0.25311728810450995,0.5493063227998892,0.05767821412366114,0.2773556347042252,0.6035579578904996,0.027729490833941384,0.35789785228550386,0.5199959011295959,0.08501627537186691,0.12198588514323218,0.1071418001875865,0.04487594262646942,0.6847522140582494,0.612948820313776,0.5840750139166548,0.44658719876752806,0.684752214058249,0.612948820313776,0.584075013916655,0.44658719876752806,0.6666669055635354,0.88838350614143,0.6896555036319495,0.8962126247316732,0.6666669055635355,0.6896555036319496,0.16620886304016141,0.13380827485541413,0.5921125511738288,0.685484484816757,0.9014918421552058,0.8133839347115892,0.15385613384469743,0.22950813352099808,BUY,0.0,0.0
0.19583683855988032,0.19164745168249653,0.21368538370193435,0.20805822371991534,0.008462229931897557,0.0,0.0,PPM,2023-12-28 00:00:00+11:00,Financial Services,0.5801219657093905,0.6152422673907314,0.4021902855823447,0.3640206025318134,0.193141849414608,0.646923072905798,0.12591690182314008,0.6690215681816449,0.04721490853701593,0.6679746844678047,0.008439789251527108,0.6717415381824209,0.04890391304608066,0.5397912793701842,0.00016659477346858687,0.5237896821695264,0.26521124373427224,0.26521124373427224,0.31074422798134343,0.3107442279813434,0.228373217059411,0.2283732170594109,0.30330931617669715,0.3033093161766971,0.6756755775150834,0.6270045497741538,0.6853277617696205,0.6459026569801135,0.6068549649823785,0.6394013639663241,0.11371971934880265,0.27322833721182704,0.6555896651366104,0.06652304525341779,0.274970133047611,0.6989298982755596,0.01876771018618162,0.36642243045509915,0.6309972976031991,0.05152091194938872,0.11844738117251337,0.12015830829002895,0.03363645071568272,0.6406100814120406,0.6950193696663552,0.5574327414207537,0.48262900020658844,0.6406100814120403,0.6950193696663554,0.5574327414207538,0.4826290002065884,0.9259265342332199,0.8635800267544872,0.9310350732906026,0.8731489364352574,0.92592653423322,0.9310350732906029,0.1978677332060193,0.12733369313005272,0.5990822801816169,0.6928997962719994,0.903573917566732,0.8460531356156817,0.16634610888720702,0.20318717506077166,BUY,0.0,0.0
0.1911844770289779,0.1870045496468441,0.20896498716479073,0.18484783457616638,0.008946683240538251,0.0,0.0,PPM,2023-12-29 00:00:00+11:00,Financial Services,0.41440797631086007,0.45054743552677695,0.34096452771322583,0.30060017899201474,0.18920622030423773,0.586228254116449,0.13488511793496616,0.6007480425294573,0.05034188715143162,0.6260729256095481,0.006095404981880215,0.6426393498099626,0.04524283831273257,0.5140837152366344,0.00022533265798796442,0.4993301776205775,0.2827359197165992,0.2827359197165992,0.3437600704157688,0.34376007041576884,0.23647896503938892,0.2364789650393889,0.29315717748391285,0.2931571774839128,0.6410254643236907,0.5637165632926604,0.5679490309233532,0.6460357213806862,0.6162694758472907,0.6171670483255213,0.10535610541320972,0.2947219813826786,0.5144601522529856,0.07083375386373736,0.27581922229578615,0.6052789798295966,0.0135214426968846,0.37017857259520315,0.5640754257971501,0.036475961971066145,0.11877668774629581,0.16294263878869428,0.03545787034684006,0.5763156426255455,0.6443187506137089,0.5471621256442232,0.49690260913160994,0.5763156426255454,0.6443187506137089,0.5471621256442231,0.49690260913161,0.7407402319646607,0.7767669656163098,0.758620300587162,0.7924252060701288,0.7407402319646608,0.7586203005871621,0.19259144280267543,0.10575171657237714,0.5534950261089865,0.6396539050271755,0.8715339084807596,0.816018008859283,0.17683768792291532,0.21544712693608314,BUY,0.0,0.0
0.2004888825695197,0.19164729261346347,0.20896498716479073,0.18484783457616638,0.006248111258544545,0.0,0.0,PPM,2024-01-02 00:00:00+11:00,Financial Services,0.4823191664152124,0.5190077938955185,0.3103516487786668,0.26964497154994194,0.18428670374898348,0.6005759988110171,0.1401605316709853,0.5906422342496251,0.05403740941578872,0.6210456734886305,0.0042198967260485,0.6441566869352099,0.04158176357938359,0.516412843882849,0.0003170775581597951,0.4992671299639878,0.27995736890300293,0.2799573689030029,0.3212677794678238,0.3212677794678238,0.2330290830502153,0.23302908305021522,0.29147263918493,0.29147263918492994,0.4814811865419072,0.6141999101632143,0.5958785391500595,0.6456821649273554,0.6237165920023671,0.5982621317547423,0.10221124583344499,0.3058425984982901,0.4866682350956617,0.07470261282488622,0.2779302095136378,0.5937751448549742,0.009542201464883604,0.3728293719711504,0.5700652988787549,0.024903678617880193,0.1110196370628382,0.15077246326873545,0.025983032843439238,0.5684866116434824,0.5999178559077922,0.5589735251066038,0.5090301200546051,0.5684866116434824,0.599917855907792,0.5589735251066037,0.5090301200546051,0.7407402319646607,0.8015703983367021,0.758620300587162,0.8154888509733269,0.7407402319646608,0.7586203005871621,0.20314433414893146,0.09711880877077594,0.5459306225246713,0.6268231053396969,0.9099593428284617,0.838557944334215,0.18565061431291008,0.2195122350927825,BUY,0.0,0.0
0.17955391464466874,0.17307632074698598,0.1900840325106481,0.18484783457616638,0.018158813483638594,0.0,0.0,PPM,2024-01-03 00:00:00+11:00,Financial Services,0.4823191664152124,0.5190077938955185,0.37923080884857663,0.33999790481863507,0.17739941230396128,0.620858240932141,0.1443808569884255,0.5826165385576421,0.058585735694795416,0.6148957426809842,0.002656969679047272,0.6454234430459743,0.03717557006751626,0.5192264437377714,0.0003428066038881905,0.4992494499944865,0.27097906911377273,0.27097906911377273,0.3211053901043559,0.3211053901043559,0.22569032832495045,0.22569032832495042,0.29072444706052264,0.2907244470605226,0.41666582677941316,0.6074775341417853,0.6157071976718691,0.6449513819526285,0.6294996432055877,0.5822719448715952,0.09893759023913629,0.3153891691953373,0.4575963787072085,0.07741447372493626,0.28238062663781094,0.5824010757257116,0.006337298126549262,0.37485765807605764,0.5752627928866925,0.02682903654706643,0.1161579604699526,0.3895408073888106,0.07192758544041156,0.5530142164850965,0.5877115848568283,0.5770755334343901,0.5172729629959293,0.5530142164850964,0.5877115848568282,0.5770755334343902,0.5172729629959293,0.7407402319646607,0.7395608165854681,0.7407402319646607,0.7518492429265976,0.7407402319646608,0.7407402319646608,0.2242500984898143,0.0798531829944471,0.5031073220574576,0.5850905653056151,0.8609709725856908,0.846188761413678,0.23191847786038255,0.1910570242639147,BUY,0.0,0.0
0.17722806832303561,0.18236200829863713,0.20424494856543385,0.20341622074809518,0.012512593697863844,0.0,0.0,PPM,2024-01-04 00:00:00+11:00,Financial Services,0.5377525954340576,0.5738860588400181,0.448109611960651,0.41216363603778106,0.1833028163040995,0.6615973894614768,0.15229401303854773,0.6076105165197478,0.06455543255891905,0.6366057618736469,0.001562927047001228,0.6711976999152155,0.03335804471854953,0.5442577523392098,0.00024014748353939908,0.5188545619655466,0.19640637752633627,0.19640637752633627,0.3135819846602235,0.3135819846602235,0.2279799489667551,0.22797994896675502,0.29461636956365306,0.2946163695636531,0.481481702685942,0.7039983105310467,0.674393562466417,0.6490383455890337,0.6351027822949111,0.5805431491773212,0.08533441975954958,0.33969331312165796,0.5884570734237865,0.08166113760940696,0.28760071342888094,0.6314118525275991,0.003608739115015025,0.3770663186059835,0.6467313169146675,0.027551407585273444,0.1146810914046205,0.2686286174128212,0.05018598895630517,0.6573771166389517,0.6298182944635168,0.6061759211419092,0.5303584435764828,0.6573771166389516,0.6298182944635167,0.6061759211419093,0.5303584435764828,0.880001073683828,0.786192270659253,0.8888898710326572,0.7954148190914672,0.8800010736838282,0.8888898710326574,0.22161180539302267,0.07985318318383872,0.5393886040474161,0.6099402225452982,0.921367553836393,0.8494323170392248,0.23085361276083838,0.2399999698984514,BUY,0.0,0.0
0.19583688263658394,0.1870047520717294,0.21840566701584363,0.20341622074809518,0.023560300822117266,0.0,0.0,PPM,2024-01-05 00:00:00+11:00,Financial Services,0.4823191664152124,0.5190077938955185,0.3868838434562429,0.3482286643393921,0.1823189288592153,0.6645324069107432,0.15387665275563456,0.604602161361915,0.06967231012804276,0.6296849532442195,0.0006251750193702055,0.671972032162352,0.028050274953182353,0.5477298876150214,0.0001704944672731301,0.5189032099274654,0.12392820605859592,0.12392820605859593,0.2100501825140889,0.21005018251408886,0.22621027968207147,0.22621027968207139,0.29442452250448886,0.2944245225044888,0.4400007740379085,0.6868962925288332,0.6853277086121663,0.6517483554975841,0.6402329287881684,0.5759981102369809,0.08675162049309182,0.3410043236337168,0.5701119394051174,0.08585141458315104,0.2915778106628977,0.6169313335198939,0.0012827756132756107,0.3789386379089028,0.6520411718394252,0.03892547937309772,0.12258537419386568,0.39111699296988156,0.09041772121936997,0.6003125873926899,0.5577967458727087,0.5876192631450985,0.5345631779449721,0.6003125873926898,0.5577967458727087,0.5876192631450985,0.5345631779449721,0.8695663113274341,0.8293296474634614,0.8888898710326572,0.8389803952563368,0.8695663113274342,0.8888898710326574,0.2110588834422656,0.08416958209503123,0.5606565215110814,0.6153077900814232,0.9257529156787592,0.89528464424613,0.22981004496328483,0.2159998976547346,BUY,0.0,0.0
0.1865323129112859,0.18236184540912304,0.2231257422157482,0.194131965281356,0.0048629089015622615,0.0,0.0,PPM,2024-01-08 00:00:00+11:00,Financial Services,0.45504574040280144,0.49167912101059547,0.3868838456043313,0.3481018215837967,0.18428673019259478,0.6296212791156166,0.1528215501586183,0.5866633824442335,0.0736521003972832,0.6095758173895987,0.0,0.660035134964697,0.022903521852091213,0.5397659555008905,0.0,0.5092536148317383,0.07268054732963136,0.07268054732963136,0.2062490352534621,0.2062490352534621,0.22936610956506154,0.22936610956506157,0.2917737625058395,0.29177376250583953,0.6111100327441966,0.6110432476237118,0.6436465779526622,0.6507961718291694,0.6441094941648488,0.5639523085963076,0.08547203140374915,0.3404175153277753,0.458583097948177,0.08845034454343081,0.2952676634951753,0.5737588736108886,0.0,0.37975126786460867,0.620460563821521,0.0358489841814586,0.1237256907074341,0.09524702154810565,0.01920237406261966,0.6245052363387256,0.5297234228243988,0.564277535813769,0.5429335481539311,0.6245052363387253,0.5297234228243989,0.5642775358137692,0.5429335481539312,0.772727028395763,0.8400404173419921,0.8148145537877014,0.8637527998801237,0.772727028395763,0.8148145537877014,0.17412360598976867,0.07553693619434021,0.5408710663557977,0.5995637810351092,0.8457964767873447,0.8795495305708518,0.2287873485216826,0.22177429449215058,BUY,0.0,0.0
0.1865324614821422,0.21486120029226907,0.22312589235397584,0.23126848810211476,0.02760298015629132,0.0,0.0,PPM,2024-01-09 00:00:00+11:00,Financial Services,0.5922911951677826,0.6270281623339761,0.509335379170358,0.47545206916792865,0.19412573685949197,0.7160602628503088,0.15545926411584676,0.661310576949788,0.0793375216163481,0.6608547220136076,0.0010940468326161579,0.7089230686937006,0.018023396725987073,0.5884539149874997,0.000232872248323579,0.5481612853083248,0.1666103693218804,0.1666103693218804,0.2563770862555085,0.2563770862555085,0.25213356277859644,0.25213356277859633,0.30465149558673704,0.3046514955867369,0.6315781284258324,0.6545960986375416,0.6823559078638188,0.6597479639351599,0.6493500360118759,0.577058911581208,0.09574508695141559,0.33581564098233296,0.833012044464752,0.096982504391246,0.29618388531101003,0.6796577633761288,0.002659351890893724,0.37765515115455117,0.7505442600470711,0.051936589917890075,0.12444651134681613,0.36913395167164026,0.10493405328362679,0.6894504978927474,0.5686304559390839,0.597030498169693,0.591606441365331,0.6894504978927474,0.568630455939084,0.5970304981696929,0.5916064413653309,0.9615385249266463,0.8673432101873096,0.9677419757005462,0.8901230209526382,0.9615385249266464,0.9677419757005464,0.19522951260093707,0.10575185831106071,0.7103952776980308,0.6495628349930963,0.8536973067654274,0.8909435602139824,0.17867522288316506,0.14843753198788345,BUY,0.0,0.0
0.20979339839666733,0.2102183754089214,0.2372865297238449,0.22662636036874528,0.057024330748635714,0.0,0.0,PPM,2024-01-10 00:00:00+11:00,Financial Services,0.4690020634115104,0.5056911370389943,0.41749672647820313,0.37962602194428324,0.20298082963789388,0.6753923649313571,0.1565143525344257,0.6493221724024114,0.08616002249512134,0.644302921038963,0.0020317988602467363,0.7019104820785759,0.013637737857581378,0.585734495749592,0.0003658109687421085,0.5431828951994225,0.17405093071811126,0.17405093071811129,0.2558609906338389,0.2558609906338389,0.2350744175464906,0.23507441754649058,0.3049607939966687,0.30496079399666864,0.7999982082545712,0.6807730402848075,0.6597568644945847,0.664871152021463,0.6547668034087651,0.5787522826679179,0.09950136667083465,0.3342776837222887,0.7540551158636418,0.10154855620164138,0.30240928016444324,0.6473610431957888,0.004811033243150131,0.3760662259254719,0.727133155853999,0.08121577311005271,0.1437992851765637,0.5267455507601874,0.19928542865079668,0.6813322311054665,0.5518873800649242,0.6222034295063671,0.5871623400527448,0.6813322311054664,0.5518873800649243,0.6222034295063671,0.5871623400527448,0.9090903039103523,0.8805778080986139,0.9354833896559549,0.9057051210350348,0.9090903039103524,0.935483389655955,0.1424648272389381,0.09711913698473917,0.7069848274546765,0.644664951413683,0.8738183505556658,0.904172593525929,0.18009504441977342,0.15294128310814958,BUY,0.0,0.0
0.21909779877885494,0.22182528318139394,0.2514472409689805,0.24055249404575507,0.022934019631050385,0.0,0.0,PPM,2024-01-11 00:00:00+11:00,Financial Services,0.5224264311923542,0.5588017055295499,0.43280316721914847,0.3949876069055222,0.21085198208418898,0.6950018011445,0.16389994310760203,0.6648208335950183,0.09355105938366037,0.6562633523592549,0.004219888324908716,0.718709763967078,0.010004045697453723,0.6053249371130787,0.0006665167408510531,0.5576159357994798,0.1677428782891223,0.16774287828912227,0.17904154386999188,0.17904154386999188,0.23624217879335618,0.23624217879335616,0.3001005989845525,0.30010059898455244,0.83333159135601,0.613420463062125,0.7315939463691907,0.6720412698080074,0.6608137242800187,0.5848074981262531,0.1103753645455301,0.3367406594222426,0.7957371543621103,0.1076043010333636,0.30815114163945834,0.6748180906608692,0.009335954401566093,0.3731647259572233,0.7621637370996186,0.08906671297895623,0.14947681726429796,0.19919012808005906,0.0786672455314626,0.6721746188193871,0.6208261723076928,0.6329464809477254,0.623989478932087,0.6721746188193869,0.6208261723076927,0.6329464809477254,0.623989478932087,0.9729723292928979,0.9476298913475896,0.984615033908414,0.962490874793434,0.9729723292928981,0.9846150339084142,0.10289127593666053,0.09496096032199874,0.7432393658224379,0.6722126434570095,0.8576449360293666,0.9426484926317946,0.1814864695256494,0.12403108285270958,BUY,0.0,0.0
0.22840225006024784,0.24271772941821068,0.24200680732512825,0.263762883189504,0.043183165615041035,0.0,0.0,PPM,2024-01-12 00:00:00+11:00,Financial Services,0.5483878097034662,0.5843143071702195,0.478722857472886,0.44083834457113746,0.22364265108573833,0.7281033122439395,0.17023045944063742,0.7018679316567724,0.10406909016696608,0.6783447743213284,0.006564276795125723,0.7477464542074387,0.006630140441916232,0.6362340916011457,0.0012028249115738632,0.5816343656386013,0.1728182214370067,0.1728182214370067,0.15715717739513774,0.15715717739513774,0.20949520852782905,0.20949520852782902,0.3015572135905315,0.30155721359053145,0.8695638456369957,0.6306168877916917,0.752850700013287,0.6832858970735848,0.668338489776521,0.5990082729912185,0.13100165910368955,0.3291526616624929,0.8351071632103991,0.11167652954911578,0.32042983070989406,0.7400023302411085,0.015444017837831892,0.3680072562917527,0.8198265873917648,0.10384952029654967,0.15825370080616902,0.32468544002751953,0.14277960422317842,0.7121160557039462,0.6074929253724011,0.700837561559829,0.6274275711627305,0.7121160557039459,0.607492925372401,0.7008375615598292,0.6274275711627304,1.0,0.9605087055666642,0.9999999999999999,0.9732788079211789,1.0,1.0,0.1134443303820169,0.12949216826343013,0.7124459950895825,0.6982514251214348,0.8674644472609998,0.9523096945060876,0.18447987737369875,0.12927744530886032,BUY,0.0,0.0
0.25631548508183655,0.25664586351216745,0.27032814765034296,0.259120630694585,0.0041004796254808405,0.0,0.0,PPM,2024-01-15 00:00:00+11:00,Financial Services,0.4693561630245156,0.5060459001410551,0.37157704025902627,0.3339916361252075,0.23741720753217166,0.6741542085730465,0.1786711384323929,0.6757467130780583,0.11345002601021292,0.6585984720895288,0.007502024622186632,0.7407347379688226,0.006813973630755754,0.6303883017677185,0.0012431089855804434,0.5767237962218005,0.15877047600636793,0.15877047600636796,0.11761963005662711,0.11761963005662714,0.21224682683411167,0.21224682683411164,0.287379120760673,0.28737912076067296,0.7999967748567834,0.6078564896576683,0.8118485607533452,0.6899371931282174,0.6759478216740021,0.5998208810292504,0.14285727641961055,0.33245804999380235,0.7378198461264849,0.11343518057689428,0.33307390033337525,0.7133021695373738,0.018241609340686304,0.3653680307282061,0.7955259689664976,0.10327514722714604,0.15590716021335244,0.03501612812099479,0.014063721631078533,0.7210061267449129,0.6315054095051701,0.6750574641260706,0.586433125751231,0.7210061267449126,0.6315054095051701,0.6750574641260706,0.586433125751231,0.8399992721943845,0.9373735928343234,0.8947363197068215,0.9596519142936532,0.8399992721943846,0.8947363197068215,0.09761505590020408,0.1359668142865006,0.6915673334074589,0.7383401656164168,0.8571525365233402,1.0,0.1899883618859567,0.11450397575626758,BUY,0.0,0.0
0.20048902888459796,0.24271772832935146,0.24200680626439564,0.2359104910739349,0.03176510228897506,0.0,0.0,PPM,2024-01-16 00:00:00+11:00,Financial Services,0.41725990056071294,0.4534503028692753,0.47872249247029003,0.4426669616833738,0.23840109497705586,0.6018098135305707,0.18447411764535748,0.6159906286667896,0.11941971523416117,0.6149972669430561,0.009221242273603103,0.7082769000651509,0.006986401986993851,0.6016890122517009,0.001245837312732423,0.5523179949119356,0.1524378919020524,0.15243789190205237,0.15776373845338476,0.15776373845338482,0.21211028059108294,0.21211028059108292,0.2690887670942063,0.26908876709420626,0.6399989679516743,0.5254663464062094,0.7371074901107538,0.6878090979252285,0.6815267173139036,0.5803101911509435,0.1434086092590996,0.3412500224574546,0.5680173456709539,0.11375337832273558,0.34184389576654406,0.6106880735795396,0.021504363332702336,0.3635639808822808,0.7131487222933404,0.10641066541824841,0.10215557053057674,0.23497010900967313,0.13356652852970155,0.6160698573124853,0.6031824680352116,0.6026003310792496,0.6099787634887935,0.6160698573124852,0.6031824680352116,0.6026003310792496,0.6099787634887934,0.6400003491075187,0.825878017982181,0.7500000514105212,0.8811904834738745,0.6400003491075189,0.7500000514105212,0.0976151853833313,0.15754891179127362,0.5700076518476059,0.6554753809747199,0.7447399299820827,0.9303422869878879,0.1979571852810692,0.1011673135474338,BUY,0.0,0.0
0.20979347909300028,0.2195039440092602,0.23728661063327317,0.23126848810211476,0.016513175710045676,0.0,0.0,PPM,2024-01-17 00:00:00+11:00,Financial Services,0.4690542369134907,0.5057434106240172,0.43280316946463454,0.39523144135675375,0.23938500886555114,0.5851572361587363,0.18974955973825125,0.596498589373686,0.12453659280328488,0.6013019894370213,0.009221242273603103,0.70208063454083,0.007239343248278907,0.5958001596815357,0.0012146488779918307,0.5474595395043721,0.15242218132490068,0.1524221813249007,0.16089958727840814,0.16089958727840814,0.21350984382940374,0.21350984382940366,0.24409426166572917,0.24409426166572912,0.6666666666666666,0.6354938969897844,0.6836809843590043,0.6839317119189947,0.685063220333297,0.560684611239377,0.14024526874530374,0.3523865395662362,0.5080156849339081,0.11310348584817653,0.3501947650670788,0.5807815113973062,0.021504363332702336,0.3635639808822808,0.698688507702522,0.07589174754013155,0.10164010399057592,0.1658050428573084,0.07014493882290453,0.6161006602113652,0.5975179101901023,0.585048175543246,0.5604982099348407,0.616100660211365,0.5975179101901024,0.585048175543246,0.5604982099348407,0.6000007795011361,0.6919383903741758,0.7142861969807256,0.7856402609297796,0.6000007795011362,0.7142861969807257,0.08706225813469498,0.1489159512639734,0.5143884531572611,0.6048529947251846,0.730401654269516,0.8362733182022626,0.2052885028045729,0.1718748933737222,BUY,0.0,0.0
0.22840230768529368,0.21950395848337523,0.23256638546625386,0.20341622074809518,0.013168944404639457,0.0,0.0,PPM,2024-01-18 00:00:00+11:00,Financial Services,0.4024179800316815,0.43831609834198393,0.2797387485735292,0.24111280133952134,0.23151385641925604,0.5233628609492342,0.18974955973825125,0.538308150218018,0.128800666357759,0.553298011297249,0.009533831883573374,0.6646468477012778,0.006319514232419277,0.5621252459817405,0.000979958048756835,0.518338093045917,0.17524567194586463,0.1752456719458646,0.18857075225538883,0.18857075225538883,0.22754218214737904,0.227542182147379,0.23709365430334844,0.2370936543033484,0.3636368078733001,0.46963253246899117,0.6056657525043185,0.6723468376354871,0.6851238820868618,0.5272848624166071,0.14024526874530374,0.3523865395662362,0.2893786450663741,0.10528702942518331,0.3637277103507165,0.42871513004402084,0.021983457540753815,0.3634215700947787,0.6110091085675424,0.06853526687142235,0.09599849345325888,0.14518975798294825,0.05776860815153803,0.5463447879863622,0.5408715705169488,0.5695367155278293,0.5694222526809823,0.5463447879863622,0.5408715705169488,0.569536715527829,0.5694222526809823,0.3600012117529354,0.5312111734863242,0.5428578898485243,0.667962844136728,0.36000121175293565,0.5428578898485245,0.08706218283488537,0.16186504372525234,0.4630888869984225,0.5526910116168785,0.6852537894306902,0.7949121981570508,0.21203331492619626,0.29599992345606196,BUY,0.0,0.0
0.19118459777524577,0.2009329009754547,0.22312582468741726,0.19877409301472548,0.02577659118271591,0.0,0.0,PPM,2024-01-19 00:00:00+11:00,Financial Services,0.4686824534090071,0.50537089640654,0.3868838445259742,0.34816549664686425,0.2177392735292114,0.5476381027433774,0.18922200843974313,0.5295551245444334,0.12936921000770063,0.5455001750376156,0.010315293306788709,0.657814724599893,0.005894149187803954,0.5566912163785829,0.0009093943746809607,0.513505530094121,0.08255863762124391,0.08255863762124391,0.1894689279284913,0.18946892792849124,0.15094969239960032,0.1509496923996003,0.2329099689472241,0.23290996894722404,0.3636368078733001,0.5260447419804609,0.6260128484981566,0.6612364680240319,0.6825172674384401,0.5016547041170705,0.14103718890431893,0.35086487312814385,0.26252817113285554,0.10501517017582107,0.3648359981482284,0.3991123382376296,0.02291334285937552,0.36350105925356724,0.5947008103780991,0.05542209310154535,0.08347143088177232,0.3284811467454702,0.11931591445830186,0.5019614033537214,0.5352974966706738,0.49627635304323303,0.5831736892667713,0.5019614033537214,0.5352974966706738,0.4962763530432332,0.5831736892667714,0.3200005670916006,0.42405933557923836,0.4516133316327094,0.5681744643745887,0.32000056709160074,0.45161333163270956,0.08706200605751396,0.12301736462593382,0.40634298094415267,0.49560562061473584,0.646776713190897,0.7220045489628972,0.28959865432486465,0.30923687366555774,BUY,0.0,0.0
0.19583691937134629,0.19629027657009146,0.2325664225897479,0.2127003514532848,0.027766524911173818,0.0,0.0,PPM,2024-01-22 00:00:00+11:00,Financial Services,0.5233932379227716,0.5597552371705954,0.4174967281899714,0.37981254072423476,0.20790034619314812,0.6182241202140308,0.1913321994553383,0.5548387242691517,0.12993775365764226,0.5660728474224228,0.010940468326159358,0.6758779819432087,0.005475629786494185,0.5741297336293716,0.0010726145183075353,0.5280360076508311,0.14037263620340917,0.14037263620340917,0.19246939965054188,0.19246939965054188,0.15087005051062896,0.15087005051062893,0.23095359154684575,0.2309535915468458,0.3636375852864464,0.5629067265644025,0.5525814209717329,0.6557294416754055,0.6791159125497891,0.4940179559536953,0.13798270210887975,0.3568544077028708,0.33990822151303934,0.10528451624046586,0.36545523102525956,0.47518078173145484,0.023935124908557315,0.3631128217533961,0.6356916577244146,0.0732508143978364,0.08294031611272708,0.28266151048214905,0.1287760301302918,0.5320456112566059,0.5633475267005784,0.4961486275587996,0.5783461755061026,0.5320456112566058,0.5633475267005783,0.4961486275587995,0.5783461755061025,0.440001426020653,0.3704835966166212,0.4615391267177067,0.4836491857363345,0.4400014260206532,0.4615391267177068,0.07123274914411193,0.08848619383903933,0.4272081619847502,0.5154121985628765,0.6713472654493965,0.7020422917702882,0.2880013582904527,0.28571417906197594,BUY,0.0,0.0
0.19583691937134629,0.20557576440838765,0.2325664225897479,0.2127003514532848,0.015983618127841884,0.0,0.0,PPM,2024-01-23 00:00:00+11:00,Financial Services,0.4823191664152124,0.5190077938955185,0.4174967281899714,0.37981254072423476,0.20298088252511626,0.6324822527743454,0.1892220367966182,0.5586619456333668,0.13022202930270077,0.5657185721335107,0.011565643345529564,0.6753631912786299,0.0036496630413851427,0.5753634398005283,0.0012028258231433497,0.5279444339449127,0.12300897518227213,0.12300897518227212,0.12568774300774233,0.12568774300774233,0.15042832566865738,0.1504283256686574,0.23095359154684575,0.2309535915468458,0.1764715182118708,0.5629067265644025,0.523514562192146,0.6508465409565227,0.6752279183334422,0.4893417840375265,0.13750779828794424,0.35389276841491957,0.359952846013432,0.10545919438380968,0.3657287030301658,0.4738569140597969,0.02494627783847414,0.3627418678902392,0.6336736334142706,0.06136189593452347,0.0803444059585373,0.19099663454378135,0.0757963591211133,0.569415797910194,0.5190982826971912,0.4908697573907395,0.5783461755061026,0.5694157979101939,0.5190982826971912,0.4908697573907394,0.5783461755061025,0.36363688474758277,0.3717010007065598,0.4615391267177067,0.45645404909242515,0.36363688474758293,0.4615391267177068,0.060679824958896345,0.07122060318976076,0.4254883208499608,0.5253978537053053,0.7282956982584489,0.6906110708950846,0.2864360081767291,0.2936506040466873,BUY,0.0,0.0
0.20048904196266326,0.21021842607387697,0.23256634092312511,0.20805822371991534,0.0218187747039865,0.0,0.0,PPM,2024-01-24 00:00:00+11:00,Financial Services,0.4687906816132056,0.5054793415336624,0.3868838440340068,0.3482913307015014,0.19806139241347354,0.6324934279716627,0.18711187413789787,0.5527795644486735,0.12965349329293474,0.5593347092973588,0.0134411516013615,0.6676382255410848,0.002069782768439943,0.5707035923196551,0.00090302979727519,0.5232734688939952,0.12301026646284605,0.12301026646284606,0.12571006821449515,0.12571006821449515,0.1487696821124435,0.14876968211244349,0.20818847689195502,0.20818847689195485,0.1764717972067551,0.4971331065156612,0.5025740109193803,0.6452320229604163,0.6707757715533942,0.4839207787371475,0.1375170075526302,0.35051581045819247,0.34321886773320903,0.10501034054308134,0.3652716922019267,0.4501335076313833,0.0267138605734778,0.36368736861311657,0.6153885064905952,0.06535884788111836,0.08321257988112589,0.24522216210466938,0.10135574571576104,0.5692638198126182,0.5190128958418518,0.47524149105309976,0.6160579034704821,0.5692638198126182,0.5190128958418518,0.4752414910530997,0.6160579034704821,0.21052592490695063,0.33504344725321933,0.40000078135931816,0.439193452605394,0.21052592490695077,0.40000078135931827,0.06067982376388886,0.049638614844122575,0.41275403419166345,0.5202851516694672,0.6665473013305456,0.6226113977319252,0.2849019650652801,0.31075695675386394,BUY,0.0,0.0
0.2004891230960868,0.21021850832753575,0.2372866622217118,0.2127003514532848,0.01642263305718938,0.0,0.0,PPM,2024-01-25 00:00:00+11:00,Financial Services,0.4959015504518221,0.532536246257375,0.4021902855823447,0.3640206025318134,0.20002919374685302,0.6410916526393722,0.18394663723903615,0.5682725852355393,0.13192766789270105,0.5635958858905721,0.016254416085393686,0.6715130965569674,0.0010717250150902302,0.5771088119035457,0.0008021892578378154,0.5282262331990856,0.044644457563657085,0.04464445756365708,0.11423118068527972,0.11423118068527972,0.09920035193067761,0.09920035193067758,0.19970497261737424,0.1997049726173742,0.30769405703558833,0.5108280928120575,0.49193798050775883,0.6416607840283235,0.6663606033317834,0.48427610985533337,0.13417470736270243,0.34832958161665206,0.4011281980961181,0.10354637368105446,0.3700450909435308,0.4650097326164565,0.028526524279476106,0.3664694214535751,0.6243317747036421,0.067810001315118,0.08545929556452105,0.18090477615601205,0.07573792267889279,0.6242454527650347,0.5084648865232633,0.5287309454510849,0.6456185739306989,0.6242454527650344,0.5084648865232633,0.5287309454510847,0.645618573930699,0.2222242866007063,0.2621208327564565,0.440001426020653,0.4319906781053718,0.22222428660070648,0.4400014260206532,0.06595638196463749,0.023740308843202995,0.42247012037821274,0.5329422993290628,0.6592168495318992,0.6237853917658789,0.2833986028160599,0.30158713568370854,BUY,0.0,0.0
0.20048907204865718,0.21486120029226907,0.24200685005970546,0.23126848810211476,0.018136428399722092,0.0,0.0,PPM,2024-01-29 00:00:00+11:00,Financial Services,0.536432014850975,0.5725889436629548,0.46341605334692365,0.42693768985306146,0.206916485191875,0.6780990836250282,0.1802538348632292,0.6141139318507649,0.13334902319746722,0.5901274518325321,0.019223971173841337,0.6937394185395268,0.0,0.6007734345776472,0.0007379938074449921,0.5478001404738554,0.06472507824890195,0.06472507824890195,0.10304286593664931,0.10304286593664931,0.07668880292424962,0.07668880292424954,0.20104892462127483,0.20104892462127488,0.5,0.5896494075701413,0.6412144048830617,0.6435597502987002,0.6632822816493564,0.497122018286854,0.12138599143097406,0.3534050908848132,0.5951403951931789,0.10518189016045199,0.37072372865564873,0.5700767703514313,0.031632087866430236,0.36746744044073076,0.6730160888050728,0.06205431500285362,0.089923357595026,0.21376388951249656,0.08157776321156487,0.6644112479563665,0.5037822949794445,0.5118177951349855,0.6492100962463364,0.6644112479563662,0.5037822949794445,0.5118177951349856,0.6492100962463364,0.4444450476823782,0.289179423614896,0.6000007795011361,0.478295902415404,0.44444504768237836,0.6000007795011362,0.08178559514992229,0.006474721040709452,0.4739468227001064,0.5764310063237972,0.6905599095119772,0.6674795740998838,0.28192530781182434,0.285156225804037,BUY,0.0,0.0
0.21909780082572028,0.24736042920422496,0.24672700394124436,0.2684048861613242,0.0690893898210346,0.0,0.0,PPM,2024-01-30 00:00:00+11:00,Financial Services,0.5888542008964763,0.6237035694609042,0.524642177274348,0.4878889891824597,0.2187232403049293,0.7567370861507632,0.18130893746024546,0.6902205637210421,0.1384659084067661,0.6400942986583167,0.0229749876855041,0.7398469576214134,0.00018840152395060983,0.6465152272670507,0.0009451351869012026,0.5867050898252758,0.1426831936570248,0.1426831936570248,0.17456784045949303,0.17456784045949303,0.0911026015548757,0.09110260155487562,0.21385016869629275,0.2138501686962927,0.8888873957610101,0.5896491200694972,0.6502220228563912,0.6548277813785958,0.6635124461210171,0.5289136330583615,0.12712879250371212,0.35016292758377854,0.9020803750642563,0.1126331778309202,0.37175405686873664,0.7507738631276463,0.03789155786037268,0.36492854611281134,0.766774932319173,0.09318473129118789,0.11767560743264673,0.5672426331679873,0.26931268626400817,0.703366896355695,0.551509117832162,0.5818153051677297,0.6711546043300773,0.7033668963556949,0.551509117832162,0.5818153051677297,0.6711546043300773,0.888889572893666,0.5163293022592387,0.9200005615170543,0.652197527719801,0.8888895728936662,0.9200005615170543,0.09233848026639407,0.01942395187425061,0.624895752188798,0.6895748795169017,0.7281859094264743,0.7219680384031657,0.20973385260427413,0.2500000509022422,BUY,0.0,0.0
0.2656198562577474,0.2659313148894801,0.28448882966184863,0.2776888921049643,0.02521061607593154,0.0,0.0,PPM,2024-01-31 00:00:00+11:00,Financial Services,0.508145581389523,0.5446857278278956,0.4021902855823447,0.3640206025318134,0.23249777030775132,0.7441798288285684,0.1860568140761938,0.7005697734494294,0.14415132962583121,0.6468290433953514,0.027038585405997573,0.7486687950699923,0.000795322449211433,0.6575485234759184,0.001154095147269274,0.5963131033913144,0.1313570046779732,0.13135700467797318,0.1472964827447888,0.1472964827447888,0.09107861755016555,0.09107861755016552,0.21427012680595076,0.2142701268059508,0.947367602105409,0.626176049108058,0.7418938531880674,0.6656504390239696,0.666282964656747,0.5533241803681449,0.14517122219049683,0.3422647957828291,0.8384582772334381,0.1207855310392032,0.37301348726195893,0.7584468074900539,0.04474940239322578,0.3620532663364606,0.7748532570665378,0.10013585357765582,0.126425665439013,0.19754602399797555,0.09508495658114612,0.7192164169291998,0.5896709572113936,0.5925021400423419,0.6803758672643571,0.7192164169291998,0.5896709572113937,0.5925021400423418,0.680375867264357,0.900000014510269,0.7432823160294474,0.9259260041518371,0.8147035077929721,0.9000000145102691,0.9259260041518371,0.10289144167347625,0.023740305152266217,0.6887972294838962,0.7580944695184703,0.7024146280570921,0.7590751830980653,0.2111536723940871,0.24835528642346438,BUY,0.0,0.0
0.2749243690901668,0.3216443432488426,0.30809024384331707,0.3194674178975434,0.05732652938150848,0.0,0.0,PPM,2024-02-01 00:00:00+11:00,Financial Services,0.5976655945524859,0.6322202977605595,0.509335373134983,0.4675520749479134,0.25611130697747075,0.7996899250633414,0.1960801186065988,0.7683006152751675,0.152395193449546,0.6990893228621413,0.032508815368507804,0.7990948728828896,0.0025818547220137766,0.70781873819705,0.0019323693824429,0.6396455326924099,0.1332621437995512,0.1332621437995512,0.19209336485602174,0.19209336485602174,0.12349172454165114,0.12349172454165111,0.23051156850625593,0.23051156850625587,0.9599993549670227,0.6761370072834477,0.8015398942064821,0.6849344706411394,0.6731078563968558,0.5922831075180426,0.18232129880565773,0.3263969679135057,0.8734899243303265,0.1395613216452718,0.3685549576682966,0.8607760587502079,0.056073188944936625,0.3547808560796992,0.854755863221901,0.12688547964996466,0.14449921581559572,0.3602754534350022,0.19978085129614215,0.7992228508882037,0.6442950168298276,0.6405934714310149,0.7218720461421677,0.7992228508882037,0.6442950168298276,0.6405934714310147,0.7218720461421677,0.8437501182015045,0.876989507710017,0.871795033588345,0.9055986664790476,0.8437501182015047,0.8717950335883451,0.1530179206232824,0.05395518972935753,0.7612449600024471,0.8511050549320682,0.7342211203315794,0.7926216371758152,0.2146464248130232,0.222499912285254,BUY,0.0,0.0
0.3260985885129264,0.37271461484004254,0.3694533362514769,0.3890982110441419,0.045034946624103823,0.0,0.0,PPM,2024-02-02 00:00:00+11:00,Financial Services,0.6682713578618473,0.6997058268879648,0.5705615002527225,0.5202988687814599,0.2934994000936235,0.8935442968148597,0.2171818160859873,0.8701449619071158,0.16376602824750086,0.7881249134440351,0.040948596218894684,0.8831231455244687,0.004283314900474178,0.7924072573056014,0.003153385572548739,0.7118420165661467,0.19221163028670266,0.19221163028670268,0.22887280039335017,0.22887280039335017,0.19920159597075643,0.1992015959707564,0.2654931358605706,0.26549313586057055,0.9749995968543893,0.7360314302049281,0.8711269056953239,0.7182853867316485,0.6865379354593037,0.6557530938095106,0.24690712822374894,0.3046797314981827,0.8919860892417135,0.17955521002966535,0.34966730788029976,0.9200502652417962,0.0763938514535294,0.3389268004054655,0.960054151119933,0.14844045252644236,0.15950632997844555,0.24646274978417615,0.14818188923528156,0.909412793722373,0.7638307791560002,0.6959516391817178,0.8136948401614053,0.909412793722373,0.763830779156,0.6959516391817175,0.813694840161405,0.9767442103345784,0.9064076085948051,0.9787234168858419,0.9252371363031107,0.9767442103345785,0.978723416885842,0.17940022676557893,0.09280285774468844,0.794991798815033,0.9202892558096425,0.7392210921952903,0.8494137475951913,0.2228705849259781,0.15215518016352325,BUY,0.0,0.0
0.38657742266028716,0.4098566454144924,0.39777485167901383,0.3937403387775116,0.040116409118480405,0.0,0.0,PPM,2024-02-05 00:00:00+11:00,Financial Services,0.494074954056064,0.5307200303282907,0.3868838437776487,0.3504460259301983,0.32793583087512435,0.808922760179116,0.23933861616239227,0.8357958686747924,0.17542113869051423,0.7791670198993537,0.049857257283667744,0.8810437312124649,0.007090726024097993,0.795942242848688,0.0045733572490851415,0.7155679789626265,0.22868878360926712,0.22868878360926714,0.21657764452030304,0.21657764452030304,0.19790177340312542,0.1979017734031254,0.26289935939071557,0.2628993593907155,1.0,0.754799072945549,0.859378357185653,0.7444101048329882,0.7035252554400241,0.6899350210282299,0.29039582226736926,0.30274620529438623,0.7945200686957605,0.21025241846145004,0.3396118307614161,0.829593162369858,0.09488756350039429,0.3269984172509415,0.9167694764925396,0.1649989837724506,0.1671459804016338,0.19964021846031177,0.12833477092310844,0.8813046289134316,0.7759191325613021,0.7012097024236232,0.8300457326982427,0.8813046289134316,0.7759191325613021,0.7012097024236232,0.8300457326982427,0.8431374388567846,0.8873671909700878,0.8461539718851944,0.8985592672070972,0.8431374388567847,0.8461539718851946,0.21105902483454636,0.1273341420432741,0.7281354228648595,0.8557569515948866,0.7666451617141811,0.8629553576408362,0.23708270558928468,0.14819581892152733,BUY,0.0,0.0
0.372620811901615,0.3634292083425278,0.37417365444604367,0.36588794666194224,0.00454250150639921,0.0,0.0,PPM,2024-02-06 00:00:00+11:00,Financial Services,0.4120277765152581,0.44812282137358955,0.3409641534436179,0.30915831944078576,0.3485976787665801,0.6756975139178407,0.2567475112659736,0.7468673660511562,0.18593916947381972,0.7240980128028638,0.05751557671083929,0.8378244077832656,0.00938769772231085,0.7599003863853986,0.0053277201078727465,0.685741393776668,0.3336555553913292,0.33365555539132913,0.27575807441804456,0.27575807441804456,0.21491844458939097,0.21491844458939088,0.27224702981287435,0.2722470298128743,0.8666663083150127,0.740885037155812,0.7851444388556783,0.7556419058157996,0.7197992750129883,0.6830808373552159,0.3110341320120178,0.3128354905387988,0.6804112080937219,0.22701374298726074,0.3404241415839543,0.7238833762722748,0.10797790413796782,0.32130979071194576,0.8304835361066576,0.1163728416176329,0.1669981316168691,0.034373349524664774,0.014819946876563564,0.7671259803210909,0.7233530055910151,0.6817468125696522,0.7902507007319811,0.767125980321091,0.7233530055910152,0.681746812569652,0.7902507007319811,0.7254900491962606,0.8477678397920914,0.7254901432395946,0.849631057633794,0.7254900491962607,0.7254901432395948,0.21105902680198602,0.15754902906628698,0.6200628947503151,0.7274615763206298,0.8181357265890904,0.8433361374902288,0.25697619727794596,0.21578935704616287,BUY,0.0,0.0
0.3540118444533864,0.4052138569474598,0.3977748081265413,0.3983823417493315,0.0437663471669254,0.0,0.0,PPM,2024-02-07 00:00:00+11:00,Financial Services,0.5660520877016126,0.6015645097530811,0.5093357396807918,0.4613768507107925,0.3741790432132901,0.6974815962210177,0.27784920874536234,0.7718967181207088,0.19617292461206715,0.7582719144179082,0.06564277635239613,0.8727609717840713,0.012365253034617218,0.7975481510016149,0.006616570733333216,0.7187828851399384,0.3310215019013583,0.33102150190135826,0.2723240502550251,0.2723240502550251,0.2047825731297372,0.20478257312973716,0.2761552930211069,0.27615529302110686,0.8749997200378957,0.7835352756225978,0.8376222812697391,0.7716684814767197,0.7366485042997547,0.6886080920518789,0.3354925595211937,0.325543390805886,0.7077742950506583,0.25006142089572925,0.3351245320763482,0.7481888488031703,0.1242453378367192,0.3114099375102657,0.8577612749009241,0.13035172799584194,0.17445655550565597,0.2693213229188498,0.13632335295037895,0.8034705276726657,0.7620612563428708,0.6704833985310783,0.8002536485122614,0.8034705276726657,0.762061256342871,0.6704833985310784,0.8002536485122614,0.8627450736396425,0.8095952606117847,0.8627450736396425,0.8108448443309589,0.8627450736396427,0.8627450736396427,0.24271794368128047,0.20502935490680618,0.6262802977699313,0.7333604445176504,0.8750464897369514,0.8721059266948703,0.2748803397977412,0.1866436891996608,BUY,0.0,0.0
0.39588160661667793,0.41449916199668235,0.4355366537965091,0.43087648731362194,0.04850914505851778,0.0,0.0,PPM,2024-02-08 00:00:00+11:00,Financial Services,0.5640441618322711,0.599608052546164,0.4787224821276113,0.43143176569663394,0.397792553439398,0.7235546246934486,0.3031712315421913,0.7884533676497238,0.20868083906972967,0.788955430983733,0.07595806125804527,0.9054058768801844,0.01525772939322012,0.8351586135980351,0.008109832587958943,0.7516063705475408,0.31894793725890147,0.3189479372589014,0.2555367423345867,0.2555367423345867,0.20919129527544106,0.20919129527544103,0.26420423758166606,0.264204237581666,0.8723400240286331,0.8858780727616606,0.833770875821441,0.7912689393454422,0.7548119838422909,0.7012368702600527,0.3603173170706897,0.344675132736167,0.7301249948368437,0.2777679560170616,0.32906546767613276,0.7594824994833292,0.14299310226099538,0.30193321238085424,0.8768708541020751,0.12370918650827359,0.17052730831805896,0.3123513738660485,0.15321903503862006,0.7825575901443009,0.8073565423038449,0.712447199972305,0.8739451997096279,0.7825575901443008,0.8073565423038448,0.712447199972305,0.8739451997096279,0.980769237933841,0.8556812302104507,0.980769237933841,0.8558637355880713,0.9807692379338412,0.9807692379338412,0.24271773458426543,0.20071264919984666,0.6220365178311185,0.724346104026421,0.9189279700718804,0.8819006481855867,0.29099406806555683,0.1519649380894772,BUY,0.0,0.0
0.42379490476378456,0.42378473002591754,0.43553673487011024,0.4355186150469914,0.029020757821958065,0.0,0.0,PPM,2024-02-09 00:00:00+11:00,Financial Services,0.4937211024289722,0.5303680774959926,0.4021902855823447,0.3640206025318134,0.4076315072190728,0.7106391402173098,0.32849325433902,0.7516868526456129,0.22062021751762617,0.7798819941692952,0.08736739299630991,0.9009940780263689,0.018320354513413406,0.8384169727252568,0.009670019131699181,0.7551734315992428,0.1986985007465243,0.1986985007465243,0.2563986564784541,0.2563986564784541,0.20940189578412893,0.2094018957841289,0.24884176261982988,0.24884176261982982,0.8695649125554106,0.902335520615333,0.84917565075872,0.8057887850210077,0.7728127044108335,0.6996729010122411,0.37282009214591105,0.3743778538651015,0.703032430149102,0.302439496609459,0.32488633333848316,0.7270118871958119,0.1597898373467681,0.29785714931324847,0.8535534667852711,0.1116449609271519,0.1733359727193554,0.20618855126547914,0.09084448076010307,0.6771329153758033,0.8062990448885373,0.6996200526201144,0.9163532592531635,0.6771329153758033,0.8062990448885372,0.6996200526201143,0.9163532592531636,0.9615384805950892,0.9347219817388718,0.9629629862214842,0.9352809102408751,0.9615384805950894,0.9629629862214845,0.2585471279872901,0.21797816192928066,0.6016826259888896,0.6920829648880832,0.9762706696008749,0.8743688120074151,0.30892930032693877,0.14124992217046528,BUY,0.0,0.0
0.46101256752695563,0.4655694578452948,0.47329868447836,0.44480274575218104,0.036136040502969445,0.0,0.0,PPM,2024-02-12 00:00:00+11:00,Financial Services,0.5050467188598743,0.541614893192953,0.3103516418573278,0.28680417585473855,0.4184543484436316,0.7075995093092136,0.35276020289570753,0.7266211652804861,0.23170677667052297,0.7786768827541974,0.09737009249255868,0.903818424088865,0.021382981920061273,0.8473434537450484,0.011066988266520417,0.7637231979029085,0.19746114439692888,0.1974611443969289,0.2616594742622658,0.2616594742622658,0.20501067792151295,0.20501067792151287,0.21838690289784585,0.2183869028978458,0.8461534750797505,0.9005354792652688,0.8454141161205875,0.8174388416370033,0.7899973987305737,0.6918316132035205,0.377924443544265,0.4087431355415021,0.6962264987963768,0.3258004358066462,0.3205975681693888,0.7086131030377405,0.17743660598274213,0.2895340958139361,0.8378457539983116,0.10864636602691524,0.17008414738812555,0.2619144503661547,0.11439459085099388,0.6837589445732708,0.7912651850795684,0.6805574850438724,0.8580612644467234,0.6837589445732707,0.7912651850795684,0.6805574850438725,0.8580612644467234,0.852459095085633,0.9312777246840963,0.8571429492676862,0.9334074122691162,0.8524590950856332,0.8571429492676864,0.29548229133865817,0.2460347284402068,0.6097140223496385,0.692737093803482,0.9780869860098553,0.8811024191706929,0.32858515705189795,0.10978887798209969,BUY,0.0,0.0
0.4330992283941182,0.42378464783393477,0.45441760825547495,0.43087648731362194,0.02338539647241147,0.0,0.0,PPM,2024-02-13 00:00:00+11:00,Financial Services,0.4484534571431511,0.4850404109976101,0.35627096765518446,0.3246453393238179,0.43222887844645363,0.6368630804576285,0.3712241722394307,0.6694321385535258,0.24222479981365308,0.7453441037872883,0.10737279198880767,0.8771603601170431,0.024445604753800865,0.8278974479510663,0.01236220529252563,0.7480946659180686,0.14759294688472613,0.14759294688472613,0.2773287015596701,0.27732870155967015,0.21024503619152612,0.21024503619152604,0.21692362101593027,0.2169236210159302,0.6666656712465945,0.8578762483902971,0.7897578583949632,0.8203265415129692,0.8044352535634046,0.6654369242914636,0.37517358455308614,0.4405824119240809,0.6310669254700514,0.3435194835982771,0.32054443008153566,0.6648867573260127,0.19183489165766598,0.2864932862097449,0.7955272584339904,0.12284158617074761,0.17898297919772227,0.15339029748986174,0.07177679303088567,0.7063698724725656,0.7256150815061178,0.6712673014980085,0.8618599707014052,0.7063698724725654,0.7256150815061175,0.6712673014980084,0.8618599707014052,0.8032783733701689,0.8718449581056207,0.8095235256154072,0.8761383347907539,0.8032783733701692,0.8095235256154074,0.29548242221781057,0.22013634856063513,0.5679603665972457,0.64511154837447,0.9222514636935425,0.8204962529132185,0.35429324284853314,0.12092396885682866,BUY,0.0,0.0
0.42379490476378456,0.42842747321670227,0.45441769043588187,0.4355186150469914,0.00863746838733345,0.0,0.0,PPM,2024-02-14 00:00:00+11:00,Financial Services,0.4937211024289722,0.5303680774959926,0.4021902855823447,0.3640206025318134,0.44010003089274896,0.6296214997742089,0.3891606186415204,0.6482541932109773,0.2544484462664329,0.7364431223845842,0.11784437169944173,0.8738023223623174,0.027508229873995038,0.831152238013936,0.013988406779139151,0.7516017590137484,0.11506168609156184,0.11506168609156185,0.28001199042563585,0.28001199042563585,0.1887590708993892,0.18875907089938918,0.2138323035558793,0.21383230355587912,0.6666656712465945,0.8738424280599926,0.805713113850889,0.8214212052606776,0.8162471389820494,0.640203689473653,0.3603376777353915,0.48194716617906597,0.6330469125757214,0.3595512927279312,0.3246038117048099,0.6518823507163003,0.2054478078775861,0.28568447088221416,0.7833440074408187,0.0963773847525596,0.16831096407428703,0.0731308999492492,0.027752368543891716,0.6629827048631045,0.7189875366134172,0.7055673902653915,0.878694475816697,0.6629827048631044,0.7189875366134173,0.7055673902653915,0.8786944758166969,0.8166665774110111,0.8233346416626579,0.8253968090359746,0.830132581110981,0.8166665774110113,0.8253968090359748,0.2954824194420735,0.21150345109491386,0.561949298967228,0.6325297907723311,0.9658015293252842,0.8230240461004008,0.3758880349177066,0.11375009350742671,BUY,0.0,0.0
0.4191427572659663,0.4098565558377899,0.4213760728095619,0.4030243447211517,0.01224079868642991,0.0,0.0,PPM,2024-02-15 00:00:00+11:00,Financial Services,0.4027731909833159,0.4386790919204668,0.3103516406803401,0.284479937810848,0.4341966797798331,0.5597108057595008,0.3986563860518544,0.5740157281362264,0.2649664694095628,0.677954647769216,0.12769078059127503,0.8243748686193443,0.029975345760890892,0.7896280461415299,0.015575234849556141,0.7164059236347192,0.12037360417013737,0.12037360417013739,0.30096011343809376,0.3009601134380937,0.21437436690163542,0.21437436690163533,0.22202377089796838,0.22202377089796832,0.6428570742949509,0.7830774881962468,0.7830796582387897,0.8108887638348781,0.8231796159152135,0.5933169057125754,0.3408418398429718,0.5138333818215648,0.42186688440290715,0.3679602906723096,0.33296360965044147,0.5932072217792148,0.21442582086337425,0.2911390708966599,0.7267224697752339,0.06905476994558934,0.16633951846930412,0.13461328867652128,0.0394994139178885,0.5681943601454331,0.6320821961566263,0.6756180880892506,0.8636001871717887,0.568194360145433,0.6320821961566263,0.6756180880892507,0.8636001871717887,0.6949154520500891,0.7705811966587588,0.7142859581391189,0.7823574398680024,0.6949154520500893,0.7142859581391191,0.3218645878671949,0.20718689731865714,0.518677270086192,0.5958682739905518,0.9344998269539949,0.8507172686816102,0.3940276602558125,0.15443684159737825,BUY,0.0,0.0
0.39588186721608665,0.46092686540587835,0.41665595925130106,0.48193926857294,0.06261458782461922,0.0,0.0,PPM,2024-02-16 00:00:00+11:00,Financial Services,0.680118202810698,0.7108991393663474,0.6470933611889679,0.5797363246592401,0.4440356864467301,0.739777436161658,0.4092072418807675,0.699241210748313,0.282022725426583,0.7665152286710823,0.1403504539671414,0.9121958401292561,0.033888703256768515,0.8825901997913237,0.017837676211659437,0.7967821893686499,0.35796036954383353,0.35796036954383353,0.3153142273925933,0.3153142273925933,0.25377697373823455,0.2537769737382345,0.26470744803489893,0.2647074480348989,0.7368420680382579,0.8185189927970064,0.8573311248571875,0.8219962848589513,0.8313800607607027,0.6055009516882454,0.3641384431951049,0.5106926742572657,0.8252254317436707,0.3859870167403605,0.34255259764183454,0.6828254550307671,0.230660703173444,0.29052309246620256,0.8128734356182254,0.0943625484595815,0.1891557156043061,0.5090666143317829,0.1852278670346053,0.6748378118612253,0.6369747468929905,0.8011112082350824,0.9519026865077032,0.6748378118612249,0.6369747468929906,0.8011112082350823,0.9519026865077032,0.9827591940639921,0.8306802994933309,0.9841275101945327,0.8407496120603121,0.9827591940639923,0.9841275101945328,0.40628804035337046,0.2676164679206735,0.5754466294206689,0.624332555524551,0.9443676193036477,0.9026550365127364,0.48926069328086796,0.08780228345221075,BUY,0.0,0.0
0.48892593620893354,0.479497837446616,0.4638582441579546,0.4540868764573709,0.018803136384130715,0.0,0.0,PPM,2024-02-19 00:00:00+11:00,Financial Services,0.4163359563144373,0.4525101256666181,0.24912551034902528,0.23778538631525425,0.44600348778010956,0.6631026069066244,0.4160652811554362,0.6381523466104031,0.29765762613883706,0.7090207800202162,0.1516034909004209,0.8676840738885495,0.037716988658305084,0.8456913082443427,0.019566540464899917,0.766334835429327,0.3860912479622425,0.3860912479622425,0.3403217657541438,0.3403217657541438,0.27260930816754253,0.27260930816754236,0.2738394981590137,0.27383949815901365,0.5675678227847366,0.7373719879661456,0.8573308548145506,0.8205783026042925,0.8376015487794138,0.5864849334381336,0.3700116372052489,0.5166035381573129,0.6364937298478812,0.39416309864990495,0.35888646818202974,0.6291624224985192,0.2429633021219635,0.29343647238708814,0.7608145664666917,0.08130487392800578,0.18593788470169004,0.17743366269019298,0.056341223781786215,0.6214945281413471,0.6031238137382264,0.7759827354470833,0.903914179323772,0.6214945281413472,0.6031238137382264,0.7759827354470834,0.9039141793237722,0.8113206363467402,0.8288902126164871,0.8484846504600485,0.8484707944561946,0.8113206363467405,0.8484846504600487,0.42739390240616887,0.2978313510191798,0.5956778953164616,0.6259113468818436,0.9361323815581486,0.9302012625052911,0.39164834311190677,0.11266447971871751,BUY,0.0,0.0
0.4517082435066133,0.44235582331694523,0.4449773307876925,0.44944487348555073,0.035834343028691824,0.0,0.0,PPM,2024-02-20 00:00:00+11:00,Financial Services,0.4711050647257171,0.5077975364982084,0.35627096106767464,0.3251600481655578,0.44993911689047983,0.6415473755283401,0.4255610485657704,0.6147615065334808,0.3121554395512074,0.6854135320649908,0.16238765602045557,0.8527152641098078,0.04129005549036391,0.8372467505182868,0.021327501075982358,0.7600479684819913,0.3801884018423052,0.3801884018423051,0.3161941961215187,0.3161941961215187,0.2771392176634712,0.27713921766347116,0.274880278668929,0.27488027866892895,0.5405407957578949,0.7211085380303104,0.8573311248571875,0.8157442335270453,0.841423498621588,0.5634275017956462,0.36171700816923313,0.5388802817795402,0.5877451471322082,0.39954013839311253,0.37602441630433747,0.6097999038175546,0.25411040196438006,0.29727385324892164,0.7417735988795036,0.09068323841201703,0.18966069860169588,0.30358942737161326,0.10587598583860454,0.6349857136789382,0.6288818221199437,0.7516611114759306,0.8867924725677772,0.6349857136789381,0.6288818221199436,0.7516611114759304,0.8867924725677772,0.7708332561054496,0.8543112681658225,0.8281249437338116,0.8865415502013524,0.7708332561054497,0.8281249437338118,0.44849964281176985,0.31941334006244715,0.5426676729605319,0.6000701665870372,0.8538435649912822,0.9040398401827145,0.3938668088427043,0.11633660160807713,BUY,0.0,0.0
0.43775165383415704,0.4284276130175445,0.44025711167411297,0.40766647245452137,0.014976957563059534,0.0,0.0,PPM,2024-02-21 00:00:00+11:00,Financial Services,0.3810582553601984,0.41641689420692446,0.26443231003529355,0.24628466663088266,0.4440357657775642,0.5482021253459015,0.4266161369843491,0.5388570468547742,0.3240948179991041,0.615224420358147,0.17145260768964343,0.7936882834329319,0.04426761308912397,0.7843529959078159,0.022783208095323193,0.7154532415674785,0.4206771377570791,0.42067713775707904,0.34314233877785455,0.3431423387778546,0.31336066899275944,0.3133606689927594,0.29294042996949815,0.2929404299694981,0.4090912977987034,0.605115237458822,0.7631672431492891,0.7980790022687693,0.8402594407337163,0.5155163939297296,0.3595397910763498,0.5424326475668688,0.2511537343971114,0.3962432066488657,0.39711872008817306,0.5366418141912945,0.2610994522310066,0.3043711011732497,0.6807749764563642,0.09545906742402362,0.18919618516217962,0.12428415159755501,0.044392681776859545,0.5683279442287377,0.5504160895133481,0.7047149605292485,0.8324502021124212,0.5683279442287377,0.550416089513348,0.7047149605292486,0.8324502021124212,0.42857195178611707,0.668741824397327,0.6875001447193451,0.7873415448662557,0.4285719517861172,0.6875001447193452,0.4221171974731632,0.3409952187420904,0.4657238407663066,0.5747388298124059,0.7986538808079268,0.8686791834401539,0.39604090525888613,0.13647955219192442,BUY,0.0,0.0
0.40983843309082646,0.4005711511045046,0.44025711167411297,0.40766647245452137,5.161933529999104e-05,0.0,0.0,PPM,2024-02-22 00:00:00+11:00,Financial Services,0.4823191664152124,0.5190077938955185,0.35627096039999406,0.3239824567433882,0.4450196796660595,0.5458630875319908,0.4239784513839957,0.5429002762446185,0.3363184720920591,0.6015389037581449,0.18129902078204685,0.7856851245108992,0.047245170687884475,0.7820939720944988,0.024238915114664028,0.7142888408421356,0.39802903061477846,0.39802903061477846,0.3200096361671892,0.3200096361671892,0.3113551148610099,0.31135511486100986,0.2830987384178901,0.2830987384178899,0.4390250297770637,0.5141400255177404,0.7631672431492891,0.7820482252178991,0.8354971767514211,0.4809408277357864,0.3610040060975066,0.5369652099795055,0.28642821914915234,0.38841131320532796,0.42274231613426083,0.525256936998105,0.2667188251164254,0.31528707628786123,0.6737940950119885,0.08627639753311547,0.1791519492374533,0.005913112127874291,0.00036458936596857556,0.6150849395134775,0.5175692082850821,0.7108249278434798,0.8622881997336362,0.6150849395134773,0.5175692082850821,0.71082492784348,0.8622881997336361,0.4117649796238099,0.534950723996187,0.6875001447193451,0.7335040851876358,0.4117649796238101,0.6875001447193452,0.3535230421800711,0.3323624220617728,0.4126857800960076,0.5592872350616089,0.7699510855287108,0.8617621740870107,0.39817151974674425,0.13647955219192442,BUY,0.0,0.0
0.39588174744817395,0.40521381861673567,0.4166558397985043,0.3890982110441419,0.010063097537657474,0.0,0.0,PPM,2024-02-23 00:00:00+11:00,Financial Services,0.4359364118362466,0.472399453695021,0.3409645220419664,0.310091671999957,0.4253417192194877,0.5447348982005162,0.41870303764797656,0.5178664048728028,0.34712076324007235,0.5649810370076414,0.1903639682506646,0.7557643553101058,0.04979736324202966,0.7577487390227693,0.025690984972181585,0.6938751389454249,0.11409542084027655,0.11409542084027656,0.32392407624903746,0.32392407624903746,0.3223449921308023,0.32234499213080214,0.2882502220192458,0.28825022201924577,0.3863639001298007,0.4751443370868018,0.7380134921013098,0.7623757582316926,0.8269860607918493,0.44491768834626916,0.3645037816733816,0.5255401118585048,0.22583743161123515,0.3750135657750038,0.451238874154516,0.475749512180407,0.27055808926004543,0.3275060720951135,0.6446021521502687,0.046686940878209376,0.1762174052399521,0.1521040915861466,0.03132716535892057,0.4794262655982705,0.4944218231882396,0.6838499110903845,0.8371388839904461,0.47942626559827034,0.49442182318823963,0.6838499110903846,0.8371388839904461,0.29411756222283825,0.37532260663661804,0.6190474731182977,0.6635830710988585,0.29411756222283836,0.6190474731182979,0.3271405855024862,0.3453116133858517,0.3554792618776824,0.5369783988737137,0.7162324145597971,0.8766544781710093,0.5025716296517918,0.10237057121213056,BUY,0.0,0.0
0.3586639571614465,0.40057101950602736,0.40249495541075575,0.4215924813699816,0.005281042222778694,0.0,0.0,PPM,2024-02-26 00:00:00+11:00,Financial Services,0.5646081001619184,0.6001576492090162,0.5705614934497153,0.5164738797583716,0.4184544277744653,0.6466789006022853,0.41606532369074833,0.5800234428388393,0.35877586604291056,0.5952648244133938,0.2014607145795293,0.7864080764144178,0.05320028131249677,0.7943783646125031,0.02751250296026475,0.72610289300205,0.21343458246344135,0.21343458246344138,0.34804850958992084,0.34804850958992084,0.3273906983474633,0.32739069834746326,0.27908062726057875,0.2790806272605787,0.5454543788653891,0.5718206527554864,0.7603035040097426,0.7541128149735457,0.8182024988272949,0.44229972410732526,0.36128901380058354,0.524086709600128,0.4477429927137936,0.3616694104444349,0.48098093564350497,0.5325314454156672,0.2747553458686711,0.3432809589609114,0.6798614364726153,0.03650012490474833,0.17028541598928337,0.10110139547545344,0.016949600302227953,0.5622839220105204,0.5178004424352077,0.6961569843252606,0.9081352000470879,0.5622839220105201,0.5178004424352077,0.6961569843252607,0.9081352000470879,0.4137926294013639,0.3703737546512474,0.7258060781690665,0.676393584371937,0.4137926294013641,0.7258060781690667,0.32714057932238755,0.37121002186392293,0.3468407396659251,0.5354339254390308,0.7323411074416365,0.8733822187679798,0.5003531616753288,0.04513884458508244,HOLD,0.0,0.5
0.38657737868127096,0.4098566004727565,0.3930545688950027,0.3983823417493315,0.010993414943112652,0.0,0.0,PPM,2024-02-27 00:00:00+11:00,Financial Services,0.4249268207424997,0.46124191835042694,0.4021902855823447,0.3640206025318134,0.4076315601062952,0.6124358700870771,0.412372549671816,0.5442046429367882,0.36673545422156684,0.5561820251746654,0.21130712767193272,0.7505618068851859,0.055922620341779083,0.7643701292564038,0.028999398414346178,0.7008851821133787,0.2226236578078951,0.22262365780789511,0.35414308746654716,0.3541430874665471,0.32582641802186546,0.3258264180218654,0.28563499600087544,0.2856349960008754,0.21874965879551667,0.48267767729696087,0.7070104882519415,0.739568428322137,0.80769984754541,0.42578080192085455,0.36098412776629485,0.5184524366905496,0.3271450569766715,0.34908905812853974,0.5044257615503563,0.45402778944822797,0.27716478421372304,0.3594164957395032,0.6447170448224919,0.0177863103137343,0.1434776100051231,0.3061266958791518,0.038918672009420556,0.5357684198488644,0.5082481381343882,0.6250487170934587,0.8649239283660446,0.5357684198488643,0.5082481381343881,0.6250487170934588,0.8649239283660444,0.2666670884624077,0.32178776619700167,0.6393443997643308,0.6602890346490877,0.26666708846240794,0.6393443997643309,0.3376935101902057,0.41437409990065033,0.30621577965535796,0.5083170631907871,0.6648095093803976,0.8461658369721072,0.49547252641586115,0.07363006149261309,BUY,0.0,0.0
0.38657738408256437,0.3773574011859887,0.38833433497483516,0.3566038159567526,0.00807399907352481,0.0,0.0,PPM,2024-02-28 00:00:00+11:00,Financial Services,0.3772433206086309,0.41249072719804314,0.2644319483178439,0.2418490894738416,0.39680866599451425,0.5282023042381141,0.40340433355998995,0.48282051169505524,0.3715680637858072,0.496441652258381,0.2186528616897041,0.6946382118293718,0.05796437347051331,0.7126045324974908,0.03037908419373725,0.6565892202342026,0.22665391962987855,0.22665391962987858,0.37908675621485405,0.3790867562148541,0.3551051283386644,0.35510512833866437,0.294112606675971,0.29411260667597083,0.19999969284096764,0.3638204876042009,0.6095642692944374,0.7151634644384364,0.7934654547824662,0.3899220792098348,0.3666315722730489,0.4992889833467198,0.186592040656074,0.3345158573662399,0.524926986405818,0.2773460736627028,0.27804380685663177,0.3729476450247948,0.5855160995230058,0.012585993930321396,0.135570089651248,0.27153739534554,0.029731151577510148,0.5335488374363423,0.4619068877017707,0.5696417334321329,0.780873019756473,0.5335488374363422,0.4619068877017707,0.5696417334321329,0.780873019756473,0.0,0.22330258238096687,0.4150945861552555,0.5920818163351911,1.1102230246251565e-16,0.41509458615525574,0.34297030845785675,0.40574130629247085,0.23720445016135885,0.4231931132547885,0.5805909873002609,0.8006986053534935,0.4879119850698762,0.13692568347216305,BUY,0.0,0.0
0.3819250778097456,0.41449924364434787,0.3977747111991954,0.4355186150469914,0.09050773880749981,0.0,0.0,PPM,2024-02-29 00:00:00+11:00,Financial Services,0.6871072470793931,0.7174854028441132,0.5399482474392272,0.4866116237996127,0.4027120171074299,0.7232336421917216,0.40709712175735957,0.6192097017085925,0.37867483266946333,0.5919107974881617,0.2283429757765525,0.7817974809632905,0.061367293827435,0.8049062916138945,0.03253340431177176,0.7364604422709397,0.43791293909459966,0.4379129390945996,0.48483715777864916,0.48483715777864905,0.40528647449011285,0.4052864744901128,0.33863490674419944,0.3386349067441994,0.47058798729957974,0.48267767729696087,0.6725986538522639,0.7164930523634034,0.7823956840489783,0.4203312874616465,0.370214438512547,0.5021111128612537,0.5666150964937711,0.32723775462282134,0.5422865429934735,0.5648958088304495,0.2838028992202235,0.38331810492751694,0.6835746384919417,0.08073075255582801,0.15088122654981834,0.8367784256547909,0.3073290810126461,0.6490250148021086,0.5741631834261582,0.605132032385022,0.8487623877532999,0.6490250148021084,0.5741631834261582,0.605132032385022,0.8487623877532999,0.548386410032385,0.26837127234888575,0.7083327849059686,0.5862382867534067,0.5483864100323852,0.7083327849059686,0.3851820411625672,0.4489051872028077,0.4223301085701325,0.5184894534695466,0.6594466108211555,0.8340754257971117,0.4780811524769347,0.04500002911608503,HOLD,0.0,0.5
0.4703170261731693,0.5537817472227767,0.51578088882265,0.546927933986169,0.15163906424335327,0.0,0.0,PPM,2024-03-01 00:00:00+11:00,Financial Services,0.7550491849185932,0.7808560557722624,0.6164808269950278,0.5430301728814192,0.436164534000435,0.9281509526295193,0.41448271233053613,0.8069421903271821,0.3883400441577687,0.725749126976023,0.24225298658944983,0.9032995103125666,0.06681196731309091,0.9342023583578876,0.03513865592404031,0.8492708829317376,0.5753557834230988,0.5753557834230987,0.5636060022458831,0.5636060022458832,0.46965412456491223,0.46965412456491207,0.40745655058049207,0.407456550580492,0.7272726532330872,0.5896494598431038,0.722941550212805,0.7469035348321289,0.7808073315022633,0.5114392989336127,0.408816316201583,0.4807864520057983,0.9163768551326867,0.3576615511307606,0.5294589507932314,0.8882395587726097,0.29910280131573175,0.3867689319848122,0.8122225364170836,0.18738644522344736,0.20007262936653042,0.6656464050064239,0.43252753692962914,0.8424070202266489,0.6038035765378353,0.6397457382669769,0.9795796141526396,0.8424070202266489,0.6038035765378353,0.6397457382669769,0.9795796141526395,0.8723405453566815,0.4711808607458277,0.8823530634484255,0.6675067856841075,0.8723405453566817,0.8823530634484256,0.48543506897040983,0.5179676350146513,0.81413648022663,0.8730755806083332,0.7596058619347751,0.8756378539729626,0.36502657765810775,-0.0260417232639909,HOLD,0.0,0.5
0.5540567081953598,0.5537816587519965,0.5629833060481033,0.5562119399298091,0.03465294516706873,0.0,0.0,PPM,2024-03-04 00:00:00+11:00,Financial Services,0.5033629122672211,0.5399451530347465,0.3715774049960223,0.33985123359393526,0.46469756078179736,0.8776012068683947,0.42608864239959066,0.8037144797325866,0.398289516010782,0.7263149999824943,0.2546000703553455,0.9039447925052221,0.07276707336479538,0.9404213943703739,0.037877754179829415,0.8564526212848417,0.5830522001895162,0.5830522001895162,0.5462625148029362,0.5462625148029362,0.4695201088080096,0.46952010880800943,0.38149372177418833,0.3814937217741883,0.7352939665254471,0.615165711425092,0.6799525873624068,0.7716745432413599,0.7854563981250985,0.571375359769703,0.44974730904915816,0.46420178999315787,0.8210721206997993,0.38374003500715204,0.5209892531347516,0.8215909380175397,0.3160475551619637,0.3843620289606391,0.8023561677563195,0.2095136517429089,0.19755156862318868,0.13842254684547808,0.09970179085886129,0.8032680672406413,0.6417165850073834,0.6437331249066234,0.9144191079801671,0.8032680672406413,0.6417165850073834,0.6437331249066233,0.9144191079801671,0.9148932963785884,0.7775326262947221,0.9199996815338959,0.8363603507455828,0.9148932963785886,0.919999681533896,0.5118172595203878,0.49206916057511074,0.74483045565148,0.8434885512722227,0.8214406811875984,0.8739168200754128,0.36919729697507686,-0.050996953157674496,SELL,0.0,1.0
0.5540567963091247,0.5444962602523397,0.5724238716515215,0.546927933986169,0.014076208514717942,0.0,0.0,PPM,2024-03-05 00:00:00+11:00,Financial Services,0.4614045219680416,0.49807043475629054,0.3409645208742482,0.31568186465605785,0.4961822763414232,0.7753515585791249,0.4371670353485744,0.7686454823000826,0.40937608280385396,0.7018445203132446,0.2661656926980256,0.8834111900491436,0.07838189103913473,0.9247630420550645,0.04054901891183316,0.8445778479196234,0.5594853939371777,0.5594853939371777,0.548105767181134,0.548105767181134,0.4581989311945552,0.458198931194555,0.3827724921279662,0.38277249212796605,0.7575759920348091,0.5993742766454331,0.6639842546621694,0.7866400060561642,0.7927520814573696,0.5968069967648509,0.4785375985841682,0.4571903298334248,0.7354677884385775,0.400316322318639,0.5228313842748286,0.751742774787133,0.3309909642919229,0.3836178992214001,0.7731808093406953,0.21183606204588312,0.2019508022762238,0.05658378631654456,0.03992929484188387,0.8271247918587834,0.6374504559273785,0.6655107880752991,0.8880407592053121,0.8271247918587833,0.6374504559273784,0.665510788075299,0.8880407592053121,0.8723405453566815,0.8860085783060656,0.8800000870424352,0.8937704189654132,0.8723405453566817,0.8800000870424353,0.5118172615281249,0.4575378746706925,0.6653173903546783,0.7695341871924579,0.78897629649958,0.835245580397791,0.37328460190570645,-0.05787041319039854,SELL,0.0,1.0
0.5354478961102103,0.5537816587519965,0.5441023503752112,0.5562119399298091,0.03156914927827315,0.0,0.0,PPM,2024-03-06 00:00:00+11:00,Financial Services,0.5033629122672211,0.5399451530347465,0.4328031661686663,0.3884883584550864,0.5384898595692189,0.6971515900374308,0.4540483791536478,0.75706182639274,0.41904128665198415,0.7028589145086082,0.2778876056451205,0.8846745408005149,0.08195495558473898,0.9329117397032123,0.04345315498059121,0.8516019177143938,0.45244667296096786,0.4524466729609678,0.5070393548089638,0.5070393548089639,0.45163511019683716,0.451635110196837,0.3827487957232259,0.38274879572322584,0.7377051419427154,0.6507761184065578,0.7091453630743128,0.7988573783123343,0.8015083224630328,0.6108416593692806,0.5068312944176956,0.45986980882728146,0.7046103271322723,0.41806918460178677,0.5214537470097106,0.7332895915193677,0.3459006327725087,0.3832469391378097,0.7675923985579763,0.2295360402111488,0.19632252742178696,0.11583987452090246,0.09120825080622237,0.9117090971193414,0.6925443751740671,0.6386900449217402,0.8911443939146603,0.9117090971193411,0.692544375174067,0.6386900449217401,0.8911443939146604,0.9148932963785884,0.900257355137336,0.9148932963785884,0.904652730093742,0.9148932963785886,0.9148932963785886,0.5329231832115657,0.4704869587318242,0.6177702094325914,0.7191485684534249,0.7530210013792928,0.7918043099115477,0.3772901607377236,-0.07630370876814063,SELL,0.0,1.0
0.5540568273423416,0.5537817783817324,0.5913048597097519,0.5701381983683684,0.01755391505929792,0.0,0.0,PPM,2024-03-07 00:00:00+11:00,Financial Services,0.5136916952018191,0.5501747697707531,0.4174967270706608,0.3761052870007522,0.5670229127941926,0.6649965054752034,0.4725123626758079,0.7511806961211283,0.4275694261207572,0.7109983258407391,0.28976581759777087,0.8911934318147586,0.08654889669471055,0.9457119515022145,0.04629400534519679,0.8634167432695715,0.40511308737588986,0.4051130873758898,0.5034992639795619,0.5034992639795619,0.4450960596632724,0.44509605966327237,0.38284786484248295,0.3828478648424829,0.8135593683591962,0.5943514790071892,0.6947725107906642,0.8100587433381904,0.8111902053040463,0.6197362556514769,0.5329451570270847,0.4669461792961733,0.6888658575046462,0.43688404456403473,0.5173912309831065,0.726026107108386,0.3613524319647041,0.3823127616529023,0.7670470127458184,0.17457656661072696,0.18203854644448342,0.0841765004396792,0.05334151856747265,0.8013182573107338,0.7067638240179541,0.6175218760218495,0.8929045736665665,0.8013182573107336,0.7067638240179541,0.6175218760218494,0.8929045736665664,0.978723426831571,0.9216308565466147,0.978723426831571,0.9242914975334694,0.9787234268315711,0.9787234268315711,0.4432233987601076,0.431639387480408,0.6122005551115066,0.7153357622372901,0.7266580436915927,0.7813584667952043,0.3812156083931003,-0.07218849739772881,SELL,0.0,1.0
0.5540567461906749,0.5537816969012593,0.5818642998018377,0.565496070634999,0.009204612864173158,0.0,0.0,PPM,2024-03-08 00:00:00+11:00,Financial Services,0.47195692193760425,0.508650399220743,0.4021902855823447,0.3640206025318134,0.5709584890173403,0.6450600300939211,0.49255897173661767,0.7112305576830418,0.43552901429941326,0.6963117179303666,0.30289436278688253,0.8751665808512995,0.09131297970691099,0.9363243259426197,0.04883688008798437,0.8564495840963816,0.04400775540243931,0.044007755402439314,0.49092350995143325,0.49092350995143325,0.4463569810162162,0.4463569810162161,0.3609795990897349,0.36097959908973476,0.9411765325868371,0.6319406150567656,0.6605645452269437,0.8152314739753506,0.8201718851210689,0.6130079262090041,0.5469823548047208,0.4869098706284811,0.6448566121033346,0.45221213226344803,0.5156168663920214,0.6881853740924189,0.3740600478844367,0.38838726256427414,0.7485666608474968,0.06727413792127036,0.17289458474148123,0.10515649394201385,0.029038380159397144,0.6329238984361558,0.7234674506571332,0.6083187981210904,0.9414460676921845,0.6329238984361555,0.7234674506571332,0.6083187981210905,0.9414460676921845,0.957446482520863,0.9501285559090892,0.957446482520863,0.9501916124211724,0.9574464825208632,0.9574464825208632,0.39573508418495346,0.42300676041106,0.5800333854749752,0.6755127982239681,0.6950213146546546,0.7408840311300167,0.3889094869887463,-0.08193602076430218,SELL,0.0,1.0
0.5494046239578017,0.57235275270029,0.5724239025625997,0.5701381983683684,0.03821551456709336,0.0,0.0,PPM,2024-03-11 00:00:00+11:00,Financial Services,0.49271300362450554,0.5293651885702942,0.4328031685589769,0.3882638838428688,0.573910204239215,0.6494348015497158,0.5094403438985662,0.6927740383225636,0.4432043344731864,0.6937074599596307,0.31508515594836295,0.8707433146880795,0.09633228586149789,0.9377439578688149,0.051347656649790796,0.8590197026141243,0.040205570387197805,0.0402055703871978,0.4887676558342355,0.4887676558342355,0.44634803170140097,0.4463480317014009,0.3540499057429844,0.35404990574298434,0.9142858678649947,0.6443791844570705,0.6605645452269437,0.8181744674366722,0.8280605423526424,0.6025049495136884,0.5597108940408149,0.5029426801295631,0.6245733407958541,0.46662672197795807,0.5142366687552363,0.6738668318337832,0.3871484058163992,0.39193280413604725,0.7406355063826062,0.06995798544057397,0.17385413722988113,0.40138278183649184,0.1193228043866241,0.6266469178901283,0.6910125946499313,0.6031537196609967,0.9043703455430221,0.626646917890128,0.6910125946499313,0.6031537196609968,0.9043703455430221,0.9019608801825183,0.9457981399467454,0.9019608801825183,0.9458666717549911,0.9019608801825184,0.9019608801825184,0.4010115496177768,0.43595595662135656,0.5672171744482407,0.6568130929575626,0.7843834065115061,0.7479504550632394,0.39629561044056627,-0.053381482089626564,SELL,0.0,1.0
0.5633613152630881,0.558424603193438,0.6054656596590704,0.5747803261017381,0.03524865568383174,0.0,0.0,PPM,2024-03-12 00:00:00+11:00,Financial Services,0.4926814108928209,0.5293337543328019,0.4021902855823447,0.3640206025318134,0.5798136082393532,0.6471691116305944,0.5294869671378133,0.6698841184989435,0.452016749587018,0.6898876407057626,0.3282137095386144,0.8656264487852895,0.10220232439176913,0.9384686515546059,0.05409039571368068,0.8613813772731379,0.01672232584406045,0.01672232584406045,0.46670782224423185,0.46670782224423196,0.4418990639390275,0.44189906393902745,0.34497646208130456,0.3449764620813045,0.7500005599242087,0.7295355447421052,0.656366992687265,0.8193369774301855,0.8346492835123456,0.590013910087354,0.560805359532077,0.5340099120644188,0.6073937854891391,0.48035254711706354,0.5152041277826326,0.6612093591130008,0.3989447040282623,0.39948918383146914,0.7340412471877702,0.085908164491688,0.17932831942490984,0.3127229225760138,0.10795125648700075,0.645251635668774,0.722216918405787,0.621918250765032,0.9383492042363303,0.6452516356687741,0.722216918405787,0.621918250765032,0.9383492042363302,0.9215690461791243,0.9266600114993758,0.9215690461791243,0.9267527411958056,0.9215690461791244,0.9215690461791244,0.36407638272620363,0.3971084208966611,0.5617861948335208,0.6458067711338414,0.831027622714114,0.7490856997165236,0.4079964917397928,-0.03125014761649647,HOLD,0.0,0.5
0.6113370147441215,0.6016600049121651,0.5615081722855431,0.584354402647939,0.019203227995921907,0.5555555555555556,0.0,PPM,2024-03-13 00:00:00+11:00,Financial Services,0.5036258364289989,0.5402059347351045,0.27591215222346066,0.2679290503254509,0.5857784936357169,0.6563919746885998,0.5553695202785256,0.647007159489499,0.4611311884732858,0.6918995932779384,0.34166461066272236,0.8659166964982709,0.10850304168577418,0.9446391711267057,0.05677105872598398,0.8688157761447265,0.016860394878028345,0.016860394878028352,0.4027483840859906,0.4027483840859906,0.4418247706519742,0.4418247706519741,0.3444426347658068,0.3444426347658067,0.7512956369453716,0.7369546527587136,0.6855795997706652,0.8204472038384486,0.8401855971401888,0.579901015818027,0.5207242150181228,0.6097191015066847,0.6349931128814973,0.4942452082954827,0.5164790736639794,0.6579681592609491,0.4105734811041355,0.40797446442963725,0.7329848560164935,0.076592346768302,0.18420378341802646,0.19033900487563762,0.057889734307188155,0.6454075462311665,0.7824558901331121,0.6261192408801379,0.9476266417957069,0.6454075462311663,0.782455890133112,0.6261192408801379,0.9476266417957069,0.8560524439791592,0.8927082459259075,0.8560524439791592,0.892843903593547,0.8560524439791594,0.8560524439791594,0.4570742088851358,0.46455212540739155,0.5547907760099995,0.6328807209517858,0.8412886316794465,0.7952763183648668,0.41899532016106555,-0.03105596949359768,HOLD,0.0,0.5
0.5681587167319739,0.5968721366575834,0.6150534600082047,0.6035028052634404,0.012926550697454063,0.0,0.0,PPM,2024-03-14 00:00:00+11:00,Financial Services,0.5246683834070718,0.5610124652815293,0.4811141169637453,0.4257616683282734,0.5928502292694153,0.6855139473407923,0.5744599638784458,0.6502167352023684,0.4734081327894264,0.702281849736818,0.35576021525568446,0.8765012266178106,0.11532482812988132,0.9615729656671244,0.05965764252634509,0.8857897284880173,0.030746317126219037,0.030746317126219044,0.3250072827730768,0.3250072827730768,0.4244067233331997,0.4244067233331996,0.3443798030939404,0.34437980309394034,0.9295142835492916,0.7907529547761085,0.6978364562870426,0.8241360640298439,0.845496207840714,0.5777322110584138,0.486179865204208,0.6698341061597071,0.8647951278583141,0.5084926678150723,0.5222317318337045,0.6695528599205847,0.4229099390258255,0.4166220285535678,0.7413829937496145,0.07310634019019499,0.18452021681816155,0.13528173595360657,0.03897732260860195,0.6518975341760149,0.7089619471171371,0.6793858286820422,0.966181758706445,0.6518975341760147,0.708961947117137,0.6793858286820422,0.9661817587064448,0.9280260757288903,0.9014361693970004,0.9280260757288903,0.9015607916430305,0.9280260757288905,0.9280260757288905,0.4531168574746462,0.4742640188907076,0.5738899280563,0.6429332522428143,0.8652154587101406,0.797978903755397,0.4350211636960465,-0.08895703191797488,SELL,0.0,1.0
0.5633612749627532,0.5825087949702606,0.6101858583056639,0.5939287287172392,0.00498001295996127,0.0,0.0,PPM,2024-03-15 00:00:00+11:00,Financial Services,0.46140464083898636,0.49807055412323853,0.46532935654855434,0.41356780768397017,0.5988766225056155,0.6496741537035127,0.5798013357052159,0.6269075974832721,0.4802661681238316,0.6831356480094806,0.3689082972954192,0.8554827978228828,0.12188608228539133,0.9450567422062048,0.06247427340411438,0.8735933107253898,0.04473749810764054,0.044737498107640536,0.0005688314786388982,0.0005688314786388982,0.3678771473493146,0.36787714734931454,0.3451438762195383,0.34514387621953824,0.7850887864128027,0.7465535402790547,0.7336664695167502,0.8219065736771418,0.8492118952204024,0.562406413867608,0.49153299398078354,0.6737696410501659,0.7139258027779058,0.520357966942381,0.5219151475878244,0.6373664525856562,0.43392556925025194,0.4254875971135341,0.7208428106950651,0.06992375461785753,0.15792531925085224,0.05824410407254969,0.01684392910279234,0.645561716048479,0.5844183314551488,0.5879299480834046,0.9328565821617871,0.6455617160484787,0.5844183314551488,0.5879299480834047,0.9328565821617871,0.8920397287987195,0.891548285694334,0.8920397287987195,0.8916854099937843,0.8920397287987196,0.8920397287987196,0.42772374601890456,0.4578078063249632,0.5580028774713982,0.6202332007092229,0.8519361323319324,0.80752655788129,0.44976493974822895,-0.10493827259800137,SELL,0.0,1.0
0.5825516138713707,0.5729331363635058,0.6004503648033535,0.5939287287172392,0.009415433579864383,0.0,0.0,PPM,2024-03-18 00:00:00+11:00,Financial Services,0.4823191664152124,0.5190077938955185,0.4021902855823447,0.3640206025318134,0.6039191018533203,0.6385364085318046,0.5840876332918445,0.6207244468788307,0.4888298344080615,0.674039151105994,0.38205637933515346,0.8453845329195623,0.12853240853524284,0.9397228147018386,0.06509285945326249,0.8713175271699122,0.04748037775721386,0.047480377757213865,0.0,0.0,0.3552014070615605,0.35520140706156045,0.3451438762195383,0.34514387621953824,0.7277785475725187,0.8034027283099091,0.6606777673755715,0.8176977865504884,0.8511786337521454,0.5456005681002752,0.49602745230514755,0.6767573085032681,0.6726015021362465,0.531328880909202,0.5249946402865416,0.6224985796303942,0.4439385346153506,0.43598356373793257,0.7113473386073246,0.048227327900448716,0.15359345777606753,0.13950864417568137,0.03204128424920836,0.6393781694509336,0.5756022118688442,0.615893024641057,0.9328565821617871,0.6393781694509335,0.5756022118688443,0.6158930246410571,0.9328565821617871,0.8920397287987195,0.9035986179958411,0.8920397287987195,0.9037205060827006,0.8920397287987196,0.8920397287987196,0.38122476887435713,0.39387116166343483,0.5479129378347107,0.6038778514801519,0.8522074742276368,0.7581007682964827,0.4633292137162367,-0.10493827259800137,SELL,0.0,1.0
0.5873490816555855,0.6351747962931543,0.619921234250068,0.6513739365637425,0.05338207713198295,0.0,0.0,PPM,2024-03-19 00:00:00+11:00,Financial Services,0.6085825648093697,0.6427427054554232,0.5758227177167984,0.4981791907890797,0.6201533636901582,0.7355510321438485,0.5959573248317154,0.6959837039228118,0.501195611043195,0.7307567681763893,0.39745116139141956,0.8973340072438502,0.13657180033317173,1.0,0.0684612450448856,0.9265641528721119,0.17357239991401388,0.17357239991401385,0.10075998907443488,0.10075998907443488,0.375143080191825,0.37514308019182496,0.3550520863888467,0.35505208638884667,0.9088409078490023,0.9439823546540999,0.7647526884654923,0.8277795190697451,0.8551613460547872,0.5649722863209168,0.5266608852536221,0.66942799972793,0.9251147384383218,0.5514193273699215,0.5256021212564838,0.6884861986360125,0.45790844443190415,0.4446209649895072,0.7574606648209612,0.061888068985175654,0.16169068400027936,0.6156295265690876,0.1741439426616664,0.7081216351889986,0.6376419577246686,0.6743470034746719,1.0,0.7081216351889984,0.6376419577246686,0.6743470034746717,1.0,0.9835082614594148,0.9221768124392119,0.9840193797603731,0.9224461420325553,0.9835082614594151,0.9840193797603733,0.4153567732702563,0.395894366900155,0.6740976050463314,0.643405735548624,0.8853851213316966,0.7800422946556667,0.475808345766804,-0.14880955058803047,SELL,0.0,1.0
0.6401225096962186,0.6495383972768555,0.6685986981107579,0.6513739365637425,0.167329504593035,0.0,0.0,PPM,2024-03-20 00:00:00+11:00,Financial Services,0.4823191664152124,0.5190077938955185,0.4021902855823447,0.3640206025318134,0.6343583692410029,0.7040166819589659,0.606771942131445,0.6801604403437127,0.5161198226428028,0.7147511592279157,0.4115956018100846,0.8863523680261122,0.14486641298703296,0.9931907022738462,0.07179662179771795,0.9235790009261292,0.18092540911425803,0.18092540911425803,0.10419527044492886,0.10419527044492886,0.3440946270282404,0.34409462702824034,0.3466482518584844,0.34664825185848436,0.9046253694354752,0.9218999111136297,0.7734148720676711,0.8331493487756207,0.859630791962281,0.5696493641568567,0.5463323303332208,0.6698184188856988,0.8081426395724656,0.5659612280983113,0.5351052859812603,0.6675200645274639,0.4719652045943967,0.45057066634932763,0.7444300522132579,0.1734784116143168,0.23199224156178888,0.7882119306013132,0.4324893346599768,0.6950975384486948,0.6284993161887887,0.7203635244426829,0.9516853296936192,0.6950975384486948,0.6284993161887888,0.7203635244426829,0.9516853296936191,0.8984610340185556,0.9243269847041217,0.9390015409043836,0.93815140915774,0.8984610340185558,0.9390015409043838,0.3691878217691103,0.38402437666375366,0.7380518001410321,0.6549615369017138,0.9086600502911053,0.9018596212602261,0.49336225613496587,-0.1071428516024765,SELL,0.0,1.0
0.6305273603920774,0.6351748158583342,0.6393922390368163,0.6417997352559921,0.009939311364656525,0.0,0.0,PPM,2024-03-21 00:00:00+11:00,Financial Services,0.4620268323152039,0.49869528439761074,0.4021902855823447,0.3640206025318134,0.6424755266030331,0.6644616036960693,0.6149158664285712,0.6531658567695648,0.5304577271847404,0.6881882641430574,0.42557398529930746,0.8651568217016193,0.15298556316018486,0.9755387457602185,0.07496302184629355,0.9110957007110253,0.19298868229525315,0.19298868229525312,0.11333933118181842,0.11333933118181842,0.3472926885971827,0.34729268859718265,0.34728328948896464,0.3472832894889646,0.8181825720439077,0.797811244133015,0.8382467625867791,0.8321341075341737,0.8629637274400992,0.5587285078856578,0.5572696717968058,0.6734377978162829,0.701470983232839,0.5752405584450582,0.5484743448474997,0.6371665456243828,0.48380555288623683,0.4597862015988825,0.724117377077957,0.17122798671793737,0.23655481805888884,0.04951024419359589,0.025155504868676182,0.6572765544249203,0.6062577381430919,0.7111419738179249,0.9486088418943486,0.6572765544249203,0.6062577381430918,0.711141973817925,0.9486088418943486,0.8212992269575508,0.9006395473596368,0.9085025549067731,0.9436570119032368,0.8212992269575509,0.9085025549067733,0.2707485354695048,0.3941409298413192,0.6314107917581435,0.6298744386765395,0.8467029411385195,0.906435537356514,0.5139677030662008,-0.12874244535066515,SELL,0.0,1.0
0.6305272542689566,0.6208112229439794,0.6588631184316043,0.6322254091866919,0.010715606028536972,0.0,0.0,PPM,2024-03-22 00:00:00+11:00,Financial Services,0.4619050556797729,0.49857301989153247,0.3706207541749614,0.3402854134713476,0.6505926310778409,0.6252871509430005,0.6224992745602509,0.6272088951484214,0.5453464043287157,0.6614764316829234,0.4387611368397182,0.8448052885398442,0.16135461361078773,0.9578126777383933,0.07832352783220253,0.8984854312639962,0.19269926869446322,0.1926992686944632,0.11744559886620849,0.11744559886620849,0.34071245271570066,0.3407124527157007,0.3488595043424206,0.3488595043424205,0.7272727272727274,0.7347155150836905,0.8180577242162193,0.8261278532300571,0.8641947076983655,0.5385305842750671,0.5606797000229622,0.6826199159109918,0.6193872212503857,0.5769033180331453,0.5695617054781582,0.611048381225944,0.4942446013214652,0.4696688994049649,0.7053131903694223,0.17554887299420904,0.23685591156946806,0.051966934557491955,0.027110788450926633,0.6575787445346271,0.6019430810003692,0.7230346000134936,0.9223827810295258,0.657578744534627,0.6019430810003691,0.7230346000134935,0.9223827810295259,0.761731843510257,0.8263777755609295,0.8780031714764549,0.9082023989732266,0.7617318435102571,0.878003171476455,0.23974942229615254,0.39899697311316307,0.596486875963441,0.6246814996939691,0.8086423840862601,0.8897985848344356,0.5321004963656873,-0.08132530049548325,SELL,0.0,1.0
0.611336985046083,0.6112356330515168,0.6296567086465761,0.598715704609565,0.0014981300937550793,0.0,0.0,PPM,2024-03-25 00:00:00+11:00,Financial Services,0.4104402931397107,0.4465047546417322,0.3232664537135099,0.30396338240283677,0.6516072459990319,0.5473236722641572,0.6257469448941135,0.5697338931045104,0.5561931154563131,0.6110421852813444,0.4500385916858498,0.8001695550573639,0.1687692547150874,0.9135691848483789,0.08153821735707312,0.8619862514795437,0.23875188668920014,0.23875188668920017,0.15866461072713406,0.15866461072713406,0.3534433243479667,0.35344332434796666,0.3559347124866163,0.35593471248661623,0.4799999999999999,0.6319696807062645,0.7881214504480264,0.8096992063031841,0.8612533917225519,0.4984385214980779,0.5577489823143067,0.6903193536894832,0.40195278669840356,0.5750174402036827,0.5877230708188396,0.54506264492452,0.5018983359392282,0.48019136421905917,0.6653649056860619,0.16958440383309703,0.23511032463985565,0.00948123584186303,0.00364120362387913,0.6144325083384712,0.5669465571077924,0.654508603478783,0.8640928339254828,0.6144325083384709,0.5669465571077923,0.654508603478783,0.8640928339254829,0.5532487181912144,0.7107835277272827,0.7712567204848181,0.8521041119729748,0.5532487181912145,0.7712567204848183,0.2516214664138792,0.39575967322164574,0.507455716760113,0.5923083178995258,0.8323943735822421,0.900556534406387,0.5480573544692356,-0.12615379261118853,SELL,0.0,1.0
0.5969442321117842,0.5920843174975122,0.624788962317222,0.598715704609565,0.01835359712428516,0.0,0.0,PPM,2024-03-26 00:00:00+11:00,Financial Services,0.4823191664152124,0.5190077938955185,0.3706207528348111,0.3397773212207578,0.6404461645425945,0.5707573570601157,0.6284670639294683,0.5659945343564432,0.5684611742485017,0.5990375440548024,0.46147234553753647,0.7919551843332878,0.1755033099188399,0.908366954307801,0.08465388492341797,0.8593270979739315,0.0695290424750887,0.06952904247508869,0.15877762900145725,0.15877762900145725,0.3413860705046425,0.3413860705046424,0.35520192458408967,0.3552019245840896,0.5217385392363381,0.6116601800415575,0.7609225067365423,0.7945048391525952,0.855269205598582,0.46919924073808794,0.5547384008781966,0.6972450249192741,0.37648519086424154,0.5654802707139788,0.6149549961699085,0.534055929411424,0.5087217938536501,0.4923822350622684,0.6588674409540423,0.14319583743127878,0.23850660702147602,0.10550841945160173,0.046351798139418,0.5428890030416536,0.562644757466354,0.6799086496364807,0.8694753488523983,0.5428890030416534,0.5626447574663539,0.6799086496364806,0.8694753488523983,0.4999998370596139,0.6031965164827667,0.7712567204848181,0.8062054893524109,0.49999983705961404,0.7712567204848183,0.20495772802238593,0.3705356233305991,0.4685710442298457,0.5764729476327194,0.8575435445931585,0.8705241908835801,0.562099389600358,-0.09230765899774396,SELL,0.0,1.0
0.5825516138713707,0.5729331363635058,0.6150536050568192,0.5939287287172392,0.0060549981465484615,0.0,0.0,PPM,2024-03-27 00:00:00+11:00,Financial Services,0.4718298642191777,0.508523205091294,0.4021902855823447,0.3640206025318134,0.628270468164966,0.5856996253170967,0.6295551313934225,0.5569612488504425,0.5829945297566801,0.5794618789953085,0.4735263849452247,0.7782506868812847,0.18300036854437574,0.897165356291816,0.08753653165563002,0.8520783290943822,0.06314601319052993,0.06314601319052993,0.15829674451766013,0.15829674451766013,0.30759793606692426,0.3075979360669241,0.3479798574572713,0.3479798574572712,0.5,0.558821029263393,0.7997096542887814,0.7791345825191731,0.8468086894786951,0.4454039078847065,0.5534364140649479,0.7000991880713814,0.32979662685097266,0.5328278711385941,0.666511803784095,0.5103226735301255,0.5136191001107391,0.508968441730117,0.6484410920231338,0.0217003280244096,0.23757495925679084,0.15905270957656945,0.015192581360181952,0.5369455431255878,0.5495269091901244,0.723100948919184,0.8925747860941604,0.5369455431255877,0.5495269091901244,0.723100948919184,0.8925747860941604,0.4666674904923077,0.504394300032614,0.7560076249187206,0.7654069647456258,0.46666749049230793,0.7560076249187209,0.20561699859931953,0.32359457130378366,0.4173135538322909,0.5504848988389988,0.8347864386811281,0.8755434687715078,0.5744563805157458,-0.1080246829169883,SELL,0.0,1.0
0.5777539894582151,0.6208113884431895,0.6247890582927427,0.6130771313327403,0.045794703054344466,0.0,0.0,PPM,2024-03-28 00:00:00+11:00,Financial Services,0.5244069658799315,0.5607547588495616,0.48111412226885775,0.42537937107408785,0.6221826199761518,0.6428465859892123,0.6306431988573766,0.5856203096368013,0.5938678974561336,0.5912442030194218,0.4863814184261823,0.7896436548462534,0.18999761975564677,0.9135601852991881,0.09016299639892278,0.8690167950831255,0.11356385111644765,0.11356385111644766,0.15818070712403026,0.15818070712403026,0.23314063784306405,0.23314063784306396,0.34732939864873075,0.3473293986487307,0.25000000000000017,0.6228009779984092,0.9133694644699824,0.7703821824507769,0.8379486375294811,0.44156472326013285,0.553712765958948,0.7015993007955166,0.4615778061636983,0.511619071051429,0.7021745847445763,0.5680724185880657,0.518798206958609,0.5267277460007531,0.6614609382754842,0.048711845060221706,0.2169425765495177,0.6365635774136438,0.12378539048288628,0.5723936896237082,0.5494207090297428,0.6532307207017163,0.9160247187942889,0.572393689623708,0.5494207090297427,0.6532307207017162,0.9160247187942889,0.6000003516862444,0.52004907149087,0.8114286917691569,0.7788415302293055,0.6000003516862445,0.8114286917691571,0.23381311107849562,0.3337110243021244,0.5081057826332229,0.5973157033799172,0.8750425161849359,0.8999023696922113,0.5853305325212869,-0.13109756242909443,SELL,0.0,1.0
0.601741797045414,0.5920842981591122,0.6247889429557423,0.6082899059173155,0.020617998710017776,0.0,0.0,PPM,2024-04-02 00:00:00+11:00,Financial Services,0.47192526174420923,0.5086187054813088,0.3864055194029548,0.35193591806287416,0.61710941315214,0.6428868906120448,0.6322752646072145,0.5758373558229064,0.597625595467628,0.582148799649052,0.5000130238669871,0.7749948319708909,0.19758772334065577,0.9023405902198804,0.09222636468214529,0.8624705608151412,0.11257137126454,0.11257137126454002,0.155985295250458,0.155985295250458,0.017738534622037505,0.017738534622037477,0.3363866475422788,0.33638664754227887,0.2352937569275062,0.5949424228566942,0.8388938363889265,0.7603338844940297,0.828459264648263,0.43551750779477644,0.5529239013449472,0.7048817988353788,0.41229942918418994,0.5114301337257727,0.7080466964962192,0.5375193181434127,0.5211753603160156,0.5506247932726509,0.6517673820486297,0.05617177328875775,0.15648421756619318,0.2616979762670631,0.06884990526602258,0.5781927964782454,0.5537741554772254,0.5392620562920326,0.9465501373139454,0.5781927964782453,0.5537741554772254,0.5392620562920326,0.9465501373139454,0.5666662676565822,0.5423723072136212,0.669999523365947,0.7449784560037779,0.5666662676565825,0.6699995233659473,0.19770242849930025,0.282588790551647,0.4476002783385646,0.5563849456313501,0.815053889014059,0.8440869617303741,0.6650743138952563,-0.10703364231223855,SELL,0.0,1.0
0.553766066436777,0.592084413358627,0.6004503251602844,0.6130771313327403,0.00882991328786934,0.0,0.0,PPM,2024-04-03 00:00:00+11:00,Financial Services,0.49274485746207464,0.5293968823097286,0.56003795895537,0.488667658759063,0.6201533636901582,0.6472764639178821,0.6344513711782482,0.5803689270603238,0.601107918638367,0.5843563181932756,0.5139621041805609,0.7703838457918121,0.20560585111629415,0.901657913674196,0.09422568883549176,0.8655518882812884,0.040576800170252815,0.04057680017025281,0.1561264564943441,0.15612645649434415,0.016861201384756552,0.016861201384756525,0.33504135845452326,0.3350413584545231,0.3125006108267826,0.5952794986371508,0.6891215717338064,0.7520170756011998,0.8188802243955744,0.4346558839587973,0.5518411468601072,0.7092850320829696,0.43076824617267734,0.5119336694797398,0.7128752482469215,0.5488581547844703,0.5223760926406524,0.5770813543090645,0.6522307342931027,0.06169514306155696,0.1445684380307775,0.10850136132022523,0.03122489798110531,0.6267034306957913,0.5580751665841829,0.5350270391749764,0.9571276829159787,0.6267034306957912,0.5580751665841829,0.5350270391749764,0.9571276829159786,0.6000003516862444,0.5870187786591234,0.6425994052555142,0.7070517597341617,0.6000003516862445,0.6425994052555144,0.241562954069315,0.19760952811312749,0.4052492667103855,0.5269739382218364,0.7753905779951654,0.7618449765279696,0.6635186120646902,-0.11890239784232493,SELL,0.0,1.0
0.6017419124796535,0.592084413358627,0.6247890582927427,0.6130771313327403,0.007421991741240457,0.0,0.0,PPM,2024-04-04 00:00:00+11:00,Financial Services,0.4823191664152124,0.5190077938955185,0.4021902855823447,0.3640206025318134,0.6231973142281768,0.6406355671045514,0.630099158036181,0.5863723553949016,0.6051587778188718,0.5805252786862898,0.5274423042797487,0.7611308679863548,0.2132836882281124,0.8958612627836109,0.09632403494736419,0.8637682719603225,0.040576800170252815,0.04057680017025281,0.03781808462191329,0.037818084621913314,0.013466901564162304,0.013466901564162276,0.3351244418346285,0.3351244418346283,0.35714405386638776,0.571821108531344,0.6694602490956097,0.7438354833285877,0.8092617641666102,0.4342770929825962,0.5417595461581419,0.7109853117102471,0.4581766858237984,0.5104284538906863,0.7203816018576689,0.5381519966912128,0.5231795098924206,0.603229042785048,0.6479010825731454,0.05345986152877119,0.1414979163188212,0.10350530630149743,0.026682792179262588,0.6267034306957913,0.5076932030510474,0.5434460172236074,0.9392324013932107,0.6267034306957912,0.5076932030510474,0.5434460172236074,0.9392324013932107,0.4545453089063194,0.538313198084861,0.6425994052555142,0.6505907987029893,0.4545453089063195,0.6425994052555144,0.15994250561675966,0.17670197972459345,0.43417666021712026,0.5491454217714822,0.7678310818183621,0.745865096452567,0.6595543237444103,-0.10975616345228012,SELL,0.0,1.0
0.6017419527799883,0.5920844535770152,0.580979377798732,0.5939287287172392,0.011903686004762009,0.0,0.0,PPM,2024-04-05 00:00:00+11:00,Financial Services,0.44074463124788366,0.47726082894147576,0.3390512146161351,0.31568186465605763,0.6231973142281768,0.5965792692935432,0.6235708383230798,0.5651675880261362,0.6074684868742704,0.5564066523071081,0.5402778009100833,0.7324576731463236,0.2206106003785111,0.8689306116821358,0.0982494645521228,0.8430599061867344,0.07359296162207576,0.07359296162207576,0.04645363120316805,0.046453631203168075,0.022803713649651836,0.022803713649651808,0.3392660047544322,0.33926600475443214,0.454546746874341,0.4529637164962723,0.6347981338337133,0.7305886384053643,0.798401279384796,0.4223423396597882,0.5287250497913589,0.7117445261196436,0.29917729508169033,0.5081829999594385,0.7259150985682356,0.42801181015985873,0.5214500755172389,0.6321822937519472,0.6234418137740583,0.05786594731599516,0.1324234851704894,0.15107691508331123,0.04412052564426719,0.60826892095022,0.4911040193180967,0.5183943017613388,0.9211190762785908,0.6082689209502199,0.4911040193180967,0.5183943017613388,0.9211190762785909,0.3846154091496349,0.4773535188041674,0.5234661907874899,0.6015861920300141,0.384615409149635,0.52346619078749,0.1925906398226,0.2131215852709044,0.33079212131885816,0.45961181583654137,0.7324651538715377,0.7489841513443174,0.6557486069569415,-0.10185186227901444,SELL,0.0,1.0
0.5825516138713707,0.5872966242736378,0.6004503648033535,0.5939287287172392,0.006209187940988241,0.0,0.0,PPM,2024-04-08 00:00:00+10:00,Financial Services,0.4823191664152124,0.5190077938955185,0.4021902855823447,0.3640206025318134,0.6191387487689672,0.605331103145855,0.6181305718954957,0.572675879830147,0.608925376634669,0.5550528246429716,0.5532695923454023,0.7238367296628491,0.22870316823734527,0.8629730921286969,0.10027391702697686,0.8413674154278542,0.03380829290698616,0.03380829290698617,0.04687500400813373,0.04687500400813373,0.019369900920213512,0.01936990092021343,0.33838671216197164,0.3383867121619716,0.454546746874341,0.48267767729696087,0.6129834496145893,0.7187886810057573,0.7868929505681336,0.41611713362032265,0.5160800721737775,0.7139067452262169,0.31430976497784496,0.5071595940698539,0.7290503604057857,0.41894916560582723,0.5179177677704645,0.6643854474293887,0.6202199543635786,0.02804435660211262,0.1271885744185835,0.1392346842956647,0.023909079259990144,0.5839145985658076,0.4991502708470895,0.5061092013598787,0.9269645265282046,0.5839145985658074,0.49915027084708957,0.5061092013598788,0.9269645265282045,0.3846154091496349,0.4052319307677052,0.4666674904923077,0.542749925001294,0.384615409149635,0.46666749049230793,0.2089147049050742,0.192753588458202,0.3574856823124534,0.4670986762088173,0.7491695618882307,0.8097656451472737,0.6491702365079445,-0.10185186227901444,SELL,0.0,1.0
0.5825514887980074,0.5729330115444672,0.5323016751619387,0.5269089452783369,0.04235942793748681,0.0,0.0,PPM,2024-04-09 00:00:00+10:00,Financial Services,0.33501104561865136,0.3687216687132129,0.18120317864337038,0.1927460193902413,0.6018897926801043,0.4868062710928731,0.6061619573979358,0.4823841706638252,0.6065623697159097,0.4804175211738966,0.5638486142330388,0.6477024829493329,0.23599285691646532,0.783109000454489,0.10220477867366662,0.7731354409062544,0.20655985648366518,0.2065598564836652,0.16504684715024182,0.16504684715024182,0.10368428532612672,0.1036842853261267,0.3708006601991372,0.37080066019913727,0.2083332880870033,0.3266767896067891,0.39985288689738907,0.6898311925810635,0.7707660584117701,0.3717368401401243,0.5324900475325534,0.6807197641842206,0.0,0.514146465170011,0.719151461797409,0.1129497497506225,0.5100437151020591,0.6987346558231697,0.5363227918959323,0.044423176028859604,0.1424875319073557,0.6311784665807588,0.14896022413382695,0.5044461934554496,0.4485315539784066,0.45231936548039836,0.8577220843249367,0.5044461934554496,0.44853155397840666,0.45231936548039836,0.8577220843249369,0.16666643731121492,0.308835770771262,0.16666643731121492,0.38358540259254786,0.1666664373112151,0.1666664373112151,0.28509393812201494,0.2645138043183731,0.15901063338716526,0.26254919363552864,0.6906444365596137,0.724396114280091,0.6429865682858872,-0.045161241507271965,HOLD,0.0,0.5
0.4818020651665227,0.5442059981471631,0.4836241740735163,0.4838249146319098,0.05136391146933185,0.0,0.0,PPM,2024-04-10 00:00:00+10:00,Financial Services,0.38334465621802866,0.4187677902501104,0.37062075346650664,0.3378570612204954,0.574494370055995,0.4435265298790019,0.5931052754364214,0.430763548359806,0.6012766977524009,0.43560910947480047,0.5723518824969545,0.5980773726664762,0.24223774357645977,0.7309763912635059,0.10405189991090347,0.7288790270820064,0.20279638702625102,0.20279638702625102,0.1825359748796742,0.18253597487967416,0.13097884807557758,0.1309788480755776,0.38409332467165186,0.3840933246716517,0.03448347137146641,0.06667671052277796,0.3317883707649668,0.6543417989589797,0.7493833279806368,0.32123290028642537,0.5582815697284316,0.6377471979462412,0.07000333492218452,0.530000619868179,0.6968053048703827,0.06637621601271776,0.5011841555942065,0.7304588328936814,0.4748923074121131,0.07646599476092224,0.1485547280237582,0.49940503564708133,0.1762112898492483,0.443876610132413,0.4379672545084653,0.41134261949628587,0.7956696923151365,0.443876610132413,0.4379672545084653,0.4113426194962859,0.7956696923151366,0.15217371968873772,0.23100273577649363,0.15217371968873772,0.2594154189672226,0.15217371968873794,0.15217371968873794,0.3340662552939277,0.3454463561138198,0.12369722481097445,0.158451235720253,0.5595886260960052,0.6632366451766973,0.6315758847303162,-0.026577994847180042,HOLD,0.0,0.5
0.4961949147911022,0.520266953178702,0.522566241039434,0.4981863413550851,0.03309049972026997,0.0,0.0,PPM,2024-04-11 00:00:00+10:00,Financial Services,0.5162973234639702,0.5527505306707219,0.37062075138106443,0.33811356628764316,0.5501428979699041,0.5305367442926134,0.5816806875816201,0.4692241673160604,0.5965862183705144,0.45624843580880503,0.5800883451260481,0.6081486879667687,0.2484906076744946,0.742661600901604,0.10597094488373049,0.7416447949376229,0.23609469851219075,0.23609469851219073,0.19644325787949035,0.19644325787949035,0.1356448790903087,0.13564487909030873,0.3747118487729531,0.37471184877295305,0.1290332886077566,0.12610572706163622,0.356541989513548,0.6299326092803397,0.7264438620224137,0.30627405389161466,0.5629337787509174,0.6155157429803457,0.21776034853327253,0.5379790668226898,0.6824790126934562,0.17717726950543417,0.49437447437095483,0.7572880803354669,0.48727124841997116,0.09580326338038184,0.14755886856058031,0.26786076039994233,0.11414908711233575,0.46214251060147804,0.4508303638503171,0.41990781516651027,0.767978693140158,0.46214251060147804,0.45083036385031716,0.4199078151665102,0.767978693140158,0.23255839780390616,0.18008648786622805,0.21739146468845996,0.17605094903694618,0.2325583978039063,0.21739146468846016,0.3558317842117105,0.3470651975530733,0.23366219451161105,0.23799352029315762,0.31758606467629047,0.6585536605514781,0.6138780100233169,-0.03289472386978798,HOLD,0.0,0.5
0.4626117473157376,0.5442060183250584,0.5079629245222561,0.5364831465860873,0.023405275763352246,0.0,0.0,PPM,2024-04-12 00:00:00+10:00,Financial Services,0.5720326387277481,0.6073851060388112,0.6073922470548058,0.5363587094272384,0.5379671222614417,0.6505203615034638,0.5751523253332067,0.5403169067992739,0.5936546678018133,0.5030423251640799,0.58880163348402,0.6420213851399329,0.2554453216953676,0.7802097492663398,0.10793875334892933,0.7780653992527874,0.3263567490789145,0.32635674907891443,0.2478416066353316,0.24784160663533156,0.1616113435634456,0.16161134356344561,0.38118347498798283,0.3811834749879828,0.2894733773871535,0.2647722625718845,0.43203687835103977,0.6210631605667452,0.7059726780445489,0.32999205246025054,0.5583806929905966,0.6089987214362103,0.3777533672969926,0.5392573577833528,0.6768759922003235,0.311706425373248,0.48813110496090273,0.7851858946306554,0.5357547096984215,0.1044679403804781,0.1494978614343922,0.17709039553780936,0.08026691900391897,0.5343034626946381,0.48926044604479946,0.4448097509504291,0.7924187585669108,0.5343034626946381,0.4892604460447995,0.4448097509504291,0.7924187585669108,0.44999953059949843,0.27496049526236166,0.391303940517136,0.25117564793582164,0.4499995305994986,0.39130394051713613,0.3993627482699907,0.42300684121948384,0.32273417463509857,0.3182869300082642,0.38826633674307875,0.648981979450141,0.5979499227870172,-0.04807686605034045,HOLD,0.0,0.5
0.5249804219852443,0.5298426113966542,0.5323017341464524,0.4981863413550851,0.005008411947019517,0.0,0.0,PPM,2024-04-15 00:00:00+10:00,Financial Services,0.3949060328212599,0.43063048175222546,0.2759121487772237,0.2623853046695601,0.5176742156345604,0.603744535209418,0.5620956433716926,0.49604228186942767,0.587205274887092,0.464568986893509,0.5948188826622673,0.5992768836466008,0.2616981857934024,0.7337700901630118,0.1092636647474623,0.7390851363792045,0.33517812802201935,0.3351781280220193,0.2521392600690221,0.25213926006902215,0.1725323898057427,0.17253238980574262,0.3802422175062469,0.38024221750624687,0.23913032393308883,0.2330771591857348,0.3554793231809814,0.6034120824519615,0.6853774954034912,0.3288005353890562,0.5497014018656392,0.5955985272849467,0.2891043290652597,0.5428915347389562,0.6638066396997787,0.23527057984056693,0.4831725184068132,0.8055037510174128,0.4725046090729336,0.10356334055075127,0.14584411557982396,0.04167761904825686,0.0178461667988522,0.48499347847045987,0.4389084578553958,0.3969244977928235,0.715416986529614,0.4849934784704597,0.43890845785539584,0.39692449779282357,0.715416986529614,0.2500001838388346,0.30771765954415825,0.21739146468845996,0.2729861799531604,0.2500001838388348,0.21739146468846016,0.437452243210849,0.38294527967603376,0.33099813558500646,0.3239278929082552,0.39785311915955246,0.6246629808506388,0.5836146442743478,0.0,HOLD,0.0,0.5
0.52498040183721,0.5154789898118103,0.4933597423240328,0.5077605426628355,0.01814327756718908,0.0,0.0,PPM,2024-04-16 00:00:00+10:00,Financial Services,0.5047475344933463,0.5413182680563631,0.30748168425331074,0.28779412913512314,0.513615650175351,0.6366973365956863,0.550671055516891,0.5277480693791639,0.5819284884475353,0.4804050456031661,0.5988140993052951,0.6066326714681368,0.26846680303596626,0.7397545914134815,0.11069153881894755,0.7474517702445368,0.2686953338932226,0.2686953338932226,0.2600808555033079,0.2600808555033079,0.1752780605978989,0.17527806059789883,0.3437189076896568,0.34371890768965674,0.29545426275776904,0.29790834343926753,0.3350495619374412,0.5922430350413638,0.6662321824827232,0.3427324962525979,0.5361497878700079,0.5889840588601569,0.3529822446925107,0.5444900358643248,0.6543559471244823,0.28472796339375267,0.48179105308159964,0.8158868566948427,0.48337394774474945,0.08532019977208816,0.15191817224984688,0.16458453100658593,0.061734151618181445,0.5825004746394666,0.4513810729704615,0.41260509344662044,0.6580378354134718,0.5825004746394664,0.4513810729704615,0.41260509344662033,0.6580378354134718,0.30000002052900054,0.3303004681351674,0.26086958364562896,0.2875264083154418,0.3000000205290009,0.2608695836456292,0.4809830824959644,0.4185555596642775,0.32667588208792075,0.3267137627028726,0.3749444003791884,0.5869447653448814,0.5707128936129452,-0.019607869857183102,HOLD,0.0,0.5
0.4770044905782078,0.4867519482187367,0.5128306611684523,0.47903781397803447,0.006749771012285234,0.0,0.0,PPM,2024-04-17 00:00:00+10:00,Financial Services,0.41547354243882106,0.4516323253868394,0.37062075325674093,0.33777042705981647,0.5126010088105486,0.5682570575907335,0.5354382528059056,0.5017012755447998,0.5748927731947933,0.45329367773566576,0.601685961739487,0.5757116880781666,0.27487917702508424,0.704043214073026,0.11148045106877658,0.7184272979040313,0.2381233242295517,0.23812332422955168,0.261627210689207,0.261627210689207,0.18382091674111617,0.18382091674111614,0.34995734722001864,0.3499573472200186,0.25999970810620354,0.26347328201379105,0.3111172661312269,0.5757508917726887,0.6469746576769473,0.34165423965583286,0.5181063530703238,0.5801429607319215,0.29191466715560466,0.5481498946822496,0.6403737878526153,0.24518655881894733,0.48014883250974294,0.824406117335432,0.4339687401841957,0.05171031411184543,0.1506881289451074,0.09740450275566684,0.023379961879173714,0.6016341881053878,0.421914550383537,0.38826257713203244,0.6303712061609695,0.6016341881053878,0.421914550383537,0.3882625771320325,0.6303712061609695,0.14999985890994014,0.22984566160201972,0.1304346602101532,0.20028484866783675,0.1499998589099404,0.13043466021015337,0.4864245131312977,0.418555619586489,0.32478114898869037,0.334487418574017,0.392773766956685,0.5851741401771886,0.5591013180176828,-0.01999994092624524,HOLD,0.0,0.5
0.481802114114146,0.4723885009539385,0.49335971505353604,0.45988941136253336,0.010125575309185618,0.0,0.0,PPM,2024-04-18 00:00:00+10:00,Financial Services,0.4368643383132511,0.47333817964752095,0.29169691945640386,0.2724482079422003,0.5044838514485182,0.5394625574019498,0.518029343523887,0.4943330214815502,0.5631666014806904,0.44134750229362396,0.6048508769330261,0.5544140958688007,0.28077047957764645,0.6793035750446386,0.11232750047890439,0.6988495485057801,0.23418251298137674,0.23418251298137677,0.25825646683826214,0.25825646683826214,0.12458562072187551,0.12458562072187543,0.3462335377256274,0.34623353772562737,0.3250000162887355,0.24867690842238227,0.28936092610807274,0.5579084253175735,0.6273046645960534,0.3376907857082264,0.49361333911403693,0.573360588087757,0.2597757854648226,0.5439555948885868,0.6263723512775278,0.2338066692174563,0.4770459886015854,0.8358972844523869,0.39719503621215435,0.03440977944401341,0.13072784923802377,0.19030912578315387,0.037914137695877176,0.5557146846603489,0.4049207536348782,0.3291452923188957,0.6391223606837707,0.5557146846603489,0.4049207536348782,0.3291452923188958,0.6391223606837706,0.050000185529608235,0.162875717856303,0.04347842229581516,0.1421237457447945,0.05000018552960839,0.04347842229581533,0.502748728673085,0.42300690237881966,0.3136117674493245,0.334202808292937,0.38791460459071503,0.5853042447513581,0.5486508999819467,-0.027027034165983288,HOLD,0.0,0.5
0.4482189361604769,0.44366143979880135,0.4641531498824125,0.4407408839854827,0.014946052783025557,0.0,0.0,PPM,2024-04-19 00:00:00+10:00,Financial Services,0.43624978555486077,0.4727165035124153,0.3390512231068063,0.31045605631351236,0.4841909712652479,0.5382586465295081,0.5006204200634305,0.48680991259938433,0.5502678080110721,0.43029387140326913,0.6062770376245257,0.5341605081259834,0.2859705642185153,0.655119922881966,0.11343073096638223,0.6790993780531883,0.11466532272061611,0.1146653227206161,0.2586023907364916,0.2586023907364916,0.12481443343882043,0.1248144334388204,0.3417154407066005,0.3417154407066004,0.37142848632826314,0.18181969951638485,0.13402045237493546,0.5392113119966478,0.6071004543161903,0.33255743268724985,0.47159921905086,0.5644515597071122,0.22891802525503885,0.5388911215735446,0.6113780741093574,0.22572301936581068,0.47571629032414875,0.8409640129333888,0.3622760297347431,0.028037057382562788,0.060412030975168354,0.31448336052465425,0.07955347807696544,0.4802522650860403,0.403242241528331,0.31349649613624175,0.59507815897618,0.48025226508604024,0.4032422415283311,0.31349649613624175,0.5950781589761801,0.05263148483401938,0.08004443255629225,0.039999945675951644,0.06825912024116544,0.05263148483401958,0.039999945675951776,0.48098330497390057,0.38739662266342234,0.2855451505062242,0.3216642412091549,0.24607296248318386,0.5096659744399161,0.5392455237497841,0.0,HOLD,0.0,0.5
0.4194335172134316,0.4484493561843733,0.44468213503872933,0.45988941136253336,0.023044274521982405,0.0,0.0,PPM,2024-04-22 00:00:00+10:00,Financial Services,0.5290196369376737,0.5652990842786214,0.4968988851188651,0.44602976820534507,0.4760738139032179,0.6054496064696981,0.4853876173524452,0.5416146958957093,0.5391279433546396,0.463030795014016,0.6072538675539727,0.5530259178559417,0.29211708762700983,0.6720576825718225,0.11493793071681657,0.6968864323929197,0.1452734130924595,0.1452734130924595,0.2791668993903247,0.2791668993903247,0.13975460159704578,0.13975460159704575,0.33652902579255667,0.3365290257925566,0.38888876823161567,0.2352060061876467,0.18348018869185698,0.5305866029039665,0.5888759624895542,0.3515807694913885,0.4307773031203128,0.5751520289130292,0.3154449639225416,0.5299073046413714,0.6025942145554241,0.2880404199607716,0.4751706054929252,0.8438407669767927,0.3928079116056664,0.04162430287733976,0.06645918502481442,0.36493685733781817,0.11735316581933862,0.5557146846603489,0.4204459496857142,0.3360794444476751,0.5836287926786984,0.5557146846603489,0.42044594968571414,0.3360794444476751,0.5836287926786984,0.23809539972391877,0.10954319986847413,0.1960787024260298,0.09021221727791531,0.23809539972391902,0.19607870242602998,0.5190727869011074,0.40520176170195266,0.30550040978120485,0.34504267068400973,0.33621458061761644,0.26983649413584343,0.5268914322027735,-0.016891841324285117,HOLD,0.0,0.5
0.4386237679964853,0.4340857824797403,0.4592854037858509,0.4407408839854827,0.04861823057939446,0.0,0.0,PPM,2024-04-23 00:00:00+10:00,Financial Services,0.43624978555486077,0.4727165035124153,0.37062075434457586,0.33705613726588546,0.4618687819087619,0.590579482804281,0.47559510942591876,0.5231612169837117,0.527401771640537,0.450913489163852,0.607429695009011,0.5335040532293346,0.2984231209265875,0.6473124548790612,0.11620619901726359,0.6770429752956374,0.1274723053924056,0.12747230539240556,0.2183757754331052,0.2183757754331052,0.14175962532713693,0.1417596253271369,0.33915973849404196,0.3391597384940418,0.18750020360892763,0.2076074397729032,0.17531723657688789,0.519422739054049,0.5716284409820194,0.3609685869346305,0.42229807418084553,0.566791738650452,0.254870385184797,0.5220612127803665,0.5918926843797857,0.27032346391258927,0.4750507818350398,0.8443937024009955,0.36002570499112935,0.06458248778796521,0.0839489716646802,0.5426536200168735,0.22321290706084748,0.5169000736745735,0.4599589299873803,0.32725989575086845,0.5646477906471052,0.5169000736745735,0.45995892998738025,0.32725989575086845,0.5646477906471054,0.1428570394286788,0.140636291541456,0.12499995728106163,0.11747516617174615,0.142857039428679,0.12499995728106184,0.502748817121339,0.38739670133619075,0.30813271338193926,0.3522751738321517,0.29069466081765394,0.2305637030786158,0.5116455666922833,-0.006849205641555556,HOLD,0.0,0.5
0.42423116584656406,0.4819642260723326,0.45441780841041735,0.48861214004733444,0.055363157058593286,0.0,0.0,PPM,2024-04-24 00:00:00+10:00,Financial Services,0.5990701905837383,0.6335759542352493,0.5758227260574882,0.5138540729702349,0.4638980910819781,0.7075996774790823,0.4761391502471146,0.6048475267760722,0.5206592251969804,0.5145566373842223,0.6089047041279234,0.5811870898907324,0.3046706667325956,0.6951610434666553,0.11729612059180483,0.7234386146070514,0.23932079227597777,0.23932079227597775,0.251929654924033,0.25192965492403296,0.18517324140522523,0.1851732414052252,0.3542953053087586,0.3542953053087585,0.47058837056353514,0.3088487157928468,0.2887134915117956,0.5248223372712505,0.5591208138878461,0.40651476431881994,0.4230052118741807,0.5670536963375783,0.534943419273155,0.5148344061925971,0.5881929658582942,0.38389844867355727,0.4746841616875819,0.8479938892781729,0.4392631962593114,0.10120518924170546,0.10880444909214836,0.42437857293246867,0.22484061343675915,0.621582791552508,0.5455012308352462,0.39260696496069114,0.5950783329781886,0.6215827915525077,0.5455012308352462,0.39260696496069125,0.5950783329781886,0.3809526299057031,0.25057453555075915,0.33333367858357954,0.21557369400914003,0.38095262990570333,0.33333367858357965,0.5680450756536959,0.4452633089976791,0.3846218788446264,0.40770115504970933,0.3864781528899527,0.3420623359620432,0.4179923928421282,-0.043046313895463095,HOLD,0.0,0.5
0.49139727193318294,0.5059032925397492,0.5079629433645323,0.5269089452783369,0.029167096131740563,0.0,0.0,PPM,2024-04-26 00:00:00+10:00,Financial Services,0.5726267658889389,0.6079627994049274,0.4811141179396497,0.4290005456991428,0.4781030966328226,0.7696304261320499,0.4794033101036652,0.6657406482589165,0.5162619069841043,0.564832121130489,0.6121380003989283,0.6180554657067147,0.31187528331737413,0.7318167558392696,0.11942502706711555,0.7595313924470662,0.24564155766775989,0.2456415576677599,0.27787306317745236,0.27787306317745236,0.21200746572407736,0.21200746572407728,0.36127290225194203,0.361272902251942,0.549999804535557,0.3935343751324581,0.39676914535924324,0.5405051898664675,0.552862583276334,0.4665659165008287,0.43233262043791143,0.5642632638466514,0.7214374197798565,0.507190585407743,0.5884283838496281,0.4748399897733986,0.474401185544552,0.8550390351290689,0.5014422396976761,0.11555004338630928,0.11379422995064874,0.2010298954751147,0.11622514567885632,0.7027243765755203,0.5683746894566959,0.42496364899877626,0.6370601831886951,0.7027243765755204,0.568374689456696,0.4249636489987762,0.6370601831886951,0.5853653571086774,0.3668577840869761,0.49999978689425006,0.31721291112047467,0.5853653571086777,0.4999997868942503,0.5517210057551101,0.4586171633434727,0.49919839566678054,0.47343863221763377,0.4540769603670083,0.38995261683267973,0.41973111865718715,-0.06774182022550312,SELL,0.0,1.0
0.47220691587377095,0.5298425317566061,0.5176984171151835,0.5364831465860873,0.015335118905723548,0.0,0.0,PPM,2024-04-29 00:00:00+10:00,Financial Services,0.5043134383239953,0.540887839168607,0.575822714520581,0.5088762215409721,0.4983959768160926,0.7439582093785164,0.4794033101036652,0.6822053591140376,0.5127440417175577,0.5798334340695166,0.6155373535993749,0.6256902517424016,0.3194255088579996,0.7371718109035892,0.12168990323103102,0.7671788485601,0.1981238448909856,0.1981238448909856,0.24970002308188344,0.24970002308188344,0.2141128225544962,0.21411282255449612,0.3615474995016957,0.3615474995016956,0.6666664253524696,0.4080460000956527,0.4127670777974908,0.5561693576000055,0.5515994045630198,0.5145639307935594,0.43233262043791143,0.5642632638466514,0.77291327424096,0.5004086705407726,0.5892193019784294,0.5034614618737144,0.4743507200621091,0.8620442990749078,0.514734505094284,0.11584314480581873,0.11807644876777522,0.1073007485083018,0.06035114729298407,0.7450538379408207,0.5408715705169488,0.43694750402577864,0.6407239657570798,0.7450538379408205,0.5408715705169488,0.4369475040257787,0.6407239657570798,0.6842101711078772,0.5481297294950426,0.5416663139719177,0.4565571174126808,0.6842101711078774,0.541666313971918,0.5789279035088877,0.4986788311776432,0.5684273905310621,0.5028636288036525,0.4676066833558703,0.43763951101078863,0.42405413528705427,-0.1025640533017026,SELL,0.0,1.0
0.5249803632908843,0.515478951343865,0.4982274515822651,0.4646765120164087,0.003285595749774186,0.0,0.0,PPM,2024-04-30 00:00:00+10:00,Financial Services,0.31841925615611394,0.3513708760249106,0.1654187883570216,0.17345441904008832,0.49941061818089505,0.5629690502768083,0.47559510942591876,0.5644191574444128,0.5036562517629706,0.5018809112235159,0.6176131072230961,0.5519073510823348,0.3259149797898728,0.6560000648832542,0.12349614058160996,0.6951933200374772,0.387257744424887,0.387257744424887,0.32081538826736977,0.32081538826736977,0.26515052608624706,0.265150526086247,0.3860077969508043,0.3860077969508042,0.5106382624781246,0.4027563248711538,0.3395772623983838,0.549266519115859,0.5489392287557446,0.5011400289303908,0.4289558420601942,0.5610800663680902,0.4050577936535936,0.4882803770530568,0.5863904355705664,0.3500481301919026,0.4724843638171181,0.8693066446609021,0.3844741975717876,0.10095802256591478,0.09846104677864635,0.029546825560211976,0.015115505718249848,0.6150157266494958,0.5087844789560694,0.36139686842206703,0.6106569868685017,0.6150157266494959,0.5087844789560695,0.36139686842206703,0.6106569868685017,0.34375023923685494,0.5356725193382362,0.22916681793232063,0.4217209750500521,0.343750239236855,0.22916681793232085,0.5517208590248284,0.547643086938482,0.4631960628173426,0.44547885494909145,0.5277874783652194,0.44181712458570205,0.4316519601880783,-0.03030302764391901,HOLD,0.0,0.5
0.44821908303197233,0.443661586866826,0.4544178026811516,0.4311668074392816,0.003086969893231502,0.0,0.0,PPM,2024-05-01 00:00:00+10:00,Financial Services,0.40196972519787844,0.43785796702225155,0.30748168207386234,0.28367378320436165,0.49738136189490145,0.4842223412528668,0.46689066896334674,0.5194762978875309,0.4928095482755481,0.4714341739335539,0.6159036600972767,0.5190195189885455,0.3318754064200582,0.6164971989146935,0.12482648584521217,0.6612927184985492,0.4051729081505648,0.4051729081505647,0.33268875200614056,0.33268875200614056,0.2741419826925256,0.27414198269252554,0.34904172022733854,0.3490417202273385,0.48000031274351646,0.41346084513723164,0.2792083266061983,0.5352905351147663,0.543471122647125,0.4741583115261049,0.42456939489126233,0.5509457889904219,0.2773875275340204,0.47731012443168574,0.5798463991183856,0.2879844410134795,0.4734007567467786,0.8643350295618599,0.3284367501318549,0.06665722802069705,0.09037152904164851,0.040274436456423035,0.01494178090033453,0.5945906431441396,0.4680091570911738,0.33689795018181956,0.5214561507408697,0.5945906431441395,0.46800915709117374,0.3368979501818195,0.5214561507408697,0.12500096422743878,0.3815196305661102,0.09523879006428568,0.2863582347288791,0.1250009642274389,0.09523879006428582,0.47010041628892657,0.5387405168152334,0.3132354409847735,0.3607846410760006,0.6217662443084935,0.36326916163519635,0.5506845503041217,-0.006896620520243202,HOLD,0.0,0.5
0.41943357556287575,0.4340859285574089,0.4544178026811516,0.4311668074392816,0.0077238562683831224,0.0,0.0,PPM,2024-05-02 00:00:00+10:00,Financial Services,0.4823191664152124,0.5190077938955185,0.4021902855823447,0.3640206025318134,0.4852056390736619,0.5118904768626518,0.4614504025357624,0.5275574741039384,0.48166968361911566,0.4819936560815363,0.6151319691996573,0.519452975834357,0.3375806121943108,0.6130662453971942,0.12638788477622676,0.6601569638569237,0.33016631126777773,0.3301663112677777,0.3237716101658682,0.32377161016586825,0.27293189350424923,0.2729318935042492,0.34400696380240986,0.3440069638024098,0.43478275649509585,0.39136037974542365,0.28316179544058684,0.5251449343155813,0.5366720531108782,0.4613689345738042,0.4241909777711623,0.5425845751892933,0.3127875700170305,0.4619761982964372,0.5768007540109498,0.3011065354086588,0.47397074869932543,0.8618365416079541,0.3303107303771797,0.030768349828940274,0.08986115010320893,0.15972924702923835,0.03551150534656457,0.528915592313369,0.4944218563529179,0.33334372347720054,0.5425257072539597,0.528915592313369,0.49442185635291785,0.3333437234772004,0.5425257072539598,0.12500096422743878,0.19426858334876546,0.09523879006428568,0.13706111009431643,0.1250009642274389,0.09523879006428582,0.44289340469365474,0.547642981081648,0.32811311846128866,0.36421591423295474,0.5493552500152286,0.38262264995869005,0.5482137338471244,-0.031034567669129043,HOLD,0.0,0.5
0.4098383097541467,0.4340858297571687,0.43981434978057865,0.41201815530068164,0.030058490219639435,0.0,0.0,PPM,2024-05-03 00:00:00+10:00,Financial Services,0.4352963224895978,0.4717517638212075,0.3706203769493429,0.336494049992425,0.460854166987571,0.5197414659765873,0.4560101077513037,0.5022860716608435,0.46935718956699213,0.47016804095598297,0.6138718570364601,0.5007909372440548,0.3427647442455539,0.5895868403185132,0.12747929767827237,0.6405859677569002,0.23625199968965924,0.2362519996896592,0.3241572563173793,0.3241572563173793,0.273418320797098,0.27341832079709794,0.34643953786662046,0.3464395378666203,0.43478251016274555,0.30439146017499347,0.2599524130631279,0.512851467661152,0.5282949181854635,0.4462051271403975,0.4275013208770766,0.5310587435543548,0.26708548509220603,0.4446325923157495,0.5737919605299656,0.2643457201281354,0.47511415018536374,0.8574109221803166,0.30030065489507773,0.03143987802752435,0.10030653570255231,0.5735756441060155,0.12758331663175834,0.4536577394022297,0.49379391400538614,0.3173131460453229,0.5310536326843744,0.45365773940222953,0.4937939140053862,0.31731314604532285,0.5310536326843744,0.03333325921164531,0.09032554402002692,0.023255770247388383,0.06819903124943909,0.03333325921164543,0.023255770247388674,0.3939212136074706,0.5476430838526994,0.3130803858725778,0.3539188346757224,0.44230354517852244,0.35800029682295226,0.5457923337192668,0.0069930777269457955,HOLD,0.0,0.5
0.4674093220835822,0.45802497527166863,0.4544177059968977,0.47903781397803447,0.018513633769001638,0.0,0.0,PPM,2024-05-06 00:00:00+10:00,Financial Services,0.6491994076791516,0.6816082622225772,0.4021902855823447,0.3640206025318134,0.44867844416633096,0.7207078858138329,0.46036233507180824,0.6124723157139746,0.4623214743142501,0.5600127853635206,0.6162748434568366,0.5671899719543906,0.3490069717595352,0.6570521502168951,0.1287963303826607,0.7053207954415387,0.42387389553880955,0.42387389553880955,0.40566389417931287,0.40566389417931287,0.3455400708495308,0.34554007084953076,0.36600739902945806,0.3660073990294579,0.47999979150432237,0.45720813868626387,0.3582452745076474,0.5227053648366033,0.5239480838796042,0.4849327381210199,0.4304116532747202,0.535510688795535,0.5425089545960705,0.4260759635418827,0.5798855142848781,0.4612635304222205,0.473394033363409,0.8651019231015835,0.4124829367031091,0.03383439958570636,0.10335662992339152,0.34133794226434766,0.07785614832961193,0.5314589607953615,0.5790495424671042,0.38826257713203244,0.6183667752619365,0.5314589607953614,0.5790495424671043,0.3882625771320325,0.6183667752619364,0.499999969987611,0.21589385668385702,0.34883711504775533,0.15300899189157713,0.4999999699876111,0.3488371150477556,0.4102452750346975,0.5877047511710939,0.43526693062756566,0.4366673316822086,0.49102226247664804,0.37384210192681006,0.5404973112178714,-0.0466667025742431,HOLD,0.0,0.5
0.4290287347590189,0.4532372349979873,0.4690210324098907,0.4359539080931569,0.010752357658847645,0.0,0.0,PPM,2024-05-07 00:00:00+10:00,Financial Services,0.3800458031857999,0.41537536347444826,0.3864055184431587,0.35044602593019797,0.4425905959775167,0.6246777035902333,0.4576422018580162,0.5415899265010122,0.45264737730199234,0.5161019372969189,0.6172272470722922,0.5231127287021274,0.35488498315493855,0.6078252171950345,0.12983157784897537,0.6623473291800325,0.3657706038703824,0.3657706038703824,0.43179474101129917,0.43179474101129917,0.36054122372755365,0.3605412237275536,0.37880407737023464,0.3788040773702346,0.3137257106355796,0.3945142879001929,0.3387724226962374,0.5195283540933424,0.5197113778613319,0.48599097319632345,0.4302910119383909,0.5312712583495571,0.3666795560920262,0.4039039654932195,0.5852429674380973,0.328986491610513,0.47234318551521026,0.8687503577468882,0.3336354141741352,0.03945945503775143,0.10545303010611352,0.18297591018492126,0.045208271142861314,0.5679243854529484,0.5173328649544464,0.3517489612632949,0.5834339329049786,0.5679243854529482,0.5173328649544464,0.351748961263295,0.5834339329049787,0.2000010704528554,0.2410076213703601,0.14285787139276718,0.16893406715990367,0.20000107045285553,0.14285787139276718,0.37215569170591806,0.5654482417073564,0.4058988844486159,0.41943211375012757,0.5060414701874507,0.37672531038808205,0.5354140896165317,-0.027491504342225137,HOLD,0.0,0.5
0.43862377035378364,0.4819640715155701,0.4787563905557346,0.5029733172474109,0.0011887481876852303,0.0,0.0,PPM,2024-05-08 00:00:00+10:00,Financial Services,0.6463314177797843,0.6788784522697523,0.5758227076802609,0.5123251614944193,0.45781021644955233,0.7592988261138229,0.464714562392313,0.6473052984755403,0.451181602017642,0.6011876267039893,0.6210612836475362,0.5885589184493486,0.3619061575345133,0.6744341445363025,0.1314555250245144,0.7267522465859252,0.4259557720313027,0.42595577203130264,0.49021653626744816,0.49021653626744827,0.3820173418905723,0.38201734189057224,0.4043953756256968,0.4043953756256967,0.4444443525150838,0.5096906693847998,0.4171251246640659,0.5364486152315989,0.5203655986589262,0.5329884378868005,0.438262754033081,0.535723968734638,0.6251784496646062,0.39999868216488843,0.5865479861041866,0.5827671199322071,0.46942729260889937,0.8813002789786839,0.44767093654930706,0.03802943724905,0.08645523211257104,0.031198480419187567,0.0067370492296439845,0.7115648362930617,0.602910697202192,0.4644310750838224,0.6541027688448933,0.7115648362930616,0.6029106972021923,0.46443107508382236,0.6541027688448932,0.6666660252846975,0.4530789217443403,0.5128201609341001,0.3326572964384832,0.6666660252846976,0.5128201609341003,0.41568629869722423,0.5877045361707006,0.5391041828377012,0.5217326888831663,0.5249815108387506,0.3681014776549631,0.5305341968792457,-0.04918018498688015,HOLD,0.0,0.5
0.4434215492536111,0.43408597925393366,0.42034350952152555,0.4024440787544805,0.014516058708390681,0.0,0.0,PPM,2024-05-09 00:00:00+10:00,Financial Services,0.24759311206931012,0.2762932744012718,0.22855746324594853,0.21621845004801132,0.451722341817127,0.5166105874205305,0.4549220544657868,0.4871828738916182,0.446197984387271,0.48056720925615903,0.6204165801786825,0.4875105616006855,0.36759541300559473,0.5650151952391351,0.13221292614404279,0.6278403185654925,0.6206562778812889,0.6206562778812887,0.5849506557560507,0.5849506557560507,0.4611041075235664,0.46110410752356634,0.4580622366348806,0.45806223663488044,0.4057970905011643,0.4273474885581178,0.39089115501470184,0.522857989641323,0.5176411023682825,0.5005219661869086,0.43855754691222004,0.519836480447988,0.26083417803480485,0.40279889827925897,0.5764561868571191,0.2386093520276688,0.4703093572570176,0.8785529662159461,0.26464873210435846,0.04314631600209161,0.0694521593553978,0.22790117290488685,0.07330549683076154,0.5669503753396833,0.4578155552552202,0.4113922115264993,0.545129325933244,0.5669503753396833,0.45781555525522016,0.41139221152649935,0.545129325933244,0.08823525068883069,0.31519962013917613,0.08108104505518393,0.24311261289515237,0.08823525068883087,0.08108104505518399,0.5081892388687599,0.6055093811974231,0.30651233093858027,0.33878358063828723,0.5173426300732269,0.4083589648932792,0.5258494998514512,0.10563375822568788,BUY,0.0,0.0
0.39544549034035636,0.4484493659882022,0.4398143981755209,0.45510231070865803,0.004273379340806053,0.0,0.0,PPM,2024-05-10 00:00:00+10:00,Financial Services,0.6143625439981751,0.6483006358655229,0.5600383288996916,0.5031008149621014,0.460854166987571,0.629621498879307,0.4467616406459731,0.5916493430076846,0.4435595949875806,0.5491363868103929,0.6223262726723924,0.539553310681301,0.37399449583755384,0.6166877371275619,0.13315703034597592,0.6786565561986738,0.6540966200491789,0.6540966200491789,0.6076257507813928,0.6076257507813928,0.49012531692309663,0.4901253169230967,0.4716758190612697,0.47167581906126965,0.534246501983566,0.495723093180772,0.4771273345189403,0.5276332036266355,0.5166026807826751,0.5167236472585589,0.41876014021317576,0.5237917888921784,0.4897957138137604,0.3998726004701372,0.5750974019324419,0.42876278994791084,0.46813707903254853,0.8859745567158195,0.35603124519135565,0.02372120505080823,0.05615478765661526,0.11139796568941768,0.02481261883496562,0.6711136617608529,0.4734444481771738,0.4467167000766372,0.6068022972026487,0.6711136617608527,0.4734444481771738,0.4467167000766372,0.6068022972026486,0.4117645887542429,0.3861085752788259,0.3783782888615771,0.3218768450218894,0.41176458875424304,0.3783782888615772,0.546278744219185,0.5609964480989654,0.4080631912904121,0.4298826056706172,0.5587498071596234,0.5014830716663383,0.5180054038968386,-0.003389820326270887,HOLD,0.0,0.5
0.4194335855233342,0.424510280291026,0.43007896348707586,0.4263797067854065,0.014636336771225611,0.0,0.0,PPM,2024-05-13 00:00:00+10:00,Financial Services,0.4129812965105668,0.44909434144008703,0.386405518217926,0.35035240825289127,0.44969311197474493,0.5828793922134521,0.43424901368409197,0.5603259149289117,0.4368170561841993,0.5198540405232166,0.6246755422048373,0.5092894479434901,0.3792716797076321,0.5834483134521422,0.1335611965079182,0.6502840317811088,0.5937952488696334,0.5937952488696334,0.6094496129081755,0.6094496129081755,0.48092146633570704,0.480921466335707,0.46502528962322437,0.4650252896232243,0.4936708986037379,0.4527256552693044,0.4401426028334734,0.5243693317225848,0.5149919469548287,0.5112242346913329,0.38452052646598234,0.5331883236071966,0.38617831717030693,0.38968386106436803,0.5740742167985277,0.33962248933668526,0.4638413329574904,0.897744296686646,0.29210698203838226,0.02080025874474818,0.05210844854823747,0.3684822033183065,0.08206047511610214,0.5350435868379775,0.43814612162529953,0.3887310006608977,0.6192721993642878,0.5350435868379773,0.4381461216252995,0.3887310006608977,0.6192721993642878,0.2352944588248727,0.24166392636112907,0.2162165400820878,0.22268478051430846,0.23529445882487288,0.2162165400820879,0.5462786796430026,0.5609963050346872,0.34794664999590597,0.3820623041658401,0.48240001466924576,0.4165141176147041,0.5106319536995024,0.034601970030744056,HOLD,0.0,0.5
0.4050407466979049,0.40535899307534284,0.43494673963565744,0.40723117940835585,0.006655720249262921,0.0,0.0,PPM,2024-05-14 00:00:00+10:00,Financial Services,0.43513392161975567,0.47158741496481993,0.37062075017952967,0.3363984657423178,0.44360523734231916,0.5481034927447923,0.4277206797925537,0.5363949541432753,0.4312471238559832,0.5012722922954393,0.6237231385893822,0.49052471409397735,0.38402778985470043,0.5606625565364785,0.13352838821439073,0.6315898811076522,0.5753739877988164,0.5753739877988163,0.5652007888093508,0.5652007888093508,0.4733216845460511,0.47332168454605106,0.42466621296287005,0.42466621296287,0.49367106146504647,0.4527256552693044,0.3873343830040785,0.5174764060823502,0.5120560960165892,0.49849103565747793,0.3806923821204491,0.5260494230136477,0.3137746237516452,0.38732084485008933,0.5677585342350037,0.29103886140030805,0.4651155631546722,0.8937326278599278,0.2589750980729354,0.0177140732099136,0.052868582472410955,0.19349051053291497,0.03830434010317738,0.5670923630365698,0.48456876608139166,0.4034767766937758,0.5380211987529115,0.5670923630365697,0.4845687660813917,0.4034767766937758,0.5380211987529117,0.11764693901039239,0.2515124220061946,0.11764688145392349,0.23491335949260453,0.11764693901039247,0.11764688145392366,0.5353960053417939,0.49867832194529116,0.32653790351105905,0.3604747440972962,0.5799456022550205,0.3550514152511172,0.5037009105140066,0.01754389815246382,HOLD,0.0,0.5
0.400242980957092,0.41972229650114856,0.3911368423777668,0.4407408839854827,0.032869822885540884,0.0,0.0,PPM,2024-05-15 00:00:00+10:00,Financial Services,0.5660517391378989,0.601564170221627,0.4968992556341508,0.44717708576138115,0.43041487315627713,0.6670081809142161,0.428808718899633,0.594197634458699,0.427142959171942,0.5477541599039686,0.6201479495327571,0.5263009624335092,0.38965323954018505,0.5924672740815782,0.13357538143902836,0.664311571642135,0.5043534764339804,0.5043534764339804,0.5690505561617504,0.5690505561617504,0.4856899397402687,0.48568993974026853,0.3478195625417943,0.34781956254179425,0.44444432378704013,0.4388366506414483,0.45102795686437547,0.5222959709537992,0.5108591896394588,0.5152007491098023,0.38150366779492106,0.527090572925119,0.4979433657249342,0.3807224069223494,0.567494090381543,0.4216374916033662,0.46519220719933463,0.8863266843765263,0.32988718406772566,0.04158088510587958,0.05966399937592089,0.5162753028107223,0.1733962241935122,0.5231483876011822,0.5504817299954858,0.42549234073148573,0.48237271993054204,0.5231483876011822,0.5504817299954858,0.42549234073148573,0.4823727199305421,0.424999951961986,0.2559442796910444,0.424999951961986,0.2505048718295825,0.42499995196198614,0.42499995196198614,0.535396125128812,0.5253860241571359,0.34718306079223815,0.3745040975567431,0.525632370917716,0.42758474475580005,0.4971857299196406,-0.010273853088961449,HOLD,0.0,0.5
0.4098384162982758,0.4101467927240704,0.4106079769476607,0.4263797067854065,0.011165479394112622,0.0,0.0,PPM,2024-05-16 00:00:00+10:00,Financial Services,0.4472943460050638,0.48387179650010875,0.4179750529467634,0.37778371473226885,0.43548810642390023,0.6172022463623814,0.4282646922568747,0.569555304329451,0.4239182703547568,0.5328510652596743,0.6157766558662314,0.5142519889646889,0.3939946212266916,0.5749850668896257,0.13371548965261426,0.6501731394289981,0.29676899339420276,0.29676899339420276,0.5722031714018477,0.5722031714018477,0.48093433427392224,0.48093433427392207,0.3481297214338372,0.348129721433837,0.484848496814512,0.3866774370879138,0.4300157434707237,0.5230760261974369,0.5100880812918535,0.5192922901635283,0.3813574328390368,0.5263474416729066,0.4195517045931745,0.3783260258956984,0.5647668864782988,0.3780297047799064,0.4652531401490425,0.8773249225171418,0.3110256591461508,0.03905673947638168,0.061701583801199986,0.19095570441473356,0.05945474537461555,0.6434285129766255,0.5360664281618038,0.4374346644811489,0.4655621587760522,0.6434285129766254,0.5360664281618038,0.43743466448114887,0.46556215877605234,0.3500008645888673,0.29435368772219284,0.3500008645888673,0.29524587434485766,0.3500008645888675,0.3500008645888675,0.5462787923384627,0.5120321338183723,0.34935204303024586,0.377939147689091,0.4024243346278955,0.44110558272997596,0.48682374185151345,0.010380500829473283,HOLD,0.0,0.5
0.4098382635045108,0.41972229650114856,0.439814303343383,0.4407408839854827,0.004857062051285563,0.0,0.0,PPM,2024-05-17 00:00:00+10:00,Financial Services,0.5177075620026805,0.5541437912909283,0.4653293480578831,0.4190730513336341,0.4324441558858818,0.6619784794675732,0.4315288662918626,0.5899531098630841,0.42274564859924113,0.5522590354587213,0.6122014668096067,0.5307929132512178,0.39834397349187656,0.5874491351852904,0.13429060150867178,0.6637923609621984,0.20030090974073778,0.20030090974073778,0.5681782042038231,0.5681782042038231,0.48031857922458626,0.4803185792245862,0.34971734536564886,0.3497173453656488,0.38181800089179485,0.39202355246189224,0.46776370988556026,0.5285789090265507,0.5107862675698942,0.53341090712273,0.38142431978586044,0.5315015960631386,0.4841457014592437,0.3774874214939028,0.5637455187572143,0.43537362734691304,0.4649721856096791,0.8705004575146258,0.3435455397954946,0.03949645452995229,0.0592704811036457,0.08883857062222277,0.027364477462262303,0.5879597160436145,0.5701057844388245,0.46786914484013586,0.48237271993054204,0.5879597160436144,0.5701057844388248,0.467869144840136,0.4823727199305421,0.4594595959954139,0.40880956073909197,0.424999951961986,0.39803283799979566,0.4594595959954141,0.42499995196198614,0.5081893091397118,0.5164834608996555,0.42402661887441123,0.44014314565406104,0.36048556415244093,0.46445318338918257,0.4772907128288365,-0.006849205641555556,HOLD,0.0,0.5
0.4290287347590189,0.43408591851531664,0.4592855392790989,0.4359539080931569,0.004977841272715639,0.0,0.0,PPM,2024-05-20 00:00:00+10:00,Financial Services,0.4706444291286667,0.5073362681055488,0.3864055184431587,0.35044602593019797,0.4344734386154865,0.6445350969848764,0.4266326265070368,0.5890974425952928,0.42245250271058166,0.5464869801426633,0.6081525248775077,0.5282391689358762,0.40252052470881905,0.5800763124871544,0.13450066355641943,0.6589630785218131,0.1634029250512683,0.1634029250512683,0.5040517513764567,0.5040517513764569,0.47701046297646593,0.4770104629764659,0.3490114519420641,0.34901145194206407,0.6000004467779492,0.4518204783412808,0.48038539493376553,0.5324549414669804,0.51227110661117,0.5409699418119983,0.3706820332973888,0.5329000897363805,0.4804338979371219,0.37743478272933273,0.5633483086461814,0.4185589504346027,0.4643218036580057,0.8633118490298626,0.3410291851436347,0.03222026527629118,0.05467074969817419,0.10457605922526834,0.028842836897696275,0.6220893662248256,0.499066827769321,0.4811310805435256,0.4725630155212813,0.6220893662248254,0.49906682776932093,0.48113108054352555,0.4725630155212814,0.5333346293951395,0.44508539731280633,0.4000006905365614,0.3896724264012136,0.5333346293951396,0.4000006905365616,0.4592171191609366,0.5120321770881252,0.48971184292804676,0.47715240625167876,0.3927168768164515,0.49462745656894763,0.4685203261279737,0.003436326092828512,HOLD,0.0,0.5
0.41463598112680145,0.4388737476359842,0.454417792713703,0.4359539080931569,0.005427881691156338,0.0,0.0,PPM,2024-05-21 00:00:00+10:00,Financial Services,0.4823191664152124,0.5190077938955185,0.433759819860716,0.39145158057580093,0.44056131324791203,0.6296215642661145,0.4266326265070368,0.5890974425952928,0.4209867350664065,0.5479890572127806,0.603634702731024,0.5308053020147591,0.40652693173707855,0.5777900004224907,0.13477673963547088,0.6587634984396259,0.13366398574649666,0.13366398574649668,0.4796634941581143,0.4796634941581142,0.47335521065076697,0.4733552106507669,0.3474668128624531,0.34746681286245307,0.4166664856799706,0.4881916780860509,0.49801565155863514,0.5363282776934668,0.514384623524757,0.5470109780445945,0.3706820332973888,0.5329000897363805,0.4804338979371219,0.37645979584261524,0.5620054050128153,0.42319796701854256,0.4628635469199909,0.85648196469553,0.3471720166527009,0.03129527797127002,0.04654184159151277,0.11504339834679335,0.03300575018719601,0.6503123549167558,0.5408715705169488,0.4634284151243701,0.4632745464497393,0.6503123549167558,0.5408715705169488,0.4634284151243701,0.46327454644973937,0.5333346293951395,0.5064746574106156,0.4000006905365614,0.40639368538829135,0.5333346293951396,0.4000006905365616,0.45377576399290737,0.5164834649859494,0.4897118482175927,0.47851604502088474,0.40275495001356176,0.5258912689238266,0.3676608790680512,0.030927740875093868,HOLD,0.0,0.5
0.4194335172134316,0.4580250140921994,0.46415323667838915,0.45988941136253336,0.01046719841820983,0.0,0.0,PPM,2024-05-22 00:00:00+10:00,Financial Services,0.5408949704739883,0.5769706100685917,0.4968988851188651,0.44602976820534507,0.4446199051507329,0.6814608750405116,0.42173638672221103,0.6394333333437812,0.42215935682192174,0.577159073547143,0.6000790547255916,0.5571786838267901,0.4117376506755468,0.5996050929728645,0.1351616862686218,0.6818620312697928,0.09991278771852563,0.09991278771852562,0.4143346396082242,0.4143346396082242,0.4750857948976955,0.4750857948976954,0.35216665517506646,0.3521666551750665,0.6521742579104098,0.5141399187510413,0.5025740109193803,0.5467358973139067,0.5185626386780314,0.5668489733318082,0.34591322921442,0.5463318764313045,0.7555161384780028,0.3773783657502847,0.5629545126819299,0.5084553477534551,0.4610044939604365,0.8522633878038943,0.39422033791183864,0.01441834973455381,0.02893742974677467,0.3244978225632405,0.06958888024764152,0.6356260112948299,0.4997521494298733,0.5036394763922516,0.4837472724680063,0.6356260112948299,0.49975214942987334,0.5036394763922517,0.4837472724680063,0.7000008331825897,0.5870198237062851,0.5250002554057968,0.4398364212574035,0.7000008331825898,0.5250002554057969,0.4700998262864598,0.5075807893754901,0.5713534443691156,0.5393637417541628,0.4663226355430312,0.5048460162920763,0.3695826294943628,-0.0033783682648570457,HOLD,0.0,0.5
0.44821905294873865,0.43887372769005506,0.4641532659766898,0.4455281094009076,0.013044322967313267,0.0,0.0,PPM,2024-05-23 00:00:00+10:00,Financial Services,0.4477673558925087,0.48434873299570735,0.3548359848312611,0.3238471928680875,0.4486784706099425,0.6345450843002323,0.42663264068547413,0.6061103890146675,0.41952096742223133,0.5616610470316372,0.5958835843135346,0.5449851074737212,0.41608966437319905,0.5822561882265227,0.13563974697915127,0.6674883076087949,0.0993804866421101,0.09938048664211012,0.22418969123529403,0.22418969123529403,0.4541341196736131,0.45413411967361306,0.35297569173716986,0.3529756917371698,0.6818194203073672,0.5197473456765823,0.5071326095029032,0.5516155061503751,0.5230711744155965,0.5700249827211297,0.3436708995133846,0.5560728553926275,0.5875798565849303,0.3731351250777115,0.5627857703726785,0.4627066783682692,0.4589858821653803,0.8470011863504998,0.37340073371827476,0.015833769084155593,0.00940982742701335,0.38142516528472775,0.10047290202892441,0.635909811499431,0.5850316346206007,0.446458979382789,0.4702115651139527,0.6359098114994308,0.5850316346206007,0.446458979382789,0.4702115651139527,0.6000011109101195,0.6093430764789184,0.4500005164842556,0.4565576802444813,0.6000011109101198,0.45000051648425576,0.44833428023490357,0.503129426091642,0.5060119013712976,0.49915623957720723,0.5206076029918506,0.5871182634996257,0.37408135206355386,-0.0034130479102231215,HOLD,0.0,0.5
0.4338262897280245,0.4292980597789867,0.4738887490701158,0.4503152100547827,0.01784425293875224,0.0,0.0,PPM,2024-05-24 00:00:00+10:00,Financial Services,0.49395436050080954,0.5306000879767799,0.41797505238942717,0.37754884956569273,0.45070777978315846,0.6419135932771822,0.4260886140427156,0.6154757010360397,0.4148305033206954,0.5726266212014346,0.5916929949637058,0.5522911556822886,0.42095477664227543,0.5844290584749117,0.13611977576797085,0.6718123281940748,0.08912866202464684,0.08912866202464685,0.1421714336349405,0.1421714336349405,0.4386886722246445,0.43868867222464436,0.3530233500308519,0.35302335003085183,0.5625011198582219,0.4462100419765585,0.46372769732056074,0.5573728734457507,0.5280538923828618,0.5745814529845756,0.341987519674257,0.5566484345524778,0.656995688751612,0.3593508334206015,0.568125188552049,0.49802509077994644,0.4564733491500321,0.8425520737101542,0.38647661193138827,0.025617617799021022,0.004185014793357825,0.39413443546726834,0.14240509138197177,0.6219475552446,0.5361478710079343,0.41778787013268615,0.47058988779892474,0.6219475552445998,0.5361478710079344,0.41778787013268615,0.47058988779892474,0.6333343516676095,0.6428279556378681,0.47500042945810267,0.4816395687250978,0.6333343516676098,0.47500042945810284,0.3830378956141591,0.4363601516056198,0.5221227496163695,0.5088413809149609,0.5178124310716045,0.5133730105790966,0.3784001257299773,-0.006802789231344475,HOLD,0.0,0.5
0.4338262607504333,0.45323717536779917,0.4787564661317243,0.4646765120164087,0.006265651809374639,0.0,0.0,PPM,2024-05-27 00:00:00+10:00,Financial Services,0.51710602255958,0.5535495635825846,0.4653293515090977,0.4181335906673307,0.4567956279719727,0.6638990918581555,0.43044082718478305,0.6340798260118718,0.4104331927479943,0.5955754645410043,0.5876635856816601,0.5693156187055807,0.4260830826324158,0.5962994585020829,0.13670473530803262,0.6854004429672599,0.09179602807399295,0.09179602807399297,0.11385768777823867,0.11385768777823867,0.44028726564606785,0.4402872656460678,0.3540642815526001,0.35406428155259995,0.7500008144410165,0.5218136761773927,0.437075705654392,0.5663845467725388,0.5341936666514041,0.5856997368418915,0.3499263262700869,0.5567864493693164,0.7549495001333962,0.3400518511890618,0.5788926914669353,0.6072668464335357,0.4531038698524512,0.8398246744509434,0.4159666351989707,0.026587784756083362,0.0,0.14517255536729873,0.05471184505294391,0.6494453000072155,0.579445723271521,0.4224358813312612,0.4745849258130952,0.6494453000072153,0.5794457232715211,0.4224358813312611,0.4745849258130952,0.7333340739400797,0.6539895820241848,0.5500001683796438,0.49000019821863666,0.7333340739400798,0.550000168379644,0.3667139307690684,0.41410372808059637,0.5909415250309706,0.5800656085853032,0.5855600868346912,0.4553106709337567,0.3825461484497438,-0.023568953250302505,HOLD,0.0,0.5
0.4578142385322459,0.5154790099188759,0.5030952548253975,0.4981863413550851,0.026904365074658432,0.0,0.0,PPM,2024-05-28 00:00:00+10:00,Financial Services,0.5626689067853116,0.5982673996228337,0.49689888818618544,0.44382818197880547,0.46998599215801473,0.7169920964002809,0.4407773617540678,0.6768049775695559,0.412485275090015,0.6361639339155218,0.5841177082018247,0.6057113854180037,0.4318255095914938,0.6274355771764801,0.13723746830365036,0.7176998444817847,0.12635111800090437,0.12635111800090437,0.11494052466271389,0.11494052466271389,0.4043474753869912,0.4043474753869911,0.3599056060261792,0.35990560602617916,0.8000013031013813,0.47554641695016286,0.46372783120815964,0.5831076563523032,0.5431019566133319,0.6123027148547336,0.368136193389325,0.5576674499122585,0.9192255570059948,0.3471854734705102,0.5755599921132616,0.7600633699374892,0.4484496019990092,0.8401711970771204,0.4796055188454133,0.04276700828272646,0.010898644647527114,0.41602166208468255,0.20070354563545353,0.6974845877636981,0.6337712477559626,0.5166140098316746,0.4858222264189355,0.697484587763698,0.6337712477559625,0.5166140098316746,0.4858222264189356,0.7837840739621628,0.7155292560295154,0.7837840739621628,0.6016262129982664,0.7837840739621629,0.7837840739621629,0.372155505830671,0.4185549619697694,0.7766102420688721,0.771196577130224,0.6531776580785866,0.484930160079779,0.3865263302607197,-0.03947373722782299,HOLD,0.0,0.5
0.4961948275674586,0.4867519482187367,0.5128306611684523,0.47903781397803447,0.011269553329037847,0.0,0.0,PPM,2024-05-29 00:00:00+10:00,Financial Services,0.4374621379945703,0.47394279954768426,0.3074816886055333,0.2862994937993027,0.4740445576172243,0.6586665528831515,0.44512958907457256,0.6362135209015769,0.4154168103783653,0.6086041470855375,0.580249470586423,0.5884163863813473,0.4368767140659706,0.6048656424105712,0.13772931467790173,0.69865348435442,0.1529111748477473,0.1529111748477473,0.10879761459223102,0.10879761459223102,0.3952675656127061,0.39526756561270604,0.36151408989796635,0.3615140898979663,0.6956517305147125,0.6302250655033621,0.518403062909581,0.5912046640725561,0.5521636026853195,0.6137763309277081,0.37562392195237915,0.5581924653960255,0.69857733320015,0.35150515499659907,0.5761044360072708,0.6426933790323809,0.4441273602382001,0.8393212974111839,0.4483200117284256,0.04337145917061988,0.014674415854693174,0.17861764154718504,0.08352353325532752,0.6352561437473242,0.5790495424671042,0.5309598897260036,0.4785304783227962,0.6352561437473239,0.5790495424671043,0.5309598897260034,0.47853047832279627,0.6756756292072266,0.7297072210241239,0.6756756292072266,0.6687372863607806,0.6756756292072266,0.6756756292072266,0.2742112101464212,0.3784933990280698,0.6666849981591344,0.7130355727522305,0.6633222193331441,0.4633619039406754,0.3955522161347601,-0.03999996872565925,HOLD,0.0,0.5
0.4674093808299611,0.47717634997832914,0.4836242419960779,0.4503152100547827,0.026925079629924447,0.0,0.0,PPM,2024-05-30 00:00:00+10:00,Financial Services,0.41413692426227044,0.4502714128289713,0.30748168473984994,0.2847450731070646,0.47505919898202653,0.5836640545938967,0.4478497222883646,0.5815763768475806,0.4165894244937054,0.5707927935555102,0.5754141777677404,0.561802964659447,0.44140153109831903,0.5728844866972094,0.1374171650638063,0.6708668946782305,0.1858330843331549,0.18583308433315493,0.13424143380642417,0.13424143380642417,0.4052623880684589,0.4052623880684588,0.36612019389400335,0.3661201938940033,0.5517240449632077,0.4725860046296797,0.5238469165607652,0.5898188760298285,0.5590817454229973,0.593179166819396,0.3737470627700792,0.5641455435018514,0.4376060872248089,0.35202391280802736,0.5774148183981548,0.4936822227749279,0.43966734771273286,0.836725894249877,0.3997815984687066,0.053828472116037446,0.023534628143347655,0.35054689699190045,0.18160060916589474,0.6150848063624164,0.5649804159885565,0.5037635413246316,0.4580386344296188,0.6150848063624162,0.5649804159885565,0.5037635413246317,0.4580386344296188,0.5135140186399156,0.6561005367137009,0.5135140186399156,0.656535356700515,0.5135140186399159,0.5135140186399159,0.2524457717792579,0.38294468270347215,0.5503657037580275,0.6010107358558637,0.5531175474013227,0.4068605647586055,0.4040365488563583,-0.003401350292629557,HOLD,0.0,0.5
0.4434213907149793,0.45802496498885115,0.45441769596061965,0.4215924813699816,0.02243403040596018,0.0,0.0,PPM,2024-05-31 00:00:00+10:00,Financial Services,0.41274515192114114,0.4488537648745761,0.2916969232337521,0.2699648911753068,0.4689713243496012,0.5251916482590726,0.4456736157173311,0.5344917379501657,0.41717573919155093,0.5336303648936309,0.5676777151386463,0.5367646727009571,0.44557010716367573,0.5412103804232353,0.13702718292140492,0.6431265235463349,0.21433016889456016,0.2143301688945602,0.15637836803464172,0.15637836803464172,0.410348072869072,0.4103480728690718,0.34961867997392154,0.3496186799739215,0.3666665797934677,0.4725857465827973,0.4924209023551822,0.5810193053030631,0.5625133477671785,0.5596766088780868,0.37679506646476546,0.5580563308624842,0.22567809270049233,0.35134401684767136,0.5789187877869068,0.34293836871604655,0.43005907029407875,0.8365933119426716,0.35044066182482664,0.05728616275623563,0.02001639749400165,0.2796917511122797,0.15600702913169712,0.5675125307284972,0.5217826467288785,0.49482500242722405,0.40241782491876915,0.5675125307284969,0.5217826467288784,0.4948250024272241,0.4024178249187691,0.35135170369587576,0.5113006779367811,0.35135170369587576,0.5119185801304772,0.351351703695876,0.351351703695876,0.25244570439108177,0.4052011032792814,0.4359693114403271,0.4887423473270756,0.5299709610836201,0.3770149710138901,0.41201182161466054,0.006944514199373808,HOLD,0.0,0.5
0.4482189361604769,0.4388736111392709,0.4592854037858509,0.4407408839854827,0.011574090702021289,0.0,0.0,PPM,2024-06-03 00:00:00+10:00,Financial Services,0.5296679441455868,0.5659372993519076,0.3390512231068063,0.31045605631351236,0.4638980910819781,0.5857586342910035,0.4462176281816521,0.567281442366639,0.4148305033206954,0.5604258948079124,0.5605859559784054,0.5606810706225785,0.4494090222899034,0.5586466947944027,0.1366120706343572,0.6621098168969569,0.22356936127435215,0.22356936127435217,0.1688481711723907,0.1688481711723907,0.3614292990170957,0.36142929901709564,0.35328761970723593,0.3532876197072359,0.48387058806715244,0.553319385967929,0.5330330840324647,0.5796726024802383,0.5649367960659728,0.5499891435091637,0.3764900863467677,0.5591865350744334,0.37519723699991436,0.34735511868456204,0.5789649995526328,0.4508647531151683,0.4193084625820145,0.8396312512105741,0.3908190634151525,0.0612852541292503,0.016814214820430037,0.140577490107471,0.08419904375437573,0.5746482994590938,0.5456600756042861,0.45057945335302824,0.4155911545738916,0.5746482994590938,0.5456600756042862,0.45057945335302824,0.4155911545738916,0.45945944407408296,0.43890074854832123,0.45945944407408296,0.4396101918454583,0.4594594440740831,0.4594594440740831,0.26876959117560456,0.39629839172921855,0.43093108723323464,0.49142364732542465,0.5793854773210052,0.4708521584617051,0.41950857800746466,0.0,HOLD,0.0,0.5
0.4242311502149463,0.43408591851531664,0.4592855392790989,0.4359539080931569,0.008815713794340214,0.0,0.0,PPM,2024-06-04 00:00:00+10:00,Financial Services,0.4706444291286667,0.5073362681055488,0.4021902855823447,0.3640206025318134,0.45070772689593586,0.6050372464402987,0.4462176281816521,0.5588790200575311,0.4148305033206954,0.5543257700897948,0.5536553768859482,0.5598285901673067,0.4532452828430267,0.5516530917410036,0.13639303509764078,0.657596224490855,0.14347180449355948,0.1434718044935595,0.1697003248448976,0.1697003248448976,0.3410926556665445,0.34109265566654445,0.35313702289269316,0.3531370228926932,0.4516129845847569,0.471297996266269,0.451894400899976,0.5775998861226694,0.5663802192031989,0.540571971741809,0.3764900863467677,0.5591865350744334,0.3356819078182938,0.34735511868456204,0.5789649995526328,0.4251686711905913,0.4089291674353328,0.8423936753448766,0.38481026343898606,0.04765824047278806,0.015920569897709916,0.1324151313706505,0.0654210738879828,0.5228683939842965,0.5408715705169488,0.4856326423903839,0.4180365894819871,0.5228683939842963,0.5408715705169488,0.4856326423903839,0.4180365894819872,0.3636367550227819,0.3887143885580453,0.4324332133562603,0.4124946345743766,0.36363675502278203,0.4324332133562604,0.20891456733459618,0.3606880090282437,0.4025039140429944,0.4805689367590708,0.46776018945999076,0.4025622088853527,0.42655552901670035,-0.024054999129477173,HOLD,0.0,0.5
0.41943357556287575,0.4197224410932828,0.4592855492811565,0.4311668074392816,0.00499571592927583,0.0,0.0,PPM,2024-06-05 00:00:00+10:00,Financial Services,0.47060400560345733,0.5072957860638415,0.4021902855823447,0.3640206025318134,0.44056131324791203,0.617244923858971,0.4429534683251015,0.5554443015048738,0.4104332003881699,0.5527639223966976,0.5468859778612742,0.5588753895180422,0.45673859358631574,0.5448673215639177,0.13633706747246488,0.6529641829033611,0.14204316404794867,0.14204316404794864,0.14894686543202984,0.14894686543202984,0.2807640627095193,0.28076406270951926,0.35297975855827407,0.352979758558274,0.37931056175251543,0.4945634251050921,0.4965371006071464,0.5749819421409614,0.5669093243062898,0.5317861871363767,0.3757414303353461,0.5546172902593596,0.3278253792234376,0.33633746000174747,0.5822491765446504,0.4091697284251493,0.39895102317830733,0.8448320652958785,0.37832100652338757,0.0429318699656622,0.01767725704891053,0.08568868370667015,0.03800148591751615,0.5417004353936359,0.5126251238419459,0.4209855750003224,0.42051147638443886,0.5417004353936357,0.5126251238419459,0.4209855750003224,0.42051147638443886,0.18518681466562026,0.33307412173332246,0.4054062782617085,0.4305719083172321,0.18518681466562037,0.4054062782617086,0.15450106421424065,0.33398038234439853,0.355071247815493,0.4548798162311636,0.4845247153362846,0.4158022094818595,0.536957761494728,-0.020689681823157335,HOLD,0.0,0.5
0.4098384162982758,0.40535896353508527,0.42521121685222196,0.4263797067854065,0.01753620745560278,0.0,0.0,PPM,2024-06-06 00:00:00+10:00,Financial Services,0.4705636086206448,0.5072553301217556,0.4179750529467634,0.37778371473226885,0.43548810642390023,0.6172022463623814,0.4407773617540678,0.5503362875823201,0.41189897567252043,0.5451378094722688,0.541083634039881,0.5573415602163291,0.4597188057581816,0.538378331051957,0.13618010889890386,0.6484042499608232,0.11480781491595246,0.11480781491595245,0.14425389583714848,0.14425389583714848,0.13791542184593236,0.13791542184593233,0.3481289772925909,0.34812897729259085,0.17391284641211271,0.4453623042252754,0.3931704186065179,0.5719666596387067,0.5666120194543929,0.5238451211295411,0.3765231124735371,0.5504723457668748,0.31523972394050737,0.33414310425952465,0.5864560374248412,0.3633753697738088,0.39203938423716544,0.8442536464909238,0.3723480050825536,0.03585880037326698,0.019070874452331257,0.31139264875210926,0.12357628429699091,0.5743054099584444,0.5218477981403218,0.5087751962664622,0.43792518035007183,0.5743054099584444,0.5218477981403217,0.5087751962664622,0.4379251803500719,0.2333339831773512,0.2573560741145702,0.3783793431671567,0.40345658660828443,0.23333398317735143,0.3783793431671568,0.15994241202679021,0.307272898849127,0.27215734552626414,0.38033278102745016,0.41962674603316585,0.3715582771961253,0.5348529925203155,-0.0034602871828243176,HOLD,0.0,0.5
0.40024313268977774,0.40535896353508527,0.43494671012192954,0.4263797067854065,0.0014635501506900367,0.0,0.0,PPM,2024-06-07 00:00:00+10:00,Financial Services,0.4823191664152124,0.5190077938955185,0.44954496401413946,0.40559900936318627,0.436502774232314,0.6147285891231533,0.43805722854027573,0.5544886836182374,0.4101400544995104,0.54695032539488,0.5352812902184878,0.560800286359345,0.4627840945972972,0.5367163431969937,0.13747547724542586,0.6474764012705568,0.05510891206322808,0.05510891206322807,0.14277558254915246,0.1427755825491525,0.07858035794299079,0.07858035794299076,0.3481289772925909,0.34812897729259085,0.2105263157894737,0.45720824931691484,0.5460870385387209,0.5699905415007331,0.5659019250085697,0.5198785795934434,0.3763072737323301,0.5463145847916031,0.3397671461811249,0.3329871634450541,0.5848318628381081,0.3738113159057388,0.3846234923256009,0.844495175706798,0.37653567992105724,0.020060772295182955,0.017774306902934897,0.05406268758684821,0.01349877579569853,0.6152033186895538,0.5171727381883401,0.45889724766206874,0.43792518035007183,0.6152033186895539,0.5171727381883402,0.45889724766206874,0.4379251803500719,0.2333339831773512,0.21372422724371504,0.3783793431671567,0.38537954842756333,0.23333398317735143,0.3783793431671568,0.15450118732729473,0.22269866840918384,0.30661488565846495,0.3945381402871505,0.40825452692051367,0.40947414309575886,0.529446477446785,0.0,HOLD,0.0,0.5
0.40983836894132253,0.4005710870854423,0.4154756768677035,0.3832955513774299,0.007866352362269506,0.0,0.0,PPM,2024-06-11 00:00:00+10:00,Financial Services,0.376152442483881,0.41136720878279315,0.2759117746565612,0.253915376789693,0.42432705141107396,0.532009733920642,0.42880874725650764,0.49225953335378825,0.4075016574596442,0.49453808075453165,0.5281895268576777,0.519918375358717,0.465485160458472,0.49157835241869074,0.13862108932805173,0.6046557047731155,0.12431421136811577,0.12431421136811575,0.1788007344820366,0.1788007344820366,0.100760610757406,0.10076061075740597,0.3594532418974931,0.35945324189749295,0.18181775104188633,0.367315696556602,0.36855416648701766,0.5570060692282788,0.5622308343841147,0.49142603499546494,0.3806590715548228,0.5278151939162579,0.16801180693109952,0.3382001513510622,0.5761180799138524,0.15653118782395553,0.37848340759877264,0.8400360971436733,0.28448472595781993,0.017267562331244875,0.014650365374585458,0.22811122773647852,0.05936959957883086,0.5261980064046896,0.46110919290314295,0.4446967256219625,0.4102241539925374,0.5261980064046895,0.4611091929031429,0.44469672562196244,0.4102241539925374,0.0,0.15171447391646747,0.1351355185627323,0.29499388639968904,1.1102230246251565e-16,0.13513551856273254,0.1599427247976722,0.20044237866393322,0.23881191505398602,0.31333100791207286,0.3891300815022377,0.3779896240269169,0.5242562229761959,0.06428580204534184,BUY,0.0,0.0
0.37145751313704634,0.40057101950602736,0.4154756100688106,0.4215924813699816,0.02860061986636105,0.0,0.0,PPM,2024-06-12 00:00:00+10:00,Financial Services,0.5797226843888215,0.6148548709472652,0.528468790319244,0.47727169829541405,0.42128310087305576,0.6396536228406275,0.4201042926154983,0.5737116778900362,0.4083811180461492,0.5426431576810895,0.521742471166291,0.5639073699584191,0.46897315062328104,0.5285260557369762,0.14011253351333552,0.640928254876053,0.23178077013070555,0.23178077013070553,0.19725574458429307,0.19725574458429307,0.12651037421833988,0.12651037421833985,0.3694916783644057,0.36949167836440555,0.5,0.4034392916513463,0.49387122984164333,0.5579187159174155,0.5595120651981503,0.5005769985785344,0.3568440523341747,0.5343485877118801,0.41434027426650066,0.3372679743716547,0.57829479721172,0.36651368198932743,0.36823171221952444,0.8435757910740234,0.3764727987462808,0.032172442803378526,0.024776619603268837,0.5381569435108174,0.19090785784567998,0.5876805525650676,0.46752968108194104,0.49946938157430604,0.4255514762301681,0.5876805525650675,0.4675296810819411,0.49946938157430604,0.4255514762301681,0.2500003965213784,0.15729521778410815,0.35135170369587576,0.2859551317471942,0.2500003965213785,0.351351703695876,0.14906014378098925,0.18263729130599315,0.31982344140651364,0.37989569777387955,0.44060592098169327,0.48031435956510177,0.5162331836615742,0.020833361612358825,HOLD,0.0,0.5
0.40504060262781416,0.40057101950602736,0.4203433562982586,0.4215924813699816,0.0043993372010526334,0.0,0.0,PPM,2024-06-13 00:00:00+10:00,Financial Services,0.4823191664152124,0.5190077938955185,0.4179754279706514,0.3778320002084049,0.41925379169983956,0.6446908356039018,0.41357595872396,0.5839297740565523,0.4072085039308091,0.5438518623027264,0.5154565955426871,0.567702503510921,0.47297157792704647,0.5263817455432813,0.14133991701555493,0.6400557577862312,0.23169104149268596,0.23169104149268593,0.19428667637269897,0.19428667637269892,0.10310938075070641,0.10310938075070639,0.3695542292096567,0.3695542292096565,0.40000026061959704,0.4302404152729687,0.530112238899853,0.5591801257068433,0.5576385001895335,0.5086986603773317,0.3369007156986288,0.5410348457594578,0.44547037455582233,0.3370706208785639,0.5766939809332173,0.3738407544645509,0.3577024602322254,0.8478950732132231,0.37905916601321316,0.031723163255225395,0.011639199014176996,0.09495738492835339,0.035664221590491395,0.5944959527644412,0.48513179246273824,0.46762592571140305,0.42852284832775217,0.594495952764441,0.48513179246273824,0.467625925711403,0.4285228483277522,0.2500003965213784,0.16287596165174886,0.35135170369587576,0.2769163770946994,0.2500003965213785,0.351351703695876,0.1545016261637026,0.19153985815633923,0.3460481649248406,0.38773921266421574,0.48764526782244544,0.5087880571510321,0.5061776360307441,0.006944514199373808,HOLD,0.0,0.5
0.38105273803842765,0.37663181796447887,0.41547566696378846,0.3880826520313052,0.021895619021908817,0.0,0.0,PPM,2024-06-14 00:00:00+10:00,Financial Services,0.3994584968857691,0.43529026686580063,0.3864055188736361,0.349964657265604,0.41113660789419804,0.576582146399808,0.40650358401122566,0.534783950977894,0.40486326041977816,0.5033229998367132,0.5078813045802364,0.5369020028428374,0.4764409586426699,0.4906985711492393,0.1425535130309139,0.6065946147327802,0.26359463892954715,0.26359463892954715,0.20303058040447508,0.20303058040447508,0.12109839952060242,0.12109839952060233,0.37545932910323093,0.37545932910323077,0.3076920763734633,0.36069221639120813,0.4016003051393022,0.5514876226442682,0.5543013021635353,0.4946344464473572,0.33317864476504,0.5329363369427611,0.18782115840232155,0.340258696638827,0.5702547783945288,0.21808405118554253,0.34643877073794105,0.8507825443221135,0.2921156404849202,0.03500730865819579,0.016590514521479457,0.3921600071005294,0.15653313691850837,0.5529867796629717,0.4792543594067172,0.4492451344760633,0.4019357868413065,0.5529867796629716,0.4792543594067172,0.4492451344760632,0.4019357868413065,0.0312503229918021,0.17334012360419382,0.06060567266937363,0.2519916332215197,0.03125032299180219,0.06060567266937378,0.18714981844016304,0.15147824688881095,0.30228106586174347,0.3151645364541411,0.38394869695567413,0.3815785386801221,0.4969265322103805,0.021352249795538958,HOLD,0.0,0.5
0.40504060262781416,0.40057101950602736,0.4349465949866027,0.4215924813699816,0.0006558495481804685,0.0,0.0,PPM,2024-06-17 00:00:00+10:00,Financial Services,0.567243982296102,0.6027253209252368,0.4179754279706514,0.3778320002084049,0.4101219400857843,0.6675331718209483,0.40650358401122566,0.595095622726314,0.40369064630443807,0.5474879538153288,0.5014342488888497,0.5762406811954351,0.4802692394712986,0.5224850328660158,0.1439129255073115,0.6382303848713843,0.31207685068315844,0.31207685068315844,0.22427968934448744,0.2242796893444875,0.14116493804962443,0.14116493804962435,0.38533068543291965,0.3853306854329196,0.46874972003795273,0.4037641132762778,0.4938712357328574,0.5552931800571917,0.5525409917161226,0.5097869361666879,0.33317864476504,0.5329363369427611,0.5080967615707807,0.3397561293447322,0.5689297656000584,0.399509376251513,0.3328578717258084,0.85973573919314,0.3845107729741288,0.034398830614688666,0.014651907072028264,0.024190745751886206,0.008158389746674766,0.601358518218504,0.5408715705169488,0.46762592571140305,0.4255514762301681,0.601358518218504,0.5408715705169488,0.467625925711403,0.4255514762301681,0.2500003965213784,0.17334012360419382,0.2500003965213784,0.2180970861141654,0.2500003965213785,0.2500003965213785,0.19259123789676252,0.12477062605270961,0.3990434257857945,0.41806871029832476,0.36581077328911726,0.4114459336379546,0.488415516695646,0.010416726052620007,HOLD,0.0,0.5
0.3954454426429621,0.3909952562281892,0.4203433647425827,0.41201815530068164,0.0023029907975588232,0.0,0.0,PPM,2024-06-18 00:00:00+10:00,Financial Services,0.458644469048737,0.4952977356559496,0.41797505172959076,0.37792859061558315,0.41620978827459854,0.6271043953399014,0.40323940997623775,0.5830151182738306,0.40222486337991215,0.5367165426178988,0.4953095407313195,0.5698335661604362,0.48392205553276346,0.5109051767976622,0.14464125850247522,0.6284106120490366,0.2455751405785073,0.24557514057850732,0.2146910955522236,0.2146910955522236,0.14232058337619452,0.1423205833761945,0.38432316445860454,0.3843231644586045,0.4545448801784214,0.31075863838307,0.4496714850138076,0.5562187871201956,0.5513539439278492,0.5152954813965755,0.3271451210143741,0.5329009362653363,0.4403632590186613,0.33970097031170376,0.5667556452849768,0.35852969746911045,0.3209811157251592,0.866574387722385,0.3547571627799495,0.030207694258345807,0.013417624099321082,0.05800640624543283,0.02007855264933027,0.6510629463172662,0.5122380604608284,0.4630466649016019,0.43071599788571485,0.6510629463172661,0.5122380604608284,0.46304666490160196,0.4307159978857149,0.23076906761977134,0.16690051847627424,0.1874997937732103,0.16330069093850239,0.23076906761977156,0.18749979377321058,0.14906045383147254,0.12477061918146648,0.37042415468352796,0.385297610539865,0.25149595369190203,0.38966054196787653,0.48058538242209037,0.010489662153271295,HOLD,0.0,0.5
0.3954454716178364,0.4005710572389555,0.4154756473659347,0.39765685333905565,0.13041934111343073,0.0,0.0,PPM,2024-06-19 00:00:00+10:00,Financial Services,0.44655924785522344,0.48313046335167575,0.3706207526188594,0.33620462636427406,0.41113655500697543,0.6018389558638,0.39888716847729566,0.5639432801363424,0.3998796198688812,0.5206747407963901,0.4887013049721496,0.558590506956676,0.48739675225395995,0.49463846957691726,0.14539668880900591,0.6139295450416776,0.19233191373791875,0.19233191373791875,0.2182211834502799,0.2182211834502799,0.145526161274959,0.1455261612749589,0.3851312888759509,0.38513128887595083,0.41666630469563304,0.3173576936464456,0.4338458125446131,0.5535614016190005,0.5497692465990917,0.5114744223331977,0.32210433381151904,0.5302766769945426,0.3272957856750732,0.3403802483726399,0.5625834933971093,0.30342510682523915,0.3080178509761551,0.8741950060700334,0.30095952478129395,0.10691242383799254,0.07109368170762108,0.9474790847878787,0.6389138063593787,0.5735976551325719,0.5025622818042051,0.4494952196795886,0.4204700759391261,0.5735976551325719,0.5025622818042053,0.44949521967958866,0.4204700759391261,0.12500012253636458,0.1982926127500167,0.09375011130436539,0.17438506437165752,0.12500012253636483,0.0937501113043655,0.1599432934096891,0.1336732936188062,0.3629080100815622,0.3887587911176713,0.1348859817654807,0.1806257385068274,0.47338165889041905,0.02120153513178602,HOLD,0.0,0.5
0.3762551999757915,0.4101467827838655,0.42034346042488235,0.4311668074392816,0.013741434573160719,0.0,0.0,PPM,2024-06-20 00:00:00+10:00,Financial Services,0.5666441226393828,0.6021411545136728,0.5442535671836051,0.4909746362380736,0.4131658641801914,0.6851087683401675,0.39888716847729566,0.6245502039432747,0.39812069869587097,0.5655963766639942,0.48547778342731096,0.5962897539124955,0.49140049784975215,0.5261931414482737,0.1465950041868611,0.6456272890352287,0.24498376451948176,0.24498376451948178,0.2519886691923629,0.2519886691923629,0.1572639299050172,0.1572639299050171,0.3716396708108503,0.37163967081085014,0.6470589137090235,0.44447363015295815,0.4946905367460509,0.5612882531998131,0.5503480433267373,0.5322636795336961,0.32210433381151904,0.5302766769945426,0.6827641821498367,0.33754171158604707,0.5624797803026248,0.47317676968691974,0.3028912929228693,0.8759660209650468,0.42743586511070175,0.11395025581876791,0.07260454520156691,0.097978235598604,0.06824555622169616,0.6221375357091327,0.5408715705169488,0.45898756967116733,0.4891071687395362,0.6221375357091324,0.5408715705169488,0.45898756967116733,0.48910716873953614,0.5000016998581391,0.2820054795618078,0.3125009992695465,0.19528691243996618,0.5000016998581392,0.31250099926954655,0.15450206981499975,0.1381246849274066,0.46468939428193623,0.4513646368730069,0.1990396496172528,0.21350940830742704,0.4667542332412814,-0.0034482653257285056,HOLD,0.0,0.5
